5.53636e-005 -11 5 1
5.29902e-005 -10 6 0
8.87463e-005 -10 6 1
8.08015e-005 -11 5 2
9.67724e-005 -10 6 2
8.47044e-005 -10 6 3
8.27154e-005 -11 5 3
6.15189e-005 -11 5 4
6.3777e-005 -10 6 4
3.55778e-005 -10 6 5
2.62156e-005 -12 5 0
2.46098e-005 -11 6 -1
9.47763e-005 -12 5 1
0.000345039 -11 6 1
0.000235378 -10 7 0
0.000102145 -10 7 -1
3.22379e-005 -9 8 0
0.000137615 -12 5 2
0.000323151 -10 7 1
0.000450512 -11 6 2
4.56655e-005 -9 8 -1
0.00034237 -10 7 2
0.00014051 -12 5 3
0.000463634 -11 6 3
0.000154057 -11 6 0
2.58629e-005 -9 8 -2
0.000102869 -12 5 4
0.00030649 -10 7 3
0.000396454 -11 6 4
3.17947e-005 -12 5 5
0.000236508 -11 6 5
0.000247019 -10 7 4
7.98019e-005 -11 6 6
0.000160834 -10 7 5
8.59107e-005 -10 7 6
2.69411e-005 -10 7 7
2.57587e-005 -13 5 0
2.05184e-005 -12 6 -1
9.73516e-005 -13 5 1
0.000207944 -12 6 0
0.0005422 -12 6 1
0.000167501 -11 7 -1
0.000140389 -13 5 2
0.000594278 -10 8 0
0.00118613 -11 7 1
0.00074505 -12 6 2
6.0775e-005 -9 9 0
0.000300005 -10 8 -1
0.000797387 -10 8 1
0.000141977 -13 5 3
0.000652664 -11 7 0
0.000771485 -12 6 3
6.96589e-005 -10 8 -2
6.92669e-005 -9 9 -1
9.6943e-005 -13 5 4
0.000852773 -10 8 2
0.00149054 -11 7 3
4.31467e-005 -9 9 1
0.0014561 -11 7 2
4.64092e-005 -9 9 -2
2.97205e-005 -9 9 2
2.30062e-005 -13 5 5
0.00132761 -11 7 4
0.000794697 -10 8 3
0.000373244 -12 6 5
0.000662939 -12 6 4
0.00064924 -10 8 4
0.000112676 -12 6 6
0.000903793 -11 7 5
0.000434263 -10 8 5
0.000441909 -11 7 6
0.000245727 -10 8 6
0.000112923 -11 7 7
0.000102552 -10 8 7
2.10437e-005 -10 8 8
4.81101e-005 -14 5 1
0.000207688 -13 6 0
0.000570758 -13 6 1
0.000172047 -12 7 -1
6.5342e-005 -14 5 2
0.00172284 -11 8 0
0.00189637 -12 7 1
0.000782906 -13 6 2
0.000643244 -11 8 -1
6.10361e-005 -14 5 3
0.00276147 -11 8 1
0.00111236 -10 9 0
0.000944926 -12 7 0
0.000807463 -13 6 3
6.02361e-005 -11 8 -2
0.000117952 -9 10 0
0.000597617 -10 9 -1
2.39805e-005 -14 5 4
0.00323856 -11 8 2
0.00150096 -10 9 1
0.00239581 -12 7 2
0.000674656 -13 6 4
0.000175497 -10 9 -2
0.000134112 -9 10 1
9.08585e-005 -9 10 -1
0.00329757 -11 8 3
0.00162528 -10 9 2
0.00221559 -12 7 4
0.000356429 -13 6 5
0.000133236 -9 10 2
0.00161516 -10 9 3
0.00144574 -12 7 5
0.00298373 -11 8 4
8.41488e-005 -13 6 6
0.000116739 -9 10 3
5.59569e-005 -9 10 -2
0.00245984 -12 7 3
0.00212267 -11 8 5
0.000638748 -12 7 6
7.17611e-005 -9 10 4
0.00093118 -10 9 5
0.00116743 -11 8 6
3.68964e-005 -9 10 5
0.0005278 -10 9 6
0.000429737 -11 8 7
0.000139653 -12 7 7
0.000232587 -10 9 7
7.29612e-005 -11 8 8
6.02158e-005 -10 9 8
0.000139504 -14 6 0
0.000382573 -14 6 1
0.000995224 -13 7 0
0.000159203 -13 7 -1
0.00203167 -13 7 1
0.000500876 -14 6 2
0.00314798 -11 9 0
0.000860631 -12 8 -1
0.00434881 -12 8 1
0.00262005 -12 8 0
0.00050119 -14 6 3
5.31678e-005 -12 8 -2
0.00158113 -10 10 0
0.00146997 -11 9 -1
0.00514492 -12 8 2
0.00462315 -11 9 1
0.000356633 -14 6 4
0.000280285 -11 9 -2
0.000165282 -9 11 0
0.000870359 -10 10 -1
0.00528206 -11 9 2
0.00524042 -12 8 3
0.00216992 -10 10 1
0.00231355 -13 7 4
0.00261401 -13 7 3
0.000290994 -10 10 -2
9.98439e-005 -9 11 -1
0.000224915 -9 11 1
0.00536872 -11 9 3
0.00242113 -10 10 2
0.00145127 -13 7 5
0.00481651 -12 8 4
2.38249e-005 -10 10 -3
4.91317e-005 -9 11 -2
0.000250463 -9 11 2
0.00495569 -11 9 4
0.00336171 -12 8 5
0.000574311 -13 7 6
0.000245985 -9 11 3
0.00357281 -11 9 5
0.00214209 -10 10 4
9.25544e-005 -13 7 7
0.000194384 -9 11 4
0.00149354 -10 10 5
0.000568996 -12 8 7
0.00200589 -11 9 6
0.00172965 -12 8 6
0.00244548 -10 10 3
0.000821143 -10 10 6
0.000792086 -11 9 7
8.8485e-005 -12 8 8
7.04779e-005 -9 11 6
0.000332146 -10 10 7
0.000175821 -11 9 8
3.03775e-005 -9 11 7
7.78028e-005 -10 10 8
0.000111909 -14 7 -1
0.000106794 -15 6 1
0.000740682 -14 7 0
0.00150102 -14 7 1
0.000116006 -15 6 2
0.00472428 -12 9 0
0.000907258 -13 8 -1
0.00466252 -13 8 1
0.00181403 -14 7 2
0.000101096 -15 6 3
5.03351e-005 -13 8 -2
0.00410318 -11 10 0
0.00692487 -12 9 1
0.00217898 -12 9 -1
0.00547375 -13 8 2
4.61992e-005 -15 6 4
0.000378718 -12 9 -2
0.00173837 -10 11 0
0.00570466 -11 10 1
0.00219531 -11 10 -1
0.00182508 -14 7 3
0.00556121 -13 8 3
0.00145847 -14 7 4
2.1382e-005 -12 9 -3
0.000131254 -9 12 0
0.000639597 -11 10 -2
0.00242499 -10 11 1
0.00641195 -11 10 2
0.0080267 -12 9 3
0.00505722 -13 8 4
0.000747452 -14 7 5
3.66485e-005 -11 10 -3
0.00033159 -10 11 -2
0.000223916 -9 12 1
5.62765e-005 -9 12 -1
0.00274929 -10 11 2
0.00749545 -12 9 4
0.00651224 -11 10 3
0.000185597 -14 7 6
0.00344901 -13 8 5
3.17518e-005 -10 11 -3
0.000294569 -9 12 2
0.00279594 -10 11 3
0.00602667 -11 10 4
0.00169136 -13 8 6
0.00533192 -12 9 5
0.000312959 -9 12 3
0.00424313 -11 10 5
0.000480986 -13 8 7
0.00283163 -12 9 6
0.000287858 -9 12 4
0.00175422 -10 11 5
0.00227308 -11 10 6
0.00252661 -10 11 4
0.000955674 -10 11 -1
5.79506e-005 -13 8 8
0.000217661 -9 12 5
0.000937618 -10 11 6
0.000207408 -12 9 8
0.000842884 -11 10 7
0.000127361 -9 12 6
0.000179735 -11 10 8
5.18839e-005 -9 12 7
0.000355934 -10 11 7
7.80662e-005 -10 11 8
2.12002e-005 -11 10 9
5.95426e-005 -15 7 -1
0.000299994 -15 7 0
0.00052452 -15 7 1
0.000708334 -14 8 -1
0.00504919 -13 9 0
0.00357658 -14 8 1
0.00057436 -15 7 2
3.79803e-005 -14 8 -2
0.00235911 -13 9 -1
0.00732888 -13 9 1
0.00583154 -12 10 0
0.000539737 -15 7 3
0.000423489 -13 9 -2
0.00324472 -12 10 -1
0.00788064 -12 10 1
0.00829829 -13 9 2
0.00405371 -14 8 3
0.000329666 -15 7 4
2.21463e-005 -13 9 -3
0.00101288 -12 10 -2
0.00125815 -10 12 0
0.00238424 -11 11 -1
0.00422557 -11 11 0
0.00869395 -12 10 2
0.00842143 -13 9 3
0.00344701 -14 8 4
9.91669e-005 -15 7 5
5.73024e-005 -12 10 -3
3.90635e-005 -9 13 0
0.000820055 -11 11 -2
0.00192678 -10 12 1
0.000622749 -10 12 -1
0.00643122 -11 11 2
0.00781441 -13 9 4
0.00209078 -14 8 5
0.00880111 -12 10 3
6.71689e-005 -11 11 -3
9.3964e-005 -9 13 1
0.000186275 -10 12 -2
0.00652731 -11 11 3
0.00544371 -13 9 5
0.00806063 -12 10 4
2.47175e-005 -10 12 -3
0.000161687 -9 13 2
0.000806092 -14 8 6
0.00245749 -10 12 3
0.00550631 -12 10 5
0.00013882 -14 8 7
0.00276569 -13 9 6
0.00233523 -10 12 4
0.00406467 -11 11 5
0.000210274 -9 13 3
0.000879473 -13 9 7
0.000220619 -9 13 4
0.00207117 -11 11 6
0.0016404 -10 12 5
0.00281698 -12 10 6
0.000208125 -9 13 5
0.000839377 -10 12 6
0.00071231 -11 11 7
0.00020005 -12 10 8
0.000286423 -10 12 7
0.000145374 -11 11 8
2.05934e-005 -12 10 9
4.80312e-005 -9 13 7
5.70599e-005 -10 12 8
0.000131629 -9 13 6
5.40831e-005 -16 7 0
0.000335378 -15 8 -1
6.93657e-005 -16 7 1
0.00134339 -15 8 1
6.91433e-005 -16 7 2
2.48188e-005 -15 8 -2
0.00610576 -13 10 0
0.00195676 -14 9 -1
0.00551579 -14 9 1
0.00397285 -14 9 0
0.000921844 -15 8 0
5.1968e-005 -16 7 3
0.000378325 -14 9 -2
0.00574888 -12 11 0
0.00811355 -13 10 1
0.00604365 -14 9 2
0.00347858 -13 10 -1
2.17641e-005 -14 9 -3
0.00115994 -13 10 -2
0.00302001 -11 12 0
0.00752255 -12 11 1
0.00344512 -12 11 -1
0.00138775 -15 8 3
0.00142894 -15 8 2
0.00609148 -14 9 3
0.000996518 -15 8 4
7.53942e-005 -13 10 -3
0.00132321 -12 11 -2
0.000463086 -10 13 0
0.00432582 -11 12 1
0.00165227 -11 12 -1
0.00894239 -13 10 3
0.00534622 -14 9 4
0.00045939 -15 8 5
0.00013792 -12 11 -3
0.000588458 -11 12 -2
0.000168266 -10 13 -1
0.00822713 -12 11 2
0.00885271 -13 10 2
0.00506083 -11 12 2
0.00832088 -12 11 3
0.00333939 -14 9 5
9.45933e-005 -15 8 6
0.00808466 -13 10 4
6.04796e-005 -11 12 -3
3.14237e-005 -10 13 -2
0.00122825 -10 13 2
0.00744337 -12 11 4
0.00520122 -11 12 3
0.00139158 -14 9 6
2.10828e-005 -9 14 2
0.0013889 -10 13 3
0.00481919 -11 12 4
0.00264524 -13 10 6
0.00490715 -12 11 5
0.00540161 -13 10 5
4.42427e-005 -9 14 3
0.00139645 -10 13 4
0.002401 -12 11 6
0.00316431 -11 12 5
0.000815571 -13 10 7
3.08629e-005 -14 9 8
0.00107635 -10 13 5
0.0014788 -11 12 6
0.000779615 -12 11 7
0.00013157 -13 10 8
0.000536765 -10 13 6
0.000444579 -11 12 7
0.000153312 -12 11 8
5.73168e-005 -9 14 6
8.55499e-005 -11 12 8
2.50337e-005 -10 13 8
0.000158551 -10 13 7
8.40105e-005 -16 8 -1
0.00022295 -16 8 1
0.00160499 -15 9 0
0.00450807 -14 10 0
0.00205429 -15 9 1
0.000222117 -16 8 2
0.000873189 -15 9 -1
0.000173034 -16 8 0
0.000213848 -15 9 -2
0.00590651 -13 11 0
0.0056435 -14 10 1
0.00214707 -15 9 2
0.000187141 -16 8 3
0.00105838 -14 10 -2
0.00408516 -12 12 0
0.007586 -13 11 1
0.00595475 -14 10 2
0.00212054 -15 9 3
0.00364304 -13 11 -1
0.00277529 -14 10 -1
9.35746e-005 -14 10 -3
0.0014983 -13 11 -2
0.00123672 -11 13 0
0.00243966 -12 12 -1
0.00821477 -13 11 2
0.00549935 -12 12 1
0.00160806 -15 9 4
0.00597521 -14 10 3
3.23742e-005 -10 14 0
0.000203785 -13 11 -3
0.00102267 -12 12 -2
0.000572198 -11 13 -1
0.00202244 -11 13 1
2.44892e-005 -16 8 5
0.000103407 -16 8 4
0.0082941 -13 11 3
0.00509549 -14 10 4
0.00080496 -15 9 5
0.000156108 -12 12 -3
0.000112171 -10 14 1
0.000152099 -11 13 -2
0.00262648 -11 13 2
0.00726968 -13 11 4
0.0030989 -14 10 5
0.00629233 -12 12 3
2.09143e-005 -11 13 -3
0.000228441 -10 14 2
0.000219908 -15 9 6
0.00559721 -12 12 4
0.00460212 -13 11 5
2.6414e-005 -15 9 7
0.00125788 -14 10 6
0.000332686 -10 14 3
0.00269705 -11 13 4
0.00207267 -13 11 6
0.00027039 -14 10 7
0.00178179 -11 13 5
0.000369224 -10 14 4
0.00158586 -12 12 6
0.00352032 -12 12 5
0.00279838 -11 13 3
0.00617664 -12 12 2
0.000566045 -13 11 7
0.000346204 -10 14 5
0.000765714 -11 13 6
0.000451608 -12 12 7
8.97288e-005 -13 11 8
0.00018176 -10 14 6
8.48227e-005 -12 12 8
4.34773e-005 -10 14 7
3.16118e-005 -11 13 8
0.00017898 -16 9 -1
0.000297129 -16 9 0
0.000349544 -16 9 1
6.67845e-005 -16 9 -2
0.00407517 -14 11 0
0.00113173 -15 10 -1
0.00166234 -15 10 0
0.00035685 -16 9 2
0.00193045 -15 10 1
0.000527523 -15 10 -2
0.0041791 -13 12 0
0.00490896 -14 11 1
0.00198302 -15 10 2
0.00032809 -16 9 3
0.00276328 -14 11 -1
8.63945e-005 -15 10 -3
0.00131978 -14 11 -2
0.00179884 -12 13 0
0.0054793 -13 12 1
0.00514626 -14 11 2
0.00195673 -15 10 3
0.000195736 -16 9 4
0.00024103 -14 11 -3
0.000154093 -11 14 0
0.00117136 -13 12 -2
0.000950064 -12 13 -1
0.00603797 -13 12 2
0.0051439 -14 11 3
0.00145663 -15 10 4
6.51001e-005 -16 9 5
0.00267469 -12 13 1
0.000238819 -13 12 -3
0.000340544 -12 13 -2
0.000348336 -11 14 1
0.00321732 -12 13 2
0.00611736 -13 12 3
0.000713151 -15 10 5
3.81822e-005 -12 13 -3
0.000567571 -11 14 2
0.00413035 -14 11 4
0.00517862 -13 12 4
0.00229838 -14 11 5
0.0001906 -15 10 6
0.000708129 -11 14 3
0.00306811 -12 13 4
0.000832394 -14 11 6
0.00300619 -13 12 5
0.000730644 -11 14 4
0.00189376 -12 13 5
0.00118045 -13 12 6
0.000164706 -14 11 7
2.38186e-005 -15 10 7
0.00333846 -12 13 3
3.82543e-005 -11 14 -1
0.00258664 -13 12 -1
0.000765463 -12 13 6
0.000539643 -11 14 5
0.000196492 -11 13 7
0.000279019 -13 12 7
0.000220392 -11 14 6
0.000183489 -12 13 7
4.09351e-005 -13 12 8
4.64511e-005 -11 14 7
2.81506e-005 -12 13 8
3.07846e-005 -17 9 0
3.3876e-005 -17 9 1
0.000209996 -16 10 -1
0.00136524 -15 11 0
0.000317946 -16 10 1
0.00011798 -16 10 -2
0.00103398 -15 11 -1
0.00280888 -14 12 0
0.00152014 -15 11 1
0.00032312 -16 10 2
3.18895e-005 -16 10 -3
0.000603421 -15 11 -2
0.00188771 -13 13 0
0.00337253 -14 12 1
0.0015483 -15 11 2
0.000297594 -16 10 3
0.0019476 -14 12 -1
0.000192734 -15 11 -3
0.000294212 -12 14 0
0.00103333 -14 12 -2
0.00104819 -13 13 -1
0.00352564 -14 12 2
0.00149106 -15 11 3
0.000174847 -16 10 4
0.000108578 -12 14 -1
0.0002746 -14 12 -3
0.000546972 -12 14 1
0.000425541 -13 13 -2
0.00348714 -14 12 3
0.00101394 -15 11 4
5.70536e-005 -16 10 5
7.27483e-005 -13 13 -3
0.000782768 -12 14 2
0.00322117 -13 13 3
0.000456752 -15 11 5
0.00256678 -14 12 4
0.000875056 -12 14 3
0.00125864 -14 12 5
0.000111402 -15 11 6
0.000863927 -12 14 4
0.00141851 -13 13 5
0.000456894 -13 13 6
0.000553795 -12 14 5
6.48023e-005 -14 12 7
0.000375613 -14 12 6
0.00270164 -13 13 4
0.00314216 -13 13 2
0.00270081 -13 13 1
3.32992e-005 -17 9 2
0.00028652 -16 10 0
8.99197e-005 -13 13 7
3.31556e-005 -12 14 7
2.15322e-005 -17 10 -1
3.04306e-005 -17 10 1
0.00088365 -15 12 0
0.000174523 -16 11 -1
0.000219778 -16 11 0
0.000113778 -16 11 -2
0.000697609 -15 12 -1
2.99921e-005 -17 10 2
0.000958671 -15 12 1
0.000241842 -16 11 2
0.00134804 -14 13 0
5.21238e-005 -16 11 -3
0.000448196 -15 12 -2
0.000338559 -13 14 0
0.00169992 -14 13 1
0.000969414 -15 12 2
0.000213812 -16 11 3
0.000192938 -15 12 -3
0.000408372 -14 13 -2
0.000588519 -13 14 1
0.000883946 -15 12 3
0.00011664 -16 11 4
8.97739e-005 -14 13 -3
3.43804e-005 -13 14 -2
0.00179856 -14 13 2
0.000530813 -15 12 4
0.00175212 -14 13 3
3.46353e-005 -16 11 5
0.000797794 -13 14 2
0.00116348 -14 13 4
0.000204052 -15 12 5
0.000467639 -14 13 5
0.000753949 -13 14 4
0.000348776 -13 14 5
0.000102387 -14 13 6
7.49605e-005 -13 14 6
3.9351e-005 -15 12 6
0.000859247 -13 14 3
0.000149075 -13 14 -1
0.000863835 -14 13 -1
0.000238558 -16 11 1
2.85965e-005 -17 10 0
0.000126584 -16 12 0
2.06602e-005 -17 11 0
0.000102278 -16 12 -1
0.000428139 -15 13 0
0.000137267 -16 12 1
2.1788e-005 -17 11 2
7.02497e-005 -16 12 -2
0.000296258 -14 14 0
0.0004661 -15 13 1
0.000145999 -16 12 2
3.97557e-005 -16 12 -3
0.000191975 -15 13 -2
0.000147253 -14 14 -1
0.000471732 -15 13 2
0.000112811 -16 12 3
7.28247e-005 -15 13 -3
4.22672e-005 -14 14 -2
0.000387784 -15 13 3
5.39538e-005 -16 12 4
0.000495488 -14 14 2
0.000281358 -14 14 4
5.5173e-005 -15 13 5
0.000196163 -15 13 4
7.26213e-005 -14 14 5
0.000482483 -14 14 3
0.000438222 -14 14 1
0.000324941 -15 13 -1
2.21346e-005 -17 11 1
0.000106307 -15 14 0
6.04448e-005 -16 13 1
2.65382e-005 -16 13 -2
6.45509e-005 -15 14 -1
0.000126042 -15 14 1
2.58797e-005 -15 14 -2
6.27661e-005 -16 13 2
4.10777e-005 -16 13 3
3.26934e-005 -15 14 4
9.68981e-005 -15 14 3
0.000128738 -15 14 2
4.03449e-005 -16 13 -1
5.16232e-005 -16 13 0
0.000190592 -12 14 6
2.82637e-005 -14 10 8
7.30692e-005 -9 14 5
6.48443e-005 -9 14 4
0.000304547 -14 9 7
0.000861565 -10 13 1
0.000141563 -13 9 8
0.000980949 -12 10 7
0.00596757 -11 11 4
0.00236158 -10 12 2
0.00575532 -11 11 1
0.00403318 -14 8 2
0.00221639 -14 8 0
0.00101543 -12 9 7
0.007897 -12 9 2
0.00281525 -13 8 0
4.99813e-005 -15 6 0
0.000125174 -9 11 5
0.000131307 -14 6 5
0.00255362 -13 7 2
0.00135251 -10 9 4
