3.89345 -11.5 -10 9.5
0.526921 -11.5 -10 9
0.526921 -11.5 -10.5 9.5
0.526921 -12 -10 9.5
0.526921 -11 -10 9.5
0.526921 -11.5 -10 10
0.0713111 -11.5 -10.5 9
0.00130611 -11.5 -10 8.5
0.0713111 -12 -10 10
0.0713111 -12 -10 9
0.0713111 -11 -10 9
0.0713111 -11.5 -10.5 10
0.526921 -11.5 -9.5 9.5
0.00130611 -11.5 -10 10.5
0.000176762 -12 -10 8.5
0.0713111 -12 -10.5 9.5
0.0713111 -11 -10 10
0.000176762 -11.5 -10.5 8.5
0.000176762 -12 -10 10.5
0.0096509 -12 -10.5 9
0.0713111 -11.5 -9.5 9
0.000176762 -11 -10 8.5
0.0713111 -11 -10.5 9.5
0.000176762 -11.5 -10.5 10.5
0.0096509 -12 -10.5 10
0.00130611 -12.5 -10 9.5
0.0713111 -11.5 -9.5 10
0.000176762 -11 -10 10.5
0.0096509 -11 -10.5 9
0.0713111 -12 -9.5 9.5
2.39222e-05 -12 -10.5 8.5
0.000176762 -11.5 -9.5 8.5
0.00130611 -11.5 -11 9.5
0.0096509 -11 -10.5 10
0.0096509 -12 -9.5 9
2.39222e-05 -12 -10.5 10.5
0.000176762 -12.5 -10 10
0.000176762 -12.5 -10 9
0.00130611 -10.5 -10 9.5
0.000176762 -11.5 -9.5 10.5
0.000176762 -11.5 -11 9
2.39222e-05 -11 -10.5 8.5
0.0096509 -12 -9.5 10
0.000176762 -10.5 -10 9
0.000176762 -11.5 -11 10
0.0713111 -11 -9.5 9.5
2.39222e-05 -11 -10.5 10.5
2.39222e-05 -12 -9.5 8.5
0.000176762 -12.5 -10.5 9.5
0.000176762 -10.5 -10 10
2.39222e-05 -12 -9.5 10.5
0.0096509 -11 -9.5 9
0.000176762 -12 -11 9.5
0.00130611 -11.5 -9 9.5
0.0096509 -11 -9.5 10
2.39222e-05 -12 -11 9
2.39222e-05 -12.5 -10.5 10
2.39222e-05 -12.5 -10.5 9
0.000176762 -11.5 -9 9
2.39222e-05 -11 -9.5 8.5
2.39222e-05 -12 -11 10
0.000176762 -10.5 -10.5 9.5
0.000176762 -11.5 -9 10
2.39222e-05 -11 -9.5 10.5
2.39222e-05 -10.5 -10.5 9
0.000176762 -11 -11 9.5
0.000176762 -12.5 -9.5 9.5
2.39222e-05 -10.5 -10.5 10
2.39222e-05 -11 -11 9
0.000176762 -12 -9 9.5
2.39222e-05 -11 -11 10
2.39222e-05 -12 -9 9
2.39222e-05 -12.5 -9.5 10
2.39222e-05 -12.5 -9.5 9
2.39222e-05 -12 -9 10
0.000176762 -10.5 -9.5 9.5
2.39222e-05 -10.5 -9.5 9
0.000176762 -11 -9 9.5
2.39222e-05 -10.5 -9.5 10
2.39222e-05 -11 -9 9
2.39222e-05 -11 -9 10
