5.14521e-005 -11 5 1
4.54791e-005 -10 6 0
8.00766e-005 -10 6 1
7.73244e-005 -11 5 2
8.91871e-005 -10 6 2
8.08409e-005 -10 6 3
7.96717e-005 -11 5 3
6.03244e-005 -11 5 4
6.26585e-005 -10 6 4
3.64374e-005 -10 6 5
2.49763e-005 -12 5 0
2.2098e-005 -11 6 -1
9.21748e-005 -12 5 1
0.000334483 -11 6 1
0.000220968 -10 7 0
9.40006e-005 -10 7 -1
2.45979e-005 -9 8 0
0.000134845 -12 5 2
0.000307289 -10 7 1
0.000440341 -11 6 2
3.55729e-005 -9 8 -1
0.000138006 -12 5 3
0.000327486 -10 7 2
0.000453873 -11 6 3
0.000146398 -11 6 0
0.000101658 -12 5 4
0.000391319 -11 6 4
0.000297911 -10 7 3
3.15829e-005 -12 5 5
0.000235826 -11 6 5
0.000244406 -10 7 4
8.08053e-005 -11 6 6
0.00016307 -10 7 5
9.01977e-005 -10 7 6
2.95458e-005 -10 7 7
2.50818e-005 -13 5 0
9.54818e-005 -13 5 1
0.000203376 -12 6 0
0.000535424 -12 6 1
0.000161411 -11 7 -1
0.000138356 -13 5 2
0.000572074 -10 8 0
0.00116941 -11 7 1
0.00073781 -12 6 2
0.000140146 -13 5 3
4.90352e-005 -9 9 0
0.00077471 -10 8 1
0.000285607 -10 8 -1
0.000639707 -11 7 0
0.000764437 -12 6 3
6.32953e-005 -10 8 -2
5.54308e-005 -9 9 -1
3.54116e-005 -9 9 1
9.61206e-005 -13 5 4
0.00147536 -11 7 3
0.000831301 -10 8 2
0.00144036 -11 7 2
3.6896e-005 -9 9 -2
2.94332e-005 -9 9 2
2.29222e-005 -13 5 5
0.00132032 -11 7 4
0.000783323 -10 8 3
0.00037165 -12 6 5
0.000658157 -12 6 4
0.000646024 -10 8 4
0.000903801 -11 7 5
0.000112704 -12 6 6
0.000438585 -10 8 5
0.000445105 -11 7 6
0.000253789 -10 8 6
0.00011486 -11 7 7
0.000110085 -10 8 7
2.38877e-005 -10 8 8
4.79284e-005 -14 5 1
0.000206098 -13 6 0
0.000566233 -13 6 1
0.000169503 -12 7 -1
6.51076e-005 -14 5 2
0.00170656 -11 8 0
0.00188738 -12 7 1
0.000777747 -13 6 2
0.000633129 -11 8 -1
6.0844e-005 -14 5 3
0.000938308 -12 7 0
0.0027437 -11 8 1
0.00238718 -12 7 2
0.00080244 -13 6 3
5.79872e-005 -11 8 -2
0.00010662 -9 10 0
0.000577235 -10 9 -1
2.39424e-005 -14 5 4
0.00322281 -11 8 2
0.0014766 -10 9 1
0.00108601 -10 9 0
0.000671096 -13 6 4
0.00016614 -10 9 -2
0.00012673 -9 10 1
7.57711e-005 -9 10 -1
0.00328229 -11 8 3
0.00161076 -10 9 2
0.00221013 -12 7 4
0.000355224 -13 6 5
0.000131673 -9 10 2
4.20847e-005 -9 10 -2
0.00297809 -11 8 4
0.00144462 -12 7 5
8.40807e-005 -13 6 6
0.000117893 -9 10 3
0.00160557 -10 9 3
0.00245154 -12 7 3
0.00212594 -11 8 5
0.0006401 -12 7 6
0.000941466 -10 9 5
0.00117515 -11 8 6
4.45378e-005 -9 10 5
0.000541247 -10 9 6
0.000436035 -11 8 7
0.0001405 -12 7 7
0.000242961 -10 9 7
7.44774e-005 -11 8 8
6.41605e-005 -10 9 8
2.43247e-005 -9 10 6
7.5573e-005 -9 10 4
0.00135391 -10 9 4
0.000139601 -14 6 0
0.000382609 -14 6 1
0.000991644 -13 7 0
0.000158494 -13 7 -1
0.00202619 -13 7 1
0.000500518 -14 6 2
0.00313388 -11 9 0
0.000856186 -12 8 -1
0.00434243 -12 8 1
0.00261356 -12 8 0
0.000500686 -14 6 3
5.25165e-005 -12 8 -2
0.00156022 -10 10 0
0.00145634 -11 9 -1
0.00513979 -12 8 2
0.00461127 -11 9 1
0.00254842 -13 7 2
0.000356319 -14 6 4
0.000274217 -11 9 -2
0.000155794 -9 11 0
0.00215634 -10 10 1
0.000848633 -10 10 -1
0.00523561 -12 8 3
0.00527393 -11 9 2
0.00231006 -13 7 4
0.000274743 -10 10 -2
8.82248e-005 -9 11 -1
0.000219479 -9 11 1
0.00536144 -11 9 3
0.00241474 -10 10 2
0.00145034 -13 7 5
0.0048145 -12 8 4
2.20934e-005 -10 10 -3
3.79099e-005 -9 11 -2
0.000249363 -9 11 2
0.00495709 -11 9 4
0.00336411 -12 8 5
0.000574778 -13 7 6
0.000249435 -9 11 3
0.00358225 -11 9 5
0.00215425 -10 10 4
9.2729e-005 -13 7 7
0.000202461 -9 11 4
0.00150897 -10 10 5
0.00201746 -11 9 6
0.000572616 -12 8 7
0.00173421 -12 8 6
0.00244264 -10 10 3
0.00083669 -10 10 6
0.000801079 -11 9 7
8.9258e-005 -12 8 8
8.02003e-005 -9 11 6
0.00034397 -10 10 7
3.64982e-005 -9 11 7
0.000178841 -11 9 8
8.32809e-005 -10 10 8
0.00011228 -14 7 -1
0.000107219 -15 6 1
0.000742 -14 7 0
0.00150268 -14 7 1
0.00011644 -15 6 2
0.00472135 -12 9 0
0.000905376 -13 8 -1
0.00466018 -13 8 1
0.00181509 -14 7 2
0.00010142 -15 6 3
5.01275e-005 -13 8 -2
0.00409482 -11 10 0
0.00692475 -12 9 1
0.00217307 -12 9 -1
0.00547238 -13 8 2
4.6283e-005 -15 6 4
0.00182592 -14 7 3
0.000376489 -12 9 -2
0.0017246 -10 11 0
0.00570255 -11 10 1
0.00789877 -12 9 2
0.00556002 -13 8 3
0.00145884 -14 7 4
2.03555e-005 -12 9 -3
0.000126724 -9 12 0
0.000628926 -11 10 -2
0.00241931 -10 11 1
0.0064143 -11 10 2
0.00802874 -12 9 3
0.00505722 -13 8 4
0.00074758 -14 7 5
3.54301e-005 -11 10 -3
0.000315077 -10 11 -2
0.000221702 -9 12 1
5.1513e-005 -9 12 -1
0.00275025 -10 11 2
0.00749982 -12 9 4
0.00651559 -11 10 3
0.000185604 -14 7 6
0.00345124 -13 8 5
2.9286e-005 -10 11 -3
0.000295744 -9 12 2
0.00279853 -10 11 3
0.00603675 -11 10 4
0.00169428 -13 8 6
0.00533927 -12 9 5
0.000315294 -9 12 3
0.00425753 -11 10 5
0.000482451 -13 8 7
0.00283912 -12 9 6
0.000297917 -9 12 4
0.00228475 -11 10 6
0.00177315 -10 11 5
0.00254262 -10 11 4
5.81323e-005 -13 8 8
0.000230269 -9 12 5
0.000952964 -10 11 6
0.000208915 -12 9 8
0.000849747 -11 10 7
0.000138885 -9 12 6
0.000181539 -11 10 8
2.00712e-005 -12 9 9
5.74049e-005 -9 12 7
8.0682e-005 -10 11 8
0.000365017 -10 11 7
2.14104e-005 -11 10 9
5.9796e-005 -15 7 -1
0.00030099 -15 7 0
0.000526005 -15 7 1
0.000710004 -14 8 -1
0.00504906 -13 9 0
0.00358051 -14 8 1
0.000575894 -15 7 2
3.80563e-005 -14 8 -2
0.00235648 -13 9 -1
0.00733179 -13 9 1
0.00583143 -12 10 0
0.000541045 -15 7 3
0.000421095 -13 9 -2
0.00323946 -12 10 -1
0.0078861 -12 10 1
0.0083027 -13 9 2
0.00405731 -14 8 3
0.000330263 -15 7 4
2.19477e-005 -13 9 -3
0.00100366 -12 10 -2
0.00125443 -10 12 0
0.00237312 -11 11 -1
0.00422258 -11 11 0
0.00870185 -12 10 2
0.00842598 -13 9 3
0.00344984 -14 8 4
9.92603e-005 -15 7 5
5.70551e-005 -12 10 -3
3.60448e-005 -9 13 0
0.000806055 -11 11 -2
0.00192955 -10 12 1
0.000611804 -10 12 -1
0.00643857 -11 11 2
0.00782004 -13 9 4
0.00209236 -14 8 5
0.00880947 -12 10 3
6.44421e-005 -11 11 -3
9.31441e-005 -9 13 1
0.000171802 -10 12 -2
0.00653531 -11 11 3
0.00545016 -13 9 5
0.00807056 -12 10 4
2.1872e-005 -10 12 -3
0.000163518 -9 13 2
0.000806616 -14 8 6
0.0024673 -10 12 3
0.00551587 -12 10 5
0.000138886 -14 8 7
0.00277072 -13 9 6
0.00234919 -10 12 4
0.00407783 -11 11 5
0.000215881 -9 13 3
0.000881512 -13 9 7
0.000229332 -9 13 4
0.00165708 -10 12 5
0.00208083 -11 11 6
0.00282449 -12 10 6
0.000219706 -9 13 5
0.000851121 -10 12 6
0.000717128 -11 11 7
0.000201303 -12 10 8
0.000292168 -10 12 7
0.000146531 -11 11 8
2.07397e-005 -12 10 9
5.29795e-005 -9 13 7
5.85599e-005 -10 12 8
0.000142966 -9 13 6
5.42396e-005 -16 7 0
0.00033625 -15 8 -1
6.9556e-005 -16 7 1
0.00134593 -15 8 1
6.93306e-005 -16 7 2
2.48898e-005 -15 8 -2
0.00610762 -13 10 0
0.0019578 -14 9 -1
0.00552133 -14 9 1
0.00397655 -14 9 0
0.000923851 -15 8 0
5.21004e-005 -16 7 3
0.000378224 -14 9 -2
0.00575183 -12 11 0
0.00812023 -13 10 1
0.00604974 -14 9 2
0.00347476 -13 10 -1
2.15967e-005 -14 9 -3
0.00115259 -13 10 -2
0.00302323 -11 12 0
0.00753037 -12 11 1
0.00343951 -12 11 -1
0.00139008 -15 8 3
0.00143146 -15 8 2
0.00609764 -14 9 3
0.000997944 -15 8 4
7.70324e-005 -13 10 -3
0.00131067 -12 11 -2
0.000461753 -10 13 0
0.0043355 -11 12 1
0.00164344 -11 12 -1
0.00895106 -13 10 3
0.00535144 -14 9 4
0.000459857 -15 8 5
0.000131911 -12 11 -3
0.000571956 -11 12 -2
0.000864665 -10 13 1
0.000162865 -10 13 -1
0.00823607 -12 11 2
0.00886111 -13 10 2
0.00832992 -12 11 3
0.00334237 -14 9 5
9.46294e-005 -15 8 6
0.00809372 -13 10 4
5.55522e-005 -11 12 -3
2.66758e-005 -10 13 -2
0.00123647 -10 13 2
0.00745312 -12 11 4
0.00521221 -11 12 3
0.00139252 -14 9 6
2.19219e-005 -9 14 2
0.00140084 -10 13 3
0.00483024 -11 12 4
0.00264969 -13 10 6
0.00491601 -12 11 5
0.005409 -13 10 5
4.75457e-005 -9 14 3
0.00140927 -10 13 4
0.00317344 -11 12 5
0.0024074 -12 11 6
0.000817198 -13 10 7
3.08616e-005 -14 9 8
0.00108891 -10 13 5
0.00148455 -11 12 6
0.000782738 -12 11 7
0.000131814 -13 10 8
0.000544714 -10 13 6
0.000446993 -11 12 7
0.000154001 -12 11 8
6.46992e-005 -9 14 6
8.60566e-005 -11 12 8
2.31166e-005 -9 14 7
2.56096e-005 -10 13 8
0.000161686 -10 13 7
8.4171e-005 -16 8 -1
0.000223357 -16 8 1
0.00160724 -15 9 0
0.00451186 -14 10 0
0.00205688 -15 9 1
0.000222522 -16 8 2
0.000874418 -15 9 -1
0.000173357 -16 8 0
0.000214008 -15 9 -2
0.00591038 -13 11 0
0.00564895 -14 10 1
0.00214966 -15 9 2
0.00018747 -16 8 3
0.00105598 -14 10 -2
0.00409105 -12 12 0
0.00759393 -13 11 1
0.00596054 -14 10 2
0.00212303 -15 9 3
0.00363902 -13 11 -1
0.00277456 -14 10 -1
9.17468e-005 -14 10 -3
0.00148743 -13 11 -2
0.00123836 -11 13 0
0.00243546 -12 12 -1
0.0082234 -13 11 2
0.00550896 -12 12 1
0.00160967 -15 9 4
0.00598097 -14 10 3
3.00049e-005 -10 14 0
0.000196416 -13 11 -3
0.00100679 -12 12 -2
0.000562751 -11 13 -1
0.00203039 -11 13 1
2.45187e-005 -16 8 5
0.000103569 -16 8 4
0.00830277 -13 11 3
0.00510003 -14 10 4
0.00080554 -15 9 5
0.00014317 -12 12 -3
0.000112089 -10 14 1
0.000140703 -11 13 -2
0.00263678 -11 13 2
0.00727791 -13 11 4
0.00310133 -14 10 5
0.0063018 -12 12 3
2.03892e-005 -11 13 -3
0.000232411 -10 14 2
0.00280852 -11 13 3
0.000219963 -15 9 6
0.00460791 -13 11 5
2.64164e-005 -15 9 7
0.00125862 -14 10 6
0.000341575 -10 14 3
0.00270603 -11 13 4
0.00207548 -13 11 6
0.000270457 -14 10 7
0.00178732 -11 13 5
0.000379172 -10 14 4
0.00158963 -12 12 6
0.00352652 -12 12 5
0.00560542 -12 12 4
0.00618628 -12 12 2
0.000566825 -13 11 7
0.000355659 -10 14 5
0.000768414 -11 13 6
0.000453109 -12 12 7
8.98466e-005 -13 11 8
0.000187298 -10 14 6
8.51102e-005 -12 12 8
3.18407e-005 -11 13 8
4.51635e-005 -10 14 7
0.000179203 -16 9 -1
0.000349964 -16 9 1
6.68264e-005 -16 9 -2
0.00407855 -14 11 0
0.00113266 -15 10 -1
0.001664 -15 10 0
0.000357273 -16 9 2
0.00193244 -15 10 1
0.000297512 -16 9 0
0.000527085 -15 10 -2
0.00418491 -13 12 0
0.00491387 -14 11 1
0.00198504 -15 10 2
0.000328461 -16 9 3
0.00276333 -14 11 -1
8.57677e-005 -15 10 -3
0.00131426 -14 11 -2
0.00180216 -12 13 0
0.00548774 -13 12 1
0.00515103 -14 11 2
0.00195868 -15 10 3
0.000195931 -16 9 4
0.00023316 -14 11 -3
0.000150907 -11 14 0
0.00115821 -13 12 -2
0.000944892 -12 13 -1
0.0060459 -13 12 2
0.00514859 -14 11 3
0.00145791 -15 10 4
6.51519e-005 -16 9 5
0.00268208 -12 13 1
0.00022732 -13 12 -3
0.000325135 -12 13 -2
0.000350071 -11 14 1
0.00322518 -12 13 2
0.00612504 -13 12 3
0.000713611 -15 10 5
3.08499e-005 -12 13 -3
0.000574555 -11 14 2
0.00413374 -14 11 4
0.00518391 -13 12 4
0.00229994 -14 11 5
0.000190644 -15 10 6
0.000717885 -11 14 3
0.00307434 -12 13 4
0.000832738 -14 11 6
0.0030088 -13 12 5
0.00074055 -11 14 4
0.00189698 -12 13 5
0.00118144 -13 12 6
0.00016473 -14 11 7
2.38213e-005 -15 10 7
0.00334621 -12 13 3
3.41375e-005 -11 14 -1
0.00258414 -13 12 -1
0.000766761 -12 13 6
0.000546567 -11 14 5
0.000197556 -11 13 7
0.000279258 -13 12 7
0.000223813 -11 14 6
0.000183753 -12 13 7
4.09661e-005 -13 12 8
4.722e-005 -11 14 7
2.81742e-005 -12 13 8
3.08207e-005 -17 9 0
3.39151e-005 -17 9 1
0.000210116 -16 10 -1
0.00136632 -15 11 0
0.000318283 -16 10 1
0.000117932 -16 10 -2
0.00103497 -15 11 -1
0.00281247 -14 12 0
0.00152147 -15 11 1
0.000323461 -16 10 2
3.1825e-005 -16 10 -3
0.000603056 -15 11 -2
0.00189158 -13 13 0
0.00337599 -14 12 1
0.00154958 -15 11 2
0.000297893 -16 10 3
0.00194828 -14 12 -1
0.00019062 -15 11 -3
0.000293014 -12 14 0
0.00102652 -14 12 -2
0.00104495 -13 13 -1
0.00352864 -14 12 2
0.00149225 -15 11 3
0.000175005 -16 10 4
0.000264344 -14 12 -3
0.000413661 -13 13 -2
0.000102237 -12 14 -1
0.000550449 -12 14 1
0.00348986 -14 12 3
0.00101464 -15 11 4
5.70939e-005 -16 10 5
6.45318e-005 -13 13 -3
0.000789842 -12 14 2
0.00322686 -13 13 3
0.000456992 -15 11 5
0.00256827 -14 12 4
0.000883185 -12 14 3
0.00125925 -14 12 5
0.00270366 -13 13 4
0.000111431 -15 11 6
0.00141844 -13 13 5
0.000872211 -12 14 4
0.000456613 -13 13 6
0.00055872 -12 14 5
6.4814e-005 -14 12 7
0.000375742 -14 12 6
0.0031483 -13 13 2
0.00270742 -13 13 1
3.33376e-005 -17 9 2
0.000286807 -16 10 0
8.98503e-005 -13 13 7
3.31454e-005 -12 14 7
2.15515e-005 -17 10 -1
3.04634e-005 -17 10 1
0.000884579 -15 12 0
0.000174702 -16 11 -1
0.000219934 -16 11 0
0.000113929 -16 11 -2
0.000698621 -15 12 -1
3.00241e-005 -17 10 2
0.000959256 -15 12 1
0.000242042 -16 11 2
0.00135111 -14 13 0
5.21804e-005 -16 11 -3
0.000447837 -15 12 -2
0.000339242 -13 14 0
0.00170254 -14 13 1
0.000969956 -15 12 2
0.000213991 -16 11 3
0.000190292 -15 12 -3
0.00040049 -14 13 -2
0.000592606 -13 14 1
0.00088441 -15 12 3
0.000116731 -16 11 4
7.97579e-005 -14 13 -3
2.89525e-005 -13 14 -2
0.00180039 -14 13 2
0.000531087 -15 12 4
0.00175318 -14 13 3
3.46574e-005 -16 11 5
0.000804054 -13 14 2
0.00116306 -14 13 4
0.000204151 -15 12 5
0.000467231 -14 13 5
0.000757469 -13 14 4
0.000348849 -13 14 5
0.000102296 -14 13 6
7.44635e-005 -13 14 6
3.93671e-005 -15 12 6
0.0008657 -13 14 3
0.000145598 -13 14 -1
0.000864051 -14 13 -1
0.000238759 -16 11 1
2.86252e-005 -17 10 0
0.000126687 -16 12 0
2.06676e-005 -17 11 0
0.000102433 -16 12 -1
0.000429034 -15 13 0
0.000137352 -16 12 1
2.18062e-005 -17 11 2
7.04385e-005 -16 12 -2
0.000297972 -14 14 0
0.000466427 -15 13 1
0.000146088 -16 12 2
3.98342e-005 -16 12 -3
0.000191091 -15 13 -2
0.000145558 -14 14 -1
0.000471964 -15 13 2
0.000112882 -16 12 3
6.99512e-005 -15 13 -3
3.74151e-005 -14 14 -2
0.000387659 -15 13 3
5.39891e-005 -16 12 4
0.000497979 -14 14 2
0.000196006 -15 13 4
5.514e-005 -15 13 5
7.19488e-005 -14 14 5
0.000280883 -14 14 4
0.000484077 -14 14 3
0.000441063 -14 14 1
0.000326 -15 13 -1
2.21531e-005 -17 11 1
0.000107185 -15 14 0
6.04818e-005 -16 13 1
2.67541e-005 -16 13 -2
6.48394e-005 -15 14 -1
0.000126665 -15 14 1
2.51093e-005 -15 14 -2
6.27883e-005 -16 13 2
4.10635e-005 -16 13 3
3.24623e-005 -15 14 4
9.67732e-005 -15 14 3
0.000129214 -15 14 2
4.04816e-005 -16 13 -1
5.17041e-005 -16 13 0
0.000191497 -12 14 6
2.82605e-005 -14 10 8
7.95359e-005 -9 14 5
7.06602e-005 -9 14 4
0.000304638 -14 9 7
0.00507175 -11 12 2
0.000141864 -13 9 8
0.000985608 -12 10 7
0.0059798 -11 11 4
0.00236949 -10 12 2
0.00575924 -11 11 1
0.00403691 -14 8 2
0.0022199 -14 8 0
0.00102077 -12 9 7
0.000937927 -10 11 -1
0.00218291 -11 10 -1
0.00281211 -13 8 0
5.02374e-005 -15 6 0
0.000134903 -9 11 5
0.000131191 -14 6 5
0.00260896 -13 7 3
