5926.22

7078.01 0.01 1.48353 7.58942e-19 -8.88178e-16 6.28319 

7.79437 0.000801895 -4.35282e-15 -2.21077e-14 3.55614e-12 -0.0103787 
0.000801895 9.17969e-08 -4.68134e-19 7.52107e-20 7.54503e-19 -1.06777e-06 
-4.35282e-15 -4.68134e-19 1.74055e-08 -8.55584e-18 -1.89063e-15 2.60242e-15 
-2.21077e-14 7.52107e-20 -8.55584e-18 2.0522e-08 -1.78861e-09 -3.60983e-16 
3.55614e-12 7.54503e-19 -1.89063e-15 -1.78861e-09 0.000381215 -0.000375643 
-0.0103787 -1.06777e-06 2.60242e-15 -3.60983e-16 -0.000375643 0.000383982 
