800 0.01052
800 0.002994
800 0.001993
800 0.002026
800 0.00296
800 0.004988
800 0.001993
800 0.001994
800 0.002997
803 0.002989
815 0.001993
826 0.001996
828 0.002993
830 0.002995
843 0.001993
848 0.002992
861 0.00199
443 0.005987
468 0.001999
479 0.001991
488 0.000998
496 0.001994
503 0.001995
509 0.000997
511 0.002
530 0.002988
550 0.001993
557 0.002993
563 0.000997
564 0.001992
573 0.001993
577 0.000999
600 0.001993
608 0.001995
484 0.005516
500 0.002992
503 0.001993
511 0.001997
526 0.001995
537 0.00201
549 0.001983
550 0.003595
564 0.001992
570 0.00898
576 0.008776
593 0.002994
603 0.001993
618 0.001992
623 0.001997
626 0.003711
637 0.001993
519 0.004986
526 0.001996
531 0.000997
557 0.002993
561 0.001999
564 0.002988
567 0.001996
582 0.000996
588 0.001997
590 0.001991
599 0.001996
613 0.001994
625 0.001994
631 0.001999
640 0.001992
646 0.001995
648 0.001995
520 0.004986
538 0.002992
558 0.002993
568 0.001993
572 0.001993
586 0.000999
592 0.001994
595 0.001996
615 0.001993
626 0.001994
634 0.001995
652 0.001997
659 0.001994
663 0.001993
677 0.001995
688 0.001996
703 0.001993
573 0.004987
583 0.00206
597 0
602 0
603 0
618 0
618 0
628 0
639 0
654 0.015624
657 0
674 0
684 0
690 0
695 0
710 0
724 0
596 0.015621
621 0
625 0
635 0
636 0
642 0
645 0.015624
666 0
687 0
697 0
705 0
708 0
713 0
724 0.015659
726 0
742 0
753 0.007519
623 0
630 0
635 0
646 0
646 0
659 0.015632
672 0
688 0
703 0
712 0
720 0
724 0.016063
731 0.002991
741 0.002164
756 0
775 0
791 0
683 0.017105
688 0.002097
694 0
706 0
718 0
720 0
731 0
739 0
754 0.015665
778 0
784 0
798 0
807 0
811 0
822 0
829 0.015622
845 0
707 0
722 0.012517
725 0
746 0
754 0
756 0
769 0.015637
774 0
783 0.007721
794 0.002992
812 0.004983
840 0.004022
840 0.002991
845 0.002
861 0.002993
867 0.002954
877 0.002991
747 0.007981
763 0.001995
773 0.00299
781 0.00303
784 0.002996
800 0.001992
809 0.002987
815 0.001997
825 0.002987
848 0.002996
860 0.002962
868 0.002028
880 0.002952
883 0.003038
894 0.003982
901 0.001068
913 0.003042
774 0
776 0
792 0
801 0.015628
815 0
824 0
824 0
834 0
849 0
871 0.015657
882 0
889 0
901 0
916 0
925 0
931 0.016757
950 0.003133
809 0.00986
815 0.005702
822 0.003456
835 0.003842
853 0.00385
857 0.005879
869 0.00473
875 0.003506
879 0.007277
887 0.003034
907 0.003989
921 0.004986
928 0.004987
943 0.003989
954 0.002993
973 0.011968
976 0.006981
828 0.011968
837 0.00399
859 0.005984
881 0.006981
884 0.002991
893 0.002991
897 0.005988
899 0.003987
912 0.006981
929 0.005988
939 0.003985
950 0.003989
960 0.002991
968 0.004988
981 0.003991
999 0.00299
1013 0.002992
851 0.009974
867 0.00399
873 0.003988
883 0.004987
902 0.004378
904 0.003861
920 0.003567
929 0.00452
933 0.002989
945 0.002993
953 0.001994
961 0.004045
971 0.003521
978 0.002981
979 0.002991
1008 0.002992
1025 0.002992
869 0.007979
880 0.002993
894 0.002991
906 0.002992
916 0.00399
925 0.002991
935 0.002992
948 0.002992
952 0.002992
968 0.002995
976 0.004022
999 0.002989
1004 0.002999
1033 0.002994
1040 0.002997
1048 0.00398
1052 0.002997
890 0.00794
899 0.003989
902 0.003027
915 0.002995
924 0.002951
932 0.002992
946 0.00399
973 0.003992
978 0.002992
989 0.002992
1001 0.001995
1012 0.002993
1019 0.004988
1036 0.005018
1045 0.00199
1054 0.002993
1064 0.003959
889 0.008013
899 0.002993
915 0.002995
931 0.003955
943 0.003987
954 0.00299
962 0.002992
975 0.002993
986 0.003993
997 0.002988
999 0.002993
1008 0.002991
1017 0.002991
1031 0.004987
1040 0.003987
1051 0.002994
1053 0.002991
896 0.008978
920 0.00299
930 0.002992
944 0.002992
965 0.00399
972 0.002992
977 0.002991
993 0.002992
1008 0.002992
1017 0.004987
1023 0.003991
1031 0.002992
1045 0.002992
1054 0.002992
1071 0.003992
1078 0.00299
1082 0.002991
907 0.008975
916 0.003989
918 0.002992
937 0.002992
948 0.002994
959 0.00299
965 0.004987
973 0.002992
982 0.002992
997 0.002992
1010 0.002992
1025 0.00403
1032 0.002988
1039 0.002992
1046 0.002995
1063 0.002988
1076 0.004953
923 0.007975
938 0.002992
944 0.003997
952 0.004021
955 0.002992
970 0.002993
977 0.002995
981 0.003988
993 0.002988
997 0.002992
1001 0.002995
1006 0.002952
1027 0.00499
1039 0.003023
1052 0.002995
1058 0.002993
1083 0.002998
919 0.009928
932 0.00399
937 0.002991
945 0.003999
954 0.002989
963 0.00399
966 0.002988
974 0.002993
989 0.005026
994 0.002986
1002 0.002989
1008 0.002996
1015 0.002996
1028 0.004985
1037 0.002987
1047 0.002995
1055 0.002992
900 0.009935
920 0.002992
926 0.002992
927 0.002993
932 0.005021
941 0.00299
951 0.002995
959 0.002993
973 0.002997
991 0.004983
1000 0.002991
1013 0.002992
1022 0.002993
1027 0.003954
1038 0.004024
1054 0.003987
1057 0.002989
909 0.008985
911 0.002988
913 0.003989
920 0.002991
929 0.002993
941 0.004952
946 0.002989
962 0.002992
971 0.00303
989 0.004951
993 0.003029
1002 0.003988
1003 0.002992
1009 0.002997
1026 0.003952
1035 0.002992
1052 0.004022
894 0.00894
897 0.003987
900 0.002992
911 0.002996
914 0.002991
937 0.003989
949 0.002993
956 0.003027
971 0.002992
981 0.003958
989 0.002853
993 0
998 0
1010 0.008512
1015 0
1019 0
1024 0
886 0.015634
895 0
907 0
910 0
924 0.015657
940 0
947 0
957 0
965 0
972 0.015627
976 0
988 0
993 0
1003 0
1005 0.015609
1012 0
1016 0
881 0.016461
894 0.002782
908 0.000507
914 0
917 0
922 0
932 0.015664
941 0.002011
952 0
956 0
964 0
973 0
982 0.015672
985 0
994 0
997 0
1022 0
889 0.01561
896 0
897 0
899 0
928 0.015635
938 0
947 0
950 0
955 0.01558
963 0
990 0
990 0
999 0
1002 0.015617
1005 0
1005 0
1021 0
903 0.015623
908 0.006508
916 0
925 0
931 0
931 0
944 0.015667
955 0
958 0
960 0
977 0
989 0.015619
998 0
1005 0
1013 0
1019 0
1033 0.015617
903 0
908 0
918 0.017247
927 0.005981
946 0.002985
957 0.005986
962 0.004986
964 0.003989
968 0.004991
977 0.002991
981 0.003986
983 0.005021
1001 0.004033
1006 0
1023 0
1030 0
1038 0
909 0.015623
912 0
915 0
915 0
921 0.017195
930 0
949 0
955 0
965 0
972 0.015625
982 0
984 0
999 0
1008 0
1014 0.017589
1029 0.002993
1029 0.003021
886 0.007986
894 0.002653
916 0
924 0
933 0.008508
935 0
943 0
961 0
961 0
965 0.015666
970 0
972 0
986 0
991 0
997 0.01562
1000 0
1004 0
882 0
887 0.016967
904 0
911 0
914 0
921 0
936 0.016816
940 0
944 0
960 0
962 0
976 0.01567
987 0
992 0
1001 0
1007 0
1012 0.015616
897 0.003549
912 0
914 0
916 0.015629
923 0
935 0
945 0
945 0
949 0.015665
949 0
955 0
965 0
977 0
988 0
994 0.015616
1005 0
1008 0
881 0.015584
884 0
890 0
892 0
901 0.01562
918 0
921 0
935 0
938 0
952 0.015656
971 0.006512
971 0
975 0
987 0
1004 0
1010 0.015668
1024 0
913 0
920 0.015586
920 0
924 0
928 0
932 0
940 0.015619
946 0
947 0
962 0
968 0
970 0.015654
982 0
992 0
992 0
999 0
1001 0.01562
900 0
905 0
922 0.015634
922 0
936 0.00655
942 0
949 0
956 0
956 0
973 0.01599
977 0.001042
981 0
987 0
1002 0
1007 0
1011 0.015665
1014 0
896 0
902 0.015627
911 0
918 0
920 0
926 0
930 0.016233
945 0.003992
957 0.004982
963 0.003989
976 0.002992
980 0.002991
996 0.002991
997 0.003994
1003 0.003989
1011 0.00399
1017 0.002992
915 0.008088
922 0
924 0
930 0
933 0
935 0.015623
936 0
946 0
958 0
966 0
976 0.015624
994 0
1000 0
1015 0
1022 0
1028 0.015622
1044 0
929 0
936 0.017207
944 0.003988
949 0.002991
958 0.00399
958 0.002992
966 0.002992
974 0.001323
979 0
981 0.008548
983 0
985 0
986 0
992 0
1002 0.015866
1020 0.003028
1030 0.001126
914 0
933 0
956 0.015623
967 0
978 0
983 0
994 0.015658
998 0
998 0
1002 0
1006 0
1010 0.015583
1020 0
1021 0
1021 0
1031 0
1044 0.01566
927 0
937 0
937 0.015618
943 0.002046
952 0
954 0
962 0
963 0
973 0.01567
987 0
995 0
1001 0
1001 0
1003 0.015621
1020 0
1030 0
1041 0
940 0.01558
950 0
961 0.015663
969 0
973 0
976 0
984 0.01558
995 0
999 0
1004 0
1006 0
1015 0.015661
1025 0
1036 0.00651
1045 0
1062 0
1064 0
988 0.015672
997 0
1004 0
1006 0.015583
1010 0
1013 0
1018 0
1018 0.015621
1020 0
1020 0
1032 0
1037 0.015622
1044 0
1050 0
1060 0
1060 0
1069 0.015658
963 0
963 0
963 0
963 0.015621
999 0
1006 0.006546
1015 0
1026 0
1037 0
1039 0.015662
1039 0
1048 0
1059 0
1071 0.015591
1073 0
1073 0
1078 0
979 0.015663
985 0
990 0
990 0
993 0.018176
1002 0.004983
1011 0.003023
1017 0.003956
1030 0.003989
1038 0.002992
1038 0.002993
1056 0.004988
1064 0.00299
1067 0.005026
1075 0.002986
1086 0.003992
1087 0.001047
997 0
1001 0
1004 0.015626
1014 0
1028 0
1029 0
1045 0.015659
1046 0
1051 0
1057 0
1063 0
1070 0.015621
1080 0
1083 0
1091 0
1091 0
1095 0.015624
991 0
999 0
1015 0.015578
1020 0
1032 0
1045 0
1054 0.014045
1061 0
1075 0
1085 0
1089 0.016165
1090 0.004025
1094 0.002992
1107 0.003954
1109 0.003989
1109 0.003391
1115 0.004104
1011 0.002565
1013 0
1019 0
1026 0.015662
1030 0
1037 0
1038 0
1043 0
1047 0.015626
1061 0
1067 0
1089 0
1096 0.015575
1107 0
1117 0
1124 0.012007
1130 0
1043 0
1051 0.015628
1059 0
1071 0
1078 0
1085 0.01566
1093 0
1095 0
1104 0
1111 0.015621
1115 0
1122 0
1123 0
1128 0
1129 0.015585
1131 0
1131 0
1044 0.015656
1059 0
1069 0
1082 0.015587
1093 0
1105 0.006507
1119 0
1125 0
1129 0
1133 0.015632
1143 0
1146 0
1149 0
1150 0.015657
1156 0
1161 0
1161 0
1071 0.020038
1075 0
1078 0
1091 0
1097 0.015631
1097 0
1105 0
1117 0
1120 0.015653
1120 0
1128 0
1133 0
1139 0.017675
1150 0
1163 0
1175 0
1177 0.01563
1101 0
1109 0
1117 0.015661
1124 0
1133 0
1137 0
1141 0.01558
1142 0
1145 0
1147 0
1152 0.016579
1154 0.00399
1158 0.005017
1170 0.004991
1175 0.003992
1190 0.00395
1195 0.003033
1141 0.010932
1146 0.003989
1157 0.003988
1163 0.001153
1167 0
1174 0
1186 0
1188 0.015627
1196 0
1197 0
1199 0.015655
1205 0
1209 0
1218 0
1232 0.015583
1237 0
1248 0
1162 0.015664
1165 0
1168 0
1180 0
1187 0.015579
1195 0
1197 0
1197 0.014044
1199 0
1203 0
1213 0
1221 0.015666
1224 0
1224 0
1231 0
1239 0.018174
1245 0.003992
1183 0.00994
1194 0.003988
1201 0.00399
1206 0.001715
1211 0
1217 0
1228 0.015662
1233 0
1240 0
1253 0
1255 0.015621
1258 0
1267 0
1271 0.011554
1285 0
1285 0
1304 0
1237 0.015666
1240 0
1241 0.015624
1245 0
1250 0
1254 0
1260 0.019924
1268 0.001247
1268 0
1281 0
1293 0.015669
1297 0
1302 0
1310 0
1318 0.015614
1328 0
1333 0
1255 0.01617
1270 0
1271 0
1275 0.018769
1281 0.001062
1285 0
1289 0
1291 0.01567
1306 0
1312 0
1313 0
1327 0.015618
1331 0
1337 0
1337 0.015625
1341 0
1350 0
1288 0.015583
1305 0
1307 0.015617
1308 0.002046
1315 0
1318 0
1329 0.015672
1347 0
1361 0
1368 0.015582
1374 0
1382 0
1387 0
1393 0.015658
1393 0
1401 0
1407 0.017251
1342 0.012967
1348 0.004986
1367 0.004987
1369 0.006019
1380 0.005947
1386 0.004989
1390 0.005089
1391 0
1399 0
1408 0
1408 0.015624
1415 0
1418 0
1422 0.017085
1422 0
1422 0
1430 0.015633
1360 0
1366 0.017564
1378 0.004838
1386 0.00484
1399 0.005157
1406 0.007127
1407 0.008055
1417 0.005479
1424 0
1425 0.015631
1439 0
1445 0
1461 0.015623
1470 0
1477 0.018344
1487 0.00598
1491 0.004987
1420 0.013962
1428 0.006215
1437 0
1442 0.009008
1448 0
1453 0
1459 0.022992
1460 0.005702
1466 0.008231
1468 0
1477 0
1485 0.016193
1495 0
1507 0
1509 0.015629
1519 0
1528 0
1458 0.015621
1462 0
1468 0.015512
1479 0
1489 0.015667
1498 0
1509 0
1514 0.015585
1523 0
1532 0
1536 0.015658
1545 0
1553 0
1560 0.015584
1570 0
1575 0
1580 0.015626
1498 0.01562
1508 0
1521 0.006549
1521 0
1524 0
1524 0.015661
1528 0
1535 0.015593
1552 0
1560 0
1576 0.015617
1582 0
1601 0
1607 0.022019
1607 0.008979
1612 0.004982
1614 0.005984
1535 0.014328
1552 0.005062
1567 0
1573 0
1596 0.015622
1602 0
1608 0
1621 0.015666
1622 0
1625 0
1638 0.015578
1647 0
1663 0.015669
1663 0
1677 0
1687 0.015616
1695 0
1595 0.014045
1598 0
1611 0.020028
1624 0
1631 0
1641 0.015664
1646 0
1657 0
1669 0.015617
1671 0
1681 0.015585
1689 0
1700 0
1711 0.015659
1720 0
1722 0
1736 0.022133
1675 0.01993
1682 0
1692 0
1701 0.015629
1717 0
1728 0.015614
1737 0
1739 0.015627
1742 0
1749 0.015619
1759 0
1761 0.013547
1767 0
1776 0
1789 0.015666
1799 0
1814 0.015617
1736 0.012483
1747 0.008356
1759 0
1765 0.015656
1773 0
1791 0
1809 0.015625
1822 0
1826 0.016635
1828 0
1836 0
1847 0.015668
1860 0
1862 0.01562
1866 0.007725
1872 0.000504
1875 0
1814 0.015627
1821 0.026272
1833 0.008013
1839 0.006943
1841 0.006985
1849 0.008975
1854 0.006983
1859 0.006096
1869 0
1898 0
1909 0.015623
1914 0
1922 0.015621
1937 0
1949 0.015666
1961 0
1976 0
1901 0.028162
1901 0
1907 0.015668
1918 0
1929 0.01562
1959 0
1964 0
1972 0.017019
1993 0
2003 0.015664
2011 0
2016 0.015623
2025 0
2036 0.015621
2041 0.005041
2053 0
2061 0.015668
1967 0.019181
1977 0.005891
1984 0
1995 0.015624
1997 0
2012 0
2018 0.01562
2029 0
2043 0.015623
2050 0.012552
2065 0
2068 0.015661
2085 0
2096 0.015627
2101 0
2116 0
2127 0.015621
2045 0.015629
2060 0.015609
2073 0
2093 0.015589
2107 0.006508
2126 0
2136 0.015661
2144 0
2146 0.015633
2151 0
2159 0.01561
2164 0
2173 0.017183
2190 0.009966
2206 0.00798
2217 0.007023
2226 0.008934
2137 0.010034
2149 0.015627
2156 0
2170 0.015659
2181 0
2186 0.015618
2194 0
2212 0.015623
2224 0.015586
2232 0
2249 0.014013
2262 0
2275 0.015672
2285 0
2295 0.015616
2299 0.015628
2309 0
2223 0.015617
2245 0.015622
2248 0
2267 0.022177
2271 0
2302 0.015666
2324 0
2329 0.015588
2337 0
2344 0.021358
2353 0.007943
2369 0.009974
2378 0.003455
2387 0
2400 0.015665
2416 0.010552
2425 0
2342 0.031251
2352 0.017906
2358 0.018029
2360 0
2366 0.015585
2382 0
2392 0.01721
2406 0
2421 0.015664
2428 0.015586
2451 0
2473 0.015658
2489 0
2503 0.024132
2518 0.009969
2522 0.009978
2533 0.00897
2419 0.02368
2450 0
2461 0.015663
2469 0
2475 0.019062
2484 0
2491 0.015632
2498 0.015619
2511 0.010548
2522 0
2544 0.015667
2562 0.01562
2573 0
2585 0.015587
2595 0
2600 0.015651
2621 0.015629
2534 0.02209
2550 0
2559 0.015669
2577 0.015628
2595 0
2598 0.015575
2609 0
2616 0.01562
2640 0.019129
2659 0.010007
2672 0.009974
2682 0.010926
2702 0.008214
2714 0
2722 0.015663
2737 0.015621
2756 0
2646 0.03124
2670 0.015621
2692 0.001509
2705 0.015666
2711 0
2722 0.015622
2737 0.015623
2745 0
2768 0.024209
2778 0.011932
2785 0.010007
2798 0.009982
2809 0.003927
2819 0.015625
2839 0
2856 0.017033
2869 0
2775 0.031292
2795 0.015621
2798 0.013511
2807 0
2825 0.021116
2830 0
2841 0.015623
2852 0.015657
2864 0.015631
2887 0.01558
2898 0
2914 0.016668
2932 0
2946 0.015666
2962 0.015621
2973 0.015622
2998 0
2894 0.031247
2913 0.022167
2930 0
2947 0.023178
2959 0.013943
2966 0.003518
2981 0.015664
2998 0.015619
3006 0
3025 0.019477
3040 0.008508
3048 0.015672
3059 0.01561
3078 0
3087 0.015628
3096 0.01816
3114 0.012999
3012 0.029995
3015 0
3033 0.015622
3048 0.015665
3074 0.015621
3094 0
3100 0.015619
3118 0.015622
3142 0.014045
3153 0
3180 0.019145
3197 0.015666
3212 0
3224 0.015584
3234 0.015662
3265 0.015615
3280 0
3152 0.038208
3161 0.015672
3183 0.025028
3193 0.01709
3201 0.01429
3219 0.024143
3236 0.019157
3252 0.014962
3260 0.00752
3290 0.015621
3300 0.015621
3319 0.026316
3333 0.00481
3356 0.019955
3374 0.009339
3392 0.019278
3407 0.013958
3316 0.033484
3334 0.015584
3348 0.015661
3368 0
3379 0.015617
3389 0.015628
3406 0.015616
3429 0.006546
3435 0.015663
3457 0.015622
3471 0.015624
3493 0
3510 0.016994
3524 0.015665
3538 0.020636
3552 0
3568 0.015669
3425 0.046826
3450 0.015661
3471 0.015621
3488 0.006551
3498 0.015668
3522 0.015623
3543 0.015584
3552 0.024323
3560 0.012965
3583 0.006503
3607 0.009551
3620 0.015673
3645 0.015611
3652 0.015629
3660 0.021168
3669 0.015991
3693 0.014963
3584 0.039296
3603 0
3642 0.015622
3645 0.015615
3660 0.015586
3671 0.015043
3683 0.015663
3691 0.015634
3723 0.01561
3746 0
3767 0.015586
3776 0.015621
3795 0.022206
3814 0.015664
3834 0.015627
3851 0
3870 0.015618
3729 0.053343
3755 0.015705
3778 0.015581
3789 0.015657
3804 0.015589
3815 0.015652
3840 0.018151
3857 0.01496
3887 0.012441
3893 0.015626
3912 0.018232
3920 0.015961
3940 0.014958
3964 0.015993
3976 0.004061
3999 0.015667
4032 0.015616
3904 0.050893
3931 0.010012
3970 0.02095
3978 0.015622
3987 0.01566
4007 0.015586
4018 0.015656
4046 0.016638
4064 0
4093 0.015666
4104 0.015624
4117 0.015619
4139 0.01559
4150 0.019127
4166 0.018711
4182 0.016655
4196 0.015671
4039 0.062482
4062 0.005512
4071 0.015629
4099 0.027103
4117 0.01898
4126 0.01692
4146 0.011213
4164 0.010542
4192 0.015667
4238 0.015618
4269 0.016999
4286 0.015661
4321 0.015626
4348 0.020631
4364 0.015668
4377 0.015583
4399 0.015658
4271 0.053374
4295 0.015661
4303 0.015623
4313 0.015626
4325 0.015624
4335 0.015615
4373 0.022174
4388 0.015669
4405 0.015618
4432 0.015623
4446 0.015623
4476 0.015615
4499 0.022174
4516 0.015669
4552 0.015626
4579 0.031048
4591 0.01795
4408 0.041662
4433 0.015667
4455 0.031241
4486 0.015579
4503 0.015659
4527 0.017955
4542 0.015629
4554 0.015655
4584 0.015588
4594 0.015661
4608 0.01967
4638 0.015662
4670 0.015589
4689 0.031245
4710 0.015655
4730 0.015585
4751 0.022182
4607 0.050333
4632 0.01566
4661 0.018591
4677 0.034038
4701 0.018574
4730 0.020945
4747 0.020945
4770 0.011244
4794 0.015668
4824 0.01558
4839 0.031282
4868 0.015618
4894 0.016676
4916 0.01569
4938 0.015599
4974 0.019077
4998 0.015671
4805 0.065494
4825 0.015623
4863 0.031239
4881 0.015589
4893 0.022174
4906 0.015625
4927 0.015629
4954 0.015577
4972 0.031282
5009 0.022222
5035 0.023257
5057 0.036385
5078 0.024702
5085 0.033134
5113 0.020836
5139 0.015619
5160 0.030302
5006 0.06792
5029 0.015582
5056 0.016714
5086 0.015667
5106 0.031243
5133 0.015621
5162 0.015584
5195 0.022211
5208 0.015631
5230 0.031281
5251 0.015613
5277 0.015595
5307 0.022132
5327 0.015674
5345 0.034844
5377 0.02297
5414 0.01599
5197 0.0779
5218 0.020289
5246 0.012554
5274 0.015674
5299 0.031232
5336 0.01562
5357 0.015628
5377 0.022171
5396 0.031288
5414 0.015623
5442 0.015583
5474 0.035192
5495 0.018135
5529 0.015657
5550 0.031207
5584 0.015663
5615 0.022087
5439 0.083406
5456 0.022361
5472 0.02102
5497 0.015619
5533 0.034819
5551 0.02591
5571 0.019241
5600 0.015617
5628 0.031247
5648 0.031136
5681 0.015672
5702 0.031241
5717 0.015619
5738 0.015623
5756 0.022169
5790 0.031287
5833 0.01562
5608 0.085784
5635 0.027843
5664 0.025968
5698 0.019029
5731 0.015623
5767 0.031284
5803 0.031244
5848 0.024227
5875 0.027968
5894 0.018405
5915 0.03121
5939 0.026596
5963 0.015668
5985 0.031204
6009 0.01566
6035 0.033256
6052 0.015656
5855 0.084668
5884 0.016907
5918 0.04079
5939 0.025926
5962 0.015069
5998 0.031284
6015 0.015588
6038 0.03128
6067 0.028114
6091 0.02718
6132 0.020698
6165 0.032332
6189 0.015668
6214 0.031207
6231 0.015618
6260 0.037833
6288 0.015628
6034 0.084714
6069 0.015628
6105 0.040351
6136 0.025932
6165 0.018077
6207 0.031289
6246 0.015615
6266 0.031252
6293 0.022142
6332 0.031287
6361 0.015624
6401 0.037009
6445 0.016438
6470 0.03129
6491 0.031205
6517 0.015626
6557 0.037794
6306 0.08466
6341 0.015665
6367 0.031244
6389 0.039169
6414 0.026995
6448 0.015624
6484 0.031245
6521 0.031283
6537 0.024718
6561 0.035752
6605 0.032456
6619 0.043081
6654 0.033013
6699 0.039914
6728 0.016257
6752 0.03129
6777 0.031203
6535 0.094122
6559 0.028923
6588 0.027765
6616 0.019941
6641 0.031284
6686 0.019166
6720 0.03129
6764 0.031206
6789 0.015664
6818 0.042339
6838 0.02575
6869 0.019194
6888 0.034843
6911 0.031291
6960 0.031206
6998 0.031242
7016 0.026444
6756 0.096139
6789 0.015626
6815 0.031204
6849 0.037796
6895 0.01998
6932 0.023429
6980 0.031297
7009 0.025664
7042 0.031285
7072 0.040075
7105 0.028822
7121 0.015632
7149 0.041808
7193 0.031242
7227 0.027142
7245 0.039933
7282 0.032877
7006 0.089735
7028 0.022207
7043 0.031288
7076 0.031209
7111 0.037795
7147 0.031249
7186 0.031287
7206 0.03334
7246 0.016119
7298 0.031287
7339 0.031199
7389 0.041265
7427 0.040826
7440 0.030914
7472 0.028264
7502 0.031238
7535 0.031256
7249 0.088166
7278 0.034292
7314 0.03378
7341 0.017732
7387 0.03124
7430 0.041255
7460 0.026504
7482 0.031286
7510 0.033833
7560 0.034874
7597 0.036941
7626 0.02816
7668 0.031241
7716 0.031243
7737 0.022004
7776 0.031252
7804 0.031242
7487 0.100394
7523 0.037714
7570 0.037515
7589 0.024687
7624 0.03775
7640 0.031291
7700 0.037225
7726 0.031509
7758 0.031287
7798 0.031208
7847 0.037787
7885 0.036722
7902 0.031278
7930 0.032289
7961 0.031253
7994 0.020811
8034 0.047953
7747 0.115714
7778 0.057867
7816 0.026665
7869 0.04691
7897 0.031247
7949 0.022173
7971 0.046912
8006 0.031248
8040 0.022123
8076 0.046873
8103 0.031244
8138 0.037838
8172 0.031246
8216 0.031204
8243 0.037624
8281 0.029533
8320 0.042634
7972 0.103118
8002 0.041304
8037 0.031237
8066 0.037796
8115 0.031256
8144 0.031239
8173 0.037786
8208 0.031291
8238 0.031241
8282 0.037754
8314 0.039794
8340 0.038901
8384 0.021609
8412 0.046908
8465 0.031239
8496 0.041888
8526 0.031253
8203 0.111402
8239 0.037797
8286 0.03579
8333 0.031285
8360 0.042863
8393 0.035908
8421 0.037898
8465 0.031703
8499 0.031281
8535 0.031238
8575 0.037434
8620 0.046867
8650 0.037769
8680 0.031253
8738 0.03128
8778 0.037759
8805 0.046909
8421 0.112068
8471 0.038508
8513 0.030576
8554 0.031286
8587 0.041283
8633 0.031284
8667 0.046863
8702 0.037308
8720 0.031281
8757 0.031207
8822 0.037817
8852 0.046902
8880 0.037765
8931 0.035301
8969 0.046224
9010 0.038755
9035 0.024343
8704 0.117992
8753 0.037354
8784 0.032257
8830 0.046865
8893 0.036767
8931 0.031279
8972 0.046832
8998 0.039124
9040 0.04526
9066 0.043206
9100 0.057092
9160 0.03777
9198 0.042264
9222 0.042383
9264 0.046875
9307 0.031278
9339 0.042944
8912 0.110487
8968 0.055108
9002 0.029308
9021 0.032641
9058 0.055587
9088 0.02305
9126 0.046898
9181 0.041811
9232 0.031242
9272 0.046906
9315 0.043583
9360 0.046908
9409 0.031832
9447 0.05008
9488 0.034579
9518 0.031287
9553 0.051435
9146 0.117442
9185 0.031288
9215 0.046829
9274 0.037845
9296 0.046863
9355 0.037755
9389 0.046913
9435 0.042471
9461 0.026268
9489 0.046861
9547 0.037723
9591 0.053092
9620 0.039361
9678 0.038798
9720 0.031246
9772 0.037819
9809 0.046908
9374 0.139704
9418 0.029298
9467 0.046829
9515 0.037763
9547 0.046905
9598 0.046019
9629 0.038344
9678 0.031238
9719 0.053358
9782 0.03124
9845 0.053408
9904 0.04957
9941 0.045911
9980 0.03587
10013 0.046828
10055 0.037386
10094 0.046901
9630 0.128255
9662 0.040833
9724 0.031211
9766 0.053499
9804 0.04885
9850 0.035569
9902 0.046908
9950 0.046865
9980 0.037829
10023 0.058477
10053 0.054835
10100 0.055374
10124 0.054248
10185 0.045693
10227 0.046911
10254 0.045522
10303 0.038896
9869 0.131267
9919 0.03773
9975 0.054366
10022 0.039824
10065 0.037335
10130 0.046826
10163 0.037884
10194 0.063733
10257 0.03621
10299 0.04683
10331 0.053474
10377 0.04687
10412 0.037757
10463 0.046876
10508 0.057802
10570 0.038171
10595 0.046866
10123 0.12665
10161 0.046866
10207 0.053042
10250 0.048236
10307 0.036323
10351 0.046874
10415 0.053414
10465 0.044579
10514 0.066788
10541 0.06525
10590 0.061579
10632 0.038295
10661 0.039263
10710 0.046863
10764 0.053347
10808 0.046899
10848 0.053426
10352 0.143391
10384 0.041158
10427 0.046911
10504 0.05082
10545 0.033834
10608 0.062454
10649 0.053425
10678 0.049352
10732 0.035385
10781 0.058866
10831 0.049767
10868 0.039027
10920 0.052431
10953 0.04682
11000 0.037839
11052 0.046864
11098 0.053429
10541 0.15785
10602 0.054345
10649 0.072803
10689 0.042946
10740 0.057236
10789 0.046912
10844 0.046824
10887 0.037842
10927 0.062453
10973 0.053469
11024 0.035972
11083 0.064291
11149 0.046413
11189 0.037841
11248 0.062451
11299 0.0378
11348 0.048179
10765 0.152286
10833 0.046871
10884 0.057923
10944 0.041148
11021 0.054463
11059 0.046898
11111 0.056828
11184 0.047413
11233 0.049348
11279 0.046899
11314 0.053461
