5.71543e-005 -2 0 -17
0.000249526 -2 0 -18
2.95226e-005 -1 1 -17
2.09178e-005 -1 0 -21
0.000675637 -2 0 -19
0.000127545 -1 1 -18
3.54401e-005 -1 0 -22
0.000332662 -1 1 -19
0.00105255 -2 0 -20
6.90962e-005 -3 0 -15
5.34706e-005 -1 0 -23
0.00127454 -2 0 -21
0.000525787 -1 1 -20
0.000361181 -3 0 -16
0.000123121 -2 1 -15
2.37598e-005 -1 2 -14
0.000553276 -2 1 -16
4.77996e-005 -1 0 -24
0.00114735 -3 0 -17
0.000126157 -1 2 -15
0.00116663 -2 0 -22
0.000688862 -1 1 -21
2.26957e-005 -1 0 -25
2.9314e-005 -2 -1 -20
0.00225413 -3 0 -18
0.00152319 -2 1 -17
0.00046459 -1 2 -16
0.000789942 -2 0 -23
0.000687306 -1 1 -22
6.52197e-005 0 2 -19
0.00117082 -1 2 -17
7.15843e-005 -2 -1 -21
0.00319828 -3 0 -19
0.00278106 -2 1 -18
0.000334868 -2 0 -24
0.000534876 -1 1 -23
0.000126034 0 2 -20
0.000132473 -2 -1 -22
0.0034477 -3 0 -20
0.00386137 -2 1 -19
0.00220521 -1 2 -18
3.27409e-005 -3 1 -13
4.78225e-005 -3 -1 -17
4.97341e-005 -2 0 -25
0.000261755 -1 1 -24
0.000181724 0 2 -21
0.000152862 -2 -1 -23
0.00323707 -3 0 -21
0.00410681 -2 1 -20
0.00304112 -1 2 -19
2.34805e-005 -1 3 -12
5.00765e-005 0 3 -15
6.10525e-005 -4 0 -14
5.83437e-005 -1 1 -25
0.000210549 0 2 -22
0.000261572 -3 -1 -18
0.000112873 -2 -1 -24
0.00237188 -3 0 -22
0.00383811 -2 1 -21
0.00338417 -1 2 -20
0.000194383 0 3 -16
0.000311195 -4 0 -15
0.000189341 -3 1 -14
0.000381648 -2 2 -14
0.000185166 0 2 -23
0.000706481 -3 -1 -19
0.000981097 -4 0 -16
4.21774e-005 -2 -1 -25
0.00115205 -3 0 -23
0.00286055 -2 1 -22
0.00318759 -1 2 -21
0.000499429 0 3 -17
0.000755507 -3 1 -15
0.000112247 -1 3 -13
0.00125727 -2 2 -15
0.000111946 0 2 -24
0.00110468 -3 -1 -20
0.000243963 -3 0 -24
0.00153168 -2 1 -23
0.00246118 -1 2 -22
0.000947923 0 3 -18
0.00199423 -4 0 -17
0.00133616 -1 3 -15
3.64407e-005 0 2 -25
0.0012985 -3 -1 -21
0.00290582 -4 0 -18
0.00369125 -3 1 -17
0.00287076 -2 2 -16
0.00193072 -3 1 -16
0.000446222 -2 1 -24
0.00139123 -1 2 -23
0.0013273 0 3 -19
0.00289449 -1 3 -16
0.00114769 -3 -1 -22
0.0030881 -4 0 -19
0.00532209 -3 1 -18
0.00500126 -2 2 -17
0.000446143 -1 3 -14
8.55649e-005 -2 2 -13
0.000473175 -1 2 -24
0.00156911 0 3 -20
0.000741524 -3 -1 -23
0.00289063 -4 0 -20
0.00594662 -3 1 -19
0.00690752 -2 2 -18
0.00490091 -1 3 -17
3.22952e-005 -1 2 -25
0.00154719 0 3 -21
0.000153649 -4 -1 -16
0.000270277 -3 -1 -24
0.00218976 -4 0 -21
0.00567173 -3 1 -20
0.0075085 -2 2 -19
0.00670304 -1 3 -18
6.94494e-005 0 4 -13
0.00131323 0 3 -22
0.000605596 -4 -1 -17
2.24841e-005 -3 -1 -25
0.00120424 -4 0 -22
0.00454994 -3 1 -21
0.00725164 -2 2 -20
0.00732449 -1 3 -19
0.000274882 0 4 -14
0.000811824 0 3 -23
0.00133508 -4 -1 -18
0.000333431 -4 0 -23
0.00284476 -3 1 -22
0.00604762 -2 2 -21
0.00704622 -1 3 -20
0.00081366 0 4 -15
7.46752e-005 -5 0 -14
6.96093e-005 -4 1 -13
8.47861e-005 -2 3 -12
2.28814e-005 -1 4 -11
3.84059e-005 -3 2 -12
0.000314493 0 3 -24
0.00196487 -4 -1 -19
0.00108699 -3 1 -23
0.0039165 -2 2 -22
0.00586239 -1 3 -21
0.00179305 0 4 -16
0.000260425 -5 0 -15
0.000316257 -4 1 -14
0.000116375 -1 4 -12
4.03153e-005 0 3 -25
0.00213255 -4 -1 -20
9.69887e-005 -3 1 -24
0.00177161 -2 2 -23
0.0038152 -1 3 -22
0.00311922 0 4 -17
0.000523571 -5 0 -16
0.0009459 -4 1 -15
0.000473667 -1 4 -13
0.00075584 -3 2 -14
0.000375799 -2 3 -13
5.75707e-005 -3 -2 -20
0.00190181 -4 -1 -21
0.000795312 -5 0 -17
0.000296739 -2 2 -24
0.00182937 -1 3 -23
0.00429805 0 4 -18
0.00188771 -4 1 -16
0.000141646 -3 -2 -21
0.00121532 -4 -1 -22
0.000822665 -5 0 -18
0.00285564 -4 1 -17
0.00390207 -3 2 -16
0.00295272 -2 3 -15
0.00146197 -1 4 -14
0.00201765 -3 2 -15
0.00125431 -2 3 -14
0.000193785 -3 2 -13
0.000404819 -1 3 -24
0.000500572 -4 -1 -23
0.000231981 -3 -2 -22
0.000768314 -5 0 -19
0.00318704 -4 1 -18
0.00576949 -3 2 -17
0.00537881 -2 3 -16
0.00327819 -1 4 -15
0.00487073 0 4 -19
0.00472091 0 4 -20
5.65582e-005 -4 -1 -24
0.000219396 -3 -2 -23
0.000587103 -5 0 -20
0.00306386 -4 1 -19
0.00689548 -3 2 -18
0.00797022 -2 3 -17
0.00575486 -1 4 -16
0.00402092 0 4 -21
0.000139105 -3 -2 -24
0.000338678 -5 0 -21
0.00254848 -4 1 -20
0.00680125 -3 2 -19
0.00938706 -2 3 -18
0.00823673 -1 4 -17
3.1336e-005 1 3 -23
0.00274531 0 4 -22
0.000330773 -5 -1 -16
3.88016e-005 -3 -2 -25
0.00011771 -5 0 -22
0.00161672 -4 1 -21
0.00604849 -3 2 -20
0.00930285 -2 3 -19
0.00945164 -1 4 -18
9.4406e-005 0 5 -12
2.7335e-005 1 3 -24
0.00134776 0 4 -23
0.000669018 -5 -1 -17
0.000674759 -4 1 -22
0.00429376 -3 2 -21
0.00848837 -2 3 -20
0.00934251 -1 4 -19
0.000375991 0 5 -13
3.18108e-005 -4 -2 -17
0.00035769 0 4 -24
0.000910724 -5 -1 -18
9.01995e-005 -4 1 -23
0.00215083 -3 2 -22
0.0064259 -2 3 -21
0.0085248 -1 4 -20
0.00113696 0 5 -14
0.000171985 -4 -2 -18
0.000918596 -5 -1 -19
0.000515157 -3 2 -23
0.00371887 -2 3 -22
0.00656033 -1 4 -21
0.00253479 0 5 -15
2.89692e-005 -5 1 -13
3.50255e-005 -4 2 -12
0.000505374 -4 -2 -19
0.000824749 -5 -1 -20
2.93808e-005 -6 0 -15
0.00124039 -2 3 -23
0.00395104 -1 4 -22
5.58047e-005 1 4 -17
0.00448051 0 5 -16
0.000116817 -5 1 -14
4.51457e-005 -1 5 -11
0.000169603 -4 2 -13
0.000100601 -3 3 -12
3.58371e-005 -2 4 -11
0.000564151 -5 -1 -21
0.000796513 -4 -2 -20
6.56247e-005 -6 0 -16
6.58236e-005 -2 3 -24
0.00152391 -1 4 -23
0.000177198 1 4 -18
0.00647703 0 5 -17
0.000284703 -5 1 -15
0.000541984 -4 2 -14
0.000703876 -2 4 -13
0.000248849 -5 -1 -22
0.000905974 -4 -2 -21
7.65442e-005 -6 0 -17
0.000154056 -1 4 -24
0.000298478 1 4 -19
0.00758801 0 5 -18
0.000513993 -5 1 -16
0.00120064 -4 2 -15
0.00129226 -3 3 -14
0.000216914 -1 5 -12
3.58934e-005 -5 -1 -23
0.00078228 -4 -2 -22
7.33878e-005 -6 0 -18
0.000381654 1 4 -20
0.00751559 0 5 -19
0.000535246 -5 1 -17
0.0019483 -4 2 -16
0.00275604 -3 3 -15
0.00193442 -2 4 -14
0.000800984 -1 5 -13
0.000438056 -3 3 -13
0.000180374 -2 4 -12
0.000426984 -4 -2 -23
6.08576e-005 -6 0 -19
0.000418717 1 4 -21
0.00679297 0 5 -20
0.000511911 -5 1 -18
0.00232077 -4 2 -17
0.00450019 -3 3 -16
0.00392646 -2 4 -15
0.00208874 -1 5 -14
9.22275e-005 -5 -1 -15
0.000116844 -4 -2 -24
3.91326e-005 -6 0 -20
0.000425303 -5 1 -19
0.00223101 -4 2 -18
0.00579049 -3 3 -17
0.00641321 -2 4 -16
0.00412942 -1 5 -15
0.000375732 1 4 -22
0.00506578 0 5 -21
2.09637e-005 -3 -3 -24
0.000285085 -5 1 -20
0.00189518 -4 2 -19
0.00569703 -3 3 -18
0.00858012 -2 4 -17
0.00672607 -1 5 -16
0.000279704 1 4 -23
0.00304146 0 5 -22
0.000141966 -5 1 -21
0.00131084 -4 2 -20
0.00513762 -3 3 -19
0.00890257 -2 4 -18
0.00897606 -1 5 -17
2.91445e-005 -6 -1 -15
0.000132447 1 4 -24
0.00123165 0 5 -23
6.82241e-005 -6 -1 -16
3.32135e-005 -5 1 -22
0.000693079 -4 2 -21
0.00385112 -3 3 -20
0.00845738 -2 4 -19
0.00942685 -1 5 -18
3.8958e-005 0 6 -11
2.77214e-005 1 4 -25
0.000160495 0 5 -24
0.000109293 -6 -1 -17
0.000214629 -4 2 -22
0.00224498 -3 3 -21
0.00676179 -2 4 -20
0.00904521 -1 5 -19
0.000186715 0 6 -12
6.23387e-005 -5 -2 -16
0.000113871 -6 -1 -18
8.15134e-005 1 5 -14
0.000845024 -3 3 -22
0.00425079 -2 4 -21
0.00751708 -1 5 -20
0.000693623 0 6 -13
0.000106531 -6 -1 -19
8.78022e-005 -3 3 -23
0.00184993 -2 4 -22
0.0050401 -1 5 -21
0.000270428 1 5 -15
0.00181014 0 6 -14
0.000549081 -5 -2 -18
7.94593e-005 -6 -1 -20
0.000776802 -5 -2 -19
0.00031397 -2 4 -23
0.00237253 -1 5 -22
0.000629248 1 5 -16
0.00357538 0 6 -15
4.25016e-005 -6 -1 -21
0.000758076 -5 -2 -20
0.000514182 -1 5 -23
0.00114984 1 5 -17
0.00564727 0 6 -16
2.97355e-005 -5 2 -13
4.41837e-005 -2 5 -11
6.41828e-005 -4 -3 -20
0.000593646 -5 -2 -21
0.00162439 1 5 -18
0.00729056 0 6 -17
2.26313e-005 -6 1 -15
0.000101859 -5 2 -14
0.000185794 -4 3 -13
5.15623e-005 -1 6 -11
0.000336053 -5 -2 -22
0.000145659 -4 -3 -21
0.00192303 1 5 -19
0.00752013 0 6 -18
3.81887e-005 -6 1 -16
0.000209133 -5 2 -15
0.000502644 -4 3 -14
0.000244325 -1 6 -12
0.000502962 -3 4 -13
9.66871e-005 -5 -2 -23
0.000229628 -4 -3 -22
0.00193646 1 5 -20
0.00719423 0 6 -19
3.86597e-005 -6 1 -17
0.000270354 -5 2 -16
0.00100774 -4 3 -15
0.00129948 -3 4 -14
0.000795923 -2 5 -13
0.000220208 -2 5 -12
0.000126146 -3 4 -12
4.18411e-005 -4 3 -12
0.000192251 -4 -3 -23
0.00177264 1 5 -21
0.0059195 0 6 -20
3.42973e-005 -6 1 -18
0.000265801 -5 2 -17
0.00116767 -4 3 -16
0.00232367 -3 4 -15
0.00198508 -2 5 -14
0.000864439 -1 6 -13
8.91504e-005 -4 -3 -24
2.63888e-005 -6 1 -19
0.0012873 1 5 -22
0.00395742 0 6 -21
0.000233802 -5 2 -18
0.00111753 -4 3 -17
0.00315316 -3 4 -16
0.00363959 -2 5 -15
0.00210882 -1 6 -14
0.000246681 -5 -2 -17
0.000171273 -5 2 -19
0.000962653 -4 3 -18
0.00310516 -3 4 -17
0.00526796 -2 5 -16
0.00389506 -1 6 -15
0.000680288 1 5 -23
9.54253e-005 -5 2 -20
0.000707737 -4 3 -19
0.00279571 -3 4 -18
0.00534448 -2 5 -17
0.00572962 -1 6 -16
0.000203616 1 5 -24
0.000495897 0 6 -23
3.72881e-005 -5 2 -21
0.000419902 -4 3 -20
0.00210682 -3 4 -19
0.00504238 -2 5 -18
0.00622404 -1 6 -17
0.000182169 -4 3 -21
0.00129732 -3 4 -20
0.00405953 -2 5 -19
0.00597751 -1 6 -18
3.48013e-005 -4 3 -22
0.000601046 -3 4 -21
0.002664 -2 5 -20
0.00502545 -1 6 -19
4.1538e-005 1 6 -12
4.18198e-005 0 7 -11
0.000106561 -6 -2 -17
0.000151782 -3 4 -22
0.00130323 -2 5 -21
0.00344506 -1 6 -20
0.000169138 1 6 -13
0.000200363 0 7 -12
0.000140474 -6 -2 -18
0.000381681 -2 5 -22
0.001796 -1 6 -21
0.000542081 1 6 -14
0.000710143 0 7 -13
0.00013921 -6 -2 -19
0.000558632 -1 6 -22
0.00126813 1 6 -15
0.0017075 0 7 -14
0.00011851 -6 -2 -20
2.46904e-005 -1 6 -23
0.00236575 1 6 -16
0.00311853 0 7 -15
7.20846e-005 -6 -2 -21
0.000410739 -5 -3 -20
0.00350852 1 6 -17
0.004466 0 7 -16
2.61548e-005 -6 -2 -22
0.000400042 -5 -3 -21
0.00425542 1 6 -18
0.004928 0 7 -17
2.69518e-005 -4 4 -12
0.00029172 -5 -3 -22
0.00424537 1 6 -19
0.00479115 0 7 -18
5.79054e-005 -5 3 -14
0.000111736 -4 4 -13
3.26976e-005 -1 7 -11
8.89594e-005 -3 5 -12
0.000126095 -5 -3 -23
2.87104e-005 2 5 -21
0.00385841 1 6 -20
0.00416205 0 7 -19
9.55895e-005 -5 3 -15
0.000287801 -4 4 -14
0.000332413 -3 5 -13
0.000157843 -2 6 -12
3.12236e-005 -2 6 -11
2.63726e-005 -4 -4 -23
5.25258e-005 2 5 -22
0.00290909 1 6 -21
0.00296339 0 7 -20
9.77641e-005 -5 3 -16
0.000403555 -4 4 -15
0.000721285 -3 5 -14
0.000531551 -2 6 -13
0.0001662 -1 7 -12
0.000271835 -5 -3 -19
9.86735e-005 -5 -3 -18
5.68712e-005 -6 -2 -16
0.00197454 0 6 -22
2.77776e-005 -4 -4 -24
4.93554e-005 2 5 -23
0.00169924 1 6 -22
0.00158021 0 7 -21
9.09164e-005 -5 3 -17
0.00039846 -4 4 -16
0.00107408 -3 5 -15
0.00113397 -2 6 -14
0.000557655 -1 7 -13
0.000505613 0 7 -22
3.23843e-005 2 5 -24
0.000674639 1 6 -23
6.91073e-005 -5 3 -18
0.000358985 -4 4 -17
0.00105834 -3 5 -16
0.00180013 -2 6 -15
2.53413e-005 0 7 -23
0.000100583 1 6 -24
4.46631e-005 -5 3 -19
0.000272445 -4 4 -18
0.000945946 -3 5 -17
0.00181327 -2 6 -16
0.00017528 -4 4 -19
0.000729546 -3 5 -18
0.00170135 -2 6 -17
0.00212511 -1 7 -16
8.67235e-005 -4 4 -20
0.000479419 -3 5 -19
0.00135907 -2 6 -18
0.0020427 -1 7 -17
3.20779e-005 -4 4 -21
0.000257118 -3 5 -20
0.000919095 -2 6 -19
0.00173094 -1 7 -18
0.000100247 -3 5 -21
0.000505527 -2 6 -20
0.0012039 -1 7 -19
2.30882e-005 1 7 -11
0.00020079 -2 6 -21
0.000665029 -1 7 -20
0.000113053 1 7 -12
2.70746e-005 -2 6 -22
0.000262694 -1 7 -21
0.000431483 1 7 -13
0.000117013 0 8 -12
0.000114122 -6 -3 -18
3.52551e-005 -1 7 -22
0.00115336 1 7 -14
0.000419458 0 8 -13
0.000139332 -6 -3 -19
7.65714e-005 2 6 -16
0.00230448 1 7 -15
0.000925008 0 8 -14
0.000128751 -6 -3 -20
0.000204374 2 6 -17
0.00362217 1 7 -16
0.00151304 0 8 -15
9.11257e-005 -6 -3 -21
0.000356336 2 6 -18
0.00454371 1 7 -17
0.00169983 0 8 -16
4.14509e-005 -6 -3 -22
0.000445449 2 6 -19
0.00458674 1 7 -18
0.00165226 0 8 -17
0.000125362 -5 -4 -22
0.000493321 2 6 -20
0.00427652 1 7 -19
0.00144352 0 8 -18
8.66961e-005 -5 -4 -23
0.000461508 2 6 -21
0.0033953 1 7 -20
0.0010391 0 8 -19
3.59901e-005 -4 5 -13
2.86319e-005 -5 -4 -24
0.000585593 0 8 -20
0.000372322 2 6 -22
0.00223292 1 7 -21
2.26269e-005 -5 4 -15
7.81138e-005 -4 5 -14
3.77913e-005 -1 8 -12
0.000219215 0 8 -21
0.000222822 2 6 -23
0.00109595 1 7 -22
2.16839e-005 -5 4 -16
9.14211e-005 -4 5 -15
2.30412e-005 0 8 -22
7.50598e-005 2 6 -24
0.000286346 1 7 -23
8.7908e-005 -4 5 -16
0.000216715 -3 6 -15
0.000279499 -2 7 -14
0.00013629 -1 8 -13
0.000192139 -3 6 -14
0.000139834 -2 7 -13
9.89799e-005 -3 6 -13
4.00171e-005 -2 7 -12
2.46708e-005 -3 6 -12
0.00012518 -5 -4 -21
6.64778e-005 -5 -4 -20
6.0634e-005 -6 -3 -17
0.00193764 -1 7 -15
7.38655e-005 -4 5 -17
0.000208413 -3 6 -16
0.000332986 -2 7 -15
5.30236e-005 -4 5 -18
0.000178061 -3 6 -17
0.000323885 -2 7 -16
2.81476e-005 -4 5 -19
0.000131423 -3 6 -18
0.000283934 -2 7 -17
7.73103e-005 -3 6 -19
0.000213501 -2 7 -18
3.41328e-005 -3 6 -20
0.00013556 -2 7 -19
0.00023685 -1 8 -18
6.06438e-005 -2 7 -20
0.000152066 -1 8 -19
6.7898e-005 -1 8 -20
4.54758e-005 2 7 -13
0.000119608 1 8 -12
3.82704e-005 -6 -4 -18
0.000165713 2 7 -14
0.000444788 1 8 -13
0.00042031 2 7 -15
0.00105389 1 8 -14
0.000823511 2 7 -16
0.00186005 1 8 -15
0.000188246 0 9 -14
0.00128954 2 7 -17
0.00260511 1 8 -16
0.000247953 0 9 -15
0.00158429 2 7 -18
0.00285007 1 8 -17
0.000245464 0 9 -16
4.82666e-005 -6 -4 -22
0.000224601 0 9 -17
0.00162551 2 7 -19
0.00277065 1 8 -18
0.000171486 0 9 -18
0.00150666 2 7 -20
0.00238846 1 8 -19
0.00010853 0 9 -19
0.00113758 2 7 -21
0.00169247 1 8 -20
4.73815e-005 0 9 -20
0.00092989 1 8 -21
0.00065703 2 7 -22
0.000242567 2 7 -23
0.000301214 1 8 -22
2.96226e-005 2 7 -24
2.3489e-005 -3 7 -14
2.51522e-005 -3 7 -16
2.11814e-005 -3 7 -17
3.34398e-005 -2 8 -16
2.94734e-005 -1 9 -15
3.45029e-005 -2 8 -15
2.32256e-005 -1 9 -14
2.63739e-005 -3 7 -15
2.90622e-005 -2 8 -14
2.1334e-005 -5 -5 -23
8.49316e-005 -6 -4 -21
0.000101737 -6 -4 -20
8.03603e-005 -6 -4 -19
8.7853e-005 0 9 -13
2.28395e-005 0 9 -12
0.000310494 -1 8 -17
2.90034e-005 -2 8 -17
2.0915e-005 -2 8 -18
4.51599e-005 2 8 -12
0.000192572 2 8 -13
0.000533442 2 8 -14
0.00106584 2 8 -15
3.55136e-005 -6 -5 -20
0.00162891 2 8 -16
0.00077439 1 9 -15
4.58215e-005 -6 -5 -21
0.00201882 2 8 -17
0.000908114 1 9 -16
3.65414e-005 -6 -5 -22
3.97298e-005 3 7 -19
0.00203893 2 8 -18
0.000888902 1 9 -17
0.000784211 1 9 -18
6.74332e-005 3 7 -20
0.00188777 2 8 -19
8.02039e-005 3 7 -21
0.00143964 2 8 -20
0.000570158 1 9 -19
6.88324e-005 3 7 -22
0.000887305 2 8 -21
4.46471e-005 3 7 -23
0.000410914 2 8 -22
0.000101114 2 8 -23
0.000109545 1 9 -21
0.000323049 1 9 -20
0.00048795 1 9 -14
0.000219218 1 9 -13
5.76323e-005 1 9 -12
3.08642e-005 3 8 -14
0.000201675 2 9 -13
9.74918e-005 3 8 -15
0.000470121 2 9 -14
0.000200802 3 8 -16
0.00079221 2 9 -15
0.000310581 3 8 -17
0.00105643 2 9 -16
0.000382388 3 8 -18
0.00114412 2 9 -17
0.000383728 3 8 -19
0.0011136 2 9 -18
0.000360137 3 8 -20
0.000957429 2 9 -19
0.000287223 3 8 -21
0.000678239 2 9 -20
0.000163687 3 8 -22
5.78762e-005 3 8 -23
0.00012204 2 9 -22
0.000355826 2 9 -21
3.95505e-005 1 10 -19
7.08115e-005 1 10 -18
9.03254e-005 1 10 -17
9.57543e-005 1 10 -16
9.22919e-005 1 10 -15
5.97576e-005 1 10 -14
2.15903e-005 1 10 -13
5.68795e-005 3 9 -13
0.000165867 3 9 -14
0.000330202 3 9 -15
0.000493966 3 9 -16
0.000596263 3 9 -17
0.000596321 3 9 -18
0.000541176 3 9 -19
0.000402206 3 9 -20
0.0001036 3 9 -22
3.86407e-005 2 10 -21
0.000239675 3 9 -21
4.32612e-005 3 10 -13
0.000119189 3 10 -14
2.62633e-005 4 9 -16
0.000213152 3 10 -15
4.50446e-005 4 9 -17
0.000288926 3 10 -16
0.00011881 2 10 -20
0.000221977 2 10 -19
0.000295148 2 10 -18
0.000317677 2 10 -17
5.54313e-005 4 9 -18
0.000317773 3 10 -17
5.80392e-005 4 9 -19
5.00269e-005 4 9 -20
0.000264291 3 10 -19
3.53087e-005 4 9 -21
9.14816e-005 3 10 -21
0.000184365 3 10 -20
4.83416e-005 4 10 -15
7.97068e-005 4 10 -16
3.31776e-005 3 11 -15
0.000100196 4 10 -17
0.000104744 4 10 -18
5.27245e-005 3 11 -17
3.73419e-005 3 11 -19
9.60722e-005 4 10 -19
3.55334e-005 4 10 -21
7.04564e-005 4 10 -20
3.9805e-005 4 11 -17
3.84306e-005 4 11 -18
3.09268e-005 4 11 -19
3.4728e-005 4 11 -16
5.01915e-005 3 11 -18
4.96188e-005 3 11 -16
0.000309167 3 10 -18
0.000315806 2 10 -16
0.000254079 2 10 -15
0.000153362 2 10 -14
6.01729e-005 2 10 -13
5.10393e-005 2 9 -12
2.62626e-005 -1 9 -17
2.90832e-005 -1 9 -16
0.000344848 -1 8 -16
0.000351103 -1 8 -15
0.000290681 -1 8 -14
0.00120908 -1 7 -14
