4.12162e-005 -1 0 -26
0.000241294 -1 0 -27
3.23943e-005 0 0 -27
0.000130883 0 0 -28
0.000863961 -1 0 -28
4.11299e-005 0 1 -26
2.83876e-005 -1 -1 -26
0.000366005 0 0 -29
0.00205896 -1 0 -29
0.000189406 0 1 -27
0.000761803 0 0 -30
0.000664221 -1 -1 -28
0.0037202 -1 0 -30
0.000682285 0 1 -28
2.86469e-005 -1 1 -26
0.00127296 0 0 -31
0.00178598 -1 -1 -29
3.43739e-005 -2 0 -28
0.00543579 -1 0 -31
0.00171515 0 1 -29
0.00173747 0 0 -32
0.00352692 -1 -1 -30
5.9246e-005 -2 0 -29
0.00052306 -1 1 -28
0.00585252 -1 0 -32
0.00328308 0 1 -30
9.10735e-005 -2 -1 -27
6.24407e-005 -2 0 -30
0.00184921 0 0 -33
0.00550446 -1 -1 -31
0.00108088 -1 1 -29
7.31625e-005 0 2 -26
0.000169678 -1 1 -27
0.00016723 -1 -1 -27
0.00565692 -1 0 -33
0.00509683 0 1 -31
0.000289351 -2 -1 -28
5.93561e-005 -2 0 -31
0.00178593 0 0 -34
0.00696029 -1 -1 -32
0.00166648 -1 1 -30
0.000332066 0 2 -27
2.99877e-005 -1 -2 -27
0.00477165 -1 0 -34
0.00635695 0 1 -32
0.000582166 -2 -1 -29
6.81752e-005 1 1 -29
4.53557e-005 -2 0 -32
0.00149235 0 0 -35
0.00706565 -1 -1 -33
0.00172258 -1 1 -31
0.00107923 0 2 -28
0.000135934 -1 -2 -28
0.00320093 -1 0 -35
0.00640508 0 1 -33
0.000607059 -2 -1 -30
0.00015422 1 1 -30
2.81778e-005 -2 0 -33
0.00098602 0 0 -36
0.00666529 -1 -1 -34
0.00163995 -1 1 -32
0.00242786 0 2 -29
0.000500539 -1 -2 -29
0.00154129 -1 0 -36
0.00600596 0 1 -34
0.000576628 -2 -1 -31
0.00130934 -1 -2 -30
0.000468216 0 0 -37
0.00522301 -1 -1 -35
0.00136361 -1 1 -33
0.000260101 1 1 -31
0.00427193 0 2 -30
0.000327512 -1 0 -37
0.00471781 0 1 -35
0.000476864 -2 -1 -32
0.00255817 -1 -2 -31
8.83811e-005 -1 2 -28
0.000102218 0 0 -38
0.00313604 -1 -1 -36
0.000955292 -1 1 -34
0.000344537 1 1 -32
0.00612157 0 2 -31
2.88416e-005 -2 -2 -26
0.00291951 0 1 -36
0.000337559 -2 -1 -33
0.00384657 -1 -2 -32
0.000161012 -1 2 -29
0.00116743 -1 -1 -37
0.000529645 -1 1 -35
0.000353052 1 1 -33
0.00685095 0 2 -32
0.000172049 -2 -2 -27
0.00122501 0 1 -37
0.000196913 -2 -1 -34
0.00454513 -1 -2 -33
0.000194763 -1 2 -30
8.10716e-005 1 2 -27
9.3886e-005 -1 -1 -38
0.000189821 -1 1 -36
0.000334852 1 1 -34
0.00673706 0 2 -33
0.000645574 -2 -2 -28
0.000171187 0 1 -38
8.07482e-005 -2 -1 -35
0.00446983 -1 -2 -34
0.000191881 -1 2 -31
0.000277561 1 2 -28
0.000287701 0 3 -27
6.59288e-005 0 3 -26
2.54556e-005 -1 2 -27
0.000268666 1 1 -35
0.00601942 0 2 -34
0.00150158 -2 -2 -29
0.00387746 -1 -2 -35
0.000173317 -1 2 -32
0.00066822 1 2 -29
0.000837483 0 3 -28
0.000170086 1 1 -36
0.00443024 0 2 -35
0.00269484 -2 -2 -30
0.00259973 -1 -2 -36
0.000136154 -1 2 -33
0.00124972 1 2 -30
0.00174034 0 3 -29
7.27389e-005 1 1 -37
0.00249728 0 2 -36
0.0031215 -2 -2 -31
0.00118649 -1 -2 -37
8.67897e-005 -1 2 -34
0.00189701 1 2 -31
0.00284334 0 3 -30
0.00084421 0 2 -37
0.00300386 -2 -2 -32
0.00021877 -1 -2 -38
4.22193e-005 -1 2 -35
0.0022597 1 2 -32
0.0036573 0 3 -31
5.0349e-005 0 2 -38
0.00258052 -2 -2 -33
0.00224466 1 2 -33
0.00372463 0 3 -32
0.00041915 -1 -3 -32
0.00180571 -2 -2 -34
0.000700926 -1 -3 -33
0.00205502 1 2 -34
0.00357054 0 3 -33
2.43652e-005 -2 -3 -26
0.000153772 -1 -3 -31
0.000942908 -2 -2 -35
0.000933314 -1 -3 -34
0.00156643 1 2 -35
0.00292813 0 3 -34
0.000147133 -2 -3 -27
6.43879e-005 1 3 -26
0.00029818 -2 -2 -36
0.000957793 -1 -3 -35
0.000278401 1 3 -27
0.000933711 1 2 -36
0.00192433 0 3 -35
0.00058875 -2 -3 -28
2.83164e-005 -2 -2 -37
0.000848528 -1 -3 -36
0.000842493 1 3 -28
0.000365655 1 2 -37
0.000902752 0 3 -36
0.00149715 -2 -3 -29
0.000547961 -1 -3 -37
0.00183487 1 3 -29
4.17099e-005 1 2 -38
0.000179058 0 3 -37
0.00282403 -2 -3 -30
0.000188161 0 4 -28
0.000194096 -1 -3 -38
0.00316861 1 3 -30
0.00430339 -2 -3 -31
0.000350488 0 4 -29
6.92701e-005 0 4 -27
0.00446677 1 3 -31
0.00504027 -2 -3 -32
0.000490045 0 4 -30
2.72837e-005 -1 -3 -30
0.00490615 1 3 -32
0.000520249 0 4 -31
0.00492471 -2 -3 -33
0.004807 1 3 -33
0.000508402 0 4 -32
0.00426136 -2 -3 -34
0.00428934 1 3 -34
0.000446817 0 4 -33
0.00290939 -2 -3 -35
0.000327272 0 4 -34
0.00319976 1 3 -35
0.00129651 -2 -3 -36
0.000187516 0 4 -35
0.00181808 1 3 -36
4.50309e-005 -3 -3 -27
0.000231105 -2 -3 -37
2.25372e-005 -1 -4 -36
2.58802e-005 2 3 -27
6.73162e-005 0 4 -36
0.000614309 1 3 -37
0.000152521 -3 -3 -28
5.62209e-005 -2 -4 -27
4.96803e-005 -1 -4 -37
8.36039e-005 2 3 -28
3.4424e-005 1 3 -38
0.000210101 -3 -3 -29
0.000254394 -2 -4 -28
0.000467394 1 4 -27
4.47643e-005 -1 -4 -38
0.000189661 2 3 -29
0.0002244 -3 -3 -30
0.000858727 -2 -4 -29
0.000335894 2 3 -30
0.0026884 1 4 -29
0.000220423 -3 -3 -31
0.00197436 -2 -4 -30
0.000479213 2 3 -31
0.00435049 1 4 -30
0.000196579 -3 -3 -32
0.00338251 -2 -4 -31
0.000517215 2 3 -32
0.00567205 1 4 -31
0.00015736 -3 -3 -33
0.00443085 -2 -4 -32
0.0005016 2 3 -33
0.0058567 1 4 -32
0.000114188 -3 -3 -34
0.00447356 -2 -4 -33
3.79862e-005 0 5 -31
3.73692e-005 0 5 -30
2.76755e-005 0 5 -29
0.00131612 1 4 -28
0.000435786 2 3 -34
0.00563939 1 4 -33
7.01264e-005 -3 -3 -35
0.00409037 -2 -4 -34
3.64319e-005 0 5 -32
0.000319347 2 3 -35
0.00468894 1 4 -34
2.93714e-005 -3 -3 -36
0.00295262 -2 -4 -35
3.02052e-005 0 5 -33
0.00011093 1 4 -26
0.000185748 2 3 -36
0.00315108 1 4 -35
2.07783e-005 0 5 -34
6.77843e-005 2 3 -37
0.00160452 1 4 -36
0.00044645 -2 -4 -37
0.000440659 1 4 -37
2.14657e-005 -2 -4 -38
3.95349e-005 2 4 -26
0.00012253 -3 -4 -27
0.000165315 2 4 -27
0.000435402 -3 -4 -28
0.000474667 2 4 -28
0.000929429 -3 -4 -29
2.05019e-005 -2 -5 -28
0.000402112 1 5 -27
0.000992905 2 4 -29
0.00126019 -3 -4 -30
0.000125615 -2 -5 -29
0.001071 1 5 -28
0.00165653 2 4 -30
0.00128065 -3 -4 -31
0.000484103 -2 -5 -30
0.0022202 2 4 -31
0.00121814 -3 -4 -32
0.00117851 -2 -5 -31
0.00229508 2 4 -32
0.000986706 -3 -4 -33
0.00196971 -2 -5 -32
0.00220096 2 4 -33
0.000683473 -3 -4 -34
0.00251289 -2 -5 -33
0.0043487 1 5 -32
0.00182823 2 4 -34
0.00039137 -3 -4 -35
0.00251338 -2 -5 -34
0.0012454 2 4 -35
0.00017 -3 -4 -36
0.00216416 -2 -5 -35
0.00347334 1 5 -34
0.00418234 1 5 -33
0.000647498 2 4 -36
3.33062e-005 -3 -4 -37
0.0013287 -2 -5 -36
0.00230546 1 5 -35
0.00423726 1 5 -31
0.00332091 1 5 -30
0.00210432 1 5 -29
0.000100316 1 5 -26
0.00160441 -2 -4 -36
0.000193633 2 4 -37
0.000480689 -2 -5 -37
0.00107516 1 5 -36
3.84039e-005 -2 -5 -38
0.000102123 2 5 -26
0.000397245 2 5 -27
3.74165e-005 1 6 -26
0.000119716 -3 -5 -27
2.3024e-005 -4 -4 -29
0.00102663 2 5 -28
0.000143529 1 6 -27
2.26244e-005 -4 -4 -30
2.99024e-005 3 4 -30
0.0020016 2 5 -29
0.000353134 1 6 -28
0.00103156 -3 -5 -29
4.49866e-005 3 4 -31
0.00253301 -3 -5 -31
3.80047e-005 -2 -6 -31
4.81131e-005 3 4 -32
4.59031e-005 3 4 -33
0.000195885 -2 -6 -32
3.86834e-005 3 4 -34
0.00390678 2 5 -33
2.70694e-005 3 4 -35
0.0032994 2 5 -34
0.00127748 1 6 -33
0.00114279 -3 -5 -35
0.00224648 2 5 -35
0.0010802 1 6 -34
0.000633722 -2 -6 -34
0.00189836 -3 -5 -34
0.000428475 -2 -6 -33
0.0013143 1 6 -32
0.00248248 -3 -5 -33
0.00408218 2 5 -32
0.00126421 1 6 -31
0.00266024 -3 -5 -32
0.0040178 2 5 -31
0.00100475 1 6 -30
0.00316426 2 5 -30
0.000660448 1 6 -29
0.00184458 -3 -5 -30
0.00049981 -3 -5 -36
0.00108134 2 5 -36
0.000716874 1 6 -35
0.000233325 2 5 -37
0.000323137 1 6 -36
9.84082e-005 -3 -5 -37
5.51857e-005 1 6 -37
6.9537e-005 -2 -6 -38
0.000317269 -2 -6 -37
0.000604066 -2 -6 -36
0.000717377 -2 -6 -35
0.000438392 -3 -5 -28
0.000218407 1 5 -37
3.35845e-005 2 6 -25
7.66371e-005 -3 -6 -27
6.11077e-005 3 5 -27
0.000195493 2 6 -26
2.56327e-005 -4 -5 -27
0.000320269 -3 -6 -28
0.000148289 3 5 -28
0.000687579 2 6 -27
0.000275967 3 5 -29
0.000178325 -4 -5 -30
4.84298e-005 1 7 -28
0.000426487 3 5 -30
0.000200708 -4 -5 -31
0.000521957 3 5 -31
0.000189714 -4 -5 -32
0.000518862 3 5 -32
0.000157489 -4 -5 -33
0.000487009 3 5 -33
9.29494e-005 -4 -5 -34
0.000418657 3 5 -34
0.00458983 2 6 -33
4.03223e-005 -4 -5 -35
0.000297641 3 5 -35
0.00352756 2 6 -34
0.000155093 3 5 -36
0.00220516 2 6 -35
4.57318e-005 3 5 -37
0.000997243 2 6 -36
6.1011e-005 1 7 -35
0.000182168 2 6 -37
4.57564e-005 -2 -7 -38
8.43449e-005 -2 -7 -37
0.000154923 -3 -6 -37
7.82058e-005 -2 -7 -36
0.000639124 -3 -6 -36
2.37006e-005 -2 -7 -35
0.000106545 1 7 -34
0.00137582 -3 -6 -35
0.000134488 1 7 -33
0.00209177 -3 -6 -34
0.000141133 1 7 -32
0.00250031 -3 -6 -33
0.00496393 2 6 -32
0.000138785 1 7 -31
0.00259371 -3 -6 -32
0.00498776 2 6 -31
0.000119043 1 7 -30
0.00236342 -3 -6 -31
0.00427373 2 6 -30
8.5159e-005 1 7 -29
0.00162608 -3 -6 -30
0.0029141 2 6 -29
0.000855253 -3 -6 -29
0.00161221 2 6 -28
8.33585e-005 -4 -6 -27
9.1015e-005 3 6 -26
2.01808e-005 -3 -7 -27
0.000229793 -4 -6 -28
0.000309631 3 6 -27
0.000102246 -3 -7 -28
0.000439626 -4 -6 -29
0.000379297 -3 -7 -29
0.000638973 -4 -6 -30
0.000900911 -3 -7 -30
0.00174607 3 6 -30
0.00193855 3 6 -31
0.000721795 -4 -6 -32
0.00189453 3 6 -32
0.0016922 3 6 -33
0.00398195 2 7 -32
0.000424474 -4 -6 -34
0.0013015 3 6 -34
0.00364066 2 7 -33
0.000222161 -4 -6 -35
0.000829368 3 6 -35
7.43373e-005 -4 -6 -36
0.000393668 3 6 -36
0.00162508 2 7 -35
8.20427e-005 3 6 -37
0.000637523 2 7 -36
7.94275e-005 2 7 -37
2.22856e-005 -3 -7 -38
0.000125097 -3 -7 -37
0.000539621 -3 -7 -36
0.00115279 -3 -7 -35
0.00275382 2 7 -34
0.00174145 -3 -7 -34
0.00199741 -3 -7 -33
0.000618365 -4 -6 -33
0.00200262 -3 -7 -32
0.00401418 2 7 -31
0.00157881 -3 -7 -31
0.00352214 2 7 -30
0.00074094 -4 -6 -31
0.00245275 2 7 -29
0.00122934 3 6 -29
0.00137909 2 7 -28
0.000702573 3 6 -28
0.00059994 2 7 -27
0.000176852 2 7 -26
3.08738e-005 2 7 -25
0.000128744 -4 -5 -29
6.94985e-005 -4 -5 -28
9.26241e-005 -4 -7 -27
2.6638e-005 4 6 -28
0.0003047 -4 -7 -28
0.000667837 -4 -7 -29
4.42028e-005 4 6 -29
4.27096e-005 -3 -8 -29
5.66477e-005 4 6 -30
0.00110386 -4 -7 -30
0.000199576 -3 -8 -30
5.61876e-005 4 6 -31
0.00139017 -4 -7 -31
5.1579e-005 4 6 -32
0.00052764 -3 -8 -31
4.1872e-005 4 6 -33
0.00357666 3 7 -32
3.15584e-005 4 6 -34
0.00319008 3 7 -33
0.00234199 3 7 -34
0.00169115 2 8 -33
0.000531127 -4 -7 -35
0.00133893 3 7 -35
0.000177574 -4 -7 -36
0.000503208 3 7 -36
2.71839e-005 -4 -7 -37
5.73226e-005 3 7 -37
7.82467e-005 -3 -8 -37
0.000254056 2 8 -36
0.000366899 -3 -8 -36
0.000734657 2 8 -35
0.00074497 -3 -8 -35
0.00128391 2 8 -34
0.000991431 -3 -8 -34
0.000974402 -4 -7 -34
0.00102891 -3 -8 -33
0.00181595 2 8 -32
0.00130673 -4 -7 -33
0.000865181 -3 -8 -32
0.00180933 2 8 -31
0.00143308 -4 -7 -32
0.00364311 3 7 -31
0.00153647 2 8 -30
0.00327135 3 7 -30
0.00104429 2 8 -29
0.00228097 3 7 -29
0.000576798 2 8 -28
0.00130628 3 7 -28
0.000250273 2 8 -27
0.000589036 3 7 -27
7.56926e-005 2 8 -26
0.000183101 3 7 -26
3.27743e-005 3 7 -25
4.29401e-005 4 7 -26
2.45106e-005 -5 -7 -27
7.93742e-005 -4 -8 -27
6.35279e-005 -5 -7 -28
0.000116591 4 7 -27
0.00026682 -4 -8 -28
0.000107623 -5 -7 -29
0.000240076 4 7 -28
0.000142526 -5 -7 -30
0.000114645 2 9 -28
0.000585139 4 7 -30
0.000135611 -5 -7 -31
0.000206871 2 9 -29
0.00059736 4 7 -31
9.8289e-005 -5 -7 -32
0.000311299 2 9 -30
2.22965e-005 -3 -9 -31
0.000556165 4 7 -32
6.60818e-005 -5 -7 -33
0.00146974 -4 -8 -32
0.000111929 -3 -9 -32
0.000444218 4 7 -33
3.91239e-005 -5 -7 -34
0.00040619 2 9 -32
0.00029688 4 7 -34
0.000223823 -3 -9 -33
0.00330058 3 8 -33
0.000388217 2 9 -33
0.000158183 4 7 -35
0.00233229 3 8 -34
0.000301788 2 9 -34
5.95665e-005 4 7 -36
0.00128239 3 8 -35
0.000167139 2 9 -35
0.00042891 3 8 -36
4.85706e-005 2 9 -36
2.70392e-005 3 8 -37
5.63586e-005 -3 -9 -37
3.76564e-005 -4 -8 -37
0.000182648 -3 -9 -36
0.000244864 -4 -8 -36
0.000288994 -3 -9 -35
0.000647273 -4 -8 -35
0.000311301 -3 -9 -34
0.00107701 -4 -8 -34
0.00140626 -4 -8 -33
0.00387006 3 8 -32
0.000389642 2 9 -31
0.00399334 3 8 -31
0.0013854 -4 -8 -31
0.00383462 3 8 -30
0.00104286 -4 -8 -30
0.00292276 3 8 -29
0.000602505 -4 -8 -29
0.000417789 4 7 -29
0.00179721 3 8 -28
5.13206e-005 2 9 -27
0.000892312 3 8 -27
0.000333033 3 8 -26
8.09834e-005 3 8 -25
5.97286e-005 -5 -8 -27
0.000181107 4 8 -26
4.04731e-005 -4 -9 -27
0.000157929 -5 -8 -28
0.000155764 -4 -9 -28
0.00028634 -5 -8 -29
0.000406003 -4 -9 -29
0.000402968 -5 -8 -30
0.00135187 4 8 -29
0.0016938 4 8 -30
0.000432151 -5 -8 -31
0.000755858 -4 -9 -30
0.0016978 4 8 -31
0.00318501 3 9 -30
0.000396112 -5 -8 -32
0.00158007 4 8 -32
0.000305479 -5 -8 -33
0.00126611 4 8 -33
0.000193896 -5 -8 -34
0.000846746 4 8 -34
0.00273433 3 9 -33
8.36035e-005 -5 -8 -35
0.000443936 4 8 -35
0.00188211 3 9 -34
2.27148e-005 -5 -8 -36
0.000142912 4 8 -36
0.00095282 3 9 -35
3.55238e-005 -3 -10 -35
0.000248871 3 9 -36
2.8983e-005 -3 -10 -37
3.40085e-005 -4 -9 -37
4.71872e-005 -3 -10 -36
0.000221387 -4 -9 -36
0.000579869 -4 -9 -35
0.000951159 -4 -9 -34
0.00117855 -4 -9 -33
0.00321544 3 9 -32
0.0012085 -4 -9 -32
0.00331428 3 9 -31
0.00108387 -4 -9 -31
0.0024947 3 9 -29
0.00158173 3 9 -28
0.000860784 4 8 -28
0.000801366 3 9 -27
0.000451723 4 8 -27
0.000296896 3 9 -26
7.2405e-005 3 9 -25
4.5615e-005 4 8 -25
7.48683e-005 -5 -9 -27
2.65486e-005 5 8 -27
4.49123e-005 5 8 -28
0.000227663 -5 -9 -28
4.66588e-005 -4 -10 -28
0.000444452 -5 -9 -29
6.41293e-005 5 8 -29
0.00150518 4 9 -28
0.000163293 -4 -10 -29
7.06422e-005 5 8 -30
0.000659848 -5 -9 -30
0.000362242 -4 -10 -30
6.7193e-005 5 8 -31
5.56623e-005 5 8 -32
0.000577359 -4 -10 -31
3.89653e-005 5 8 -33
0.00269926 4 9 -32
0.00169525 3 10 -31
0.000651603 -5 -9 -33
2.02742e-005 5 8 -34
0.00215023 4 9 -33
0.000431797 -5 -9 -34
0.00137869 4 9 -34
0.000204215 -5 -9 -35
0.000638588 4 9 -35
0.000140047 4 9 -36
0.000458842 3 10 -35
9.71494e-005 3 10 -36
2.84857e-005 -4 -10 -37
0.000153344 -4 -10 -36
5.67325e-005 -5 -9 -36
0.000377949 -4 -10 -35
0.000951688 3 10 -34
0.000605888 -4 -10 -34
0.00141455 3 10 -33
0.000713756 -4 -10 -33
0.00165731 3 10 -32
0.000709203 -4 -10 -32
0.000769783 -5 -9 -32
0.00288344 4 9 -31
0.0016092 3 10 -30
0.000787045 -5 -9 -31
0.00287148 4 9 -30
0.00126121 3 10 -29
0.002321 4 9 -29
0.000811799 3 10 -28
0.0004135 3 10 -27
0.000815929 4 9 -27
0.000148556 3 10 -26
0.000363297 4 9 -26
3.43723e-005 3 10 -25
0.000112372 4 9 -25
3.43277e-005 5 9 -25
2.06231e-005 -6 -9 -27
0.000104667 5 9 -26
5.98675e-005 -5 -10 -27
4.622e-005 -6 -9 -28
0.000221715 5 9 -27
0.000529295 4 10 -26
7.5923e-005 -6 -9 -29
0.000211928 -5 -10 -28
0.000370715 5 9 -28
8.07485e-005 -6 -9 -30
0.000227739 3 11 -28
0.000436961 -5 -10 -29
6.56814e-005 -6 -9 -31
0.0006687 -5 -10 -30
0.000541347 5 9 -30
8.51526e-005 -4 -11 -30
0.000504451 5 9 -31
4.75029e-005 -6 -9 -32
0.000458643 3 11 -30
0.000181369 -4 -11 -31
0.000406239 5 9 -32
0.00291906 4 10 -31
2.96433e-005 -6 -9 -33
0.000270936 5 9 -33
0.000260989 -4 -11 -32
0.000490663 3 11 -32
0.000149168 5 9 -34
0.00210925 4 10 -33
0.000421035 3 11 -33
6.44548e-005 5 9 -35
0.00131834 4 10 -34
0.000283692 3 11 -34
0.000181245 -4 -11 -35
0.00056728 4 10 -35
0.000237652 -5 -10 -35
2.24181e-005 3 11 -36
2.24168e-005 -4 -11 -37
7.53246e-005 -4 -11 -36
9.09481e-005 4 10 -36
0.000131212 3 11 -35
7.28278e-005 -5 -10 -36
0.00026507 -4 -11 -34
0.000472179 -5 -10 -34
0.000291571 -4 -11 -33
0.000676452 -5 -10 -33
0.00269353 4 10 -32
0.00049792 3 11 -31
0.000802088 -5 -10 -32
0.000815102 -5 -10 -31
0.00294304 4 10 -30
0.000355671 3 11 -29
0.002645 4 10 -29
0.000516695 5 9 -29
0.00191779 4 10 -28
0.000114781 3 11 -27
0.00112967 4 10 -27
3.92718e-005 3 11 -26
0.000176496 4 10 -25
3.33528e-005 4 10 -24
3.82989e-005 -6 -10 -27
0.000322823 5 10 -26
3.6503e-005 -5 -11 -27
0.000108786 -6 -10 -28
0.000146911 -5 -11 -28
0.000189504 -6 -10 -29
0.00102291 5 10 -28
0.000234845 -6 -10 -30
0.000337191 -5 -11 -29
0.00130269 5 10 -29
0.00132948 5 10 -30
0.000229843 -6 -10 -31
0.000716048 -5 -11 -31
0.000195362 -6 -10 -32
0.00125504 5 10 -31
0.0010535 5 10 -32
0.000132853 -6 -10 -33
0.000718932 -5 -11 -32
3.38702e-005 -4 -12 -32
0.000753782 5 10 -33
0.00227636 4 11 -32
6.26699e-005 -6 -10 -34
0.000438985 5 10 -34
5.68402e-005 -4 -12 -33
0.00171709 4 11 -33
0.00018147 5 10 -35
0.00100381 4 11 -34
2.28683e-005 5 10 -36
0.000372865 4 11 -35
5.91112e-005 -5 -11 -36
3.76044e-005 4 11 -36
2.72958e-005 -4 -12 -36
5.51892e-005 -4 -12 -35
0.000200805 -5 -11 -35
6.69891e-005 -4 -12 -34
2.13564e-005 3 12 -33
0.000420206 -5 -11 -34
2.52608e-005 3 12 -32
0.000618436 -5 -11 -33
2.1397e-005 3 12 -31
0.00250806 4 11 -31
0.00253116 4 11 -30
0.000558592 -5 -11 -30
0.0022885 4 11 -29
0.00168536 4 11 -28
0.000982683 4 11 -27
0.000647387 5 10 -27
0.000433107 4 11 -26
0.000140247 4 11 -25
0.000117052 5 10 -25
2.60881e-005 4 11 -24
2.35029e-005 5 10 -24
5.47783e-005 5 11 -24
3.15419e-005 6 10 -26
0.000245941 5 11 -25
5.77988e-005 -6 -11 -27
5.1511e-005 6 10 -27
0.000160794 -6 -11 -28
6.70785e-005 6 10 -28
0.00111001 5 11 -27
0.000217053 4 12 -26
6.96525e-005 -5 -12 -28
6.98607e-005 6 10 -29
0.000289257 -6 -11 -29
0.00165082 5 11 -28
0.000175108 -5 -12 -29
6.32356e-005 6 10 -30
5.12829e-005 6 10 -31
0.000428075 -6 -11 -31
0.000314566 -5 -12 -30
0.00212515 5 11 -30
3.48361e-005 6 10 -32
0.000391681 -6 -11 -32
0.000475341 -5 -12 -32
0.0016823 5 11 -32
0.000426995 -5 -12 -33
0.000150302 -6 -11 -34
0.00116314 5 11 -33
0.000619383 5 11 -34
4.9696e-005 -6 -11 -35
0.00019485 5 11 -35
4.03097e-005 -5 -12 -36
0.000164546 4 12 -35
0.000134966 -5 -12 -35
0.000521862 4 12 -34
0.000292117 -5 -12 -34
0.000924254 4 12 -33
0.00123335 4 12 -32
0.000280587 -6 -11 -33
0.00136729 4 12 -31
0.000447627 -5 -12 -31
0.00202439 5 11 -31
0.00137401 4 12 -30
0.00123216 4 12 -29
0.000402111 -6 -11 -30
0.0020709 5 11 -29
0.00090277 4 12 -28
0.000517511 4 12 -27
0.000623261 5 11 -26
6.33807e-005 4 12 -25
9.10317e-005 6 11 -25
0.000201904 6 11 -26
5.84202e-005 -6 -12 -27
3.41334e-005 -7 -11 -28
6.63311e-005 4 13 -26
0.000332978 6 11 -27
0.00069148 5 12 -26
0.000161306 -6 -12 -28
4.3624e-005 -7 -11 -29
0.000160227 4 13 -27
0.000443301 6 11 -28
0.000289306 -6 -12 -29
3.90787e-005 -7 -11 -30
0.000281893 4 13 -28
5.78819e-005 -5 -13 -29
2.87999e-005 -7 -11 -31
0.000406623 -6 -12 -30
0.000396936 6 11 -30
0.000115879 -5 -13 -30
0.000313163 6 11 -31
0.000402027 -6 -12 -32
0.00018433 -5 -13 -31
0.000214904 6 11 -32
0.00199567 5 12 -31
0.000443761 4 13 -30
0.000125021 6 11 -33
0.00042292 4 13 -32
0.000309551 -6 -12 -33
6.03414e-005 6 11 -34
0.00020377 -5 -13 -33
0.000318521 4 13 -33
0.000148737 -5 -13 -34
0.000168849 4 13 -34
0.00014219 5 12 -35
3.81716e-005 4 13 -35
2.1215e-005 -5 -13 -36
6.77585e-005 -5 -13 -35
6.10093e-005 -6 -12 -35
0.000528298 5 12 -34
0.000177139 -6 -12 -34
0.00107579 5 12 -33
0.000217102 -5 -13 -32
0.001623 5 12 -32
0.000454104 4 13 -31
0.000425649 -6 -12 -31
0.00211334 5 12 -30
0.000390178 4 13 -29
0.00208581 5 12 -29
0.000447222 6 11 -29
0.00174551 5 12 -28
0.00121204 5 12 -27
0.00030509 5 12 -25
7.79582e-005 5 12 -24
2.32693e-005 6 11 -24
0.000224424 6 12 -25
6.04989e-005 5 13 -24
3.48069e-005 -7 -12 -27
0.00047013 6 12 -26
4.86972e-005 -6 -13 -27
7.84011e-005 -7 -12 -28
0.000755811 6 12 -27
0.000137262 -6 -13 -28
0.000110564 -7 -12 -29
0.000251266 -6 -13 -29
0.000121232 -7 -12 -30
0.00100565 6 12 -29
0.000357424 -6 -13 -30
3.18328e-005 4 14 -29
0.000109767 -7 -12 -31
0.000787325 6 12 -31
7.41861e-005 -7 -12 -32
4.57146e-005 4 14 -30
4.06416e-005 -5 -14 -31
0.000579934 6 12 -32
4.25625e-005 -7 -12 -33
0.000361896 6 12 -33
5.89407e-005 -5 -14 -32
0.000167908 6 12 -34
2.93608e-005 6 12 -35
0.000345452 5 13 -34
4.85076e-005 -5 -14 -34
6.29183e-005 5 13 -35
2.60753e-005 -5 -14 -35
4.9693e-005 -6 -13 -35
3.67014e-005 4 14 -33
0.000148546 -6 -13 -34
6.30877e-005 -5 -14 -33
0.000793749 5 13 -33
5.31142e-005 4 14 -32
0.000272942 -6 -13 -33
0.00129104 5 13 -32
5.45427e-005 4 14 -31
0.000358928 -6 -13 -32
0.00167074 5 13 -31
0.000378923 -6 -13 -31
0.00181085 5 13 -30
0.000937912 6 12 -30
0.00179892 5 13 -29
0.00152497 5 13 -28
0.000972136 6 12 -28
0.00105225 5 13 -27
0.000564063 5 13 -26
0.000237746 5 13 -25
6.37407e-005 6 12 -24
3.28123e-005 7 12 -25
2.78933e-005 5 14 -24
0.000138389 6 13 -24
5.55017e-005 7 12 -26
0.000115852 5 14 -25
5.06175e-005 -7 -13 -27
0.000300313 5 14 -26
7.19508e-005 7 12 -27
2.63053e-005 -6 -14 -27
0.000118618 -7 -13 -28
6.81383e-005 7 12 -28
7.80173e-005 -6 -14 -28
5.56623e-005 7 12 -29
0.000181207 -7 -13 -29
0.000153484 -6 -14 -29
0.000213769 -7 -13 -30
0.000989402 5 14 -29
4.28474e-005 7 12 -30
2.73301e-005 7 12 -31
0.000233217 -6 -14 -30
0.000204077 -7 -13 -31
0.000260318 -6 -14 -31
0.000157165 -7 -13 -32
0.000841843 6 13 -32
9.73945e-005 -7 -13 -33
4.04791e-005 -7 -13 -34
0.000189508 -6 -14 -33
0.000467962 6 13 -33
0.000170231 6 13 -34
2.08425e-005 6 13 -35
3.36246e-005 -6 -14 -35
0.000150201 5 14 -34
9.87928e-005 -6 -14 -34
0.00041912 5 14 -33
0.000734978 5 14 -32
0.000249647 -6 -14 -32
0.000951486 5 14 -31
0.00119464 6 13 -31
0.00100699 5 14 -30
0.00142872 6 13 -30
0.00149549 6 13 -29
0.000837049 5 14 -28
0.00140694 6 13 -28
0.000572883 5 14 -27
0.00110148 6 13 -27
0.000748885 6 13 -26
0.000394205 6 13 -25
0.000155432 7 13 -25
0.000166166 6 14 -24
3.39086e-005 5 15 -25
0.000747527 6 14 -26
5.1793e-005 -7 -14 -27
2.13813e-005 -8 -13 -28
9.733e-005 5 15 -26
2.08051e-005 -8 -13 -29
0.000120103 -7 -14 -28
0.000186435 5 15 -27
3.01726e-005 -6 -15 -28
0.000181361 -7 -14 -29
0.000272926 5 15 -28
0.000303896 7 13 -29
6.3815e-005 -6 -15 -29
0.000211746 -7 -14 -30
0.000336802 5 15 -29
0.000104735 -6 -15 -30
0.000158013 7 13 -31
0.00020762 -7 -14 -31
0.00012476 -6 -15 -31
9.4243e-005 7 13 -32
0.000168022 -7 -14 -32
0.00112217 6 14 -31
0.000362359 5 15 -30
4.69567e-005 7 13 -33
0.000275041 5 15 -32
0.000105822 -7 -14 -33
9.60167e-005 -6 -15 -33
2.80144e-005 5 15 -34
5.16781e-005 -6 -15 -34
0.000122385 6 14 -34
0.000141604 5 15 -33
4.33506e-005 -7 -14 -34
0.0003882 6 14 -33
0.000122961 -6 -15 -32
0.000744147 6 14 -32
0.000354403 5 15 -31
0.00138224 6 14 -30
0.000232899 7 13 -30
0.0014549 6 14 -29
0.00139011 6 14 -28
0.000356143 7 13 -28
0.00110398 6 14 -27
0.0003479 7 13 -27
3.71196e-005 7 14 -23
0.000145129 7 14 -24
2.93698e-005 6 15 -23
0.00032434 7 14 -25
2.62663e-005 -8 -14 -27
0.00054603 7 14 -26
0.000320143 6 15 -25
4.65312e-005 -7 -15 -27
4.97965e-005 -8 -14 -28
0.000704702 7 14 -27
0.000107203 -7 -15 -28
5.9826e-005 -8 -14 -29
0.000736725 7 14 -28
0.00016182 -7 -15 -29
2.1924e-005 5 16 -28
5.24815e-005 -8 -14 -30
0.00067952 7 14 -29
0.000185166 -7 -15 -30
3.80611e-005 5 16 -29
3.9793e-005 -8 -14 -31
3.0749e-005 -6 -16 -30
5.19629e-005 5 16 -30
2.46272e-005 -8 -14 -32
0.000182338 -7 -15 -31
0.000416956 7 14 -31
3.92879e-005 -6 -16 -31
0.000263745 7 14 -32
0.000112337 7 14 -33
8.70135e-005 -7 -15 -33
4.2044e-005 -6 -16 -32
3.85765e-005 5 16 -32
2.50716e-005 -6 -16 -33
4.9046e-005 6 15 -34
3.50752e-005 -7 -15 -34
0.000241665 6 15 -33
0.000533097 6 15 -32
5.53779e-005 5 16 -31
0.000143439 -7 -15 -32
0.000860582 6 15 -31
0.00111343 6 15 -30
0.000568138 7 14 -30
0.00119095 6 15 -29
0.00115558 6 15 -28
0.000935347 6 15 -27
0.000623291 6 15 -26
3.50658e-005 8 14 -24
8.20447e-005 7 15 -23
5.90891e-005 6 16 -24
5.59579e-005 8 14 -25
7.52026e-005 8 14 -26
0.000158823 6 16 -25
0.00045504 7 15 -25
4.14916e-005 -8 -15 -27
0.000323569 6 16 -26
7.22694e-005 8 14 -27
2.66179e-005 -7 -16 -27
7.87667e-005 -8 -15 -28
5.05186e-005 8 14 -28
0.000492797 6 16 -27
0.00087384 7 15 -27
6.96438e-005 -7 -16 -28
9.95408e-005 -8 -15 -29
0.000609174 6 16 -28
3.59664e-005 8 14 -29
0.00011174 -7 -16 -29
9.62791e-005 -8 -15 -30
2.1594e-005 8 14 -30
0.000130003 -7 -16 -30
7.86125e-005 -8 -15 -31
0.000127567 -7 -16 -31
5.06532e-005 -8 -15 -32
0.000293287 7 15 -32
0.000109215 7 15 -33
2.62023e-005 -7 -16 -34
9.71853e-005 6 16 -33
5.50639e-005 -7 -16 -33
0.000273026 6 16 -32
9.63018e-005 -7 -16 -32
0.000482902 6 16 -31
0.000545731 7 15 -31
0.000626733 6 16 -30
0.000783372 7 15 -30
0.000641555 6 16 -29
0.000931193 7 15 -29
0.000970415 7 15 -28
5.15253e-005 8 15 -23
0.00011799 8 15 -24
8.8896e-005 7 16 -23
0.000189747 8 15 -25
4.65346e-005 6 17 -25
0.000631552 7 16 -26
0.000246365 8 15 -26
4.402e-005 -8 -16 -27
0.000100536 6 17 -26
7.80626e-005 -8 -16 -28
0.000155096 6 17 -27
0.0009011 7 16 -28
0.000220925 8 15 -28
3.17489e-005 -7 -17 -28
9.82878e-005 -8 -16 -29
0.000200696 6 17 -28
5.2769e-005 -7 -17 -29
0.00022696 6 17 -29
9.84567e-005 -8 -16 -30
6.34486e-005 -7 -17 -30
6.63652e-005 8 15 -31
8.08377e-005 -8 -16 -31
6.43056e-005 -7 -17 -31
2.84241e-005 8 15 -32
0.000461276 7 16 -31
0.000174524 6 17 -31
2.17562e-005 -8 -16 -33
2.29084e-005 -7 -17 -33
7.17657e-005 7 16 -33
8.29324e-005 6 17 -32
4.85412e-005 -7 -17 -32
0.000236744 7 16 -32
5.11395e-005 -8 -16 -32
0.000230804 6 17 -30
0.000692829 7 16 -30
0.000112189 8 15 -30
0.00086178 7 16 -29
0.000167939 8 15 -29
0.000819611 7 16 -27
0.000257299 8 15 -27
2.555e-005 8 16 -22
0.000434698 7 16 -25
6.7463e-005 7 17 -23
9.55685e-005 8 16 -23
0.000168582 7 17 -24
0.000322577 7 17 -25
0.000348558 8 16 -25
4.15258e-005 -8 -17 -27
2.81e-005 -9 -16 -28
0.000478986 8 16 -27
0.000490554 7 17 -26
6.88575e-005 -8 -17 -28
2.68649e-005 -9 -16 -29
0.000451109 8 16 -28
8.45866e-005 -8 -17 -29
0.000383825 8 16 -29
2.03904e-005 -7 -18 -29
8.57714e-005 -8 -17 -30
2.53758e-005 6 18 -29
0.000276848 8 16 -30
2.35708e-005 -7 -18 -30
2.80156e-005 6 18 -30
6.65093e-005 -8 -17 -31
0.000157024 8 16 -31
5.75935e-005 8 16 -32
4.01218e-005 -8 -17 -32
2.44284e-005 -7 -18 -31
2.2082e-005 -8 -17 -33
2.10704e-005 7 17 -33
0.000133353 7 17 -32
0.000305429 7 17 -31
0.000489923 7 17 -30
0.000630947 7 17 -29
0.000668103 7 17 -28
0.000622074 7 17 -27
4.03994e-005 8 17 -22
0.000131875 8 17 -23
3.25964e-005 9 16 -23
2.8565e-005 7 18 -23
5.16034e-005 9 16 -24
7.3872e-005 7 18 -24
5.96268e-005 9 16 -25
0.0002555 8 17 -24
0.000154007 7 18 -25
5.88032e-005 9 16 -26
3.0476e-005 -9 -17 -27
4.19918e-005 9 16 -27
0.000244465 7 18 -26
0.000454595 8 17 -26
2.37231e-005 -8 -18 -27
4.33438e-005 -9 -17 -28
0.000310049 7 18 -27
2.72251e-005 9 16 -28
4.87159e-005 -8 -18 -28
4.38035e-005 -9 -17 -29
0.000335455 7 18 -28
0.000503324 8 17 -28
5.89869e-005 -8 -18 -29
3.5015e-005 -9 -17 -30
0.00033011 7 18 -29
2.32739e-005 -9 -17 -31
5.97687e-005 -8 -18 -30
4.61746e-005 -8 -18 -31
2.73639e-005 -8 -18 -32
3.97213e-005 7 18 -32
5.29094e-005 8 17 -32
0.000137686 7 18 -31
0.000156451 8 17 -31
0.000249245 7 18 -30
0.000291077 8 17 -30
3.15739e-005 9 17 -22
3.51048e-005 8 18 -22
0.000424458 8 17 -29
8.17769e-005 9 17 -23
0.00012493 8 18 -23
0.000127201 9 17 -24
0.000154286 9 17 -25
0.000234427 8 18 -24
4.10947e-005 7 19 -25
0.000155071 9 17 -26
3.10386e-005 -9 -18 -27
7.19708e-005 7 19 -26
0.00012782 9 17 -27
4.22079e-005 -9 -18 -28
9.57897e-005 7 19 -27
9.68566e-005 9 17 -28
4.3347e-005 -9 -18 -29
0.000108559 7 19 -28
6.64814e-005 9 17 -29
2.96403e-005 -8 -19 -29
0.000232921 8 18 -30
0.000108486 7 19 -29
3.70064e-005 -9 -18 -30
3.84747e-005 9 17 -30
3.13232e-005 -8 -19 -30
2.42374e-005 -9 -18 -31
2.56931e-005 8 18 -32
2.18076e-005 7 19 -31
2.52998e-005 -8 -19 -31
0.000114407 8 18 -31
7.26228e-005 7 19 -30
0.000350939 8 18 -29
5.58306e-005 9 18 -22
0.000438153 8 18 -28
0.000459109 8 18 -27
7.97575e-005 8 19 -23
0.00012333 9 18 -23
0.000413624 8 18 -26
0.000149141 8 19 -24
0.000196649 9 18 -24
0.000228912 8 19 -25
0.000291218 8 19 -26
0.000254854 9 18 -26
2.8748e-005 -9 -19 -27
0.000319552 8 19 -27
3.54863e-005 -9 -19 -28
0.000295867 8 19 -28
0.000196564 9 18 -28
3.70657e-005 -9 -19 -29
3.17805e-005 -9 -19 -30
7.1685e-005 9 18 -30
4.43212e-005 8 19 -31
2.17667e-005 -9 -19 -31
0.000132207 8 19 -30
0.000225081 8 19 -29
5.58499e-005 9 19 -22
2.36124e-005 10 18 -22
0.000137192 9 18 -29
0.000126534 9 19 -23
3.82656e-005 10 18 -23
2.22918e-005 8 20 -23
5.95667e-005 8 20 -24
3.7688e-005 10 18 -25
0.000193667 9 19 -24
0.000100879 8 20 -25
2.50867e-005 10 18 -26
0.000131659 8 20 -26
2.69728e-005 -9 -20 -28
0.000136795 8 20 -28
0.000194395 9 19 -28
2.72486e-005 -9 -20 -29
9.31167e-005 8 20 -29
2.36569e-005 -9 -20 -30
3.75986e-005 8 20 -30
6.20859e-005 9 19 -30
4.31791e-005 10 19 -22
4.63135e-005 9 20 -22
0.000130978 9 19 -29
0.000146483 8 20 -27
7.93932e-005 10 19 -23
9.70054e-005 10 19 -24
0.000103724 9 20 -23
9.35024e-005 10 19 -25
0.000155966 9 20 -24
6.96257e-005 10 19 -26
2.014e-005 -10 -20 -27
2.37177e-005 8 21 -26
4.79837e-005 10 19 -27
2.10556e-005 -10 -20 -28
2.73015e-005 8 21 -27
2.15024e-005 8 21 -28
2.65435e-005 9 20 -30
8.57009e-005 9 20 -29
4.41019e-005 10 20 -22
0.000145853 9 20 -28
3.09393e-005 10 19 -28
0.000191485 9 20 -27
0.000201513 9 20 -26
5.4575e-005 9 21 -23
8.74456e-005 10 20 -23
8.46187e-005 9 21 -24
0.000103701 9 21 -25
0.000114439 9 21 -26
4.74475e-005 10 20 -28
2.12076e-005 9 21 -29
6.53645e-005 9 21 -28
0.000102364 9 21 -27
3.1429e-005 10 21 -22
7.50949e-005 10 21 -23
2.57754e-005 9 22 -25
2.913e-005 9 22 -26
2.87549e-005 11 21 -23
3.45977e-005 10 22 -23
3.14326e-005 11 21 -24
2.54657e-005 11 21 -25
4.64813e-005 10 22 -24
2.19533e-005 10 22 -27
2.16927e-005 11 22 -24
4.26002e-005 10 22 -26
5.03163e-005 10 22 -25
3.18141e-005 10 21 -28
6.46302e-005 10 21 -27
8.94726e-005 10 21 -26
9.62945e-005 10 21 -25
9.09269e-005 10 21 -24
7.86143e-005 10 20 -27
0.000103282 10 20 -26
0.000115296 10 20 -25
0.000109943 10 20 -24
0.000181708 9 20 -25
0.000235291 9 19 -27
0.000247906 9 19 -26
0.000226602 9 19 -25
4.23822e-005 10 18 -24
0.000236545 9 18 -27
0.000240221 9 18 -25
0.000330612 8 18 -25
0.000516696 8 17 -27
0.000361492 8 17 -25
0.000444426 8 16 -26
0.000208543 8 16 -24
0.000235012 7 16 -24
0.000665375 7 15 -26
0.000235431 7 15 -24
0.000127991 6 15 -24
0.0002612 7 13 -26
0.000410063 6 14 -25
6.62e-005 7 13 -24
3.46918e-005 6 14 -23
