0.216667
1.39491e-05 -5.5 0.5 1
1.50392e-05 -5.5 0.5 0.5
1.50006e-05 -6 1 1
1.18762e-05 -5.5 0.5 0
1.76481e-05 -6 1 0.5
1.66984e-05 -6 1 0
1.39774e-05 -5 0.5 1.5
1.51639e-05 -5.5 1 2
2.27359e-05 -5 0.5 1
4.47873e-05 -5.5 1 1.5
2.51046e-05 -5 0.5 0.5
7.61562e-05 -5.5 1 1
2.48474e-05 -6 1.5 1.5
2.12537e-05 -5 0.5 0
8.46411e-05 -5.5 1 0.5
5.11514e-05 -6 1.5 1
7.53006e-05 -5.5 1 0
6.72854e-05 -6 1.5 0.5
1.1459e-05 -6.5 2 1
3.65681e-05 -5.5 1 -0.5
6.80317e-05 -6 1.5 0
2.08332e-05 -6.5 2 0.5
5.36014e-05 -6 1.5 -0.5
2.45251e-05 -6.5 2 0
1.75307e-05 -6 1.5 -1
2.58082e-05 -6.5 2 -0.5
1.81586e-05 -6.5 2 -1
1.12036e-05 -4.5 0.5 1.5
3.41199e-05 -5 1 2
1.03274e-05 -5.5 1.5 2.5
1.93983e-05 -4.5 0.5 1
8.1694e-05 -5 1 1.5
6.01366e-05 -5.5 1.5 2
2.19215e-05 -4.5 0.5 0.5
0.000129599 -5 1 1
0.000166074 -5.5 1.5 1.5
1.35111e-05 -6 2 2
1.86497e-05 -4.5 0.5 0
0.000143974 -5 1 0.5
0.000279539 -5.5 1.5 1
5.64571e-05 -6 2 1.5
0.000131801 -5 1 0
0.000323652 -5.5 1.5 0.5
0.000125374 -6 2 1
7.22511e-05 -5 1 -0.5
0.000313086 -5.5 1.5 0
0.000183698 -6 2 0.5
1.69607e-05 -6.5 2.5 1
1.48232e-05 -5 1 -1
0.000211445 -5.5 1.5 -0.5
0.000198062 -6 2 0
3.47055e-05 -6.5 2.5 0.5
6.03778e-05 -5.5 1.5 -1
0.000190833 -6 2 -0.5
4.85165e-05 -6.5 2.5 0
0.000125391 -6 2 -1
5.32177e-05 -6.5 2.5 -0.5
3.39255e-05 -6 2 -1.5
5.22174e-05 -6.5 2.5 -1
4.07219e-05 -6.5 2.5 -1.5
1.61454e-05 -6.5 2.5 -2
3.25557e-05 -4.5 1 2
3.56407e-05 -5 1.5 2.5
7.54839e-05 -4.5 1 1.5
0.00014398 -5 1.5 2
2.61371e-05 -5.5 2 2.5
0.000119653 -4.5 1 1
0.000322474 -5 1.5 1.5
0.000144843 -5.5 2 2
0.000134991 -4.5 1 0.5
0.000500999 -5 1.5 1
0.000403215 -5.5 2 1.5
1.60775e-05 -6 2.5 2
0.00012504 -4.5 1 0
0.00056955 -5 1.5 0.5
0.000704558 -5.5 2 1
7.72125e-05 -6 2.5 1.5
7.61072e-05 -4.5 1 -0.5
0.000551154 -5 1.5 0
0.000880828 -5.5 2 0.5
0.000198666 -6 2.5 1
2.23978e-05 -4.5 1 -1
0.000385992 -5 1.5 -0.5
0.000890528 -5.5 2 0
0.000326415 -6 2.5 0.5
2.2156e-05 -6.5 3 1
0.00012884 -5 1.5 -1
0.000777347 -5.5 2 -0.5
0.000391166 -6 2.5 0
4.74855e-05 -6.5 3 0.5
1.42447e-05 -5 1.5 -1.5
0.000404598 -5.5 2 -1
0.000399799 -6 2.5 -0.5
6.9692e-05 -6.5 3 0
8.05685e-05 -5.5 2 -1.5
0.000374527 -6 2.5 -1
7.97372e-05 -6.5 3 -0.5
0.000217389 -6 2.5 -1.5
1.19346e-05 -5.5 2 -2
7.92983e-05 -6.5 3 -1
4.89164e-05 -6 2.5 -2
7.25848e-05 -6.5 3 -1.5
5.13659e-05 -6.5 3 -2
2.1806e-05 -6.5 3 -2.5
1.25878e-05 -4 1 2
3.96632e-05 -4.5 1.5 2.5
1.76435e-05 -5 2 3
3.10308e-05 -4 1 1.5
0.000144036 -4.5 1.5 2
0.00010774 -5 2 2.5
5.378e-05 -4 1 1
0.000311296 -4.5 1.5 1.5
0.00039395 -5 2 2
3.33988e-05 -5.5 2.5 2.5
6.8713e-05 -4 1 0.5
0.000479952 -4.5 1.5 1
0.00085385 -5 2 1.5
0.000203721 -5.5 2.5 2
6.71496e-05 -4 1 0
0.000550375 -4.5 1.5 0.5
0.00133477 -5 2 1
0.000653311 -5.5 2.5 1.5
2.16809e-05 -6 3 2
4.86778e-05 -4 1 -0.5
0.000534192 -4.5 1.5 0
0.00157649 -5 2 0.5
0.00124134 -5.5 2.5 1
0.000104603 -6 3 1.5
1.869e-05 -4 1 -1
0.000387997 -4.5 1.5 -0.5
0.0015753 -5 2 0
0.00168619 -5.5 2.5 0.5
0.000272173 -6 3 1
0.000162361 -4.5 1.5 -1
0.00133707 -5 2 -0.5
0.00178262 -5.5 2.5 0
0.000462533 -6 3 0.5
1.96474e-05 -6.5 3.5 1
2.29882e-05 -4.5 1.5 -1.5
0.000701065 -5 2 -1
0.00173853 -5.5 2.5 -0.5
0.000576326 -6 3 0
4.80278e-05 -6.5 3.5 0.5
0.00014961 -5 2 -1.5
0.00131035 -5.5 2.5 -1
0.000597862 -6 3 -0.5
7.63451e-05 -6.5 3.5 0
0.000561202 -5.5 2.5 -1.5
1.84944e-05 -5 2 -2
0.000594068 -6 3 -1
8.37952e-05 -6.5 3.5 -0.5
8.57058e-05 -5.5 2.5 -2
0.000504243 -6 3 -1.5
8.32331e-05 -6.5 3.5 -1
7.87938e-05 -6.5 3.5 -1.5
1.34315e-05 -5.5 2.5 -2.5
0.000251705 -6 3 -2
5.52413e-05 -6 3 -2.5
6.21023e-05 -6.5 3.5 -2
4.38964e-05 -6.5 3.5 -2.5
2.27758e-05 -6.5 3.5 -3
2.2927e-05 -4 1.5 2.5
2.52241e-05 -4.5 2 3
7.41814e-05 -4 1.5 2
0.000132332 -4.5 2 2.5
3.02826e-05 -5 2.5 3
0.000157618 -4 1.5 1.5
0.000418454 -4.5 2 2
0.000187311 -5 2.5 2.5
0.000253853 -4 1.5 1
0.000862445 -4.5 2 1.5
0.000733065 -5 2.5 2
5.19242e-05 -5.5 3 2.5
0.000317435 -4 1.5 0.5
0.00132437 -4.5 2 1
0.00163763 -5 2.5 1.5
0.000305052 -5.5 3 2
0.000316575 -4 1.5 0
0.00155872 -4.5 2 0.5
0.00262473 -5 2.5 1
0.000954166 -5.5 3 1.5
1.65507e-05 -6 3.5 2
0.000259073 -4 1.5 -0.5
0.00155666 -4.5 2 0
0.00322724 -5 2.5 0.5
0.00182495 -5.5 3 1
8.50793e-05 -6 3.5 1.5
0.00013172 -4 1.5 -1
0.00132033 -4.5 2 -0.5
0.00329311 -5 2.5 0
0.00253996 -5.5 3 0.5
0.000264873 -6 3.5 1
3.08687e-05 -4 1.5 -1.5
0.000737608 -4.5 2 -1
0.00309302 -5 2.5 -0.5
0.00274931 -5.5 3 0
0.00049152 -6 3.5 0.5
1.24699e-05 -6.5 4 1
0.00019574 -4.5 2 -1.5
0.00214382 -5 2.5 -1
0.00274607 -5.5 3 -0.5
0.000616832 -6 3.5 0
3.51675e-05 -6.5 4 0.5
2.063e-05 -4.5 2 -2
0.0008829 -5 2.5 -1.5
0.00246188 -5.5 3 -1
0.000629426 -6 3.5 -0.5
5.68282e-05 -6.5 4 0
0.000133927 -5 2.5 -2
0.00154469 -5.5 3 -1.5
0.00062473 -6 3.5 -1
5.98779e-05 -6.5 4 -0.5
1.70967e-05 -5 2.5 -2.5
0.000555578 -5.5 3 -2
0.000578259 -6 3.5 -1.5
5.88688e-05 -6.5 4 -1
7.97301e-05 -5.5 3 -2.5
0.000413402 -6 3.5 -2
5.42093e-05 -6.5 4 -1.5
4.76389e-05 -6.5 4 -2
1.16789e-05 -5.5 3 -3
0.000205266 -6 3.5 -2.5
4.87157e-05 -6 3.5 -3
3.88209e-05 -6.5 4 -2.5
3.25433e-05 -6.5 4 -3
1.85501e-05 -6.5 4 -3.5
1.92057e-05 -4 2 3
9.35293e-05 -4 2 2.5
5.79544e-05 -4.5 2.5 3
1.0675e-05 -3.5 1.5 1.5
0.000265078 -4 2 2
0.000287765 -4.5 2.5 2.5
5.5219e-05 -5 3 3
2.6623e-05 -3.5 1.5 1
0.000522329 -4 2 1.5
0.000866538 -4.5 2.5 2
0.000323551 -5 3 2.5
0.00119651 -5 3 2
4.57776e-05 -3.5 1.5 0.5
0.000804267 -4 2 1
0.00175895 -4.5 2.5 1.5
4.06837e-05 -5.5 3.5 2.5
6.58736e-05 -3.5 1.5 0
0.000991951 -4 2 0.5
0.00271959 -4.5 2.5 1
0.00263016 -5 3 1.5
0.000233946 -5.5 3.5 2
7.11879e-05 -3.5 1.5 -0.5
0.00100325 -4 2 0
0.00328985 -4.5 2.5 0.5
0.00420469 -5 3 1
0.000934112 -5.5 3.5 1.5
5.58287e-05 -3.5 1.5 -1
0.000885095 -4 2 -0.5
0.00334351 -4.5 2.5 0
0.00522327 -5 3 0.5
0.00203153 -5.5 3.5 1
5.08859e-05 -6 4 1.5
2.3946e-05 -3.5 1.5 -1.5
0.000547628 -4 2 -1
0.00311189 -4.5 2.5 -0.5
0.00538164 -5 3 0
0.00294302 -5.5 3.5 0.5
0.000187471 -6 4 1
0.000196371 -4 2 -1.5
0.00213314 -4.5 2.5 -1
0.00523498 -5 3 -0.5
0.00312614 -5.5 3.5 0
0.000375562 -6 4 0.5
2.34412e-05 -4 2 -2
0.000918827 -4.5 2.5 -1.5
0.00419893 -5 3 -1
0.00311554 -5.5 3.5 -0.5
0.000466541 -6 4 0
1.71953e-05 -6.5 4.5 0.5
0.000153085 -4.5 2.5 -2
0.00239124 -5 3 -1.5
0.00291292 -5.5 3.5 -1
0.000465698 -6 4 -0.5
3.21692e-05 -6.5 4.5 0
1.63523e-05 -4.5 2.5 -2.5
0.000788189 -5 3 -2
0.00221123 -5.5 3.5 -1.5
0.000457572 -6 4 -1
3.55906e-05 -6.5 4.5 -0.5
9.64997e-05 -5 3 -2.5
0.0012538 -5.5 3.5 -2
0.000436763 -6 4 -1.5
3.49824e-05 -6.5 4.5 -1
0.000379864 -6 4 -2
1.21665e-05 -5 3 -3
0.000407645 -5.5 3.5 -2.5
3.21233e-05 -6.5 4.5 -1.5
5.67806e-05 -5.5 3.5 -3
0.000265718 -6 4 -2.5
2.83334e-05 -6.5 4.5 -2
0.000127964 -6 4 -3
2.41645e-05 -6.5 4.5 -2.5
2.39642e-05 -6 4 -3.5
2.37618e-05 -6.5 4.5 -3
1.70982e-05 -6.5 4.5 -3.5
1.2435e-05 -3.5 2 2.5
5.35897e-05 -4 2.5 3
1.93247e-05 -4.5 3 3.5
3.34862e-05 -3.5 2 2
0.000240732 -4 2.5 2.5
0.000113571 -4.5 3 3
7.0333e-05 -3.5 2 1.5
0.000649633 -4 2.5 2
0.000530269 -4.5 3 2.5
5.24129e-05 -5 3.5 3
0.000131613 -3.5 2 1
0.00125041 -4 2.5 1.5
0.00151155 -4.5 3 2
0.000309773 -5 3.5 2.5
0.00298224 -4.5 3 1.5
0.000196146 -3.5 2 0.5
0.00189426 -4 2.5 1
0.00132033 -5 3.5 2
2.4104e-05 -5.5 4 2.5
0.00024511 -3.5 2 0
0.00232621 -4 2.5 0.5
0.00455046 -4.5 3 1
0.00319166 -5 3.5 1.5
0.000144598 -5.5 4 2
0.00065558 -5.5 4 1.5
0.000261609 -3.5 2 -0.5
0.0023767 -4 2.5 0
0.00551629 -4.5 3 0.5
0.00533025 -5 3.5 1
0.000218454 -3.5 2 -1
0.00220415 -4 2.5 -0.5
0.00563212 -4.5 3 0
0.00661611 -5 3.5 0.5
0.0015849 -5.5 4 1
1.92431e-05 -6 4.5 1.5
0.000118891 -3.5 2 -1.5
0.00154696 -4 2.5 -1
0.00541687 -4.5 3 -0.5
0.0067132 -5 3.5 0
0.00242585 -5.5 4 0.5
8.52338e-05 -6 4.5 1
3.1232e-05 -3.5 2 -2
0.000727107 -4 2.5 -1.5
0.00423267 -4.5 3 -1
0.00656166 -5 3.5 -0.5
0.00258614 -5.5 4 0
0.000205038 -6 4.5 0.5
0.000155047 -4 2.5 -2
0.00237913 -4.5 3 -1.5
0.00564222 -5 3.5 -1
0.00257671 -5.5 4 -0.5
0.000289262 -6 4.5 0
1.5862e-05 -4 2.5 -2.5
0.000777884 -4.5 3 -2
0.00385382 -5 3.5 -1.5
0.0025064 -5.5 4 -1
0.000292474 -6 4.5 -0.5
1.29646e-05 -6.5 5 0
9.11687e-05 -4.5 3 -2.5
0.00188586 -5 3.5 -2
0.00214674 -5.5 4 -1.5
0.000285122 -6 4.5 -1
1.77705e-05 -6.5 5 -0.5
1.14841e-05 -4.5 3 -3
0.000471584 -5 3.5 -2.5
0.00146138 -5.5 4 -2
0.000269115 -6 4.5 -1.5
1.76739e-05 -6.5 5 -1
5.6878e-05 -5 3.5 -3
0.000732223 -5.5 4 -2.5
0.000245497 -6 4.5 -2
1.64622e-05 -6.5 5 -1.5
0.000184552 -5.5 4 -3
0.000213251 -6 4.5 -2.5
1.43449e-05 -6.5 5 -2
2.10595e-05 -5.5 4 -3.5
0.000142059 -6 4.5 -3
4.50353e-05 -6 4.5 -3.5
1.16425e-05 -6.5 5 -3
1.23901e-05 -6.5 5 -2.5
1.83478e-05 -3.5 2.5 3
2.00815e-05 -4 3 3.5
6.03073e-05 -3.5 2.5 2.5
0.000112084 -4 3 3
2.62013e-05 -4.5 3.5 3.5
0.000140323 -3.5 2.5 2
0.000475542 -4 3 2.5
0.000144439 -4.5 3.5 3
0.00026844 -3.5 2.5 1.5
0.00124097 -4 3 2
0.000673526 -4.5 3.5 2.5
3.83956e-05 -5 4 3
0.000446797 -3.5 2.5 1
0.0023449 -4 3 1.5
0.00199654 -4.5 3.5 2
0.000223672 -5 4 2.5
0.000616323 -3.5 2.5 0.5
0.00350796 -4 3 1
0.00399915 -4.5 3.5 1.5
0.00102821 -5 4 2
1.02069e-05 -5.5 4.5 2.5
0.00269542 -5 4 1.5
0.000724617 -3.5 2.5 0
0.00427302 -4 3 0.5
0.00612754 -4.5 3.5 1
5.7302e-05 -5.5 4.5 2
0.000283578 -5.5 4.5 1.5
0.0043686 -4 3 0
2.04427e-05 -3 2 -1
0.000713904 -3.5 2.5 -0.5
0.00735788 -4.5 3.5 0.5
0.0047731 -5 4 1
2.683e-05 -3 2 -1.5
0.000603457 -3.5 2.5 -1
0.00415804 -4 3 -0.5
0.00744239 -4.5 3.5 0
0.00623076 -5 4 0.5
0.000867193 -5.5 4.5 1
0.00720543 -4.5 3.5 -0.5
1.55544e-05 -3 2 -2
0.000364993 -3.5 2.5 -1.5
0.00318532 -4 3 -1
0.00640423 -5 4 0
0.00158753 -5.5 4.5 0.5
2.24317e-05 -6 5 1
0.000128672 -3.5 2.5 -2
0.00179181 -4 3 -1.5
0.00600139 -4.5 3.5 -1
0.00633635 -5 4 -0.5
0.00181949 -5.5 4.5 0
7.6767e-05 -6 5 0.5
1.55073e-05 -3.5 2.5 -2.5
0.000613812 -4 3 -2
0.00395766 -4.5 3.5 -1.5
0.00574138 -5 4 -1
0.00181218 -5.5 4.5 -0.5
0.000141226 -6 5 0
7.28626e-05 -4 3 -2.5
0.00185893 -4.5 3.5 -2
0.00427244 -5 4 -1.5
0.00177066 -5.5 4.5 -1
0.00015518 -6 5 -0.5
0.000434004 -4.5 3.5 -2.5
0.00251948 -5 4 -2
0.00159825 -5.5 4.5 -1.5
0.0001524 -6 5 -1
4.74238e-05 -4.5 3.5 -3
0.00100666 -5 4 -2.5
0.00125167 -5.5 4.5 -2
0.000143533 -6 5 -1.5
0.000165308 -5 4 -3
0.000764758 -5.5 4.5 -2.5
0.000130671 -6 5 -2
1.78309e-05 -5 4 -3.5
0.000282602 -5.5 4.5 -3
0.00011671 -6 5 -2.5
3.64882e-05 -5.5 4.5 -3.5
4.40126e-05 -6 5 -3.5
9.51275e-05 -6 5 -3
1.03935e-05 -3.5 3 3.5
5.26161e-05 -3.5 3 3
3.0263e-05 -4 3.5 3.5
0.000162847 -3.5 3 2.5
0.000156433 -4 3.5 3
2.26226e-05 -4.5 4 3.5
0.000372845 -3.5 3 2
0.000665296 -4 3.5 2.5
0.0001228 -4.5 4 3
0.000699765 -3.5 3 1.5
0.00178875 -4 3.5 2
0.000582016 -4.5 4 2.5
1.8235e-05 -5 4.5 3
0.001109 -3.5 3 1
0.00342422 -4 3.5 1.5
0.00183121 -4.5 4 2
0.000104464 -5 4.5 2.5
1.09814e-05 -3 2.5 0
0.00145459 -3.5 3 0.5
0.00513851 -4 3.5 1
0.00385903 -4.5 4 1.5
0.000536929 -5 4.5 2
1.43911e-05 -5.5 5 2
2.48655e-05 -3 2.5 -0.5
0.00162789 -3.5 3 0
0.00618028 -4 3.5 0.5
0.00618123 -4.5 4 1
0.00173504 -5 4.5 1.5
0.0062751 -4 3.5 0
5.75037e-05 -3 2.5 -1
0.00158234 -3.5 3 -0.5
0.00766295 -4.5 4 0.5
0.00352749 -5 4.5 1
7.33628e-05 -5.5 5 1.5
7.50128e-05 -3 2.5 -1.5
0.00130664 -3.5 3 -1
0.00603984 -4 3.5 -0.5
0.0078018 -4.5 4 0
0.0050277 -5 4.5 0.5
0.000309195 -5.5 5 1
5.34086e-05 -3 2.5 -2
0.000825087 -3.5 3 -1.5
0.00490498 -4 3.5 -1
0.00760406 -4.5 4 -0.5
0.00527784 -5 4.5 0
0.000743326 -5.5 5 0.5
1.46744e-05 -3 2.5 -2.5
0.000352612 -3.5 3 -2
0.00311526 -4 3.5 -1.5
0.0065417 -4.5 4 -1
0.00522196 -5 4.5 -0.5
0.0010382 -5.5 5 0
1.40352e-05 -6 5.5 0.5
6.71857e-05 -3.5 3 -2.5
0.00139184 -4 3.5 -2
0.0046475 -4.5 4 -1.5
0.00484388 -5 4.5 -1
0.00104756 -5.5 5 -0.5
4.30438e-05 -6 5.5 0
0.000304366 -4 3.5 -2.5
0.00261254 -4.5 4 -2
0.00387154 -5 4.5 -1.5
0.00103659 -5.5 5 -1
6.55938e-05 -6 5.5 -0.5
3.11258e-05 -4 3.5 -3
0.000959851 -4.5 4 -2.5
0.0025177 -5 4.5 -2
0.000963523 -5.5 5 -1.5
0.000128713 -4.5 4 -3
0.00118187 -5 4.5 -2.5
0.000782643 -5.5 5 -2
1.19243e-05 -4.5 4 -3.5
0.000288235 -5 4.5 -3
0.0005348 -5.5 5 -2.5
2.93464e-05 -5 4.5 -3.5
0.000258368 -5.5 5 -3
4.61025e-05 -5.5 5 -3.5
1.79609e-05 -6 5.5 -3.5
4.12025e-05 -6 5.5 -3
5.33922e-05 -6 5.5 -2.5
5.95653e-05 -6 5.5 -2
6.39156e-05 -6 5.5 -1.5
6.64292e-05 -6 5.5 -1
1.91123e-05 -3.5 3.5 3.5
9.74097e-05 -3.5 3.5 3
2.82696e-05 -4 4 3.5
0.000318989 -3.5 3.5 2.5
0.000142749 -4 4 3
1.40771e-05 -4.5 4.5 3.5
0.000729884 -3.5 3.5 2
0.000617142 -4 4 2.5
7.57408e-05 -4.5 4.5 3
0.00135251 -3.5 3.5 1.5
0.00178503 -4 4 2
0.000369802 -4.5 4.5 2.5
3.76961e-05 -3 3 0.5
0.00208389 -3.5 3.5 1
0.00361616 -4 4 1.5
0.0013574 -4.5 4.5 2
0.000169266 -5 5 2
3.11026e-05 -5 5 2.5
7.64205e-05 -3 3 0
0.00267164 -3.5 3.5 0.5
0.00565771 -4 4 1
0.000749922 -5 5 1.5
0.000105434 -3 3 -0.5
0.00282574 -3.5 3.5 0
0.00693898 -4 4 0.5
0.00538765 -4.5 4.5 1
0.000139718 -3 3 -1
0.00273439 -3.5 3.5 -0.5
0.0070496 -4 4 0
0.00703509 -4.5 4.5 0.5
0.00192162 -5 5 1
0.000151841 -3 3 -1.5
0.0022604 -3.5 3.5 -1
0.00683692 -4 4 -0.5
0.00724526 -4.5 4.5 0
0.00320692 -5 5 0.5
0.000113367 -3 3 -2
0.00147753 -3.5 3.5 -1.5
0.00576712 -4 4 -1
0.00709696 -4.5 4.5 -0.5
0.00357173 -5 5 0
0.000219018 -5.5 5.5 0.5
4.2776e-05 -3 3 -2.5
0.000707617 -3.5 3.5 -2
0.00397003 -4 4 -1.5
0.00624815 -4.5 4.5 -1
0.00354154 -5 5 -0.5
0.000430356 -5.5 5.5 0
5.52443e-05 -5.5 5.5 1
0.000188507 -3.5 3.5 -2.5
0.00209454 -4 4 -2
0.00460061 -4.5 4.5 -1.5
0.00330103 -5 5 -1
0.000484637 -5.5 5.5 -0.5
1.64971e-05 -3.5 3.5 -3
0.00066722 -4 4 -2.5
0.00273477 -4.5 4.5 -2
0.00264996 -5 5 -1.5
7.73622e-05 -4 4 -3
0.00117209 -4.5 4.5 -2.5
0.00178988 -5 5 -2
0.000474863 -5.5 5.5 -1.5
0.000232058 -4.5 4.5 -3
0.000951324 -5 5 -2.5
2.17735e-05 -4.5 4.5 -3.5
0.000308235 -5 5 -3
3.06404e-05 -5 5 -3.5
2.06239e-05 -5.5 5.5 -3.5
1.16962e-05 -6 6 -3
0.000121318 -5.5 5.5 -3
1.77754e-05 -6 6 -2.5
0.0002596 -5.5 5.5 -2.5
1.9502e-05 -6 6 -2
0.000390736 -5.5 5.5 -2
2.03365e-05 -6 6 -1.5
2.07801e-05 -6 6 -1
0.000487365 -5.5 5.5 -1
1.49932e-05 -6 6 -0.5
0.00315223 -4.5 4.5 1.5
2.1894e-05 -3.5 4 3.5
1.21785e-05 -3 3.5 2.5
0.00010899 -3.5 4 3
2.15969e-05 -4 4.5 3.5
2.04331e-05 -3 3.5 2
0.000407662 -3.5 4 2.5
0.000106853 -4 4.5 3
4.51587e-05 -3 3.5 1.5
0.00101332 -3.5 4 2
0.000468222 -4 4.5 2.5
3.33668e-05 -4.5 5 3
0.000103773 -3 3.5 1
0.00193561 -3.5 4 1.5
0.00145613 -4 4.5 2
0.000162739 -4.5 5 2.5
0.000209419 -3 3.5 0.5
0.00297973 -3.5 4 1
0.00315926 -4 4.5 1.5
0.000708614 -4.5 5 2
2.76913e-05 -5 5.5 2
0.000285907 -3 3.5 0
0.00374396 -3.5 4 0.5
0.00522584 -4 4.5 1
0.000322034 -3 3.5 -0.5
0.00387273 -3.5 4 0
0.00669595 -4 4.5 0.5
0.00379329 -4.5 5 1
0.000326739 -3 3.5 -1
0.00373622 -3.5 4 -0.5
0.00686967 -4 4.5 0
0.00529324 -4.5 5 0.5
0.000673514 -5 5.5 1
0.000158724 -5 5.5 1.5
0.000283062 -3 3.5 -1.5
0.00309021 -3.5 4 -1
0.00670231 -4 4.5 -0.5
0.00552329 -4.5 5 0
0.001469 -5 5.5 0.5
0.00189815 -5 5.5 0
0.00207867 -3.5 4 -1.5
0.000194344 -3 3.5 -2
0.00578271 -4 4.5 -1
0.00538991 -4.5 5 -0.5
2.70379e-05 -5.5 6 0.5
8.54199e-05 -3 3.5 -2.5
0.00107005 -3.5 4 -2
0.00411443 -4 4.5 -1.5
0.00467742 -4.5 5 -1
0.00189823 -5 5.5 -0.5
0.00179419 -5 5.5 -1
0.00230201 -4 4.5 -2
1.56048e-05 -3 3.5 -3
0.000349031 -3.5 4 -2.5
0.00341369 -4.5 5 -1.5
4.06245e-05 -3.5 4 -3
0.000860081 -4 4.5 -2.5
0.00206886 -4.5 5 -2
0.00143312 -5 5.5 -1.5
0.000135285 -4 4.5 -3
0.000987377 -4.5 5 -2.5
0.000940991 -5 5.5 -2
1.21531e-05 -4 4.5 -3.5
0.000266063 -4.5 5 -3
0.000481222 -5 5.5 -2.5
2.32775e-05 -4.5 5 -3.5
1.40268e-05 -5 5.5 -3.5
3.11415e-05 -5.5 6 -3
0.000152049 -5 5.5 -3
8.22245e-05 -5.5 6 -2.5
0.000136841 -5.5 6 -2
0.000167121 -5.5 6 -1.5
0.000167959 -5.5 6 -1
0.000159865 -5.5 6 -0.5
9.84318e-05 -5.5 6 0
2.00362e-05 -3 4 3
1.89081e-05 -3.5 4.5 3.5
5.11843e-05 -3 4 2.5
9.31859e-05 -3.5 4.5 3
1.24447e-05 -4 5 3.5
0.000107394 -3 4 2
0.00038467 -3.5 4.5 2.5
6.08611e-05 -4 5 3
0.000212172 -3 4 1.5
0.00106066 -3.5 4.5 2
0.000269232 -4 5 2.5
0.000383761 -3 4 1
0.0021218 -3.5 4.5 1.5
0.000940765 -4 5 2
4.47135e-05 -4.5 5.5 2.5
0.000585551 -3 4 0.5
0.00334682 -3.5 4.5 1
0.00222726 -4 5 1.5
0.00021635 -4.5 5.5 2
0.000705059 -3 4 0
0.00422055 -3.5 4.5 0.5
0.00395893 -4 5 1
0.000842793 -4.5 5.5 1.5
0.000701211 -3 4 -0.5
0.00433408 -3.5 4.5 0
0.00529691 -4 5 0.5
0.00197396 -4.5 5.5 1
0.00306563 -4.5 5.5 0.5
0.00062836 -3 4 -1
0.00417711 -3.5 4.5 -0.5
0.00545494 -4 5 0
0.000101417 -5 6 1
0.00328465 -4.5 5.5 0
0.000400413 -5 6 0.5
0.000468637 -3 4 -1.5
0.00344573 -3.5 4.5 -1
0.00528418 -4 5 -0.5
0.00319614 -4.5 5.5 -0.5
0.00232262 -3.5 4.5 -1.5
1.2514e-05 -2.5 3.5 -2.5
0.000286914 -3 4 -2
0.0044756 -4 5 -1
0.000679696 -5 6 0
0.00272555 -4.5 5.5 -1
0.00122985 -3.5 4.5 -2
0.000125155 -3 4 -2.5
1.93466e-05 -5.5 6.5 -0.5
2.70198e-05 -3 4 -3
0.000436912 -3.5 4.5 -2.5
0.00182363 -4 5 -2
0.0019293 -4.5 5.5 -1.5
2.53779e-05 -5.5 6.5 -1
6.54073e-05 -3.5 4.5 -3
0.000775567 -4 5 -2.5
0.00112119 -4.5 5.5 -2
0.000157396 -4 5 -3
1.43005e-05 -4 5 -3.5
0.000135288 -4.5 5.5 -3
1.15276e-05 -4.5 5.5 -3.5
3.47642e-05 -5 6 -3
1.26202e-05 -5.5 6.5 -2.5
0.000143728 -5 6 -2.5
2.07371e-05 -5.5 6.5 -2
0.000509425 -4.5 5.5 -2.5
0.000319975 -5 6 -2
2.54428e-05 -5.5 6.5 -1.5
0.000528098 -5 6 -1.5
0.000682743 -5 6 -1
0.00316365 -4 5 -1.5
0.000714777 -5 6 -0.5
3.08788e-05 -3 4.5 3
1.21596e-05 -3.5 5 3.5
9.92398e-05 -3 4.5 2.5
5.95053e-05 -3.5 5 3
0.000229797 -3 4.5 2
0.000261324 -3.5 5 2.5
2.46071e-05 -4 5.5 3
0.000439645 -3 4.5 1.5
0.000835651 -3.5 5 2
0.000110437 -4 5.5 2.5
1.21417e-05 -5 6 1.5
0.00072419 -3 4.5 1
0.00184097 -3.5 5 1.5
0.000454625 -4 5.5 2
0.000996578 -3 4.5 0.5
0.00305343 -3.5 5 1
0.00124019 -4 5.5 1.5
2.83264e-05 -4.5 6 2
1.22966e-05 -2.5 4 -0.5
0.00111083 -3 4.5 0
0.00384221 -3.5 5 0.5
0.00235262 -4 5.5 1
0.000179726 -4.5 6 1.5
1.48248e-05 -2.5 4 -1
0.00106868 -3 4.5 -0.5
0.00389716 -3.5 5 0
0.00324976 -4 5.5 0.5
0.000649207 -4.5 6 1
1.47465e-05 -2.5 4 -1.5
0.000881432 -3 4.5 -1
0.00369153 -3.5 5 -0.5
0.00336095 -4 5.5 0
0.00121219 -4.5 6 0.5
0.00323027 -4 5.5 -0.5
0.000606168 -3 4.5 -1.5
1.20817e-05 -2.5 4 -2
0.00294382 -3.5 5 -1
0.00135295 -4.5 6 0
1.75591e-05 -5 6.5 0.5
0.00130817 -4.5 6 -0.5
1.42618e-05 -2.5 4 -2.5
0.000344535 -3 4.5 -2
0.0019348 -3.5 5 -1.5
0.00266556 -4 5.5 -1
8.11607e-05 -5 6.5 0
0.000144691 -3 4.5 -2.5
0.00102061 -3.5 5 -2
0.0018192 -4 5.5 -1.5
0.00106951 -4.5 6 -1
3.27887e-05 -3 4.5 -3
0.000389248 -3.5 5 -2.5
8.52691e-05 -5 6.5 -1.5
0.00100464 -4 5.5 -2
7.00478e-05 -3.5 5 -3
0.000408064 -4 5.5 -2.5
8.0333e-05 -4 5.5 -3
3.00302e-05 -4.5 6 -3
2.11596e-05 -5 6.5 -2.5
0.000149227 -4.5 6 -2.5
4.88521e-05 -5 6.5 -2
0.000373925 -4.5 6 -2
0.000706601 -4.5 6 -1.5
0.000108647 -5 6.5 -1
0.000110742 -5 6.5 -0.5
3.03818e-05 -3 5 3
0.00012571 -3 5 2.5
2.72653e-05 -3.5 5.5 3
0.000323383 -3 5 2
0.000123774 -3.5 5.5 2.5
0.000628351 -3 5 1.5
0.000468031 -3.5 5.5 2
2.62046e-05 -4 6 2.5
0.000978274 -3 5 1
0.00116991 -3.5 5.5 1.5
1.83753e-05 -2.5 4.5 0
0.00124413 -3 5 0.5
0.0020737 -3.5 5.5 1
0.000475729 -4 6 1.5
0.000131587 -4 6 2
2.70926e-05 -2.5 4.5 -0.5
0.0012823 -3 5 0
0.00260746 -3.5 5.5 0.5
0.00100682 -4 6 1
2.96127e-05 -2.5 4.5 -1
0.00119515 -3 5 -0.5
0.00262148 -3.5 5.5 0
0.00141109 -4 6 0.5
2.71368e-05 -2.5 4.5 -1.5
0.000922414 -3 5 -1
0.00242 -3.5 5.5 -0.5
0.00144299 -4 6 0
1.99384e-05 -2.5 4.5 -2
0.000584624 -3 5 -1.5
0.00184877 -3.5 5.5 -1
1.69641e-05 -2.5 4.5 -2.5
0.000298969 -3 5 -2
0.000174583 -4.5 6.5 -1
0.000116847 -3 5 -2.5
0.000575538 -3.5 5.5 -2
0.00011067 -4.5 6.5 -1.5
2.54531e-05 -3 5 -3
5.63524e-05 -4.5 6.5 -2
3.28521e-05 -3.5 5.5 -3
1.61487e-05 -4 6 -3
2.21727e-05 -4.5 6.5 -2.5
0.000113953 -4 6 -2.5
0.000205353 -3.5 5.5 -2.5
0.000330191 -4 6 -2
0.000663997 -4 6 -1.5
0.00115529 -3.5 5.5 -1.5
0.00105256 -4 6 -1
0.000214613 -4.5 6.5 -0.5
0.00135165 -4 6 -0.5
1.93524e-05 -3 5.5 3
9.46497e-05 -3 5.5 2.5
0.000291894 -3 5.5 2
4.27621e-05 -3.5 6 2.5
1.41674e-05 -2.5 5 1
0.000591529 -3 5.5 1.5
0.000183421 -3.5 6 2
3.08715e-05 -2.5 5 0.5
0.000894892 -3 5.5 1
0.000512439 -3.5 6 1.5
4.60846e-05 -2.5 5 0
0.00103442 -3 5.5 0.5
0.000963565 -3.5 6 1
5.08777e-05 -2.5 5 -0.5
0.00102399 -3 5.5 0
0.00120362 -3.5 6 0.5
4.64686e-05 -2.5 5 -1
0.000895387 -3 5.5 -0.5
3.5936e-05 -2.5 5 -1.5
0.000639112 -3 5.5 -1
0.000229513 -4 6.5 -0.5
0.00104384 -3.5 6 -0.5
2.19554e-05 -2.5 5 -2
0.000373471 -3 5.5 -1.5
0.000171764 -4 6.5 -1
1.25451e-05 -2.5 5 -2.5
6.03157e-05 -3 5.5 -2.5
4.95343e-05 -4 6.5 -2
0.000180789 -3.5 6 -2
1.01416e-05 -3 5.5 -3
1.62723e-05 -4 6.5 -2.5
5.20313e-05 -3.5 6 -2.5
0.000103152 -4 6.5 -1.5
0.000175692 -3 5.5 -2
0.000413409 -3.5 6 -1.5
0.00073168 -3.5 6 -1
0.00024917 -4 6.5 0
0.00119264 -3.5 6 0
0.00024417 -4 6.5 0.5
0.00015321 -4 6.5 1
4.16639e-05 -4 6.5 1.5
1.57467e-05 -2.5 5.5 2.5
3.372e-05 -2.5 5.5 2
4.11078e-05 -3 6 2.5
4.75494e-05 -2.5 5.5 1.5
0.00016015 -3 6 2
5.67261e-05 -2.5 5.5 1
0.000356987 -3 6 1.5
6.71553e-05 -2.5 5.5 0.5
0.000518518 -3 6 1
7.0844e-05 -2.5 5.5 0
0.000541644 -3 6 0.5
6.12339e-05 -2.5 5.5 -0.5
0.000515607 -3 6 0
4.55194e-05 -2.5 5.5 -1
0.000402882 -3 6 -0.5
2.81146e-05 -2.5 5.5 -1.5
0.000117229 -3.5 6.5 -1
0.000255761 -3 6 -1
1.35249e-05 -2.5 5.5 -2
6.21883e-05 -3.5 6.5 -1.5
1.38074e-05 -3 6 -2.5
2.44702e-05 -3.5 6.5 -2
5.08672e-05 -3 6 -2
0.000130085 -3 6 -1.5
0.000179759 -3.5 6.5 -0.5
0.000218272 -3.5 6.5 0
0.000223126 -3.5 6.5 0.5
1.72968e-05 -2.5 6 2.5
4.37198e-05 -2.5 6 2
6.23903e-05 -2.5 6 1.5
6.17719e-05 -2.5 6 1
5.75052e-05 -2.5 6 0.5
4.86855e-05 -2.5 6 0
3.39428e-05 -2.5 6 -0.5
2.00321e-05 -2.5 6 -1
1.70163e-05 -3 6.5 -1.5
3.84488e-05 -3 6.5 -1
6.88664e-05 -3 6.5 -0.5
0.000101112 -3 6.5 0
0.000119822 -3 6.5 0.5
0.000121987 -3 6.5 1
8.7769e-05 -3 6.5 1.5
1.94895e-05 -2.5 6.5 2
2.91817e-05 -2.5 6.5 1.5
1.09507e-05 -2.5 6.5 0
1.91814e-05 -2.5 6.5 0.5
2.65711e-05 -2.5 6.5 1
3.49056e-05 -3 6.5 2
0.000177828 -3.5 6.5 1
9.38769e-05 -3.5 6.5 1.5
2.71997e-05 -3.5 6.5 2
0.000217921 -4.5 6.5 0
0.000155853 -4.5 6.5 0.5
3.68979e-05 -4.5 6.5 1
0.00197782 -4.5 5 1.5
