0.3
1.34437e-05 -4.5 0 -4.5
1.92919e-05 -4.5 0 -5
2.2444e-05 -4.5 0 -5.5
2.07132e-05 -4.5 0 -6
1.34024e-05 -4.5 0 -6.5
1.84357e-05 -4.5 0.5 -3.5
1.5294e-05 -4 0 -4.5
3.45651e-05 -4.5 0.5 -4
2.14279e-05 -4 0 -5
5.14559e-05 -4.5 0.5 -4.5
2.10755e-05 -4 0 -5.5
6.47328e-05 -4.5 0.5 -5
1.57583e-05 -4 0 -6
7.08882e-05 -4.5 0.5 -5.5
1.04636e-05 -4 0 -6.5
7.00875e-05 -4.5 0.5 -6
1.10425e-05 -5 1 -5.5
5.58278e-05 -4.5 0.5 -6.5
2.94146e-05 -4.5 0.5 -7
1.66856e-05 -4 0.5 -2.5
5.66222e-05 -4 0.5 -3
0.000118769 -4 0.5 -3.5
0.000191428 -4 0.5 -4
2.08757e-05 -4.5 1 -3.5
1.07493e-05 -3.5 0 -5
0.000256764 -4 0.5 -4.5
4.24563e-05 -4.5 1 -4
1.18845e-05 -3.5 0 -5.5
0.000284854 -4 0.5 -5
6.55127e-05 -4.5 1 -4.5
1.03278e-05 -3.5 0 -6
0.000273185 -4 0.5 -5.5
8.05713e-05 -4.5 1 -5
0.000201321 -4 0.5 -6
8.28928e-05 -4.5 1 -5.5
0.000108443 -4 0.5 -6.5
8.17145e-05 -4.5 1 -6
3.78509e-05 -4 0.5 -7
7.16653e-05 -4.5 1 -6.5
5.07003e-05 -4.5 1 -7
2.08862e-05 -4.5 1 -7.5
2.45851e-05 -3.5 0.5 -2.5
6.95964e-05 -3.5 0.5 -3
2.07444e-05 -4 1 -2.5
0.000133492 -3.5 0.5 -3.5
8.8571e-05 -4 1 -3
0.000204957 -3.5 0.5 -4
0.000219678 -4 1 -3.5
0.000266387 -3.5 0.5 -4.5
0.000390088 -4 1 -4
1.66875e-05 -4.5 1.5 -3.5
0.000283438 -3.5 0.5 -5
0.000542201 -4 1 -4.5
3.7622e-05 -4.5 1.5 -4
0.000250188 -3.5 0.5 -5.5
0.000597432 -4 1 -5
6.11726e-05 -4.5 1.5 -4.5
0.000163081 -3.5 0.5 -6
0.000595369 -4 1 -5.5
7.38615e-05 -4.5 1.5 -5
7.33272e-05 -4.5 1.5 -5.5
8.13651e-05 -3.5 0.5 -6.5
0.000526467 -4 1 -6
0.000339698 -4 1 -6.5
2.8817e-05 -3.5 0.5 -7
7.0928e-05 -4.5 1.5 -6
0.000143743 -4 1 -7
6.20912e-05 -4.5 1.5 -6.5
2.79944e-05 -4 1 -7.5
4.68779e-05 -4.5 1.5 -7
2.56821e-05 -4.5 1.5 -7.5
1.24557e-05 -3 0.5 -2.5
2.24268e-05 -3.5 1 -2
3.79013e-05 -3 0.5 -3
0.000112084 -3.5 1 -2.5
7.48222e-05 -3 0.5 -3.5
0.000333578 -3.5 1 -3
1.62077e-05 -4 1.5 -2.5
0.000115317 -3 0.5 -4
0.000672706 -3.5 1 -3.5
7.56168e-05 -4 1.5 -3
0.000149089 -3 0.5 -4.5
0.00106496 -3.5 1 -4
0.000209441 -4 1.5 -3.5
0.0001551 -3 0.5 -5
0.00136797 -3.5 1 -4.5
0.000393533 -4 1.5 -4
0.000562696 -4 1.5 -4.5
0.00013142 -3 0.5 -5.5
0.00143002 -3.5 1 -5
2.20216e-05 -4.5 2 -4
8.56518e-05 -3 0.5 -6
0.00134005 -3.5 1 -5.5
0.000612012 -4 1.5 -5
3.95339e-05 -4.5 2 -4.5
0.000611951 -4 1.5 -5.5
4.30744e-05 -3 0.5 -6.5
0.00095271 -3.5 1 -6
4.49232e-05 -4.5 2 -5
1.54617e-05 -3 0.5 -7
0.000482025 -3.5 1 -6.5
0.000583295 -4 1.5 -6
4.38475e-05 -4.5 2 -5.5
0.000154456 -3.5 1 -7
0.000438657 -4 1.5 -6.5
3.98234e-05 -4.5 2 -6
0.000241779 -4 1.5 -7
2.75337e-05 -3.5 1 -7.5
3.30487e-05 -4.5 2 -6.5
7.65535e-05 -4 1.5 -7.5
2.49092e-05 -4.5 2 -7
1.01074e-05 -4 1.5 -8
2.1963e-05 -4.5 2 -7.5
1.24767e-05 -4.5 2 -8
2.80952e-05 -3 1 -2
0.00012508 -3 1 -2.5
3.04946e-05 -3.5 1.5 -2
1.64084e-05 -2.5 0.5 -3.5
0.000344746 -3 1 -3
0.000159634 -3.5 1.5 -2.5
3.03735e-05 -2.5 0.5 -4
0.000676516 -3 1 -3.5
0.000544113 -3.5 1.5 -3
4.37844e-05 -2.5 0.5 -4.5
0.00105135 -3 1 -4
0.00118998 -3.5 1.5 -3.5
3.98562e-05 -4 2 -3
4.96334e-05 -2.5 0.5 -5
0.00131817 -3 1 -4.5
0.00194938 -3.5 1.5 -4
0.000136996 -4 2 -3.5
0.00248451 -3.5 1.5 -4.5
4.7721e-05 -2.5 0.5 -5.5
0.00135459 -3 1 -5
0.000292342 -4 2 -4
3.53725e-05 -2.5 0.5 -6
0.00121858 -3 1 -5.5
0.00255693 -3.5 1.5 -5
0.000428355 -4 2 -4.5
1.81468e-05 -2.5 0.5 -6.5
0.000801743 -3 1 -6
0.00249031 -3.5 1.5 -5.5
0.000445803 -4 2 -5
1.68922e-05 -4.5 2.5 -4.5
0.000439077 -4 2 -5.5
0.000370995 -3 1 -6.5
0.00202352 -3.5 1.5 -6
1.83281e-05 -4.5 2.5 -5
0.000103125 -3 1 -7
0.00119661 -3.5 1.5 -6.5
0.000417584 -4 2 -6
1.74517e-05 -4.5 2.5 -5.5
1.9003e-05 -3 1 -7.5
0.000453004 -3.5 1.5 -7
0.000352428 -4 2 -6.5
1.45004e-05 -4.5 2.5 -6
7.70972e-05 -3.5 1.5 -7.5
0.000234935 -4 2 -7
1.08258e-05 -4.5 2.5 -6.5
0.000107489 -4 2 -7.5
1.08293e-05 -3.5 1.5 -8
2.23347e-05 -4 2 -8
1.70418e-05 -2.5 1 -2
1.54104e-05 -3 1.5 -1.5
7.43527e-05 -2.5 1 -2.5
8.44508e-05 -3 1.5 -2
0.000198906 -2.5 1 -3
0.000358628 -3 1.5 -2.5
2.15442e-05 -3.5 2 -2
0.000950407 -3 1.5 -3
0.000386957 -2.5 1 -3.5
0.000119973 -3.5 2 -2.5
0.00059919 -2.5 1 -4
0.00183688 -3 1.5 -3.5
0.000503282 -3.5 2 -3
1.18794e-05 -4 2.5 -3
0.000741581 -2.5 1 -4.5
0.00281849 -3 1.5 -4
0.00121901 -3.5 2 -3.5
0.00349073 -3 1.5 -4.5
0.000752032 -2.5 1 -5
0.00208173 -3.5 2 -4
5.74506e-05 -4 2.5 -3.5
0.000639125 -2.5 1 -5.5
0.00357838 -3 1.5 -5
0.00262859 -3.5 2 -4.5
0.000153805 -4 2.5 -4
0.00265907 -3.5 2 -5
0.000394369 -2.5 1 -6
0.00336372 -3 1.5 -5.5
0.000229306 -4 2.5 -4.5
0.00259892 -3.5 2 -5.5
0.000172461 -2.5 1 -6.5
0.00245727 -3 1.5 -6
0.000231716 -4 2.5 -5
4.69324e-05 -2.5 1 -7
0.00129777 -3 1.5 -6.5
0.00223317 -3.5 2 -6
0.000220208 -4 2.5 -5.5
0.000195774 -4 2.5 -6
0.000428631 -3 1.5 -7
0.0014972 -3.5 2 -6.5
6.5128e-05 -3 1.5 -7.5
0.000727761 -3.5 2 -7
0.000164367 -4 2.5 -6.5
0.000176881 -3.5 2 -7.5
0.000130016 -4 2.5 -7
1.85718e-05 -3.5 2 -8
8.97185e-05 -4 2.5 -7.5
3.32013e-05 -4 2.5 -8
1.543e-05 -2.5 1.5 -1.5
8.15909e-05 -2.5 1.5 -2
2.2252e-05 -3 2 -1.5
2.25678e-05 -2 1 -3
0.000323797 -2.5 1.5 -2.5
0.000123171 -3 2 -2
4.92452e-05 -2 1 -3.5
0.000823882 -2.5 1.5 -3
0.000566262 -3 2 -2.5
8.41422e-05 -2 1 -4
0.00156387 -2.5 1.5 -3.5
0.00161514 -3 2 -3
5.07786e-05 -3.5 2.5 -2.5
0.000255751 -3.5 2.5 -3
0.000121291 -2 1 -4.5
0.00237819 -2.5 1.5 -4
0.00317342 -3 2 -3.5
0.0029165 -2.5 1.5 -4.5
0.000136086 -2 1 -5
0.0048088 -3 2 -4
0.000811727 -3.5 2.5 -3.5
0.000126999 -2 1 -5.5
0.00297308 -2.5 1.5 -5
0.00571364 -3 2 -4.5
0.00156649 -3.5 2.5 -4
1.23402e-05 -4 3 -3.5
0.00575081 -3 2 -5
9.25851e-05 -2 1 -6
0.00273958 -2.5 1.5 -5.5
0.00193705 -3.5 2.5 -4.5
4.74599e-05 -4 3 -4
4.93672e-05 -2 1 -6.5
0.00190681 -2.5 1.5 -6
0.00546747 -3 2 -5.5
0.00192703 -3.5 2.5 -5
8.01622e-05 -4 3 -4.5
0.00186839 -3.5 2.5 -5.5
0.000928417 -2.5 1.5 -6.5
1.77861e-05 -2 1 -7
0.00425789 -3 2 -6
8.13521e-05 -4 3 -5
0.00166694 -3.5 2.5 -6
0.000264476 -2.5 1.5 -7
0.00251103 -3 2 -6.5
7.48337e-05 -4 3 -5.5
3.85848e-05 -2.5 1.5 -7.5
0.00097339 -3 2 -7
0.00125641 -3.5 2.5 -6.5
6.098e-05 -4 3 -6
0.000161514 -3 2 -7.5
0.000723565 -3.5 2.5 -7
4.66438e-05 -4 3 -6.5
1.60639e-05 -3 2 -8
0.000248079 -3.5 2.5 -7.5
3.74332e-05 -4 3 -7
2.79746e-05 -3.5 2.5 -8
3.48912e-05 -4 3 -7.5
2.70514e-05 -4 3 -8
3.33746e-05 -2 1.5 -2
3.76023e-05 -2.5 2 -1.5
0.000116483 -2 1.5 -2.5
0.000188741 -2.5 2 -2
1.71546e-05 -3 2.5 -1.5
0.00028848 -2 1.5 -3
0.000719704 -2.5 2 -2.5
9.88427e-05 -3 2.5 -2
0.00050656 -3 2.5 -2.5
0.000561408 -2 1.5 -3.5
0.0017845 -2.5 2 -3
0.000894331 -2 1.5 -4
0.00331087 -2.5 2 -3.5
0.00167457 -3 2.5 -3
1.40107e-05 -3.5 3 -2.5
1.02834e-05 -1.5 1 -5
0.00116606 -2 1.5 -4.5
0.00489353 -2.5 2 -4
0.00351151 -3 2.5 -3.5
7.25294e-05 -3.5 3 -3
1.01633e-05 -1.5 1 -5.5
0.00122065 -2 1.5 -5
0.00579451 -2.5 2 -4.5
0.00540237 -3 2.5 -4
0.000314473 -3.5 3 -3.5
0.00584361 -2.5 2 -5
0.00113009 -2 1.5 -5.5
0.00616084 -3 2.5 -4.5
0.000714295 -3.5 3 -4
0.00549498 -2.5 2 -5.5
0.000791121 -2 1.5 -6
0.00614253 -3 2.5 -5
0.000889921 -3.5 3 -4.5
0.00585087 -3 2.5 -5.5
0.0003858 -2 1.5 -6.5
0.00413391 -2.5 2 -6
0.000878071 -3.5 3 -5
1.55184e-05 -4 3.5 -4.5
0.00011206 -2 1.5 -7
0.00230532 -2.5 2 -6.5
0.00472348 -3 2.5 -6
0.000823843 -3.5 3 -5.5
1.79982e-05 -4 3.5 -5
1.57951e-05 -2 1.5 -7.5
0.000808534 -2.5 2 -7
0.003032 -3 2.5 -6.5
0.00072862 -3.5 3 -6
1.7201e-05 -4 3.5 -5.5
0.000113486 -2.5 2 -7.5
0.00139129 -3 2.5 -7
0.00060589 -3.5 3 -6.5
1.42858e-05 -4 3.5 -6
1.02918e-05 -2.5 2 -8
0.00029472 -3 2.5 -7.5
0.000444489 -3.5 3 -7
1.03596e-05 -4 3.5 -6.5
2.42188e-05 -3 2.5 -8
0.000224873 -3.5 3 -7.5
3.81793e-05 -3.5 3 -8
3.02061e-05 -2 2 -1.5
0.000146554 -2 2 -2
5.69271e-05 -2.5 2.5 -1.5
0.000499028 -2 2 -2.5
0.000284644 -2.5 2.5 -2
1.9938e-05 -1.5 1.5 -3.5
0.00115472 -2 2 -3
0.00111598 -2.5 2.5 -2.5
4.37361e-05 -3 3 -2
4.04896e-05 -1.5 1.5 -4
0.00206758 -2 2 -3.5
0.00277038 -2.5 2.5 -3
0.000246782 -3 3 -2.5
7.06834e-05 -1.5 1.5 -4.5
0.0030264 -2 2 -4
0.005034 -2.5 2.5 -3.5
0.0010727 -3 3 -3
9.25119e-05 -1.5 1.5 -5
0.00365125 -2 2 -4.5
0.00719717 -2.5 2.5 -4
0.0026482 -3 3 -3.5
0.00370754 -2 2 -5
0.000104263 -1.5 1.5 -5.5
0.00809875 -2.5 2.5 -4.5
0.00432848 -3 3 -4
5.10712e-05 -3.5 3.5 -3.5
9.73462e-05 -1.5 1.5 -6
0.00344503 -2 2 -5.5
0.00807115 -2.5 2.5 -5
0.00480732 -3 3 -4.5
0.000167876 -3.5 3.5 -4
6.93672e-05 -1.5 1.5 -6.5
0.0025075 -2 2 -6
0.00752994 -2.5 2.5 -5.5
0.00476171 -3 3 -5
0.000260056 -3.5 3.5 -4.5
0.00580768 -2.5 2.5 -6
3.27151e-05 -1.5 1.5 -7
0.00133709 -2 2 -6.5
0.00451322 -3 3 -5.5
0.000260483 -3.5 3.5 -5
0.000439905 -2 2 -7
0.00349815 -2.5 2.5 -6.5
0.00377526 -3 3 -6
0.000240548 -3.5 3.5 -5.5
5.76742e-05 -2 2 -7.5
0.0014429 -2.5 2.5 -7
0.00263865 -3 3 -6.5
0.000202796 -3.5 3.5 -6
0.000247725 -2.5 2.5 -7.5
0.00137043 -3 3 -7
0.000163322 -3.5 3.5 -6.5
1.79849e-05 -2.5 2.5 -8
0.000351737 -3 3 -7.5
0.000132984 -3.5 3.5 -7
2.69088e-05 -3 3 -8
0.000101777 -3.5 3.5 -7.5
3.54998e-05 -3.5 3.5 -8
1.20115e-05 -2 2.5 -1
2.69795e-05 -1.5 2 -2
6.53484e-05 -2 2.5 -1.5
7.47102e-05 -1.5 2 -2.5
0.000309625 -2 2.5 -2
5.01898e-05 -2.5 3 -1.5
0.00016596 -1.5 2 -3
0.00106735 -2 2.5 -2.5
0.000264549 -2.5 3 -2
0.000311869 -1.5 2 -3.5
0.00244527 -2 2.5 -3
0.00114225 -2.5 3 -2.5
0.00300082 -2.5 3 -3
0.000510048 -1.5 2 -4
0.00425958 -2 2.5 -3.5
4.9483e-05 -3 3.5 -2.5
0.000699073 -1.5 2 -4.5
0.00598889 -2 2.5 -4
0.00555214 -2.5 3 -3.5
0.000263557 -3 3.5 -3
0.000807085 -1.5 2 -5
0.00681033 -2 2.5 -4.5
0.00790106 -2.5 3 -4
0.000987938 -3 3.5 -3.5
0.00680236 -2 2.5 -5
0.000787229 -1.5 2 -5.5
0.00861751 -2.5 3 -4.5
0.00199767 -3 3.5 -4
0.00065264 -1.5 2 -6
0.00630592 -2 2.5 -5.5
0.00855352 -2.5 3 -5
0.00233533 -3 3.5 -4.5
1.9842e-05 -3.5 4 -4
0.000402492 -1.5 2 -6.5
0.00473947 -2 2.5 -6
0.00794616 -2.5 3 -5.5
0.00230427 -3 3.5 -5
4.7173e-05 -3.5 4 -4.5
0.000163522 -1.5 2 -7
0.00271583 -2 2.5 -6.5
0.0061992 -2.5 3 -6
0.00216406 -3 3.5 -5.5
5.41857e-05 -3.5 4 -5
2.93924e-05 -1.5 2 -7.5
0.00100219 -2 2.5 -7
0.00386664 -2.5 3 -6.5
0.00185319 -3 3.5 -6
5.21771e-05 -3.5 4 -5.5
0.000140938 -2 2.5 -7.5
0.00170947 -2.5 3 -7
0.00140057 -3 3.5 -6.5
4.4561e-05 -3.5 4 -6
1.11919e-05 -2 2.5 -8
0.000339618 -2.5 3 -7.5
0.000853726 -3 3.5 -7
3.36991e-05 -3.5 4 -6.5
2.09235e-05 -2.5 3 -8
0.000298926 -3 3.5 -7.5
1.08346e-05 -3.5 4 -8
2.22873e-05 -3 3.5 -8
1.90697e-05 -3.5 4 -7.5
2.46004e-05 -3.5 4 -7
3.87415e-05 -1.5 2.5 -1.5
1.70772e-05 -2 3 -1
0.000158735 -1.5 2.5 -2
8.90853e-05 -2 3 -1.5
0.000425932 -1.5 2.5 -2.5
0.000410562 -2 3 -2
2.12126e-05 -2.5 3.5 -1.5
0.000874434 -1.5 2.5 -3
0.00138918 -2 3 -2.5
0.000116974 -2.5 3.5 -2
0.00319204 -2 3 -3
0.00149215 -1.5 2.5 -3.5
0.000594774 -2.5 3.5 -2.5
1.38901e-05 -1 2 -4.5
0.00215101 -1.5 2.5 -4
0.00559898 -2 3 -3.5
0.00201859 -2.5 3.5 -3
1.93145e-05 -1 2 -5
0.00262258 -1.5 2.5 -4.5
0.00776796 -2 3 -4
0.00432756 -2.5 3.5 -3.5
2.63053e-05 -3 4 -3
0.00268714 -1.5 2.5 -5
2.26942e-05 -1 2 -5.5
0.0084479 -2 3 -4.5
0.00653982 -2.5 3.5 -4
0.00013307 -3 4 -3.5
2.12894e-05 -1 2 -6
0.00252906 -1.5 2.5 -5.5
0.00837951 -2 3 -5
0.00709089 -2.5 3.5 -4.5
0.000420418 -3 4 -4
2.55772e-05 -1 2 -6.5
0.00193744 -1.5 2.5 -6
0.00771937 -2 3 -5.5
0.00701172 -2.5 3.5 -5
0.00064156 -3 4 -4.5
2.27815e-05 -1 2 -7
0.00113255 -1.5 2.5 -6.5
0.0059163 -2 3 -6
0.00650949 -2.5 3.5 -5.5
0.000644712 -3 4 -5
0.000442827 -1.5 2.5 -7
0.00358522 -2 3 -6.5
0.00518802 -2.5 3.5 -6
0.000610404 -3 4 -5.5
7.24958e-05 -1.5 2.5 -7.5
0.00148095 -2 3 -7
0.00337851 -2.5 3.5 -6.5
0.000524406 -3 4 -6
0.000238564 -2 3 -7.5
0.00158442 -2.5 3.5 -7
0.000405104 -3 4 -6.5
1.48838e-05 -2 3 -8
0.000327702 -2.5 3.5 -7.5
0.000272918 -3 4 -7
1.68786e-05 -2.5 3.5 -8
1.11489e-05 -3 4 -8
0.000121137 -3 4 -7.5
1.59866e-05 -1.5 3 -1
8.10843e-05 -1.5 3 -1.5
1.52504e-05 -2 3.5 -1
0.000345851 -1.5 3 -2
7.87282e-05 -2 3.5 -1.5
1.81694e-05 -1 2.5 -3
0.000993591 -1.5 3 -2.5
0.000371198 -2 3.5 -2
3.76249e-05 -1 2.5 -3.5
0.00206644 -1.5 3 -3
0.00134867 -2 3.5 -2.5
1.83032e-05 -2.5 4 -2
7.37291e-05 -1 2.5 -4
0.00341097 -1.5 3 -3.5
0.00320948 -2 3.5 -3
9.84019e-05 -2.5 4 -2.5
0.000130906 -1 2.5 -4.5
0.00465133 -1.5 3 -4
0.00569135 -2 3.5 -3.5
0.000519402 -2.5 4 -3
0.000166809 -1 2.5 -5
0.00523392 -1.5 3 -4.5
0.00789794 -2 3.5 -4
0.00169102 -2.5 4 -3.5
1.03524e-05 -3 4.5 -3.5
0.000184296 -1 2.5 -5.5
0.00520815 -1.5 3 -5
0.00850128 -2 3.5 -4.5
0.00316661 -2.5 4 -4
0.000182404 -1 2.5 -6
0.00475871 -1.5 3 -5.5
0.0084111 -2 3.5 -5
0.00364917 -2.5 4 -4.5
5.04317e-05 -3 4.5 -4
0.0001531 -1 2.5 -6.5
0.00355549 -1.5 3 -6
0.00769459 -2 3.5 -5.5
0.00360357 -2.5 4 -5
0.000110298 -3 4.5 -4.5
9.54592e-05 -1 2.5 -7
0.00206404 -1.5 3 -6.5
0.0058884 -2 3.5 -6
0.00333062 -2.5 4 -5.5
0.000122533 -3 4.5 -5
3.28432e-05 -1 2.5 -7.5
0.000808497 -1.5 3 -7
0.00361052 -2 3.5 -6.5
0.002656 -2.5 4 -6
0.000118172 -3 4.5 -5.5
0.000125913 -1.5 3 -7.5
0.00155377 -2 3.5 -7
0.00176265 -2.5 4 -6.5
0.000101408 -3 4.5 -6
0.000264887 -2 3.5 -7.5
0.000866358 -2.5 4 -7
1.37267e-05 -2 3.5 -8
0.000179798 -2.5 4 -7.5
2.38319e-05 -3 4.5 -7.5
4.96309e-05 -3 4.5 -7
7.59043e-05 -3 4.5 -6.5
2.59194e-05 -1 3 -1.5
1.85772e-05 -1.5 3.5 -1
7.49766e-05 -1 3 -2
9.1225e-05 -1.5 3.5 -1.5
0.00015733 -1 3 -2.5
0.000400906 -1.5 3.5 -2
2.90639e-05 -2 4 -1.5
0.000286833 -1 3 -3
0.00126006 -1.5 3.5 -2.5
0.000147382 -2 4 -2
0.000476406 -1 3 -3.5
0.00275 -1.5 3.5 -3
0.00069251 -2 4 -2.5
0.0007266 -1 3 -4
0.00465072 -1.5 3.5 -3.5
0.00211278 -2 4 -3
1.01212e-05 -2.5 4.5 -2.5
0.000930674 -1 3 -4.5
0.0063039 -1.5 3.5 -4
0.00425634 -2 4 -3.5
5.38086e-05 -2.5 4.5 -3
0.00100525 -1 3 -5
0.00677201 -1.5 3.5 -4.5
0.00623151 -2 4 -4
0.000275102 -2.5 4.5 -3.5
0.00667361 -2 4 -4.5
0.000952588 -1 3 -5.5
0.00668212 -1.5 3.5 -5
0.000789334 -2.5 4.5 -4
0.00600283 -1.5 3.5 -5.5
0.000764203 -1 3 -6
0.00656157 -2 4 -5
0.00109665 -2.5 4.5 -4.5
0.000498434 -1 3 -6.5
0.00444266 -1.5 3.5 -6
0.0058684 -2 4 -5.5
0.00109147 -2.5 4.5 -5
1.07326e-05 -3 5 -4.5
0.00258227 -1.5 3.5 -6.5
0.000239779 -1 3 -7
0.00439254 -2 4 -6
0.00102357 -2.5 4.5 -5.5
1.59115e-05 -3 5 -5
6.53379e-05 -1 3 -7.5
0.00100735 -1.5 3.5 -7
0.0026464 -2 4 -6.5
0.000811331 -2.5 4.5 -6
0.000151853 -1.5 3.5 -7.5
0.00110792 -2 4 -7
0.0005262 -2.5 4.5 -6.5
0.000172945 -2 4 -7.5
4.36384e-05 -2.5 4.5 -7.5
0.00024847 -2.5 4.5 -7
1.20218e-05 -3 5 -6.5
1.40059e-05 -3 5 -6
1.57168e-05 -3 5 -5.5
1.26382e-05 -1 3.5 -1
6.01409e-05 -1 3.5 -1.5
1.26709e-05 -1.5 4 -1
0.000210794 -1 3.5 -2
6.43442e-05 -1.5 4 -1.5
0.000505586 -1 3.5 -2.5
0.000294867 -1.5 4 -2
0.000970072 -1 3.5 -3
0.00104134 -1.5 4 -2.5
2.56982e-05 -2 4.5 -2
0.0015731 -1 3.5 -3.5
0.00247415 -1.5 4 -3
0.000144608 -2 4.5 -2.5
1.08644e-05 -0.5 3 -4.5
0.00215813 -1 3.5 -4
0.00444893 -1.5 4 -3.5
0.000695688 -2 4.5 -3
1.73016e-05 -0.5 3 -5
0.0024664 -1 3.5 -4.5
0.00616698 -1.5 4 -4
0.00190985 -2 4.5 -3.5
2.01105e-05 -0.5 3 -5.5
0.00245178 -1 3.5 -5
0.00653064 -1.5 4 -4.5
0.00319656 -2 4.5 -4
0.00347471 -2 4.5 -4.5
0.00220009 -1 3.5 -5.5
1.94019e-05 -0.5 3 -6
0.00641366 -1.5 4 -5
8.85193e-05 -2.5 5 -4
1.6278e-05 -0.5 3 -6.5
0.00162506 -1 3.5 -6
0.00567098 -1.5 4 -5.5
0.00340215 -2 4.5 -5
0.000164053 -2.5 5 -4.5
0.000954201 -1 3.5 -6.5
1.66975e-05 -0.5 3 -7
0.00415058 -1.5 4 -6
0.00297051 -2 4.5 -5.5
0.000172981 -2.5 5 -5
0.000397288 -1 3.5 -7
1.33523e-05 -0.5 3 -7.5
0.00240927 -1.5 4 -6.5
0.00213264 -2 4.5 -6
8.04676e-05 -1 3.5 -7.5
0.00093409 -1.5 4 -7
0.00121226 -2 4.5 -6.5
0.0001219 -1.5 4 -7.5
4.37844e-05 -2 4.5 -7.5
4.72078e-05 -2.5 5 -7
0.000450109 -2 4.5 -7
9.91411e-05 -2.5 5 -6.5
0.000143667 -2.5 5 -6
0.000167828 -2.5 5 -5.5
2.03575e-05 -2.5 5 -3.5
1.23196e-05 -1 4 -1
1.04288e-05 -0.5 3.5 -2
6.20312e-05 -1 4 -1.5
1.3119e-05 -0.5 3.5 -2.5
0.00026505 -1 4 -2
2.65094e-05 -1.5 4.5 -1.5
1.81866e-05 -0.5 3.5 -3
0.000768465 -1 4 -2.5
0.000130701 -1.5 4.5 -2
3.0231e-05 -0.5 3.5 -3.5
0.00160153 -1 4 -3
0.000572278 -1.5 4.5 -2.5
5.72947e-05 -0.5 3.5 -4
0.00261014 -1 4 -3.5
0.00159058 -1.5 4.5 -3
1.35025e-05 -2 5 -2.5
9.81644e-05 -0.5 3.5 -4.5
0.00342544 -1 4 -4
0.00304471 -1.5 4.5 -3.5
7.93567e-05 -2 5 -3
0.000116176 -0.5 3.5 -5
0.00362963 -1 4 -4.5
0.00420328 -1.5 4.5 -4
0.000378341 -2 5 -3.5
0.000116367 -0.5 3.5 -5.5
0.00354063 -1 4 -5
0.00436075 -1.5 4.5 -4.5
0.000838419 -2 5 -4
0.000104236 -0.5 3.5 -6
0.00303966 -1 4 -5.5
0.00421844 -1.5 4.5 -5
0.000991579 -2 5 -4.5
8.21062e-05 -0.5 3.5 -6.5
0.00213986 -1 4 -6
0.00354743 -1.5 4.5 -5.5
0.000972884 -2 5 -5
5.7671e-05 -0.5 3.5 -7
0.00119251 -1 4 -6.5
0.00245364 -1.5 4.5 -6
0.0008477 -2 5 -5.5
2.54971e-05 -0.5 3.5 -7.5
0.000458578 -1 4 -7
0.0013329 -1.5 4.5 -6.5
7.00451e-05 -1 4 -7.5
0.000459559 -1.5 4.5 -7
3.98862e-05 -1.5 4.5 -7.5
9.65526e-05 -2 5 -7
1.28062e-05 -2.5 5.5 -6.5
0.000311605 -2 5 -6.5
1.66075e-05 -2.5 5.5 -6
0.000587835 -2 5 -6
1.70667e-05 -2.5 5.5 -5.5
1.74574e-05 -2.5 5.5 -5
1.38655e-05 -2.5 5.5 -4.5
2.47572e-05 -0.5 4 -1.5
7.09426e-05 -0.5 4 -2
4.15955e-05 -1 4.5 -1.5
0.000141595 -0.5 4 -2.5
0.000187535 -1 4.5 -2
0.000233736 -0.5 4 -3
0.00064418 -1 4.5 -2.5
2.52102e-05 -1.5 5 -2
0.000343433 -0.5 4 -3.5
0.00151563 -1 4.5 -3
0.000142601 -1.5 5 -2.5
0.000467045 -0.5 4 -4
0.00262224 -1 4.5 -3.5
0.000593167 -1.5 5 -3
0.000548754 -0.5 4 -4.5
0.00342973 -1 4.5 -4
0.00135396 -1.5 5 -3.5
0.00054349 -0.5 4 -5
0.00352294 -1 4.5 -4.5
0.00192461 -1.5 5 -4
2.92401e-05 -2 5.5 -3.5
9.36174e-05 -2 5.5 -4
0.000474279 -0.5 4 -5.5
0.00338578 -1 4.5 -5
0.00196862 -1.5 5 -4.5
0.000344551 -0.5 4 -6
0.00278657 -1 4.5 -5.5
0.00186348 -1.5 5 -5
0.000135641 -2 5.5 -4.5
0.000210814 -0.5 4 -6.5
0.00187339 -1 4.5 -6
0.00147109 -1.5 5 -5.5
0.000105475 -0.5 4 -7
0.000972236 -1 4.5 -6.5
0.000932053 -1.5 5 -6
3.23467e-05 -0.5 4 -7.5
0.000314272 -1 4.5 -7
2.78727e-05 -1 4.5 -7.5
1.51622e-05 -2 5.5 -7
0.000110309 -1.5 5 -7
5.27047e-05 -2 5.5 -6.5
0.000441966 -1.5 5 -6.5
9.46052e-05 -2 5.5 -6
0.000126842 -2 5.5 -5.5
0.000136825 -2 5.5 -5
3.27445e-05 -0.5 4.5 -1.5
0.000128382 -0.5 4.5 -2
1.69858e-05 -1 5 -1.5
0.000324989 -0.5 4.5 -2.5
8.42367e-05 -1 5 -2
0.000591455 -0.5 4.5 -3
0.000342208 -1 5 -2.5
0.000872065 -0.5 4.5 -3.5
0.000874459 -1 5 -3
1.31067e-05 -1.5 5.5 -2.5
0.00108287 -0.5 4.5 -4
0.00155682 -1 5 -3.5
8.25296e-05 -1.5 5.5 -3
0.00111995 -0.5 4.5 -4.5
0.00197968 -1 5 -4
0.000267064 -1.5 5.5 -3.5
0.00042791 -1.5 5.5 -4
0.00106265 -0.5 4.5 -5
0.000856299 -0.5 4.5 -5.5
0.0018506 -1 5 -5
0.000442529 -1.5 5.5 -4.5
0.000571663 -0.5 4.5 -6
0.00142315 -1 5 -5.5
0.000418151 -1.5 5.5 -5
0.000324347 -1.5 5.5 -5.5
0.000307761 -0.5 4.5 -6.5
0.000117762 -0.5 4.5 -7
0.000402881 -1 5 -6.5
2.02483e-05 -0.5 4.5 -7.5
1.68394e-05 -1.5 5.5 -7
9.19272e-05 -1 5 -7
8.83837e-05 -1.5 5.5 -6.5
0.00019845 -1.5 5.5 -6
1.02282e-05 -2 6 -5.5
0.000878864 -1 5 -6
1.14489e-05 -2 6 -5
0.00198987 -1 5 -4.5
1.32417e-05 0 4.5 -2
2.0691e-05 -0.5 5 -1.5
1.70878e-05 0 4.5 -2.5
9.6242e-05 -0.5 5 -2
1.65912e-05 0 4.5 -3
0.000306545 -0.5 5 -2.5
1.66461e-05 -1 5.5 -2
1.73064e-05 0 4.5 -3.5
0.000638472 -0.5 5 -3
9.23935e-05 -1 5.5 -2.5
2.20928e-05 0 4.5 -4
0.000981373 -0.5 5 -3.5
0.000290436 -1 5.5 -3
2.91492e-05 0 4.5 -4.5
0.00113291 -0.5 5 -4
0.000530444 -1 5.5 -3.5
3.09692e-05 0 4.5 -5
0.00112472 -0.5 5 -4.5
0.000632148 -1 5.5 -4
2.13604e-05 -1.5 6 -3.5
2.87624e-05 0 4.5 -5.5
0.00100897 -0.5 5 -5
0.000622935 -1 5.5 -4.5
2.28142e-05 0 4.5 -6
0.000745581 -0.5 5 -5.5
0.000546907 -1 5.5 -5
0.000387281 -1 5.5 -5.5
1.51882e-05 0 4.5 -6.5
0.000218687 -1 5.5 -6
1.19387e-05 0 4.5 -7
5.19304e-05 -0.5 5 -7
1.34092e-05 -1 5.5 -7
1.1159e-05 -1.5 6 -6.5
8.83755e-05 -1 5.5 -6.5
2.44343e-05 -1.5 6 -6
0.000202437 -0.5 5 -6.5
4.12521e-05 -1.5 6 -5.5
0.000447374 -0.5 5 -6
4.85357e-05 -1.5 6 -5
4.86557e-05 -1.5 6 -4.5
4.33598e-05 -1.5 6 -4
1.2242e-05 0 5 -1.5
4.19756e-05 0 5 -2
7.84078e-05 0 5 -2.5
3.83286e-05 -0.5 5.5 -2
0.00011008 0 5 -3
0.000139982 -0.5 5.5 -2.5
0.000129807 0 5 -3.5
0.000315161 -0.5 5.5 -3
0.000140622 0 5 -4
0.000493905 -0.5 5.5 -3.5
3.75257e-05 -1 6 -3
0.000140051 0 5 -4.5
0.000542409 -0.5 5.5 -4
0.000123727 0 5 -5
0.00052834 -0.5 5.5 -4.5
9.67769e-05 -1 6 -4
9.33014e-05 0 5 -5.5
0.000444417 -0.5 5.5 -5
6.03612e-05 0 5 -6
0.000159328 -0.5 5.5 -6
5.86894e-05 -1 6 -5.5
1.12323e-05 -1 6 -6.5
1.35501e-05 0 5 -7
5.63264e-05 -0.5 5.5 -6.5
3.08378e-05 -1 6 -6
3.33924e-05 0 5 -6.5
0.000300724 -0.5 5.5 -5.5
8.28738e-05 -1 6 -5
9.531e-05 -1 6 -4.5
7.96712e-05 -1 6 -3.5
3.37154e-05 0 5.5 -2
8.8335e-05 0 5.5 -2.5
0.000146685 0 5.5 -3
2.63174e-05 -0.5 6 -2.5
0.000176287 0 5.5 -3.5
6.27158e-05 -0.5 6 -3
0.00017848 0 5.5 -4
9.46678e-05 -0.5 6 -3.5
0.000167808 0 5.5 -4.5
0.000131842 0 5.5 -5
9.79824e-05 -0.5 6 -4.5
8.59041e-05 0 5.5 -5.5
4.36318e-05 0 5.5 -6
2.41942e-05 -0.5 6 -6
1.56241e-05 0 5.5 -6.5
4.94566e-05 -0.5 6 -5.5
7.68853e-05 -0.5 6 -5
0.000101556 -0.5 6 -4
2.54867e-05 0 6 -2.5
4.94315e-05 0 6 -3
6.16245e-05 0 6 -3.5
1.03483e-05 -0.5 6.5 -4.5
1.88494e-05 0 6 -5.5
3.62554e-05 0 6 -5
5.46034e-05 0 6 -4.5
6.23807e-05 0 6 -4
