0.0333333
1.19772e-05 -11.5 -9 9.5
2.79376e-05 -11.5 -9 10
3.91839e-05 -11.5 -9 10.5
3.67174e-05 -11.5 -9 11
2.88425e-05 -11.5 -9 11.5
1.34658e-05 -12 -9 10.5
3.11175e-05 -11 -9 9.5
1.62805e-05 -10.5 -9.5 10
1.86407e-05 -11.5 -9 12
1.45847e-05 -12 -9 11
1.33776e-05 -11 -9 9
7.08975e-05 -11.5 -8.5 9.5
6.08653e-05 -11 -9 10
1.73566e-05 -10.5 -9.5 10.5
1.25059e-05 -12 -9 11.5
2.69015e-05 -11.5 -8.5 9
6.71183e-05 -11 -9 10.5
1.55327e-05 -10.5 -9.5 11
0.000146414 -11.5 -8.5 10
6.12376e-05 -11 -9 11
0.000186273 -11.5 -8.5 10.5
4.57892e-05 -11 -9 11.5
1.74422e-05 -12 -8.5 9.5
0.0001716 -11.5 -8.5 11
2.74047e-05 -11 -9 12
4.27266e-05 -12 -8.5 10
0.000132856 -11.5 -8.5 11.5
1.26565e-05 -11 -9 12.5
8.4881e-05 -11.5 -8.5 12
4.74996e-05 -10.5 -9 9.5
1.50382e-05 -10 -9.5 10
4.36019e-05 -11.5 -8.5 12.5
7.51996e-05 -12 -8.5 10.5
2.27128e-05 -10.5 -9 9
0.000156955 -11 -8.5 9.5
8.42296e-05 -10.5 -9 10
1.51641e-05 -10 -9.5 10.5
1.41905e-05 -11.5 -8.5 13
7.29338e-05 -12 -8.5 11
7.45869e-05 -11 -8.5 9
0.000326804 -11.5 -8 9.5
0.000297433 -11 -8.5 10
8.39643e-05 -10.5 -9 10.5
5.95146e-05 -12 -8.5 11.5
3.99808e-05 -12 -8.5 12
2.15301e-05 -11 -8.5 8.5
0.000149345 -11.5 -8 9
0.000311917 -11 -8.5 10.5
7.35205e-05 -10.5 -9 11
1.94632e-05 -12 -8.5 12.5
3.97018e-05 -11.5 -8 8.5
0.000646482 -11.5 -8 10
0.000282848 -11 -8.5 11
4.83816e-05 -10.5 -9 11.5
0.000758844 -11.5 -8 10.5
0.000207824 -11 -8.5 11.5
2.70698e-05 -10.5 -9 12
0.000696417 -11.5 -8 11
0.000122628 -11 -8.5 12
0.000106293 -12 -8 9.5
1.15728e-05 -10.5 -9 12.5
3.78787e-05 -12 -8 9
0.000536834 -11.5 -8 11.5
0.000231219 -12 -8 10
5.70506e-05 -11 -8.5 12.5
1.5204e-05 -12.5 -8.5 10.5
0.000340632 -11.5 -8 12
1.32045e-05 -11 -8.5 13
0.000171307 -11.5 -8 12.5
1.7284e-05 -12.5 -8.5 11
4.90198e-05 -10 -9 9.5
5.39606e-05 -11.5 -8 13
0.000332271 -12 -8 10.5
1.53674e-05 -12.5 -8.5 11.5
2.49905e-05 -10 -9 9
0.00022703 -10.5 -8.5 9.5
7.49987e-05 -10 -9 10
0.000312307 -12 -8 11
1.08507e-05 -12.5 -8.5 12
0.000116175 -10.5 -8.5 9
0.000365671 -10.5 -8.5 10
7.19275e-05 -10 -9 10.5
0.000639778 -11 -8 9.5
0.000246847 -12 -8 11.5
0.000310488 -11 -8 9
4.16662e-05 -10.5 -8.5 8.5
0.00113326 -11 -8 10
0.000359097 -10.5 -8.5 10.5
5.53822e-05 -10 -9 11
0.00101586 -11.5 -7.5 9.5
0.000163745 -12 -8 12
8.98928e-05 -12 -8 12.5
0.000107953 -11 -8 8.5
0.000469689 -11.5 -7.5 9
0.00115659 -11 -8 10.5
0.00030738 -10.5 -8.5 11
3.61955e-05 -10 -9 11.5
3.55908e-05 -12 -8 13
2.34452e-05 -11 -8 8
0.000152649 -11.5 -7.5 8.5
0.00187693 -11.5 -7.5 10
0.00104723 -11 -8 11
0.000215438 -10.5 -8.5 11.5
1.88432e-05 -10 -9 12
3.3169e-05 -11.5 -7.5 8
0.00215824 -11.5 -7.5 10.5
0.000767173 -11 -8 11.5
0.000121156 -10.5 -8.5 12
0.00200581 -11.5 -7.5 11
0.000445899 -11 -8 12
1.6904e-05 -12.5 -8 9.5
5.21275e-05 -10.5 -8.5 12.5
0.00158321 -11.5 -7.5 11.5
0.000409601 -12 -7.5 9.5
0.000197766 -11 -8 12.5
4.34481e-05 -12.5 -8 10
0.000174687 -12 -7.5 9
0.000997231 -11.5 -7.5 12
4.55657e-05 -11 -8 13
0.000816614 -12 -7.5 10
8.83803e-05 -12.5 -8 10.5
0.000473081 -11.5 -7.5 12.5
0.000125758 -11.5 -7.5 13
4.43387e-05 -12 -7.5 8.5
8.80638e-05 -12.5 -8 11
3.50163e-05 -9.5 -9 9.5
0.00108033 -12 -7.5 10.5
7.50938e-05 -12.5 -8 11.5
1.88286e-05 -9.5 -9 9
4.3477e-05 -9.5 -9 10
0.000222012 -10 -8.5 9.5
0.00101636 -12 -7.5 11
5.2075e-05 -12.5 -8 12
0.000119224 -10 -8.5 9
0.000313902 -10 -8.5 10
3.95263e-05 -9.5 -9 10.5
0.00078699 -10.5 -8 9.5
0.000819267 -12 -7.5 11.5
3.05584e-05 -12.5 -8 12.5
0.000408465 -10.5 -8 9
4.90182e-05 -10 -8.5 8.5
0.00121954 -10.5 -8 10
0.000298523 -10 -8.5 10.5
2.9901e-05 -9.5 -9 11
0.0016747 -11 -7.5 9.5
0.000544873 -12 -7.5 12
1.18486e-05 -12.5 -8 13
0.000825734 -11 -7.5 9
0.000164393 -10.5 -8 8.5
0.00279417 -11 -7.5 10
0.00120308 -10.5 -8 10.5
0.000241536 -10 -8.5 11
1.84273e-05 -9.5 -9 11.5
0.00210477 -11.5 -7 9.5
0.000283986 -12 -7.5 12.5
0.000982436 -11.5 -7 9
0.000304356 -11 -7.5 8.5
3.98668e-05 -10.5 -8 8
0.00287276 -11 -7.5 10.5
0.00104821 -10.5 -8 11
0.000158596 -10 -8.5 11.5
7.55978e-05 -11 -7.5 8
0.000338496 -11.5 -7 8.5
0.00262885 -11 -7.5 11
0.000737934 -10.5 -8 11.5
8.1586e-05 -10 -8.5 12
1.41141e-05 -11 -7.5 7.5
8.26501e-05 -11.5 -7 8
0.00433013 -11.5 -7 10.5
0.00194674 -11 -7.5 11.5
0.000406021 -10.5 -8 12
3.0108e-05 -10 -8.5 12.5
1.49939e-05 -11.5 -7 7.5
0.00408243 -11.5 -7 11
0.00112494 -11 -7.5 12
0.000164452 -10.5 -8 12.5
0.00328595 -11.5 -7 11.5
2.19071e-05 -10.5 -8 13
0.000487908 -11 -7.5 12.5
9.99364e-05 -12.5 -7.5 9.5
3.22503e-05 -12.5 -7.5 9
0.00204577 -11.5 -7 12
0.000102722 -11 -7.5 13
0.000963033 -12 -7 9.5
0.000221404 -12.5 -7.5 10
1.19996e-05 -13 -8 10.5
0.000420056 -12 -7 9
0.000939874 -11.5 -7 12.5
0.00182173 -12 -7 10
0.000354253 -12.5 -7.5 10.5
1.39564e-05 -13 -8 11
0.00235881 -12 -7 10.5
0.000344203 -12.5 -7.5 11
1.25239e-05 -13 -8 11.5
0.000127577 -12 -7 8.5
0.000230246 -11.5 -7 13
0.00372149 -11.5 -7 10
9.82738e-05 -12 -7.5 13
1.15833e-05 -9 -9 9.5
2.80953e-05 -12 -7 8
0.000288288 -12.5 -7.5 11.5
0.000144669 -9.5 -8.5 9.5
1.15508e-05 -9 -9 10
0.00224605 -12 -7 11
0.000200395 -12.5 -7.5 12
8.18702e-05 -9.5 -8.5 9
0.00017709 -9.5 -8.5 10
1.01735e-05 -9 -9 10.5
0.000681429 -10 -8 9.5
0.00186696 -12 -7 11.5
0.000114776 -12.5 -7.5 12.5
0.000371184 -10 -8 9
3.78831e-05 -9.5 -8.5 8.5
0.000938123 -10 -8 10
0.000162495 -9.5 -8.5 10.5
0.00182436 -10.5 -7.5 9.5
0.00124606 -12 -7 12
4.5572e-05 -12.5 -7.5 13
0.000952714 -10.5 -7.5 9
0.000163677 -10 -8 8.5
0.00278559 -10.5 -7.5 10
0.000897098 -10 -8 10.5
0.00012444 -9.5 -8.5 11
0.00309345 -11 -7 9.5
0.000629953 -12 -7 12.5
0.00154882 -11 -7 9
0.000393851 -10.5 -7.5 8.5
4.42452e-05 -10 -8 8
0.00496496 -11 -7 10
0.00277514 -10.5 -7.5 10.5
0.000735468 -10 -8 11
7.65464e-05 -9.5 -8.5 11.5
0.00322091 -11.5 -6.5 9.5
0.000201726 -12 -7 13
0.00152425 -11.5 -6.5 9
0.000595892 -11 -7 8.5
0.000107906 -10.5 -7.5 8
0.00520509 -11 -7 10.5
0.00247082 -10.5 -7.5 11
0.000483877 -10 -8 11.5
3.57661e-05 -9.5 -8.5 12
0.000155494 -11 -7 8
2.18124e-05 -10.5 -7.5 7.5
0.00481987 -11 -7 11
0.00175327 -10.5 -7.5 11.5
0.000242997 -10 -8 12
1.0127e-05 -9.5 -8.5 12.5
0.00637999 -11.5 -6.5 10.5
0.000551532 -11.5 -6.5 8.5
3.17208e-05 -11 -7 7.5
0.00014011 -11.5 -6.5 8
0.00362501 -11 -7 11.5
0.000951816 -10.5 -7.5 12
8.58811e-05 -10 -8 12.5
2.86071e-05 -11.5 -6.5 7.5
0.00609897 -11.5 -6.5 11
0.00210881 -11 -7 12
0.000371939 -10.5 -7.5 12.5
0.00488881 -11.5 -6.5 11.5
4.9301e-05 -10.5 -7.5 13
0.000911097 -11 -7 12.5
1.11179e-05 -13 -7.5 9.5
0.00296947 -11.5 -6.5 12
0.000185972 -11 -7 13
0.000291744 -12.5 -7 9.5
3.22808e-05 -13 -7.5 10
0.000115104 -12.5 -7 9
0.00133586 -11.5 -6.5 12.5
0.00160918 -12 -6.5 9.5
0.00060159 -12.5 -7 10
7.06025e-05 -13 -7.5 10.5
2.58285e-05 -12.5 -7 8.5
0.000714451 -12 -6.5 9
0.000327981 -11.5 -6.5 13
0.00291611 -12 -6.5 10
0.00089365 -12.5 -7 10.5
7.12952e-05 -13 -7.5 11
0.000870234 -12.5 -7 11
6.28276e-05 -13 -7.5 11.5
0.000747395 -12.5 -7 11.5
4.47622e-05 -13 -7.5 12
0.00361904 -12 -6.5 11
5.56831e-05 -12 -6.5 8
0.00373498 -12 -6.5 10.5
0.000232996 -12 -6.5 8.5
0.00546542 -11.5 -6.5 10
6.10685e-05 -9 -8.5 9.5
0.000526872 -12.5 -7 12
2.66453e-05 -13 -7.5 12.5
3.61351e-05 -9 -8.5 9
6.32756e-05 -9 -8.5 10
0.000389537 -9.5 -8 9.5
0.00308079 -12 -6.5 11.5
1.02804e-05 -13 -7.5 13
0.000290511 -12.5 -7 12.5
0.000224207 -9.5 -8 9
1.85653e-05 -9 -8.5 8.5
0.000474581 -9.5 -8 10
5.69841e-05 -9 -8.5 10.5
0.00145628 -10 -7.5 9.5
0.00010646 -12.5 -7 13
0.000802492 -10 -7.5 9
0.000108414 -9.5 -8 8.5
0.00197114 -10 -7.5 10
0.000441201 -9.5 -8 10.5
4.1346e-05 -9 -8.5 11
0.00314487 -10.5 -7 9.5
0.00164902 -10.5 -7 9
0.000358191 -10 -7.5 8.5
3.44652e-05 -9.5 -8 8
0.00471743 -10.5 -7 10
0.00190115 -10 -7.5 10.5
0.000343769 -9.5 -8 11
2.31962e-05 -9 -8.5 11.5
0.00430184 -11 -6.5 9.5
0.0021994 -11 -6.5 9
0.000692526 -10.5 -7 8.5
0.000108116 -10 -7.5 8
0.0065856 -11 -6.5 10
0.00477374 -10.5 -7 10.5
0.00159436 -10 -7.5 11
0.000210608 -9.5 -8 11.5
0.00370118 -11.5 -6 9.5
0.000881626 -11 -6.5 8.5
0.00020013 -10.5 -7 8
2.2955e-05 -10 -7.5 7.5
0.00701594 -11 -6.5 10.5
0.00431585 -10.5 -7 11
0.00105279 -10 -7.5 11.5
9.6012e-05 -9.5 -8 12
0.000685764 -11.5 -6 8.5
0.000242796 -11 -6.5 8
4.62464e-05 -10.5 -7 7.5
0.0065595 -11 -6.5 11
0.00307665 -10.5 -7 11.5
0.000522515 -10 -7.5 12
0.00018327 -11.5 -6 8
5.41969e-05 -11 -6.5 7.5
0.00495193 -11 -6.5 11.5
0.00165329 -10.5 -7 12
0.000181395 -10 -7.5 12.5
0.00659801 -11.5 -6 11
2.88456e-05 -9.5 -8 12.5
0.00687264 -11.5 -6 10.5
3.74904e-05 -11.5 -6 7.5
0.00286185 -11 -6.5 12
1.1749e-05 -10 -7.5 13
0.000636938 -10.5 -7 12.5
0.00518533 -11.5 -6 11.5
9.10001e-05 -10.5 -7 13
0.00121552 -11 -6.5 12.5
0.00309506 -11.5 -6 12
0.000251286 -11 -6.5 13
5.44374e-05 -13 -7 9.5
1.52711e-05 -13 -7 9
0.0013706 -11.5 -6 12.5
0.000556396 -12.5 -6.5 9.5
0.00012404 -13 -7 10
0.000227155 -12.5 -6.5 9
0.00033675 -11.5 -6 13
0.00198013 -12 -6 9.5
0.00109719 -12.5 -6.5 10
0.000213075 -13 -7 10.5
6.45007e-05 -12.5 -6.5 8.5
0.000911292 -12 -6 9
0.00157152 -12.5 -6.5 10.5
0.000212476 -13 -7 11
1.11411e-05 -12.5 -6.5 8
0.00155097 -12.5 -6.5 11
0.000189484 -13 -7 11.5
0.00137524 -12.5 -6.5 11.5
0.000139263 -13 -7 12
1.28592e-05 -12 -6 7.5
0.00352161 -12 -6 11.5
0.00097309 -12.5 -6.5 12
8.38808e-05 -13 -7 12.5
0.00414422 -12 -6 11
7.85275e-05 -12 -6 8
0.00420992 -12 -6 10.5
0.00031884 -12 -6 8.5
0.00339305 -12 -6 10
0.00598251 -11.5 -6 10
0.000152469 -9 -8 9.5
0.00229152 -12 -6 12
3.42628e-05 -13 -7 13
0.000526385 -12.5 -6.5 12.5
9.23593e-05 -9 -8 9
0.000764422 -9.5 -7.5 9.5
0.000162775 -9 -8 10
0.000184824 -12.5 -6.5 13
0.00112165 -12 -6 12.5
0.00044724 -9.5 -7.5 9
4.77876e-05 -9 -8 8.5
0.00234865 -10 -7 9.5
0.000929849 -9.5 -7.5 10
0.000148585 -9 -8 10.5
0.000343146 -12 -6 13
0.00131253 -10 -7 9
0.000215891 -9.5 -7.5 8.5
1.71783e-05 -9 -8 8
0.00313219 -10 -7 10
0.000875046 -9.5 -7.5 10.5
0.000109107 -9 -8 11
0.00416653 -10.5 -6.5 9.5
0.00221665 -10.5 -6.5 9
0.000592292 -10 -7 8.5
7.44874e-05 -9.5 -7.5 8
0.00599574 -10.5 -6.5 10
0.00305841 -10 -7 10.5
0.000692344 -9.5 -7.5 11
6.10113e-05 -9 -8 11.5
0.00462533 -11 -6 9.5
0.00241141 -11 -6 9
0.000944205 -10.5 -6.5 8.5
0.000188173 -10 -7 8
1.70973e-05 -9.5 -7.5 7.5
0.00683485 -11 -6 10
0.00615472 -10.5 -6.5 10.5
0.00260937 -10 -7 11
0.000422531 -9.5 -7.5 11.5
2.51853e-05 -9 -8 12
0.00370637 -11.5 -5.5 9.5
0.000998942 -11 -6 8.5
0.000287851 -10.5 -6.5 8
4.53546e-05 -10 -7 7.5
0.00728908 -11 -6 10.5
0.00556297 -10.5 -6.5 11
0.00171697 -10 -7 11.5
0.000190693 -9.5 -7.5 12
0.000700385 -11.5 -5.5 8.5
0.000292776 -11 -6 8
6.86088e-05 -10.5 -6.5 7.5
0.00681758 -11 -6 11
0.00387022 -10.5 -6.5 11.5
0.000844357 -10 -7 12
0.000191294 -11.5 -5.5 8
6.61314e-05 -11 -6 7.5
1.12983e-05 -10.5 -6.5 7
0.00510208 -11 -6 11.5
0.0020322 -10.5 -6.5 12
3.84232e-05 -11.5 -5.5 7.5
0.00291009 -11 -6 12
2.48288e-05 -10 -7 13
0.00077844 -10.5 -6.5 12.5
0.0050053 -11.5 -5.5 11.5
0.000293514 -10 -7 12.5
0.00646137 -11.5 -5.5 11
5.78652e-05 -9.5 -7.5 12.5
0.00674045 -11.5 -5.5 10.5
0.0012225 -11 -6 12.5
0.000123408 -10.5 -6.5 13
0.00293713 -11.5 -5.5 12
0.000250679 -11 -6 13
0.00127293 -11.5 -5.5 12.5
0.000123168 -13 -6.5 9.5
1.26928e-05 -13.5 -7 10
4.52e-05 -13 -6.5 9
0.000307249 -11.5 -5.5 13
0.000763329 -12.5 -6 9.5
0.000261218 -13 -6.5 10
3.47154e-05 -13.5 -7 10.5
0.000324525 -12.5 -6 9
0.00141536 -12.5 -6 10
0.000422966 -13 -6.5 10.5
3.61795e-05 -13.5 -7 11
0.000100943 -12.5 -6 8.5
0.000939349 -12 -5.5 9
0.00200999 -12 -5.5 9.5
0.0019263 -12.5 -6 10.5
0.000429944 -13 -6.5 11
3.28576e-05 -13.5 -7 11.5
1.94708e-05 -12.5 -6 8
0.0019369 -12.5 -6 11
0.000394706 -13 -6.5 11.5
2.46356e-05 -13.5 -7 12
0.00174044 -12.5 -6 11.5
0.000297595 -13 -6.5 12
1.27621e-05 -12 -5.5 7.5
0.00346756 -12 -5.5 11.5
0.00017648 -13 -6.5 12.5
0.00121601 -12.5 -6 12
0.00223122 -12 -5.5 12
6.97464e-05 -13 -6.5 13
0.00063901 -12.5 -6 12.5
3.41078e-05 -8.5 -8 9.5
1.30979e-05 -13.5 -7 12.5
0.00410909 -12 -5.5 11
8.44902e-05 -12 -5.5 8
0.00417147 -12 -5.5 10.5
0.000338965 -12 -5.5 8.5
0.00339465 -12 -5.5 10
0.00591869 -11.5 -5.5 10
0.000275318 -9 -7.5 9.5
0.000218665 -12.5 -6 13
0.00108431 -12 -5.5 12.5
0.000170716 -9 -7.5 9
0.00115914 -9.5 -7 9.5
0.000298918 -9 -7.5 10
1.24873e-05 -8.5 -8 8.5
0.000322657 -12 -5.5 13
0.000689933 -9.5 -7 9
8.8149e-05 -9 -7.5 8.5
0.00292023 -10 -6.5 9.5
0.00140257 -9.5 -7 10
0.000275467 -9 -7.5 10.5
0.0016705 -10 -6.5 9
0.000334919 -9.5 -7 8.5
3.36509e-05 -9 -7.5 8
0.00379366 -10 -6.5 10
0.00133503 -9.5 -7 10.5
0.000202711 -9 -7.5 11
0.00436383 -10.5 -6 9.5
0.00236323 -10.5 -6 9
0.000766955 -10 -6.5 8.5
0.000118962 -9.5 -7 8
0.00612448 -10.5 -6 10
0.00375199 -10 -6.5 10.5
0.00106071 -9.5 -7 11
0.000112293 -9 -7.5 11.5
0.004525 -11 -5.5 9.5
0.00237256 -11 -5.5 9
0.00102021 -10.5 -6 8.5
0.000255637 -10 -6.5 8
3.09278e-05 -9.5 -7 7.5
0.00659554 -11 -5.5 10
0.00630296 -10.5 -6 10.5
0.00316474 -10 -6.5 11
0.000640231 -9.5 -7 11.5
4.60067e-05 -9 -7.5 12
0.00331435 -11.5 -5 9.5
0.000986464 -11 -5.5 8.5
6.36272e-05 -10 -6.5 7.5
0.000321849 -10.5 -6 8
0.00706074 -11 -5.5 10.5
0.00565044 -10.5 -6 11
0.00202608 -10 -6.5 11.5
0.000286302 -9.5 -7 12
0.00062891 -11.5 -5 8.5
0.000294236 -11 -5.5 8
1.11496e-05 -10 -6.5 7
7.69159e-05 -10.5 -6 7.5
0.00658875 -11 -5.5 11
0.000975505 -10 -6.5 12
0.00388371 -10.5 -6 11.5
0.00017116 -11.5 -5 8
1.24716e-05 -10.5 -6 7
6.54524e-05 -11 -5.5 7.5
0.00551367 -11.5 -5 11
0.00486347 -11 -5.5 11.5
0.000338849 -10 -6.5 12.5
2.93822e-05 -11.5 -5 7.5
0.00413496 -11.5 -5 11.5
0.00271336 -11 -5.5 12
3.64636e-05 -10 -6.5 13
0.000768114 -10.5 -6 12.5
0.0020182 -10.5 -6 12
0.00110989 -11 -5.5 12.5
0.000122675 -10.5 -6 13
0.00234918 -11.5 -5 12
8.85859e-05 -9.5 -7 12.5
0.00576519 -11.5 -5 10.5
0.00021847 -11 -5.5 13
0.000982441 -11.5 -5 12.5
1.49194e-05 -13.5 -6.5 9.5
0.000230481 -11.5 -5 13
4.37867e-05 -13.5 -6.5 10
7.44345e-05 -13 -6 9
0.000189344 -13 -6 9.5
0.000380807 -13 -6 10
7.98934e-05 -13.5 -6.5 10.5
1.715e-05 -13 -6 8.5
0.000353027 -12.5 -5.5 9
0.000803811 -12.5 -5.5 9.5
0.00144501 -12.5 -5.5 10
0.000583022 -13 -6 10.5
8.4155e-05 -13.5 -6.5 11
0.000115812 -12.5 -5.5 8.5
0.000889039 -12 -5 9
0.00189263 -12 -5 9.5
0.00192718 -12.5 -5.5 10.5
0.000609334 -13 -6 11
7.78975e-05 -13.5 -6.5 11.5
2.15626e-05 -12.5 -5.5 8
0.00194287 -12.5 -5.5 11
6.01633e-05 -13.5 -6.5 12
0.000571619 -13 -6 11.5
7.87735e-05 -12 -5 8
0.00372022 -12 -5 11
0.00174067 -12.5 -5.5 11.5
0.00305916 -12 -5 11.5
0.0012041 -12.5 -5.5 12
1.43975e-05 -13.5 -6.5 13
0.00024996 -13 -6 12.5
3.74389e-05 -13.5 -6.5 12.5
0.000433422 -13 -6 12
0.00190965 -12 -5 12
9.48658e-05 -13 -6 13
0.000626491 -12.5 -5.5 12.5
0.000914966 -12 -5 12.5
0.000210822 -12.5 -5.5 13
6.19507e-05 -8.5 -7.5 9.5
0.00375039 -12 -5 10.5
0.000322668 -12 -5 8.5
0.00310872 -12 -5 10
0.00509465 -11.5 -5 10
0.000389149 -9 -7 9.5
0.000251708 -12 -5 13
0.000247185 -9 -7 9
0.00137929 -9.5 -6.5 9.5
0.000424237 -9 -7 10
2.31264e-05 -8.5 -7.5 8.5
0.000840323 -9.5 -6.5 9
0.000128253 -9 -7 8.5
0.00298954 -10 -6 9.5
0.00163801 -9.5 -6.5 10
0.000391687 -9 -7 10.5
0.0017306 -10 -6 9
0.000411855 -9.5 -6.5 8.5
5.00835e-05 -9 -7 8
0.00420549 -10.5 -5.5 9.5
0.00383166 -10 -6 10
0.00156816 -9.5 -6.5 10.5
0.0002813 -9 -7 11
0.00228826 -10.5 -5.5 9
0.000150779 -9.5 -6.5 8
0.000801713 -10 -6 8.5
1.40635e-05 -9 -7 7.5
0.00581692 -10.5 -5.5 10
0.00379819 -10 -6 10.5
0.00121593 -9.5 -6.5 11
0.000151519 -9 -7 11.5
0.00366643 -11 -5 9.5
0.00191858 -11 -5 9
0.000987686 -10.5 -5.5 8.5
0.000273858 -10 -6 8
4.03899e-05 -9.5 -6.5 7.5
0.00529658 -11 -5 10
0.00602554 -10.5 -5.5 10.5
0.000713256 -9.5 -6.5 11.5
0.00317489 -10 -6 11
6.04442e-05 -9 -7 12
0.00213479 -11.5 -4.5 9.5
0.000783117 -11 -5 8.5
0.000312648 -10.5 -5.5 8
6.8354e-05 -10 -6 7.5
0.0058208 -11 -5 10.5
0.00200964 -10 -6 11.5
0.00534207 -10.5 -5.5 11
0.0003135 -9.5 -6.5 12
0.000368684 -11.5 -4.5 8.5
0.000232977 -11 -5 8
1.14007e-05 -10 -6 7
0.00384822 -11.5 -4.5 10.5
7.31124e-05 -10.5 -5.5 7.5
0.00543302 -11 -5 11
0.0035821 -10.5 -5.5 11.5
0.00095977 -10 -6 12
8.91204e-05 -11.5 -4.5 8
4.51848e-05 -11 -5 7.5
0.00373399 -11.5 -4.5 11
0.00389337 -11 -5 11.5
0.00033124 -10 -6 12.5
0.00182127 -10.5 -5.5 12
0.00275817 -11.5 -4.5 11.5
0.00211266 -11 -5 12
3.6714e-05 -10 -6 13
0.00153849 -11.5 -4.5 12
0.000105715 -10.5 -5.5 13
0.000839493 -11 -5 12.5
0.000680328 -10.5 -5.5 12.5
9.74814e-05 -9.5 -6.5 12.5
0.000157318 -11 -5 13
0.00063885 -11.5 -4.5 12.5
1.21942e-05 -9 -7 12.5
0.00014466 -11.5 -4.5 13
3.17788e-05 -13.5 -6 9.5
7.30917e-05 -13.5 -6 10
8.59916e-05 -13 -5.5 9
0.00021185 -13 -5.5 9.5
0.000407641 -13 -5.5 10
0.000120754 -13.5 -6 10.5
2.11066e-05 -13 -5.5 8.5
0.000348677 -12.5 -5 9
0.000788616 -12.5 -5 9.5
0.0013912 -12.5 -5 10
0.000598553 -13 -5.5 10.5
0.000131595 -13.5 -6 11
0.000114428 -12.5 -5 8.5
0.000623152 -12 -4.5 9
0.00135496 -12 -4.5 9.5
0.00180541 -12.5 -5 10.5
0.000628658 -13 -5.5 11
0.000124025 -13.5 -6 11.5
2.02582e-05 -12.5 -5 8
0.00270625 -12 -4.5 10.5
0.00182944 -12.5 -5 11
0.000592597 -13 -5.5 11.5
4.49508e-05 -12 -4.5 8
0.00274003 -12 -4.5 11
0.00161192 -12.5 -5 11.5
0.00221456 -12 -4.5 11.5
0.00108032 -12.5 -5 12
0.000253994 -13 -5.5 12.5
0.00136848 -12 -4.5 12
0.000544308 -12.5 -5 12.5
9.45894e-05 -13 -5.5 13
2.30665e-05 -13.5 -6 13
6.02555e-05 -13.5 -6 12.5
0.000445214 -13 -5.5 12
9.76742e-05 -13.5 -6 12
0.000636528 -12 -4.5 12.5
0.000174014 -12.5 -5 13
0.000160806 -12 -4.5 13
8.11217e-05 -8.5 -7 9.5
0.000437049 -9 -6.5 9.5
0.0002857 -9 -6.5 9
8.03318e-05 -8.5 -7 10
5.69122e-05 -8.5 -7 9
0.00139389 -9.5 -6 9.5
0.000471658 -9 -6.5 10
0.000149551 -9 -6.5 8.5
0.000855943 -9.5 -6 9
7.01076e-05 -8.5 -7 10.5
3.20102e-05 -8.5 -7 8.5
0.00279198 -10 -5.5 9.5
0.00164341 -9.5 -6 10
0.000430126 -9 -6.5 10.5
0.00162084 -10 -5.5 9
0.000420872 -9.5 -6 8.5
5.93846e-05 -9 -6.5 8
4.63788e-05 -8.5 -7 11
1.36723e-05 -8.5 -7 8
0.00324278 -10.5 -5 9.5
0.00354474 -10 -5.5 10
0.000298046 -9 -6.5 11
0.00157397 -9.5 -6 10.5
0.00175376 -10.5 -5 9
0.000745462 -10 -5.5 8.5
1.65857e-05 -9 -6.5 7.5
0.000155684 -9.5 -6 8
2.33306e-05 -8.5 -7 11.5
0.00444573 -10.5 -5 10
0.00355355 -10 -5.5 10.5
0.00120829 -9.5 -6 11
0.000156401 -9 -6.5 11.5
0.00106949 -11 -4.5 9
0.000736091 -10.5 -5 8.5
4.14417e-05 -9.5 -6 7.5
0.00025516 -10 -5.5 8
0.00216405 -11 -4.5 9.5
0.00326317 -11 -4.5 10
0.00472682 -10.5 -5 10.5
0.00291505 -10 -5.5 11
0.000702186 -9.5 -6 11.5
6.11524e-05 -9 -6.5 12
0.000346528 -11.5 -4 9
0.000396973 -11 -4.5 8.5
0.00144344 -11.5 -4 10
6.1965e-05 -10 -5.5 7.5
0.000226945 -10.5 -5 8
0.00374971 -11 -4.5 10.5
0.00413067 -10.5 -5 11
0.00180388 -10 -5.5 11.5
9.72796e-05 -11.5 -4 8.5
0.000102221 -11 -4.5 8
4.54267e-05 -10.5 -5 7.5
0.0018535 -11.5 -4 10.5
1.28536e-05 -9 -6.5 12.5
0.00354316 -11 -4.5 11
0.00272262 -10.5 -5 11.5
0.000844986 -10 -5.5 12
1.50265e-05 -11.5 -4 8
1.01082e-05 -11 -4.5 7.5
0.0018877 -11.5 -4 11
0.00251199 -11 -4.5 11.5
0.00136658 -10.5 -5 12
0.00141961 -11.5 -4 11.5
0.00134513 -11 -4.5 12
0.000500462 -10.5 -5 12.5
0.000808184 -11.5 -4 12
7.57488e-05 -10.5 -5 13
0.000524652 -11 -4.5 12.5
7.41357e-05 -11.5 -4 13
9.62343e-05 -11 -4.5 13
0.000343359 -11.5 -4 12.5
3.21074e-05 -10 -5.5 13
0.000285616 -10 -5.5 12.5
3.69362e-05 -13.5 -5.5 9.5
9.39972e-05 -9.5 -6 12.5
0.000211716 -13 -5 9.5
1.25424e-05 -13.5 -5.5 9
8.16446e-05 -13.5 -5.5 10
0.000633729 -12.5 -4.5 9.5
8.5754e-05 -13 -5 9
0.000404094 -13 -5 10
0.000128375 -13.5 -5.5 10.5
0.000277796 -12.5 -4.5 9
0.000643155 -12 -4 9.5
2.10489e-05 -13 -5 8.5
0.0010879 -12.5 -4.5 10
0.000581099 -13 -5 10.5
0.000141045 -13.5 -5.5 11
0.000261068 -12 -4 9
8.51919e-05 -12.5 -4.5 8.5
0.00113103 -12 -4 10
0.00138947 -12.5 -4.5 10.5
0.000609561 -13 -5 11
1.07076e-05 -12.5 -4.5 8
6.95887e-05 -12 -4 8.5
0.00148517 -12 -4 10.5
0.00143568 -12.5 -4.5 11
0.000572155 -13 -5 11.5
0.00157075 -12 -4 11
0.00123679 -12.5 -4.5 11.5
0.00128503 -12 -4 11.5
0.000802275 -12.5 -4.5 12
0.000794102 -12 -4 12
0.000392994 -12.5 -4.5 12.5
0.000356888 -12 -4 12.5
0.000116843 -12.5 -4.5 13
8.25033e-05 -13 -5 13
2.38234e-05 -13.5 -5.5 13
0.00023379 -13 -5 12.5
6.4394e-05 -13.5 -5.5 12.5
0.000421367 -13 -5 12
0.000105741 -13.5 -5.5 12
1.41385e-05 -14 -6 12
0.000134227 -13.5 -5.5 11.5
8.37773e-05 -12 -4 13
1.80154e-05 -14 -6 11.5
6.10275e-05 -8.5 -6.5 9
0.0004338 -9 -6 9.5
8.3646e-05 -8.5 -6.5 10
8.39748e-05 -8.5 -6.5 9.5
1.90894e-05 -14 -6 11
1.64745e-05 -14 -6 10.5
3.46068e-05 -8.5 -6.5 8.5
0.00125337 -9.5 -5.5 9.5
0.000467762 -9 -6 10
0.000773311 -9.5 -5.5 9
7.21382e-05 -8.5 -6.5 10.5
0.000286638 -9 -6 9
1.45285e-05 -8.5 -6.5 8
0.00199552 -10 -5 9.5
0.00147733 -9.5 -5.5 10
0.000149925 -9 -6 8.5
0.000305873 -9.5 -6 12
0.00113842 -10 -5 9
0.00175976 -10.5 -4.5 9.5
5.92423e-05 -9 -6 8
0.00256721 -10 -5 10
0.000374548 -9.5 -5.5 8.5
0.00142843 -9.5 -5.5 10.5
4.70481e-05 -8.5 -6.5 11
0.000899855 -10.5 -4.5 9
0.000500724 -10 -5 8.5
0.000771053 -11 -4 9.5
0.00253363 -10.5 -4.5 10
1.53195e-05 -9 -6 7.5
0.000136255 -9.5 -5.5 8
0.002645 -10 -5 10.5
0.0010739 -9.5 -5.5 11
0.00031862 -11 -4 9
0.000341575 -10.5 -4.5 8.5
0.000107851 -11.5 -3.5 9.5
0.0013302 -11 -4 10
3.24303e-05 -9.5 -5.5 7.5
0.000162523 -10 -5 8
0.00281942 -10.5 -4.5 10.5
0.00214984 -10 -5 11
2.86941e-05 -11.5 -3.5 9
8.82586e-05 -11 -4 8.5
0.000261206 -11.5 -3.5 10
3.18362e-05 -10 -5 7.5
8.93216e-05 -10.5 -4.5 8
0.00168737 -11 -4 10.5
0.00249797 -10.5 -4.5 11
5.72177e-05 -9 -6 12
0.000262125 -9.5 -5.5 12
1.28966e-05 -11 -4 8
0.00044788 -11.5 -3.5 10.5
0.0016798 -11 -4 11
7.86667e-05 -9.5 -5.5 12.5
0.000615065 -10 -5 12
0.00165709 -10.5 -4.5 11.5
0.0012215 -11 -4 11.5
0.000470922 -11.5 -3.5 11.5
2.29343e-05 -10 -5 13
0.000298954 -11.5 -3.5 12
4.53532e-05 -10.5 -4.5 13
0.000260678 -11 -4 12.5
0.000302327 -10.5 -4.5 12.5
0.000669157 -11 -4 12
0.000204045 -10 -5 12.5
2.30688e-05 -11.5 -3.5 13
4.61232e-05 -11 -4 13
0.000130119 -11.5 -3.5 12.5
0.000837788 -10.5 -4.5 12
3.69072e-05 -13.5 -5 9.5
0.000536162 -11.5 -3.5 11
1.1821e-05 -9 -6 12.5
0.00131909 -10 -5 11.5
0.000189498 -13 -4.5 9.5
1.24603e-05 -13.5 -5 9
8.12268e-05 -13.5 -5 10
0.000338542 -12.5 -4 9.5
7.28007e-05 -13 -4.5 9
0.000353278 -13 -4.5 10
0.000125537 -13.5 -5 10.5
1.8104e-05 -14 -5.5 10.5
0.000120727 -12 -3.5 9.5
1.4928e-05 -13 -4.5 8.5
0.000130968 -12.5 -4 9
0.000614866 -12.5 -4 10
0.000483624 -13 -4.5 10.5
3.16604e-05 -12 -3.5 9
2.91466e-05 -12.5 -4 8.5
0.000283091 -12 -3.5 10
0.000826932 -12.5 -4 10.5
0.000513391 -13 -4.5 11
0.000477506 -12 -3.5 10.5
0.000888191 -12.5 -4 11
0.000474632 -13 -4.5 11.5
1.53554e-05 -14 -5.5 12
0.00057007 -12 -3.5 11
0.000759009 -12.5 -4 11.5
0.000505511 -12 -3.5 11.5
0.000485868 -12.5 -4 12
0.000322746 -12 -3.5 12
0.00023282 -12.5 -4 12.5
0.000142685 -12 -3.5 12.5
2.68817e-05 -12 -3.5 13
6.23445e-05 -12.5 -4 13
5.7051e-05 -13 -4.5 13
2.02176e-05 -13.5 -5 13
0.00017878 -13 -4.5 12.5
6.12317e-05 -13.5 -5 12.5
0.0003362 -13 -4.5 12
0.000101962 -13.5 -5 12
0.000130579 -13.5 -5 11.5
1.9669e-05 -14 -5.5 11.5
0.00013718 -13.5 -5 11
2.12978e-05 -14 -5.5 11
0.000611606 -9.5 -5.5 11.5
0.000365861 -9 -5.5 9.5
5.79614e-05 -8.5 -6 9
0.000244327 -9 -5.5 9
0.000842728 -9.5 -5 9.5
3.2388e-05 -8.5 -6 8.5
0.000399141 -9 -5.5 10
0.000124711 -9 -5.5 8.5
0.000988275 -10 -4.5 9.5
1.21171e-05 -8.5 -6 8
0.000508756 -9.5 -5 9
4.39306e-05 -8.5 -6 11
0.000358556 -9 -5.5 10.5
0.00101805 -9.5 -5 10
0.000526345 -10 -4.5 9
0.000511563 -10.5 -4 9.5
0.00136065 -10 -4.5 10
4.55443e-05 -9 -5.5 8
0.000233412 -9.5 -5 8.5
0.000238114 -9 -5.5 11
0.000213896 -10.5 -4 9
0.000205259 -10 -4.5 8.5
8.14428e-05 -11 -3.5 9.5
0.000880305 -10.5 -4 10
7.75731e-05 -9.5 -5 8
2.14861e-05 -8.5 -6 11.5
0.000756124 -9.5 -5 11
0.00147298 -10 -4.5 10.5
2.42883e-05 -11 -3.5 9
5.92396e-05 -10.5 -4 8.5
1.1199e-05 -9.5 -5 7.5
5.33015e-05 -10 -4.5 8
0.000195338 -11 -3.5 10
0.00110308 -10.5 -4 10.5
0.00122224 -10 -4.5 11
0.000430156 -9.5 -5 11.5
0.000120126 -9 -5.5 11.5
1.60345e-05 -11.5 -3 10
0.000327927 -11 -3.5 10.5
0.00105783 -10.5 -4 11
0.000764351 -10 -4.5 11.5
3.4827e-05 -11.5 -3 10.5
0.000387098 -11 -3.5 11
0.000741765 -10.5 -4 11.5
0.000361098 -10 -4.5 12
4.73856e-05 -11.5 -3 11
0.000330268 -11 -3.5 11.5
0.000389791 -10.5 -4 12
4.94061e-05 -11.5 -3 11.5
0.000203809 -11 -3.5 12
0.000138709 -10.5 -4 12.5
1.0331e-05 -10 -4.5 13
0.000116735 -10 -4.5 12.5
5.28182e-05 -9.5 -5 12.5
1.93439e-05 -10.5 -4 13
8.21425e-05 -11 -3.5 12.5
1.08268e-05 -11 -3.5 13
0.000112749 -13 -4 9.5
7.21433e-05 -13.5 -4.5 10
3.28197e-05 -13.5 -4.5 9.5
1.53529e-05 -11.5 -3 12.5
3.98339e-05 -11.5 -3 12
7.97618e-05 -12.5 -3.5 9.5
3.46192e-05 -13 -4 9
0.000222788 -13 -4 10
0.000107709 -13.5 -4.5 10.5
1.95307e-05 -12.5 -3.5 9
0.000188948 -12.5 -3.5 10
0.000314022 -13 -4 10.5
0.000117967 -13.5 -4.5 11
2.04295e-05 -14 -5 11
1.92931e-05 -12 -3 10
0.000312355 -12.5 -3.5 10.5
0.00034636 -13 -4 11
4.02968e-05 -12 -3 10.5
0.000373321 -12.5 -3.5 11
0.000317796 -13 -4 11.5
6.24214e-05 -12 -3 11
0.000334799 -12.5 -3.5 11.5
6.83218e-05 -12 -3 11.5
0.000217965 -12.5 -3.5 12
5.06875e-05 -12 -3 12
9.86941e-05 -12.5 -3.5 12.5
1.96017e-05 -12.5 -3.5 13
1.90618e-05 -12 -3 12.5
2.84702e-05 -13 -4 13
1.32217e-05 -13.5 -4.5 13
0.000107979 -13 -4 12.5
4.61297e-05 -13.5 -4.5 12.5
0.00021786 -13 -4 12
5.54198e-05 -8.5 -5.5 9.5
8.4977e-05 -13.5 -4.5 12
1.48536e-05 -14 -5 12
0.000112204 -13.5 -4.5 11.5
1.90084e-05 -14 -5 11.5
1.75756e-05 -14 -5 10.5
0.000184032 -9.5 -5 12
4.4502e-05 -9 -5.5 12
0.000223981 -9 -5 9.5
4.03159e-05 -8.5 -5.5 9
0.00101213 -9.5 -5 10.5
6.80425e-05 -8.5 -6 10.5
0.000145712 -9 -5 9
0.000380858 -9.5 -4.5 9.5
0.000253442 -9 -5 10
2.11209e-05 -8.5 -5.5 8.5
0.00021005 -9.5 -4.5 9
6.84145e-05 -9 -5 8.5
0.000237931 -10 -4 9.5
0.000500046 -9.5 -4.5 10
0.000231397 -9 -5 10.5
1.71898e-05 -9 -5 8
4.47628e-05 -10.5 -3.5 9.5
8.20393e-05 -9.5 -4.5 8.5
9.98027e-05 -10 -4 9
0.00040705 -10 -4 10
0.000523319 -9.5 -4.5 10.5
1.62575e-05 -10.5 -3.5 9
9.85621e-05 -10.5 -3.5 10
1.73314e-05 -9.5 -4.5 8
2.80619e-05 -10 -4 8.5
1.48483e-05 -8.5 -5.5 11.5
0.000501474 -10 -4 10.5
0.000401451 -9.5 -4.5 11
0.000151709 -9 -5 11
3.24802e-05 -8.5 -5.5 11
0.000161388 -10.5 -3.5 10.5
1.11919e-05 -11 -3 10
0.000462703 -10 -4 11
2.28556e-05 -11 -3 10.5
0.000192083 -10.5 -3.5 11
2.59025e-05 -9 -5 12
0.000310548 -10 -4 11.5
2.96971e-05 -11 -3 11
0.000162255 -10.5 -3.5 11.5
2.90873e-05 -11 -3 11.5
2.40275e-05 -9.5 -4.5 12.5
9.66407e-05 -10.5 -3.5 12
1.67952e-05 -11 -3 12
3.31857e-05 -10.5 -3.5 12.5
4.56452e-05 -10 -4 12.5
0.000151717 -10 -4 12
9.81478e-05 -9.5 -4.5 12
2.8151e-05 -13 -3.5 9.5
4.32532e-05 -13.5 -4 10
7.93116e-05 -13 -3.5 10
1.48547e-05 -14 -4.5 10.5
1.23498e-05 -12.5 -3 10
0.000134366 -13 -3.5 10.5
1.71774e-05 -14 -4.5 11
3.36866e-05 -12.5 -3 10.5
0.000163378 -13 -3.5 11
1.62957e-05 -14 -4.5 11.5
5.62446e-05 -12.5 -3 11
1.25404e-05 -14 -4.5 12
0.00015411 -13 -3.5 11.5
6.13589e-05 -12.5 -3 11.5
4.14005e-05 -12.5 -3 12
1.3911e-05 -12.5 -3 12.5
4.08338e-05 -13 -3.5 12.5
2.43654e-05 -13.5 -4 12.5
0.000101381 -13 -3.5 12
5.51505e-05 -13.5 -4 12
7.74651e-05 -13.5 -4 11.5
8.05888e-05 -13.5 -4 11
7.06474e-05 -13.5 -4 10.5
1.80839e-05 -13.5 -4 9.5
0.000233784 -9.5 -4.5 11.5
2.5548e-05 -8.5 -5 9.5
7.68023e-05 -9 -5 11.5
5.08996e-05 -8.5 -5.5 10.5
1.70959e-05 -8.5 -5 9
8.51528e-05 -9 -4.5 9.5
3.23939e-05 -8.5 -5 10
4.93377e-05 -9 -4.5 9
7.21501e-05 -9.5 -4 9.5
0.000106883 -9 -4.5 10
2.81076e-05 -8.5 -5 10.5
3.08252e-05 -9.5 -4 9
1.57543e-05 -9 -4.5 8.5
0.000122155 -9.5 -4 10
1.96415e-05 -10 -3.5 9.5
0.000104201 -9 -4.5 10.5
0.000146767 -9.5 -4 10.5
3.65713e-05 -10 -3.5 10
6.75914e-05 -9 -4.5 11
1.65102e-05 -8.5 -5 11
0.000125397 -9.5 -4 11
5.6526e-05 -10 -3.5 10.5
7.67828e-05 -9.5 -4 11.5
6.47264e-05 -10 -3.5 11
1.20348e-05 -10.5 -3 11
1.11408e-05 -10.5 -3 11.5
2.42222e-05 -10 -3.5 12
2.7473e-05 -9.5 -4 12
5.29305e-05 -10 -3.5 11.5
2.75662e-05 -13.5 -3.5 10.5
1.61509e-05 -13 -3 10.5
2.9412e-05 -13 -3 11
3.56347e-05 -13.5 -3.5 11
3.09361e-05 -13 -3 11.5
1.70412e-05 -13 -3 12
2.24569e-05 -13.5 -3.5 12
3.55171e-05 -13.5 -3.5 11.5
1.22259e-05 -13.5 -3.5 10
3.45704e-05 -9 -4.5 11.5
1.19452e-05 -9 -4 9.5
1.95916e-05 -9 -4 10
1.28635e-05 -9.5 -3.5 10.5
1.27043e-05 -9.5 -3.5 11
1.58585e-05 -9 -4 11
1.92231e-05 -9 -4 10.5
5.99234e-05 -8.5 -5.5 10
7.9725e-05 -8.5 -6 10
7.86972e-05 -8.5 -6 9.5
0.000149453 -9 -6 11.5
2.34257e-05 -8.5 -6.5 11.5
0.000289724 -9 -6 11
0.000424062 -9 -6 10.5
0.000835794 -11.5 -4 9.5
0.000215485 -12 -4.5 8.5
0.00221653 -12 -4.5 10
0.00329769 -11.5 -4.5 10
0.00102308 -11.5 -4.5 9
1.84603e-05 -8.5 -7.5 11.5
3.61594e-05 -8.5 -7.5 11
5.38166e-05 -8.5 -7.5 10.5
6.09723e-05 -8.5 -7.5 10
4.17166e-05 -8.5 -7.5 9
0.00163363 -11.5 -5 9
1.96165e-05 -8.5 -8 11
2.91214e-05 -8.5 -8 10.5
3.32915e-05 -8.5 -8 10
2.25032e-05 -8.5 -8 9
0.00181803 -11.5 -5.5 9
0.00180314 -11.5 -6 9
0.00031686 -12 -6.5 13
0.00101597 -12 -6.5 12.5
0.00204352 -12 -6.5 12
