0.666667
1.59331e-05 -5.5 -10 -12.5
1.72226e-05 -5.5 -10 -14.5
2.41959e-05 -5.5 -10 -14
1.2145e-05 -6 -11 -11.5
2.00802e-05 -6 -11 -12
2.36518e-05 -6 -11 -12.5
2.24521e-05 -6 -11 -13
1.68984e-05 -6 -11 -13.5
6.90249e-05 -5.5 -10.5 -14
1.66937e-05 -5.5 -10.5 -15.5
3.25682e-05 -5.5 -10.5 -15
5.39584e-05 -5.5 -10.5 -14.5
7.42513e-05 -5.5 -10.5 -13.5
6.33939e-05 -5.5 -10.5 -13
4.4268e-05 -5.5 -10.5 -12.5
2.46195e-05 -5.5 -10.5 -12
2.8083e-05 -5.5 -10 -13.5
2.46301e-05 -5.5 -10 -13
3.73357e-05 -5 -10 -12.5
0.000182035 -5 -10 -14.5
0.000169127 -5 -10 -14
0.000130014 -5 -10 -13.5
7.75749e-05 -5 -10 -13
1.31746e-05 -5 -10 -12
3.47563e-05 -5 -10 -16.5
7.92116e-05 -5 -10 -16
0.000130245 -5 -10 -15.5
0.000168929 -5 -10 -15
1.60168e-05 -6 -11.5 -11
2.31868e-05 -5.5 -11 -11.5
3.11183e-05 -6 -11.5 -11.5
1.63726e-05 -6.5 -12 -11
4.72294e-05 -5.5 -11 -12
4.40553e-05 -6 -11.5 -12
1.95534e-05 -6.5 -12 -11.5
7.67367e-05 -5.5 -11 -12.5
1.92265e-05 -6.5 -12 -12
5.07422e-05 -6 -11.5 -12.5
0.000107209 -5.5 -11 -13
1.41846e-05 -6.5 -12 -12.5
0.000122178 -5.5 -11 -13.5
5.01791e-05 -6 -11.5 -13
4.05453e-05 -6 -11.5 -13.5
2.65709e-05 -6 -11.5 -14
0.000100471 -5.5 -11 -14.5
1.45341e-05 -6 -11.5 -14.5
1.31898e-05 -5.5 -11 -16
1.05793e-05 -5 -10.5 -17
3.70583e-05 -5 -10.5 -16.5
8.51139e-05 -5 -10.5 -16
3.46769e-05 -5.5 -11 -15.5
0.00014547 -5 -10.5 -15.5
6.56298e-05 -5.5 -11 -15
0.00020309 -5 -10.5 -15
0.000228443 -5 -10.5 -14.5
0.000118811 -5.5 -11 -14
0.000213957 -5 -10.5 -14
0.000177601 -5 -10.5 -13.5
0.000122786 -5 -10.5 -13
6.76936e-05 -5 -10.5 -12.5
3.06497e-05 -5 -10.5 -12
3.20064e-05 -4.5 -10 -12.5
8.53495e-05 -4.5 -10 -13
0.000163547 -4.5 -10 -13.5
0.000246224 -4.5 -10 -14
0.000309411 -4.5 -10 -14.5
0.000339939 -4.5 -10 -15
0.000105656 -5 -9.5 -14.5
9.65917e-05 -5 -9.5 -14
6.94688e-05 -5 -9.5 -13.5
3.89065e-05 -5 -9.5 -13
1.42708e-05 -5 -9.5 -12.5
0.000312019 -4.5 -10 -15.5
0.000243857 -4.5 -10 -16
1.58139e-05 -4.5 -10 -17.5
6.45545e-05 -4.5 -10 -17
1.59138e-05 -5 -9.5 -16.5
0.000147858 -4.5 -10 -16.5
3.63855e-05 -5 -9.5 -16
6.16406e-05 -5 -9.5 -15.5
1.93431e-05 -5.5 -11.5 -11
1.48975e-05 -6 -12 -10.5
1.36128e-05 -5 -11 -11.5
1.18948e-05 -7 -13 -10
2.00053e-05 -6.5 -12.5 -10.5
3.0503e-05 -6 -12 -11
4.11374e-05 -5.5 -11.5 -11.5
4.18291e-05 -5 -11 -12
1.42538e-05 -7 -13 -10.5
3.0158e-05 -6.5 -12.5 -11
4.82429e-05 -6 -12 -11.5
7.18718e-05 -5.5 -11.5 -12
8.66594e-05 -5 -11 -12.5
1.42581e-05 -7 -13 -11
3.44748e-05 -6.5 -12.5 -11.5
6.74485e-05 -6 -12 -12
0.00010253 -5.5 -11.5 -12.5
0.00013447 -5 -11 -13
1.07433e-05 -7 -13 -11.5
3.52959e-05 -6.5 -12.5 -12
0.000123992 -5.5 -11.5 -13
7.66192e-05 -6 -12 -12.5
0.000180187 -5 -11 -13.5
2.81004e-05 -6.5 -12.5 -12.5
7.61416e-05 -6 -12 -13
0.000137913 -5.5 -11.5 -13.5
0.000208866 -5 -11 -14
1.96527e-05 -6.5 -12.5 -13
6.59684e-05 -6 -12 -13.5
0.000130524 -5.5 -11.5 -14
0.000214075 -5 -11 -14.5
1.16865e-05 -6.5 -12.5 -13.5
4.73048e-05 -6 -12 -14
0.000178699 -5 -11 -15
2.81311e-05 -6 -12 -14.5
1.30356e-05 -6 -12 -15
3.50255e-05 -5.5 -11.5 -15.5
2.74225e-05 -5 -11 -16.5
1.32417e-05 -5.5 -11.5 -16
3.40362e-05 -4.5 -10.5 -17
9.45933e-05 -4.5 -10.5 -16.5
6.9229e-05 -5 -11 -16
0.000175222 -4.5 -10.5 -16
0.00012522 -5 -11 -15.5
6.74219e-05 -5.5 -11.5 -15
0.000245259 -4.5 -10.5 -15.5
0.000103568 -5.5 -11.5 -14.5
0.000289431 -4.5 -10.5 -15
0.00027674 -4.5 -10.5 -14.5
0.000229107 -4.5 -10.5 -14
0.000152084 -4.5 -10.5 -13.5
7.99872e-05 -4.5 -10.5 -13
3.1635e-05 -4.5 -10.5 -12.5
1.51429e-05 -4 -10 -13
1.92325e-05 -4.5 -9.5 -12.5
5.53955e-05 -4 -10 -13.5
5.66185e-05 -4.5 -9.5 -13
0.000121165 -4 -10 -14
0.000128857 -4.5 -9.5 -13.5
1.0969e-05 -5 -9 -13
9.00195e-05 -5 -9.5 -15
0.000209115 -4 -10 -14.5
0.000229418 -4.5 -9.5 -14
0.000263505 -4 -10 -15
0.000301414 -4.5 -9.5 -14.5
0.000300144 -4 -10 -15.5
0.000345031 -4.5 -9.5 -15
0.000269821 -4 -10 -16
0.000338678 -4.5 -9.5 -15.5
0.00018617 -4 -10 -16.5
0.000275295 -4.5 -9.5 -16
9.421e-05 -4 -10 -17
2.67165e-05 -4 -10 -17.5
8.12626e-05 -4.5 -9.5 -17
2.29578e-05 -4.5 -9.5 -17.5
1.32765e-05 -7 -13.5 -9.5
1.93159e-05 -6.5 -13 -10
2.41136e-05 -6 -12.5 -10.5
0.000172307 -4.5 -9.5 -16.5
1.9476e-05 -5.5 -12 -11
1.04905e-05 -7.5 -14 -9.5
2.01381e-05 -7 -13.5 -10
3.10663e-05 -6.5 -13 -10.5
4.1385e-05 -6 -12.5 -11
1.28176e-05 -5 -11.5 -11.5
4.57547e-05 -5.5 -12 -11.5
1.00037e-05 -7.5 -14 -10
2.23197e-05 -7 -13.5 -10.5
3.8918e-05 -6.5 -13 -11
2.30633e-05 -4.5 -11 -12.5
7.47347e-05 -5.5 -12 -12
5.84984e-05 -6 -12.5 -11.5
3.95071e-05 -5 -11.5 -12
1.5836e-05 -5 -9 -15.5
2.26121e-05 -7 -13.5 -11
4.41512e-05 -6.5 -13 -11.5
7.00291e-05 -6 -12.5 -12
2.742e-05 -4 -10.5 -13.5
0.000101311 -5.5 -12 -12.5
1.89481e-05 -7 -13.5 -11.5
4.50418e-05 -6.5 -13 -12
7.72013e-05 -6 -12.5 -12.5
0.000119656 -5.5 -12 -13
5.77929e-05 -4 -10.5 -14
1.38783e-05 -7 -13.5 -12
3.86776e-05 -6.5 -13 -12.5
0.000127779 -5.5 -12 -13.5
7.62228e-05 -6 -12.5 -13
2.89191e-05 -6.5 -13 -13
6.47551e-05 -6 -12.5 -13.5
0.000112089 -5.5 -12 -14
1.86443e-05 -6.5 -13 -13.5
4.57659e-05 -6 -12.5 -14
8.66951e-05 -5.5 -12 -14.5
1.02917e-05 -6.5 -13 -14
2.70349e-05 -6 -12.5 -14.5
5.40058e-05 -5.5 -12 -15
8.13537e-05 -5 -11.5 -15.5
1.28855e-05 -6 -12.5 -15
2.58981e-05 -5.5 -12 -15.5
1.09012e-05 -4.5 -11 -17
1.20257e-05 -5 -11.5 -16.5
1.01976e-05 -5.5 -12 -16
2.74497e-05 -4 -10.5 -17
4.09706e-05 -4.5 -11 -16.5
3.80379e-05 -5 -11.5 -16
7.23305e-05 -4 -10.5 -16.5
9.38019e-05 -4.5 -11 -16
0.000119867 -4 -10.5 -16
0.000151035 -4.5 -11 -15.5
0.000128697 -5 -11.5 -15
0.000144124 -4 -10.5 -15.5
0.000193366 -4.5 -11 -15
0.000165623 -5 -11.5 -14.5
0.00012548 -4 -10.5 -15
0.000186969 -4.5 -11 -14.5
0.000175673 -5 -11.5 -14
0.000101771 -4 -10.5 -14.5
0.000158803 -4.5 -11 -14
0.000160865 -5 -11.5 -13.5
0.00011003 -4.5 -11 -13.5
0.000124901 -5 -11.5 -13
6.07531e-05 -4.5 -11 -13
7.84441e-05 -5 -11.5 -12.5
2.55973e-05 -5 -9 -15
1.94434e-05 -4 -9.5 -13
7.69871e-05 -4 -9.5 -13.5
2.79249e-05 -4.5 -9 -13
3.0964e-05 -5 -9 -14.5
3.11323e-05 -5 -9 -14
2.28748e-05 -5 -9 -13.5
1.91799e-05 -3.5 -10 -14.5
0.000168583 -4 -9.5 -14
7.41579e-05 -4.5 -9 -13.5
3.19737e-05 -3.5 -10 -15
0.000297397 -4 -9.5 -14.5
0.000147947 -4.5 -9 -14
4.73003e-05 -3.5 -10 -15.5
0.000396246 -4 -9.5 -15
0.000224305 -4.5 -9 -14.5
5.44186e-05 -3.5 -10 -16
0.000438869 -4 -9.5 -15.5
5.07526e-05 -3.5 -10 -16.5
0.000414283 -4 -9.5 -16
0.000259592 -4.5 -9 -15.5
2.74331e-05 -3.5 -10 -17
7.58964e-05 -4.5 -9 -17
1.69687e-05 -4 -9.5 -18
2.31587e-05 -4.5 -9 -17.5
1.03243e-05 -7.5 -14.5 -9
1.72434e-05 -7 -14 -9.5
2.3537e-05 -6.5 -13.5 -10
2.44493e-05 -6 -13 -10.5
7.11724e-05 -4 -9.5 -17.5
0.000185742 -4 -9.5 -17
1.26665e-05 -7.5 -14.5 -9.5
2.05717e-05 -7 -14 -10
3.14914e-05 -6.5 -13.5 -10.5
4.05492e-05 -6 -13 -11
1.78608e-05 -5.5 -12.5 -11
0.000153419 -4.5 -9 -16.5
1.30444e-05 -7.5 -14.5 -10
2.29377e-05 -7 -14 -10.5
3.81771e-05 -6.5 -13.5 -11
5.53396e-05 -6 -13 -11.5
1.28693e-05 -4.5 -11.5 -12.5
2.78812e-05 -5 -12 -12
4.17351e-05 -5.5 -12.5 -11.5
1.09786e-05 -7.5 -14.5 -10.5
2.28903e-05 -7 -14 -11
1.0864e-05 -4 -11 -13.5
4.10413e-05 -6.5 -13.5 -11.5
6.52892e-05 -6 -13 -12
2.99411e-05 -4.5 -11.5 -13
8.72804e-05 -5.5 -12.5 -12.5
5.70872e-05 -5 -12 -12.5
1.96586e-05 -7 -14 -11.5
4.1239e-05 -6.5 -13.5 -12
2.01019e-05 -4 -11 -14
6.94581e-05 -6 -13 -12.5
9.64362e-05 -5.5 -12.5 -13
5.50564e-05 -4.5 -11.5 -13.5
1.47993e-05 -7 -14 -12
3.54689e-05 -6.5 -13.5 -12.5
6.28131e-05 -6 -13 -13
3.27004e-05 -4 -11 -14.5
9.56239e-05 -5.5 -12.5 -13.5
4.90902e-05 -6 -13 -13.5
2.58672e-05 -6.5 -13.5 -13
3.94713e-05 -4 -11 -15
7.75725e-05 -5.5 -12.5 -14
1.60183e-05 -6.5 -13.5 -13.5
3.29618e-05 -6 -13 -14
5.38828e-05 -5.5 -12.5 -14.5
1.83819e-05 -6 -13 -14.5
2.9426e-05 -5.5 -12.5 -15
1.11332e-05 -5 -12 -16
1.15633e-05 -5.5 -12.5 -15.5
1.06115e-05 -4 -11 -16.5
2.94737e-05 -4.5 -11.5 -16
3.5379e-05 -5 -12 -15.5
2.83934e-05 -4 -11 -16
5.99451e-05 -4.5 -11.5 -15.5
6.84266e-05 -5 -12 -15
4.25089e-05 -4 -11 -15.5
8.70258e-05 -4.5 -11.5 -15
9.88603e-05 -5 -12 -14.5
8.93593e-05 -4.5 -11.5 -14.5
0.000115289 -5 -12 -14
7.68416e-05 -4.5 -11.5 -14
0.000104064 -5 -12 -13.5
8.57013e-05 -5 -12 -13
6.72461e-05 -5.5 -12.5 -12
0.000311372 -4 -9.5 -16.5
0.000219971 -4.5 -9 -16
0.000261737 -4.5 -9 -15
2.06916e-05 -4 -9 -13
2.32929e-05 -3.5 -9.5 -14
8.15419e-05 -4 -9 -13.5
5.69113e-05 -3.5 -9.5 -14.5
0.000185561 -4 -9 -14
0.000107812 -3.5 -9.5 -15
0.000319085 -4 -9 -14.5
0.000156273 -3.5 -9.5 -15.5
0.00043397 -4 -9 -15
0.000180217 -3.5 -9.5 -16
0.000501103 -4 -9 -15.5
0.000145576 -4.5 -8.5 -15
0.000117944 -4.5 -8.5 -14.5
0.000185146 -3.5 -9.5 -16.5
0.000107754 -4.5 -8.5 -16
0.000129267 -3.5 -9.5 -17
5.89608e-05 -3.5 -9.5 -17.5
3.41699e-05 -4.5 -8.5 -17
0.000268172 -4 -9 -17
1.18178e-05 -3.5 -9.5 -18
3.14052e-05 -4 -9 -18
1.07619e-05 -4.5 -8.5 -17.5
1.55607e-05 -7 -14.5 -9.5
1.958e-05 -6.5 -14 -10
1.86662e-05 -6 -13.5 -10.5
1.07693e-05 -7.5 -15 -9.5
1.90661e-05 -7 -14.5 -10
2.81476e-05 -6.5 -14 -10.5
1.22801e-05 -5.5 -13 -11
3.36175e-05 -6 -13.5 -11
1.12219e-05 -7.5 -15 -10
2.04821e-05 -7 -14.5 -10.5
3.15623e-05 -6.5 -14 -11
1.42757e-05 -5 -12.5 -12
4.32477e-05 -6 -13.5 -11.5
2.61031e-05 -5.5 -13 -11.5
1.92774e-05 -7 -14.5 -11
3.24829e-05 -6.5 -14 -11.5
1.14992e-05 -4.5 -12 -13
4.73712e-05 -6 -13.5 -12
2.65793e-05 -5 -12.5 -12.5
4.26216e-05 -5.5 -13 -12
1.62147e-05 -7 -14.5 -11.5
2.94912e-05 -6.5 -14 -12
1.7925e-05 -4.5 -12 -13.5
4.71674e-05 -6 -13.5 -12.5
1.23191e-05 -7 -14.5 -12
2.31751e-05 -6.5 -14 -12.5
3.86314e-05 -6 -13.5 -13
2.3292e-05 -4.5 -12 -14
1.58005e-05 -6.5 -14 -13
2.67261e-05 -6 -13.5 -13.5
1.07172e-05 -6.5 -14 -13.5
1.53475e-05 -6 -13.5 -14
1.98439e-05 -5 -12.5 -15
2.13688e-05 -5.5 -13 -14.5
1.98172e-05 -4.5 -12 -15
3.63148e-05 -5 -12.5 -14.5
3.7349e-05 -5.5 -13 -14
2.58281e-05 -4.5 -12 -14.5
4.9004e-05 -5 -12.5 -14
5.16092e-05 -5.5 -13 -13.5
4.60845e-05 -5 -12.5 -13.5
5.73259e-05 -5.5 -13 -13
3.96672e-05 -5 -12.5 -13
5.26054e-05 -5.5 -13 -12.5
0.000121697 -4 -9 -17.5
6.71834e-05 -4.5 -8.5 -16.5
0.000405238 -4 -9 -16.5
0.000495755 -4 -9 -16
0.000140598 -4.5 -8.5 -15.5
7.29639e-05 -4.5 -8.5 -14
3.29497e-05 -4.5 -8.5 -13.5
1.1178e-05 -3.5 -9 -13.5
1.48357e-05 -4 -8.5 -13
4.79414e-05 -3.5 -9 -14
4.98506e-05 -4 -8.5 -13.5
0.000124732 -3.5 -9 -14.5
0.000134291 -4 -8.5 -14
0.000242803 -3.5 -9 -15
0.000274621 -4 -8.5 -14.5
0.00034744 -3.5 -9 -15.5
3.83142e-05 -4.5 -8 -15
0.000392246 -3.5 -9 -16
0.000502722 -4 -8.5 -15.5
0.000418754 -4 -8.5 -15
0.000402875 -3.5 -9 -16.5
0.000306448 -3.5 -9 -17
0.000447294 -4 -8.5 -16.5
0.000162203 -3.5 -9 -17.5
5.15478e-05 -3.5 -9 -18
1.13007e-05 -7 -15 -9.5
1.15086e-05 -6.5 -14.5 -10
4.37083e-05 -4 -8.5 -18
1.29679e-05 -7 -15 -10
1.65878e-05 -6.5 -14.5 -10.5
1.65023e-05 -6 -14 -11
1.33522e-05 -7 -15 -10.5
1.89643e-05 -6.5 -14.5 -11
1.19147e-05 -5.5 -13.5 -11.5
2.14397e-05 -6 -14 -11.5
1.165e-05 -7 -15 -11
1.91174e-05 -6.5 -14.5 -11.5
2.27601e-05 -6 -14 -12
1.49262e-05 -6.5 -14.5 -12
1.12829e-05 -5 -13 -13
2.06668e-05 -6 -14 -12.5
1.48174e-05 -6 -14 -13
1.47206e-05 -5.5 -13.5 -13.5
1.13066e-05 -5 -13 -13.5
1.97577e-05 -5.5 -13.5 -13
1.93751e-05 -5.5 -13.5 -12.5
1.69396e-05 -5.5 -13.5 -12
1.11216e-05 -6 -14 -10.5
0.000146353 -4 -8.5 -17.5
0.000307573 -4 -8.5 -17
1.38861e-05 -4.5 -8 -16.5
2.57309e-05 -4.5 -8 -16
0.000508539 -4 -8.5 -16
3.5384e-05 -4.5 -8 -15.5
3.3859e-05 -4.5 -8 -14.5
2.05528e-05 -4.5 -8 -14
1.54144e-05 -3.5 -8.5 -13.5
7.52062e-05 -3.5 -8.5 -14
2.14359e-05 -4 -8 -13.5
1.3722e-05 -3 -9 -15
0.000187701 -3.5 -8.5 -14.5
7.28245e-05 -4 -8 -14
2.60825e-05 -3 -9 -15.5
0.000364695 -3.5 -8.5 -15
0.000169559 -4 -8 -14.5
4.02794e-05 -3 -9 -16
0.000542518 -3.5 -8.5 -15.5
5.47722e-05 -3 -9 -16.5
0.000617921 -3.5 -8.5 -16
5.62315e-05 -3 -9 -17
0.00061119 -3.5 -8.5 -16.5
4.10099e-05 -3 -9 -17.5
0.000498822 -3.5 -8.5 -17
1.53031e-05 -3 -9 -18
2.28516e-05 -3.5 -8.5 -18.5
4.39216e-05 -4 -8 -18
0.000118748 -3.5 -8.5 -18
0.000137768 -4 -8 -17.5
0.000292606 -3.5 -8.5 -17.5
0.00025212 -4 -8 -17
0.000340972 -4 -8 -16.5
0.000379822 -4 -8 -16
0.000376088 -4 -8 -15.5
0.000291001 -4 -8 -15
1.60907e-05 -3.5 -8 -13.5
1.88085e-05 -3 -8.5 -14.5
8.00857e-05 -3.5 -8 -14
5.31627e-05 -3 -8.5 -15
0.000210936 -3.5 -8 -14.5
0.000103677 -3 -8.5 -15.5
0.000406325 -3.5 -8 -15
0.000166528 -3 -8.5 -16
0.000602566 -3.5 -8 -15.5
0.000149437 -4 -7.5 -15
0.000210584 -3 -8.5 -16.5
0.000706501 -3.5 -8 -16
0.000198418 -4 -7.5 -15.5
8.16244e-05 -4 -7.5 -14.5
0.000206662 -4 -7.5 -16
0.000214421 -3 -8.5 -17
0.000721365 -3.5 -8 -16.5
0.000173921 -3 -8.5 -17.5
0.000117125 -4 -7.5 -17
8.58953e-05 -3 -8.5 -18
5.97264e-05 -4 -7.5 -17.5
0.000403607 -3.5 -8 -17.5
0.000628922 -3.5 -8 -17
2.06473e-05 -3 -8.5 -18.5
4.8293e-05 -3.5 -8 -18.5
2.15098e-05 -4 -7.5 -18
0.000190955 -3.5 -8 -18
0.000173979 -4 -7.5 -16.5
3.02406e-05 -4 -7.5 -14
4.23658e-05 -3 -8 -14.5
4.88678e-05 -3.5 -7.5 -14
0.000130526 -3 -8 -15
0.000153226 -3.5 -7.5 -14.5
0.000261581 -3 -8 -15.5
0.000353397 -3.5 -7.5 -15
0.000426466 -3 -8 -16
0.000588779 -3.5 -7.5 -15.5
4.04335e-05 -4 -7 -15
0.000501891 -3 -8 -16.5
0.000709067 -3.5 -7.5 -16
4.9238e-05 -4 -7 -15.5
2.0665e-05 -4 -7 -14.5
0.0004973 -3 -8 -17
3.86864e-05 -4 -7 -16.5
0.000410135 -3 -8 -17.5
0.000227849 -3 -8 -18
0.000460951 -3.5 -7.5 -17.5
1.29296e-05 -4 -7 -17.5
2.72182e-05 -4 -7 -17
7.48304e-05 -3 -8 -18.5
6.96411e-05 -3.5 -7.5 -18.5
0.000228132 -3.5 -7.5 -18
0.000658744 -3.5 -7.5 -17
0.000735359 -3.5 -7.5 -16.5
4.90327e-05 -4 -7 -16
1.02948e-05 -3.5 -7.5 -13.5
1.46331e-05 -3 -7.5 -14
7.47648e-05 -3 -7.5 -14.5
0.000220301 -3 -7.5 -15
1.20071e-05 -2.5 -8 -16
0.000440759 -3 -7.5 -15.5
0.000214354 -3.5 -7 -15
2.39437e-05 -2.5 -8 -16.5
0.000716089 -3 -7.5 -16
0.000388863 -3.5 -7 -15.5
3.60451e-05 -2.5 -8 -17
0.000835935 -3 -7.5 -16.5
0.000534404 -3.5 -7 -16
4.23165e-05 -2.5 -8 -17.5
0.000818687 -3 -7.5 -17
3.66151e-05 -2.5 -8 -18
0.000367468 -3.5 -7 -17.5
1.88097e-05 -2.5 -8 -18.5
0.000212949 -3.5 -7 -18
7.301e-05 -3.5 -7 -18.5
2.83074e-05 -3 -7.5 -19
0.000163513 -3 -7.5 -18.5
0.000412605 -3 -7.5 -18
0.00067146 -3 -7.5 -17.5
0.000493714 -3.5 -7 -17
0.00055109 -3.5 -7 -16.5
7.94165e-05 -3.5 -7 -14.5
1.88192e-05 -3.5 -7 -14
1.67936e-05 -3 -7 -14
1.41187e-05 -2.5 -7.5 -15
8.69162e-05 -3 -7 -14.5
4.31289e-05 -2.5 -7.5 -15.5
0.00025925 -3 -7 -15
9.54995e-05 -2.5 -7.5 -16
0.000527892 -3 -7 -15.5
0.000152222 -2.5 -7.5 -16.5
0.000824645 -3 -7 -16
0.000202234 -3.5 -6.5 -15.5
0.000196852 -2.5 -7.5 -17
0.000984134 -3 -7 -16.5
0.000205483 -2.5 -7.5 -17.5
0.000967717 -3 -7 -17
0.00017227 -2.5 -7.5 -18
0.000183122 -3.5 -6.5 -17.5
9.6016e-05 -2.5 -7.5 -18.5
2.92078e-05 -2.5 -7.5 -19
0.000259222 -3 -7 -18.5
3.54905e-05 -3.5 -6.5 -18.5
5.84398e-05 -3 -7 -19
9.61149e-05 -3.5 -6.5 -18
0.000571949 -3 -7 -18
0.000848797 -3 -7 -17.5
0.000256018 -3.5 -6.5 -17
0.000285606 -3.5 -6.5 -16.5
0.000273246 -3.5 -6.5 -16
0.000106852 -3.5 -6.5 -15
3.42179e-05 -3.5 -6.5 -14.5
4.02806e-05 -2.5 -7 -15
5.94535e-05 -3 -6.5 -14.5
0.00012998 -2.5 -7 -15.5
0.000212035 -3 -6.5 -15
0.000282858 -2.5 -7 -16
0.00049303 -3 -6.5 -15.5
0.000442211 -2.5 -7 -16.5
0.000821628 -3 -6.5 -16
5.15694e-05 -3.5 -6 -15.5
2.60275e-05 -3.5 -6 -15
0.000554543 -2.5 -7 -17
0.00100085 -3 -6.5 -16.5
6.64149e-05 -3.5 -6 -16.5
0.000555627 -2.5 -7 -17.5
5.45946e-05 -3.5 -6 -17
0.000458473 -2.5 -7 -18
4.12447e-05 -3.5 -6 -17.5
0.00026834 -2.5 -7 -18.5
0.0003145 -3 -6.5 -18.5
8.81636e-05 -2.5 -7 -19
1.03687e-05 -2.5 -7 -19.5
8.38574e-05 -3 -6.5 -19
2.48837e-05 -3.5 -6 -18
0.000639816 -3 -6.5 -18
0.000896834 -3 -6.5 -17.5
0.000989234 -3 -6.5 -17
6.77376e-05 -3.5 -6 -16
1.00356e-05 -3 -6.5 -14
1.53204e-05 -2.5 -6.5 -14.5
8.13327e-05 -2.5 -6.5 -15
2.45e-05 -3 -6 -14.5
0.000272954 -2.5 -6.5 -15.5
0.000553935 -2.5 -6.5 -16
0.000850614 -2.5 -6.5 -16.5
0.00103152 -2.5 -6.5 -17
0.000737845 -3 -6 -16.5
0.00102298 -2.5 -6.5 -17.5
1.5295e-05 -2 -7 -18.5
0.000845671 -2.5 -6.5 -18
1.67906e-05 -2 -7 -19
0.000297458 -3 -6 -18.5
8.84195e-05 -3 -6 -19
2.26754e-05 -2.5 -6.5 -19.5
0.000185557 -2.5 -6.5 -19
0.000513433 -2.5 -6.5 -18.5
0.000546411 -3 -6 -18
0.000719934 -3 -6 -17.5
0.000772165 -3 -6 -17
0.000555013 -3 -6 -16
0.00029903 -3 -6 -15.5
0.000106366 -3 -6 -15
2.08822e-05 -2.5 -6 -14.5
0.000106547 -2.5 -6 -15
2.16327e-05 -2 -6.5 -16
0.000348652 -2.5 -6 -15.5
5.48788e-05 -2 -6.5 -16.5
0.000722232 -2.5 -6 -16
0.00010429 -2 -6.5 -17
0.00112267 -2.5 -6 -16.5
0.000296586 -3 -5.5 -16
0.00015479 -3 -5.5 -15.5
0.000147843 -2 -6.5 -17.5
0.00134425 -2.5 -6 -17
0.000162668 -2 -6.5 -18
0.00132668 -2.5 -6 -17.5
0.000145881 -2 -6.5 -18.5
8.78351e-05 -2 -6.5 -19
2.80617e-05 -2 -6.5 -19.5
0.000290093 -2.5 -6 -19
0.000143019 -3 -5.5 -18.5
0.000716599 -2.5 -6 -18.5
0.000279479 -3 -5.5 -18
4.60742e-05 -3 -5.5 -19
4.07958e-05 -2.5 -6 -19.5
0.00110452 -2.5 -6 -18
0.000368406 -3 -5.5 -17.5
0.000404245 -3 -5.5 -17
0.000393796 -3 -5.5 -16.5
4.79103e-05 -3 -5.5 -15
1.7814e-05 -2.5 -5.5 -14.5
3.83601e-05 -2 -6 -15.5
9.45305e-05 -2.5 -5.5 -15
0.000126446 -2 -6 -16
0.000269615 -2 -6 -16.5
0.000725658 -2.5 -5.5 -16
0.000426545 -2 -6 -17
0.00115737 -2.5 -5.5 -16.5
7.80884e-05 -3 -5 -16
3.81813e-05 -3 -5 -15.5
0.0003373 -2.5 -5.5 -15.5
0.000534082 -2 -6 -17.5
0.00141808 -2.5 -5.5 -17
0.000554957 -2 -6 -18
8.51237e-05 -3 -5 -17.5
0.000253334 -2 -6 -19
0.000347693 -2.5 -5.5 -19
6.5079e-05 -2 -6 -19.5
3.65522e-05 -3 -5 -18.5
0.000788758 -2.5 -5.5 -18.5
6.40725e-05 -3 -5 -18
0.000465212 -2 -6 -18.5
5.92981e-05 -2.5 -5.5 -19.5
1.43149e-05 -3 -5 -19
0.00117269 -2.5 -5.5 -18
0.00140014 -2.5 -5.5 -17.5
9.77688e-05 -3 -5 -17
9.97337e-05 -3 -5 -16.5
1.0182e-05 -3 -5 -15
2.02789e-05 -2 -5.5 -15
9.58596e-05 -2 -5.5 -15.5
4.25478e-05 -2.5 -5 -15
0.000328713 -2 -5.5 -16
0.000682186 -2 -5.5 -16.5
0.00101176 -2 -5.5 -17
0.00116963 -2 -5.5 -17.5
0.00117251 -2 -5.5 -18
0.00071958 -2.5 -5 -18.5
0.00050045 -2 -5.5 -19
0.000339774 -2.5 -5 -19
0.000128567 -2 -5.5 -19.5
1.11359e-05 -2 -5.5 -20
6.52608e-05 -2.5 -5 -19.5
0.000940739 -2 -5.5 -18.5
0.00101241 -2.5 -5 -18
0.00108876 -2.5 -5 -17.5
0.00108403 -2.5 -5 -17
1.09511e-05 -3 -4.5 -16.5
0.000842744 -2.5 -5 -16.5
0.000468221 -2.5 -5 -16
0.000184916 -2.5 -5 -15.5
3.4365e-05 -2 -5 -15
0.000167536 -2 -5 -15.5
0.00053717 -2 -5 -16
0.00108734 -2 -5 -16.5
2.13983e-05 -1.5 -5.5 -17.5
0.00157804 -2 -5 -17
0.000480197 -2.5 -4.5 -16.5
4.83667e-05 -1.5 -5.5 -18
0.00173104 -2 -5 -17.5
7.06143e-05 -1.5 -5.5 -18.5
0.0016756 -2 -5 -18
6.87651e-05 -1.5 -5.5 -19
4.62985e-05 -1.5 -5.5 -19.5
0.00072832 -2 -5 -19
1.62215e-05 -1.5 -5.5 -20
0.000215834 -2 -5 -19.5
4.23867e-05 -2.5 -4.5 -19.5
1.63516e-05 -2 -5 -20
0.000178923 -2.5 -4.5 -19
0.000349416 -2.5 -4.5 -18.5
0.00132652 -2 -5 -18.5
0.000493192 -2.5 -4.5 -18
0.000576304 -2.5 -4.5 -17.5
0.000594535 -2.5 -4.5 -17
0.000254844 -2.5 -4.5 -16
8.67375e-05 -2.5 -4.5 -15.5
1.79926e-05 -2.5 -4.5 -15
3.69945e-05 -2 -4.5 -15
2.64385e-05 -1.5 -5 -16
0.000181119 -2 -4.5 -15.5
9.34095e-05 -1.5 -5 -16.5
0.000219566 -1.5 -5 -17
0.00034965 -1.5 -5 -17.5
0.00172649 -2 -4.5 -17
0.000149793 -2.5 -4 -16.5
0.00119932 -2 -4.5 -16.5
7.12951e-05 -2.5 -4 -16
0.000406697 -1.5 -5 -18
0.00186652 -2 -4.5 -17.5
0.000118385 -2.5 -4 -18
0.000399098 -1.5 -5 -18.5
0.000315446 -1.5 -5 -19
0.000153285 -1.5 -5 -19.5
0.000811373 -2 -4.5 -19
4.23191e-05 -2.5 -4 -19
8.27744e-05 -2.5 -4 -18.5
2.94562e-05 -1.5 -5 -20
2.73772e-05 -2 -4.5 -20
1.33605e-05 -2.5 -4 -19.5
0.000289617 -2 -4.5 -19.5
0.00145168 -2 -4.5 -18.5
0.00180256 -2 -4.5 -18
0.000144801 -2.5 -4 -17.5
0.000168939 -2.5 -4 -17
0.000584452 -2 -4.5 -16
2.2036e-05 -2.5 -4 -15.5
3.29984e-05 -1.5 -4.5 -15.5
0.000140495 -1.5 -4.5 -16
0.000106609 -2 -4 -15.5
0.000393919 -1.5 -4.5 -16.5
0.000765424 -1.5 -4.5 -17
1.17224e-05 -2.5 -3.5 -16.5
0.00107204 -1.5 -4.5 -17.5
1.53806e-05 -2.5 -3.5 -17
1.32573e-05 -2.5 -3.5 -17.5
0.00112672 -1.5 -4.5 -18
1.03739e-05 -2.5 -3.5 -18
0.000786432 -1.5 -4.5 -19
0.00036371 -1.5 -4.5 -19.5
0.000795297 -2 -4 -19
0.00120921 -2 -4 -18.5
7.42856e-05 -1.5 -4.5 -20
3.11476e-05 -2 -4 -20
0.000309406 -2 -4 -19.5
0.00106561 -1.5 -4.5 -18.5
0.00140898 -2 -4 -18
0.00144487 -2 -4 -17.5
0.00129875 -2 -4 -17
0.000882304 -2 -4 -16.5
0.000396581 -2 -4 -16
2.02078e-05 -2 -4 -15
1.269e-05 -1.5 -4 -15
7.04351e-05 -1.5 -4 -15.5
0.0003037 -1.5 -4 -16
4.1183e-05 -2 -3.5 -15.5
0.000807723 -1.5 -4 -16.5
0.00147079 -1.5 -4 -17
0.00193447 -1.5 -4 -17.5
0.00197158 -1.5 -4 -18
0.000659168 -2 -3.5 -18.5
0.000418466 -2 -3.5 -19
1.28183e-05 -1 -4.5 -20
1.22183e-05 -1 -4.5 -20.5
2.10317e-05 -2 -3.5 -20
0.000139655 -1.5 -4 -20
0.000177355 -2 -3.5 -19.5
0.000644046 -1.5 -4 -19.5
0.00131224 -1.5 -4 -19
0.00182904 -1.5 -4 -18.5
0.000793028 -2 -3.5 -18
0.000818584 -2 -3.5 -17.5
0.000709233 -2 -3.5 -17
0.000423909 -2 -3.5 -16.5
0.000173715 -2 -3.5 -16
1.5917e-05 -1.5 -3.5 -15
8.7049e-05 -1.5 -3.5 -15.5
0.000367491 -1.5 -3.5 -16
0.000971584 -1.5 -3.5 -16.5
0.00176578 -1.5 -3.5 -17
1.40458e-05 -1 -4 -18
0.00232436 -1.5 -3.5 -17.5
5.67341e-05 -1 -4 -18.5
0.00238603 -1.5 -3.5 -18
0.000104258 -1 -4 -19
0.000193039 -2 -3 -18.5
0.00012759 -1 -4 -19.5
9.43904e-05 -1 -4 -20
0.000813487 -1.5 -3.5 -19.5
2.83021e-05 -1 -4 -20.5
0.000181015 -1.5 -3.5 -20
4.38093e-05 -2 -3 -19.5
0.000106846 -2 -3 -19
0.00162363 -1.5 -3.5 -19
0.00222291 -1.5 -3.5 -18.5
0.000249321 -2 -3 -18
0.000266172 -2 -3 -17.5
0.000233339 -2 -3 -17
0.000141588 -2 -3 -16.5
5.62857e-05 -2 -3 -16
1.312e-05 -2 -3 -15.5
1.65032e-05 -1 -3.5 -16
7.34344e-05 -1.5 -3 -15.5
7.47112e-05 -1 -3.5 -16.5
0.000243412 -1 -3.5 -17
1.09937e-05 -2 -2.5 -16.5
0.000531 -1 -3.5 -17.5
1.6722e-05 -2 -2.5 -17
0.000795535 -1 -3.5 -18
1.6495e-05 -2 -2.5 -17.5
1.4579e-05 -2 -2.5 -18
0.000937388 -1 -3.5 -18.5
1.09461e-05 -2 -2.5 -18.5
0.000623223 -1 -3.5 -19.5
0.00158144 -1.5 -3 -19
0.000886379 -1 -3.5 -19
0.000240304 -1 -3.5 -20
1.84581e-05 -1 -3.5 -20.5
0.000171262 -1.5 -3 -20
0.00081197 -1.5 -3 -19.5
0.00211925 -1.5 -3 -18.5
0.0023046 -1.5 -3 -18
0.00230239 -1.5 -3 -17.5
0.00177819 -1.5 -3 -17
0.00095673 -1.5 -3 -16.5
0.000335541 -1.5 -3 -16
1.33103e-05 -1.5 -3 -15
2.9589e-05 -1 -3 -15.5
0.00014237 -1 -3 -16
0.000536834 -1 -3 -16.5
0.00126823 -1 -3 -17
0.00209717 -1 -3 -17.5
0.00254062 -1 -3 -18
0.00249707 -1 -3 -18.5
0.00121248 -1 -3 -19.5
0.000787065 -1.5 -2.5 -19
0.000346645 -1 -3 -20
9.67245e-05 -1.5 -2.5 -20
0.000411807 -1.5 -2.5 -19.5
0.00209666 -1 -3 -19
0.00105867 -1.5 -2.5 -18.5
0.00114119 -1.5 -2.5 -18
0.00113294 -1.5 -2.5 -17.5
0.00083452 -1.5 -2.5 -17
0.000415441 -1.5 -2.5 -16.5
0.000127851 -1.5 -2.5 -16
2.67214e-05 -1.5 -2.5 -15.5
5.89878e-05 -1 -2.5 -15.5
0.000286126 -1 -2.5 -16
0.00101327 -1 -2.5 -16.5
0.00218597 -1 -2.5 -17
0.0032347 -1 -2.5 -17.5
0.000244761 -1.5 -2 -17
0.00341405 -1 -2.5 -18
0.00327752 -1 -2.5 -18.5
0.000222249 -1.5 -2 -19
0.000116035 -1.5 -2 -19.5
2.8263e-05 -1.5 -2 -20
1.88587e-05 -1 -2.5 -20.5
0.00039642 -1 -2.5 -20
0.00144122 -1 -2.5 -19.5
0.00259668 -1 -2.5 -19
0.000303894 -1.5 -2 -18.5
0.000333555 -1.5 -2 -18
0.000333904 -1.5 -2 -17.5
0.000117298 -1.5 -2 -16.5
3.51863e-05 -1.5 -2 -16
6.04703e-05 -1 -2 -15.5
0.000299414 -1 -2 -16
0.00327491 -1 -2 -17.5
3.44432e-05 -1.5 -1.5 -17
0.00226787 -1 -2 -17
3.10935e-05 -1.5 -1.5 -18
1.84047e-05 -0.5 -2.5 -20
0.00144721 -1 -2 -19.5
1.41404e-05 -1.5 -1.5 -19
0.00257837 -1 -2 -19
2.63195e-05 -0.5 -2.5 -20.5
1.14974e-05 -0.5 -2.5 -21
2.54792e-05 -1 -2 -20.5
0.000421578 -1 -2 -20
2.43631e-05 -1.5 -1.5 -18.5
0.00327244 -1 -2 -18.5
0.00341832 -1 -2 -18
3.48709e-05 -1.5 -1.5 -17.5
1.62413e-05 -1.5 -1.5 -16.5
0.00106322 -1 -2 -16.5
1.9008e-05 -0.5 -2 -16.5
7.47057e-05 -0.5 -2 -17
0.000218237 -0.5 -2 -17.5
0.000419309 -0.5 -2 -18
0.000576631 -0.5 -2 -18.5
0.000587143 -0.5 -2 -19.5
0.000399374 -0.5 -2 -20
0.000665411 -1 -1.5 -19.5
0.00114221 -1 -1.5 -19
0.000631979 -0.5 -2 -19
1.72756e-05 -1 -1.5 -20.5
0.000142801 -0.5 -2 -20.5
0.000233312 -1 -1.5 -20
0.0014905 -1 -1.5 -18.5
0.00159555 -1 -1.5 -18
0.00156136 -1 -1.5 -17.5
0.00114179 -1 -1.5 -17
0.000534686 -1 -1.5 -16.5
0.000140282 -1 -1.5 -16
2.517e-05 -1 -1.5 -15.5
2.70494e-05 -0.5 -1.5 -15.5
0.000129473 -0.5 -1.5 -16
0.000524418 -0.5 -1.5 -16.5
0.0013999 -0.5 -1.5 -17
0.00258772 -0.5 -1.5 -17.5
0.00256463 -0.5 -1.5 -19.5
0.000208142 -0.5 -1.5 -20.5
4.92888e-05 -1 -1 -20
0.00122088 -0.5 -1.5 -20
0.000126414 -1 -1 -19.5
0.000205398 -1 -1 -19
0.00347876 -0.5 -1.5 -19
0.000256255 -1 -1 -18.5
0.00369234 -0.5 -1.5 -18.5
0.000269335 -1 -1 -18
0.00354912 -0.5 -1.5 -18
0.000255581 -1 -1 -17.5
0.000171094 -1 -1 -17
7.46833e-05 -1 -1 -16.5
1.85495e-05 -1 -1 -16
0.00373506 -0.5 -1 -19.5
0.000181435 -0.5 -1 -20.5
0.00159851 -0.5 -1 -20
0.00544612 -0.5 -1 -19
0.00606453 -0.5 -1 -18.5
0.00611655 -0.5 -1 -18
0.00508883 -0.5 -1 -17.5
0.00301341 -0.5 -1 -17
0.00121804 -0.5 -1 -16.5
0.000305496 -0.5 -1 -16
6.28782e-05 -0.5 -1 -15.5
1.07863e-05 -0.5 -1 -15
6.41018e-05 -0.5 -0.5 -20.5
0.00108227 -0.5 -0.5 -20
0.00297491 -0.5 -0.5 -19.5
0.00472551 -0.5 -0.5 -19
0.00550446 -0.5 -0.5 -18.5
0.00563163 -0.5 -0.5 -18
0.00500069 -0.5 -0.5 -17.5
0.00302347 -0.5 -0.5 -17
0.00122548 -0.5 -0.5 -16.5
0.000304019 -0.5 -0.5 -16
6.16636e-05 -0.5 -0.5 -15.5
1.0173e-05 -0.5 -0.5 -15
0.000185584 -0.5 0 -20
0.000545433 -0.5 0 -19.5
0.000911523 -0.5 0 -19
0.00113496 -0.5 0 -18.5
0.00118661 -0.5 0 -18
0.00113704 -0.5 0 -17.5
0.00072789 -0.5 0 -17
0.000278838 -0.5 0 -16.5
6.1521e-05 -0.5 0 -16
1.05369e-05 -0.5 0 -15.5
0.000133559 0 0 -20.5
1.32562e-05 -0.5 0.5 -20
0.000770973 0 0 -20
3.44939e-05 -0.5 0.5 -19.5
0.00162134 0 0 -19.5
5.47766e-05 -0.5 0.5 -19
0.0022763 0 0 -19
6.58594e-05 -0.5 0.5 -18.5
0.00249136 0 0 -18.5
6.81819e-05 -0.5 0.5 -18
0.00250006 0 0 -18
6.24063e-05 -0.5 0.5 -17.5
0.00203757 0 0 -17.5
3.56347e-05 -0.5 0.5 -17
0.00118564 0 0 -17
1.06714e-05 -0.5 0.5 -16.5
0.000477099 0 0 -16.5
0.000120602 0 0 -16
2.50613e-05 0 0 -15.5
0.000238795 0 0.5 -20.5
0.00173855 0 0.5 -20
0.00390028 0 0.5 -19.5
0.00563395 0 0.5 -19
0.00625072 0 0.5 -18.5
0.00630936 0 0.5 -18
0.00531747 0 0.5 -17.5
0.0031668 0 0.5 -17
0.00129374 0 0.5 -16.5
0.000327863 0 0.5 -16
6.74785e-05 0 0.5 -15.5
1.16343e-05 0 0.5 -15
2.26635e-05 0.5 0.5 -16
0.000339768 0.5 0.5 -19
0.00010783 0 1 -20.5
1.80443e-05 0.5 0.5 -20.5
0.00106432 0 1 -20
0.000106486 0.5 0.5 -20
0.00259341 0 1 -19.5
0.000232934 0.5 0.5 -19.5
0.0038761 0 1 -19
0.00436224 0 1 -18.5
0.000384882 0.5 0.5 -18.5
0.0044209 0 1 -18
0.000391844 0.5 0.5 -18
0.00382777 0 1 -17.5
0.0003387 0.5 0.5 -17.5
0.00232051 0 1 -17
0.000205024 0.5 0.5 -17
0.000952758 0 1 -16.5
8.61911e-05 0.5 0.5 -16.5
0.000238519 0 1 -16
4.81433e-05 0 1 -15.5
1.948e-05 0 1.5 -20.5
5.85848e-05 0.5 1 -20.5
0.000222944 0 1.5 -20
0.000484062 0.5 1 -20
0.000557507 0 1.5 -19.5
0.00113628 0.5 1 -19.5
0.000832821 0 1.5 -19
0.00170959 0.5 1 -19
0.000930927 0 1.5 -18.5
0.00196752 0.5 1 -18.5
0.000941378 0 1.5 -18
0.00200941 0.5 1 -18
0.000791935 0 1.5 -17.5
0.00179739 0.5 1 -17.5
0.000448231 0 1.5 -17
0.00111527 0.5 1 -17
0.000160084 0 1.5 -16.5
0.000477307 0.5 1 -16.5
3.12873e-05 0 1.5 -16
0.000127228 0.5 1 -16
2.69027e-05 0.5 1 -15.5
1.4678e-05 1 1 -17
2.28808e-05 1 1 -17.5
2.50406e-05 1 1 -18
2.42065e-05 1 1 -18.5
2.03487e-05 1 1 -19
1.38165e-05 1 1 -19.5
5.81604e-05 0.5 1.5 -20.5
1.32786e-05 0 2 -20
0.000798143 0.5 1.5 -20
2.89709e-05 0 2 -19.5
0.00212001 0.5 1.5 -19.5
4.07157e-05 0 2 -19
0.00333722 0.5 1.5 -19
4.38112e-05 0 2 -18.5
0.00391186 0.5 1.5 -18.5
4.35871e-05 0 2 -18
0.00400537 0.5 1.5 -18
3.34595e-05 0 2 -17.5
0.00369018 0.5 1.5 -17.5
1.69692e-05 0 2 -17
0.00238 0.5 1.5 -17
0.00103903 0.5 1.5 -16.5
0.000269697 0.5 1.5 -16
5.46995e-05 0.5 1.5 -15.5
3.69634e-05 1 1.5 -16
0.000129181 1 1.5 -16.5
0.000278806 1 1.5 -17
0.000418345 1 1.5 -17.5
3.69283e-05 0.5 2 -20.5
0.00064435 0.5 2 -20
9.49404e-05 1 1.5 -20
0.00181373 0.5 2 -19.5
0.000232875 1 1.5 -19.5
0.00292118 0.5 2 -19
0.000361111 1 1.5 -19
0.00346232 0.5 2 -18.5
0.000428026 1 1.5 -18.5
0.00355101 0.5 2 -18
0.000441856 1 1.5 -18
0.00332019 0.5 2 -17.5
0.00222672 0.5 2 -17
0.00104118 0.5 2 -16.5
0.000312742 0.5 2 -16
6.51262e-05 0.5 2 -15.5
1.13739e-05 0.5 2 -15
1.44904e-05 0.5 2.5 -20.5
1.59297e-05 1 2 -20.5
0.000377158 0.5 2.5 -20
0.000258237 1 2 -20
0.00122521 0.5 2.5 -19.5
0.000721808 1 2 -19.5
0.00209981 0.5 2.5 -19
0.0011983 1 2 -19
0.0025534 0.5 2.5 -18.5
0.00150478 1 2 -18.5
0.0026236 0.5 2.5 -18
0.00158149 1 2 -18
0.00244096 0.5 2.5 -17.5
0.00154149 1 2 -17.5
0.00160527 0.5 2.5 -17
0.00108732 1 2 -17
0.000729957 0.5 2.5 -16.5
0.000524934 1 2 -16.5
0.000203669 0.5 2.5 -16
0.000160961 1 2 -16
4.18006e-05 0.5 2.5 -15.5
3.46267e-05 1 2 -15.5
1.75163e-05 1.5 2 -16.5
3.39406e-05 1.5 2 -17
4.31065e-05 1.5 2 -17.5
4.25092e-05 1.5 2 -18
3.77556e-05 1.5 2 -18.5
2.74447e-05 1.5 2 -19
1.60675e-05 1.5 2 -19.5
1.01221e-05 1 2.5 -20.5
0.000141414 0.5 3 -20
0.000347954 1 2.5 -20
0.000425967 0.5 3 -19.5
0.00121684 1 2.5 -19.5
0.000680032 0.5 3 -19
0.00209681 1 2.5 -19
0.000766527 0.5 3 -18.5
0.00260947 1 2.5 -18.5
0.000774807 0.5 3 -18
0.00275044 1 2.5 -18
0.000684601 0.5 3 -17.5
0.00273675 1 2.5 -17.5
0.000442765 0.5 3 -17
0.00211588 1 2.5 -17
0.000196968 0.5 3 -16.5
0.00111125 1 2.5 -16.5
5.20451e-05 0.5 3 -16
0.000368731 1 2.5 -16
8.02444e-05 1 2.5 -15.5
1.45556e-05 1 2.5 -15
1.48063e-05 1.5 2.5 -15.5
6.42509e-05 1.5 2.5 -16
0.000176834 1.5 2.5 -16.5
0.000325819 1.5 2.5 -17
0.000405425 1.5 2.5 -17.5
0.000401082 1.5 2.5 -18
0.000373139 1.5 2.5 -18.5
0.000292365 1.5 2.5 -19
0.000165138 1.5 2.5 -19.5
4.7247e-05 1.5 2.5 -20
2.5525e-05 0.5 3.5 -20
0.000295899 1 3 -20
5.00651e-05 0.5 3.5 -19.5
0.00121403 1 3 -19.5
5.79705e-05 0.5 3.5 -19
0.00232801 1 3 -19
5.14685e-05 0.5 3.5 -18.5
0.00312803 1 3 -18.5
3.62199e-05 0.5 3.5 -18
0.00332981 1 3 -18
1.81357e-05 0.5 3.5 -17.5
0.00330278 1 3 -17.5
0.00258183 1 3 -17
0.00143449 1 3 -16.5
0.000528589 1 3 -16
0.000121867 1 3 -15.5
2.21648e-05 1 3 -15
1.20452e-05 1.5 3 -15
6.36614e-05 1.5 3 -15.5
0.00026659 1.5 3 -16
0.00067941 1.5 3 -16.5
0.00115718 1.5 3 -17
0.00135927 1.5 3 -17.5
0.00133545 1.5 3 -18
0.00119296 1.5 3 -18.5
0.000856817 1.5 3 -19
0.000443842 1.5 3 -19.5
0.000105627 1.5 3 -20
0.000175305 1 3.5 -20
0.00091523 1 3.5 -19.5
0.00186272 1 3.5 -19
0.00255654 1 3.5 -18.5
0.00274683 1 3.5 -18
0.00273415 1 3.5 -17.5
0.00219153 1 3.5 -17
0.00125257 1 3.5 -16.5
0.000467944 1 3.5 -16
0.000104074 1 3.5 -15.5
1.87802e-05 1 3.5 -15
2.61444e-05 1.5 3.5 -15
1.10475e-05 2 3 -16
2.48856e-05 2 3 -16.5
0.000516125 1.5 3.5 -16
3.75533e-05 2 3 -17
0.00200593 1.5 3.5 -17
3.51039e-05 2 3 -18
2.74662e-05 2 3 -18.5
1.87674e-05 2 3 -19
1.03257e-05 2 3 -19.5
0.00148765 1.5 3.5 -19
0.000692153 1.5 3.5 -19.5
0.000107324 1.5 3.5 -20
7.06623e-05 1 4 -20
0.000444805 1 4 -19.5
0.000960077 1 4 -19
0.00131857 1 4 -18.5
0.00205453 1.5 3.5 -18.5
0.00139917 1 4 -18
0.00228247 1.5 3.5 -18
0.00137866 1 4 -17.5
0.00231668 1.5 3.5 -17.5
0.00108118 1 4 -17
3.77588e-05 2 3 -17.5
0.000594389 1 4 -16.5
0.00121666 1.5 3.5 -16.5
0.000215071 1 4 -16
4.70091e-05 1 4 -15.5
0.000138958 1.5 3.5 -15.5
3.04164e-05 2 3.5 -15.5
0.00010209 2 3.5 -16
0.000281363 1.5 4 -15.5
0.00021386 2 3.5 -16.5
0.000908107 1.5 4 -16
0.000297593 2 3.5 -17
0.00187327 1.5 4 -16.5
0.000294188 2 3.5 -17.5
0.00277623 1.5 4 -17
0.000271405 2 3.5 -18
0.000225118 2 3.5 -18.5
0.000154021 2 3.5 -19
0.000383749 1 4.5 -18.5
0.00249261 1.5 4 -18.5
7.07147e-05 2 3.5 -19.5
0.000281787 1 4.5 -19
1.25615e-05 2 3.5 -20
0.000132038 1 4.5 -19.5
2.2245e-05 1 4.5 -20
7.13126e-05 1.5 4 -20
0.000642763 1.5 4 -19.5
0.00157044 1.5 4 -19
0.00040236 1 4.5 -18
0.00293363 1.5 4 -18
0.000384613 1 4.5 -17.5
0.00300608 1.5 4 -17.5
0.000288948 1 4.5 -17
0.000158132 1 4.5 -16.5
5.62979e-05 1 4.5 -16
1.17231e-05 1 4.5 -15.5
5.9478e-05 1.5 4 -15
3.15364e-05 2 4 -15
0.000145489 2 4 -15.5
0.00042975 2 4 -16
0.000818858 2 4 -16.5
0.00107824 2 4 -17
0.00108049 2 4 -17.5
0.000999997 2 4 -18
2.02231e-05 1 5 -18
0.000788536 2 4 -18.5
0.000489719 2 4 -19
2.44864e-05 1 5 -18.5
0.00220964 1.5 4.5 -18.5
2.23254e-05 1 5 -19
0.000199975 2 4 -19.5
1.48094e-05 1 5 -19.5
1.87951e-05 2 4 -20
2.93464e-05 1.5 4.5 -20
0.000456975 1.5 4.5 -19.5
0.00133759 1.5 4.5 -19
0.00265776 1.5 4.5 -18
1.0215e-05 1 5 -17.5
0.00273006 1.5 4.5 -17.5
0.00254917 1.5 4.5 -17
0.00177116 1.5 4.5 -16.5
0.000889453 1.5 4.5 -16
0.000291232 1.5 4.5 -15.5
6.04828e-05 1.5 4.5 -15
1.27639e-05 2 4.5 -14.5
1.82683e-05 2.5 4 -16
0.000292368 2 4.5 -15.5
3.93094e-05 1.5 5 -15
2.91557e-05 2.5 4 -16.5
0.000816006 2 4.5 -16
2.85272e-05 2.5 4 -17
0.00150793 2 4.5 -16.5
2.45685e-05 2.5 4 -17.5
0.00195675 2 4.5 -17
1.7734e-05 2.5 4 -18
0.00196474 2 4.5 -17.5
1.05802e-05 2.5 4 -18.5
0.000850973 2 4.5 -19
0.000242696 2 4.5 -19.5
1.12132e-05 2 4.5 -20
0.000228312 1.5 5 -19.5
0.000806643 1.5 5 -19
0.00137965 1.5 5 -18.5
0.00150154 2 4.5 -18.5
0.00164765 1.5 5 -18
0.00185124 2 4.5 -18
0.00168794 1.5 5 -17.5
0.00158454 1.5 5 -17
0.00113847 1.5 5 -16.5
0.000593398 1.5 5 -16
0.000197247 1.5 5 -15.5
6.88683e-05 2 4.5 -15
1.77826e-05 2.5 4.5 -15
6.82449e-05 2.5 4.5 -15.5
0.000152298 2.5 4.5 -16
0.000224873 2.5 4.5 -16.5
0.00140279 2 5 -16
0.000223737 2.5 4.5 -17
0.00225941 2 5 -16.5
0.00020626 2.5 4.5 -17.5
0.00266612 2 5 -17
0.00017442 2.5 4.5 -18
0.00264278 2 5 -17.5
0.000127766 2.5 4.5 -18.5
6.92309e-05 2.5 4.5 -19
0.00162392 2 5 -18.5
0.000805136 2 5 -19
2.14693e-05 2.5 4.5 -19.5
0.00019115 2 5 -19.5
8.01664e-05 1.5 5.5 -19.5
0.000324395 1.5 5.5 -19
0.000569041 1.5 5.5 -18.5
0.000649986 1.5 5.5 -18
0.00238148 2 5 -18
0.00064927 1.5 5.5 -17.5
0.000581971 1.5 5.5 -17
0.000430789 1.5 5.5 -16.5
0.000232542 1.5 5.5 -16
8.09662e-05 1.5 5.5 -15.5
0.000596893 2 5 -15.5
1.62982e-05 1.5 5.5 -15
0.000156991 2 5 -15
3.17875e-05 2 5 -14.5
9.02016e-05 2.5 5 -15
1.76678e-05 1.5 6 -15.5
0.000607028 2.5 5 -16
0.000704557 2 5.5 -15.5
4.59977e-05 1.5 6 -16
0.00085898 2.5 5 -16.5
8.14205e-05 1.5 6 -16.5
0.000886155 2.5 5 -17
0.000111721 1.5 6 -17
0.000830526 2.5 5 -17.5
0.000695994 2.5 5 -18
0.000132498 1.5 6 -17.5
0.000142308 1.5 6 -18
0.000472245 2.5 5 -18.5
0.000227222 2.5 5 -19
0.000129575 1.5 6 -18.5
7.26567e-05 1.5 6 -19
4.02706e-05 2.5 5 -19.5
1.6281e-05 1.5 6 -19.5
9.92433e-05 2 5.5 -19.5
0.000635259 2 5.5 -19
0.00146099 2 5.5 -18.5
0.00220464 2 5.5 -18
0.00250201 2 5.5 -17.5
0.00252739 2 5.5 -17
0.00219501 2 5.5 -16.5
0.00142508 2 5.5 -16
0.000298342 2.5 5 -15.5
0.000235895 2 5.5 -15
4.81547e-05 2 5.5 -14.5
1.83554e-05 2.5 5 -14.5
1.51592e-05 3 5 -15.5
0.000216114 2.5 5.5 -15
2.22419e-05 3 5 -16.5
0.00116257 2.5 5.5 -16
0.000551892 2 6 -15.5
2.32338e-05 3 5 -16
1.57963e-05 3 5 -17
0.00159747 2.5 5.5 -16.5
0.00165715 2.5 5.5 -17
0.00162303 2.5 5.5 -17.5
0.000853762 2.5 5.5 -18.5
0.00159997 2 6 -18
0.0014041 2.5 5.5 -18
0.000313451 2.5 5.5 -19
3.30264e-05 2.5 5.5 -19.5
3.47379e-05 2 6 -19.5
0.000367569 2 6 -19
0.00099338 2 6 -18.5
0.00184917 2 6 -17.5
0.00181018 2 6 -17
0.0015793 2 6 -16.5
0.00109181 2 6 -16
0.000608741 2.5 5.5 -15.5
0.000186801 2 6 -15
3.62954e-05 2 6 -14.5
4.70621e-05 2.5 5.5 -14.5
1.44789e-05 3 5.5 -14.5
5.40036e-05 3 5.5 -15
0.000119191 3 5.5 -15.5
9.56758e-05 2 6.5 -15
0.000176727 3 5.5 -16
0.000182283 3 5.5 -16.5
0.00184231 2.5 6 -16
0.000166032 3 5.5 -17
0.00226922 2.5 6 -16.5
0.000145186 3 5.5 -17.5
0.0022628 2.5 6 -17
0.000113235 3 5.5 -18
0.00148634 2.5 6 -18
6.39535e-05 3 5.5 -18.5
2.01123e-05 3 5.5 -19
0.000840948 2.5 6 -18.5
0.000273644 2.5 6 -19
1.79439e-05 2.5 6 -19.5
0.000139985 2 6.5 -19
0.000456618 2 6.5 -18.5
0.000791179 2 6.5 -18
0.000919661 2 6.5 -17.5
0.00201496 2.5 6 -17.5
0.000880715 2 6.5 -17
0.000734692 2 6.5 -16.5
0.000514228 2 6.5 -16
0.000267784 2 6.5 -15.5
0.00106684 2.5 6 -15.5
0.000437254 2.5 6 -15
1.90538e-05 2 6.5 -14.5
0.000116774 2.5 6 -14.5
2.18175e-05 2.5 6 -14
1.44016e-05 3 6 -14
7.20843e-05 3 6 -14.5
0.000233795 3 6 -15
0.00048419 3 6 -15.5
0.000648363 2.5 6.5 -15
3.47866e-05 2 7 -15
8.76221e-05 2 7 -15.5
0.000696302 3 6 -16
0.000157442 2 7 -16
0.000739758 3 6 -16.5
0.000221825 2 7 -16.5
0.000699953 3 6 -17
0.000593876 3 6 -17.5
0.0002782 2 7 -17
0.00039856 3 6 -18
0.000290198 2 7 -17.5
0.000245747 2 7 -18
0.000193554 3 6 -18.5
0.00012999 2 7 -18.5
4.71654e-05 3 6 -19
2.33714e-05 2 7 -19
0.000161489 2.5 6.5 -19
0.000694709 2.5 6.5 -18.5
0.00136564 2.5 6.5 -18
0.00191432 2.5 6.5 -17.5
0.00219169 2.5 6.5 -17
0.0022083 2.5 6.5 -16.5
0.00188345 2.5 6.5 -16
0.00128005 2.5 6.5 -15.5
0.000226208 2.5 6.5 -14.5
5.16043e-05 2.5 6.5 -14
4.84052e-05 3 6.5 -14
1.60623e-05 3.5 6 -15
0.000204944 3 6.5 -14.5
1.88614e-05 3.5 6 -16
0.000986017 3 6.5 -15.5
0.000560827 2.5 7 -15
2.1672e-05 3.5 6 -15.5
1.14081e-05 3.5 6 -16.5
0.00133672 3 6.5 -16
0.00141373 3 6.5 -16.5
1.88391e-05 2 7.5 -16.5
0.00135193 3 6.5 -17
0.0011185 3 6.5 -17.5
3.24526e-05 2 7.5 -17
0.000723847 3 6.5 -18
3.42522e-05 2 7.5 -17.5
0.0015104 2.5 7 -17.5
2.54775e-05 2 7.5 -18
0.000302736 3 6.5 -18.5
4.88967e-05 3 6.5 -19
6.08738e-05 2.5 7 -19
0.000419277 2.5 7 -18.5
0.000990691 2.5 7 -18
0.00179046 2.5 7 -17
0.00181274 2.5 7 -16.5
0.00154903 2.5 7 -16
0.00104815 2.5 7 -15.5
0.000541352 3 6.5 -15
0.000206124 2.5 7 -14.5
4.58748e-05 2.5 7 -14
0.000431911 3 7 -14.5
0.000113423 3.5 6.5 -15
0.000122453 2.5 7.5 -14.5
2.817e-05 2.5 7.5 -14
0.000159265 3.5 6.5 -16
0.000142849 3.5 6.5 -16.5
0.000122866 3.5 6.5 -17
9.19527e-05 3.5 6.5 -17.5
4.48684e-05 3.5 6.5 -18
0.00127968 3 7 -17.5
1.18406e-05 3.5 6.5 -18.5
0.000732427 3 7 -18
0.000273084 3 7 -18.5
3.1512e-05 3 7 -19
0.000165249 2.5 7.5 -18.5
0.000490895 2.5 7.5 -18
0.000814431 2.5 7.5 -17.5
0.00100141 2.5 7.5 -17
0.00169126 3 7 -17
0.00101577 2.5 7.5 -16.5
0.00185712 3 7 -16.5
0.000860388 2.5 7.5 -16
0.00189399 3 7 -16
0.000581722 2.5 7.5 -15.5
0.0015896 3 7 -15.5
0.000312555 2.5 7.5 -15
0.000152453 3.5 6.5 -15.5
0.000962833 3 7 -15
5.80221e-05 3.5 6.5 -14.5
0.000133538 3 7 -14
1.80005e-05 3.5 6.5 -14
2.85863e-05 3 7 -13.5
0.000267884 3 7.5 -14
1.41018e-05 2.5 8 -14
0.000449961 3.5 7 -15
5.15987e-05 2.5 8 -14.5
0.000122516 2.5 8 -15
0.000215149 2.5 8 -15.5
0.000637948 3.5 7 -16
0.000309356 2.5 8 -16
0.000471613 3.5 7 -17
0.000370869 2.5 8 -16.5
0.00183537 3 7.5 -16.5
0.00029206 3.5 7 -17.5
0.000372249 2.5 8 -17
0.000294771 2.5 8 -17.5
0.000149767 2.5 8 -18
3.77126e-05 3.5 7 -18.5
2.19932e-05 2.5 8 -18.5
1.13099e-05 3 7.5 -19
0.000163493 3 7.5 -18.5
0.000603886 3 7.5 -18
0.000135679 3.5 7 -18
0.00116343 3 7.5 -17.5
0.00161707 3 7.5 -17
0.00059475 3.5 7 -16.5
0.00187799 3 7.5 -16
0.00166779 3 7.5 -15.5
0.000606226 3.5 7 -15.5
0.00120849 3 7.5 -15
0.000665525 3 7.5 -14.5
0.000242696 3.5 7 -14.5
8.83908e-05 3.5 7 -14
7.18362e-05 3 7.5 -13.5
1.97192e-05 3.5 7 -13.5
1.15318e-05 3 7.5 -13
1.13115e-05 3 8 -13
1.26229e-05 4 7 -14
2.13775e-05 4 7 -14.5
0.000252462 3 8 -14
2.28309e-05 4 7 -15
0.000592078 3 8 -14.5
1.28441e-05 2.5 8.5 -14.5
2.68486e-05 2.5 8.5 -15
1.16136e-05 4 7 -16
0.00117217 3.5 7.5 -15.5
4.35481e-05 2.5 8.5 -15.5
0.00118732 3.5 7.5 -16
6.404e-05 2.5 8.5 -16
0.000870166 3.5 7.5 -17
7.21765e-05 2.5 8.5 -16.5
0.000545541 3.5 7.5 -17.5
7.15547e-05 2.5 8.5 -17
0.00128922 3 8 -17
4.44485e-05 2.5 8.5 -17.5
0.00023073 3.5 7.5 -18
4.53765e-05 3.5 7.5 -18.5
6.03463e-05 3 8 -18.5
0.000355947 3 8 -18
0.000834814 3 8 -17.5
0.00157041 3 8 -16.5
0.00108039 3.5 7.5 -16.5
0.00162399 3 8 -16
0.00148002 3 8 -15.5
0.00102879 3 8 -15
1.77479e-05 4 7 -15.5
0.000921716 3.5 7.5 -15
0.00055501 3.5 7.5 -14.5
0.000245225 3.5 7.5 -14
6.87658e-05 3 8 -13.5
7.52782e-05 3.5 7.5 -13.5
1.33349e-05 3.5 7.5 -13
3.03632e-05 4 7.5 -13.5
7.62576e-05 4 7.5 -14
4.9755e-05 3 8.5 -13.5
0.000130556 4 7.5 -14.5
0.000162166 3 8.5 -14
0.000365303 3 8.5 -14.5
0.000151019 4 7.5 -15.5
0.000641244 3 8.5 -15
0.00142401 3.5 8 -15
0.00012897 4 7.5 -16
0.000904467 3 8.5 -15.5
9.92483e-05 4 7.5 -16.5
0.000975968 3 8.5 -16
0.000987954 3.5 8 -17
0.000928677 3 8.5 -16.5
0.000547987 3.5 8 -17.5
0.000742243 3 8.5 -17
0.000206933 3.5 8 -18
3.0219e-05 3.5 8 -18.5
0.000128187 3 8.5 -18
0.000429833 3 8.5 -17.5
2.405e-05 4 7.5 -17.5
5.96697e-05 4 7.5 -17
0.00135781 3.5 8 -16.5
0.00153377 3.5 8 -16
0.00155783 3.5 8 -15.5
0.000154195 4 7.5 -15
0.000964718 3.5 8 -14.5
0.000494196 3.5 8 -14
0.000194565 3.5 8 -13.5
5.33241e-05 3.5 8 -13
2.9337e-05 3.5 8.5 -12.5
2.62457e-05 3 9 -13.5
0.00071211 3.5 8.5 -14
0.000290081 4 8 -14
0.000346641 3.5 8.5 -13.5
0.000135017 4 8 -13.5
7.34717e-05 3 9 -14
0.00113118 3.5 8.5 -14.5
0.000155936 3 9 -14.5
0.000265237 3 9 -15
0.000554482 4 8 -15.5
0.00145005 3.5 8.5 -15
0.000357074 3 9 -15.5
0.000472383 4 8 -16
0.000340464 4 8 -16.5
0.000400192 3 9 -16
0.00128619 3.5 8.5 -16.5
0.000189488 4 8 -17
0.000287427 3 9 -17
0.000125331 3 9 -17.5
2.32564e-05 4 8 -18
0.000426853 3.5 8.5 -17.5
1.04709e-05 3.5 8.5 -18.5
0.000118139 3.5 8.5 -18
8.30989e-05 4 8 -17.5
0.000864221 3.5 8.5 -17
0.000381151 3 9 -16.5
0.00150465 3.5 8.5 -16
0.00155318 3.5 8.5 -15.5
0.00056118 4 8 -15
0.000459268 4 8 -14.5
0.000121223 3.5 8.5 -13
4.12951e-05 4 8 -13
0.000137979 4 8.5 -13
0.000117485 3.5 9 -13
2.07208e-05 4.5 8 -13.5
2.67862e-05 3.5 9 -12.5
0.000597667 4 8.5 -14
0.00032139 3.5 9 -13.5
2.93319e-05 4.5 8 -14
0.000625933 3.5 9 -14
2.39351e-05 4.5 8 -14.5
0.000320472 4 8.5 -13.5
2.37339e-05 3 9.5 -14
0.00100939 3.5 9 -14.5
1.83339e-05 4.5 8 -15
4.27925e-05 3 9.5 -14.5
1.13074e-05 4.5 8 -15.5
6.64457e-05 3 9.5 -15
0.000969483 4 8.5 -15.5
8.6028e-05 3 9.5 -15.5
0.000101689 3 9.5 -16
0.000362582 4 8.5 -17
0.000997337 3.5 9 -16.5
0.000643544 4 8.5 -16.5
0.00126728 3.5 9 -16
0.00085054 4 8.5 -16
8.7372e-05 3 9.5 -16.5
4.48771e-05 3 9.5 -17
3.74991e-05 3.5 9 -18
3.02409e-05 4 8.5 -18
0.000232502 3.5 9 -17.5
0.000144503 4 8.5 -17.5
0.000597521 3.5 9 -17
0.00136245 3.5 9 -15.5
0.00129805 3.5 9 -15
0.00100721 4 8.5 -15
0.000883415 4 8.5 -14.5
3.92302e-05 4 8.5 -12.5
2.06937e-05 4.5 8.5 -12.5
2.07059e-05 3.5 9.5 -12.5
5.73845e-05 4.5 8.5 -13
8.34835e-05 3.5 9.5 -13
0.000210612 3.5 9.5 -13.5
0.000155662 4.5 8.5 -14
0.000954605 4 9 -14
0.000582401 4 9 -13.5
0.0001095 4.5 8.5 -13.5
0.00029495 4 9 -13
0.000405397 3.5 9.5 -14
0.000143361 4.5 8.5 -15
0.00126157 4 9 -15
0.000658906 3.5 9.5 -14.5
0.000800889 3.5 9.5 -15
7.29478e-05 4.5 8.5 -16
0.000782782 3.5 9.5 -16
3.24428e-05 4.5 8.5 -16.5
0.000578559 3.5 9.5 -16.5
0.000284835 3.5 9.5 -17
1.79537e-05 4 9 -18
6.81002e-05 3.5 9.5 -17.5
0.000123613 4 9 -17.5
0.000355162 4 9 -17
0.000680358 4 9 -16.5
0.00101778 4 9 -16
0.000837116 3.5 9.5 -15.5
0.00120769 4 9 -15.5
0.000110655 4.5 8.5 -15.5
0.00119784 4 9 -14.5
0.000168231 4.5 8.5 -14.5
1.69702e-05 4 9.5 -11.5
0.000123205 4 9 -12.5
7.0859e-05 4 9.5 -12
0.000198922 4 9.5 -12.5
1.33493e-05 3.5 10 -12.5
0.000438369 4 9.5 -13
4.20403e-05 3.5 10 -13
0.000729826 4 9.5 -13.5
9.56857e-05 3.5 10 -13.5
0.000177936 3.5 10 -14
0.000494133 4.5 9 -14.5
0.000279996 3.5 10 -14.5
0.000441959 4.5 9 -15
0.000336014 3.5 10 -15
0.000345594 4.5 9 -15.5
0.00035912 3.5 10 -15.5
0.000221093 4.5 9 -16
0.000112199 4.5 9 -16.5
0.000326936 3.5 10 -16
4.41572e-05 4.5 9 -17
6.19205e-05 4 9.5 -17.5
5.9839e-05 3.5 10 -17
1.04151e-05 4.5 9 -17.5
0.000256818 4 9.5 -17
0.000209052 3.5 10 -16.5
0.000564278 4 9.5 -16.5
0.000908036 4 9.5 -16
0.00115513 4 9.5 -15.5
0.00123604 4 9.5 -15
0.00118693 4 9.5 -14.5
0.00100261 4 9.5 -14
0.000453708 4.5 9 -14
0.000342371 4.5 9 -13.5
0.000209133 4.5 9 -13
1.66227e-05 4 10 -11.5
1.07197e-05 5 9 -12
6.43167e-05 4 10 -12
2.14455e-05 5 9 -12.5
0.000184323 4 10 -12.5
3.21291e-05 5 9 -13
0.000407981 4.5 9.5 -13
0.000237226 4.5 9.5 -12.5
0.00010821 4.5 9.5 -12
3.32237e-05 4.5 9.5 -11.5
1.59406e-05 3.5 10.5 -13
2.54719e-05 5 9 -14
3.19003e-05 3.5 10.5 -13.5
1.74295e-05 5 9 -14.5
0.000910188 4 10 -14
0.000798887 4.5 9.5 -14
5.16603e-05 3.5 10.5 -14
7.47655e-05 3.5 10.5 -14.5
0.000758484 4.5 9.5 -15
9.08791e-05 3.5 10.5 -15
8.98786e-05 3.5 10.5 -15.5
0.000656259 4 10 -16
0.000412015 4.5 9.5 -16
0.000918213 4 10 -15.5
0.000626386 4.5 9.5 -15.5
6.34973e-05 3.5 10.5 -16
0.000354395 4 10 -16.5
1.86943e-05 3.5 10.5 -16.5
1.11179e-05 4 10 -17.5
1.2817e-05 4.5 9.5 -17.5
0.000116644 4 10 -17
7.25637e-05 4.5 9.5 -17
0.000209323 4.5 9.5 -16.5
0.00104398 4 10 -15
0.0010341 4 10 -14.5
0.000821149 4.5 9.5 -14.5
0.000634389 4 10 -13.5
0.000623776 4.5 9.5 -13.5
0.000388952 4 10 -13
3.51017e-05 5 9 -13.5
1.04336e-05 4.5 10 -10.5
2.26334e-05 5 9.5 -11.5
1.33082e-05 4 10.5 -11.5
5.73767e-05 5 9.5 -12
0.000110767 4.5 10 -11.5
3.88267e-05 4.5 10 -11
4.36315e-05 4 10.5 -12
0.000104932 5 9.5 -12.5
0.000122166 4 10.5 -12.5
0.000652867 4.5 10 -13
0.000146769 5 9.5 -13
0.000420695 4.5 10 -12.5
0.000243597 4.5 10 -12
0.000256106 4 10.5 -13
0.000417481 4 10.5 -13.5
0.000576635 4 10.5 -14
0.000636007 4 10.5 -14.5
4.31199e-05 5 9.5 -15.5
0.000638398 4 10.5 -15
1.49531e-05 5 9.5 -16
0.000340198 4 10.5 -16
0.000409078 4.5 10 -16
0.000543724 4 10.5 -15.5
0.000657758 4.5 10 -15.5
1.93047e-05 4 10.5 -17
5.70012e-05 4.5 10 -17
0.000135864 4 10.5 -16.5
0.00019459 4.5 10 -16.5
0.000865028 4.5 10 -15
8.32058e-05 5 9.5 -15
0.000955593 4.5 10 -14.5
0.00012539 5 9.5 -14.5
0.000935897 4.5 10 -14
0.000160456 5 9.5 -14
0.000856495 4.5 10 -13.5
0.000171412 5 9.5 -13.5
1.27607e-05 5 10 -10.5
1.21204e-05 4.5 10.5 -10.5
5.09316e-05 4.5 10.5 -11
0.000130771 4.5 10.5 -11.5
9.67176e-05 5 10 -11.5
3.84099e-05 5 10 -11
0.000278055 4.5 10.5 -12
2.45744e-05 4 11 -12
0.000497739 4.5 10.5 -12.5
5.84301e-05 4 11 -12.5
0.000115203 4 11 -13
0.000179544 4 11 -13.5
0.000240078 4 11 -14
0.000270266 4 11 -14.5
0.000260631 4 11 -15
0.000127113 5 10 -15.5
0.000198335 4 11 -15.5
5.83436e-05 5 10 -16
8.93323e-05 4 11 -16
1.14118e-05 4 11 -16.5
2.34948e-05 4.5 10.5 -17
0.000118506 4.5 10.5 -16.5
1.96941e-05 5 10 -16.5
0.000312349 4.5 10.5 -16
0.000548146 4.5 10.5 -15.5
0.000778109 4.5 10.5 -15
0.00022366 5 10 -15
0.000902703 4.5 10.5 -14.5
0.000321493 5 10 -14.5
0.000906859 4.5 10.5 -14
0.000392709 5 10 -14
0.00084353 4.5 10.5 -13.5
0.000414856 5 10 -13.5
0.000682751 4.5 10.5 -13
0.000369023 5 10 -13
1.71962e-05 5 10.5 -10
4.71527e-05 5 10.5 -10.5
1.14166e-05 4.5 11 -10.5
1.76258e-05 5.5 10 -11
4.31617e-05 4.5 11 -11
0.000116273 4.5 11 -11.5
3.83332e-05 5.5 10 -12
0.000213109 5 10.5 -11.5
2.97315e-05 5.5 10 -11.5
0.000244457 4.5 11 -12
4.33656e-05 5.5 10 -12.5
0.000420937 4.5 11 -12.5
3.69573e-05 5.5 10 -13
2.02585e-05 4 11.5 -12.5
0.000605171 4.5 11 -13
3.34268e-05 4 11.5 -13
1.32572e-05 5.5 10 -14
0.000723039 4.5 11 -13.5
4.80083e-05 4 11.5 -13.5
0.000757393 4.5 11 -14
5.91333e-05 4 11.5 -14
0.000702591 4.5 11 -14.5
6.17267e-05 4 11.5 -14.5
4.4586e-05 4 11.5 -15
1.79233e-05 4 11.5 -15.5
3.93975e-05 4.5 11 -16.5
2.9601e-05 5 10.5 -16.5
0.000158107 4.5 11 -16
9.92144e-05 5 10.5 -16
0.000349686 4.5 11 -15.5
0.000223848 5 10.5 -15.5
0.000556238 4.5 11 -15
0.000381281 5 10.5 -15
0.00052793 5 10.5 -14.5
0.000625384 5 10.5 -14
0.00067174 5 10.5 -13.5
2.44685e-05 5.5 10 -13.5
0.000600967 5 10.5 -13
0.00046879 5 10.5 -12.5
3.65992e-05 5 11 -10
1.69366e-05 5.5 10.5 -10
0.000343104 5 10.5 -12
9.5882e-05 5 11 -10.5
4.0933e-05 5.5 10.5 -10.5
0.000199274 5 11 -11
2.77513e-05 4.5 11.5 -11
0.000334028 5 11 -11.5
0.000118554 5.5 10.5 -11.5
7.42893e-05 4.5 11.5 -11.5
0.000154507 4.5 11.5 -12
0.000173794 5.5 10.5 -12.5
0.000260886 4.5 11.5 -12.5
0.000166091 5.5 10.5 -13
0.000369293 4.5 11.5 -13
0.000129274 5.5 10.5 -13.5
0.000423828 4.5 11.5 -13.5
0.00043641 4.5 11.5 -14
4.82258e-05 5.5 10.5 -14.5
0.000387865 4.5 11.5 -14.5
1.78846e-05 5.5 10.5 -15
0.000276505 4.5 11.5 -15
0.000137353 4.5 11.5 -15.5
1.96447e-05 5 11 -16.5
3.61449e-05 4.5 11.5 -16
8.2299e-05 5 11 -16
0.000206493 5 11 -15.5
0.000371027 5 11 -15
0.000529278 5 11 -14.5
0.000641971 5 11 -14
9.02123e-05 5.5 10.5 -14
0.000687227 5 11 -13.5
0.000669788 5 11 -13
0.000609264 5 11 -12.5
0.000482152 5 11 -12
2.5386e-05 5.5 11 -9.5
3.5825e-05 5 11.5 -10
1.15488e-05 6 10.5 -10.5
9.42102e-05 5 11.5 -10.5
1.33136e-05 6 10.5 -11
0.00019333 5 11.5 -11
1.11903e-05 6 10.5 -11.5
0.000178641 5.5 11 -11
1.45117e-05 4.5 12 -11
0.000331046 5 11.5 -11.5
3.38368e-05 4.5 12 -11.5
0.000476403 5 11.5 -12
6.48731e-05 4.5 12 -12
0.000586896 5 11.5 -12.5
0.000105109 4.5 12 -12.5
0.000143968 4.5 12 -13
0.000166004 4.5 12 -13.5
0.000570042 5 11.5 -14
0.000201212 5.5 11 -14
0.000159028 4.5 12 -14
0.000122852 4.5 12 -14.5
6.1849e-05 5.5 11 -15
6.09546e-05 4.5 12 -15
2.64512e-05 5.5 11 -15.5
1.24337e-05 4.5 12 -15.5
3.6664e-05 5 11.5 -16
0.000126089 5 11.5 -15.5
0.000268963 5 11.5 -15
0.000433373 5 11.5 -14.5
0.00012454 5.5 11 -14.5
0.000639118 5 11.5 -13.5
0.000279561 5.5 11 -13.5
0.000633804 5 11.5 -13
0.000336081 5.5 11 -13
0.000353987 5.5 11 -12.5
0.000324116 5.5 11 -12
0.000261946 5.5 11 -11.5
0.000107451 5.5 11 -10.5
2.50095e-05 5.5 11.5 -9
6.55207e-05 5.5 11.5 -9.5
1.95426e-05 6 11 -9.5
0.000120582 5.5 11.5 -10
2.68675e-05 5 12 -10
0.000195908 5.5 11.5 -10.5
5.26517e-05 6 11 -10.5
7.36272e-05 5 12 -10.5
0.000294351 5.5 11.5 -11
0.000153665 5 12 -11
0.00026293 5 12 -11.5
5.12947e-05 6 11 -12
0.000382547 5.5 11.5 -11.5
6.14988e-05 6 11 -11.5
0.000373196 5 12 -12
3.71154e-05 6 11 -12.5
1.43411e-05 4.5 12.5 -12
0.000464326 5 12 -12.5
2.05549e-05 4.5 12.5 -12.5
0.000498124 5 12 -13
0.000472309 5.5 11.5 -13
2.50726e-05 4.5 12.5 -13
0.000462929 5 12 -13.5
2.62359e-05 4.5 12.5 -13.5
0.000378244 5 12 -14
1.4084e-05 4.5 12.5 -14
0.000254692 5 12 -14.5
4.13926e-05 5 12 -15.5
3.51819e-05 5.5 11.5 -15.5
0.000129386 5 12 -15
9.67189e-05 5.5 11.5 -15
0.000190525 5.5 11.5 -14.5
0.000299048 5.5 11.5 -14
0.000400133 5.5 11.5 -13.5
1.95122e-05 6 11 -13
3.31785e-05 6 11.5 -9
2.58395e-05 5.5 12 -9
6.10037e-05 6 11.5 -9.5
1.23125e-05 6 11.5 -8.5
6.94328e-05 5.5 12 -9.5
0.000498855 5.5 11.5 -12.5
0.000138661 5.5 12 -10
9.87101e-05 6 11.5 -10
1.5915e-05 5 12.5 -10
0.000232142 5.5 12 -10.5
0.000134655 6 11.5 -10.5
3.81325e-05 5 12.5 -10.5
0.000323043 5.5 12 -11
0.000161852 6 11.5 -11
8.08969e-05 5 12.5 -11
0.000410069 5.5 12 -11.5
0.000173735 6 11.5 -11.5
0.000140914 5 12.5 -11.5
0.00019892 5 12.5 -12
0.000131496 6 11.5 -12.5
0.000239178 5 12.5 -12.5
8.80919e-05 6 11.5 -13
0.000483535 5.5 12 -12.5
0.000252297 5 12.5 -13
4.9883e-05 6 11.5 -13.5
0.000214666 5 12.5 -13.5
0.000154851 5 12.5 -14
8.20479e-05 5 12.5 -14.5
2.15849e-05 5.5 12 -15.5
2.30637e-05 5 12.5 -15
7.50113e-05 5.5 12 -15
0.000165104 5.5 12 -14.5
0.00027467 5.5 12 -14
2.12428e-05 6 11.5 -14
0.000377785 5.5 12 -13.5
0.000451916 5.5 12 -13
0.000464062 5.5 12 -12
7.04284e-05 6 12 -9
1.62763e-05 6.5 11.5 -9
2.23962e-05 5.5 12.5 -9
0.000115254 6 12 -9.5
2.15878e-05 6.5 11.5 -9.5
3.49373e-05 6 12 -8.5
6.14119e-05 5.5 12.5 -9.5
2.39906e-05 6.5 11.5 -10
0.000122932 5.5 12.5 -10
2.09878e-05 6.5 11.5 -10.5
0.000165192 6 12 -10
0.000206018 5.5 12.5 -10.5
1.40699e-05 5 13 -10.5
0.000298492 5.5 12.5 -11
0.000269693 6 12 -11
1.45046e-05 6.5 11.5 -11
2.84818e-05 5 13 -11
0.000371515 5.5 12.5 -11.5
0.000291699 6 12 -11.5
4.66271e-05 5 13 -11.5
0.00040585 5.5 12.5 -12
6.40324e-05 5 13 -12
0.000399798 5.5 12.5 -12.5
0.000248663 6 12 -12.5
7.35597e-05 5 13 -12.5
0.000355957 5.5 12.5 -13
6.64619e-05 5 13 -13
4.31522e-05 5 13 -13.5
1.69333e-05 5 13 -14
2.49912e-05 6 12 -14.5
2.97236e-05 5.5 12.5 -15
8.94768e-05 5.5 12.5 -14.5
0.000177924 5.5 12.5 -14
5.88556e-05 6 12 -14
0.000275807 5.5 12.5 -13.5
0.000111321 6 12 -13.5
3.24396e-05 6.5 12 -8.5
4.76567e-05 6 12.5 -8.5
1.40732e-05 6.5 12 -8
0.000178308 6 12 -13
0.000285011 6 12 -12
9.83378e-05 6 12.5 -9
1.32008e-05 5.5 13 -9
0.000152318 6 12.5 -9.5
3.62801e-05 5.5 13 -9.5
7.79099e-05 6.5 12 -10
0.000208183 6 12.5 -10
7.91157e-05 5.5 13 -10
0.000257167 6 12.5 -10.5
7.87686e-05 6.5 12 -10.5
0.000132893 5.5 13 -10.5
0.000293536 6 12.5 -11
0.000193422 5.5 13 -11
0.000240377 5.5 13 -11.5
2.86587e-05 6.5 12 -12
0.00032169 6 12.5 -11.5
4.77719e-05 6.5 12 -11.5
0.000267785 5.5 13 -12
1.23414e-05 6.5 12 -12.5
0.000244595 5.5 13 -12.5
0.000198008 5.5 13 -13
0.000133663 5.5 13 -13.5
6.82085e-05 5.5 13 -14
2.07603e-05 5.5 13 -14.5
2.7263e-05 6 12.5 -14.5
6.75952e-05 6 12.5 -14
0.000126519 6 12.5 -13.5
3.61706e-05 6.5 12.5 -8
0.000194789 6 12.5 -13
0.00025969 6 12.5 -12.5
0.000308247 6 12.5 -12
6.74626e-05 6.5 12 -11
6.86331e-05 6.5 12 -9.5
6.47544e-05 6.5 12.5 -8.5
4.13779e-05 6 13 -8.5
9.43709e-05 6.5 12.5 -9
8.88282e-05 6 13 -9
0.000146275 6 13 -9.5
0.000125139 6.5 12.5 -9.5
1.53792e-05 5.5 13.5 -9.5
0.00019799 6 13 -10
0.000140622 6.5 12.5 -10
3.17096e-05 5.5 13.5 -10
5.36149e-05 5.5 13.5 -10.5
0.000276086 6 13 -11
0.000130235 6.5 12.5 -11
0.000242273 6 13 -10.5
7.90132e-05 5.5 13.5 -11
0.000291239 6 13 -11.5
0.000104557 6.5 12.5 -11.5
9.75259e-05 5.5 13.5 -11.5
0.000260602 6 13 -12
0.000106531 5.5 13.5 -12
8.55532e-05 5.5 13.5 -12.5
5.57158e-05 5.5 13.5 -13
2.32424e-05 5.5 13.5 -13.5
1.40531e-05 6 13 -14.5
4.53207e-05 6 13 -14
9.61074e-05 6 13 -13.5
0.000158077 6 13 -13
1.98897e-05 6.5 13 -7.5
2.06479e-05 6.5 12.5 -13
0.00021689 6 13 -12.5
5.32434e-05 6.5 13 -8
2.37898e-05 7 12.5 -8
8.84919e-05 6.5 13 -8.5
3.21324e-05 7 12.5 -8.5
4.33078e-05 6.5 12.5 -12.5
2.58311e-05 6 13.5 -8.5
3.60373e-05 7 12.5 -9
0.000122897 6.5 13 -9
5.78292e-05 6 13.5 -9
0.000152268 6.5 13 -9.5
3.26539e-05 7 12.5 -9.5
7.39371e-05 6.5 12.5 -12
0.000104077 6 13.5 -9.5
0.000179146 6.5 13 -10
2.34892e-05 7 12.5 -10
0.000148659 6 13.5 -10
0.000185906 6 13.5 -10.5
0.000202897 6 13.5 -11
1.03845e-05 5.5 14 -11
0.000204974 6 13.5 -11.5
1.24583e-05 5.5 14 -11.5
1.0218e-05 5.5 14 -12
0.000129772 6 13.5 -12.5
7.54112e-05 6.5 13 -12.5
8.29562e-05 6 13.5 -13
3.9568e-05 6.5 13 -13
1.03451e-05 6 13.5 -14
4.0272e-05 6 13.5 -13.5
1.54008e-05 6.5 13 -13.5
0.000171281 6 13.5 -12
2.87954e-05 7 13 -7.5
1.90529e-05 6.5 13.5 -7.5
4.85702e-05 7 13 -8
4.99404e-05 6.5 13.5 -8
8.57827e-05 6.5 13.5 -8.5
6.40789e-05 7 13 -8.5
0.00011828 6.5 13.5 -9
2.39649e-05 6 14 -9
7.13597e-05 7 13 -9.5
4.66231e-05 6 14 -9.5
5.98945e-05 7 13 -10
0.000147894 6.5 13.5 -9.5
0.000169086 6.5 13.5 -10
7.09675e-05 6 14 -10
4.329e-05 7 13 -10.5
7.03663e-05 7 13 -9
0.000118014 6.5 13 -12
0.000157549 6.5 13 -11.5
8.80421e-05 6 14 -10.5
9.42059e-05 6 14 -11
1.06915e-05 7 13 -11.5
8.83802e-05 6 14 -11.5
6.71019e-05 6 14 -12
3.99058e-05 6 14 -12.5
1.3149e-05 6.5 13.5 -13.5
1.39071e-05 7 13.5 -7
1.45608e-05 6 14 -13
1.01615e-05 7.5 13 -7.5
3.52237e-05 6.5 13.5 -13
6.83887e-05 6.5 13.5 -12.5
4.18808e-05 7 13.5 -7.5
0.000108168 6.5 13.5 -12
0.000147191 6.5 13.5 -11.5
0.000169977 6.5 13.5 -11
2.49322e-05 7 13 -11
3.29142e-05 6.5 14 -8
8.1763e-05 7 13.5 -8.5
6.32761e-05 6.5 14 -8.5
6.42972e-05 7 13.5 -8
9.32199e-05 6.5 14 -9
9.57245e-05 7 13.5 -9
0.000115082 6.5 14 -9.5
0.000100535 7 13.5 -9.5
1.46548e-05 7.5 13 -8
0.000128473 6.5 14 -10
9.44514e-05 7 13.5 -10
1.2477e-05 6 14.5 -10
1.55924e-05 6 14.5 -10.5
1.4947e-05 6 14.5 -11
3.32568e-05 7 13.5 -11.5
1.73399e-05 7 13.5 -12
9.75816e-05 6.5 14 -11.5
0.000123477 6.5 14 -11
5.48271e-05 7 13.5 -11
1.27505e-05 6.5 14 -13
1.15691e-05 7 14 -7
1.54955e-05 7.5 13.5 -7
3.47811e-05 6.5 14 -12.5
3.87845e-05 7 14 -7.5
2.75172e-05 7.5 13.5 -7.5
3.14312e-05 7.5 13.5 -8
6.38937e-05 6.5 14 -12
0.000133143 6.5 14 -10.5
7.80985e-05 7 14 -8.5
2.88751e-05 7.5 13.5 -8.5
2.67068e-05 6.5 14.5 -8.5
8.94663e-05 7 14 -9
2.22543e-05 7.5 13.5 -9
4.2825e-05 6.5 14.5 -9
5.44626e-05 6.5 14.5 -9.5
6.3654e-05 6.5 14.5 -10
6.57147e-05 6.5 14.5 -10.5
5.3539e-05 6.5 14.5 -11
5.79911e-05 7 14 -11
1.55282e-05 6.5 14.5 -12
2.00035e-05 7 14 -12
3.32535e-05 7.5 14 -7.5
1.63512e-05 7.5 14 -7
2.02812e-05 7 14.5 -7.5
3.48299e-05 6.5 14.5 -11.5
3.81165e-05 7 14 -11.5
4.22128e-05 7 14.5 -8
5.66354e-05 7 14.5 -8.5
3.99819e-05 7.5 14 -9
3.04756e-05 7.5 14 -9.5
6.56678e-05 7 14.5 -9
6.93802e-05 7 14.5 -9.5
6.3958e-05 7 14.5 -10
1.97918e-05 7.5 14 -10
4.46053e-05 7.5 14 -8.5
2.33502e-05 7 14.5 -11.5
2.662e-05 7.5 14.5 -7.5
3.72401e-05 7.5 14.5 -8
4.03724e-05 7 14.5 -11
1.06952e-05 7 15 -8
2.07219e-05 7 15 -8.5
4.06748e-05 7.5 14.5 -8.5
2.63904e-05 7 15 -9
2.78565e-05 7 15 -9.5
3.1547e-05 7.5 14.5 -9.5
3.88566e-05 7.5 14.5 -9
1.19442e-05 7.5 14.5 -10.5
1.78708e-05 7 15 -10.5
1.02793e-05 8 14.5 -8
1.84714e-05 7.5 15 -8
2.38333e-05 7 15 -10
2.21945e-05 7.5 15 -8.5
1.33667e-05 7.5 15 -10
1.97002e-05 7.5 15 -9.5
2.31967e-05 7.5 15 -9
2.27061e-05 7.5 14.5 -10
5.55604e-05 7 14.5 -10.5
4.2133e-05 7.5 14 -8
7.7473e-05 7 14 -10.5
9.09638e-05 7 14 -10
9.5536e-05 7 14 -9.5
1.4754e-05 7.5 13.5 -9.5
6.08739e-05 7 14 -8
7.82394e-05 7 13.5 -10.5
0.000176063 6.5 13.5 -10.5
0.000180339 6.5 13 -11
0.000190022 6.5 13 -10.5
1.32366e-05 7 12.5 -10.5
0.000145557 6.5 12.5 -10.5
5.28865e-05 6.5 12 -9
0.000215751 6 12 -10.5
0.000162159 6 11.5 -12
0.000457941 5.5 11.5 -12
6.18457e-05 6 11 -11
3.55057e-05 6 11 -10
5.78444e-05 5.5 11 -10
0.000155244 5.5 10.5 -12
7.64032e-05 5.5 10.5 -11
0.00010795 5 10.5 -11
0.000287413 5 10 -12.5
0.000189317 5 10 -12
9.82044e-05 4.5 9 -12.5
3.20255e-05 4.5 9 -12
3.66413e-05 4 9 -12
