0.633333
1.35884e-05 -5.5 -10 -11.5
3.18954e-05 -5.5 -10 -12.5
1.0185e-05 -5.5 -10 -14.5
1.82488e-05 -5.5 -10 -14
1.32187e-05 -6 -11 -11
1.06263e-05 -5.5 -10.5 -11
1.86982e-05 -6 -11 -11.5
2.44016e-05 -5.5 -10.5 -11.5
2.08809e-05 -6 -11 -12
1.84861e-05 -6 -11 -12.5
1.38018e-05 -6 -11 -13
4.06227e-05 -5.5 -10.5 -14
2.38959e-05 -5.5 -10.5 -14.5
5.44404e-05 -5.5 -10.5 -13.5
5.90649e-05 -5.5 -10.5 -13
5.4251e-05 -5.5 -10.5 -12.5
4.1152e-05 -5.5 -10.5 -12
2.73165e-05 -5.5 -10 -13.5
3.39019e-05 -5.5 -10 -13
2.44046e-05 -5.5 -10 -12
1.78797e-05 -5 -10 -11.5
4.51551e-05 -5 -10 -12
7.70549e-05 -5 -10 -12.5
0.000102015 -5 -10 -14.5
0.000124789 -5 -10 -14
0.000124065 -5 -10 -13.5
1.08001e-05 -5.5 -9.5 -13
0.000105046 -5 -10 -13
1.17213e-05 -5.5 -9.5 -12.5
1.18963e-05 -5 -10 -16
3.45398e-05 -5 -10 -15.5
6.85069e-05 -5 -10 -15
1.80989e-05 -5.5 -11 -11
1.01624e-05 -6.5 -12 -10.5
2.01817e-05 -6 -11.5 -11
3.39988e-05 -5.5 -11 -11.5
2.54225e-05 -5 -10.5 -11.5
2.7999e-05 -6 -11.5 -11.5
1.18733e-05 -6.5 -12 -11
4.86828e-05 -5.5 -11 -12
3.14695e-05 -6 -11.5 -12
1.16556e-05 -6.5 -12 -11.5
6.08233e-05 -5.5 -11 -12.5
3.06435e-05 -6 -11.5 -12.5
6.62055e-05 -5.5 -11 -13
5.92604e-05 -5.5 -11 -13.5
2.55843e-05 -6 -11.5 -13
1.67119e-05 -6 -11.5 -13.5
2.70035e-05 -5.5 -11 -14.5
2.78278e-05 -5 -10.5 -15.5
1.32565e-05 -5.5 -11 -15
5.80296e-05 -5 -10.5 -15
8.94565e-05 -5 -10.5 -14.5
4.37703e-05 -5.5 -11 -14
0.000110874 -5 -10.5 -14
0.000117481 -5 -10.5 -13.5
0.000103482 -5 -10.5 -13
7.77492e-05 -5 -10.5 -12.5
4.89367e-05 -5 -10.5 -12
2.49745e-05 -4.5 -10 -12
6.07126e-05 -4.5 -10 -12.5
2.71725e-05 -5 -9.5 -12
0.000108632 -4.5 -10 -13
5.4034e-05 -5 -9.5 -12.5
0.000152871 -4.5 -10 -13.5
0.00017666 -4.5 -10 -14
0.00017151 -4.5 -10 -14.5
0.000141099 -4.5 -10 -15
8.09174e-05 -5 -9.5 -14.5
9.74557e-05 -5 -9.5 -14
9.67914e-05 -5 -9.5 -13.5
8.19703e-05 -5 -9.5 -13
8.87703e-05 -4.5 -10 -15.5
4.00443e-05 -4.5 -10 -16
1.52198e-05 -4.5 -10 -16.5
2.53203e-05 -5 -9.5 -15.5
1.02413e-05 -6.5 -12.5 -10
2.07267e-05 -5.5 -11.5 -11
1.53531e-05 -6 -12 -10.5
2.09975e-05 -5 -11 -11.5
1.30447e-05 -6.5 -12.5 -10.5
2.22561e-05 -6 -12 -11
3.36435e-05 -5.5 -11.5 -11.5
1.61107e-05 -4.5 -10.5 -12
4.56181e-05 -5 -11 -12
1.55797e-05 -6.5 -12.5 -11
2.81558e-05 -6 -12 -11.5
4.70023e-05 -5.5 -11.5 -12
6.88669e-05 -5 -11 -12.5
1.60189e-05 -6.5 -12.5 -11.5
3.15353e-05 -6 -12 -12
5.62328e-05 -5.5 -11.5 -12.5
8.60933e-05 -5 -11 -13
1.38578e-05 -6.5 -12.5 -12
5.85342e-05 -5.5 -11.5 -13
3.05753e-05 -6 -12 -12.5
9.2461e-05 -5 -11 -13.5
1.05782e-05 -6.5 -12.5 -12.5
2.51097e-05 -6 -12 -13
5.0039e-05 -5.5 -11.5 -13.5
8.15788e-05 -5 -11 -14
1.68066e-05 -6 -12 -13.5
3.60957e-05 -5.5 -11.5 -14
6.09307e-05 -5 -11 -14.5
1.05745e-05 -6 -12 -14
3.56772e-05 -5 -11 -15
1.57504e-05 -4.5 -10.5 -16
1.47999e-05 -5 -11 -15.5
1.01546e-05 -5.5 -11.5 -15
4.45769e-05 -4.5 -10.5 -15.5
2.14688e-05 -5.5 -11.5 -14.5
8.07471e-05 -4.5 -10.5 -15
0.000107243 -4.5 -10.5 -14.5
0.000116824 -4.5 -10.5 -14
0.000100391 -4.5 -10.5 -13.5
7.33022e-05 -4.5 -10.5 -13
4.2019e-05 -4.5 -10.5 -12.5
2.96891e-05 -4.5 -9.5 -12
2.37328e-05 -4 -10 -13
6.66725e-05 -4.5 -9.5 -12.5
4.92742e-05 -4 -10 -13.5
0.000117775 -4.5 -9.5 -13
7.44296e-05 -4 -10 -14
0.000170671 -4.5 -9.5 -13.5
4.41206e-05 -5 -9 -13
2.82835e-05 -5 -9 -12.5
1.26877e-05 -5 -9 -12
5.38432e-05 -5 -9.5 -15
9.56556e-05 -4 -10 -14.5
0.000207882 -4.5 -9.5 -14
5.40649e-05 -5 -9 -13.5
9.73072e-05 -4 -10 -15
0.000214673 -4.5 -9.5 -14.5
4.8336e-05 -5 -9 -14
7.21019e-05 -4 -10 -15.5
0.00018723 -4.5 -9.5 -15
3.80653e-05 -4 -10 -16
0.000129177 -4.5 -9.5 -15.5
1.05107e-05 -4 -10 -16.5
6.62915e-05 -4.5 -9.5 -16
1.32757e-05 -6 -12.5 -10.5
2.11088e-05 -4.5 -9.5 -16.5
1.53107e-05 -5.5 -12 -11
1.3064e-05 -6.5 -13 -10.5
2.08298e-05 -6 -12.5 -11
1.33615e-05 -5 -11.5 -11.5
2.96464e-05 -5.5 -12 -11.5
1.44443e-05 -6.5 -13 -11
1.84061e-05 -4.5 -11 -12.5
3.83035e-05 -5.5 -12 -12
2.52333e-05 -6 -12.5 -11.5
2.87577e-05 -5 -11.5 -12
1.47379e-05 -6.5 -13 -11.5
2.71642e-05 -6 -12.5 -12
1.52827e-05 -4 -10.5 -13.5
4.2259e-05 -5.5 -12 -12.5
1.2739e-05 -6.5 -13 -12
2.49242e-05 -6 -12.5 -12.5
4.11615e-05 -5.5 -12 -13
2.18256e-05 -4 -10.5 -14
3.23447e-05 -5.5 -12 -13.5
2.00453e-05 -6 -12.5 -13
1.3678e-05 -6 -12.5 -13.5
2.11271e-05 -5.5 -12 -14
1.08647e-05 -5.5 -12 -14.5
1.16397e-05 -4.5 -11 -15.5
1.34137e-05 -5 -11.5 -15
1.51962e-05 -4 -10.5 -15.5
2.88823e-05 -4.5 -11 -15
2.91265e-05 -5 -11.5 -14.5
2.62581e-05 -4 -10.5 -15
4.41194e-05 -4.5 -11 -14.5
4.49579e-05 -5 -11.5 -14
2.70841e-05 -4 -10.5 -14.5
5.24136e-05 -4.5 -11 -14
5.60274e-05 -5 -11.5 -13.5
4.48337e-05 -4.5 -11 -13.5
5.28864e-05 -5 -11.5 -13
3.21482e-05 -4.5 -11 -13
4.31994e-05 -5 -11.5 -12.5
2.17127e-05 -5 -9 -15
1.86025e-05 -4 -9.5 -12.5
1.72196e-05 -4.5 -9 -12
5.28724e-05 -4 -9.5 -13
5.19228e-05 -4.5 -9 -12.5
0.000110987 -4 -9.5 -13.5
0.000108485 -4.5 -9 -13
3.37861e-05 -5 -9 -14.5
0.000163129 -4 -9.5 -14
0.000164392 -4.5 -9 -13.5
0.000207031 -4 -9.5 -14.5
0.000210667 -4.5 -9 -14
0.000212049 -4 -9.5 -15
0.000227975 -4.5 -9 -14.5
0.000168365 -4 -9.5 -15.5
0.000102681 -4 -9.5 -16
0.000142802 -4.5 -9 -15.5
1.06066e-05 -6 -13 -10.5
1.31473e-05 -4 -9.5 -17
1.42719e-05 -6 -13 -11
1.05171e-05 -5.5 -12.5 -11
2.80708e-05 -4.5 -9 -16.5
1.157e-05 -6.5 -13.5 -11
1.69985e-05 -6 -13 -11.5
1.24602e-05 -5 -12 -12
1.55935e-05 -5.5 -12.5 -11.5
1.02019e-05 -6.5 -13.5 -11.5
1.69476e-05 -6 -13 -12
1.05773e-05 -4.5 -11.5 -13
2.24272e-05 -5.5 -12.5 -12.5
1.76923e-05 -5 -12 -12.5
1.41152e-05 -6 -13 -12.5
1.93892e-05 -5.5 -12.5 -13
1.21523e-05 -4.5 -11.5 -13.5
1.27836e-05 -5.5 -12.5 -13.5
1.38617e-05 -5 -12 -14
1.26165e-05 -4.5 -11.5 -14
2.05807e-05 -5 -12 -13.5
2.0429e-05 -5 -12 -13
2.05382e-05 -5.5 -12.5 -12
4.09029e-05 -4 -9.5 -16.5
7.69692e-05 -4.5 -9 -16
0.000201746 -4.5 -9 -15
1.12082e-05 -5 -8.5 -14
1.38062e-05 -5 -8.5 -13.5
1.25786e-05 -5 -8.5 -13
2.85476e-05 -4 -9 -12.5
7.75289e-05 -4 -9 -13
2.7769e-05 -4.5 -8.5 -12.5
1.7891e-05 -3.5 -9.5 -14
0.00016193 -4 -9 -13.5
6.78662e-05 -4.5 -8.5 -13
3.08781e-05 -3.5 -9.5 -14.5
0.000246766 -4 -9 -14
4.11025e-05 -3.5 -9.5 -15
0.000308826 -4 -9 -14.5
4.81725e-05 -3.5 -9.5 -15.5
0.000318038 -4 -9 -15
3.58144e-05 -3.5 -9.5 -16
0.000266535 -4 -9 -15.5
0.000141396 -4.5 -8.5 -15
0.000163045 -4.5 -8.5 -14.5
1.72124e-05 -3.5 -9.5 -16.5
5.55878e-05 -4.5 -8.5 -16
2.56054e-05 -4 -9 -17
1.87601e-05 -4.5 -8.5 -16.5
8.61959e-05 -4 -9 -16.5
0.000183024 -4 -9 -16
0.000103608 -4.5 -8.5 -15.5
0.000152642 -4.5 -8.5 -14
0.000118279 -4.5 -8.5 -13.5
3.00277e-05 -4 -8.5 -12.5
2.84471e-05 -3.5 -9 -13.5
8.6142e-05 -4 -8.5 -13
1.16634e-05 -4.5 -8 -12.5
6.48999e-05 -3.5 -9 -14
0.00017481 -4 -8.5 -13.5
0.000110236 -3.5 -9 -14.5
0.0002695 -4 -8.5 -14
0.000143391 -3.5 -9 -15
0.000349245 -4 -8.5 -14.5
0.000163815 -3.5 -9 -15.5
5.65541e-05 -4.5 -8 -15
0.00013316 -3.5 -9 -16
0.000330299 -4 -8.5 -15.5
0.000370675 -4 -8.5 -15
8.02003e-05 -3.5 -9 -16.5
2.9238e-05 -3.5 -9 -17
0.000134236 -4 -8.5 -16.5
4.61924e-05 -4 -8.5 -17
2.1555e-05 -4.5 -8 -16
0.000246542 -4 -8.5 -16
3.87447e-05 -4.5 -8 -15.5
7.87448e-05 -4.5 -8 -14.5
7.83701e-05 -4.5 -8 -14
5.70674e-05 -4.5 -8 -13.5
3.19092e-05 -4.5 -8 -13
2.00383e-05 -3.5 -8.5 -13
1.80327e-05 -4 -8 -12.5
6.61251e-05 -3.5 -8.5 -13.5
6.23035e-05 -4 -8 -13
0.00015599 -3.5 -8.5 -14
0.000150617 -4 -8 -13.5
0.000251023 -3.5 -8.5 -14.5
0.000252866 -4 -8 -14
0.000319679 -3.5 -8.5 -15
0.000344009 -4 -8 -14.5
0.000349171 -3.5 -8.5 -15.5
0.000297842 -3.5 -8.5 -16
0.000191603 -3.5 -8.5 -16.5
8.34795e-05 -3.5 -8.5 -17
2.0237e-05 -3.5 -8.5 -17.5
5.52441e-05 -4 -8 -17
0.000150783 -4 -8 -16.5
0.00026427 -4 -8 -16
0.000347592 -4 -8 -15.5
0.000377657 -4 -8 -15
1.54675e-05 -4.5 -7.5 -14.5
1.68191e-05 -4.5 -7.5 -14
1.31429e-05 -4.5 -7.5 -13.5
3.32783e-05 -3.5 -8 -13
0.000103712 -3.5 -8 -13.5
3.17675e-05 -4 -7.5 -13
1.70274e-05 -3 -8.5 -14.5
0.000236802 -3.5 -8 -14
8.88584e-05 -4 -7.5 -13.5
3.26679e-05 -3 -8.5 -15
0.000386791 -3.5 -8 -14.5
4.90069e-05 -3 -8.5 -15.5
0.000495404 -3.5 -8 -15
5.96317e-05 -3 -8.5 -16
0.000519676 -3.5 -8 -15.5
0.000254752 -4 -7.5 -15
5.29304e-05 -3 -8.5 -16.5
0.000460576 -3.5 -8 -16
0.000231148 -4 -7.5 -15.5
0.000236395 -4 -7.5 -14.5
0.000181119 -4 -7.5 -16
3.45848e-05 -3 -8.5 -17
0.000322218 -3.5 -8 -16.5
1.29953e-05 -3 -8.5 -17.5
3.8841e-05 -4 -7.5 -17
4.61468e-05 -3.5 -8 -17.5
0.000159986 -3.5 -8 -17
0.000106985 -4 -7.5 -16.5
0.000169525 -4 -7.5 -14
3.61592e-05 -3.5 -7.5 -13
3.32728e-05 -3 -8 -14
0.000117018 -3.5 -7.5 -13.5
1.22453e-05 -4 -7 -13
7.91334e-05 -3 -8 -14.5
0.000259882 -3.5 -7.5 -14
0.000139676 -3 -8 -15
0.000424075 -3.5 -7.5 -14.5
0.000192724 -3 -8 -15.5
0.000553108 -3.5 -7.5 -15
0.000222945 -3 -8 -16
0.000597743 -3.5 -7.5 -15.5
0.000118278 -4 -7 -15
0.000111755 -4 -7 -14.5
0.000204325 -3 -8 -16.5
0.000547946 -3.5 -7.5 -16
9.26738e-05 -4 -7 -15.5
6.52563e-05 -4 -7 -16
0.000130884 -3 -8 -17
3.67097e-05 -4 -7 -16.5
5.25466e-05 -3 -8 -17.5
7.53285e-05 -3.5 -7.5 -17.5
1.53872e-05 -4 -7 -17
0.000231532 -3.5 -7.5 -17
0.000415415 -3.5 -7.5 -16.5
7.65857e-05 -4 -7 -14
3.87876e-05 -4 -7 -13.5
2.3564e-05 -3 -7.5 -13.5
2.14877e-05 -3.5 -7 -13
8.43655e-05 -3 -7.5 -14
8.39179e-05 -3.5 -7 -13.5
0.000203761 -3 -7.5 -14.5
0.000220807 -3.5 -7 -14
0.000356749 -3 -7.5 -15
0.000459769 -3 -7.5 -15.5
0.000541208 -3.5 -7 -15
0.000506373 -3 -7.5 -16
0.000599531 -3.5 -7 -15.5
0.000465291 -3 -7.5 -16.5
0.000563688 -3.5 -7 -16
0.000301824 -3 -7.5 -17
8.75901e-05 -3.5 -7 -17.5
1.1176e-05 -3.5 -7 -18
2.59508e-05 -3 -7.5 -18
0.000129207 -3 -7.5 -17.5
0.000253271 -3.5 -7 -17
0.000439954 -3.5 -7 -16.5
1.36815e-05 -4 -6.5 -15.5
1.95908e-05 -4 -6.5 -15
2.06745e-05 -4 -6.5 -14.5
0.000392043 -3.5 -7 -14.5
1.54986e-05 -4 -6.5 -14
4.20234e-05 -3 -7 -13.5
0.000145348 -3 -7 -14
4.02516e-05 -3.5 -6.5 -13.5
0.000340628 -3 -7 -14.5
0.000124413 -3.5 -6.5 -14
2.03806e-05 -2.5 -7.5 -15.5
0.00059265 -3 -7 -15
4.03812e-05 -2.5 -7.5 -16
0.000760635 -3 -7 -15.5
5.64753e-05 -2.5 -7.5 -16.5
0.000798236 -3 -7 -16
0.000395336 -3.5 -6.5 -15.5
5.80966e-05 -2.5 -7.5 -17
0.000732366 -3 -7 -16.5
4.48482e-05 -2.5 -7.5 -17.5
0.000491663 -3 -7 -17
1.88547e-05 -2.5 -7.5 -18
6.27782e-05 -3.5 -6.5 -17.5
5.58187e-05 -3 -7 -18
0.0002323 -3 -7 -17.5
0.000177249 -3.5 -6.5 -17
0.000287352 -3.5 -6.5 -16.5
0.000363296 -3.5 -6.5 -16
0.000366866 -3.5 -6.5 -15
0.00024624 -3.5 -6.5 -14.5
4.82759e-05 -3 -6.5 -13.5
3.46627e-05 -2.5 -7 -14.5
0.000169823 -3 -6.5 -14
8.62374e-05 -2.5 -7 -15
0.000393468 -3 -6.5 -14.5
5.19713e-05 -3.5 -6 -14
1.50334e-05 -3.5 -6 -13.5
0.000164846 -2.5 -7 -15.5
0.000671165 -3 -6.5 -15
0.000235596 -2.5 -7 -16
0.000863409 -3 -6.5 -15.5
0.000263612 -2.5 -7 -16.5
0.000917839 -3 -6.5 -16
0.000176559 -3.5 -6 -15.5
0.00016616 -3.5 -6 -15
0.000252117 -2.5 -7 -17
0.000859191 -3 -6.5 -16.5
0.000104263 -3.5 -6 -16.5
0.000161668 -2.5 -7 -17.5
5.83878e-05 -3.5 -6 -17
6.17558e-05 -2.5 -7 -18
2.31737e-05 -3.5 -6 -17.5
1.049e-05 -2.5 -7 -18.5
9.1519e-05 -3 -6.5 -18
0.000321363 -3 -6.5 -17.5
0.000613848 -3 -6.5 -17
0.0001462 -3.5 -6 -16
0.00010912 -3.5 -6 -14.5
2.95423e-05 -2.5 -6.5 -14
3.12113e-05 -3 -6 -13.5
0.000110255 -2.5 -6.5 -14.5
0.000129617 -3 -6 -14
0.000266826 -2.5 -6.5 -15
0.000354389 -3 -6 -14.5
0.000486387 -2.5 -6.5 -15.5
2.77121e-05 -3.5 -5.5 -15
0.000643107 -2.5 -6.5 -16
2.57455e-05 -3.5 -5.5 -15.5
0.000662998 -2.5 -6.5 -16.5
0.000607531 -2.5 -6.5 -17
0.000863949 -3 -6 -16.5
0.000382817 -2.5 -6.5 -17.5
0.000151434 -2.5 -6.5 -18
2.59588e-05 -2.5 -6.5 -18.5
0.000108587 -3 -6 -18
0.000350445 -3 -6 -17.5
0.000647131 -3 -6 -17
1.46829e-05 -3.5 -5.5 -16.5
2.03189e-05 -3.5 -5.5 -16
0.000917218 -3 -6 -16
0.000848779 -3 -6 -15.5
0.00064622 -3 -6 -15
2.00471e-05 -3.5 -5.5 -14.5
5.98773e-05 -2.5 -6 -14
1.16156e-05 -3 -5.5 -13.5
0.000222915 -2.5 -6 -14.5
6.07684e-05 -3 -5.5 -14
0.000510745 -2.5 -6 -15
0.000200182 -3 -5.5 -14.5
0.000893126 -2.5 -6 -15.5
1.39131e-05 -2 -6.5 -16.5
0.00111884 -2.5 -6 -16
2.4501e-05 -2 -6.5 -17
0.00113226 -2.5 -6 -16.5
0.000596793 -3 -5.5 -16
0.00057035 -3 -5.5 -15.5
3.67712e-05 -2 -6.5 -17.5
0.000996748 -2.5 -6 -17
3.32045e-05 -2 -6.5 -18
0.000647936 -2.5 -6 -17.5
2.06923e-05 -2 -6.5 -18.5
5.34707e-05 -2.5 -6 -18.5
8.42591e-05 -3 -5.5 -18
0.000277979 -2.5 -6 -18
0.000240928 -3 -5.5 -17.5
0.000413884 -3 -5.5 -17
0.000548973 -3 -5.5 -16.5
0.000392272 -3 -5.5 -15
1.39874e-05 -2.5 -5.5 -13.5
7.64768e-05 -2.5 -5.5 -14
2.24318e-05 -2 -6 -15
0.000277111 -2.5 -5.5 -14.5
2.42894e-05 -3 -5 -14
7.1454e-05 -2 -6 -15.5
0.000639541 -2.5 -5.5 -15
8.47556e-05 -3 -5 -14.5
0.000150731 -2 -6 -16
0.000222979 -2 -6 -16.5
0.00131002 -2.5 -5.5 -16
0.00024369 -2 -6 -17
0.00131291 -2.5 -5.5 -16.5
0.000253485 -3 -5 -16
0.000244506 -3 -5 -15.5
0.00107475 -2.5 -5.5 -15.5
0.000232589 -2 -6 -17.5
0.00118461 -2.5 -5.5 -17
0.000155504 -2 -6 -18
8.35904e-05 -3 -5 -17.5
1.0309e-05 -2 -6 -19
8.62454e-05 -2.5 -5.5 -18.5
3.09334e-05 -3 -5 -18
6.20522e-05 -2 -6 -18.5
0.000391183 -2.5 -5.5 -18
0.00082965 -2.5 -5.5 -17.5
0.000155222 -3 -5 -17
0.0002212 -3 -5 -16.5
0.000170332 -3 -5 -15
1.21216e-05 -2.5 -5 -13.5
4.02875e-05 -2 -5.5 -14.5
6.36739e-05 -2.5 -5 -14
0.000146107 -2 -5.5 -15
0.000249152 -2.5 -5 -14.5
0.000328912 -2 -5.5 -15.5
0.000615593 -2.5 -5 -15
1.36654e-05 -3 -4.5 -14.5
0.000555263 -2 -5.5 -16
3.65453e-05 -3 -4.5 -15.5
0.000739779 -2 -5.5 -16.5
3.38898e-05 -3 -4.5 -16
0.00075834 -2 -5.5 -17
0.000670524 -2 -5.5 -17.5
0.000415045 -2 -5.5 -18
1.13974e-05 -3 -4.5 -17.5
0.000101557 -2.5 -5 -18.5
1.87924e-05 -2 -5.5 -19
0.000148426 -2 -5.5 -18.5
0.00043613 -2.5 -5 -18
0.000871698 -2.5 -5 -17.5
2.02528e-05 -3 -4.5 -17
0.00120195 -2.5 -5 -17
2.75142e-05 -3 -4.5 -16.5
0.00130871 -2.5 -5 -16.5
0.00129915 -2.5 -5 -16
0.0010645 -2.5 -5 -15.5
2.77705e-05 -3 -4.5 -15
1.96401e-05 -2 -5 -14
0.000100943 -2 -5 -14.5
2.46132e-05 -2.5 -4.5 -14
0.00035721 -2 -5 -15
0.000116212 -2.5 -4.5 -14.5
0.000756598 -2 -5 -15.5
0.000349853 -2.5 -4.5 -15
0.00120762 -2 -5 -16
0.00148337 -2 -5 -16.5
0.00148211 -2 -5 -17
0.000868426 -2.5 -4.5 -16.5
0.00125838 -2 -5 -17.5
2.01996e-05 -1.5 -5.5 -18.5
0.000767089 -2 -5 -18
1.83694e-05 -1.5 -5.5 -19
2.63542e-05 -2 -5 -19
7.86959e-05 -2.5 -4.5 -18.5
0.000267975 -2 -5 -18.5
0.000304491 -2.5 -4.5 -18
0.000583799 -2.5 -4.5 -17.5
0.000796143 -2.5 -4.5 -17
0.000853813 -2.5 -4.5 -16
0.000646537 -2.5 -4.5 -15.5
3.05952e-05 -2 -4.5 -14
0.000150398 -2 -4.5 -14.5
0.000509635 -2 -4.5 -15
4.62703e-05 -2.5 -4 -14.5
0.00109391 -2 -4.5 -15.5
0.000151792 -2.5 -4 -15
3.85434e-05 -1.5 -5 -16.5
0.000103294 -1.5 -5 -17
0.000154161 -1.5 -5 -17.5
0.00193445 -2 -4.5 -17
0.000358271 -2.5 -4 -16.5
0.00197847 -2 -4.5 -16.5
0.000360858 -2.5 -4 -16
0.000169211 -1.5 -5 -18
0.00160733 -2 -4.5 -17.5
0.000111117 -2.5 -4 -18
0.000124076 -1.5 -5 -18.5
4.32886e-05 -1.5 -5 -19
3.36132e-05 -2 -4.5 -19
3.10285e-05 -2.5 -4 -18.5
0.000359709 -2 -4.5 -18.5
0.000993626 -2 -4.5 -18
0.000229589 -2.5 -4 -17.5
0.000319911 -2.5 -4 -17
0.00170428 -2 -4.5 -16
0.000281161 -2.5 -4 -15.5
3.04339e-05 -2 -4 -14
3.34549e-05 -1.5 -4.5 -15
0.000150106 -2 -4 -14.5
0.000134735 -1.5 -4.5 -15.5
0.000525011 -2 -4 -15
0.000350822 -1.5 -4.5 -16
0.00114754 -2 -4 -15.5
0.000587954 -1.5 -4.5 -16.5
5.08292e-05 -2.5 -3.5 -16
0.000752296 -1.5 -4.5 -17
4.67237e-05 -2.5 -3.5 -16.5
0.00076197 -1.5 -4.5 -17.5
4.00049e-05 -2.5 -3.5 -17
2.87126e-05 -2.5 -3.5 -17.5
0.000629383 -1.5 -4.5 -18
1.54979e-05 -2.5 -3.5 -18
7.12078e-05 -1.5 -4.5 -19
4.05558e-05 -2 -4 -19
0.000390611 -2 -4 -18.5
0.000327792 -1.5 -4.5 -18.5
0.0010232 -2 -4 -18
0.00162061 -2 -4 -17.5
0.00195768 -2 -4 -17
0.00202458 -2 -4 -16.5
0.00179075 -2 -4 -16
4.25349e-05 -2.5 -3.5 -15.5
2.49781e-05 -2.5 -3.5 -15
3.90781e-05 -1.5 -4 -14.5
1.3248e-05 -2 -3.5 -14
0.000189057 -1.5 -4 -15
6.95225e-05 -2 -3.5 -14.5
0.000589607 -1.5 -4 -15.5
0.000283087 -2 -3.5 -15
0.00116196 -1.5 -4 -16
0.000684841 -2 -3.5 -15.5
0.00163044 -1.5 -4 -16.5
0.00179774 -1.5 -4 -17
0.00171693 -1.5 -4 -17.5
0.00127237 -1.5 -4 -18
0.000276763 -2 -3.5 -18.5
3.36499e-05 -2 -3.5 -19
1.36118e-05 -1.5 -4 -19.5
0.00013003 -1.5 -4 -19
0.000606839 -1.5 -4 -18.5
0.000675344 -2 -3.5 -18
0.00104288 -2 -3.5 -17.5
0.00122769 -2 -3.5 -17
0.00126364 -2 -3.5 -16.5
0.00111678 -2 -3.5 -16
1.48123e-05 -1.5 -3.5 -14
8.00607e-05 -1.5 -3.5 -14.5
0.000370995 -1.5 -3.5 -15
2.10843e-05 -2 -3 -14.5
0.00104014 -1.5 -3.5 -15.5
0.00190506 -1.5 -3.5 -16
0.00253895 -1.5 -3.5 -16.5
0.00260184 -1.5 -3.5 -17
0.00243827 -1.5 -3.5 -17.5
0.00178785 -1.5 -3.5 -18
2.48142e-05 -1 -4 -19
0.000104646 -2 -3 -18.5
2.3845e-05 -1 -4 -19.5
1.75145e-05 -1.5 -3.5 -19.5
1.38876e-05 -2 -3 -19
0.000218094 -1.5 -3.5 -19
0.000907958 -1.5 -3.5 -18.5
0.000256871 -2 -3 -18
0.000393452 -2 -3 -17.5
0.000481645 -2 -3 -17
0.000507676 -2 -3 -16.5
0.000456238 -2 -3 -16
0.000266104 -2 -3 -15.5
9.77906e-05 -2 -3 -15
1.62153e-05 -1.5 -3 -14
8.88249e-05 -1.5 -3 -14.5
0.000406258 -1.5 -3 -15
0.00114296 -1.5 -3 -15.5
1.06626e-05 -1 -3.5 -16.5
8.34925e-05 -2 -2.5 -16
8.6135e-05 -1 -3.5 -17
7.94108e-05 -2 -2.5 -16.5
0.000173728 -1 -3.5 -17.5
6.57789e-05 -2 -2.5 -17
0.000255568 -1 -3.5 -18
4.81871e-05 -2 -2.5 -17.5
2.75696e-05 -2 -2.5 -18
0.000275287 -1 -3.5 -18.5
1.09427e-05 -2 -2.5 -18.5
6.30771e-05 -1 -3.5 -19.5
0.000254639 -1.5 -3 -19
0.000200344 -1 -3.5 -19
1.01307e-05 -1.5 -3 -19.5
0.0010129 -1.5 -3 -18.5
0.00197591 -1.5 -3 -18
0.00269347 -1.5 -3 -17.5
0.00288581 -1.5 -3 -17
0.00281235 -1.5 -3 -16.5
0.00210261 -1.5 -3 -16
5.67763e-05 -2 -2.5 -15.5
2.05814e-05 -2 -2.5 -15
4.07928e-05 -1 -3 -15
5.31199e-05 -1.5 -2.5 -14.5
0.000165283 -1 -3 -15.5
0.000262225 -1.5 -2.5 -15
0.000495405 -1 -3 -16
0.000799087 -1.5 -2.5 -15.5
0.00101693 -1 -3 -16.5
0.00147916 -1 -3 -17
0.0016684 -1 -3 -17.5
0.00157723 -1 -3 -18
0.00114765 -1 -3 -18.5
5.29261e-05 -1 -3 -19.5
0.000183317 -1.5 -2.5 -19
0.000481437 -1 -3 -19
0.0006826 -1.5 -2.5 -18.5
0.00125408 -1.5 -2.5 -18
0.00168752 -1.5 -2.5 -17.5
0.00186158 -1.5 -2.5 -17
0.00185712 -1.5 -2.5 -16.5
0.00146166 -1.5 -2.5 -16
4.51339e-05 -1 -2.5 -14.5
0.000219008 -1 -2.5 -15
0.000827356 -1 -2.5 -15.5
5.94472e-05 -1.5 -2 -15
0.00195853 -1 -2.5 -16
0.00320281 -1 -2.5 -16.5
0.00379728 -1 -2.5 -17
0.0037492 -1 -2.5 -17.5
0.00056209 -1.5 -2 -17
0.00322355 -1 -2.5 -18
0.00198127 -1 -2.5 -18.5
7.15174e-05 -1.5 -2 -19
3.33165e-05 -1 -2.5 -19.5
0.000657961 -1 -2.5 -19
0.00023606 -1.5 -2 -18.5
0.000412522 -1.5 -2 -18
0.000529437 -1.5 -2 -17.5
0.00055332 -1.5 -2 -16.5
0.000400546 -1.5 -2 -16
0.000198745 -1.5 -2 -15.5
1.1997e-05 -1.5 -2 -14.5
1.23812e-05 -1 -2 -14
6.90947e-05 -1 -2 -14.5
0.000338793 -1 -2 -15
0.00123735 -1 -2 -15.5
0.00273282 -1 -2 -16
0.00445585 -1 -2 -17.5
9.90539e-05 -1.5 -1.5 -17
0.0045738 -1 -2 -17
6.95978e-05 -1.5 -1.5 -18
3.43463e-05 -1 -2 -19.5
0.000698038 -1 -2 -19
3.71918e-05 -1.5 -1.5 -18.5
0.0022063 -1 -2 -18.5
0.00371348 -1 -2 -18
9.21624e-05 -1.5 -1.5 -17.5
9.77888e-05 -1.5 -1.5 -16.5
0.00420585 -1 -2 -16.5
6.91419e-05 -1.5 -1.5 -16
3.25755e-05 -1.5 -1.5 -15.5
0.000301978 -1 -1.5 -15
0.00114639 -1 -1.5 -15.5
3.75578e-05 -0.5 -2 -17.5
7.65977e-05 -0.5 -2 -18
0.000133027 -0.5 -2 -18.5
8.65922e-05 -0.5 -2 -19.5
2.36504e-05 -0.5 -2 -20
2.07867e-05 -1 -1.5 -19.5
0.000419765 -1 -1.5 -19
0.000129273 -0.5 -2 -19
0.00149139 -1 -1.5 -18.5
0.0027378 -1 -1.5 -18
0.00357487 -1 -1.5 -17.5
0.00378417 -1 -1.5 -17
0.0036724 -1 -1.5 -16.5
0.00253032 -1 -1.5 -16
5.93328e-05 -1 -1.5 -14.5
1.02174e-05 -0.5 -1.5 -14.5
4.97453e-05 -0.5 -1.5 -15
0.00020372 -0.5 -1.5 -15.5
0.000575506 -0.5 -1.5 -16
0.0011457 -0.5 -1.5 -16.5
0.00172772 -0.5 -1.5 -17
0.00202267 -0.5 -1.5 -17.5
0.000255011 -0.5 -1.5 -19.5
9.09535e-05 -1 -1 -19
0.000942023 -0.5 -1.5 -19
0.000293762 -1 -1 -18.5
0.00166327 -0.5 -1.5 -18.5
0.000531643 -1 -1 -18
0.00198903 -0.5 -1.5 -18
0.00072346 -1 -1 -17.5
0.000807682 -1 -1 -17
0.000814362 -1 -1 -16.5
0.000636861 -1 -1 -16
0.000281099 -1 -1 -15.5
6.40764e-05 -1 -1 -15
1.1367e-05 -1 -1 -14.5
1.01797e-05 -0.5 -1 -14
5.62943e-05 -0.5 -1 -14.5
0.000273607 -0.5 -1 -15
0.00108388 -0.5 -1 -15.5
0.00268269 -0.5 -1 -16
1.48105e-05 -1 -0.5 -18.5
0.00027734 -0.5 -1 -19.5
0.00175418 -0.5 -1 -19
0.00382439 -0.5 -1 -18.5
2.98602e-05 -1 -0.5 -18
0.00542119 -0.5 -1 -18
4.04402e-05 -1 -0.5 -17.5
0.00589048 -0.5 -1 -17.5
4.64095e-05 -1 -0.5 -17
0.0058628 -0.5 -1 -17
4.7238e-05 -1 -0.5 -16.5
0.00463842 -0.5 -1 -16.5
3.50711e-05 -1 -0.5 -16
1.3574e-05 -1 -0.5 -15.5
7.52642e-05 -0.5 -0.5 -14.5
0.000179426 -0.5 -0.5 -19.5
0.00172521 -0.5 -0.5 -19
0.00414018 -0.5 -0.5 -18.5
0.00612471 -0.5 -0.5 -18
0.00687826 -0.5 -0.5 -17.5
0.00697016 -0.5 -0.5 -17
0.00595476 -0.5 -0.5 -16.5
0.00357332 -0.5 -0.5 -16
0.00146561 -0.5 -0.5 -15.5
0.00036899 -0.5 -0.5 -15
1.35015e-05 -0.5 -0.5 -14
3.77498e-05 -0.5 0 -19.5
0.000591444 -0.5 0 -19
0.00162159 -0.5 0 -18.5
0.00259546 -0.5 0 -18
0.00308281 -0.5 0 -17.5
0.00317293 -0.5 0 -17
0.0029532 -0.5 0 -16.5
0.00184174 -0.5 0 -16
0.000727838 -0.5 0 -15.5
0.000169537 -0.5 0 -15
3.30625e-05 -0.5 0 -14.5
2.31595e-05 0 0 -14.5
0.000111487 0 0 -15
0.00014072 0 0 -19.5
6.52669e-05 -0.5 0.5 -19
0.000712488 0 0 -19
0.000169836 -0.5 0.5 -18.5
0.00145485 0 0 -18.5
0.000268286 -0.5 0.5 -18
0.00202375 0 0 -18
0.000321492 -0.5 0.5 -17.5
0.0022043 0 0 -17.5
0.000332291 -0.5 0.5 -17
0.00220776 0 0 -17
0.000309045 -0.5 0.5 -16.5
0.0017971 0 0 -16.5
0.000184006 -0.5 0.5 -16
0.00105679 0 0 -16
6.27645e-05 -0.5 0.5 -15.5
0.000434223 0 0 -15.5
1.25352e-05 -0.5 0.5 -15
7.23021e-05 0 0.5 -14.5
1.65657e-05 -0.5 1 -18
1.07176e-05 -0.5 1 -18.5
0.000282903 0 0.5 -19.5
0.00182555 0 0.5 -19
0.00398863 0 0.5 -18.5
0.00571419 0 0.5 -18
1.94548e-05 -0.5 1 -17.5
0.00632558 0 0.5 -17.5
1.9183e-05 -0.5 1 -17
0.00638307 0 0.5 -17
1.61456e-05 -0.5 1 -16.5
0.00541914 0 0.5 -16.5
0.00327269 0 0.5 -16
0.00136627 0 0.5 -15.5
0.000351381 0 0.5 -15
1.30494e-05 0 0.5 -14
2.37488e-05 0.5 0.5 -15
8.81242e-05 0.5 0.5 -15.5
0.000204651 0.5 0.5 -16
0.000113015 0.5 0.5 -19
0.000149373 0 1 -19.5
2.23945e-05 0.5 0.5 -19.5
0.00134368 0 1 -19
0.00320619 0 1 -18.5
0.00023805 0.5 0.5 -18.5
0.00476101 0 1 -18
0.000341682 0.5 0.5 -18
0.00535285 0 1 -17.5
0.000383681 0.5 0.5 -17.5
0.0054245 0 1 -17
0.000389684 0.5 0.5 -17
0.00476266 0 1 -16.5
0.000334938 0.5 0.5 -16.5
0.0029396 0 1 -16
0.0012377 0 1 -15.5
0.000315334 0 1 -15
6.36965e-05 0 1 -14.5
1.12151e-05 0 1 -14
3.08125e-05 0.5 1 -14.5
0.000146172 0.5 1 -15
0.000537181 0.5 1 -15.5
3.59552e-05 0 1.5 -19.5
8.0033e-05 0.5 1 -19.5
0.00043226 0 1.5 -19
0.000556857 0.5 1 -19
0.00111251 0 1.5 -18.5
0.00126147 0.5 1 -18.5
0.00169124 0 1.5 -18
0.00187287 0.5 1 -18
0.00191801 0 1.5 -17.5
0.0021412 0.5 1 -17.5
0.00194222 0 1.5 -17
0.00218295 0.5 1 -17
0.00170324 0 1.5 -16.5
0.00195435 0.5 1 -16.5
0.00102107 0 1.5 -16
0.00122684 0.5 1 -16
0.00039089 0 1.5 -15.5
8.46459e-05 0 1.5 -15
1.44512e-05 0 1.5 -14.5
1.27654e-05 0.5 1.5 -14
1.08915e-05 1 1 -16
1.72367e-05 1 1 -16.5
2.01319e-05 1 1 -17
1.96625e-05 1 1 -17.5
1.70513e-05 1 1 -18
1.24096e-05 1 1 -18.5
9.1399e-05 0.5 1.5 -19.5
3.83844e-05 0 2 -19
0.00096621 0.5 1.5 -19
9.00955e-05 0 2 -18.5
0.00242567 0.5 1.5 -18.5
0.000128583 0 2 -18
0.00372909 0.5 1.5 -18
0.000139899 0 2 -17.5
0.00431798 0.5 1.5 -17.5
0.000140271 0 2 -17
0.00440842 0.5 1.5 -17
0.000112872 0 2 -16.5
0.00407449 0.5 1.5 -16.5
6.04614e-05 0 2 -16
0.00266407 0.5 1.5 -16
1.9305e-05 0 2 -15.5
0.0012058 0.5 1.5 -15.5
0.000338163 0.5 1.5 -15
7.04985e-05 0.5 1.5 -14.5
4.59014e-05 1 1.5 -15
0.000149717 1 1.5 -15.5
0.000311979 1 1.5 -16
0.000455427 1 1.5 -16.5
0.000476594 1 1.5 -17
0.000458913 1 1.5 -17.5
5.36208e-05 0.5 2 -19.5
1.63094e-05 1 1.5 -19.5
0.000788771 0.5 2 -19
0.000112508 1 1.5 -19
0.00217742 0.5 2 -18.5
0.000254306 1 1.5 -18.5
0.00350362 0.5 2 -18
0.000384429 1 1.5 -18
0.00418468 0.5 2 -17.5
0.00430458 0.5 2 -17
0.00408644 0.5 2 -16.5
0.0028296 0.5 2 -16
0.00136234 0.5 2 -15.5
0.000407468 0.5 2 -15
8.52438e-05 0.5 2 -14.5
1.56526e-05 0.5 2 -14
1.98122e-05 0.5 2.5 -19.5
2.3599e-05 1 2 -19.5
0.000466974 0.5 2.5 -19
0.000316801 1 2 -19
0.00154337 0.5 2.5 -18.5
0.000866019 1 2 -18.5
0.00264611 0.5 2.5 -18
0.00143432 1 2 -18
0.00322502 0.5 2.5 -17.5
0.00180597 1 2 -17.5
0.0033221 0.5 2.5 -17
0.0019004 1 2 -17
0.00315898 0.5 2.5 -16.5
0.00186475 1 2 -16.5
0.00216597 0.5 2.5 -16
0.00135205 1 2 -16
0.00100831 0.5 2.5 -15.5
0.0006747 1 2 -15.5
0.000281671 0.5 2.5 -15
0.000214174 1 2 -15
5.61502e-05 0.5 2.5 -14.5
4.62963e-05 1 2 -14.5
2.01507e-05 1 2.5 -14
2.13137e-05 1.5 2 -15.5
3.93519e-05 1.5 2 -16
4.95722e-05 1.5 2 -16.5
4.91902e-05 1.5 2 -17
4.41994e-05 1.5 2 -17.5
3.29668e-05 1.5 2 -18
2.00746e-05 1.5 2 -18.5
1.55824e-05 1 2.5 -19.5
0.000181078 0.5 3 -19
0.000442513 1 2.5 -19
0.000541325 0.5 3 -18.5
0.00150905 1 2.5 -18.5
0.000851851 0.5 3 -18
0.00259046 1 2.5 -18
0.000939432 0.5 3 -17.5
0.00316764 1 2.5 -17.5
0.000941304 0.5 3 -17
0.00330248 1 2.5 -17
0.000822887 0.5 3 -16.5
0.00326093 1 2.5 -16.5
0.000545541 0.5 3 -16
0.00249266 1 2.5 -16
0.000251006 0.5 3 -15.5
0.0013411 1 2.5 -15.5
6.84218e-05 0.5 3 -15
0.000469979 1 2.5 -15
1.33026e-05 0.5 3 -14.5
0.000104632 1 2.5 -14.5
3.08756e-05 1 3 -14
8.44211e-05 1.5 2.5 -15
0.0002188 1.5 2.5 -15.5
0.000388356 1.5 2.5 -16
0.000477493 1.5 2.5 -16.5
0.000471378 1.5 2.5 -17
0.00043613 1.5 2.5 -17.5
0.000345589 1.5 2.5 -18
0.000202076 1.5 2.5 -18.5
6.62219e-05 1.5 2.5 -19
1.16137e-05 1 3 -19.5
3.23318e-05 0.5 3.5 -19
0.000378443 1 3 -19
6.82565e-05 0.5 3.5 -18.5
0.00147374 1 3 -18.5
8.25701e-05 0.5 3.5 -18
0.00276749 1 3 -18
7.86953e-05 0.5 3.5 -17.5
0.00372556 1 3 -17.5
6.26908e-05 0.5 3.5 -17
0.00396747 1 3 -17
3.64086e-05 0.5 3.5 -16.5
0.00393103 1 3 -16.5
1.23924e-05 0.5 3.5 -16
0.00309584 1 3 -16
0.00175312 1 3 -15.5
0.000667086 1 3 -15
0.00015772 1 3 -14.5
2.0461e-05 1.5 2.5 -14.5
1.75472e-05 1.5 3 -14
8.69853e-05 1.5 3 -14.5
0.000350021 1.5 3 -15
0.000856683 1.5 3 -15.5
0.0014198 1.5 3 -16
0.00162742 1.5 3 -16.5
0.00159306 1.5 3 -17
0.00140298 1.5 3 -17.5
0.00101166 1.5 3 -18
0.000542487 1.5 3 -18.5
0.00014373 1.5 3 -19
0.000212186 1 3.5 -19
0.00107285 1 3.5 -18.5
0.00218248 1 3.5 -18
0.00300424 1 3.5 -17.5
0.00323609 1 3.5 -17
0.00322585 1 3.5 -16.5
0.00262648 1 3.5 -16
0.00152342 1 3.5 -15.5
0.000574897 1 3.5 -15
0.000130308 1 3.5 -14.5
2.47616e-05 1 3.5 -14
4.01973e-05 1.5 3.5 -14
1.57747e-05 2 3 -15
0.000198376 1.5 3.5 -14.5
0.000700758 1.5 3.5 -15
3.37162e-05 2 3 -15.5
4.7794e-05 2 3 -16
4.69576e-05 2 3 -16.5
0.00247464 1.5 3.5 -16
4.23796e-05 2 3 -17
0.0027469 1.5 3.5 -17
2.21989e-05 2 3 -18
1.33913e-05 2 3 -18.5
0.000134311 1.5 3.5 -19
8.09126e-05 1 4 -19
0.000499255 1 4 -18.5
0.000817883 1.5 3.5 -18.5
0.00108022 1 4 -18
0.00178439 1.5 3.5 -18
0.00148107 1 4 -17.5
0.00249462 1.5 3.5 -17.5
0.00156666 1 4 -17
3.19664e-05 2 3 -17.5
0.00153971 1 4 -16.5
0.00278853 1.5 3.5 -16.5
0.00121687 1 4 -16
0.000693883 1 4 -15.5
0.00155532 1.5 3.5 -15.5
0.000254088 1 4 -15
5.63703e-05 1 4 -14.5
1.03026e-05 1 4 -14
1.01836e-05 2 3.5 -14
1.48008e-05 1.5 4 -13.5
7.97628e-05 1.5 4 -14
4.66529e-05 2 3.5 -14.5
0.000146892 2 3.5 -15
0.000305029 2 3.5 -15.5
0.000400763 2 3.5 -16
0.00227064 1.5 4 -15.5
0.000389839 2 3.5 -16.5
0.0032756 1.5 4 -16
0.000361168 2 3.5 -17
0.00350311 1.5 4 -16.5
0.00030326 2 3.5 -17.5
0.00341626 1.5 4 -17
0.000199557 2 3.5 -18
8.97527e-05 2 3.5 -18.5
1.94428e-05 2 3.5 -19
0.000142325 1 4.5 -18.5
0.000744084 1.5 4 -18.5
2.64004e-05 1 4.5 -19
8.42718e-05 1.5 4 -19
0.000297341 1 4.5 -18
0.00181049 1.5 4 -18
0.000396989 1 4.5 -17.5
0.00287101 1.5 4 -17.5
0.000412455 1 4.5 -17
0.000384077 1 4.5 -16.5
0.000275904 1 4.5 -16
0.000148091 1 4.5 -15.5
5.31176e-05 1 4.5 -15
0.00113678 1.5 4 -15
1.15568e-05 1 4.5 -14.5
0.000367401 1.5 4 -14.5
4.58234e-05 2 4 -14
0.000205807 2 4 -14.5
0.000584931 2 4 -15
0.00107029 2 4 -15.5
0.00135128 2 4 -16
0.00134526 2 4 -16.5
0.00124075 2 4 -17
0.000981077 2 4 -17.5
0.000607059 2 4 -18
1.69039e-05 1 5 -18
0.000245042 2 4 -18.5
2.45969e-05 2 4 -19
1.49536e-05 1 5 -18.5
0.000507521 1.5 4.5 -18.5
3.53712e-05 1.5 4.5 -19
0.00148983 1.5 4.5 -18
1.35126e-05 1 5 -17.5
0.00246963 1.5 4.5 -17.5
0.00300355 1.5 4.5 -17
0.00309021 1.5 4.5 -16.5
0.00290643 1.5 4.5 -16
0.00206597 1.5 4.5 -15.5
0.00106445 1.5 4.5 -15
0.00034751 1.5 4.5 -14.5
7.30495e-05 1.5 4.5 -14
1.36364e-05 1.5 4.5 -13.5
2.03006e-05 2 4.5 -13.5
0.000105114 2 4.5 -14
1.18594e-05 2.5 4 -14.5
2.78853e-05 2.5 4 -15
0.00041938 2 4.5 -14.5
4.28119e-05 2.5 4 -15.5
4.16425e-05 2.5 4 -16
0.0018535 2 4.5 -15.5
0.000625868 1.5 5 -15
3.66883e-05 2.5 4 -16.5
0.00235746 2 4.5 -16
2.79906e-05 2.5 4 -17
0.00237769 2 4.5 -16.5
1.93872e-05 2.5 4 -17.5
0.00229271 2 4.5 -17
1.18891e-05 2.5 4 -18
0.00182059 2 4.5 -17.5
1.49814e-05 2 4.5 -19
1.2764e-05 1.5 5 -19
0.00024564 1.5 5 -18.5
0.000277516 2 4.5 -18.5
0.000831974 1.5 5 -18
0.00099022 2 4.5 -18
0.00141004 1.5 5 -17.5
0.00170543 1.5 5 -17
0.00174788 1.5 5 -16.5
0.00164034 1.5 5 -16
0.00119262 1.5 5 -15.5
0.00105118 2 4.5 -15
0.000201764 1.5 5 -14.5
4.06087e-05 1.5 5 -14
2.97789e-05 2.5 4.5 -14
5.29107e-05 2 5 -13.5
0.000105377 2.5 4.5 -14.5
0.000243793 2 5 -14
0.000235249 2.5 4.5 -15
0.000782586 2 5 -14.5
0.000330701 2.5 4.5 -15.5
0.000320998 2.5 4.5 -16
0.00029394 2.5 4.5 -16.5
0.00298448 2 5 -16
0.000258839 2.5 4.5 -17
0.00295767 2 5 -16.5
0.00018465 2.5 4.5 -17.5
0.00262493 2 5 -17
9.49791e-05 2.5 4.5 -18
0.00183205 2 5 -17.5
2.90587e-05 2.5 4.5 -18.5
0.000214147 2 5 -18.5
8.35659e-05 1.5 5.5 -18.5
0.0003039 1.5 5.5 -18
0.000916811 2 5 -18
0.000516876 1.5 5.5 -17.5
0.00059124 1.5 5.5 -17
0.000595479 1.5 5.5 -16.5
0.000549616 1.5 5.5 -16
0.000393651 1.5 5.5 -15.5
0.00255983 2 5 -15.5
0.000213 1.5 5.5 -15
0.00164945 2 5 -15
7.2245e-05 1.5 5.5 -14.5
1.46427e-05 1.5 5.5 -14
3.0422e-05 2.5 5 -13.5
0.000813037 2.5 5 -15
2.32615e-05 1.5 6 -15
4.39808e-05 1.5 6 -15.5
0.00111648 2.5 5 -16
0.0023917 2 5.5 -15.5
6.63644e-05 1.5 6 -16
0.00104924 2.5 5 -16.5
8.33631e-05 1.5 6 -16.5
0.000874955 2.5 5 -17
9.28114e-05 1.5 6 -17
0.000591858 2.5 5 -17.5
0.00028825 2.5 5 -18
8.80483e-05 1.5 6 -17.5
5.35465e-05 1.5 6 -18
5.09712e-05 2.5 5 -18.5
1.49792e-05 1.5 6 -18.5
0.000108933 2 5.5 -18.5
0.000678501 2 5.5 -18
0.00155443 2 5.5 -17.5
0.00233206 2 5.5 -17
0.00268696 2 5.5 -16.5
0.00272376 2 5.5 -16
0.00109442 2.5 5 -15.5
0.00159671 2 5.5 -15
0.000784179 2 5.5 -14.5
0.000426093 2.5 5 -14.5
0.000242249 2 5.5 -14
0.000139869 2.5 5 -14
5.26103e-05 2 5.5 -13.5
1.21704e-05 3 5 -14
3.53875e-05 2 6 -13.5
2.63197e-05 3 5 -14.5
3.90526e-05 3 5 -15
3.82937e-05 3 5 -15.5
0.00143311 2.5 5.5 -15
2.28592e-05 3 5 -16.5
0.00199697 2.5 5.5 -16
0.00154837 2 6 -15.5
3.0814e-05 3 5 -16
1.52784e-05 3 5 -17
0.00197045 2.5 5.5 -16.5
0.00159666 2.5 5.5 -17
0.000952065 2.5 5.5 -17.5
4.05009e-05 2.5 5.5 -18.5
0.000357924 2 6 -18
0.000352732 2.5 5.5 -18
3.76892e-05 2 6 -18.5
0.000961327 2 6 -17.5
0.00153799 2 6 -17
0.00173092 2 6 -16.5
0.00171553 2 6 -16
0.00192357 2.5 5.5 -15.5
0.00108874 2 6 -15
0.0005533 2 6 -14.5
0.000794011 2.5 5.5 -14.5
0.000168977 2 6 -14
0.000322827 2.5 5.5 -14
7.71643e-05 2.5 5.5 -13.5
1.44437e-05 2.5 5.5 -13
9.47305e-05 3 5.5 -14
1.60385e-05 2 6.5 -13.5
0.000215593 3 5.5 -14.5
0.000304589 3 5.5 -15
0.000292505 3 5.5 -15.5
0.000440098 2 6.5 -15
0.000260384 3 5.5 -16
0.000225279 3 5.5 -16.5
0.00246302 2.5 6 -16
0.000158065 3 5.5 -17
0.00214436 2.5 6 -16.5
8.51503e-05 3 5.5 -17.5
0.00155611 2.5 6 -17
3.00617e-05 3 5.5 -18
0.000291385 2.5 6 -18
2.23027e-05 2.5 6 -18.5
0.000117488 2 6.5 -18
0.000396404 2 6.5 -17.5
0.000887229 2.5 6 -17.5
0.000673842 2 6.5 -17
0.000747365 2 6.5 -16.5
0.000700478 2 6.5 -16
0.000606699 2 6.5 -15.5
0.00246402 2.5 6 -15.5
0.00205101 2.5 6 -15
0.000236334 2 6.5 -14.5
0.00132302 2.5 6 -14.5
7.62385e-05 2 6.5 -14
0.000645504 2.5 6 -14
0.000213324 2.5 6 -13.5
2.70946e-05 3 5.5 -13.5
4.66517e-05 2.5 6 -13
2.86199e-05 3 6 -13
0.000131851 3 6 -13.5
0.000381128 3 6 -14
2.1755e-05 2 7 -14
0.00070606 3 6 -14.5
5.41909e-05 2 7 -14.5
0.000933703 3 6 -15
0.0009496 3 6 -15.5
0.00197663 2.5 6.5 -15
9.07285e-05 2 7 -15
0.000128003 2 7 -15.5
0.000882953 3 6 -16
0.000173219 2 7 -16
0.000725172 3 6 -16.5
0.000195169 2 7 -16.5
0.000496093 3 6 -17
0.00025196 3 6 -17.5
0.000171016 2 7 -17
6.01813e-05 3 6 -18
8.47325e-05 2 7 -17.5
1.28207e-05 2 7 -18
1.01093e-05 2.5 6.5 -18.5
0.000157786 2.5 6.5 -18
0.000662771 2.5 6.5 -17.5
0.00133455 2.5 6.5 -17
0.00193971 2.5 6.5 -16.5
0.00226076 2.5 6.5 -16
0.00228782 2.5 6.5 -15.5
0.00132543 2.5 6.5 -14.5
0.00067193 2.5 6.5 -14
0.000220231 2.5 6.5 -13.5
5.15824e-05 2.5 6.5 -13
1.52159e-05 3 6.5 -12.5
8.32013e-05 3 6.5 -13
3.5603e-05 3.5 6 -14
0.000321777 3 6.5 -13.5
4.54358e-05 3.5 6 -14.5
0.000711171 3 6.5 -14
0.000170625 2.5 7 -13.5
4.00857e-05 3.5 6 -15
0.00121616 3 6.5 -14.5
2.00918e-05 3.5 6 -16
0.00171255 3 6.5 -15.5
0.00136683 2.5 7 -15
2.92017e-05 3.5 6 -15.5
1.26624e-05 3.5 6 -16.5
0.00162844 3 6.5 -16
0.00125798 3 6.5 -16.5
0.000769564 3 6.5 -17
0.000315892 3 6.5 -17.5
5.50945e-05 3 6.5 -18
0.000355803 2.5 7 -17.5
5.15209e-05 2.5 7 -18
0.000868383 2.5 7 -17
0.00136763 2.5 7 -16.5
0.00160294 2.5 7 -16
0.00156481 2.5 7 -15.5
0.00160873 3 6.5 -15
0.000980876 2.5 7 -14.5
0.00051707 2.5 7 -14
3.83873e-05 2.5 7 -13
1.65294e-05 3.5 6 -13.5
5.54394e-05 3 7 -12.5
0.000230476 3 7 -13
0.00166696 3 7 -14.5
0.000286786 3.5 6.5 -15
0.000434744 2.5 7.5 -14.5
0.000239766 2.5 7.5 -14
0.000191855 3.5 6.5 -16
0.000127108 3.5 6.5 -16.5
6.52563e-05 3.5 6.5 -17
1.9032e-05 3.5 6.5 -17.5
0.00026073 3 7 -17.5
3.03585e-05 3 7 -18
0.000111984 2.5 7.5 -17.5
0.000369378 2.5 7.5 -17
0.000725022 3 7 -17
0.000644283 2.5 7.5 -16.5
0.00123886 3 7 -16.5
0.000763485 2.5 7.5 -16
0.0016356 3 7 -16
0.00072455 2.5 7.5 -15.5
0.0019226 3 7 -15.5
0.000599026 2.5 7.5 -15
0.000243053 3.5 6.5 -15.5
0.00197188 3 7 -15
0.000307133 3.5 6.5 -14.5
0.00112349 3 7 -14
8.89897e-05 2.5 7.5 -13.5
0.000228147 3.5 6.5 -14
0.000604492 3 7 -13.5
2.03542e-05 2.5 7.5 -13
0.000112206 3.5 6.5 -13.5
3.48813e-05 3.5 6.5 -13
0.000158724 3.5 7 -13
3.0301e-05 2.5 8 -13.5
0.00112272 3 7.5 -14
6.83247e-05 2.5 8 -14
0.000802668 3.5 7 -15
0.000115998 2.5 8 -14.5
0.000164906 2.5 8 -15
0.000215124 2.5 8 -15.5
0.000572124 3.5 7 -16
0.000226512 2.5 8 -16
0.000176504 3.5 7 -17
0.000182627 2.5 8 -16.5
0.00105673 3 7.5 -16.5
4.44921e-05 3.5 7 -17.5
7.95509e-05 2.5 8 -17
1.07259e-05 3 7.5 -18
0.000138865 3 7.5 -17.5
0.000532985 3 7.5 -17
0.000366462 3.5 7 -16.5
0.00149876 3 7.5 -16
0.00176491 3 7.5 -15.5
0.000719412 3.5 7 -15.5
0.00181282 3 7.5 -15
0.00159797 3 7.5 -14.5
0.000802824 3.5 7 -14.5
0.000638949 3.5 7 -14
0.000623897 3 7.5 -13.5
0.000385561 3.5 7 -13.5
0.000239179 3 7.5 -13
6.8728e-05 3 7.5 -12.5
3.97658e-05 3.5 7 -12.5
1.40203e-05 3 7.5 -12
1.14342e-05 3 8 -12
5.33048e-05 3 8 -12.5
2.50123e-05 4 7 -13
0.000191697 3 8 -13
4.47113e-05 4 7 -13.5
5.44418e-05 4 7 -14
4.02447e-05 4 7 -14.5
0.000838686 3 8 -14
2.8129e-05 4 7 -15
0.00112852 3 8 -14.5
0.00123141 3.5 7.5 -15.5
1.52509e-05 2.5 8.5 -15.5
0.000930921 3.5 7.5 -16
1.61828e-05 2.5 8.5 -16
0.000225931 3.5 7.5 -17
4.36413e-05 3.5 7.5 -17.5
0.000272634 3 8 -17
4.05569e-05 3 8 -17.5
0.000675836 3 8 -16.5
0.000558694 3.5 7.5 -16.5
0.00107198 3 8 -16
0.0012954 3 8 -15.5
0.00130194 3 8 -15
1.89252e-05 4 7 -15.5
0.00137919 3.5 7.5 -15
0.001337 3.5 7.5 -14.5
0.00103515 3.5 7.5 -14
0.000488553 3 8 -13.5
0.000664675 3.5 7.5 -13.5
0.000358282 3.5 7.5 -13
0.000125119 3.5 7.5 -12.5
2.71784e-05 3.5 7.5 -12
1.64341e-05 4 7.5 -12
5.90569e-05 4 7.5 -12.5
2.99454e-05 3 8.5 -12.5
0.000142424 4 7.5 -13
0.000235659 4 7.5 -13.5
0.000101347 3 8.5 -13
0.000288047 4 7.5 -14
0.000231256 3 8.5 -13.5
0.000262051 4 7.5 -14.5
0.000390944 3 8.5 -14
0.000524615 3 8.5 -14.5
0.000154435 4 7.5 -15.5
0.000638173 3 8.5 -15
0.00139112 3.5 8 -15
9.33359e-05 4 7.5 -16
0.000638899 3 8.5 -15.5
3.94021e-05 4 7.5 -16.5
0.000502063 3 8.5 -16
0.000179819 3.5 8 -17
0.000277138 3 8.5 -16.5
2.49311e-05 3.5 8 -17.5
7.28921e-05 3 8.5 -17
0.000517121 3.5 8 -16.5
0.000909802 3.5 8 -16
0.00122195 3.5 8 -15.5
0.000206715 4 7.5 -15
0.0014622 3.5 8 -14.5
0.00130857 3.5 8 -14
0.000950239 3.5 8 -13.5
0.000589321 3.5 8 -13
0.000281647 3.5 8 -12.5
9.51521e-05 3.5 8 -12
2.14701e-05 3.5 8 -11.5
2.56208e-05 3.5 8.5 -11.5
1.89509e-05 4 8 -11.5
0.000101832 3.5 8.5 -12
0.000278062 3.5 8.5 -12.5
1.25407e-05 3 9 -12.5
3.59026e-05 3 9 -13
7.15057e-05 3 9 -13.5
0.0012272 3.5 8.5 -14
0.000656246 4 8 -14
0.000931906 3.5 8.5 -13.5
0.000562129 4 8 -13.5
0.000115165 3 9 -14
0.00133209 3.5 8.5 -14.5
0.000156789 3 9 -14.5
0.000197441 3 9 -15
0.000415362 4 8 -15.5
0.0012781 3.5 8.5 -15
0.000194404 3 9 -15.5
0.00024905 4 8 -16
0.000104832 4 8 -16.5
0.000132004 3 9 -16
0.000350372 3.5 8.5 -16.5
2.55266e-05 4 8 -17
4.49551e-05 3 9 -16.5
8.87646e-05 3.5 8.5 -17
0.000736487 3.5 8.5 -16
0.00107797 3.5 8.5 -15.5
0.000550415 4 8 -15
0.000631352 4 8 -14.5
0.00058859 3.5 8.5 -13
0.000395006 4 8 -13
0.000209123 4 8 -12.5
7.75591e-05 4 8 -12
2.12407e-05 3.5 9 -11.5
2.17182e-05 4.5 8 -12
7.8592e-05 3.5 9 -12
3.77608e-05 4.5 8 -12.5
0.000622781 4 8.5 -13
0.000450471 3.5 9 -13
5.63492e-05 4.5 8 -13.5
0.000215801 3.5 9 -12.5
0.00102332 4 8.5 -14
0.000681534 3.5 9 -13.5
3.67147e-05 4.5 8 -14
0.000865734 3.5 9 -14
2.5029e-05 4.5 8 -14.5
0.000862656 4 8.5 -13.5
0.000972908 3.5 9 -14.5
1.60657e-05 4.5 8 -15
1.20764e-05 3 9.5 -14.5
1.74596e-05 3 9.5 -15
0.000624602 4 8.5 -15.5
1.11062e-05 3 9.5 -15.5
2.58098e-05 4 8.5 -17
0.000155669 3.5 9 -16.5
0.000131443 4 8.5 -16.5
0.000427086 3.5 9 -16
0.000352967 4 8.5 -16
2.03478e-05 3.5 9 -17
0.000721442 3.5 9 -15.5
0.000917896 3.5 9 -15
0.000859058 4 8.5 -15
0.000997339 4 8.5 -14.5
5.27772e-05 4.5 8 -13
1.13582e-05 4 9 -10.5
0.000418251 4 8.5 -12.5
0.000197253 4 8.5 -12
6.75604e-05 4 8.5 -11.5
1.61593e-05 4.5 8.5 -11
4.78181e-05 4.5 8.5 -11.5
1.2643e-05 3.5 9.5 -11.5
0.00010703 4.5 8.5 -12
4.15473e-05 3.5 9.5 -12
0.000181608 4.5 8.5 -12.5
0.000109159 3.5 9.5 -12.5
0.000235018 4.5 8.5 -13
0.000216719 3.5 9.5 -13
0.000321424 3.5 9.5 -13.5
0.000206572 4.5 8.5 -14
0.00103364 4 9 -14
0.000978388 4 9 -13.5
0.00025341 4.5 8.5 -13.5
0.000791185 4 9 -13
0.000410046 3.5 9.5 -14
0.000111766 4.5 8.5 -15
0.000827299 4 9 -15
0.000477115 3.5 9.5 -14.5
0.000430971 3.5 9.5 -15
1.71179e-05 4.5 8.5 -16
0.000147026 3.5 9.5 -16
2.53869e-05 3.5 9.5 -16.5
1.19501e-05 4 9 -17
9.69835e-05 4 9 -16.5
0.000304598 4 9 -16
0.000306619 3.5 9.5 -15.5
0.000584603 4 9 -15.5
5.76129e-05 4.5 8.5 -15.5
0.000969789 4 9 -14.5
0.000157962 4.5 8.5 -14.5
1.86424e-05 4.5 9 -10.5
1.08728e-05 4 9.5 -10.5
0.000139232 4 9.5 -11.5
0.00013467 4.5 9 -11.5
4.38103e-05 4 9.5 -11
6.03786e-05 4.5 9 -11
0.000566884 4 9 -12.5
0.000303988 4 9.5 -12
1.57866e-05 3.5 10 -12
0.000537405 4 9.5 -12.5
3.67726e-05 3.5 10 -12.5
0.000748472 4 9.5 -13
6.69128e-05 3.5 10 -13
0.000891456 4 9.5 -13.5
9.54164e-05 3.5 10 -13.5
0.000123249 3.5 10 -14
0.000394362 4.5 9 -14.5
0.000140715 3.5 10 -14.5
0.000274923 4.5 9 -15
0.000111611 3.5 10 -15
0.000146357 4.5 9 -15.5
5.55276e-05 3.5 10 -15.5
5.19603e-05 4.5 9 -16
1.05921e-05 4.5 9 -16.5
3.96499e-05 4 9.5 -16.5
0.000176719 4 9.5 -16
0.000416688 4 9.5 -15.5
0.000661595 4 9.5 -15
0.000834259 4 9.5 -14.5
0.000925319 4 9.5 -14
0.000470265 4.5 9 -14
0.00051401 4.5 9 -13.5
0.000486441 4.5 9 -13
1.94051e-05 4.5 9.5 -10
5.97364e-05 4.5 9.5 -10.5
3.06662e-05 4 10 -11
4.83513e-05 5 9 -11.5
9.72779e-05 4 10 -11.5
6.36241e-05 5 9 -12
0.000216151 4 10 -12
6.30406e-05 5 9 -12.5
0.000376888 4 10 -12.5
5.4255e-05 5 9 -13
0.000688596 4.5 9.5 -13
0.000573978 4.5 9.5 -12.5
0.00044268 4.5 9.5 -12
0.000264798 4.5 9.5 -11.5
2.01805e-05 5 9 -14
1.06112e-05 5 9 -14.5
0.000636236 4 10 -14
0.000667421 4.5 9.5 -14
0.000352634 4.5 9.5 -15
5.74021e-05 4 10 -16
5.79834e-05 4.5 9.5 -16
0.000198836 4 10 -15.5
0.00017719 4.5 9.5 -15.5
1.00632e-05 4.5 9.5 -16.5
0.000383186 4 10 -15
0.000544797 4 10 -14.5
0.000532389 4.5 9.5 -14.5
0.000609882 4 10 -13.5
0.000730537 4.5 9.5 -13.5
0.000516106 4 10 -13
3.33091e-05 5 9 -13.5
0.000133367 4.5 9.5 -11
2.83038e-05 5 9 -11
2.40416e-05 4.5 10 -10
7.32175e-05 4.5 10 -10.5
1.60468e-05 4 10.5 -11
0.000156471 5 9.5 -11.5
4.47584e-05 4 10.5 -11.5
0.000206298 5 9.5 -12
0.000313933 4.5 10 -11.5
0.000176226 4.5 10 -11
9.89013e-05 4 10.5 -12
0.000224782 5 9.5 -12.5
0.000169322 4 10.5 -12.5
0.000690688 4.5 10 -13
0.000205762 5 9.5 -13
0.000601373 4.5 10 -12.5
0.000464364 4.5 10 -12
9.93696e-05 5 9.5 -11
0.000232048 4 10.5 -13
0.000278195 4 10.5 -13.5
0.000283193 4 10.5 -14
0.000221718 4 10.5 -14.5
0.00012969 4 10.5 -15
3.66872e-05 4.5 10 -16
4.07648e-05 4 10.5 -15.5
0.000135403 4.5 10 -15.5
0.000298084 4.5 10 -15
2.82335e-05 5 9.5 -15
0.00047374 4.5 10 -14.5
6.72134e-05 5 9.5 -14.5
0.000612452 4.5 10 -14
0.000110746 5 9.5 -14
0.000701547 4.5 10 -13.5
0.000155019 5 9.5 -13.5
5.02306e-05 5 9.5 -10.5
1.89401e-05 5 10 -9.5
5.22257e-05 5 10 -10
1.90747e-05 4.5 10.5 -10
0.000109347 5 10 -10.5
6.41928e-05 4.5 10.5 -10.5
0.000150578 4.5 10.5 -11
1.59957e-05 5.5 9.5 -11.5
0.000272941 4.5 10.5 -11.5
0.000277865 5 10 -11.5
0.000180637 5 10 -11
1.02783e-05 4 11 -11.5
0.000421354 4.5 10.5 -12
2.68587e-05 4 11 -12
0.000535026 4.5 10.5 -12.5
4.39865e-05 4 11 -12.5
5.93052e-05 4 11 -13
7.03494e-05 4 11 -13.5
6.05913e-05 4 11 -14
3.32516e-05 4 11 -14.5
1.91223e-05 5 10 -15.5
6.04725e-05 4.5 10.5 -15.5
0.000175346 4.5 10.5 -15
6.58794e-05 5 10 -15
0.000322259 4.5 10.5 -14.5
0.000148761 5 10 -14.5
0.000458746 4.5 10.5 -14
0.000249046 5 10 -14
0.000557734 4.5 10.5 -13.5
0.000335885 5 10 -13.5
0.00059338 4.5 10.5 -13
0.000393294 5 10 -13
1.61927e-05 5.5 10 -9.5
3.50947e-05 5 10.5 -9.5
3.38686e-05 5.5 10 -10
9.08895e-05 5 10.5 -10
1.24988e-05 4.5 11 -10
5.50843e-05 5.5 10 -10.5
0.000167268 5 10.5 -10.5
3.6862e-05 4.5 11 -10.5
7.37075e-05 5.5 10 -11
9.0561e-05 4.5 11 -11
0.000166831 4.5 11 -11.5
6.81258e-05 5.5 10 -12
0.000349059 5 10.5 -11.5
8.151e-05 5.5 10 -11.5
0.000255512 4.5 11 -12
5.22269e-05 5.5 10 -12.5
0.000319159 4.5 11 -12.5
3.02968e-05 5.5 10 -13
0.000360133 4.5 11 -13
0.000327832 4.5 11 -13.5
0.000247158 4.5 11 -14
0.000145871 4.5 11 -14.5
1.79567e-05 5 10.5 -15.5
5.72794e-05 4.5 11 -15
6.61178e-05 5 10.5 -15
0.000152755 5 10.5 -14.5
0.00026187 5 10.5 -14
0.000370266 5 10.5 -13.5
1.45636e-05 5.5 10 -13.5
0.000453797 5 10.5 -13
0.000465439 5 10.5 -12.5
1.81062e-05 5.5 10.5 -9
3.36935e-05 5 11 -9.5
4.3724e-05 5.5 10.5 -9.5
8.70593e-05 5 11 -10
8.01857e-05 5.5 10.5 -10
0.000414093 5 10.5 -12
0.000165654 5 11 -10.5
0.000124802 5.5 10.5 -10.5
1.54001e-05 4.5 11.5 -10.5
0.000251007 5 11 -11
3.48211e-05 4.5 11.5 -11
0.000331132 5 11 -11.5
0.000176321 5.5 10.5 -11.5
6.20074e-05 4.5 11.5 -11.5
9.76768e-05 4.5 11.5 -12
0.000136594 5.5 10.5 -12.5
0.000121648 4.5 11.5 -12.5
9.65005e-05 5.5 10.5 -13
0.000137281 4.5 11.5 -13
6.01569e-05 5.5 10.5 -13.5
0.000115538 4.5 11.5 -13.5
6.99325e-05 4.5 11.5 -14
2.31927e-05 4.5 11.5 -14.5
4.07165e-05 5 11 -15
0.000113556 5 11 -14.5
0.000210426 5 11 -14
3.06417e-05 5.5 10.5 -14
0.000307128 5 11 -13.5
0.000388675 5 11 -13
0.000426689 5 11 -12.5
3.6628e-05 5.5 11 -9
1.04376e-05 6 10.5 -9
0.000391557 5 11 -12
1.9135e-05 6 10.5 -9.5
2.34277e-05 5 11.5 -9.5
2.36638e-05 6 10.5 -10
7.64699e-05 5.5 11 -9.5
6.41342e-05 5 11.5 -10
2.38077e-05 6 10.5 -10.5
0.000123818 5 11.5 -10.5
1.81194e-05 6 10.5 -11
0.000191372 5 11.5 -11
0.000228738 5.5 11 -11
0.00025871 5 11.5 -11.5
0.000298081 5 11.5 -12
1.38101e-05 4.5 12 -12
0.000309826 5 11.5 -12.5
1.7223e-05 4.5 12 -12.5
1.5714e-05 4.5 12 -13
0.000112944 5 11.5 -14
5.97614e-05 5.5 11 -14
4.62825e-05 5 11.5 -14.5
2.07665e-05 5.5 11 -14.5
0.000191662 5 11.5 -13.5
0.000115395 5.5 11 -13.5
1.17576e-05 6 11 -8.5
0.000263625 5 11.5 -13
0.000177204 5.5 11 -13
0.00022924 5.5 11 -12.5
0.000254237 5.5 11 -12
0.000256102 5.5 11 -11.5
0.000179463 5.5 11 -10.5
3.67228e-05 5.5 11.5 -9
3.04943e-05 6 11 -9
8.1961e-05 5.5 11.5 -9.5
5.0031e-05 6 11 -9.5
0.000132971 5.5 11.5 -10
2.83166e-05 5 12 -10
0.000185355 5.5 11.5 -10.5
7.39752e-05 6 11 -10.5
5.74364e-05 5 12 -10.5
0.000227509 5.5 11.5 -11
9.39692e-05 5 12 -11
0.000129848 5 12 -11.5
3.11484e-05 6 11 -12
0.000246266 5.5 11.5 -11.5
4.83124e-05 6 11 -11.5
0.000145984 5 12 -12
1.47716e-05 6 11 -12.5
0.000150148 5 12 -12.5
0.000116647 5 12 -13
0.000169944 5.5 11.5 -13
6.98173e-05 5 12 -13.5
2.54284e-05 5 12 -14
1.68728e-05 5.5 11.5 -14.5
5.33493e-05 5.5 11.5 -14
0.000108073 5.5 11.5 -13.5
5.27248e-05 6 11.5 -9
2.84869e-05 5.5 12 -9
7.88069e-05 6 11.5 -9.5
2.62751e-05 6 11.5 -8.5
6.78884e-05 5.5 12 -9.5
0.000224665 5.5 11.5 -12.5
0.000117714 5.5 12 -10
0.000109475 6 11.5 -10
0.000159942 5.5 12 -10.5
0.000125295 6 11.5 -10.5
1.12106e-05 5 12.5 -10.5
0.000190277 5.5 12 -11
0.000128525 6 11.5 -11
2.38918e-05 5 12.5 -11
0.000202783 5.5 12 -11.5
0.000106291 6 11.5 -11.5
3.35882e-05 5 12.5 -11.5
3.75501e-05 5 12.5 -12
4.68741e-05 6 11.5 -12.5
3.03763e-05 5 12.5 -12.5
2.73268e-05 6 11.5 -13
0.000171119 5.5 12 -12.5
1.38904e-05 5 12.5 -13
1.22071e-05 6 11.5 -13.5
2.36373e-05 5.5 12 -14
6.43716e-05 5.5 12 -13.5
1.59797e-05 6.5 11.5 -8.5
0.000116157 5.5 12 -13
0.000206382 5.5 12 -12
5.79003e-05 6 12 -9
2.30386e-05 6.5 11.5 -9
1.10494e-05 5.5 12.5 -9
8.74859e-05 6 12 -9.5
2.57724e-05 6.5 11.5 -9.5
2.90759e-05 6 12 -8.5
3.55197e-05 5.5 12.5 -9.5
2.16432e-05 6.5 11.5 -10
6.46218e-05 5.5 12.5 -10
1.58433e-05 6.5 11.5 -10.5
0.000111811 6 12 -10
8.78834e-05 5.5 12.5 -10.5
0.000110788 5.5 12.5 -11
0.000137052 6 12 -11
0.000121905 5.5 12.5 -11.5
0.000125593 6 12 -11.5
0.000115505 5.5 12.5 -12
8.47206e-05 5.5 12.5 -12.5
7.17702e-05 6 12 -12.5
4.60485e-05 5.5 12.5 -13
1.35126e-05 5.5 12.5 -13.5
1.50854e-05 6 12 -13.5
2.8146e-05 6.5 12 -8.5
2.15222e-05 6 12.5 -8.5
4.06146e-05 6 12 -13
0.000103767 6 12 -12
5.11048e-05 6 12.5 -9
7.81681e-05 6 12.5 -9.5
4.69106e-05 6.5 12 -10
0.000100658 6 12.5 -10
1.66717e-05 5.5 13 -10
0.000112687 6 12.5 -10.5
3.7449e-05 6.5 12 -10.5
2.50687e-05 5.5 13 -10.5
0.000114054 6 12.5 -11
3.43978e-05 5.5 13 -11
3.84849e-05 5.5 13 -11.5
0.000104866 6 12.5 -11.5
1.63144e-05 6.5 12 -11.5
2.84704e-05 5.5 13 -12
1.24978e-05 5.5 13 -12.5
2.75519e-05 6 12.5 -13
5.62888e-05 6 12.5 -12.5
8.60886e-05 6 12.5 -12
2.80901e-05 6.5 12 -11
4.83166e-05 6.5 12 -9.5
2.89605e-05 6.5 12.5 -8.5
4.53637e-05 6.5 12.5 -9
2.51927e-05 6 13 -9
4.68053e-05 6 13 -9.5
5.75378e-05 6.5 12.5 -9.5
6.21102e-05 6 13 -10
6.20669e-05 6.5 12.5 -10
6.72346e-05 6 13 -11
4.7586e-05 6.5 12.5 -11
6.8058e-05 6 13 -10.5
5.84014e-05 6 13 -11.5
3.04104e-05 6.5 12.5 -11.5
4.14821e-05 6 13 -12
2.00863e-05 6 13 -12.5
2.05623e-05 6.5 13 -8.5
1.27009e-05 7 12.5 -8.5
1.4638e-05 7 12.5 -9
3.80983e-05 6.5 13 -9
4.78805e-05 6.5 13 -9.5
1.06373e-05 7 12.5 -9.5
1.58497e-05 6.5 12.5 -12
5.2704e-05 6.5 13 -10
1.58491e-05 6 13.5 -10
1.75583e-05 6 13.5 -10.5
1.62826e-05 6 13.5 -11
1.11657e-05 6 13.5 -11.5
1.06701e-05 7 13 -8.5
1.57187e-05 6.5 13.5 -9
1.83085e-05 7 13 -9.5
1.44539e-05 7 13 -10
2.37011e-05 6.5 13.5 -9.5
2.62172e-05 6.5 13.5 -10
1.71186e-05 7 13 -9
1.31087e-05 6.5 13 -12
2.67412e-05 6.5 13 -11.5
1.73191e-05 6.5 13.5 -11
1.07914e-05 7 13.5 -9
1.32243e-05 7 13.5 -9.5
1.18001e-05 7 13.5 -10
2.55235e-05 6.5 13.5 -10.5
4.11949e-05 6.5 13 -11
5.13531e-05 6.5 13 -10.5
5.79071e-05 6.5 12.5 -10.5
4.31048e-05 6.5 12 -9
0.0001313 6 12 -10.5
7.48344e-05 6 11.5 -12
0.000250494 5.5 11.5 -12
6.67569e-05 6 11 -11
6.58107e-05 6 11 -10
0.000128386 5.5 11 -10
0.000163709 5.5 10.5 -12
0.000158318 5.5 10.5 -11
0.000256767 5 10.5 -11
0.000399539 5 10 -12.5
0.000367777 5 10 -12
1.68044e-05 5.5 9.5 -11
1.2798e-05 5.5 9.5 -10.5
1.8288e-05 5 9.5 -10
1.15371e-05 5 9 -10.5
0.000402178 4.5 9 -12.5
0.000266558 4.5 9 -12
0.000327869 4 9 -12
0.000145693 4 9 -11.5
4.46847e-05 4 9 -11
1.90978e-05 4 8.5 -11
