0.0898256
7.40354e-05 -10 -2 9.5
5.44113e-05 -9.5 -2.5 9
4.62772e-05 -9.5 -2.5 9.5
8.32924e-05 -10 -2 9
2.71343e-05 -9.5 -2.5 8.5
4.67189e-05 -10 -2 8.5
0.000630442 -9.5 -2 9
0.00135579 -10 -1.5 9.5
6.02749e-05 -9 -2.5 8.5
0.000566177 -9.5 -2 9.5
0.000151782 -9.5 -2 10
6.95063e-05 -9 -2.5 9
5.33134e-05 -9 -2.5 9.5
0.000361377 -10.5 -1 9.5
0.000368827 -9.5 -2 8.5
0.000297179 -10 -1.5 10
0.00135454 -10 -1.5 9
0.000643887 -10 -1.5 8.5
0.000376801 -10.5 -1 9
0.000250381 -10.5 -1 8.5
0.000533584 -9 -2 9.5
3.02241e-05 -8.5 -2.5 8.5
0.000678584 -9 -2 9
0.00412312 -9.5 -1.5 9.5
0.00016148 -9 -2 10
0.00806697 -10 -1 9.5
0.00157209 -9.5 -1.5 10
0.000553053 -9 -2 8.5
0.00264634 -10.5 -0.5 9.5
8.82403e-05 -9 -2 8
0.00284271 -9.5 -1.5 8.5
0.00772828 -10 -1 9
0.00429696 -10 -1 10
4.75913e-05 -9.5 -1.5 10.5
0.00433023 -9.5 -1.5 9
0.000149953 -11 0 9.5
0.000934268 -10.5 -0.5 10
0.00402647 -10 -1 8.5
0.000203254 -10 -1 10.5
0.00249134 -10.5 -0.5 9
0.00151065 -10.5 -0.5 8.5
3.18935e-05 -10.5 -0.5 8
3.14547e-05 -8.5 -2 9.5
0.000131519 -8.5 -2 9
2.44789e-05 -11 0 8
0.000149757 -11 0 8.5
0.00324515 -9 -1.5 9.5
0.000168067 -11 0 9
0.00027332 -8.5 -2 8.5
0.00381357 -9 -1.5 9
0.0123563 -9.5 -1 9.5
0.00116405 -9 -1.5 10
0.0128054 -9.5 -1 9
0.000154682 -8.5 -2 8
0.0150337 -10 -0.5 9.5
0.00293323 -9 -1.5 8.5
0.00573579 -9.5 -1 10
0.0152721 -10 -0.5 9
0.00930469 -9.5 -1 8.5
0.00372848 -10.5 0 9.5
0.0068392 -10 -0.5 10
0.001003 -9 -1.5 8
0.000767777 -9.5 -1 10.5
0.000126358 -9 -1.5 10.5
0.00420968 -10.5 0 9
0.000197329 -11 0.5 9.5
0.00136283 -10.5 0 10
0.00199342 -9.5 -1 8
0.0107691 -10 -0.5 8.5
0.00100125 -10 -0.5 10.5
0.000310118 -11 0.5 9
0.00345786 -10.5 0 8.5
2.41396e-05 -11 0.5 10
7.93791e-05 -10.5 0 10.5
0.00250913 -10 -0.5 8
3.67366e-05 -10 -0.5 11
0.00108958 -10.5 0 8
0.00015406 -11 0.5 8
0.000285046 -11 0.5 8.5
0.000165039 -8.5 -1.5 9.5
0.00883574 -9 -1 9.5
0.0100085 -9 -1 9
4.20297e-05 -8 -2 8
0.0184471 -9.5 -0.5 9.5
0.00351681 -9 -1 10
0.00119153 -8.5 -1.5 8.5
0.000576305 -8.5 -1.5 9
0.000746175 -8.5 -1.5 8
0.0154927 -10 0 9.5
0.00821455 -9 -1 8.5
0.0199668 -9.5 -0.5 9
0.00816942 -9.5 -0.5 10
0.000508946 -9 -1 10.5
0.0166016 -10 0 9
0.00013592 -8.5 -1.5 7.5
0.00372452 -10.5 0.5 9.5
0.00349028 -9 -1 8
0.00672094 -10 0 10
0.0162182 -9.5 -0.5 8.5
0.00130197 -9.5 -0.5 10.5
0.00434568 -10.5 0.5 9
0.00018585 -11 1 9.5
0.00126122 -10.5 0.5 10
0.00669054 -9.5 -0.5 8
0.0137758 -10 0 8.5
0.000947404 -10 0 10.5
0.000107005 -9.5 -0.5 11
3.77172e-05 -9 -1 11
0.00383609 -10.5 0.5 8.5
6.82366e-05 -10.5 0.5 10.5
0.00637539 -10 0 8
5.75167e-05 -10 0 11
0.00213854 -10.5 0.5 8
0.000259455 -10 0 7.5
6.23522e-05 -11 1 7.5
0.000277578 -10.5 0.5 7.5
0.00021877 -11 1 8
0.000302516 -11 1 8.5
0.000761785 -8.5 -1 9.5
0.0133958 -9 -0.5 9.5
0.00206117 -8.5 -1 9
0.000305328 -11 1 9
9.72378e-05 -8 -1.5 8
0.0027529 -8.5 -1 8.5
0.0186164 -9.5 0 9.5
0.00561137 -9 -0.5 10
0.0155065 -9 -0.5 9
2.9876e-05 -8.5 -1 10
0.0208703 -9.5 0 9
7.45682e-05 -8 -1.5 7.5
0.0134052 -10 0.5 9.5
0.0020166 -8.5 -1 8
0.00798537 -9.5 0 10
0.015411 -10 0.5 9
0.0178284 -9.5 0 8.5
0.00275395 -10.5 1 9.5
0.00551053 -10 0.5 10
0.000629258 -8.5 -1 7.5
0.00658249 -9 -0.5 8
0.00128329 -9.5 0 10.5
0.000919542 -9 -0.5 10.5
0.0132558 -9 -0.5 8.5
0.00377363 -10.5 1 9
0.0131185 -10 0.5 8.5
0.00950846 -9.5 0 8
0.000165613 -11 1.5 9.5
0.000881912 -10.5 1 10
0.000837862 -10 0.5 10.5
0.00120682 -9 -0.5 7.5
0.000117043 -9.5 0 11
8.05703e-05 -9 -0.5 11
0.00341073 -10.5 1 8.5
0.00694379 -10 0.5 8
3.54283e-05 -11 1.5 10
0.000101197 -10.5 1 10.5
5.91324e-05 -10 0.5 11
0.00208158 -9.5 0 7.5
0.0021065 -10.5 1 8
0.000208408 -11 1.5 8
0.000811117 -10.5 1 7.5
0.000101436 -11 1.5 7.5
3.16454e-05 -10.5 1 7
0.00205855 -10 0.5 7.5
0.000298767 -11 1.5 8.5
0.000302539 -11 1.5 9
0.00223058 -8.5 -0.5 9.5
0.0137067 -9 0 9.5
0.00448556 -8.5 -0.5 9
0.0162604 -9 0 9
0.0154155 -9.5 0.5 9.5
0.000235831 -8 -1 8
0.00459518 -8.5 -0.5 8.5
0.00571127 -9 0 10
0.000451986 -8.5 -0.5 10
0.0142637 -9 0 8.5
0.0180611 -9.5 0.5 9
0.000225594 -8 -1 7.5
0.00675756 -10 1 9.5
0.00653485 -9.5 0.5 10
0.00332936 -8.5 -0.5 8
0.000957325 -9 0 10.5
0.0089016 -10 1 9
0.01573 -9.5 0.5 8.5
0.000608872 -10.5 1.5 9.5
6.59934e-05 -8 -1 7
0.0011669 -8.5 -0.5 7.5
0.00273095 -10 1 10
0.0081377 -9 0 8
0.00108798 -9.5 0.5 10.5
0.00123732 -10.5 1.5 9
0.00812688 -10 1 8.5
3.90486e-05 -11 2 9.5
0.000177096 -10.5 1.5 10
0.000485036 -10 1 10.5
8.99697e-05 -8.5 -0.5 7
0.00249473 -9 0 7.5
0.00906524 -9.5 0.5 8
0.000105619 -9.5 0.5 11
0.00146742 -10.5 1.5 8.5
0.00317694 -9.5 0.5 7.5
0.00543048 -10 1 8
4.99743e-05 -10.5 1.5 10.5
3.99487e-05 -10 1 11
7.0962e-05 -9 0 7
0.00121021 -10.5 1.5 8
0.00011946 -11 2 8
7.50644e-05 -11 2 7.5
0.000222484 -10.5 1.5 7
0.000478738 -10 1 7
3.44465e-05 -11 2 7
0.000709071 -10.5 1.5 7.5
0.000255501 -9.5 0.5 7
0.00220784 -10 1 7.5
0.00012076 -11 2 8.5
0.00390866 -8.5 0 9.5
8.13864e-05 -11 2 9
9.26086e-05 -9 0 11
0.00584437 -8.5 0 9
0.0011193 -8.5 0 10
0.0115511 -9 0.5 9.5
3.07628e-05 -8 -0.5 8.5
0.000428981 -8 -0.5 8
0.00777013 -9.5 1 9.5
0.00492284 -9 0.5 10
0.00559593 -8.5 0 8.5
0.00975379 -9.5 1 9
0.0123222 -9 0.5 8.5
0.00109225 -10 1.5 9.5
0.000382383 -8 -0.5 7.5
0.00353219 -9.5 1 10
0.000850359 -9 0.5 10.5
0.00375668 -8.5 0 8
0.00200858 -10 1.5 9
0.00878042 -9.5 1 8.5
0.000370096 -10 1.5 10
0.000118894 -8 -0.5 7
0.00156869 -8.5 0 7.5
0.000680775 -9.5 1 10.5
5.76216e-05 -10.5 2 9
0.00226813 -10 1.5 8.5
0.00275735 -9 0.5 7.5
0.00581199 -9.5 1 8
0.000107338 -10 1.5 10.5
6.68562e-05 -9.5 1 11
0.000273461 -8.5 0 7
0.00197342 -10 1.5 8
0.000169744 -10.5 2 8
0.000202892 -10.5 2 7.5
0.000485933 -10 1.5 7
0.000715275 -9.5 1 7
0.000132349 -10.5 2 7
3.87983e-05 -10.5 2 6.5
9.02281e-05 -10 1.5 6.5
2.88002e-05 -9.5 1 6.5
0.00126576 -10 1.5 7.5
0.000510681 -9 0.5 7
0.00265088 -9.5 1 7.5
9.3787e-05 -10.5 2 8.5
8.61265e-05 -9 0.5 11
0.0074102 -9 0.5 8
0.00394913 -8.5 0.5 9.5
0.00617424 -9 1 9.5
0.000441915 -8 0 8.5
0.00544196 -8.5 0.5 9
0.0073866 -9 1 9
0.00149775 -9.5 1.5 9.5
0.0028864 -9 1 10
0.000597874 -8 0 8
0.00510659 -8.5 0.5 8.5
0.00228372 -9.5 1.5 9
0.0033617 -8.5 0.5 8
0.0066222 -9 1 8.5
2.13846e-05 -7.5 -0.5 7
2.49465e-05 -10 2 9.5
0.000678748 -9.5 1.5 10
0.000562343 -9 1 10.5
0.000429799 -8 0 7.5
8.34888e-05 -10 2 9
0.00230809 -9.5 1.5 8.5
0.00433599 -9 1 8
0.000149977 -8 0 7
0.000212898 -9.5 1.5 10.5
0.00145848 -8.5 0.5 7.5
0.000163133 -10 2 8.5
0.00193797 -9.5 1.5 8
0.000181299 -10 2 8
2.41077e-05 -9.5 1.5 11
0.000368166 -8.5 0.5 7
0.00021112 -10 2 7.5
4.22035e-05 -8.5 0.5 6.5
0.000514227 -9.5 1.5 7
0.000596806 -9 1 7
0.000117367 -9.5 1.5 6.5
0.000157836 -10 2 7
6.71592e-05 -10 2 6.5
8.23926e-05 -9 1 6.5
0.00120579 -9.5 1.5 7.5
0.00206357 -9 1 7.5
5.67103e-05 -9 1 11
0.000105161 -8 0.5 9.5
0.00297016 -8.5 1 9.5
0.00344702 -8.5 1 9
0.00146057 -9 1.5 9.5
0.00133082 -8.5 1 10
0.00190674 -9 1.5 9
5.70527e-05 -9.5 2 9.5
0.000763016 -9 1.5 10
0.000679835 -8 0.5 8
0.000131913 -9.5 2 9
0.00178104 -9 1.5 8.5
0.00198705 -8.5 1 8
2.17284e-05 -7.5 0 7
0.000241471 -9 1.5 10.5
0.000197758 -9.5 2 8.5
0.00134787 -9 1.5 8
0.000189211 -9.5 2 8
0.000126301 -8 0.5 7
0.000180462 -9.5 2 7.5
2.41396e-05 -8 0.5 6.5
0.000304213 -8.5 1 7
0.000800871 -9 1.5 7.5
5.46506e-05 -8.5 1 6.5
8.73201e-05 -9 1.5 6.5
0.000134328 -9.5 2 7
6.2021e-05 -9.5 2 6.5
0.000354722 -9 1.5 7
0.000920664 -8.5 1 7.5
2.07386e-05 -8.5 1 11
0.000378854 -8 0.5 7.5
0.000805731 -8 1 9
0.00110867 -8.5 1.5 9.5
0.00122336 -8.5 1.5 9
8.41797e-05 -9 2 9.5
3.14754e-05 -7.5 0.5 8
0.000606306 -8.5 1.5 10
0.000143802 -9 2 9
0.00106019 -8.5 1.5 8.5
0.00079147 -8 1 8.5
2.9198e-05 -9 2 10
3.63261e-05 -7.5 0.5 7.5
0.000157148 -8.5 1.5 10.5
0.000174567 -9 2 8.5
0.000697732 -8.5 1.5 8
2.34697e-05 -7.5 0.5 7
0.000153824 -9 2 8
0.000361784 -8.5 1.5 7.5
0.000242747 -8 1 7.5
2.10124e-05 -8 1 6.5
0.000136655 -8.5 1.5 7
3.14885e-05 -9 2 6.5
3.37846e-05 -8.5 1.5 6.5
8.02959e-05 -9 2 7
0.000122052 -9 2 7.5
7.58146e-05 -8 1 7
0.000499248 -8 1.5 9
0.000444789 -8 1.5 9.5
9.29393e-05 -8.5 2 9.5
0.00012827 -8.5 2 9
0.000420658 -8 1.5 8.5
5.222e-05 -8.5 2 10
5.28487e-05 -7.5 1 8
0.000122441 -8.5 2 8.5
0.000246953 -8 1.5 8
2.67748e-05 -8.5 2 10.5
0.00010308 -8.5 2 8
3.29004e-05 -8.5 2 7
3.47871e-05 -8 1.5 7
6.98275e-05 -8.5 2 7.5
0.000111783 -8 1.5 7.5
3.86954e-05 -7.5 1 7.5
4.29091e-05 -8 1.5 10.5
0.00010444 -8 2 9.5
7.65053e-05 -7.5 1.5 9
0.000107856 -8 2 9
7.03089e-05 -8 2 10
6.90844e-05 -7.5 1.5 8.5
8.39781e-05 -8 2 8.5
2.6984e-05 -8 2 7.5
3.35149e-05 -7.5 2 9.5
2.82132e-05 -7.5 2 8.5
3.68928e-05 -7.5 2 9
5.54144e-05 -8 2 8
4.62191e-05 -7.5 1.5 8
5.53976e-05 -7.5 1.5 9.5
0.000221466 -8 1.5 10
5.28598e-05 -7.5 1 8.5
0.000546364 -8 1 8
0.000180434 -8 1 10
0.000576109 -8 1 9.5
0.000229664 -8.5 1 10.5
0.00310078 -8.5 1 8.5
0.000802987 -8 0.5 8.5
0.000631388 -8 0.5 9
2.11864e-05 -8.5 0.5 11
0.000247433 -8.5 0.5 10.5
0.00154325 -8.5 0.5 10
0.000145538 -8.5 0 10.5
0.0138907 -9 0.5 9
2.70372e-05 -8.5 -0.5 10.5
