0.540805
2.65548e-05 -4.5 -8 -12.5
3.25689e-05 -4.5 -8 -13
2.57635e-05 -4.5 -8 -13.5
2.26141e-05 -4.5 -7.5 -12
2.87759e-05 -4 -8 -13
2.05856e-05 -4.5 -7.5 -12.5
2.91523e-05 -4 -8 -13.5
2.371e-05 -4 -8 -14
2.32845e-05 -4.5 -7.5 -13
3.27178e-05 -4 -7.5 -12.5
4.64001e-05 -4 -7.5 -13
4.55471e-05 -4 -7.5 -13.5
3.71468e-05 -4 -7.5 -14
2.05468e-05 -3.5 -7.5 -13
3.98696e-05 -4 -7 -12.5
3.01086e-05 -3.5 -7.5 -13.5
5.68368e-05 -4 -7 -13
2.83601e-05 -3.5 -7.5 -14
5.7792e-05 -4 -7 -13.5
2.20049e-05 -4 -7 -14.5
4.75843e-05 -4 -7 -14
2.36796e-05 -3.5 -7 -12.5
4.69349e-05 -3.5 -7 -13
3.84069e-05 -4 -6.5 -12.5
7.35984e-05 -3.5 -7 -13.5
7.21657e-05 -3.5 -7 -14
2.70532e-05 -3.5 -7 -15
2.21741e-05 -4 -6.5 -14.5
5.37278e-05 -3.5 -7 -14.5
4.55625e-05 -4 -6.5 -14
5.7984e-05 -4 -6.5 -13.5
5.63647e-05 -4 -6.5 -13
5.60104e-05 -3.5 -6.5 -12.5
0.000104003 -3.5 -6.5 -13
0.000134077 -3.5 -6.5 -13.5
2.4099e-05 -3 -7 -14.5
0.000128293 -3.5 -6.5 -14
2.39867e-05 -3 -7 -15
3.77484e-05 -3.5 -6.5 -15
8.34873e-05 -3.5 -6.5 -14.5
3.07019e-05 -4 -6 -13.5
3.0971e-05 -4 -6 -13
2.23319e-05 -4 -6 -12.5
2.462e-05 -3.5 -6 -12
2.09524e-05 -3 -6.5 -13
7.08075e-05 -3.5 -6 -12.5
4.45544e-05 -3 -6.5 -13.5
0.000132296 -3.5 -6 -13
6.90449e-05 -3 -6.5 -14
0.000160437 -3.5 -6 -13.5
6.82826e-05 -3 -6.5 -14.5
5.10905e-05 -3 -6.5 -15
2.22828e-05 -3 -6.5 -15.5
4.46325e-05 -3.5 -6 -15
0.000102048 -3.5 -6 -14.5
0.000154613 -3.5 -6 -14
3.23157e-05 -3 -6 -12.5
8.78161e-05 -3 -6 -13
6.54962e-05 -3.5 -5.5 -12.5
0.000162149 -3 -6 -13.5
0.000127061 -3.5 -5.5 -13
0.000202659 -3 -6 -14
0.000182256 -3 -6 -14.5
0.000106287 -3 -6 -15
4.14638e-05 -3 -6 -15.5
3.61035e-05 -3.5 -5.5 -15
8.66476e-05 -3.5 -5.5 -14.5
0.00014176 -3.5 -5.5 -14
0.000153088 -3.5 -5.5 -13.5
8.38841e-05 -3 -5.5 -12.5
0.000205405 -3 -5.5 -13
3.064e-05 -3.5 -5 -12.5
0.000320937 -3 -5.5 -13.5
6.41617e-05 -3.5 -5 -13
2.2837e-05 -2.5 -6 -14.5
0.000352609 -3 -5.5 -14
4.63656e-05 -2.5 -6 -15
3.19282e-05 -3.5 -5 -14.5
4.07898e-05 -2.5 -6 -15.5
2.1312e-05 -2.5 -6 -16
5.34352e-05 -3 -5.5 -15.5
0.000160712 -3 -5.5 -15
0.00030413 -3 -5.5 -14.5
6.22582e-05 -3.5 -5 -14
6.57156e-05 -3.5 -5 -13.5
0.000108703 -3 -5 -12.5
3.86388e-05 -2.5 -5.5 -13.5
0.000262254 -3 -5 -13
0.000119411 -2.5 -5.5 -14
0.000397747 -3 -5 -13.5
0.000170378 -2.5 -5.5 -14.5
0.000405899 -3 -5 -14
0.000161886 -2.5 -5.5 -15
9.94387e-05 -2.5 -5.5 -15.5
2.52733e-05 -2.5 -5.5 -16
5.60306e-05 -3 -5 -15.5
0.000185193 -3 -5 -15
0.000354187 -3 -5 -14.5
3.31799e-05 -2.5 -5 -12.5
0.000121537 -2.5 -5 -13
9.43138e-05 -3 -4.5 -12.5
0.00031267 -2.5 -5 -13.5
0.000238745 -3 -4.5 -13
0.000463552 -2.5 -5 -14
0.000489721 -2.5 -5 -14.5
0.000374608 -2.5 -5 -15
3.95909e-05 -2.5 -5 -16
3.61985e-05 -3 -4.5 -15.5
0.000167457 -2.5 -5 -15.5
0.000129759 -3 -4.5 -15
0.000289294 -3 -4.5 -14.5
0.00035694 -3 -4.5 -14
0.000349648 -3 -4.5 -13.5
0.000117251 -2.5 -4.5 -12.5
0.000385474 -2.5 -4.5 -13
0.000728102 -2.5 -4.5 -13.5
0.000859726 -2.5 -4.5 -14
0.000829524 -2.5 -4.5 -14.5
7.05568e-05 -2 -5 -15.5
3.954e-05 -3 -4 -15
5.97692e-05 -2 -5 -16
4.28838e-05 -2.5 -4.5 -16
0.000213701 -2.5 -4.5 -15.5
0.000562024 -2.5 -4.5 -15
0.00010867 -3 -4 -14.5
0.000137558 -3 -4 -14
0.000139586 -3 -4 -13.5
0.000100583 -3 -4 -13
2.75517e-05 -3 -4 -12.5
0.000148908 -2.5 -4 -12.5
0.000500215 -2.5 -4 -13
3.46332e-05 -2 -4.5 -14
0.000894763 -2.5 -4 -13.5
0.000177002 -2 -4.5 -14.5
0.00102374 -2.5 -4 -14
0.000308193 -2 -4.5 -15
0.000268846 -2 -4.5 -15.5
0.000121033 -2 -4.5 -16
3.87205e-05 -2.5 -4 -16
0.000203852 -2.5 -4 -15.5
0.000614766 -2.5 -4 -15
0.000957273 -2.5 -4 -14.5
7.87672e-05 -2 -4 -13
0.000327444 -2 -4 -13.5
0.000762016 -2 -4 -14
0.00102832 -2 -4 -14.5
0.00095698 -2 -4 -15
2.54932e-05 -2.5 -3.5 -16
0.000148766 -2 -4 -16
0.00011652 -2.5 -3.5 -15.5
0.000565783 -2 -4 -15.5
0.000419574 -2.5 -3.5 -15
0.000704148 -2.5 -3.5 -14.5
0.000769111 -2.5 -3.5 -14
0.000720152 -2.5 -3.5 -13.5
0.000438602 -2.5 -3.5 -13
0.00012303 -2.5 -3.5 -12.5
2.87814e-05 -2 -3.5 -12
0.000164863 -2 -3.5 -12.5
0.000618242 -2 -3.5 -13
0.00141467 -2 -3.5 -13.5
0.00200956 -2 -3.5 -14
0.00202623 -2 -3.5 -14.5
5.73291e-05 -1.5 -4 -16
3.21947e-05 -2.5 -3 -15.5
4.42494e-05 -1.5 -4 -16.5
2.49958e-05 -2 -3.5 -16.5
0.000140475 -2 -3.5 -16
0.000746512 -2 -3.5 -15.5
0.000141623 -2.5 -3 -15
0.00158948 -2 -3.5 -15
0.000221175 -2.5 -3 -14.5
0.000230567 -2.5 -3 -14
0.00021472 -2.5 -3 -13.5
0.000115242 -2.5 -3 -13
0.00024073 -2 -3 -12.5
0.000961305 -2 -3 -13
0.00192379 -2 -3 -13.5
0.00244696 -2 -3 -14
0.000165127 -1.5 -3.5 -15
0.000322687 -1.5 -3.5 -15.5
0.000261456 -1.5 -3.5 -16
8.33433e-05 -1.5 -3.5 -16.5
9.72717e-05 -2 -3 -16
0.000697938 -2 -3 -15.5
0.00180145 -2 -3 -15
0.00242271 -2 -3 -14.5
2.21073e-05 -2.5 -2.5 -14
2.7651e-05 -2.5 -2.5 -13.5
3.00038e-05 -2 -3 -12
0.000151739 -1.5 -3 -13.5
0.000677777 -1.5 -3 -14
0.00128281 -1.5 -3 -14.5
0.00140273 -1.5 -3 -15
5.69176e-05 -2 -2.5 -16
6.68974e-05 -1.5 -3 -16.5
0.000503694 -1.5 -3 -16
0.00035543 -2 -2.5 -15.5
0.00117873 -1.5 -3 -15.5
0.00113262 -2 -2.5 -15
0.00174081 -2 -2.5 -14.5
0.0018563 -2 -2.5 -14
0.00170497 -2 -2.5 -13.5
0.000876482 -2 -2.5 -13
0.000166062 -2 -2.5 -12.5
3.16159e-05 -1.5 -2.5 -12
0.000195855 -1.5 -2.5 -12.5
0.000768697 -1.5 -2.5 -13
0.00203736 -1.5 -2.5 -13.5
0.00350357 -1.5 -2.5 -14
0.00377724 -1.5 -2.5 -14.5
2.40817e-05 -1 -3 -16.5
4.71449e-05 -1.5 -2.5 -16.5
0.00055373 -1.5 -2.5 -16
8.95202e-05 -2 -2 -15.5
0.00192692 -1.5 -2.5 -15.5
0.000274318 -2 -2 -15
0.00336102 -1.5 -2.5 -15
0.000374721 -2 -2 -14.5
0.00038302 -2 -2 -14
0.000359486 -2 -2 -13.5
0.000137196 -2 -2 -13
4.95184e-05 -1.5 -2 -12
0.000387811 -1.5 -2 -12.5
0.00173962 -1.5 -2 -13
0.00366817 -1.5 -2 -13.5
0.000135572 -1 -2.5 -15.5
0.000194236 -1 -2.5 -16
0.000115981 -1 -2.5 -16.5
2.10853e-05 -1 -2.5 -17
2.84862e-05 -1.5 -2 -16.5
0.00037881 -1.5 -2 -16
0.00211427 -1.5 -2 -15.5
0.00420305 -1.5 -2 -15
0.00496544 -1.5 -2 -14.5
0.00492225 -1.5 -2 -14
0.00167006 -1.5 -1.5 -13
0.000358013 -1 -2 -14
0.000894036 -1 -2 -14.5
0.00131917 -1 -2 -15
0.000190238 -1 -2 -16.5
0.000108427 -1.5 -1.5 -16
0.000742079 -1 -2 -16
0.00118083 -1.5 -1.5 -15.5
0.00123 -1 -2 -15.5
0.00302478 -1.5 -1.5 -15
0.00410155 -1.5 -1.5 -14.5
0.00421955 -1.5 -1.5 -14
0.00356561 -1.5 -1.5 -13.5
0.000299163 -1.5 -1.5 -12.5
3.32141e-05 -1 -1.5 -12
0.000206363 -1 -1.5 -12.5
0.000898596 -1 -1.5 -13
0.00249526 -1 -1.5 -13.5
0.004406 -1 -1.5 -14
2.09567e-05 -1.5 -1 -16
0.000136128 -1 -1.5 -16.5
0.00118326 -1 -1.5 -16
0.000322573 -1.5 -1 -15.5
0.00311426 -1 -1.5 -15.5
0.000799894 -1.5 -1 -15
0.00471809 -1 -1.5 -15
0.000997248 -1.5 -1 -14.5
0.00507014 -1 -1.5 -14.5
0.00102718 -1.5 -1 -14
0.000947327 -1.5 -1 -13.5
0.000314009 -1.5 -1 -13
8.25763e-05 -1 -1 -12
0.000667494 -1 -1 -12.5
0.00277348 -1 -1 -13
0.00576203 -1 -1 -13.5
5.92719e-05 -1.5 -0.5 -15
5.79652e-05 -1.5 -0.5 -15.5
5.45434e-05 -0.5 -1.5 -16
4.76551e-05 -0.5 -1.5 -16.5
7.82293e-05 -1 -1 -16.5
0.00104651 -1 -1 -16
0.00394742 -1 -1 -15.5
0.00687164 -1 -1 -15
6.18451e-05 -1.5 -0.5 -14.5
0.00785103 -1 -1 -14.5
5.8573e-05 -1.5 -0.5 -14
0.00772332 -1 -1 -14
0.00280301 -1 -0.5 -13
0.000251298 -0.5 -1 -14
0.000555914 -0.5 -1 -14.5
0.000809388 -0.5 -1 -15
0.000805423 -0.5 -1 -15.5
0.000183396 -0.5 -1 -16.5
0.000428298 -1 -0.5 -16
0.00054726 -0.5 -1 -16
0.00267247 -1 -0.5 -15.5
0.00567736 -1 -0.5 -15
0.00705312 -1 -0.5 -14.5
0.00713035 -1 -0.5 -14
0.00584284 -1 -0.5 -13.5
0.000581068 -1 -0.5 -12.5
3.86182e-05 -1 -0.5 -12
5.6751e-05 -0.5 -0.5 -12
0.000313028 -0.5 -0.5 -12.5
0.00131065 -0.5 -0.5 -13
0.00312052 -0.5 -0.5 -13.5
0.00483794 -0.5 -0.5 -14
0.000106561 -1 0 -16
0.000217072 -0.5 -0.5 -16.5
0.00135268 -0.5 -0.5 -16
0.000889006 -1 0 -15.5
0.00333932 -0.5 -0.5 -15.5
0.00194872 -1 0 -15
0.00495555 -0.5 -0.5 -15
0.00232017 -1 0 -14.5
0.00530832 -0.5 -0.5 -14.5
0.00235307 -1 0 -14
0.00210187 -1 0 -13.5
0.000797576 -1 0 -13
0.000143853 -0.5 0 -12
0.00108116 -0.5 0 -12.5
0.00390554 -0.5 0 -13
0.00753547 -0.5 0 -13.5
0.000178832 -1 0.5 -15
5.18776e-05 -1 0.5 -16
0.000138644 -0.5 0 -16.5
0.0014454 -0.5 0 -16
0.000167372 -1 0.5 -15.5
0.00485328 -0.5 0 -15.5
0.00836322 -0.5 0 -15
0.000183193 -1 0.5 -14.5
0.00966113 -0.5 0 -14.5
0.000175168 -1 0.5 -14
0.0096126 -0.5 0 -14
4.97045e-05 -1 0.5 -13.5
7.01949e-05 0 0 -12.5
0.000240323 0 0 -13
0.000508272 0 0 -13.5
0.0040996 -0.5 0.5 -13
0.00076739 0 0 -14
0.000851204 0 0 -14.5
4.79329e-05 -0.5 0.5 -16.5
6.68144e-05 0 0 -16.5
0.000720113 -0.5 0.5 -16
0.000274254 0 0 -16
0.00368846 -0.5 0.5 -15.5
0.000574191 0 0 -15.5
0.00742202 -0.5 0.5 -15
0.000804939 0 0 -15
0.00905211 -0.5 0.5 -14.5
0.00911552 -0.5 0.5 -14
0.00775141 -0.5 0.5 -13.5
0.00105419 -0.5 0.5 -12.5
0.000105704 -0.5 0.5 -12
0.000107342 0 0.5 -12
0.00068165 0 0.5 -12.5
0.0021688 0 0.5 -13
0.00407766 0 0.5 -13.5
0.00529362 0 0.5 -14
0.000189357 -0.5 1 -16
0.000161899 0 0.5 -16.5
0.00109288 0 0.5 -16
0.00139403 -0.5 1 -15.5
0.00290022 0 0.5 -15.5
0.00312789 -0.5 1 -15
0.00471945 0 0.5 -15
0.0037665 -0.5 1 -14.5
0.00537286 0 0.5 -14.5
0.00379921 -0.5 1 -14
0.00344193 -0.5 1 -13.5
0.00163721 -0.5 1 -13
0.000101917 -0.5 1 -12.5
0.000233534 0 1 -12
0.00163604 0 1 -12.5
5.07959e-05 0.5 0.5 -14
7.46868e-05 0.5 0.5 -14.5
8.98492e-05 0.5 0.5 -15
0.000302339 -0.5 1.5 -15.5
0.000125773 0 1 -16.5
6.95272e-05 -0.5 1.5 -16
0.00124135 0 1 -16
5.70463e-05 0.5 0.5 -16
0.00445821 0 1 -15.5
0.000382674 -0.5 1.5 -15
8.70614e-05 0.5 0.5 -15.5
0.00819254 0 1 -15
0.000386231 -0.5 1.5 -14.5
0.00993219 0 1 -14.5
0.000377288 -0.5 1.5 -14
0.0100184 0 1 -14
0.000187458 -0.5 1.5 -13.5
0.00860328 0 1 -13.5
0.00494708 0 1 -13
2.2679e-05 0 1 -11.5
5.10291e-05 0.5 1 -12
0.0002798 0.5 1 -12.5
0.000753453 0.5 1 -13
0.00133316 0.5 1 -13.5
0.00169396 0.5 1 -14
0.00170671 0.5 1 -14.5
5.35801e-05 0 1.5 -16.5
6.85882e-05 0.5 1 -16.5
0.000667145 0 1.5 -16
0.000400987 0.5 1 -16
0.00349876 0 1.5 -15.5
0.00097241 0.5 1 -15.5
0.00733941 0 1.5 -15
0.00150649 0.5 1 -15
0.00932137 0 1.5 -14.5
0.00949672 0 1.5 -14
0.00862346 0 1.5 -13.5
0.00519307 0 1.5 -13
0.00170185 0 1.5 -12.5
0.0002262 0 1.5 -12
2.36421e-05 0.5 1.5 -11.5
0.000224143 0.5 1.5 -12
0.00129017 0.5 1.5 -12.5
0.00328993 0.5 1.5 -13
7.79024e-05 0.5 1.5 -16.5
0.00015751 0 2 -16
0.000714512 0.5 1.5 -16
0.00135557 0 2 -15.5
0.0024935 0.5 1.5 -15.5
0.00333627 0 2 -15
0.00462295 0.5 1.5 -15
0.00438083 0 2 -14.5
0.0057934 0.5 1.5 -14.5
0.00445506 0 2 -14
0.00590921 0.5 1.5 -14
0.00413848 0 2 -13.5
0.00529217 0.5 1.5 -13.5
0.00248659 0 2 -13
0.00056935 0 2 -12.5
2.09576e-05 0 2 -12
4.79846e-05 0.5 2 -11.5
5.29521e-05 1 1.5 -13
0.00254375 0.5 2 -12.5
0.000146338 1 1.5 -13.5
0.000228271 1 1.5 -14
0.000255767 1 1.5 -14.5
0.000582216 0 2.5 -14.5
0.000248637 1 1.5 -15
0.000564496 0 2.5 -15
0.00031137 0 2.5 -15.5
0.000110548 1 1.5 -16
4.43861e-05 0 2.5 -16
5.03763e-05 0.5 2 -16.5
2.2302e-05 1 1.5 -16.5
0.000580766 0.5 2 -16
0.00291278 0.5 2 -15.5
0.000201421 1 1.5 -15.5
0.00641201 0.5 2 -15
0.00883447 0.5 2 -14.5
0.000571946 0 2.5 -14
0.00917868 0.5 2 -14
0.0004127 0 2.5 -13.5
0.0086786 0.5 2 -13.5
8.67919e-05 0 2.5 -13
0.00594733 0.5 2 -13
0.000479082 0.5 2 -12
0.000128068 1 2 -12
0.000551704 1 2 -12.5
0.00127215 1 2 -13
0.00215109 1 2 -14
3.03982e-05 0 3 -14
3.43394e-05 0 3 -14.5
3.44192e-05 0 3 -15
3.10113e-05 0 3 -15.5
3.5001e-05 0.5 2.5 -16.5
3.13725e-05 1 2 -16.5
0.000286213 0.5 2.5 -16
0.000278329 1 2 -16
0.0020129 0.5 2.5 -15.5
0.000949243 1 2 -15.5
0.00505333 0.5 2.5 -15
0.00170565 1 2 -15
0.00741941 0.5 2.5 -14.5
0.0021071 1 2 -14.5
0.00781101 0.5 2.5 -14
0.00760994 0.5 2.5 -13.5
0.00196441 1 2 -13.5
0.00559221 0.5 2.5 -13
0.00254551 0.5 2.5 -12.5
0.000511023 0.5 2.5 -12
5.64562e-05 0.5 2.5 -11.5
6.26849e-05 1 2.5 -11.5
0.000544783 1 2.5 -12
0.00352377 1 2.5 -15
2.46003e-05 1.5 2 -16
3.72822e-05 1 2.5 -16.5
0.000107527 0.5 3 -16
0.000272413 1 2.5 -16
0.000760966 0.5 3 -15.5
0.00149806 1 2.5 -15.5
0.00237212 0.5 3 -15
0.00375968 0.5 3 -14.5
0.0050881 1 2.5 -14.5
0.00396947 0.5 3 -14
0.00544753 1 2.5 -14
0.00385777 0.5 3 -13.5
0.0053609 1 2.5 -13.5
0.00289056 0.5 3 -13
0.00416442 1 2.5 -13
0.00116798 0.5 3 -12.5
0.00210948 1 2.5 -12.5
0.000127623 0.5 3 -12
3.47302e-05 1.5 2.5 -12
7.62298e-05 1.5 2.5 -12.5
0.000194376 1.5 2.5 -13
0.00032485 1.5 2.5 -13.5
0.000360454 1.5 2.5 -14
0.0073946 1 3 -13.5
0.000352574 1.5 2.5 -14.5
0.000325 1.5 2.5 -15
0.00619765 1 3 -14.5
0.000229688 1.5 2.5 -15.5
8.76735e-05 1.5 2.5 -16
2.16598e-05 1 3 -16.5
2.99032e-05 0.5 3.5 -16
0.000198625 1 3 -16
0.000247796 0.5 3.5 -15.5
0.00129927 1 3 -15.5
0.000626414 0.5 3.5 -15
0.00361028 1 3 -15
0.000753767 0.5 3.5 -14.5
0.000746411 0.5 3.5 -14
0.00737504 1 3 -14
0.000630697 0.5 3.5 -13.5
0.000335509 0.5 3.5 -13
0.00639468 1 3 -13
5.47289e-05 0.5 3.5 -12.5
0.00375444 1 3 -12.5
0.00122705 1 3 -12
0.000158364 1 3 -11.5
5.97186e-05 1.5 3 -11.5
0.000386014 1.5 3 -12
0.00112759 1.5 3 -12.5
0.00194565 1.5 3 -13
0.00226005 1.5 3 -13.5
0.00196094 1.5 3 -14.5
5.14731e-05 0.5 4 -15
0.000530636 1.5 3 -15.5
0.000104704 1 3.5 -16
4.13953e-05 0.5 4 -15.5
9.80644e-05 1.5 3 -16
0.000762255 1 3.5 -15.5
0.00266073 1 3.5 -15
3.71498e-05 0.5 4 -14.5
0.00127579 1.5 3 -15
0.00490474 1 3.5 -14.5
2.40476e-05 0.5 4 -14
0.0058567 1 3.5 -14
0.0022463 1.5 3 -14
0.00586499 1 3.5 -13.5
0.00511912 1 3.5 -13
0.00309979 1 3.5 -12.5
0.00110429 1 3.5 -12
0.000161806 1 3.5 -11.5
0.000204098 1.5 3.5 -11.5
0.00414568 1.5 3.5 -13
0.00455077 1.5 3.5 -14
3.96039e-05 2 3 -15
4.12426e-05 2 3 -15.5
0.00183255 1.5 3.5 -15
8.16319e-05 1.5 3.5 -16
5.17157e-05 1 4 -16
0.000312398 1 4 -15.5
0.00054538 1.5 3.5 -15.5
0.00116045 1 4 -15
0.00226413 1 4 -14.5
0.00352767 1.5 3.5 -14.5
0.0027366 1 4 -14
0.00270748 1 4 -13.5
0.00463975 1.5 3.5 -13.5
0.00227906 1 4 -13
0.0014059 1 4 -12.5
0.00271954 1.5 3.5 -12.5
0.000489657 1 4 -12
0.00115201 1.5 3.5 -12
6.44829e-05 1 4 -11.5
3.3215e-05 2 3.5 -11.5
0.000109909 2 3.5 -12
0.000648167 1.5 4 -11.5
0.000190925 2 3.5 -12.5
0.00206652 1.5 4 -12
0.000301991 2 3.5 -13
0.000247043 1 4.5 -12.5
0.000375739 2 3.5 -14
0.000379283 2 3.5 -14.5
0.000302924 2 3.5 -15
0.000136451 2 3.5 -15.5
2.19221e-05 2 3.5 -16
0.000396269 1.5 4 -15.5
6.13657e-05 1.5 4 -16
0.000102859 1 4.5 -15.5
0.00033125 1 4.5 -15
0.00160787 1.5 4 -15
0.00058903 1 4.5 -14.5
0.00327316 1.5 4 -14.5
0.000633027 1 4.5 -14
0.00449371 1.5 4 -14
0.000601925 1 4.5 -13.5
0.00477538 1.5 4 -13.5
0.000462986 1 4.5 -13
0.000370737 2 3.5 -13.5
0.00467531 1.5 4 -13
0.00376216 1.5 4 -12.5
4.94439e-05 1 4.5 -12
8.23847e-05 1.5 4 -11
3.86985e-05 2 4 -11
0.000297603 2 4 -11.5
6.54916e-05 1.5 4.5 -11
0.000829068 2 4 -12
0.00144648 2 4 -12.5
0.0017608 2 4 -13
0.00122787 2 4 -14.5
0.00333775 1.5 4.5 -14
0.000162128 2 4 -15.5
0.000943341 1.5 4.5 -15
3.57222e-05 1 5 -14.5
2.80314e-05 1 5 -15.5
2.71626e-05 1.5 4.5 -16
2.66281e-05 2 4 -16
0.000219977 1.5 4.5 -15.5
4.77054e-05 1 5 -15
0.000626537 2 4 -15
0.00215948 1.5 4.5 -14.5
0.00165046 2 4 -14
0.00377097 1.5 4.5 -13.5
0.0017792 2 4 -13.5
0.00371432 1.5 4.5 -13
0.00304444 1.5 4.5 -12.5
0.00173495 1.5 4.5 -12
0.000542114 1.5 4.5 -11.5
0.000173285 2 4.5 -11
0.000193673 1.5 5 -11.5
0.00312196 2 4.5 -13
0.00307938 2 4.5 -13.5
3.33747e-05 2.5 4 -14.5
0.00249608 2 4.5 -14
4.123e-05 2.5 4 -15
2.18044e-05 2.5 4 -15.5
0.000622756 2 4.5 -15
2.22066e-05 2 4.5 -16
2.00912e-05 1.5 5 -16
8.64044e-05 1.5 5 -15.5
0.000138205 2 4.5 -15.5
0.000401124 1.5 5 -15
0.000936302 1.5 5 -14.5
0.00148891 2 4.5 -14.5
0.00146812 1.5 5 -14
0.00160839 1.5 5 -13.5
0.00155145 1.5 5 -13
0.00118811 1.5 5 -12.5
0.00283352 2 4.5 -12.5
0.000653387 1.5 5 -12
0.0018496 2 4.5 -12
0.000824066 2 4.5 -11.5
4.07356e-05 2.5 4.5 -11
4.54472e-05 2 5 -10.5
0.000166234 2.5 4.5 -11.5
0.000309722 2.5 4.5 -12
0.00100077 2 5 -11.5
0.000370409 2.5 4.5 -12.5
0.000148723 1.5 5.5 -12.5
0.000384292 2.5 4.5 -13
0.00275129 2 5 -12.5
0.000368987 2.5 4.5 -13.5
0.000341778 2.5 4.5 -14
0.000258179 2.5 4.5 -14.5
0.000140362 2.5 4.5 -15
0.00122938 2 5 -14.5
3.60174e-05 2.5 4.5 -15.5
7.90829e-05 2 5 -15.5
3.73365e-05 1.5 5.5 -15.5
0.000119224 1.5 5.5 -15
0.000438513 2 5 -15
0.000276045 1.5 5.5 -14.5
0.000352738 1.5 5.5 -14
0.00223848 2 5 -14
0.000332316 1.5 5.5 -13.5
0.00289776 2 5 -13.5
0.00026424 1.5 5.5 -13
0.00296645 2 5 -13
3.40001e-05 1.5 5.5 -12
0.00192813 2 5 -12
0.000324612 2 5 -11
2.82655e-05 2.5 5 -10.5
0.000618849 2.5 5 -11.5
0.000254078 2 5.5 -11
0.00126758 2.5 5 -12.5
0.00137007 2 5.5 -12
0.0013073 2.5 5 -13
0.000916334 2.5 5 -14
0.00048927 2.5 5 -14.5
3.85467e-05 2.5 5 -15.5
0.000232942 2 5.5 -15
4.63188e-05 2 5.5 -15.5
2.91476e-05 1.5 6 -15
0.000170465 2.5 5 -15
0.000715718 2 5.5 -14.5
0.00138122 2 5.5 -14
0.00191024 2 5.5 -13.5
0.00125474 2.5 5 -13.5
0.00198794 2 5.5 -13
0.00182831 2 5.5 -12.5
0.0010229 2.5 5 -12
0.000759531 2 5.5 -11.5
0.000245854 2.5 5 -11
3.25043e-05 2 5.5 -10.5
0.000499698 2.5 5.5 -11
0.000942298 2.5 5.5 -11.5
0.00140121 2.5 5.5 -12
2.09041e-05 3 5 -13
2.91546e-05 3 5 -14
0.00146147 2.5 5.5 -13.5
0.000714005 2 6 -13
2.77413e-05 3 5 -14.5
0.000957997 2.5 5.5 -14
0.000140193 2.5 5.5 -15
2.67821e-05 2.5 5.5 -15.5
0.000101002 2 6 -15
0.000288459 2 6 -14.5
0.000472798 2.5 5.5 -14.5
0.000529501 2 6 -14
0.000694297 2 6 -13.5
0.00170083 2.5 5.5 -13
0.000630867 2 6 -12.5
0.00167934 2.5 5.5 -12.5
0.000454619 2 6 -12
0.000261439 2 6 -11.5
9.57147e-05 2 6 -11
0.000168538 2.5 5.5 -10.5
5.66566e-05 3 5.5 -10.5
2.61577e-05 2.5 6 -10
0.000155265 3 5.5 -11
0.000273529 3 5.5 -11.5
0.000492769 2.5 6 -11
0.000341077 3 5.5 -12
0.00143657 2.5 6 -12.5
0.000245561 3 5.5 -13.5
7.9057e-05 2 6.5 -13
0.00143051 2.5 6 -13
9.52971e-05 2 6.5 -13.5
0.000172734 3 5.5 -14
9.53321e-05 3 5.5 -14.5
2.69623e-05 3 5.5 -15
0.000308726 2.5 6 -14.5
2.91394e-05 2 6.5 -15
8.68852e-05 2.5 6 -15
7.40452e-05 2 6.5 -14.5
9.94959e-05 2 6.5 -14
0.000726853 2.5 6 -14
0.00117751 2.5 6 -13.5
4.94728e-05 2 6.5 -12.5
0.000305076 3 5.5 -13
0.000336861 3 5.5 -12.5
0.00127349 2.5 6 -12
0.000897272 2.5 6 -11.5
0.000182044 2.5 6 -10.5
2.05738e-05 2.5 6.5 -10
5.04909e-05 3 6 -10
0.000636865 3 6 -11.5
0.000300069 2.5 6.5 -11
0.000753803 3 6 -12
0.000763003 3 6 -12.5
0.000700394 2.5 6.5 -12
0.000690376 3 6 -13
0.000618155 2.5 6.5 -13.5
0.000510716 3 6 -13.5
0.000120114 3 6 -14.5
2.33418e-05 3 6 -15
3.57739e-05 2.5 6.5 -15
0.000152333 2.5 6.5 -14.5
0.000368901 2.5 6.5 -14
0.000294437 3 6 -14
0.000774252 2.5 6.5 -13
0.000783795 2.5 6.5 -12.5
2.59994e-05 3.5 6 -10.5
3.12581e-05 3.5 6 -11
0.000262559 3 6.5 -10.5
2.29948e-05 2.5 7 -10.5
9.85756e-05 3 6.5 -10
3.24073e-05 3.5 6 -11.5
6.6165e-05 2.5 7 -11
0.000464273 3 6.5 -11
0.000118393 2.5 7 -11.5
2.95199e-05 3.5 6 -12
2.09759e-05 3.5 6 -12.5
0.000205507 2.5 7 -12
0.00072376 3 6.5 -12
0.000235988 2.5 7 -12.5
0.000193549 2.5 7 -13.5
0.000482435 3 6.5 -13.5
0.000117915 2.5 7 -14
5.38737e-05 2.5 7 -14.5
9.51436e-05 3 6.5 -14.5
0.000258903 3 6.5 -14
0.000237002 2.5 7 -13
0.000671191 3 6.5 -13
0.000737869 3 6.5 -12.5
0.000120226 3.5 6.5 -10.5
0.000183357 3.5 6.5 -11
0.000210971 3 7 -10.5
0.000478133 3 7 -11.5
0.000222128 3.5 6.5 -11.5
0.000199351 3.5 6.5 -12.5
0.000147027 3.5 6.5 -13
0.000550424 3 7 -12.5
4.62327e-05 3.5 6.5 -14
0.000145322 3 7 -14
5.03899e-05 3 7 -14.5
0.000309207 3 7 -13.5
9.67617e-05 3.5 6.5 -13.5
0.00047063 3 7 -13
2.63967e-05 3.5 7 -9.5
9.66709e-05 3.5 7 -10
0.000194272 3.5 7 -10.5
0.000284858 3.5 7 -11
7.59094e-05 3 7.5 -10.5
0.000139374 3 7.5 -11
0.000195864 3 7.5 -11.5
0.000333755 3.5 7 -11.5
0.000239617 3 7.5 -12
0.00024543 3 7.5 -12.5
0.000304149 3.5 7 -12.5
0.000132529 3.5 7 -13.5
5.51108e-05 3.5 7 -14
5.54202e-05 3 7.5 -14
0.000122138 3 7.5 -13.5
0.000198275 3 7.5 -13
0.000224024 3.5 7 -13
3.60482e-05 4 7 -10.5
8.55349e-05 3.5 7.5 -10
3.60706e-05 4 7 -11
0.000172531 3.5 7.5 -10.5
2.04461e-05 3 8 -11.5
2.00264e-05 4 7 -12
0.000286324 3.5 7.5 -11.5
3.63019e-05 3 8 -12
3.88819e-05 3 8 -12.5
2.9743e-05 3 8 -13
0.000175798 3.5 7.5 -13
2.09012e-05 3 8 -13.5
3.34749e-05 3.5 7.5 -14
9.69659e-05 3.5 7.5 -13.5
8.61362e-05 4 7.5 -10.5
0.000106413 4 7.5 -11
8.01996e-05 3.5 8 -10.5
0.000107934 4 7.5 -11.5
0.000154259 3.5 8 -12
9.81288e-05 4 7.5 -12
3.97638e-05 4 7.5 -13
4.42769e-05 3.5 8 -13.5
8.44467e-05 3.5 8 -13
0.000128806 3.5 8 -12.5
4.11902e-05 4 8 -10
7.26999e-05 4 7.5 -12.5
0.000151576 3.5 8 -11.5
7.78948e-05 4 8 -10.5
2.74226e-05 3.5 8.5 -11.5
3.09982e-05 3.5 8.5 -12
9.82637e-05 4 8 -12
3.753e-05 4 8 -13
2.6185e-05 3.5 8.5 -12.5
3.13923e-05 4 8.5 -10.5
5.71433e-05 4 8.5 -11
6.42229e-05 4 8.5 -11.5
3.41908e-05 4 8.5 -12.5
2.1377e-05 4.5 8.5 -11
5.71032e-05 4 8.5 -12
7.02851e-05 4 8 -12.5
0.000108374 4 8 -11.5
0.000102162 4 8 -11
0.00012415 3.5 8 -11
5.02389e-05 4 7.5 -10
0.00024604 3.5 7.5 -12.5
0.000285758 3.5 7.5 -12
3.04926e-05 4 7 -11.5
0.000245529 3.5 7.5 -11
0.000338531 3.5 7 -12
0.00054421 3 7 -12
0.00022212 3.5 6.5 -12
0.000360605 3 7 -11
8.51162e-05 3 7 -10
5.80965e-05 3.5 6.5 -10
0.0006372 3 6.5 -11.5
0.000526335 2.5 6.5 -11.5
0.000420359 3 6 -11
0.000120247 2.5 6.5 -10.5
0.000191214 3 6 -10.5
