0.799205
2.11556e-05 -5 -10 -18
3.68547e-05 -5 -10.5 -19.5
6.49965e-05 -5 -10.5 -19
9.02883e-05 -5 -10.5 -18.5
0.000101674 -5 -10.5 -18
8.27603e-05 -5 -10.5 -17.5
4.43063e-05 -5 -10.5 -17
7.41113e-05 -4.5 -10 -20.5
0.000165533 -4.5 -10 -20
0.000259696 -4.5 -10 -19.5
0.000329044 -4.5 -10 -19
0.00031774 -4.5 -10 -18.5
0.000247927 -4.5 -10 -18
0.000128292 -4.5 -10 -17.5
3.03494e-05 -4.5 -10 -17
5.53744e-05 -5.5 -11.5 -16.5
0.00023264 -5 -11 -17.5
7.21665e-05 -5.5 -11.5 -17
6.93587e-05 -5.5 -11.5 -17.5
5.71994e-05 -5.5 -11.5 -18
3.02679e-05 -5.5 -11.5 -18.5
0.000156917 -5 -11 -19
8.68595e-05 -5 -11 -19.5
7.69627e-05 -4.5 -10.5 -20.5
3.18662e-05 -5 -11 -20
0.000208754 -4.5 -10.5 -20
0.000370537 -4.5 -10.5 -19.5
0.000505699 -4.5 -10.5 -19
0.000230794 -5 -11 -18.5
0.000523229 -4.5 -10.5 -18.5
0.000263046 -5 -11 -18
0.000446784 -4.5 -10.5 -18
0.000279639 -4.5 -10.5 -17.5
0.000150214 -5 -11 -17
0.000110307 -4.5 -10.5 -17
6.14091e-05 -5 -11 -16.5
2.8521e-05 -5.5 -11.5 -16
3.25714e-05 -4 -10 -17
0.000185926 -4 -10 -17.5
0.000427573 -4 -10 -18
0.00073843 -4 -10 -19
9.68476e-05 -4 -10 -21
3.60714e-05 -4.5 -9.5 -20.5
0.000268059 -4 -10 -20.5
7.36463e-05 -4.5 -9.5 -20
0.00049854 -4 -10 -20
0.000116526 -4.5 -9.5 -19.5
0.000649198 -4 -10 -19.5
0.000144648 -4.5 -9.5 -19
0.000133776 -4.5 -9.5 -18.5
0.000659687 -4 -10 -18.5
8.87813e-05 -4.5 -9.5 -18
3.34742e-05 -4.5 -9.5 -17.5
2.46367e-05 -6 -12.5 -15
3.65054e-05 -5.5 -12 -15.5
4.45035e-05 -6 -12.5 -15.5
0.00010284 -5.5 -12 -16
0.000173866 -5 -11.5 -16.5
0.000312114 -5 -11.5 -17
0.000170495 -5.5 -12 -16.5
5.57999e-05 -6 -12.5 -16
6.0109e-05 -6 -12.5 -16.5
4.72415e-05 -6 -12.5 -17
2.39698e-05 -6 -12.5 -17.5
0.000145027 -5.5 -12 -18
8.35686e-05 -5.5 -12 -18.5
4.94247e-05 -4 -10.5 -21
6.26175e-05 -4.5 -11 -20.5
4.33347e-05 -5 -11.5 -20
0.000180391 -4 -10.5 -20.5
0.000181686 -4.5 -11 -20
0.000121033 -5 -11.5 -19.5
3.71925e-05 -5.5 -12 -19
0.000403913 -4 -10.5 -20
0.000360768 -4.5 -11 -19.5
0.000240414 -5 -11.5 -19
0.000607657 -4 -10.5 -19.5
0.000523032 -4.5 -11 -19
0.000364283 -5 -11.5 -18.5
0.000721648 -4 -10.5 -19
0.000624244 -4.5 -11 -18.5
0.000434704 -5 -11.5 -18
0.00019452 -5.5 -12 -17.5
0.000678412 -4 -10.5 -18.5
0.000599576 -4.5 -11 -18
0.000406393 -5 -11.5 -17.5
0.00020595 -5.5 -12 -17
0.000556989 -4 -10.5 -18
0.000463792 -4.5 -11 -17.5
0.000325305 -4 -10.5 -17.5
0.000245216 -4.5 -11 -17
0.0001112 -4 -10.5 -17
7.66414e-05 -4.5 -11 -16.5
5.51e-05 -5 -11.5 -16
7.78545e-05 -3.5 -10 -17.5
0.000247769 -3.5 -10 -18
0.000449106 -3.5 -10 -18.5
0.000604541 -3.5 -10 -19
0.000655774 -3.5 -10 -19.5
0.000540557 -3.5 -10 -20
0.000317393 -3.5 -10 -20.5
0.000124882 -3.5 -10 -21
2.81869e-05 -3.5 -10 -21.5
2.86614e-05 -4 -9.5 -21.5
0.000127599 -4 -9.5 -21
0.000309352 -4 -9.5 -20.5
0.000521847 -4 -9.5 -20
2.26809e-05 -4.5 -9 -19.5
0.000647098 -4 -9.5 -19.5
3.00612e-05 -4.5 -9 -19
0.000598265 -4 -9.5 -19
2.85599e-05 -4.5 -9 -18.5
0.000462091 -4 -9.5 -18.5
0.000247099 -4 -9.5 -18
7.6732e-05 -4 -9.5 -17.5
3.05003e-05 -6.5 -13.5 -14
3.72168e-05 -6 -13 -14.5
4.66777e-05 -6.5 -13.5 -14.5
9.06163e-05 -6 -13 -15
0.00012709 -5.5 -12.5 -15.5
5.31739e-05 -6.5 -13.5 -15
0.000138486 -6 -13 -15.5
7.05036e-05 -3.5 -10.5 -17.5
0.000162207 -6 -13 -16
5.36356e-05 -6.5 -13.5 -15.5
0.000187769 -3.5 -10.5 -18
0.000317746 -5.5 -12.5 -16.5
0.000161477 -6 -13 -16.5
4.05402e-05 -6.5 -13.5 -16
0.000349662 -5.5 -12.5 -17
0.000302232 -3.5 -10.5 -18.5
0.000506271 -5 -12 -18
7.16419e-05 -6 -13 -17.5
0.000395557 -3.5 -10.5 -19.5
0.000377475 -5 -12 -18.5
0.000287669 -3.5 -10.5 -20
0.000138755 -3.5 -10.5 -20.5
0.000254156 -4 -11 -20
4.09682e-05 -3.5 -10.5 -21
9.04724e-05 -4 -11 -20.5
2.11345e-05 -4 -11 -21
3.19596e-05 -4.5 -11.5 -20.5
3.37212e-05 -5 -12 -20
2.0433e-05 -5.5 -12.5 -19.5
0.000116772 -4.5 -11.5 -20
0.000104646 -5 -12 -19.5
6.01119e-05 -5.5 -12.5 -19
0.000283358 -4.5 -11.5 -19.5
0.000232497 -5 -12 -19
0.000136646 -5.5 -12.5 -18.5
3.76325e-05 -6 -13 -18
0.000460128 -4 -11 -19.5
0.000477344 -4.5 -11.5 -19
0.000234474 -5.5 -12.5 -18
0.000610771 -4 -11 -19
0.000610236 -4.5 -11.5 -18.5
0.000322926 -5.5 -12.5 -17.5
0.000125005 -6 -13 -17
0.000388266 -3.5 -10.5 -19
0.000627673 -4 -11 -18.5
0.000629136 -4.5 -11.5 -18
0.000521625 -5 -12 -17.5
0.000524279 -4 -11 -18
0.000566077 -4.5 -11.5 -17.5
0.000458164 -5 -12 -17
0.000319803 -4 -11 -17.5
0.00039271 -4.5 -11.5 -17
0.000319684 -5 -12 -16.5
0.000235346 -5.5 -12.5 -16
0.000141469 -4 -11 -17
0.000195129 -4.5 -11.5 -16.5
0.000159057 -5 -12 -16
3.50394e-05 -4 -11 -16.5
4.52509e-05 -4.5 -11.5 -16
4.05174e-05 -5 -12 -15.5
4.13809e-05 -5.5 -12.5 -15
2.01322e-05 -3 -10 -18
6.50526e-05 -3.5 -9.5 -17.5
5.14641e-05 -3 -10 -18.5
0.000259213 -3.5 -9.5 -18
9.03923e-05 -3 -10 -19
0.00011328 -3 -10 -19.5
0.0007148 -3.5 -9.5 -19
0.000110368 -3 -10 -20
0.000802224 -3.5 -9.5 -19.5
0.000427177 -4 -9 -19.5
7.75115e-05 -3 -10 -20.5
3.83108e-05 -3 -10 -21
3.40137e-05 -4 -9 -21.5
6.69597e-05 -3.5 -9.5 -21.5
0.000130644 -4 -9 -21
0.000243573 -3.5 -9.5 -21
0.000273502 -4 -9 -20.5
0.000507872 -3.5 -9.5 -20.5
0.000382813 -4 -9 -20
0.000728242 -3.5 -9.5 -20
0.000393787 -4 -9 -19
0.000273417 -4 -9 -18.5
0.000515676 -3.5 -9.5 -18.5
2.32981e-05 -7.5 -15 -12
2.56588e-05 -7 -14.5 -12.5
2.19589e-05 -6.5 -14 -13
2.6938e-05 -7.5 -15 -12.5
4.65193e-05 -7 -14.5 -13
5.40469e-05 -6.5 -14 -13.5
5.23427e-05 -6 -13.5 -14
3.96709e-05 -5.5 -13 -14.5
5.94669e-05 -7 -14.5 -13.5
9.95446e-05 -6.5 -14 -14
0.000123982 -6 -13.5 -14.5
0.000134182 -5.5 -13 -15
5.90735e-05 -7 -14.5 -14
0.000132006 -6.5 -14 -14.5
4.13498e-05 -4 -11.5 -16.5
0.000206169 -6 -13.5 -15
4.51229e-05 -3.5 -11 -17.5
5.10287e-05 -7 -14.5 -14.5
0.000146434 -6.5 -14 -15
0.000358377 -5.5 -13 -16
9.71773e-05 -3.5 -11 -18
3.5259e-05 -7 -14.5 -15
0.000135407 -6.5 -14 -15.5
0.00041877 -5.5 -13 -16.5
0.000284364 -6 -13.5 -16
2.94247e-05 -3 -10.5 -19
0.000151001 -3.5 -11 -18.5
0.000101429 -6.5 -14 -16
0.000265155 -6 -13.5 -16.5
3.35746e-05 -3 -10.5 -19.5
6.04172e-05 -6.5 -14 -16.5
0.000181665 -3.5 -11 -19
0.000203283 -6 -13.5 -17
2.84966e-05 -3 -10.5 -20
0.000171467 -3.5 -11 -19.5
0.000379197 -4 -11.5 -19
0.000103283 -3.5 -11 -20
0.000258245 -4 -11.5 -19.5
3.46678e-05 -3.5 -11 -20.5
2.69787e-05 -6 -13.5 -18.5
0.000112063 -4 -11.5 -20
2.82692e-05 -4 -11.5 -20.5
2.30991e-05 -5 -12.5 -20
5.52902e-05 -4.5 -12 -20
6.53933e-05 -5 -12.5 -19.5
5.38377e-05 -5.5 -13 -19
0.000171249 -4.5 -12 -19.5
0.000173355 -5 -12.5 -19
0.000129175 -5.5 -13 -18.5
6.47911e-05 -6 -13.5 -18
0.000345331 -4.5 -12 -19
0.000319135 -5 -12.5 -18.5
0.000233284 -5.5 -13 -18
0.000125352 -6 -13.5 -17.5
3.25383e-05 -6.5 -14 -17
0.000507148 -4.5 -12 -18.5
0.000464684 -5 -12.5 -18
0.000350723 -5.5 -13 -17.5
0.000437138 -4 -11.5 -18.5
0.000582608 -4.5 -12 -18
0.000539002 -5 -12.5 -17.5
0.000433811 -5.5 -13 -17
0.000382912 -4 -11.5 -18
0.000539637 -4.5 -12 -17.5
0.000522614 -5 -12.5 -17
0.000260976 -4 -11.5 -17.5
0.000396177 -4.5 -12 -17
0.000440492 -5 -12.5 -16.5
0.000263008 -6 -13.5 -15.5
0.000125976 -4 -11.5 -17
0.000229448 -4.5 -12 -16.5
0.000292096 -5 -12.5 -16
0.000254021 -5.5 -13 -15.5
9.61671e-05 -4.5 -12 -16
0.00013583 -5 -12.5 -15.5
2.4874e-05 -5 -12.5 -15
0.000112312 -4 -9 -18
3.40194e-05 -3 -9.5 -18
0.000106603 -3 -9.5 -18.5
0.000150471 -3.5 -9 -18
0.000221197 -3 -9.5 -19
0.000423763 -3.5 -9 -18.5
0.000297736 -3 -9.5 -19.5
0.000304541 -3 -9.5 -20
0.000837663 -3.5 -9 -19.5
0.000181602 -4 -8.5 -19
0.00026175 -3 -9.5 -20.5
0.000152142 -3 -9.5 -21
5.16351e-05 -3 -9.5 -21.5
2.23966e-05 -3.5 -9 -22
2.12658e-05 -4 -8.5 -21.5
0.00012701 -3.5 -9 -21.5
6.85326e-05 -4 -8.5 -21
0.000357391 -3.5 -9 -21
0.000140413 -4 -8.5 -20.5
0.000633248 -3.5 -9 -20.5
0.00019807 -4 -8.5 -20
0.000796406 -3.5 -9 -20
0.000212286 -4 -8.5 -19.5
0.000711687 -3.5 -9 -19
9.85963e-05 -4 -8.5 -18.5
2.04885e-05 -8.5 -16.5 -9
2.32683e-05 -8.5 -16.5 -9.5
2.45994e-05 -8 -16 -10
3.4095e-05 -8 -16 -10.5
3.05274e-05 -7.5 -15.5 -11
3.83854e-05 -8 -16 -11
5.14745e-05 -7.5 -15.5 -11.5
4.46303e-05 -7 -15 -12
2.97058e-05 -6.5 -14.5 -12.5
3.36455e-05 -8 -16 -11.5
6.81019e-05 -7.5 -15.5 -12
8.59369e-05 -7 -15 -12.5
8.12739e-05 -6.5 -14.5 -13
3.31646e-05 -5.5 -13.5 -14
2.55473e-05 -8 -16 -12
7.27965e-05 -7.5 -15.5 -12.5
0.000120492 -7 -15 -13
0.000143163 -6.5 -14.5 -13.5
0.000145948 -6 -14 -14
6.42613e-05 -7.5 -15.5 -13
0.000135194 -7 -15 -13.5
0.000202412 -6.5 -14.5 -14
0.000237633 -6 -14 -14.5
3.17625e-05 -4.5 -12.5 -15.5
5.10169e-05 -7.5 -15.5 -13.5
3.41339e-05 -4 -12 -16.5
0.000138718 -7 -15 -14
0.000234578 -6.5 -14.5 -14.5
9.49225e-05 -4.5 -12.5 -16
2.319e-05 -3.5 -11.5 -17.5
2.993e-05 -7.5 -15.5 -14
0.00011558 -7 -15 -14.5
9.0667e-05 -4 -12 -17
0.000245776 -6.5 -14.5 -15
0.000351973 -6 -14 -15.5
4.11585e-05 -3.5 -11.5 -18
7.92971e-05 -7 -15 -15
0.000158368 -4 -12 -17.5
0.000216313 -6.5 -14.5 -15.5
0.000353131 -6 -14 -16
5.29518e-05 -3.5 -11.5 -18.5
4.71932e-05 -7 -15 -15.5
0.000205432 -4 -12 -18
0.000160661 -6.5 -14.5 -16
5.82056e-05 -3.5 -11.5 -19
2.05656e-05 -7 -15 -16
0.00021978 -4 -12 -18.5
0.000102912 -6.5 -14.5 -16.5
4.41703e-05 -3.5 -11.5 -19.5
0.000166213 -4 -12 -19
5.76203e-05 -6.5 -14.5 -17
9.26326e-05 -4 -12 -19.5
2.70789e-05 -6.5 -14.5 -17.5
2.44898e-05 -4 -12 -20
2.65168e-05 -5 -13 -19.5
3.26008e-05 -5.5 -13.5 -19
2.18926e-05 -6 -14 -18.5
6.91846e-05 -4.5 -12.5 -19.5
9.65143e-05 -5 -13 -19
8.90585e-05 -5.5 -13.5 -18.5
5.80862e-05 -6 -14 -18
0.000184252 -4.5 -12.5 -19
0.000215393 -5 -13 -18.5
0.000186413 -5.5 -13.5 -18
0.000122159 -6 -14 -17.5
0.000323687 -4.5 -12.5 -18.5
0.000356643 -5 -13 -18
0.000303564 -5.5 -13.5 -17.5
0.000203287 -6 -14 -17
0.000421253 -4.5 -12.5 -18
0.00047862 -5 -13 -17.5
0.0004007 -5.5 -13.5 -17
0.000288836 -6 -14 -16.5
0.000400568 -4.5 -12.5 -17.5
0.000492222 -5 -13 -17
0.00044626 -5.5 -13.5 -16.5
0.000336348 -4.5 -12.5 -17
0.000439484 -5 -13 -16.5
0.00042654 -5.5 -13.5 -16
0.00020855 -4.5 -12.5 -16.5
0.000324847 -5 -13 -16
0.000365081 -5.5 -13.5 -15.5
0.000309413 -6 -14 -15
0.000192155 -5 -13 -15.5
0.000250975 -5.5 -13.5 -15
7.71974e-05 -5 -13 -15
0.000130543 -5.5 -13.5 -14.5
6.05052e-05 -6 -14 -13.5
2.74873e-05 -4 -8.5 -18
4.53659e-05 -3 -9 -18
0.000162213 -3 -9 -18.5
6.27351e-05 -3.5 -8.5 -18
0.000385698 -3 -9 -19
0.00025323 -3.5 -8.5 -18.5
0.000548591 -3 -9 -19.5
0.000581965 -3 -9 -20
0.000711326 -3.5 -8.5 -19.5
0.000530188 -3 -9 -20.5
0.000769684 -3.5 -8.5 -20
0.000356706 -3 -9 -21
0.000664059 -3.5 -8.5 -20.5
0.0001397 -3 -9 -21.5
0.000422008 -3.5 -8.5 -21
2.12505e-05 -3 -9 -22
2.38806e-05 -9.5 -18 -6
3.1568e-05 -3.5 -8.5 -22
3.10652e-05 -9.5 -18 -6.5
2.75926e-05 -9 -17.5 -7
2.81705e-05 -9.5 -18 -7
4.06463e-05 -9 -17.5 -7.5
0.000179605 -3.5 -8.5 -21.5
3.3246e-05 -8.5 -17 -8
4.03652e-05 -4 -8 -20.5
4.26583e-05 -9 -17.5 -8
4.49257e-05 -8.5 -17 -8.5
3.15857e-05 -8 -16.5 -9
4.68112e-05 -4 -8 -20
3.70546e-05 -9 -17.5 -8.5
5.47835e-05 -8.5 -17 -9
4.79144e-05 -8 -16.5 -9.5
3.26829e-05 -7.5 -16 -10
5.26399e-05 -4 -8 -19.5
2.71277e-05 -9 -17.5 -9
5.70796e-05 -8.5 -17 -9.5
7.11944e-05 -8 -16.5 -10
5.81861e-05 -7.5 -16 -10.5
3.06939e-05 -7 -15.5 -11
5.09853e-05 -8.5 -17 -10
8.39248e-05 -8 -16.5 -10.5
8.80558e-05 -7.5 -16 -11
7.1271e-05 -7 -15.5 -11.5
3.59255e-05 -6.5 -15 -12
4.11849e-05 -8.5 -17 -10.5
8.8007e-05 -8 -16.5 -11
0.000118503 -7.5 -16 -11.5
0.00011683 -7 -15.5 -12
9.88616e-05 -6.5 -15 -12.5
2.8314e-05 -8.5 -17 -11
7.98753e-05 -8 -16.5 -11.5
0.000132626 -7.5 -16 -12
0.000164924 -7 -15.5 -12.5
0.000171897 -6.5 -15 -13
0.000154313 -6 -14.5 -13.5
6.37994e-05 -8 -16.5 -12
0.000136743 -7.5 -16 -12.5
0.00020273 -7 -15.5 -13
0.000240435 -6.5 -15 -13.5
4.31117e-05 -8 -16.5 -12.5
0.000121375 -7.5 -16 -13
2.88519e-05 -4.5 -13 -15.5
0.000219717 -7 -15.5 -13.5
0.000281579 -6.5 -15 -14
2.242e-05 -4 -12.5 -16.5
9.41749e-05 -7.5 -16 -13.5
0.000205673 -7 -15.5 -14
8.02141e-05 -4.5 -13 -16
0.000299264 -6.5 -15 -14.5
0.000357528 -6 -14.5 -15
4.49835e-05 -4 -12.5 -17
6.17801e-05 -7.5 -16 -14
0.000169613 -7 -15.5 -14.5
0.000280137 -6.5 -15 -15
0.000148162 -4.5 -13 -16.5
6.62401e-05 -4 -12.5 -17.5
3.75031e-05 -7.5 -16 -14.5
0.000120417 -7 -15.5 -15
0.000223211 -6.5 -15 -15.5
0.000209072 -4.5 -13 -17
7.61524e-05 -4 -12.5 -18
7.69657e-05 -7 -15.5 -15.5
0.000159421 -6.5 -15 -16
0.000229389 -4.5 -13 -17.5
6.82503e-05 -4 -12.5 -18.5
4.37077e-05 -7 -15.5 -16
0.000164823 -6 -14.5 -17
3.79685e-05 -4 -12.5 -19
2.05924e-05 -7 -15.5 -16.5
8.88889e-05 -6 -14.5 -17.5
2.68271e-05 -6.5 -15 -17.5
3.71459e-05 -6 -14.5 -18
3.11925e-05 -5 -13.5 -19
4.27973e-05 -5.5 -14 -18.5
5.70245e-05 -4.5 -13 -19
0.000101485 -5 -13.5 -18.5
0.000110774 -5.5 -14 -18
5.2465e-05 -6.5 -15 -17
0.000132951 -4.5 -13 -18.5
0.000207572 -5 -13.5 -18
0.000210892 -5.5 -14 -17.5
9.93965e-05 -6.5 -15 -16.5
0.000206984 -4.5 -13 -18
0.000323771 -5 -13.5 -17.5
0.000315356 -5.5 -14 -17
0.000250473 -6 -14.5 -16.5
0.000387507 -5 -13.5 -17
0.000397685 -5.5 -14 -16.5
0.000323378 -6 -14.5 -16
0.000354755 -5 -13.5 -16.5
0.000406342 -5.5 -14 -16
0.000361899 -6 -14.5 -15.5
0.000281257 -5 -13.5 -16
0.00036788 -5.5 -14 -15.5
0.000180426 -5 -13.5 -15.5
0.000289204 -5.5 -14 -15
0.00032266 -6 -14.5 -14.5
8.4113e-05 -5 -13.5 -15
0.00018276 -5.5 -14 -14.5
0.000245781 -6 -14.5 -14
3.11941e-05 -5 -13.5 -14.5
8.38189e-05 -5.5 -14 -14
5.84589e-05 -6 -14.5 -13
4.31576e-05 -4 -8 -19
0.000522759 -3.5 -8.5 -19
2.046e-05 -4 -8 -18.5
4.56641e-05 -3 -8.5 -18
2.54771e-05 -2.5 -9 -19
0.000187103 -3 -8.5 -18.5
4.37299e-05 -2.5 -9 -19.5
0.000477682 -3 -8.5 -19
5.35722e-05 -2.5 -9 -20
0.000755177 -3 -8.5 -19.5
5.73789e-05 -2.5 -9 -20.5
0.000857444 -3 -8.5 -20
0.000531126 -3.5 -8 -19.5
4.68442e-05 -2.5 -9 -21
0.000803063 -3 -8.5 -20.5
2.67241e-05 -10 -19 -4.5
2.02864e-05 -9.5 -18.5 -5
0.00029228 -3 -8.5 -21.5
0.00039897 -3.5 -8 -21
3.31173e-05 -10 -19 -5
4.43683e-05 -9.5 -18.5 -5.5
3.09734e-05 -10 -19 -5.5
3.84799e-05 -3.5 -8 -22
2.0416e-05 -9 -18 -6
5.00543e-05 -9.5 -18.5 -6
6.83598e-05 -3 -8.5 -22
0.000189923 -3.5 -8 -21.5
2.32128e-05 -10 -19 -6
5.03514e-05 -9.5 -18.5 -6.5
5.19419e-05 -9 -18 -6.5
6.35768e-05 -9 -18 -7
5.71565e-05 -8.5 -17.5 -7.5
4.25471e-05 -9.5 -18.5 -7
7.06863e-05 -9 -18 -7.5
2.28777e-05 -8 -17 -8
7.54936e-05 -8.5 -17.5 -8
5.19256e-05 -8 -17 -8.5
0.000596917 -3 -8.5 -21
3.41636e-05 -9.5 -18.5 -7.5
6.90889e-05 -9 -18 -8
8.70769e-05 -8.5 -17.5 -8.5
7.92887e-05 -8 -17 -9
0.00052245 -3.5 -8 -20.5
4.68943e-05 -7.5 -16.5 -9.5
0.000572377 -3.5 -8 -20
5.97996e-05 -9 -18 -8.5
9.44622e-05 -8.5 -17.5 -9
0.000102391 -8 -17 -9.5
8.59554e-05 -7.5 -16.5 -10
3.94244e-05 -7 -16 -10.5
2.41358e-05 -9.5 -18.5 -8
4.74183e-05 -9 -18 -9
9.33141e-05 -8.5 -17.5 -9.5
0.000122192 -8 -17 -10
0.000124342 -7.5 -16.5 -10.5
9.01356e-05 -7 -16 -11
3.83049e-05 -6.5 -15.5 -11.5
3.34445e-05 -9 -18 -9.5
8.22295e-05 -8.5 -17.5 -10
0.000133703 -8 -17 -10.5
0.000154573 -7.5 -16.5 -11
0.000143968 -7 -16 -11.5
6.65482e-05 -8.5 -17.5 -10.5
0.000136215 -8 -17 -11
0.000173815 -7.5 -16.5 -11.5
0.00019703 -7 -16 -12
0.000177166 -6.5 -15.5 -12.5
4.89101e-05 -8.5 -17.5 -11
0.00012165 -8 -17 -11.5
0.000185222 -7.5 -16.5 -12
0.000228239 -7 -16 -12.5
0.000236243 -6.5 -15.5 -13
3.24018e-05 -8.5 -17.5 -11.5
9.97394e-05 -8 -17 -12
0.000179582 -7.5 -16.5 -12.5
0.000236582 -7 -16 -13
3.00245e-05 -5 -14 -14.5
0.000278604 -6.5 -15.5 -13.5
7.00636e-05 -8 -17 -12.5
2.22433e-05 -4.5 -13.5 -15.5
0.000156052 -7.5 -16.5 -13
0.000235319 -7 -16 -13.5
7.67865e-05 -5 -14 -15
0.000315687 -6 -15 -14.5
4.51185e-05 -8 -17 -13
4.48134e-05 -4.5 -13.5 -16
0.000122121 -7.5 -16.5 -13.5
0.000208451 -7 -16 -14
0.000290247 -6.5 -15.5 -14.5
0.000134904 -5 -14 -15.5
2.90875e-05 -8 -17 -13.5
8.60412e-05 -7.5 -16.5 -14
7.22792e-05 -4.5 -13.5 -16.5
0.000165646 -7 -16 -14.5
0.000247553 -6.5 -15.5 -15
0.00018625 -5 -14 -16
2.16472e-05 -4 -13 -17.5
5.45422e-05 -7.5 -16.5 -14.5
8.49602e-05 -4.5 -13.5 -17
0.000116078 -7 -16 -15
0.00018838 -6.5 -15.5 -15.5
0.000211148 -5 -14 -16.5
3.29577e-05 -7.5 -16.5 -15
8.51212e-05 -4.5 -13.5 -17.5
7.23102e-05 -7 -16 -15.5
5.53236e-05 -4.5 -13.5 -18
3.87903e-05 -7 -16 -16
7.05439e-05 -6.5 -15.5 -16.5
2.25463e-05 -4.5 -13.5 -18.5
2.0417e-05 -5 -14 -18.5
4.09097e-05 -5.5 -14.5 -18
4.61503e-05 -6 -15 -17.5
3.47697e-05 -6.5 -15.5 -17
7.21332e-05 -5 -14 -18
0.000103238 -5.5 -14.5 -17.5
9.89664e-05 -6 -15 -17
0.000140878 -5 -14 -17.5
0.000186625 -5.5 -14.5 -17
0.000172327 -6 -15 -16.5
0.000124904 -6.5 -15.5 -16
0.000204669 -5 -14 -17
0.000271378 -5.5 -14.5 -16.5
0.000250364 -6 -15 -16
0.000329001 -5.5 -14.5 -16
0.000316388 -6 -15 -15.5
0.000308488 -5.5 -14.5 -15.5
0.000337461 -6 -15 -15
0.000251334 -5.5 -14.5 -15
0.000294383 -6.5 -15.5 -14
0.000170792 -5.5 -14.5 -14.5
0.000258097 -6 -15 -14
8.75263e-05 -5.5 -14.5 -14
0.000177966 -6 -15 -13.5
3.78182e-05 -5.5 -14.5 -13.5
9.95491e-05 -6 -15 -13
4.12113e-05 -6 -15 -12.5
0.000102046 -6.5 -15.5 -12
0.000338254 -3.5 -8 -19
0.000120256 -3.5 -8 -18.5
2.21981e-05 -3 -8 -18
6.52771e-05 -2.5 -8.5 -19
0.000163197 -3 -8 -18.5
0.000127845 -2.5 -8.5 -19.5
0.00047816 -3 -8 -19
0.000171302 -2.5 -8.5 -20
0.000807805 -3 -8 -19.5
0.000199362 -2.5 -8.5 -20.5
0.000191376 -2.5 -8.5 -21
0.000931375 -3 -8 -20.5
0.000119022 -2.5 -8.5 -21.5
0.000761656 -3 -8 -21
2.02009e-05 -9.5 -19 -4.5
3.53035e-05 -2.5 -8.5 -22
3.17194e-05 -10 -19.5 -4.5
4.43343e-05 -9.5 -19 -5
2.79631e-05 -9 -18.5 -5.5
3.29023e-05 -10 -19.5 -5
2.20173e-05 -3 -8 -22.5
5.11402e-05 -9.5 -19 -5.5
3.05329e-05 -3.5 -7.5 -22
5.95842e-05 -9 -18.5 -6
3.23233e-05 -10 -19.5 -5.5
5.30029e-05 -9.5 -19 -6
2.45222e-05 -8.5 -18 -6.5
0.000132302 -3 -8 -22
7.11642e-05 -9 -18.5 -6.5
6.48828e-05 -8.5 -18 -7
2.78201e-05 -10 -19.5 -6
5.37401e-05 -9.5 -19 -6.5
7.6923e-05 -9 -18.5 -7
8.48425e-05 -8.5 -18 -7.5
2.2379e-05 -10 -19.5 -6.5
4.9218e-05 -9.5 -19 -7
7.82042e-05 -9 -18.5 -7.5
5.14976e-05 -8 -17.5 -8
9.94411e-05 -8.5 -18 -8
0.000121212 -3.5 -7.5 -21.5
9.23775e-05 -8 -17.5 -8.5
0.000442829 -3 -8 -21.5
4.28538e-05 -7.5 -17 -9
4.24344e-05 -9.5 -19 -7.5
7.87743e-05 -9 -18.5 -8
0.000106912 -8.5 -18 -8.5
0.000116623 -8 -17.5 -9
0.000230179 -3.5 -7.5 -21
8.89558e-05 -7.5 -17 -9.5
3.09854e-05 -7 -16.5 -10
3.33705e-05 -9.5 -19 -8
7.0742e-05 -9 -18.5 -8.5
0.00010912 -8.5 -18 -9
0.000134736 -8 -17.5 -9.5
0.000130524 -7.5 -17 -10
7.65007e-05 -7 -16.5 -10.5
2.30864e-05 -9.5 -19 -8.5
6.03827e-05 -9 -18.5 -9
0.000107422 -8.5 -18 -9.5
0.000142394 -8 -17.5 -10
0.000160776 -7.5 -17 -10.5
0.00012934 -7 -16.5 -11
4.79578e-05 -9 -18.5 -9.5
9.7161e-05 -8.5 -18 -10
0.000144928 -8 -17.5 -10.5
0.000178795 -7.5 -17 -11
0.000178926 -7 -16.5 -11.5
3.47066e-05 -9 -18.5 -10
8.16088e-05 -8.5 -18 -10.5
0.000138607 -8 -17.5 -11
0.000183075 -7.5 -17 -11.5
0.000206246 -7 -16.5 -12
2.00572e-05 -9 -18.5 -10.5
6.32692e-05 -8.5 -18 -11
0.000122655 -8 -17.5 -11.5
0.00018315 -7.5 -17 -12
3.45069e-05 -5.5 -15 -13.5
0.00022553 -7 -16.5 -12.5
4.4891e-05 -8.5 -18 -11.5
9.96014e-05 -8 -17.5 -12
2.40528e-05 -5 -14.5 -14.5
0.00017174 -7.5 -17 -12.5
0.000231509 -7 -16.5 -13
7.93595e-05 -5.5 -15 -14
3.06643e-05 -8.5 -18 -12
7.42755e-05 -8 -17.5 -12.5
0.000146081 -7.5 -17 -13
4.66282e-05 -5 -14.5 -15
0.000212168 -7 -16.5 -13.5
0.000266087 -6.5 -16 -14
5.31661e-05 -8 -17.5 -13
0.000111038 -7.5 -17 -13.5
7.39716e-05 -5 -14.5 -15.5
0.000172707 -7 -16.5 -14
0.000231559 -6.5 -16 -14.5
3.43178e-05 -8 -17.5 -13.5
2.33091e-05 -4.5 -14 -16.5
7.46362e-05 -7.5 -17 -14
0.000125763 -7 -16.5 -14.5
8.53203e-05 -5 -14.5 -16
2.16564e-05 -4.5 -14 -17
4.44991e-05 -7.5 -17 -14.5
8.42719e-05 -5 -14.5 -16.5
8.29033e-05 -7 -16.5 -15
2.98908e-05 -7.5 -17 -15
4.88839e-05 -7 -16.5 -15.5
5.64242e-05 -5 -14.5 -17
7.06296e-05 -6.5 -16 -16
2.07264e-05 -7.5 -17 -15.5
2.48577e-05 -5 -14.5 -17.5
2.15517e-05 -5.5 -15 -17.5
3.51933e-05 -6 -15.5 -17
3.46117e-05 -6.5 -16 -16.5
2.51831e-05 -7 -16.5 -16
6.43107e-05 -5.5 -15 -17
8.05863e-05 -6 -15.5 -16.5
0.000117718 -5.5 -15 -16.5
0.000141723 -6 -15.5 -16
0.000121178 -6.5 -16 -15.5
0.000171231 -5.5 -15 -16
0.000205386 -6 -15.5 -15.5
0.000178986 -6.5 -16 -15
0.000185793 -5.5 -15 -15.5
0.000258849 -6 -15.5 -15
0.000164773 -5.5 -15 -15
0.000251642 -6 -15.5 -14.5
0.00012585 -5.5 -15 -14.5
0.000221711 -6 -15.5 -14
0.000257837 -6.5 -16 -13.5
0.000162418 -6 -15.5 -13.5
0.000230995 -6.5 -16 -13
9.64669e-05 -6 -15.5 -13
0.000176402 -6.5 -16 -12.5
4.90984e-05 -6 -15.5 -12.5
0.000114852 -6.5 -16 -12
6.47719e-05 -6.5 -16 -11.5
0.000302643 -3.5 -7.5 -20.5
0.00032112 -3.5 -7.5 -20
0.000957003 -3 -8 -20
0.000279757 -3.5 -7.5 -19.5
0.000140644 -3.5 -7.5 -19
3.2722e-05 -3.5 -7.5 -18.5
3.08246e-05 -2.5 -8 -18.5
0.000131617 -2.5 -8 -19
0.000291583 -2.5 -8 -19.5
0.00031107 -3 -7.5 -19
0.00042741 -2.5 -8 -20
0.000694554 -3 -7.5 -19.5
0.000507214 -2.5 -8 -20.5
0.000483074 -2.5 -8 -21
0.000952411 -3 -7.5 -20.5
0.000323904 -2.5 -8 -21.5
0.000805226 -3 -7.5 -21
0.000136191 -2.5 -8 -22
2.12786e-05 -9.5 -19.5 -4.5
2.04459e-05 -2.5 -8 -22.5
2.19934e-05 -10 -20 -4.5
3.83393e-05 -9.5 -19.5 -5
2.67235e-05 -10 -20 -5
3.64022e-05 -9 -19 -5.5
4.40376e-05 -9.5 -19.5 -5.5
5.69875e-05 -9 -19 -6
2.958e-05 -3 -7.5 -22.5
2.66122e-05 -10 -20 -5.5
4.58055e-05 -9.5 -19.5 -6
3.91443e-05 -8.5 -18.5 -6.5
6.65079e-05 -9 -19 -6.5
6.47974e-05 -8.5 -18.5 -7
2.41692e-05 -10 -20 -6
4.43807e-05 -9.5 -19.5 -6.5
7.07263e-05 -9 -19 -7
8.35493e-05 -8.5 -18.5 -7.5
3.05762e-05 -8 -18 -7.5
5.54401e-05 -8 -18 -8
0.000195187 -3 -7.5 -22
2.12504e-05 -10 -20 -6.5
4.20771e-05 -9.5 -19.5 -7
7.12559e-05 -9 -19 -7.5
9.57807e-05 -8.5 -18.5 -8
4.32575e-05 -3.5 -7 -21.5
9.29328e-05 -8 -18 -8.5
0.000515675 -3 -7.5 -21.5
4.90168e-05 -7.5 -17.5 -9
3.72567e-05 -9.5 -19.5 -7.5
6.86335e-05 -9 -19 -8
0.000101093 -8.5 -18.5 -8.5
0.000115478 -8 -18 -9
8.92952e-05 -7.5 -17.5 -9.5
3.15474e-05 -9.5 -19.5 -8
6.34063e-05 -9 -19 -8.5
0.000100272 -8.5 -18.5 -9
0.000128926 -8 -18 -9.5
0.000127641 -7.5 -17.5 -10
2.60971e-05 -9.5 -19.5 -8.5
5.486e-05 -9 -19 -9
9.52618e-05 -8.5 -18.5 -9.5
0.000134315 -8 -18 -10
0.000152603 -7.5 -17.5 -10.5
2.7506e-05 -6.5 -16.5 -11
4.37383e-05 -9 -19 -9.5
8.64055e-05 -8.5 -18.5 -10
0.000132375 -8 -18 -10.5
0.000164391 -7.5 -17.5 -11
0.000164052 -7 -17 -11.5
6.2685e-05 -6.5 -16.5 -11.5
3.33911e-05 -9 -19 -10
7.21964e-05 -8.5 -18.5 -10.5
0.000116572 -8 -18 -11
0.000167904 -7.5 -17.5 -11.5
0.00018624 -7 -17 -12
3.9666e-05 -6 -16 -12.5
2.7027e-05 -9 -19 -10.5
5.53664e-05 -8.5 -18.5 -11
0.000100703 -8 -18 -11.5
2.54135e-05 -5.5 -15.5 -13.5
0.000155574 -7.5 -17.5 -12
0.000193996 -7 -17 -12.5
3.94536e-05 -8.5 -18.5 -11.5
8.02221e-05 -8 -18 -12
0.000134128 -7.5 -17.5 -12.5
4.47926e-05 -5.5 -15.5 -14
0.000181273 -7 -17 -13
2.70695e-05 -8.5 -18.5 -12
5.93608e-05 -8 -18 -12.5
0.000104496 -7.5 -17.5 -13
6.66196e-05 -5.5 -15.5 -14.5
0.000148068 -7 -17 -13.5
2.0746e-05 -8.5 -18.5 -12.5
3.95503e-05 -8 -18 -13
2.48568e-05 -5 -15 -15.5
7.36122e-05 -7.5 -17.5 -13.5
0.000108457 -7 -17 -14
7.45341e-05 -5.5 -15.5 -15
2.14291e-05 -8.5 -18.5 -13
2.51381e-05 -8 -18 -13.5
2.16728e-05 -5 -15 -16
4.66077e-05 -7.5 -17.5 -14
7.03917e-05 -7 -17 -14.5
6.84431e-05 -5.5 -15.5 -15.5
2.00481e-05 -8 -18 -14
2.73632e-05 -7.5 -17.5 -14.5
4.11362e-05 -7 -17 -15
4.15755e-05 -6 -16 -16
4.73057e-05 -6.5 -16.5 -15.5
4.20372e-05 -5.5 -15.5 -16
7.88536e-05 -6 -16 -15.5
8.819e-05 -6.5 -16.5 -15
0.000120303 -6 -16 -15
0.00013283 -6.5 -16.5 -14.5
0.000141869 -6 -16 -14.5
0.000172495 -6.5 -16.5 -14
0.000135029 -6 -16 -14
0.000187593 -6.5 -16.5 -13.5
0.000115553 -6 -16 -13.5
0.000176742 -6.5 -16.5 -13
8.09024e-05 -6 -16 -13
0.000146644 -6.5 -16.5 -12.5
0.000103651 -6.5 -16.5 -12
0.000122443 -7 -17 -11
7.70962e-05 -7 -17 -10.5
3.73452e-05 -7 -17 -10
7.52144e-05 -3.5 -7 -21
8.58031e-05 -3.5 -7 -20.5
8.94674e-05 -3.5 -7 -20
0.000960461 -3 -7.5 -20
8.02241e-05 -3.5 -7 -19.5
3.56769e-05 -3.5 -7 -19
7.02084e-05 -3 -7.5 -18.5
4.13254e-05 -2.5 -7.5 -18.5
0.000189888 -2.5 -7.5 -19
0.000460465 -2.5 -7.5 -19.5
0.000172315 -3 -7 -19
0.000734718 -2.5 -7.5 -20
0.000881099 -2.5 -7.5 -20.5
0.000617201 -2.5 -7.5 -21.5
0.000751731 -3 -7 -21
2.00061e-05 -2 -8 -22.5
0.000272388 -2.5 -7.5 -22
4.88933e-05 -2.5 -7.5 -22.5
2.09544e-05 -9.5 -20 -5.5
2.13689e-05 -9 -19.5 -5.5
3.95413e-05 -9 -19.5 -6
3.62105e-05 -3 -7 -22.5
2.69375e-05 -9.5 -20 -6
4.62987e-05 -9 -19.5 -6.5
3.31534e-05 -8.5 -19 -6.5
5.38137e-05 -8.5 -19 -7
2.70878e-05 -9.5 -20 -6.5
4.89791e-05 -9 -19.5 -7
2.85629e-05 -8 -18.5 -7.5
6.56151e-05 -8.5 -19 -7.5
2.57173e-05 -9.5 -20 -7
4.94817e-05 -9 -19.5 -7.5
7.31458e-05 -8.5 -19 -8
4.86124e-05 -8 -18.5 -8
7.68052e-05 -8 -18.5 -8.5
0.000214725 -3 -7 -22
4.4878e-05 -7.5 -18 -9
2.42384e-05 -9.5 -20 -7.5
4.69624e-05 -9 -19.5 -8
7.5248e-05 -8.5 -19 -8.5
9.26257e-05 -8 -18.5 -9
7.53197e-05 -7.5 -18 -9.5
2.20483e-05 -9.5 -20 -8
4.25466e-05 -9 -19.5 -8.5
7.21696e-05 -8.5 -19 -9
9.9685e-05 -8 -18.5 -9.5
9.42996e-05 -7.5 -18 -10
3.37671e-05 -7 -17.5 -10
3.6587e-05 -9 -19.5 -9
6.6638e-05 -8.5 -19 -9.5
0.000100349 -8 -18.5 -10
2.31515e-05 -6.5 -17 -11
0.000111087 -7.5 -18 -10.5
3.05494e-05 -9 -19.5 -9.5
5.75582e-05 -8.5 -19 -10
8.99575e-05 -8 -18.5 -10.5
0.000118012 -7.5 -18 -11
4.17838e-05 -6.5 -17 -11.5
2.53396e-05 -9 -19.5 -10
4.63614e-05 -8.5 -19 -10.5
7.60484e-05 -8 -18.5 -11
2.61315e-05 -6 -16.5 -12.5
0.000109952 -7.5 -18 -11.5
2.26418e-05 -9 -19.5 -10.5
3.55002e-05 -8.5 -19 -11
6.10029e-05 -8 -18.5 -11.5
9.35052e-05 -7.5 -18 -12
3.82868e-05 -6 -16.5 -13
2.56775e-05 -8.5 -19 -11.5
4.63045e-05 -8 -18.5 -12
7.25848e-05 -7.5 -18 -12.5
3.25681e-05 -8 -18.5 -12.5
2.05068e-05 -5.5 -16 -14.5
4.99472e-05 -7.5 -18 -13
3.00435e-05 -7.5 -18 -13.5
2.0168e-05 -6 -16.5 -15
3.64312e-05 -6.5 -17 -14.5
3.80047e-05 -7 -17.5 -14
3.81062e-05 -6 -16.5 -14.5
6.09439e-05 -6.5 -17 -14
6.22578e-05 -7 -17.5 -13.5
4.87361e-05 -6 -16.5 -14
8.26625e-05 -6.5 -17 -13.5
8.85495e-05 -7 -17.5 -13
4.64658e-05 -6 -16.5 -13.5
9.0649e-05 -6.5 -17 -13
0.000107857 -7 -17.5 -12.5
8.40912e-05 -6.5 -17 -12.5
0.000115987 -7 -17.5 -12
6.97108e-05 -6.5 -17 -12
0.000108034 -7 -17.5 -11.5
9.1621e-05 -7 -17.5 -11
6.6691e-05 -7 -17.5 -10.5
0.000518462 -3 -7 -21.5
0.000852154 -2.5 -7.5 -21
0.000783854 -3 -7 -20.5
0.000714254 -3 -7 -20
0.000453402 -3 -7 -19.5
3.00753e-05 -3 -7 -18.5
3.76585e-05 -2.5 -7 -18.5
2.86701e-05 -2 -7.5 -19.5
0.000201584 -2.5 -7 -19
6.45606e-05 -2 -7.5 -20
0.000538781 -2.5 -7 -19.5
0.000100153 -2 -7.5 -20.5
0.000113016 -2 -7.5 -21
0.00113128 -2.5 -7 -20.5
0.000107212 -2 -7.5 -21.5
6.51847e-05 -2 -7.5 -22
0.000858047 -2.5 -7 -21.5
2.38802e-05 -2 -7.5 -22.5
0.000424861 -2.5 -7 -22
9.48611e-05 -2.5 -7 -22.5
2.01823e-05 -8.5 -19.5 -7
3.15785e-05 -8.5 -19.5 -7.5
3.31155e-05 -8.5 -19.5 -8
3.99715e-05 -8 -19 -8.5
2.66622e-05 -8 -19 -8
3.32341e-05 -8.5 -19.5 -8.5
4.52222e-05 -8 -19 -9
3.12398e-05 -8.5 -19.5 -9
4.55646e-05 -8 -19 -9.5
2.74519e-05 -8.5 -19.5 -9.5
4.22204e-05 -8 -19 -10
5.00984e-05 -7.5 -18.5 -10.5
2.96437e-05 -7 -18 -10.5
2.049e-05 -8.5 -19.5 -10
3.49604e-05 -8 -19 -10.5
2.67936e-05 -8 -19 -11
3.77947e-05 -7 -18 -12
2.73566e-05 -7.5 -18.5 -12
2.63256e-05 -7 -18 -12.5
2.50578e-05 -6.5 -17.5 -12.5
3.8212e-05 -7.5 -18.5 -11.5
2.51491e-05 -6.5 -17.5 -12
4.35123e-05 -7 -18 -11.5
4.70761e-05 -7.5 -18.5 -11
3.58413e-05 -7 -18 -11
4.71701e-05 -7.5 -18.5 -10
3.54436e-05 -7.5 -18.5 -9.5
2.59594e-05 -7.5 -18.5 -9
3.27948e-05 -3 -6.5 -22.5
0.00016141 -3 -6.5 -22
0.000324551 -3 -6.5 -21.5
0.00044119 -3 -6.5 -21
0.00110447 -2.5 -7 -21
0.000473142 -3 -6.5 -20.5
0.000431144 -3 -6.5 -20
0.000923071 -2.5 -7 -20
0.000247182 -3 -6.5 -19.5
6.98985e-05 -3 -6.5 -19
2.06374e-05 -2 -7 -19
8.18545e-05 -2 -7 -19.5
0.000124977 -2.5 -6.5 -19
0.000203681 -2 -7 -20
0.00032103 -2 -7 -20.5
0.000369933 -2 -7 -21
0.0003509 -2 -7 -21.5
0.00117736 -2.5 -6.5 -21
0.000238425 -2 -7 -22
0.00094427 -2.5 -6.5 -21.5
8.89491e-05 -2 -7 -22.5
0.000517189 -2.5 -6.5 -22
0.000144668 -2.5 -6.5 -22.5
6.50784e-05 -3 -6 -22
0.000124838 -3 -6 -21.5
0.000166246 -3 -6 -21
0.000178243 -3 -6 -20.5
0.00118984 -2.5 -6.5 -20.5
0.000158681 -3 -6 -20
0.00093193 -2.5 -6.5 -20
7.42837e-05 -3 -6 -19.5
0.000484902 -2.5 -6.5 -19.5
3.66981e-05 -2 -6.5 -19
0.000179595 -2 -6.5 -19.5
6.36692e-05 -2.5 -6 -19
0.00047686 -2 -6.5 -20
0.000744368 -2 -6.5 -20.5
0.000674783 -2.5 -6 -20
0.00080134 -2 -6.5 -21
0.00074561 -2 -6.5 -21.5
0.000990607 -2.5 -6 -21
2.7201e-05 -3 -5.5 -20.5
0.000507554 -2 -6.5 -22
2.05775e-05 -2 -6.5 -23
0.000167911 -2.5 -6 -22.5
0.00017658 -2 -6.5 -22.5
0.000546326 -2.5 -6 -22
0.000904545 -2.5 -6 -21.5
2.39784e-05 -3 -5.5 -21
0.000970597 -2.5 -6 -20.5
2.40925e-05 -3 -5.5 -20
0.000292572 -2.5 -6 -19.5
4.95233e-05 -2 -6 -19
0.000261342 -2 -6 -19.5
2.67249e-05 -2.5 -5.5 -19
0.000718281 -2 -6 -20
2.89018e-05 -1.5 -6.5 -21
0.00113144 -2 -6 -20.5
0.00043194 -2.5 -5.5 -20
3.55606e-05 -1.5 -6.5 -21.5
0.00121219 -2 -6 -21
0.000652752 -2.5 -5.5 -20.5
3.70851e-05 -1.5 -6.5 -22
2.21381e-05 -1.5 -6.5 -22.5
0.00076576 -2 -6 -22
2.04725e-05 -1.5 -6.5 -23
3.56011e-05 -2 -6 -23
0.000152017 -2.5 -5.5 -22.5
0.000301691 -2 -6 -22.5
0.000381367 -2.5 -5.5 -22
0.000585095 -2.5 -5.5 -21.5
0.00112263 -2 -6 -21.5
0.000661189 -2.5 -5.5 -21
0.000157361 -2.5 -5.5 -19.5
6.00785e-05 -1.5 -6 -20
0.000266768 -2 -5.5 -19.5
0.000126896 -1.5 -6 -20.5
0.000179997 -1.5 -6 -21
0.00019291 -1.5 -6 -21.5
0.00133576 -2 -5.5 -21
0.000286823 -2.5 -5 -20.5
0.000174557 -1.5 -6 -22
0.000108225 -1.5 -6 -22.5
3.11323e-05 -1.5 -6 -23
6.54644e-05 -2 -5.5 -23
7.55402e-05 -2.5 -5 -22.5
0.00040271 -2 -5.5 -22.5
0.00018779 -2.5 -5 -22
0.000873416 -2 -5.5 -22
0.00027533 -2.5 -5 -21.5
0.00124277 -2 -5.5 -21.5
0.000301871 -2.5 -5 -21
0.00124575 -2 -5.5 -20.5
0.000162651 -2.5 -5 -20
0.000768548 -2 -5.5 -20
4.6043e-05 -2.5 -5 -19.5
4.74807e-05 -2 -5.5 -19
4.79751e-05 -1.5 -5.5 -19.5
0.000178524 -1.5 -5.5 -20
0.00037666 -1.5 -5.5 -20.5
2.71896e-05 -2.5 -4.5 -20
0.000500757 -1.5 -5.5 -21
5.07902e-05 -2.5 -4.5 -20.5
0.000543495 -1.5 -5.5 -21.5
0.000484721 -1.5 -5.5 -22
0.000272916 -1.5 -5.5 -22.5
0.000866449 -2 -5 -22
6.60653e-05 -1.5 -5.5 -23
0.000101771 -2 -5 -23
0.000434824 -2 -5 -22.5
3.52226e-05 -2.5 -4.5 -22
4.87079e-05 -2.5 -4.5 -21.5
0.00116887 -2 -5 -21.5
5.29714e-05 -2.5 -4.5 -21
0.00123898 -2 -5 -21
0.00109776 -2 -5 -20.5
0.000574046 -2 -5 -20
0.000157047 -2 -5 -19.5
2.30724e-05 -2 -5 -19
0.000361251 -1.5 -5 -20
7.74986e-05 -2 -4.5 -19.5
0.000742417 -1.5 -5 -20.5
0.000311777 -2 -4.5 -20
0.00098018 -1.5 -5 -21.5
0.000506058 -1.5 -5 -22.5
0.000638928 -2 -4.5 -22
2.02069e-05 -1.5 -5 -23.5
0.000120535 -2 -4.5 -23
0.000140522 -1.5 -5 -23
0.000390352 -2 -4.5 -22.5
0.000872656 -1.5 -5 -22
0.00076184 -2 -4.5 -21.5
0.000778541 -2 -4.5 -21
0.000962846 -1.5 -5 -21
0.00063694 -2 -4.5 -20.5
9.33686e-05 -1.5 -5 -19.5
0.000127622 -2 -4 -20
2.72106e-05 -1 -5 -21.5
3.20322e-05 -1 -5 -22
2.65983e-05 -1 -5 -22.5
0.000727337 -1.5 -4.5 -22.5
3.30888e-05 -1.5 -4.5 -23.5
9.29502e-05 -2 -4 -23
0.000259965 -1.5 -4.5 -23
0.000221354 -2 -4 -22.5
0.000337226 -2 -4 -22
0.00113241 -1.5 -4.5 -22
0.000385851 -2 -4 -21.5
0.00126343 -1.5 -4.5 -21.5
0.000391765 -2 -4 -21
0.00124695 -1.5 -4.5 -21
0.000294849 -2 -4 -20.5
0.000915045 -1.5 -4.5 -20.5
0.000437659 -1.5 -4.5 -20
2.61268e-05 -2 -4 -19.5
0.000108218 -1.5 -4.5 -19.5
2.82458e-05 -1 -4.5 -20
8.99213e-05 -1 -4.5 -20.5
0.000169695 -1 -4.5 -21
0.000209816 -1 -4.5 -21.5
0.000207525 -1 -4.5 -22
0.000167695 -1 -4.5 -22.5
8.95025e-05 -1 -4.5 -23
0.000822533 -1.5 -4 -22.5
2.08841e-05 -1 -4.5 -23.5
0.000370224 -1.5 -4 -23
6.63516e-05 -1.5 -4 -23.5
3.27675e-05 -2 -3.5 -23
6.91161e-05 -2 -3.5 -22.5
9.01399e-05 -2 -3.5 -22
0.00121038 -1.5 -4 -22
9.73187e-05 -2 -3.5 -21.5
0.00131827 -1.5 -4 -21.5
9.8003e-05 -2 -3.5 -21
0.00127919 -1.5 -4 -21
6.56721e-05 -2 -3.5 -20.5
0.000881792 -1.5 -4 -20.5
2.55851e-05 -2 -3.5 -20
0.000360669 -1.5 -4 -20
7.2596e-05 -1.5 -4 -19.5
9.14595e-05 -1 -4 -20
0.00028516 -1 -4 -20.5
0.000531199 -1 -4 -21
0.000628537 -1 -4 -22
0.000503572 -1 -4 -22.5
0.000264338 -1 -4 -23
7.15849e-05 -1 -4 -23.5
0.000416096 -1.5 -3.5 -23
8.42027e-05 -1.5 -3.5 -23.5
0.000819146 -1.5 -3.5 -22.5
0.00101251 -1.5 -3.5 -22
0.00104373 -1.5 -3.5 -21.5
0.000640725 -1 -4 -21.5
0.000914855 -1.5 -3.5 -21
0.000520275 -1.5 -3.5 -20.5
0.000176377 -1.5 -3.5 -20
3.35505e-05 -1.5 -3.5 -19.5
3.65863e-05 -1 -3.5 -19.5
0.000581026 -1 -3.5 -20.5
0.00105521 -1 -3.5 -21
0.00127571 -1 -3.5 -22
0.000316017 -1.5 -3 -23
7.9225e-05 -1.5 -3 -23.5
0.000157935 -1 -3.5 -23.5
0.000576939 -1 -3.5 -23
0.000570244 -1.5 -3 -22.5
0.00103907 -1 -3.5 -22.5
0.000706795 -1.5 -3 -22
0.000727953 -1.5 -3 -21.5
0.00130574 -1 -3.5 -21.5
0.000616061 -1.5 -3 -21
0.00033002 -1.5 -3 -20.5
0.000102478 -1.5 -3 -20
0.000189256 -1 -3.5 -20
0.000125297 -1.5 -2.5 -20.5
0.000300807 -1.5 -2.5 -21.5
0.000243965 -1.5 -2.5 -22.5
2.64258e-05 -1.5 -2.5 -23.5
0.000265927 -1 -3 -23.5
0.000135268 -1.5 -2.5 -23
0.000934546 -1 -3 -23
0.00160271 -1 -3 -22.5
0.00029398 -1.5 -2.5 -22
0.00186934 -1 -3 -22
0.00187607 -1 -3 -21.5
0.000243362 -1.5 -2.5 -21
0.00147145 -1 -3 -21
0.00075953 -1 -3 -20.5
3.69849e-05 -1.5 -2.5 -20
0.00023026 -1 -3 -20
4.23162e-05 -1 -3 -19.5
8.60963e-05 -0.5 -3 -21.5
3.49237e-05 -1.5 -2 -21.5
0.000144695 -0.5 -3 -22
0.000193469 -0.5 -3 -22.5
2.84551e-05 -1.5 -2 -22.5
0.000185963 -0.5 -3 -23
0.000130184 -0.5 -3 -23.5
4.00818e-05 -0.5 -3 -24
0.000291973 -1 -2.5 -23.5
0.00107944 -1 -2.5 -23
0.00191506 -1 -2.5 -22.5
3.40755e-05 -1.5 -2 -22
0.00224913 -1 -2.5 -22
0.00226715 -1 -2.5 -21.5
2.93288e-05 -1.5 -2 -21
0.00175863 -1 -2.5 -21
0.000884746 -1 -2.5 -20.5
0.000255879 -1 -2.5 -20
4.57174e-05 -1 -2.5 -19.5
9.54107e-05 -0.5 -2.5 -20
0.000389125 -0.5 -2.5 -20.5
0.000378849 -0.5 -2.5 -23.5
2.65162e-05 -0.5 -2.5 -24
0.000172645 -1 -2 -23.5
0.000731912 -1 -2 -23
0.00100862 -0.5 -2.5 -23
0.00131461 -1 -2 -22.5
0.00144182 -0.5 -2.5 -22.5
0.00157265 -1 -2 -22
0.00154349 -0.5 -2.5 -22
0.00160718 -1 -2 -21.5
0.00142571 -0.5 -2.5 -21.5
0.00129134 -1 -2 -21
0.000913 -0.5 -2.5 -21
0.000643713 -1 -2 -20.5
0.000177957 -1 -2 -20
3.19177e-05 -1 -2 -19.5
4.7234e-05 -1 -1.5 -23.5
0.000483524 -0.5 -2 -23.5
0.000206035 -1 -1.5 -23
0.00172755 -0.5 -2 -23
0.000403608 -1 -1.5 -22.5
0.00297102 -0.5 -2 -22.5
0.000519162 -1 -1.5 -22
0.00344988 -0.5 -2 -22
0.000540671 -1 -1.5 -21.5
0.00346093 -0.5 -2 -21.5
0.000457859 -1 -1.5 -21
0.00260583 -0.5 -2 -21
0.000229815 -1 -1.5 -20.5
0.00123746 -0.5 -2 -20.5
6.06569e-05 -1 -1.5 -20
0.000328795 -0.5 -2 -20
5.89359e-05 -0.5 -2 -19.5
2.22564e-05 -1 -1 -23
0.000407651 -0.5 -1.5 -23.5
0.00179202 -0.5 -1.5 -23
5.07414e-05 -1 -1 -22.5
0.00322025 -0.5 -1.5 -22.5
6.47641e-05 -1 -1 -22
0.00384076 -0.5 -1.5 -22
6.75294e-05 -1 -1 -21.5
0.00390217 -0.5 -1.5 -21.5
5.75993e-05 -1 -1 -21
0.00306276 -0.5 -1.5 -21
2.80685e-05 -1 -1 -20.5
0.0014819 -0.5 -1.5 -20.5
0.000391599 -0.5 -1.5 -20
6.95918e-05 -0.5 -1.5 -19.5
0.000131543 -0.5 -1 -23.5
0.000742978 -0.5 -1 -23
0.00148977 -0.5 -1 -22.5
0.00189955 -0.5 -1 -22
0.00196982 -0.5 -1 -21.5
0.00167394 -0.5 -1 -21
0.000821398 -0.5 -1 -20.5
0.000205447 -0.5 -1 -20
3.43677e-05 -0.5 -1 -19.5
7.72052e-05 -0.5 -0.5 -23
0.000153679 -0.5 -0.5 -22.5
0.000193744 -0.5 -0.5 -22
0.000200481 -0.5 -0.5 -21.5
0.000162658 -0.5 -0.5 -21
7.3307e-05 -0.5 -0.5 -20.5
9.33749e-05 0 0 -24
0.000961602 0 0 -23.5
0.00239625 0 0 -23
0.00351008 0 0 -22.5
0.00380028 0 0 -22
0.00370617 0 0 -21.5
0.00256996 0 0 -21
0.00113762 0 0 -20.5
0.000283774 0 0 -20
5.11004e-05 0 0 -19.5
0.000102165 0 0.5 -24
0.00150342 0 0.5 -23.5
0.00410691 0 0.5 -23
0.00629308 0 0.5 -22.5
0.00694299 0 0.5 -22
0.00685776 0 0.5 -21.5
0.00493178 0 0.5 -21
0.00225792 0 0.5 -20.5
0.00057885 0 0.5 -20
0.00010444 0 0.5 -19.5
0.000405723 0 1 -23.5
8.16711e-05 0.5 0.5 -23.5
0.00123279 0 1 -23
0.000218922 0.5 0.5 -23
0.001962 0 1 -22.5
0.0003353 0.5 0.5 -22.5
0.00219503 0 1 -22
0.000374762 0.5 0.5 -22
0.00217892 0 1 -21.5
0.000373068 0.5 0.5 -21.5
0.00158027 0 1 -21
0.000271961 0.5 0.5 -21
0.000713817 0 1 -20.5
0.000125613 0.5 0.5 -20.5
0.00017658 0 1 -20
3.25161e-05 0.5 0.5 -20
3.07092e-05 0 1 -19.5
0.000263148 0.5 1 -23.5
3.45456e-05 0 1.5 -23
0.00073816 0.5 1 -23
4.77301e-05 0 1.5 -22.5
0.00116739 0.5 1 -22.5
5.0439e-05 0 1.5 -22
0.00132611 0.5 1 -22
4.59487e-05 0 1.5 -21.5
0.00133142 0.5 1 -21.5
2.43152e-05 0 1.5 -21
0.00100581 0.5 1 -21
0.000472642 0.5 1 -20.5
0.000124254 0.5 1 -20
2.27964e-05 0.5 1 -19.5
0.000277296 0.5 1.5 -23.5
0.00104215 0.5 1.5 -23
0.00180917 0.5 1.5 -22.5
0.00214165 0.5 1.5 -22
0.00217811 0.5 1.5 -21.5
0.00175337 0.5 1.5 -21
0.000865888 0.5 1.5 -20.5
0.000224359 0.5 1.5 -20
3.73327e-05 0.5 1.5 -19.5
0.000220055 1 1.5 -21.5
3.21448e-05 1 1.5 -23.5
0.000241951 0.5 2 -23.5
0.000968679 0.5 2 -23
0.000110002 1 1.5 -23
0.00172048 0.5 2 -22.5
0.000181895 1 1.5 -22.5
0.00205315 0.5 2 -22
0.000215304 1 1.5 -22
0.00209013 0.5 2 -21.5
0.00170203 0.5 2 -21
0.000178886 1 1.5 -21
0.000871425 0.5 2 -20.5
9.18237e-05 1 1.5 -20.5
0.000256722 0.5 2 -20
2.61345e-05 1 1.5 -20
4.68243e-05 0.5 2 -19.5
0.000786158 1 2 -22
0.000342635 1 2 -23
0.000158895 0.5 2.5 -23.5
8.28137e-05 1 2 -23.5
0.000722426 0.5 2.5 -23
0.00134816 0.5 2.5 -22.5
0.00062958 1 2 -22.5
0.00164231 0.5 2.5 -22
0.00167666 0.5 2.5 -21.5
0.000813004 1 2 -21.5
0.00137696 0.5 2.5 -21
0.000696888 1 2 -21
0.000709878 0.5 2.5 -20.5
0.000364075 1 2 -20.5
0.000199938 0.5 2.5 -20
0.000105764 1 2 -20
3.6451e-05 0.5 2.5 -19.5
0.000231858 1 2.5 -20
0.000715108 1 2.5 -20.5
7.90466e-05 0.5 3 -23.5
0.000120684 1 2.5 -23.5
0.000300379 0.5 3 -23
0.000613102 1 2.5 -23
0.000521339 0.5 3 -22.5
0.0011513 1 2.5 -22.5
0.000596718 0.5 3 -22
0.00143379 1 2.5 -22
0.000592849 0.5 3 -21.5
0.00148027 1 2.5 -21.5
0.000449068 0.5 3 -21
0.0012971 1 2.5 -21
0.000226831 0.5 3 -20.5
6.35329e-05 0.5 3 -20
4.21575e-05 1 2.5 -19.5
2.92197e-05 1.5 2.5 -20
8.63592e-05 1.5 2.5 -20.5
0.000138597 1.5 2.5 -21
0.000143179 1.5 2.5 -21.5
0.000134319 1.5 2.5 -22
0.000102265 1.5 2.5 -22.5
5.74509e-05 1.5 2.5 -23
2.005e-05 0.5 3.5 -23.5
0.00010034 1 3 -23.5
4.91837e-05 0.5 3.5 -23
0.000641386 1 3 -23
6.41533e-05 0.5 3.5 -22.5
0.00139969 1 3 -22.5
6.40151e-05 0.5 3.5 -22
0.0018855 1 3 -22
4.88137e-05 0.5 3.5 -21.5
0.00197908 1 3 -21.5
2.47146e-05 0.5 3.5 -21
0.00184067 1 3 -21
0.0011359 1 3 -20.5
0.00042061 1 3 -20
7.80262e-05 1 3 -19.5
2.71833e-05 1.5 3 -19.5
0.000143827 1.5 3 -20
0.000381869 1.5 3 -20.5
0.000581132 1.5 3 -21
0.00059484 1.5 3 -21.5
0.000552723 1.5 3 -22
0.000394779 1.5 3 -22.5
0.000184205 1.5 3 -23
2.81732e-05 1.5 3 -23.5
6.28001e-05 1 3.5 -23.5
0.000508193 1 3.5 -23
0.00117937 1 3.5 -22.5
0.00165034 1 3.5 -22
0.0017481 1 3.5 -21.5
0.0016549 1 3.5 -21
0.00106949 1 3.5 -20.5
0.000428778 1 3.5 -20
9.65958e-05 1 3.5 -19.5
7.42016e-05 1.5 3.5 -19.5
0.000791479 1.5 3.5 -20.5
0.00113635 1.5 3.5 -21
0.0011517 1.5 3.5 -21.5
0.00106202 1.5 3.5 -22
3.03543e-05 1 4 -23.5
2.93705e-05 1.5 3.5 -23.5
0.000289895 1 4 -23
0.000308204 1.5 3.5 -23
0.000711423 1 4 -22.5
0.000743489 1.5 3.5 -22.5
0.00101519 1 4 -22
0.00108484 1 4 -21.5
0.00104587 1 4 -21
0.000722304 1 4 -20.5
0.000307931 1 4 -20
0.000332957 1.5 3.5 -20
7.31509e-05 1 4 -19.5
2.05443e-05 1.5 4 -19
2.82513e-05 2 3.5 -20
6.13441e-05 2 3.5 -20.5
7.82018e-05 2 3.5 -21
7.65983e-05 2 3.5 -21.5
6.60945e-05 2 3.5 -22
4.50968e-05 2 3.5 -22.5
0.00029357 1.5 4 -23
0.000115271 1 4.5 -23
0.000278289 1 4.5 -22.5
0.000902609 1.5 4 -22.5
0.000386736 1 4.5 -22
0.0015081 1.5 4 -22
0.000409791 1 4.5 -21.5
0.00174751 1.5 4 -21.5
0.000394106 1 4.5 -21
0.0017685 1.5 4 -21
0.000280886 1 4.5 -20.5
0.00136681 1.5 4 -20.5
0.000130004 1 4.5 -20
0.000605997 1.5 4 -20
3.22418e-05 1 4.5 -19.5
0.000141754 1.5 4 -19.5
3.87158e-05 2 4 -19.5
0.000166747 2 4 -20
0.000262477 1.5 4.5 -19.5
0.000355343 2 4 -20.5
0.000429134 2 4 -21
0.000416198 2 4 -21.5
0.000345509 2 4 -22
0.000205218 2 4 -22.5
0.00145791 1.5 4.5 -22
6.68507e-05 2 4 -23
2.34332e-05 1 5 -23
0.000220451 1.5 4.5 -23
6.21331e-05 1 5 -22.5
0.00083104 1.5 4.5 -22.5
8.51727e-05 1 5 -22
8.86168e-05 1 5 -21.5
0.00172872 1.5 4.5 -21.5
8.14952e-05 1 5 -21
0.0017591 1.5 4.5 -21
5.65424e-05 1 5 -20.5
0.00148901 1.5 4.5 -20.5
2.64175e-05 1 5 -20
0.000837912 1.5 4.5 -20
4.33746e-05 1.5 4.5 -19
2.35312e-05 2 4.5 -19
0.000150505 2 4.5 -19.5
0.000859986 2 4.5 -20.5
0.000946479 2 4.5 -21
0.000715539 2 4.5 -22
9.34907e-05 2 4.5 -23
0.000118929 1.5 5 -23
0.00058938 1.5 5 -22.5
0.000398927 2 4.5 -22.5
0.00116125 1.5 5 -22
0.00146546 1.5 5 -21.5
0.000904189 2 4.5 -21.5
0.00150852 1.5 5 -21
0.00133347 1.5 5 -20.5
0.000769027 1.5 5 -20
0.00048787 2 4.5 -20
0.000254009 1.5 5 -19.5
4.72944e-05 1.5 5 -19
5.9962e-05 2 5 -19
2.76549e-05 2.5 4.5 -20
4.22255e-05 2.5 4.5 -20.5
4.13292e-05 2.5 4.5 -21
3.64111e-05 2.5 4.5 -21.5
2.67165e-05 2.5 4.5 -22
5.00652e-05 1.5 5.5 -23
7.75803e-05 2 5 -23
0.000297778 1.5 5.5 -22.5
0.00046194 2 5 -22.5
0.00065176 1.5 5.5 -22
0.00101294 2 5 -22
0.000865941 1.5 5.5 -21.5
0.00131116 2 5 -21.5
0.000893054 1.5 5.5 -21
0.00135673 2 5 -21
0.000790707 1.5 5.5 -20.5
0.00127618 2 5 -20.5
0.000459916 1.5 5.5 -20
0.000818052 2 5 -20
0.000164176 1.5 5.5 -19.5
0.000316153 2 5 -19.5
3.22882e-05 1.5 5.5 -19
7.38381e-05 2.5 5 -19.5
0.000196298 2.5 5 -20
0.000574205 2 5.5 -19.5
0.000270614 2.5 5 -20.5
0.000265058 2.5 5 -21
0.00164261 2 5.5 -20.5
0.000243655 2.5 5 -21.5
0.00166009 2 5.5 -21
0.000164791 2.5 5 -22
6.59842e-05 2.5 5 -22.5
0.00100133 2 5.5 -22
4.44336e-05 2 5.5 -23
0.000106138 1.5 6 -22.5
0.000407068 2 5.5 -22.5
0.000245329 1.5 6 -22
0.000327635 1.5 6 -21.5
0.00149752 2 5.5 -21.5
0.000338937 1.5 6 -21
0.000291193 1.5 6 -20.5
0.000174306 1.5 6 -20
0.00123619 2 5.5 -20
6.91956e-05 1.5 6 -19.5
0.000123582 2 5.5 -19
0.000291454 2.5 5.5 -19.5
0.000223508 2 6 -19
0.000595242 2.5 5.5 -20
0.000716245 2.5 5.5 -20.5
0.00069473 2.5 5.5 -21
0.000591852 2.5 5.5 -21.5
0.000378153 2.5 5.5 -22
0.000137899 2.5 5.5 -22.5
0.000268738 2 6 -22.5
5.60834e-05 1.5 6.5 -22
0.000839936 2 6 -22
8.0158e-05 1.5 6.5 -21.5
0.0013732 2 6 -21.5
8.27259e-05 1.5 6.5 -21
0.00156775 2 6 -21
6.61921e-05 1.5 6.5 -20.5
0.00156333 2 6 -20.5
4.05434e-05 1.5 6.5 -20
0.00123 2 6 -20
0.000678104 2 6 -19.5
6.54544e-05 2.5 5.5 -19
3.90304e-05 2 6 -18.5
0.000186804 2.5 6 -19
2.04228e-05 3 5.5 -20
0.00102882 2.5 6 -20
0.000987102 2.5 6 -21.5
0.000137017 2.5 6 -22.5
0.000126049 2 6.5 -22.5
0.000534794 2 6.5 -22
0.000535478 2.5 6 -22
0.00099512 2 6.5 -21.5
0.00115095 2 6.5 -21
0.0011551 2.5 6 -21
0.00114321 2 6.5 -20.5
0.00117839 2.5 6 -20.5
0.000961699 2 6.5 -20
0.00056769 2 6.5 -19.5
0.00058045 2.5 6 -19.5
0.000209274 2 6.5 -19
4.03572e-05 2 6.5 -18.5
3.01835e-05 2.5 6 -18.5
3.56879e-05 3 6 -19
2.90935e-05 2 7 -18.5
0.000102541 3 6 -19.5
0.000157584 3 6 -20
0.000148019 3 6 -20.5
0.000135173 3 6 -21
0.000103909 3 6 -21.5
5.41393e-05 3 6 -22
4.07376e-05 2 7 -22.5
9.8906e-05 2.5 6.5 -22.5
0.000239872 2 7 -22
0.000492811 2.5 6.5 -22
0.000504169 2 7 -21.5
0.00099719 2.5 6.5 -21.5
0.000606707 2 7 -21
0.00145821 2.5 6.5 -21
0.000595889 2 7 -20.5
0.00158746 2.5 6.5 -20.5
0.000515262 2 7 -20
0.00151272 2.5 6.5 -20
0.000317154 2 7 -19.5
0.00096102 2.5 6.5 -19.5
0.000126837 2 7 -19
0.000374406 2.5 6.5 -19
7.09641e-05 2.5 6.5 -18.5
3.04046e-05 3 6.5 -18.5
0.00016281 3 6.5 -19
0.000405684 3 6.5 -19.5
0.000547111 3 6.5 -20
0.000534589 3 6.5 -20.5
0.000461972 3 6.5 -21
0.000312904 3 6.5 -21.5
0.000139194 3 6.5 -22
4.44998e-05 2.5 7 -22.5
6.18695e-05 2 7.5 -22
0.000368207 2.5 7 -22
0.000165766 2 7.5 -21.5
0.000916776 2.5 7 -21.5
0.00021562 2 7.5 -21
0.0014012 2.5 7 -21
0.000214394 2 7.5 -20.5
0.00156962 2.5 7 -20.5
0.000188351 2 7.5 -20
0.00154415 2.5 7 -20
0.000126622 2 7.5 -19.5
0.00122647 2.5 7 -19.5
5.90655e-05 2 7.5 -19
0.000638379 2.5 7 -19
0.000184817 2.5 7 -18.5
2.37634e-05 2.5 7 -18
0.000455061 3 7 -19
3.35323e-05 2 8 -19.5
0.00100283 3 7 -20
4.61931e-05 2 8 -20
5.03873e-05 2 8 -20.5
4.38854e-05 2 8 -21
0.000503554 3 7 -21.5
0.000199513 2.5 7.5 -22
0.000159323 3 7 -22
0.000661904 2.5 7.5 -21.5
0.00114447 2.5 7.5 -21
0.000821729 3 7 -21
0.00137499 2.5 7.5 -20.5
0.000972516 3 7 -20.5
0.00138853 2.5 7.5 -20
0.0011311 2.5 7.5 -19.5
0.000855086 3 7 -19.5
0.000613945 2.5 7.5 -19
0.000222564 2.5 7.5 -18.5
0.000130355 3 7 -18.5
4.72408e-05 2.5 7.5 -18
2.15035e-05 3.5 7 -18.5
0.000184351 2.5 8 -18.5
6.02319e-05 3.5 7 -19
9.45502e-05 3.5 7 -19.5
9.24452e-05 3.5 7 -20
0.000765317 2.5 8 -19.5
8.12998e-05 3.5 7 -20.5
6.70496e-05 3.5 7 -21
3.53668e-05 3.5 7 -21.5
0.000670523 2.5 8 -21
7.00297e-05 2.5 8 -22
0.000129103 3 7.5 -22
0.000338741 2.5 8 -21.5
0.00050001 3 7.5 -21.5
0.000982706 3 7.5 -21
0.000879961 2.5 8 -20.5
0.00129426 3 7.5 -20.5
0.000905059 2.5 8 -20
0.00131461 3 7.5 -20
0.00121148 3 7.5 -19.5
0.000449625 2.5 8 -19
0.000817636 3 7.5 -19
0.000317179 3 7.5 -18.5
4.20952e-05 2.5 8 -18
5.89851e-05 3 7.5 -18
2.55194e-05 3.5 7.5 -18
0.000118539 3.5 7.5 -18.5
0.000289052 3.5 7.5 -19
0.00039757 3.5 7.5 -19.5
0.000390698 3.5 7.5 -20
0.000348425 3.5 7.5 -20.5
0.00149327 3 8 -20
0.000223164 3.5 7.5 -21
9.52047e-05 3.5 7.5 -21.5
0.000395938 3 8 -21.5
6.64415e-05 3 8 -22
0.00010848 2.5 8.5 -21.5
0.000280785 2.5 8.5 -21
0.000915317 3 8 -21
0.000405246 2.5 8.5 -20.5
0.00131471 3 8 -20.5
0.000418351 2.5 8.5 -20
0.000350603 2.5 8.5 -19.5
0.00148219 3 8 -19.5
0.000220062 2.5 8.5 -19
0.00118679 3 8 -19
0.000107282 2.5 8.5 -18.5
0.000608631 3 8 -18.5
2.91276e-05 2.5 8.5 -18
0.000174718 3 8 -18
2.21655e-05 3 8 -17.5
4.98128e-05 2.5 9 -18.5
0.000710672 3.5 8 -19
8.67178e-05 2.5 9 -19
0.000117491 2.5 9 -19.5
0.000783276 3.5 8 -20
0.000661051 3.5 8 -20.5
0.000138388 2.5 9 -20
0.000143169 3.5 8 -21.5
0.000222599 3 8.5 -21.5
6.16623e-05 2.5 9 -21
0.00068925 3 8.5 -21
0.000126345 2.5 9 -20.5
0.000415516 3.5 8 -21
0.0011687 3 8.5 -20.5
0.00140021 3 8.5 -20
0.00142291 3 8.5 -19.5
0.000818754 3.5 8 -19.5
0.0011874 3 8.5 -19
0.00076573 3 8.5 -18.5
0.000405257 3.5 8 -18.5
0.000320787 3 8.5 -18
0.000124452 3.5 8 -18
7.61935e-05 3 8.5 -17.5
2.05376e-05 4 8 -18
4.73415e-05 4 8 -18.5
6.57221e-05 4 8 -19
0.000726071 3.5 8.5 -18.5
0.000303214 3 9 -18
0.00107022 3 9 -19.5
4.87161e-05 4 8 -20
0.00119178 3.5 8.5 -19.5
3.06542e-05 4 8 -20.5
0.000427925 3.5 8.5 -21
0.000122327 3.5 8.5 -21.5
7.56166e-05 3 9 -21.5
0.000380798 3 9 -21
0.000803543 3 9 -20.5
0.000862301 3.5 8.5 -20.5
0.00105887 3 9 -20
0.00115872 3.5 8.5 -20
0.000952147 3 9 -19
6.18578e-05 4 8 -19.5
0.00108389 3.5 8.5 -19
0.000655075 3 9 -18.5
0.000331091 3.5 8.5 -18
8.23157e-05 3 9 -17.5
7.95425e-05 3.5 8.5 -17.5
3.42693e-05 4 8.5 -17.5
7.10594e-05 3 9.5 -17.5
0.000121371 4 8.5 -18
0.000414777 3 9.5 -18.5
0.000298826 4 8.5 -19
0.00113007 3.5 9 -18.5
0.000283383 4 8.5 -19.5
0.00022914 4 8.5 -20
0.000134669 4 8.5 -20.5
0.00116658 3.5 9 -20
0.000603174 3 9.5 -19.5
5.44119e-05 4 8.5 -21
6.37593e-05 3.5 9 -21.5
0.000129055 3 9.5 -21
0.000345943 3.5 9 -21
0.000376984 3 9.5 -20.5
0.000787064 3.5 9 -20.5
0.000578031 3 9.5 -20
0.00142457 3.5 9 -19.5
0.000551916 3 9.5 -19
0.00141925 3.5 9 -19
0.000205905 3 9.5 -18
0.000237888 4 8.5 -18.5
0.000635968 3.5 9 -18
0.000227668 3.5 9 -17.5
3.57247e-05 3.5 9 -17
0.000466072 3.5 9.5 -17.5
0.00015927 4 9 -17.5
4.35701e-05 3 10 -17.5
0.00125007 3.5 9.5 -18.5
0.000102983 3 10 -18
0.000607805 4 9 -18.5
0.000184231 3 10 -18.5
0.000637343 4 9 -19.5
0.000493504 4 9 -20
0.000235179 3 10 -19.5
0.000197327 3.5 9.5 -21
9.70718e-05 3 10 -20.5
9.86421e-05 4 9 -21
0.000596569 3.5 9.5 -20.5
0.000207514 3 10 -20
0.000294229 4 9 -20.5
0.00106296 3.5 9.5 -20
0.00135443 3.5 9.5 -19.5
0.000221757 3 10 -19
0.00140462 3.5 9.5 -19
0.000677117 4 9 -19
0.000909339 3.5 9.5 -18
0.000398141 4 9 -18
0.000143053 3.5 9.5 -17
2.90343e-05 4 9 -17
4.16827e-05 4.5 9 -18
2.15111e-05 3 10.5 -17.5
4.39937e-05 4.5 9 -18.5
4.32479e-05 3 10.5 -18
3.0223e-05 4.5 9 -19
6.42781e-05 3 10.5 -18.5
7.10012e-05 3 10.5 -19
6.68314e-05 3 10.5 -19.5
3.46655e-05 3 10.5 -20
6.07331e-05 3.5 10 -21
8.87416e-05 4 9.5 -21
0.000331239 3.5 10 -20.5
0.000312457 4 9.5 -20.5
0.000755858 3.5 10 -20
0.000672387 4 9.5 -20
0.00108828 3.5 10 -19.5
0.000981429 4 9.5 -19.5
0.00123053 3.5 10 -19
0.00111081 4 9.5 -19
0.00110342 3.5 10 -18.5
0.00100374 4 9.5 -18.5
0.000827878 3.5 10 -18
0.000768615 4 9.5 -18
0.000463299 3.5 10 -17.5
0.000415481 4 9.5 -17.5
0.000186203 3.5 10 -17
2.59256e-05 4.5 9 -17.5
0.000134383 4 9.5 -17
4.17687e-05 3.5 10 -16.5
4.27479e-05 3.5 10.5 -16.5
0.000155042 3.5 10.5 -17
0.000367367 3.5 10.5 -17.5
0.000221286 4.5 9.5 -18.5
7.51681e-05 4.5 9.5 -20
2.09476e-05 4.5 9.5 -20.5
4.70556e-05 4 10 -21
0.000104491 3.5 10.5 -20.5
0.000254476 4 10 -20.5
0.000357908 3.5 10.5 -20
0.000630763 4 10 -20
0.000630337 3.5 10.5 -19.5
0.000985852 4 10 -19.5
0.000789031 3.5 10.5 -19
0.000132254 4.5 9.5 -19.5
0.00123057 4 10 -19
0.000750861 3.5 10.5 -18.5
0.000194179 4.5 9.5 -19
0.00132627 4 10 -18.5
0.000591091 3.5 10.5 -18
0.00116783 4 10 -18
0.000202916 4.5 9.5 -18
0.000769526 4 10 -17.5
0.000134518 4.5 9.5 -17.5
0.000347615 4 10 -17
5.38282e-05 4.5 9.5 -17
8.88053e-05 4 10 -16.5
3.4934e-05 3.5 11 -16.5
0.000104656 3.5 11 -17
0.000205715 3.5 11 -17.5
0.000298553 3.5 11 -18
0.000371576 3.5 11 -18.5
0.000358896 3.5 11 -19
0.000244972 3.5 11 -19.5
0.000137312 4 10.5 -20.5
8.39469e-05 3.5 11 -20
5.06487e-05 4.5 10 -20.5
0.000462747 4 10.5 -20
0.000174742 4.5 10 -20
0.000887319 4 10.5 -19.5
0.000325437 4.5 10 -19.5
0.00119059 4 10.5 -19
0.000478399 4.5 10 -19
0.00133831 4 10.5 -18.5
0.000571061 4.5 10 -18.5
0.00129231 4 10.5 -18
0.000549405 4.5 10 -18
0.00106797 4 10.5 -17.5
0.000427721 4.5 10 -17.5
0.000661872 4 10.5 -17
0.000224815 4.5 10 -17
0.000284074 4 10.5 -16.5
7.11415e-05 4.5 10 -16.5
5.54444e-05 4 10.5 -16
2.19198e-05 4 11 -15.5
0.000131041 4 11 -16
0.000344848 4 11 -16.5
2.98697e-05 5 10 -17
2.31753e-05 3.5 11.5 -16.5
5.25232e-05 3.5 11.5 -17
2.27287e-05 5 10 -18
8.42819e-05 3.5 11.5 -17.5
0.000109469 3.5 11.5 -18
0.000127607 3.5 11.5 -18.5
9.58653e-05 3.5 11.5 -19
3.17974e-05 3.5 11.5 -19.5
3.63838e-05 4 11 -20.5
4.94479e-05 4.5 10.5 -20.5
0.000233316 4 11 -20
0.000199587 4.5 10.5 -20
0.000607283 4 11 -19.5
0.000469273 4.5 10.5 -19.5
0.000976572 4 11 -19
0.000747789 4.5 10.5 -19
0.00121089 4 11 -18.5
0.00092864 4.5 10.5 -18.5
0.00120994 4 11 -18
0.000949498 4.5 10.5 -18
0.00102705 4 11 -17.5
0.000829342 4.5 10.5 -17.5
0.000662453 4 11 -17
3.39582e-05 5 10 -17.5
0.000545373 4.5 10.5 -17
0.000257867 4.5 10.5 -16.5
6.51174e-05 4.5 10.5 -16
3.71909e-05 4 11.5 -15.5
0.000125447 4 11.5 -16
0.000306465 4 11.5 -16.5
0.000554372 4 11.5 -17
0.000775819 4 11.5 -17.5
0.000876129 4 11.5 -18
2.8818e-05 5 10.5 -19.5
2.39104e-05 4.5 11 -20.5
5.87774e-05 4 11.5 -20
0.000155324 4.5 11 -20
0.000269669 4 11.5 -19.5
0.000437241 4.5 11 -19.5
0.000572102 4 11.5 -19
0.000759902 4.5 11 -19
0.000794003 4 11.5 -18.5
7.44901e-05 5 10.5 -19
0.00105921 4.5 11 -18.5
0.00012291 5 10.5 -18.5
0.00120898 4.5 11 -18
0.000163352 5 10.5 -18
0.00114666 4.5 11 -17.5
0.000176514 5 10.5 -17.5
0.000920332 4.5 11 -17
0.000148617 5 10.5 -17
0.00055495 4.5 11 -16.5
9.28126e-05 5 10.5 -16.5
0.000233395 4.5 11 -16
3.6978e-05 5 10.5 -16
5.09517e-05 4.5 11 -15.5
4.20634e-05 4.5 11.5 -15
0.000215798 4.5 11.5 -15.5
3.60928e-05 4 12 -15.5
0.000533626 4.5 11.5 -16
9.88767e-05 4 12 -16
0.000203089 4 12 -16.5
0.00033144 4 12 -17
0.000421555 4 12 -17.5
0.000454035 4 12 -18
0.000358936 4 12 -18.5
0.00020063 4 12 -19
7.42902e-05 4.5 11.5 -20
4.53433e-05 4 12 -19.5
0.000291288 4.5 11.5 -19.5
7.82197e-05 5 11 -19.5
0.000640938 4.5 11.5 -19
0.000188542 5 11 -19
0.000988612 4.5 11.5 -18.5
0.000318773 5 11 -18.5
0.00121554 4.5 11.5 -18
0.000453235 5 11 -18
0.00127155 4.5 11.5 -17.5
0.000505063 5 11 -17.5
0.00116158 4.5 11.5 -17
0.000452293 5 11 -17
0.000883881 4.5 11.5 -16.5
0.000320624 5 11 -16.5
0.000163683 5 11 -16
4.90107e-05 5 11 -15.5
2.22956e-05 4.5 12 -14.5
0.000127375 4.5 12 -15
0.000317669 4.5 12 -15.5
2.70453e-05 4 12.5 -15.5
0.000579319 4.5 12 -16
5.68467e-05 4 12.5 -16
0.000898906 4.5 12 -16.5
2.14951e-05 5.5 11 -17
9.67753e-05 4 12.5 -16.5
0.00111789 4.5 12 -17
0.00013854 4 12.5 -17
0.000159268 4 12.5 -17.5
0.000141529 4 12.5 -18
7.76207e-05 4 12.5 -18.5
0.000124424 4.5 12 -19.5
0.000103982 5 11.5 -19.5
0.000396859 4.5 12 -19
0.000282457 5 11.5 -19
0.000746718 4.5 12 -18.5
0.000515658 5 11.5 -18.5
0.00105416 4.5 12 -18
0.000741986 5 11.5 -18
0.00118381 4.5 12 -17.5
0.000851824 5 11.5 -17.5
0.000817798 5 11.5 -17
0.000688995 5 11.5 -16.5
3.09434e-05 5.5 11 -16.5
0.000447554 5 11.5 -16
2.84287e-05 5.5 11 -16
0.00020765 5 11.5 -15.5
6.13576e-05 5 11.5 -15
6.31218e-05 5 12 -14.5
4.28025e-05 4.5 12.5 -14.5
0.000226237 5 12 -15
0.000126632 4.5 12.5 -15
0.000294014 4.5 12.5 -15.5
0.000132118 5.5 11.5 -16
0.000515922 4.5 12.5 -16
2.50328e-05 4 13 -16
0.00074604 4.5 12.5 -16.5
0.000142921 5.5 11.5 -17
3.57844e-05 4 13 -16.5
0.000111867 5.5 11.5 -17.5
0.000846121 4.5 12.5 -17
4.17999e-05 4 13 -17
0.000865343 4.5 12.5 -17.5
3.26756e-05 4 13 -17.5
0.000680216 4.5 12.5 -18
7.55432e-05 5 12 -19.5
0.000145581 4.5 12.5 -19
0.000252204 5 12 -19
0.000399508 4.5 12.5 -18.5
0.000508707 5 12 -18.5
0.000797118 5 12 -18
6.66384e-05 5.5 11.5 -18
0.00103322 5 12 -17.5
0.00109215 5 12 -17
0.000989848 5 12 -16.5
0.000157345 5.5 11.5 -16.5
0.000782125 5 12 -16
0.000486792 5 12 -15.5
8.7385e-05 5.5 11.5 -15.5
3.84631e-05 5.5 11.5 -15
6.22398e-05 5 12.5 -14
0.000240639 5 12.5 -14.5
4.22086e-05 4.5 13 -14.5
0.000511207 5 12.5 -15
0.00010577 4.5 13 -15
0.000798349 5 12.5 -15.5
0.000207104 4.5 13 -15.5
0.00104316 5 12.5 -16
0.000339672 4.5 13 -16
0.000443112 4.5 13 -16.5
0.000482008 4.5 13 -17
0.000420055 4.5 13 -17.5
0.000268923 4.5 13 -18
0.000104246 4.5 13 -18.5
2.3988e-05 5 12.5 -19.5
0.000143569 5 12.5 -19
3.14064e-05 5.5 12 -19
0.00038404 5 12.5 -18.5
8.34845e-05 5.5 12 -18.5
0.000681569 5 12.5 -18
0.000182115 5.5 12 -18
0.00097052 5 12.5 -17.5
0.000302387 5.5 12 -17.5
0.00112886 5 12.5 -17
0.000413238 5.5 12 -17
0.00115823 5 12.5 -16.5
0.000452087 5.5 12 -16.5
0.000402419 5.5 12 -16
0.00029307 5.5 12 -15.5
0.000166252 5.5 12 -15
6.2201e-05 5.5 12 -14.5
4.09627e-05 5 13 -13.5
0.000152414 5 13 -14
2.51529e-05 6 12 -14.5
0.000332858 5 13 -14.5
3.13885e-05 4.5 13.5 -14.5
0.000562125 5 13 -15
6.10072e-05 4.5 13.5 -15
0.000831842 5 13 -15.5
0.000109387 4.5 13.5 -15.5
0.0010222 5 13 -16
0.000160054 4.5 13.5 -16
0.00109579 5 13 -16.5
0.000181588 4.5 13.5 -16.5
0.00100395 5 13 -17
0.000170534 4.5 13.5 -17
0.000104013 4.5 13.5 -17.5
3.03081e-05 4.5 13.5 -18
4.40014e-05 5 13 -19
4.33421e-05 5.5 12.5 -19
0.000195868 5 13 -18.5
0.000136505 5.5 12.5 -18.5
0.000458481 5 13 -18
0.000300106 5.5 12.5 -18
0.000753888 5 13 -17.5
0.000503592 5.5 12.5 -17.5
0.00068937 5.5 12.5 -17
0.000775794 5.5 12.5 -16.5
0.000739182 5.5 12.5 -16
2.31224e-05 6 12 -16
0.000630992 5.5 12.5 -15.5
3.3274e-05 6 12 -15.5
0.000439435 5.5 12.5 -15
3.25912e-05 6 12 -15
0.000235906 5.5 12.5 -14.5
9.50129e-05 5.5 12.5 -14
2.15689e-05 5.5 12.5 -13.5
2.60476e-05 5.5 13 -13
0.000120619 5.5 13 -13.5
6.05497e-05 5 13.5 -13.5
0.000287263 5.5 13 -14
0.000149381 5 13.5 -14
0.000306603 5 13.5 -14.5
0.000143889 6 12.5 -15
0.000504639 5 13.5 -15
0.000158535 6 12.5 -15.5
2.97818e-05 4.5 14 -15
0.000700526 5 13.5 -15.5
0.000138434 6 12.5 -16
3.95333e-05 4.5 14 -15.5
0.000797653 5 13.5 -16
0.000105263 6 12.5 -16.5
4.60713e-05 4.5 14 -16
0.000837981 5 13.5 -16.5
3.04258e-05 4.5 14 -16.5
0.000676804 5 13.5 -17
0.000424438 5 13.5 -17.5
0.00019119 5 13.5 -18
2.22419e-05 5.5 13 -19
4.40127e-05 5 13.5 -18.5
0.000110821 5.5 13 -18.5
0.000281007 5.5 13 -18
0.000503342 5.5 13 -17.5
0.000751776 5.5 13 -17
6.12338e-05 6 12.5 -17
0.000948111 5.5 13 -16.5
0.000992432 5.5 13 -16
0.000906514 5.5 13 -15.5
0.000753175 5.5 13 -15
0.000516486 5.5 13 -14.5
0.000107493 6 12.5 -14.5
5.78601e-05 6 12.5 -14
2.35475e-05 6 12.5 -13.5
3.17159e-05 5.5 13.5 -12.5
0.000135662 5.5 13.5 -13
0.000335594 5.5 13.5 -13.5
5.64734e-05 5 14 -13.5
0.000562021 5.5 13.5 -14
0.000121761 5 14 -14
0.000785572 5.5 13.5 -14.5
0.000217878 5 14 -14.5
0.000966181 5.5 13.5 -15
0.000339527 5 14 -15
0.00104778 5.5 13.5 -15.5
0.000425728 5 14 -15.5
0.00101129 5.5 13.5 -16
0.000457715 5 14 -16
0.000405659 5 14 -16.5
0.00016932 6 13 -17
0.00027173 5 14 -17
8.03736e-05 6 13 -17.5
0.000121161 5 14 -17.5
3.2533e-05 6 13 -18
5.07354e-05 5.5 13.5 -18.5
0.000178709 5.5 13.5 -18
0.000394732 5.5 13.5 -17.5
0.000645592 5.5 13.5 -17
0.00087695 5.5 13.5 -16.5
0.000276831 6 13 -16.5
0.000380234 6 13 -16
0.000431453 6 13 -15.5
0.000400444 6 13 -15
0.000324141 6 13 -14.5
0.000221209 6 13 -14
0.000114213 6 13 -13.5
4.23477e-05 6 13 -13
2.1466e-05 6 13.5 -12
8.76803e-05 5.5 14 -12.5
2.50924e-05 6.5 13 -13
0.000211664 5.5 14 -13
3.95452e-05 6.5 13 -13.5
0.000374261 5.5 14 -13.5
4.55868e-05 6.5 13 -14
3.82956e-05 5 14.5 -13.5
0.000574659 5.5 14 -14
6.89876e-05 5 14.5 -14
0.000787253 5.5 14 -14.5
0.000118055 5 14.5 -14.5
0.000930819 5.5 14 -15
0.000156372 5 14.5 -15
0.000979916 5.5 14 -15.5
0.000172606 5 14.5 -15.5
0.000885057 5.5 14 -16
0.000156286 5 14.5 -16
0.000675056 5.5 14 -16.5
9.0154e-05 5 14.5 -16.5
2.39569e-05 5 14.5 -17
6.3771e-05 5.5 14 -18
5.24182e-05 6 13.5 -18
0.000210851 5.5 14 -17.5
0.000138511 6 13.5 -17.5
0.000432644 5.5 14 -17
0.000277671 6 13.5 -17
0.000453057 6 13.5 -16.5
0.000621664 6 13.5 -16
0.000711406 6 13.5 -15.5
0.00070746 6 13.5 -15
2.72574e-05 6.5 13 -15
0.000638897 6 13.5 -14.5
4.12697e-05 6.5 13 -14.5
0.000492028 6 13.5 -14
0.000321455 6 13.5 -13.5
0.000183924 6 13.5 -13
8.09912e-05 6 13.5 -12.5
3.4686e-05 6 14 -11.5
0.000117325 6 14 -12
3.60304e-05 5.5 14.5 -12
0.000243129 6 14 -12.5
8.90759e-05 5.5 14.5 -12.5
0.000414115 6 14 -13
0.000195888 5.5 14.5 -13
0.000608952 6 14 -13.5
0.000338522 5.5 14.5 -13.5
0.000503536 5.5 14.5 -14
0.000180009 6.5 13.5 -14.5
3.07601e-05 5 15 -14
0.000649274 5.5 14.5 -14.5
0.000146867 6.5 13.5 -15
3.86587e-05 5 15 -14.5
0.000711564 5.5 14.5 -15
0.000100926 6.5 13.5 -15.5
3.54363e-05 5 15 -15
0.000721602 5.5 14.5 -15.5
5.41895e-05 6.5 13.5 -16
2.09983e-05 5 15 -15.5
0.000573619 5.5 14.5 -16
0.000366136 5.5 14.5 -16.5
0.000176386 5.5 14.5 -17
4.64227e-05 5.5 14.5 -17.5
3.41025e-05 6 14 -18
0.000115645 6 14 -17.5
0.000261652 6 14 -17
0.000447697 6 14 -16.5
0.000647506 6 14 -16
0.000828282 6 14 -15.5
0.000897141 6 14 -15
0.000865183 6 14 -14.5
0.000790587 6 14 -14
0.000176825 6.5 13.5 -14
0.000155319 6.5 13.5 -13.5
0.000111844 6.5 13.5 -13
6.36426e-05 6.5 13.5 -12.5
3.94198e-05 6 14.5 -11
6.2331e-05 6.5 14 -11.5
0.000115537 6 14.5 -11.5
0.000256584 6 14.5 -12
3.21624e-05 5.5 15 -12
0.000449266 6 14.5 -12.5
7.69883e-05 5.5 15 -12.5
0.000634177 6 14.5 -13
0.000140908 5.5 15 -13
0.000786449 6 14.5 -13.5
0.000225336 5.5 15 -13.5
0.000877527 6 14.5 -14
0.00031623 5.5 15 -14
0.000916387 6 14.5 -14.5
0.000366852 5.5 15 -14.5
0.000873128 6 14.5 -15
0.000380168 5.5 15 -15
0.000737946 6 14.5 -15.5
0.000320006 5.5 15 -15.5
0.000207113 5.5 15 -16
7.09147e-05 6.5 14 -16.5
8.65552e-05 5.5 15 -16.5
2.81362e-05 6.5 14 -17
5.5019e-05 6 14.5 -17.5
0.000165004 6 14.5 -17
0.000339212 6 14.5 -16.5
0.00054384 6 14.5 -16
0.000149188 6.5 14 -16
0.000241617 6.5 14 -15.5
0.000350844 6.5 14 -15
0.000421104 6.5 14 -14.5
0.000434477 6.5 14 -14
0.000396805 6.5 14 -13.5
0.000320142 6.5 14 -13
0.000223423 6.5 14 -12.5
0.000127681 6.5 14 -12
2.47097e-05 6.5 14 -11
4.63411e-05 6.5 14.5 -10.5
2.42253e-05 6 15 -10.5
0.000117505 6.5 14.5 -11
6.38275e-05 6 15 -11
0.000217119 6.5 14.5 -11.5
0.000140441 6 15 -11.5
0.000270368 6 15 -12
7.73029e-05 7 14 -12.5
2.46902e-05 5.5 15.5 -12
0.000437902 6 15 -12.5
6.71309e-05 7 14 -13
4.43611e-05 5.5 15.5 -12.5
0.00060742 6 15 -13
5.57192e-05 7 14 -13.5
6.99332e-05 5.5 15.5 -13
0.000756922 6 15 -13.5
0.000107633 5.5 15.5 -13.5
0.000811221 6 15 -14
0.00012588 5.5 15.5 -14
0.000824776 6 15 -14.5
0.000129165 5.5 15.5 -14.5
0.000709885 6 15 -15
0.000100522 5.5 15.5 -15
0.000534328 6 15 -15.5
4.62284e-05 5.5 15.5 -15.5
0.000341474 6 15 -16
0.000166625 6 15 -16.5
5.24006e-05 6 15 -17
4.57673e-05 6.5 14.5 -17
0.000118319 6.5 14.5 -16.5
0.000233637 6.5 14.5 -16
0.000378079 6.5 14.5 -15.5
0.000526817 6.5 14.5 -15
0.00064422 6.5 14.5 -14.5
0.000706103 6.5 14.5 -14
3.45769e-05 7 14 -14
0.000666157 6.5 14.5 -13.5
0.000577946 6.5 14.5 -13
0.00044791 6.5 14.5 -12.5
0.000332838 6.5 14.5 -12
2.38541e-05 6.5 15 -9.5
3.05337e-05 7 14.5 -10
7.48746e-05 6.5 15 -10
6.01721e-05 7 14.5 -10.5
0.000171851 6.5 15 -10.5
2.48748e-05 6 15.5 -10.5
0.00029859 6.5 15 -11
6.20815e-05 6 15.5 -11
0.000430424 6.5 15 -11.5
0.000127645 6 15.5 -11.5
0.000571945 6.5 15 -12
0.000235535 6 15.5 -12
0.000712395 6.5 15 -12.5
0.000356182 6 15.5 -12.5
0.0007834 6.5 15 -13
0.000470343 6 15.5 -13
0.000552232 6 15.5 -13.5
0.000161708 7 14.5 -14
0.000578049 6 15.5 -14
9.41774e-05 7 14.5 -14.5
0.000525017 6 15.5 -14.5
0.000401424 6 15.5 -15
0.000246627 6 15.5 -15.5
0.000114586 6 15.5 -16
2.12864e-05 6 15.5 -16.5
2.30609e-05 6.5 15 -17
9.2862e-05 6.5 15 -16.5
0.000211364 6.5 15 -16
0.000359806 6.5 15 -15.5
0.000520516 6.5 15 -15
4.63785e-05 7 14.5 -15
0.000666065 6.5 15 -14.5
0.000756449 6.5 15 -14
0.00078539 6.5 15 -13.5
0.000210464 7 14.5 -13.5
0.0002371 7 14.5 -13
3.57034e-05 7 15 -9
5.46668e-05 6.5 15.5 -9.5
2.16927e-05 7.5 14.5 -10
7.64593e-05 7 15 -9.5
0.00012051 6.5 15.5 -10
3.14005e-05 7.5 14.5 -10.5
0.000219229 6.5 15.5 -10.5
0.000288373 7 15 -11
3.70032e-05 7.5 14.5 -11
2.22396e-05 6 16 -10.5
0.00034366 6.5 15.5 -11
4.52394e-05 6 16 -11
0.000500176 6.5 15.5 -11.5
9.01712e-05 6 16 -11.5
0.000649107 6.5 15.5 -12
0.000143073 6 16 -12
0.000732947 6.5 15.5 -12.5
0.000200598 6 16 -12.5
0.000775802 6.5 15.5 -13
0.000248878 6 16 -13
0.000764156 6.5 15.5 -13.5
0.000270426 6 16 -13.5
0.000702748 6.5 15.5 -14
0.000248022 6 16 -14
0.000567966 6.5 15.5 -14.5
0.000182844 6 16 -14.5
9.91528e-05 6 16 -15
6.00429e-05 7 15 -15.5
2.31906e-05 6 16 -15.5
3.5081e-05 6.5 15.5 -16.5
0.000115384 6.5 15.5 -16
0.000245321 6.5 15.5 -15.5
0.000402278 6.5 15.5 -15
0.00012524 7 15 -15
0.000203575 7 15 -14.5
0.00030802 7 15 -14
0.000403929 7 15 -13.5
0.000461553 7 15 -13
0.000472254 7 15 -12.5
0.000445689 7 15 -12
2.59616e-05 7.5 14.5 -12
3.00089e-05 7 15.5 -8
2.66326e-05 7.5 15 -8.5
6.96687e-05 7 15.5 -8.5
0.000378224 7 15 -11.5
3.47685e-05 7.5 14.5 -11.5
0.00013069 7 15.5 -9
4.28745e-05 7.5 15 -9
2.41088e-05 6.5 16 -9
0.000208879 7 15.5 -9.5
5.66465e-05 6.5 16 -9.5
0.000298572 7 15.5 -10
0.000112407 6.5 16 -10
0.000407256 7 15.5 -10.5
0.000202533 6.5 16 -10.5
0.000317529 6.5 16 -11
0.000131667 7.5 15 -11.5
2.64691e-05 6 16.5 -11
0.000454011 6.5 16 -11.5
0.000111198 7.5 15 -12
4.18523e-05 6 16.5 -11.5
0.000583562 6.5 16 -12
7.94763e-05 7.5 15 -12.5
5.77971e-05 6 16.5 -12
0.000653463 6.5 16 -12.5
6.86231e-05 6 16.5 -12.5
0.000668646 6.5 16 -13
7.12812e-05 6 16.5 -13
0.000611762 6.5 16 -13.5
5.50469e-05 6 16.5 -13.5
0.000501473 6.5 16 -14
2.28598e-05 6 16.5 -14
0.000353767 6.5 16 -14.5
0.000211896 6.5 16 -15
9.63243e-05 6.5 16 -15.5
3.5178e-05 7 15.5 -16
8.89934e-05 7 15.5 -15.5
0.000176821 7 15.5 -15
0.000288229 7 15.5 -14.5
0.000412684 7 15.5 -14
0.000531795 7 15.5 -13.5
0.000626858 7 15.5 -13
4.71238e-05 7.5 15 -13
0.000667232 7 15.5 -12.5
2.81556e-05 7.5 15.5 -7
0.00062842 7 15.5 -12
4.88868e-05 7.5 15.5 -7.5
2.11417e-05 7 16 -7.5
0.000586297 7 15.5 -11.5
8.09619e-05 7.5 15.5 -8
5.35698e-05 7 16 -8
0.000108693 7 16 -8.5
2.20426e-05 8 15 -9
0.00011774 7.5 15.5 -8.5
0.000511627 7 15.5 -11
0.000158755 7.5 15.5 -9
0.000192181 7 16 -9
0.000206448 7.5 15.5 -9.5
2.44763e-05 8 15 -9.5
2.19269e-05 6.5 16.5 -9
0.000301846 7 16 -9.5
4.38452e-05 6.5 16.5 -9.5
0.000434375 7 16 -10
0.000263834 7.5 15.5 -10
8.6955e-05 6.5 16.5 -10
0.000539902 7 16 -10.5
0.000145239 6.5 16.5 -10.5
0.000624937 7 16 -11
0.000225817 6.5 16.5 -11
0.000677477 7 16 -11.5
0.000308359 6.5 16.5 -11.5
0.000694236 7 16 -12
0.000372828 6.5 16.5 -12
0.000398153 6.5 16.5 -12.5
0.000152017 7.5 15.5 -13
0.000365533 6.5 16.5 -13
8.45235e-05 7.5 15.5 -13.5
0.000297811 6.5 16.5 -13.5
3.89221e-05 7.5 15.5 -14
0.0002031 6.5 16.5 -14
0.000107845 6.5 16.5 -14.5
3.33249e-05 6.5 16.5 -15
6.05641e-05 7 16 -15.5
0.000140369 7 16 -15
0.000249963 7 16 -14.5
0.000378798 7 16 -14
0.000504537 7 16 -13.5
0.000605201 7 16 -13
2.09537e-05 8 15.5 -6
0.000656791 7 16 -12.5
4.39568e-05 7.5 16 -6.5
2.82672e-05 8 15.5 -6.5
3.81337e-05 8 15.5 -7
0.000228666 7.5 15.5 -12.5
8.85343e-05 7.5 16 -7
0.000138605 7.5 16 -7.5
5.14934e-05 8 15.5 -7.5
2.31035e-05 7 16.5 -7.5
6.98999e-05 8 15.5 -8
0.000194485 7.5 16 -8
0.000285755 7.5 15.5 -12
0.000317497 7.5 15.5 -11.5
4.87044e-05 7 16.5 -8
0.000257452 7.5 16 -8.5
8.49159e-05 8 15.5 -8.5
0.000103714 7 16.5 -8.5
0.000183827 7 16.5 -9
9.77838e-05 8 15.5 -9.5
0.000286976 7 16.5 -9.5
8.59445e-05 8 15.5 -10
2.69996e-05 6.5 17 -9.5
0.000403885 7 16.5 -10
6.53603e-05 8 15.5 -10.5
4.3892e-05 6.5 17 -10
0.000513342 7 16.5 -10.5
0.000526652 7.5 16 -11
7.53496e-05 6.5 17 -10.5
0.00059178 7 16.5 -11
0.000104649 6.5 17 -11
0.000625024 7 16.5 -11.5
0.000129756 6.5 17 -11.5
0.000627053 7 16.5 -12
0.000144415 6.5 17 -12
0.000566665 7 16.5 -12.5
0.000130794 6.5 17 -12.5
0.000482528 7 16.5 -13
9.07893e-05 6.5 17 -13
0.000368934 7 16.5 -13.5
4.69011e-05 6.5 17 -13.5
4.68897e-05 7.5 16 -14.5
5.86464e-05 7 16.5 -15
0.000135549 7 16.5 -14.5
0.000244661 7 16.5 -14
2.73524e-05 8 16 -5
9.8435e-05 7.5 16 -14
0.000168973 7.5 16 -13.5
5.13978e-05 8 16 -5.5
0.000263875 7.5 16 -13
8.13294e-05 8 16 -6
0.000372042 7.5 16 -12.5
2.51576e-05 7.5 16.5 -6
0.000106558 8 16 -6.5
2.01504e-05 8.5 15.5 -6.5
0.000456226 7.5 16 -12
5.11097e-05 7.5 16.5 -6.5
2.24389e-05 8.5 15.5 -7
0.000134615 8 16 -7
0.000509266 7.5 16 -11.5
0.000105598 7.5 16.5 -7
0.00016101 8 16 -7.5
2.37344e-05 8.5 15.5 -7.5
0.000175259 7.5 16.5 -7.5
2.00764e-05 8.5 15.5 -8
4.1134e-05 8 15.5 -11
0.000268089 7.5 16.5 -8
0.000191509 8 16 -8
4.06997e-05 7 17 -8
0.000373688 7.5 16.5 -8.5
8.27564e-05 7 17 -8.5
0.000450958 7.5 16.5 -9
0.000140932 7 17 -9
0.000515058 7.5 16.5 -9.5
0.000216757 7 17 -9.5
0.000294664 7 17 -10
0.00019904 8 16 -10.5
0.000369846 7 17 -10.5
0.000152811 8 16 -11
0.000423761 7 17 -11
9.8317e-05 8 16 -11.5
0.000451418 7 17 -11.5
5.57532e-05 8 16 -12
0.000414123 7 17 -12
0.000343267 7 17 -12.5
0.000254835 7 17 -13
0.000162007 7 17 -13.5
8.05694e-05 7 17 -14
4.75735e-05 7.5 16.5 -14.5
2.35093e-05 8.5 16 -4
0.00010182 7.5 16.5 -14
0.000176632 7.5 16.5 -13.5
4.1452e-05 8.5 16 -4.5
2.73671e-05 8 16.5 -4.5
0.000269808 7.5 16.5 -13
5.848e-05 8.5 16 -5
5.50814e-05 8 16.5 -5
0.000373004 7.5 16.5 -12.5
0.000103496 8 16.5 -5.5
6.90332e-05 8.5 16 -5.5
0.000468634 7.5 16.5 -12
0.000156803 8 16.5 -6
7.84707e-05 8.5 16 -6
0.000540191 7.5 16.5 -11.5
2.41829e-05 7.5 17 -6
8.8669e-05 8.5 16 -6.5
0.000208827 8 16.5 -6.5
0.00057044 7.5 16.5 -11
0.000572199 7.5 16.5 -10.5
0.000557071 7.5 16.5 -10
4.85373e-05 7.5 17 -6.5
0.000250943 8 16.5 -7
9.27006e-05 8.5 16 -7
9.83043e-05 7.5 17 -7
0.000164932 7.5 17 -7.5
8.39482e-05 8.5 16 -8
0.000298596 8 16.5 -7.5
0.000254805 7.5 17 -8
6.66136e-05 8.5 16 -8.5
0.000340131 8 16.5 -8
2.48654e-05 7 17.5 -8
0.000351998 7.5 17 -8.5
0.000402953 8 16.5 -9
4.72324e-05 8.5 16 -9
4.42166e-05 7 17.5 -8.5
0.000439509 7.5 17 -9
7.7297e-05 7 17.5 -9
0.000496285 7.5 17 -9.5
0.000109633 7 17.5 -9.5
0.000532029 7.5 17 -10
0.000142183 7 17.5 -10
0.000546619 7.5 17 -10.5
0.000168968 7 17.5 -10.5
0.000529938 7.5 17 -11
0.000184879 7 17.5 -11
0.000466705 7.5 17 -11.5
0.000177356 7 17.5 -11.5
0.000142535 7 17.5 -12
6.34701e-05 8 16.5 -12.5
9.18982e-05 7 17.5 -12.5
3.97122e-05 7 17.5 -13
2.5739e-05 8.5 16.5 -3
6.06547e-05 7.5 17 -14
2.51142e-05 9 16 -3.5
0.00012507 7.5 17 -13.5
5.01069e-05 8.5 16.5 -3.5
0.000207454 7.5 17 -13
3.02188e-05 9 16 -4
8.31281e-05 8.5 16.5 -4
0.00029819 7.5 17 -12.5
3.5175e-05 9 16 -4.5
0.000114781 8.5 16.5 -4.5
0.000388078 7.5 17 -12
2.81588e-05 8 17 -4.5
3.94922e-05 9 16 -5
0.000140382 8.5 16.5 -5
5.42488e-05 8 17 -5
3.68478e-05 9 16 -5.5
0.000103265 8 17 -5.5
3.11814e-05 9 16 -6
0.000164444 8.5 16.5 -5.5
0.000182772 8.5 16.5 -6
0.000123842 8 16.5 -12
0.000192837 8 16.5 -11.5
0.000159585 8 17 -6
2.18242e-05 9 16 -6.5
0.000233372 8 17 -6.5
0.000198703 8.5 16.5 -6.5
3.59282e-05 7.5 17.5 -6.5
0.000316699 8 17 -7
0.000212672 8.5 16.5 -7
0.000268648 8 16.5 -11
0.000335221 8 16.5 -10.5
0.00038069 8 16.5 -10
6.54268e-05 7.5 17.5 -7
0.000377944 8 17 -7.5
0.00021675 8.5 16.5 -7.5
0.000123725 7.5 17.5 -7.5
0.000427861 8 17 -8
0.000188879 7.5 17.5 -8
0.000262725 7.5 17.5 -8.5
0.000152654 8.5 16.5 -9
0.000455757 8 17 -8.5
0.00033412 7.5 17.5 -9
0.000107305 8.5 16.5 -9.5
0.000388931 7.5 17.5 -9.5
0.000450298 8 17 -10
6.0222e-05 8.5 16.5 -10
2.15201e-05 7 18 -9.5
0.000414652 7.5 17.5 -10
2.69954e-05 7 18 -10
0.000412802 7.5 17.5 -10.5
2.23416e-05 7 18 -10.5
0.000368741 7.5 17.5 -11
0.000301617 7.5 17.5 -11.5
0.00022737 7.5 17.5 -12
0.000154221 7.5 17.5 -12.5
8.65089e-05 7.5 17.5 -13
3.15347e-05 9 16.5 -2
3.61764e-05 7.5 17.5 -13.5
5.62764e-05 9 16.5 -2.5
8.30599e-05 9 16.5 -3
3.0372e-05 8.5 17 -3
9.72738e-05 9 16.5 -3.5
5.27084e-05 8 17 -13
5.75061e-05 8.5 17 -3.5
0.000106909 9 16.5 -4
0.000104822 8.5 17 -4
0.000102486 8 17 -12.5
0.000154783 8.5 17 -4.5
0.000112135 9 16.5 -4.5
0.000172038 8 17 -12
0.000207673 8.5 17 -5
0.000117598 9 16.5 -5
0.000255065 8 17 -11.5
0.000335237 8 17 -11
4.61454e-05 8 17.5 -5
0.000246956 8.5 17 -5.5
0.000114763 9 16.5 -5.5
8.97104e-05 8 17.5 -5.5
0.000143506 8 17.5 -6
8.34951e-05 9 16.5 -6.5
0.0002812 8.5 17 -6
0.000101871 9 16.5 -6
0.000403692 8 17 -10.5
0.000305339 8.5 17 -6.5
0.000471133 8 17 -9.5
0.000212806 8 17.5 -6.5
0.000319501 8.5 17 -7
6.09194e-05 9 16.5 -7
0.000289435 8 17.5 -7
3.87115e-05 9 16.5 -7.5
3.3003e-05 7.5 18 -7
0.000358665 8 17.5 -7.5
0.000340063 8.5 17 -7.5
6.06129e-05 7.5 18 -7.5
0.000404688 8 17.5 -8
9.28003e-05 7.5 18 -8
0.000435071 8 17.5 -8.5
0.000127871 7.5 18 -8.5
0.000447159 8 17.5 -9
0.000161711 7.5 18 -9
0.000435596 8 17.5 -9.5
0.000184129 7.5 18 -9.5
0.000190255 7.5 18 -10
8.92075e-05 8.5 17 -10.5
0.000169209 7.5 18 -10.5
0.000297457 8 17.5 -11
4.57388e-05 8.5 17 -11
0.000135676 7.5 18 -11
9.28251e-05 7.5 18 -11.5
5.1178e-05 7.5 18 -12
2.19867e-05 9.5 16.5 -1
4.91718e-05 9.5 16.5 -1.5
4.85856e-05 9 17 -2
6.18581e-05 9.5 16.5 -2
6.62681e-05 9.5 16.5 -2.5
8.94423e-05 9 17 -2.5
4.06066e-05 8 17.5 -13
6.96809e-05 9.5 16.5 -3
0.000129952 9 17 -3
8.47542e-05 8 17.5 -12.5
2.47004e-05 8.5 17.5 -3
6.78966e-05 9.5 16.5 -3.5
0.00015925 9 17 -3.5
0.00014552 8 17.5 -12
5.16909e-05 8.5 17.5 -3.5
5.82317e-05 9.5 16.5 -4
0.000181691 9 17 -4
0.000219967 8 17.5 -11.5
9.52074e-05 8.5 17.5 -4
4.58586e-05 9.5 16.5 -4.5
0.000143355 8.5 17.5 -4.5
2.93027e-05 9.5 16.5 -5
0.000194481 9 17 -4.5
0.000200611 9 17 -5
0.000361847 8 17.5 -10.5
0.000199162 8.5 17.5 -5
0.000207936 9 17 -5.5
2.67052e-05 8 18 -5
0.000251461 8.5 17.5 -5.5
0.000402736 8 17.5 -10
4.93861e-05 8 18 -5.5
0.000294052 8.5 17.5 -6
0.000200298 9 17 -6
9.13998e-05 8 18 -6
0.000329816 8.5 17.5 -6.5
0.000139003 8 18 -6.5
0.000158045 9 17 -7
0.000195605 8 18 -7
0.000123458 9 17 -7.5
0.000351695 8.5 17.5 -7
0.000252911 8 18 -7.5
8.55049e-05 9 17 -8
0.000358648 8.5 17.5 -7.5
0.00030276 8 18 -8
4.81567e-05 9 17 -8.5
0.000331543 8 18 -8.5
2.15892e-05 7.5 18.5 -8.5
0.000338499 8 18 -9
0.000315689 8.5 17.5 -9
2.75834e-05 7.5 18.5 -9
0.000313789 8 18 -9.5
2.36972e-05 7.5 18.5 -9.5
0.00028183 8 18 -10
0.000235267 8 18 -10.5
4.83561e-05 8.5 17.5 -11.5
6.50941e-05 8 18 -12
2.93628e-05 10 16.5 -1
4.78261e-05 9.5 17 -1
3.70707e-05 10 16.5 -1.5
8.79292e-05 9.5 17 -1.5
2.22567e-05 8 18 -12.5
3.57626e-05 10 16.5 -2
0.000110793 9.5 17 -2
4.221e-05 9 17.5 -2
2.51786e-05 10 16.5 -2.5
0.000124399 9.5 17 -2.5
0.000116289 8 18 -11.5
8.14848e-05 9 17.5 -2.5
0.000130201 9.5 17 -3
0.000121682 9 17.5 -3
0.000176393 8 18 -11
0.000164224 9 17.5 -3.5
0.000135644 9.5 17 -3.5
2.85855e-05 8.5 18 -3.5
0.000198621 9 17.5 -4
0.000131642 9.5 17 -4
5.50457e-05 8.5 18 -4
0.000228737 9 17.5 -4.5
0.000113639 9.5 17 -4.5
0.000101178 8.5 18 -4.5
9.08001e-05 9.5 17 -5
8.93752e-05 8.5 17.5 -11
0.000248024 9 17.5 -5
0.000143587 8.5 17.5 -10.5
0.000153117 8.5 18 -5
0.000257558 9 17.5 -5.5
6.27131e-05 9.5 17 -5.5
0.000212629 8.5 18 -5.5
3.67102e-05 9.5 17 -6
0.000203806 8.5 17.5 -10
0.000263356 8.5 18 -6
0.000266483 9 17.5 -6
3.00524e-05 8 18.5 -6
0.000298186 8.5 18 -6.5
0.000267184 9 17.5 -6.5
5.80831e-05 8 18.5 -6.5
0.000323333 8.5 18 -7
0.000242776 9 17.5 -7
8.28899e-05 8 18.5 -7
0.00033379 8.5 18 -7.5
0.000108612 8 18.5 -7.5
0.000130194 8 18.5 -8
0.000102212 9 17.5 -8.5
0.000139998 8 18.5 -8.5
5.82984e-05 9 17.5 -9
0.000140048 8 18.5 -9
2.03578e-05 9 17.5 -9.5
0.000129295 8 18.5 -9.5
0.000108137 8 18.5 -10
7.2212e-05 8 18.5 -10.5
3.58251e-05 8 18.5 -11
2.87375e-05 10 17 -0.5
3.91272e-05 9.5 17.5 -1
6.76546e-05 10 17 -1
8.09658e-05 10 17 -1.5
8.1994e-05 9.5 17.5 -1.5
8.41771e-05 10 17 -2
0.000113877 9.5 17.5 -2
7.44633e-05 10 17 -2.5
0.000139139 9.5 17.5 -2.5
4.44715e-05 8.5 18 -11.5
4.83011e-05 9 18 -2.5
5.7835e-05 10 17 -3
8.80234e-05 9 18 -3
3.74874e-05 10 17 -3.5
0.000158323 9.5 17.5 -3
8.35961e-05 8.5 18 -11
0.000132125 9 18 -3.5
0.000168726 9.5 17.5 -3.5
0.000131453 8.5 18 -10.5
0.0001776 9 18 -4
0.000176229 9.5 17.5 -4
0.000210903 9 18 -4.5
0.00017513 9.5 17.5 -4.5
4.5707e-05 8.5 18.5 -4.5
0.000153267 9.5 17.5 -5
7.61724e-05 8.5 18.5 -5
0.000129353 9.5 17.5 -5.5
0.000237685 9 18 -5
0.000184433 8.5 18 -10
0.000109459 8.5 18.5 -5.5
9.93951e-05 9.5 17.5 -6
0.000253338 9 18 -5.5
0.000259898 9 18 -6
0.000237372 8.5 18 -9.5
0.000283958 8.5 18 -9
0.000311732 8.5 18 -8.5
0.000328084 8.5 18 -8
0.000149963 8.5 18.5 -6
0.000264157 9 18 -6.5
6.84508e-05 9.5 17.5 -6.5
0.000190463 8.5 18.5 -6.5
0.000215218 8.5 18.5 -7
0.000222667 8.5 18.5 -7.5
0.000215998 8.5 18.5 -8
0.000202134 8.5 18.5 -8.5
5.83627e-05 9 18 -9.5
2.85779e-05 9 18 -10
2.50537e-05 10 17.5 -0.5
6.91173e-05 10 17.5 -1
2.79109e-05 10.5 17 -1
2.66144e-05 10.5 17 -1.5
4.57812e-05 9.5 18 -1.5
9.14785e-05 10 17.5 -1.5
3.50057e-05 8.5 18.5 -11
8.40656e-05 9.5 18 -2
0.000101854 10 17.5 -2
6.35869e-05 8.5 18.5 -10.5
0.000119165 9.5 18 -2.5
0.000105853 10 17.5 -2.5
0.000100917 8.5 18.5 -10
0.000145498 9.5 18 -3
9.87517e-05 10 17.5 -3
3.57433e-05 9 18.5 -3
8.36248e-05 10 17.5 -3.5
0.000139044 8.5 18.5 -9.5
0.000163432 9.5 18 -3.5
6.43812e-05 9 18.5 -3.5
6.22216e-05 10 17.5 -4
0.000173531 9.5 18 -4
0.000176144 8.5 18.5 -9
9.98465e-05 9 18.5 -4
0.000183231 9.5 18 -4.5
3.69578e-05 10 17.5 -4.5
0.00014276 9 18.5 -4.5
0.000174701 9 18.5 -5
0.000184895 9.5 18 -5
0.000196489 9 18.5 -5.5
4.0923e-05 8.5 19 -6
0.000110501 9.5 18 -6.5
0.000208889 9 18.5 -6
5.62403e-05 8.5 19 -6.5
7.30373e-05 9.5 18 -7
0.000210881 9 18.5 -6.5
6.5779e-05 8.5 19 -7
4.16065e-05 9.5 18 -7.5
6.92964e-05 8.5 19 -7.5
6.89205e-05 8.5 19 -8
6.05411e-05 8.5 19 -8.5
0.000125647 9 18.5 -8.5
4.55732e-05 8.5 19 -9
2.33239e-05 8.5 19 -9.5
2.03318e-05 10.5 17.5 -0.5
2.70295e-05 10 18 -1
3.79574e-05 10.5 17.5 -1
6.67886e-05 10 18 -1.5
4.23636e-05 10.5 17.5 -1.5
8.98387e-05 10 18 -2
3.34745e-05 10.5 17.5 -2
2.35893e-05 9.5 18.5 -2
5.66888e-05 9.5 18.5 -2.5
0.000103318 10 18 -2.5
8.84369e-05 9.5 18.5 -3
0.000105398 10 18 -3.5
0.000116018 9.5 18.5 -3.5
0.000107992 10 18 -3
2.97054e-05 9 18.5 -10
5.45611e-05 9 18.5 -9.5
0.000138307 9.5 18.5 -4
9.01154e-05 10 18 -4
2.12002e-05 9 19 -4
0.000151665 9.5 18.5 -4.5
6.83464e-05 10 18 -4.5
8.91897e-05 9 18.5 -9
4.64976e-05 9 19 -4.5
0.000157068 9.5 18.5 -5
4.37488e-05 10 18 -5
6.80803e-05 9 19 -5
8.55071e-05 9 19 -5.5
0.000154151 9.5 18.5 -5.5
9.64951e-05 9 19 -6
0.000101092 9 19 -6.5
0.000100922 9 19 -7
8.65999e-05 9.5 18.5 -7
3.41304e-05 9.5 18.5 -8
5.50001e-05 9 19 -8.5
2.1006e-05 10.5 18 -1
3.69373e-05 10.5 18 -1.5
3.39367e-05 10.5 18 -2.5
3.72198e-05 10 18.5 -2
4.13177e-05 10.5 18 -2
2.02387e-05 9 19 -9.5
3.82974e-05 9 19 -9
6.2772e-05 10 18.5 -2.5
8.02456e-05 10 18.5 -3
2.02337e-05 10.5 18 -3
3.52275e-05 9.5 19 -3.5
8.73943e-05 10 18.5 -3.5
5.60711e-05 9.5 19 -4
7.59292e-05 10 18.5 -4.5
6.04348e-05 10 18.5 -5
7.2773e-05 9.5 19 -4.5
3.98791e-05 10 18.5 -5.5
8.15303e-05 9.5 19 -5
8.40195e-05 9.5 19 -5.5
8.64158e-05 10 18.5 -4
7.21279e-05 9 19 -8
8.95311e-05 9 19 -7.5
8.40352e-05 9.5 19 -6
7.42996e-05 9.5 19 -6.5
2.03004e-05 10.5 18.5 -2
2.36474e-05 10.5 18.5 -3
2.12816e-05 10 19 -3
2.49534e-05 10.5 18.5 -2.5
3.29135e-05 10 19 -3.5
4.24566e-05 10 19 -4
4.47947e-05 10 19 -4.5
2.04082e-05 10 19 -6
3.23046e-05 10 19 -5.5
4.01868e-05 10 19 -5
2.05235e-05 9.5 19 -8
3.84655e-05 9.5 19 -7.5
5.65048e-05 9.5 19 -7
5.70828e-05 9.5 18.5 -7.5
0.000113007 9.5 18.5 -6.5
0.000135798 9.5 18.5 -6
0.000159882 9 18.5 -8
0.000186668 9 18.5 -7.5
0.000201689 9 18.5 -7
0.00014461 9.5 18 -6
0.00016896 9.5 18 -5.5
9.77438e-05 9 18 -9
0.000143569 9 18 -8.5
0.000189357 9 18 -8
0.000223596 9 18 -7.5
0.000248661 9 18 -7
3.77792e-05 9.5 17.5 -7
0.000152863 9 17.5 -8
0.000205177 9 17.5 -7.5
0.000263381 8.5 17.5 -9.5
0.000353228 8.5 17.5 -8.5
0.000368205 8.5 17.5 -8
0.000182997 9 17 -6.5
0.000140113 8.5 17 -10
0.000202027 8.5 17 -9.5
0.000262107 8.5 17 -9
0.000308773 8.5 17 -8.5
0.000342945 8.5 17 -8
0.000463958 8 17 -9
0.000188504 8.5 16.5 -8.5
0.000207379 8.5 16.5 -8
0.000411802 8 16.5 -9.5
2.7171e-05 8.5 16 -9.5
0.000369337 8 16.5 -8.5
9.26909e-05 8.5 16 -7.5
0.0002287 8 16 -10
0.000241864 8 16 -9.5
0.000236939 8 16 -9
0.000222277 8 16 -8.5
0.000497575 7.5 16 -10.5
0.000437948 7.5 16 -10
0.000388492 7.5 16 -9.5
0.00032689 7.5 16 -9
9.36148e-05 8 15.5 -9
0.000325909 7.5 15.5 -11
0.000308766 7.5 15.5 -10.5
2.01636e-05 8 15 -10
0.000137617 7.5 15 -11
0.000125293 7.5 15 -10.5
9.87824e-05 7.5 15 -10
6.86066e-05 7.5 15 -9.5
0.000205874 7 15 -10.5
0.000133194 7 15 -10
0.000235135 7 14.5 -12.5
0.000211756 7 14.5 -12
0.00016484 7 14.5 -11.5
0.000108448 7 14.5 -11
6.47727e-05 7 14 -12
4.27184e-05 7 14 -11.5
2.29812e-05 7 14 -11
2.79954e-05 6.5 13.5 -12
