0.627425
3.16944e-05 -5.5 -10.5 -14
3.73996e-05 -5.5 -10.5 -13.5
3.54986e-05 -5.5 -10.5 -13
2.61902e-05 -5.5 -10.5 -12.5
2.18146e-05 -5.5 -10 -13
2.40492e-05 -5 -10 -12.5
5.44735e-05 -5 -10 -13
7.53198e-05 -5 -10 -13.5
2.34464e-05 -5 -10 -15.5
4.95767e-05 -5 -10 -15
7.4132e-05 -5 -10 -14.5
3.48254e-05 -5.5 -11 -12.5
2.16824e-05 -6 -11.5 -12.5
4.19764e-05 -5.5 -11 -13
4.21607e-05 -5.5 -11 -13.5
3.46018e-05 -5.5 -11 -14
2.35648e-05 -5.5 -11 -14.5
2.31291e-05 -5 -10.5 -15.5
4.27279e-05 -5 -10.5 -15
6.23533e-05 -5 -10.5 -14.5
7.85815e-05 -5 -10.5 -14
7.29579e-05 -5 -10.5 -13.5
5.67162e-05 -5 -10.5 -13
3.31378e-05 -5 -10.5 -12.5
8.53307e-05 -5 -10 -14
4.6983e-05 -4.5 -10 -13
8.18669e-05 -4.5 -10 -13.5
3.74912e-05 -5 -9.5 -13
0.000108198 -4.5 -10 -14
5.9079e-05 -5 -9.5 -13.5
0.000116444 -4.5 -10 -14.5
9.23813e-05 -4.5 -10 -15
5.87767e-05 -4.5 -10 -15.5
2.93224e-05 -4.5 -10 -16
4.33793e-05 -5 -9.5 -15
2.43281e-05 -5.5 -11.5 -12
3.35865e-05 -5 -11 -12.5
2.39424e-05 -6 -12 -12
3.48614e-05 -5.5 -11.5 -12.5
5.11355e-05 -5 -11 -13
2.30087e-05 -6 -12 -12.5
3.92823e-05 -5.5 -11.5 -13
5.94045e-05 -5 -11 -13.5
2.15777e-05 -6 -12 -13
3.68444e-05 -5.5 -11.5 -13.5
2.25816e-05 -6 -12 -13.5
2.94017e-05 -5.5 -11.5 -14
4.40148e-05 -5 -11 -14.5
2.58576e-05 -5.5 -11.5 -14.5
2.70245e-05 -5 -11 -15
3.12176e-05 -4.5 -10.5 -15.5
5.16067e-05 -4.5 -10.5 -15
6.8403e-05 -4.5 -10.5 -14.5
5.74535e-05 -5 -11 -14
6.48543e-05 -4.5 -10.5 -14
5.43506e-05 -4.5 -10.5 -13.5
2.99616e-05 -4.5 -10.5 -13
6.40607e-05 -5 -9.5 -14.5
6.82075e-05 -5 -9.5 -14
4.84014e-05 -4.5 -9.5 -13
3.29549e-05 -4 -10 -14
9.26702e-05 -4.5 -9.5 -13.5
4.50915e-05 -4 -10 -14.5
0.000130739 -4.5 -9.5 -14
5.26347e-05 -4 -10 -15
0.000149323 -4.5 -9.5 -14.5
4.39253e-05 -4 -10 -15.5
2.84118e-05 -4 -10 -16
2.34465e-05 -5.5 -12 -12
2.95618e-05 -5.5 -12 -12.5
2.97321e-05 -5.5 -12 -13
2.57212e-05 -4.5 -11 -13.5
2.47476e-05 -5.5 -12 -13.5
2.75715e-05 -5 -11.5 -14
2.44735e-05 -4.5 -11 -14.5
2.76877e-05 -4.5 -11 -14
3.14618e-05 -5 -11.5 -13.5
2.89374e-05 -5 -11.5 -13
2.30245e-05 -5 -11.5 -12.5
4.4429e-05 -4.5 -9.5 -16
8.78661e-05 -4.5 -9.5 -15.5
0.000129127 -4.5 -9.5 -15
2.87565e-05 -5 -9 -14.5
3.4987e-05 -5 -9 -14
2.95554e-05 -5 -9 -13.5
4.03354e-05 -4 -9.5 -13.5
3.33926e-05 -4.5 -9 -13
8.70703e-05 -4 -9.5 -14
8.5287e-05 -4.5 -9 -13.5
0.000115012 -4 -9.5 -14.5
0.000129916 -4.5 -9 -14
0.000127744 -4 -9.5 -15
0.000102604 -4 -9.5 -15.5
2.991e-05 -4 -9.5 -16.5
5.37659e-05 -4.5 -9 -16
6.33251e-05 -4 -9.5 -16
0.000103757 -4.5 -9 -15.5
0.000147586 -4.5 -9 -15
0.000154359 -4.5 -9 -14.5
6.47545e-05 -4 -9 -13.5
0.000138106 -4 -9 -14
4.96846e-05 -4.5 -8.5 -13.5
0.000191963 -4 -9 -14.5
0.000217676 -4 -9 -15
0.000116786 -4 -9 -16
5.15352e-05 -4 -9 -16.5
4.3731e-05 -4.5 -8.5 -16
8.78996e-05 -4.5 -8.5 -15.5
0.000182383 -4 -9 -15.5
0.000113634 -4.5 -8.5 -15
0.00011582 -4.5 -8.5 -14.5
9.3653e-05 -4.5 -8.5 -14
2.39529e-05 -3.5 -9 -14
6.78365e-05 -4 -8.5 -13.5
4.65516e-05 -3.5 -9 -14.5
0.000152085 -4 -8.5 -14
7.3041e-05 -3.5 -9 -15
0.000227692 -4 -8.5 -14.5
8.03867e-05 -3.5 -9 -15.5
7.07751e-05 -3.5 -9 -16
0.000246956 -4 -8.5 -15.5
4.78978e-05 -4.5 -8 -15
5.03706e-05 -3.5 -9 -16.5
0.000171358 -4 -8.5 -16
2.61967e-05 -4 -8.5 -17
8.18466e-05 -4 -8.5 -16.5
3.24424e-05 -4.5 -8 -15.5
0.000271217 -4 -8.5 -15
5.68517e-05 -4.5 -8 -14.5
4.28384e-05 -4.5 -8 -14
5.64202e-05 -3.5 -8.5 -14
0.000135426 -3.5 -8.5 -14.5
0.000138596 -4 -8 -14
0.000195006 -3.5 -8.5 -15
0.000225306 -4 -8 -14.5
0.00022147 -3.5 -8.5 -15.5
0.000276753 -4 -8 -15
0.000193059 -3.5 -8.5 -16
0.000112917 -3.5 -8.5 -16.5
4.68741e-05 -3.5 -8.5 -17
2.72593e-05 -3.5 -8.5 -17.5
3.15095e-05 -4 -8 -17
9.69013e-05 -4 -8 -16.5
0.000196603 -4 -8 -16
0.000265023 -4 -8 -15.5
4.39409e-05 -4 -8 -13.5
9.88639e-05 -3.5 -8 -14
0.000231639 -3.5 -8 -14.5
7.85135e-05 -4 -7.5 -14
2.31195e-05 -3 -8.5 -15.5
0.000334083 -3.5 -8 -15
3.01399e-05 -3 -8.5 -16
0.000373244 -3.5 -8 -15.5
0.000201761 -4 -7.5 -15
2.38503e-05 -3 -8.5 -16.5
0.000331119 -3.5 -8 -16
7.98418e-05 -4 -7.5 -16.5
2.19003e-05 -3 -8.5 -17.5
2.39085e-05 -3.5 -8 -17.5
2.14655e-05 -4 -7.5 -17
8.91513e-05 -3.5 -8 -17
0.000206037 -3.5 -8 -16.5
0.000151525 -4 -7.5 -16
0.000192833 -4 -7.5 -15.5
0.000160725 -4 -7.5 -14.5
3.03012e-05 -3 -8 -14.5
0.000110948 -3.5 -7.5 -14
6.19716e-05 -3 -8 -15
0.000261149 -3.5 -7.5 -14.5
0.000102424 -3 -8 -15.5
0.00039629 -3.5 -7.5 -15
0.0001201 -3 -8 -16
0.000462472 -3.5 -7.5 -15.5
0.000115781 -3 -8 -16.5
0.000436778 -3.5 -7.5 -16
8.05721e-05 -3 -8 -17
0.000290708 -3.5 -7.5 -16.5
2.87982e-05 -3 -8 -17.5
4.01792e-05 -3.5 -7.5 -17.5
0.000137946 -3.5 -7.5 -17
3.07808e-05 -4 -7 -16.5
5.58256e-05 -4 -7 -16
8.03506e-05 -4 -7 -15.5
9.26764e-05 -4 -7 -15
6.71198e-05 -4 -7 -14.5
2.79741e-05 -4 -7 -14
2.06004e-05 -3 -7.5 -14
8.40853e-05 -3 -7.5 -14.5
7.93277e-05 -3.5 -7 -14
0.000195786 -3 -7.5 -15
0.00030222 -3 -7.5 -15.5
0.000392881 -3.5 -7 -15
0.000331481 -3 -7.5 -16
0.000303671 -3 -7.5 -16.5
0.000184997 -3 -7.5 -17
6.92933e-05 -3 -7.5 -17.5
2.36465e-05 -3 -7.5 -18
4.49406e-05 -3.5 -7 -17.5
0.000159361 -3.5 -7 -17
0.000330353 -3.5 -7 -16.5
0.00045851 -3.5 -7 -16
0.000473565 -3.5 -7 -15.5
0.000243807 -3.5 -7 -14.5
4.00481e-05 -3 -7 -14
0.000165494 -3 -7 -14.5
0.000380989 -3 -7 -15
0.000558576 -3 -7 -15.5
2.71832e-05 -2.5 -7.5 -16.5
0.00060493 -3 -7 -16
3.52618e-05 -2.5 -7.5 -17
0.000534835 -3 -7 -16.5
2.53522e-05 -2.5 -7.5 -17.5
2.20929e-05 -2.5 -7.5 -18
0.00012826 -3 -7 -17.5
2.89929e-05 -3 -7 -18
2.91973e-05 -3.5 -6.5 -17.5
0.000130661 -3.5 -6.5 -17
0.000324508 -3 -7 -17
0.000248103 -3.5 -6.5 -16.5
0.000333325 -3.5 -6.5 -16
0.000348533 -3.5 -6.5 -15.5
0.000276874 -3.5 -6.5 -15
0.000138561 -3.5 -6.5 -14.5
2.92041e-05 -3.5 -6.5 -14
2.79547e-05 -2.5 -7 -15
0.000199081 -3 -6.5 -14.5
7.47929e-05 -2.5 -7 -15.5
0.000469624 -3 -6.5 -15
0.000128379 -2.5 -7 -16
0.000157296 -2.5 -7 -16.5
0.000772689 -3 -6.5 -16
0.0001549 -2.5 -7 -17
0.000108986 -2.5 -7 -17.5
4.97005e-05 -3.5 -6 -17
4.23651e-05 -2.5 -7 -18
3.70553e-05 -3 -6.5 -18
0.000185194 -3 -6.5 -17.5
0.000444813 -3 -6.5 -17
9.60009e-05 -3.5 -6 -16.5
0.000713422 -3 -6.5 -16.5
0.000138932 -3.5 -6 -16
0.000158766 -3.5 -6 -15.5
0.000709699 -3 -6.5 -15.5
0.000118848 -3.5 -6 -15
4.92797e-05 -3.5 -6 -14.5
4.49919e-05 -3 -6.5 -14
3.67116e-05 -2.5 -6.5 -14.5
0.000126432 -2.5 -6.5 -15
0.000165786 -3 -6 -14.5
0.000281053 -2.5 -6.5 -15.5
0.00046407 -3 -6 -15
0.000455537 -2.5 -6.5 -16
0.000483892 -2.5 -6.5 -16.5
0.000428978 -2.5 -6.5 -17
0.000238333 -2.5 -6.5 -17.5
3.87484e-05 -3 -6 -18
7.7818e-05 -2.5 -6.5 -18
0.000205684 -3 -6 -17.5
0.000500527 -3 -6 -17
0.000753936 -3 -6 -16.5
0.000800911 -3 -6 -16
0.000724264 -3 -6 -15.5
7.79077e-05 -2.5 -6 -14.5
0.000309639 -2.5 -6 -15
0.000650997 -2.5 -6 -15.5
0.000918247 -2.5 -6 -16
0.000939863 -2.5 -6 -16.5
0.000558849 -3 -5.5 -16.5
3.34011e-05 -2 -6.5 -17.5
2.85019e-05 -2 -6.5 -18
2.09674e-05 -2.5 -6 -18.5
2.97105e-05 -3 -5.5 -18
0.000129767 -2.5 -6 -18
0.000159405 -3 -5.5 -17.5
0.000409637 -2.5 -6 -17.5
0.000374368 -3 -5.5 -17
0.000770207 -2.5 -6 -17
0.000594036 -3 -5.5 -16
0.000514864 -3 -5.5 -15.5
0.000286018 -3 -5.5 -15
7.67563e-05 -3 -5.5 -14.5
0.000107533 -2.5 -5.5 -14.5
0.000421911 -2.5 -5.5 -15
6.03797e-05 -2 -6 -16
0.000900724 -2.5 -5.5 -15.5
0.000130801 -2 -6 -16.5
0.000163784 -2 -6 -17
0.000160327 -2 -6 -17.5
0.000103721 -2 -6 -18
3.31109e-05 -2 -6 -18.5
2.56722e-05 -2.5 -5.5 -18.5
0.000183924 -2.5 -5.5 -18
6.74137e-05 -3 -5 -17.5
0.000563718 -2.5 -5.5 -17.5
0.000157042 -3 -5 -17
0.00102345 -2.5 -5.5 -17
0.000242554 -3 -5 -16.5
0.00123535 -2.5 -5.5 -16.5
0.000255166 -3 -5 -16
0.00123475 -2.5 -5.5 -16
0.000221143 -3 -5 -15.5
0.000116261 -3 -5 -15
2.60039e-05 -3 -5 -14.5
5.87302e-05 -2 -5.5 -15
9.14273e-05 -2.5 -5 -14.5
0.000192945 -2 -5.5 -15.5
0.000413861 -2.5 -5 -15
0.000387886 -2 -5.5 -16
2.79321e-05 -3 -4.5 -16
0.000544225 -2 -5.5 -16.5
0.000565714 -2 -5.5 -17
0.000473757 -2 -5.5 -17.5
0.000245482 -2 -5.5 -18
6.45773e-05 -2 -5.5 -18.5
0.000204041 -2.5 -5 -18
2.97161e-05 -2.5 -5 -18.5
0.00063341 -2.5 -5 -17.5
0.00108642 -2.5 -5 -17
2.47082e-05 -3 -4.5 -16.5
0.00127261 -2.5 -5 -16.5
0.00128061 -2.5 -5 -16
2.73164e-05 -3 -4.5 -15.5
0.000923156 -2.5 -5 -15.5
3.01819e-05 -2 -5 -14.5
0.000174 -2 -5 -15
0.000545424 -2 -5 -15.5
0.00100563 -2 -5 -16
0.00124626 -2 -5 -17
3.13125e-05 -1.5 -5.5 -18.5
2.80356e-05 -2.5 -4.5 -18.5
9.27844e-05 -2 -5 -18.5
0.000156934 -2.5 -4.5 -18
0.000438816 -2 -5 -18
0.000493136 -2.5 -4.5 -17.5
0.000935857 -2 -5 -17.5
0.00083155 -2.5 -4.5 -17
0.000924589 -2.5 -4.5 -16.5
0.00126844 -2 -5 -16.5
0.00089254 -2.5 -4.5 -16
0.000596496 -2.5 -4.5 -15.5
0.00020872 -2.5 -4.5 -15
3.05093e-05 -2.5 -4.5 -14.5
4.64367e-05 -2 -4.5 -14.5
0.000290734 -2 -4.5 -15
0.00091069 -2 -4.5 -15.5
0.00160302 -2 -4.5 -16
3.32398e-05 -1.5 -5 -17
9.75482e-05 -1.5 -5 -17.5
0.000142827 -1.5 -5 -18
0.000100211 -1.5 -5 -18.5
2.69966e-05 -1.5 -5 -19
0.000107684 -2 -4.5 -18.5
7.38028e-05 -2.5 -4 -18
0.000606503 -2 -4.5 -18
0.000220218 -2.5 -4 -17.5
0.00136938 -2 -4.5 -17.5
0.000357967 -2.5 -4 -17
0.00187047 -2 -4.5 -17
0.000396439 -2.5 -4 -16.5
0.00192665 -2 -4.5 -16.5
0.000387072 -2.5 -4 -16
0.000251362 -2.5 -4 -15.5
7.67957e-05 -2.5 -4 -15
3.19675e-05 -1.5 -4.5 -15.5
0.000309357 -2 -4 -15
0.000147424 -1.5 -4.5 -16
0.000392792 -1.5 -4.5 -16.5
5.19354e-05 -2.5 -3.5 -16.5
0.000598586 -1.5 -4.5 -17
0.000608302 -1.5 -4.5 -17.5
0.000464902 -1.5 -4.5 -18
0.000181385 -1.5 -4.5 -18.5
2.20885e-05 -1.5 -4.5 -19
2.05371e-05 -2 -4 -19
9.9222e-05 -2 -4 -18.5
0.000661319 -2 -4 -18
3.32683e-05 -2.5 -3.5 -17.5
0.00147759 -2 -4 -17.5
4.78787e-05 -2.5 -3.5 -17
0.00205375 -2 -4 -17
0.00215599 -2 -4 -16.5
5.1047e-05 -2.5 -3.5 -16
0.00184212 -2 -4 -16
3.65737e-05 -2.5 -3.5 -15.5
0.00101291 -2 -4 -15.5
4.65407e-05 -2 -4 -14.5
9.24019e-05 -1.5 -4 -15
0.000418568 -1.5 -4 -15.5
0.00106228 -1.5 -4 -16
0.00159916 -1.5 -4 -16.5
0.000907406 -1.5 -4 -18
7.05529e-05 -2 -3.5 -18.5
3.67334e-05 -1.5 -4 -19
0.000254689 -1.5 -4 -18.5
0.000495391 -2 -3.5 -18
0.00113493 -2 -3.5 -17.5
0.00157489 -1.5 -4 -17.5
0.0015134 -2 -3.5 -17
0.00169994 -1.5 -4 -17
0.001559 -2 -3.5 -16.5
0.00134893 -2 -3.5 -16
0.000680338 -2 -3.5 -15.5
0.000166024 -2 -3.5 -15
2.15611e-05 -2 -3.5 -14.5
3.18888e-05 -1.5 -3.5 -14.5
0.000211391 -1.5 -3.5 -15
0.000916029 -1.5 -3.5 -15.5
0.00208836 -1.5 -3.5 -16
3.5059e-05 -2 -3 -18.5
3.91873e-05 -1 -4 -19
4.90025e-05 -1.5 -3.5 -19
0.000363993 -1.5 -3.5 -18.5
0.000220487 -2 -3 -18
0.00130419 -1.5 -3.5 -18
0.000470961 -2 -3 -17.5
0.00238479 -1.5 -3.5 -17.5
0.000616692 -2 -3 -17
0.00282102 -1.5 -3.5 -17
0.000643631 -2 -3 -16.5
0.00280519 -1.5 -3.5 -16.5
0.000539449 -2 -3 -16
0.000238911 -2 -3 -15.5
4.52412e-05 -2 -3 -15
0.000231538 -1.5 -3 -15
0.000109194 -2 -2.5 -16.5
5.0663e-05 -1 -3.5 -17.5
6.77006e-05 -2 -2.5 -17.5
0.000201973 -1 -3.5 -18
0.000230664 -1 -3.5 -18.5
2.13674e-05 -1 -3.5 -19.5
3.85881e-05 -1.5 -3 -19
0.000127662 -1 -3.5 -19
0.000413612 -1.5 -3 -18.5
2.59208e-05 -2 -2.5 -18
0.00148927 -1.5 -3 -18
0.00277252 -1.5 -3 -17.5
9.88762e-05 -2 -2.5 -17
0.00322384 -1.5 -3 -17
0.00316943 -1.5 -3 -16.5
0.000113501 -2 -2.5 -16
0.00231317 -1.5 -3 -16
4.63403e-05 -2 -2.5 -15.5
0.0010563 -1.5 -3 -15.5
3.09491e-05 -1.5 -3 -14.5
3.09286e-05 -1 -3 -15.5
0.000183434 -1 -3 -16
0.000634592 -1 -3 -16.5
0.00112224 -1 -3 -17
0.00139559 -1 -3 -17.5
0.000168019 -1 -3 -19
0.000309916 -1.5 -2.5 -18.5
0.000706335 -1 -3 -18.5
0.00110865 -1.5 -2.5 -18
0.00125232 -1 -3 -18
0.00200491 -1.5 -2.5 -17.5
0.00241907 -1.5 -2.5 -17
0.00244971 -1.5 -2.5 -16.5
0.00193344 -1.5 -2.5 -16
0.000784434 -1.5 -2.5 -15.5
0.000135674 -1.5 -2.5 -15
2.41252e-05 -1 -2.5 -14.5
0.000151857 -1 -2.5 -15
0.000714396 -1 -2.5 -15.5
0.00198773 -1 -2.5 -16
0.00351722 -1 -2.5 -16.5
0.000106945 -1 -2.5 -19
0.000142887 -1.5 -2 -18.5
0.00106277 -1 -2.5 -18.5
0.000443839 -1.5 -2 -18
0.00276353 -1 -2.5 -18
0.000713324 -1.5 -2 -17.5
0.00388458 -1 -2.5 -17.5
0.000783324 -1.5 -2 -17
0.00411886 -1 -2.5 -17
0.000771614 -1.5 -2 -16.5
0.000520571 -1.5 -2 -16
0.000186894 -1.5 -2 -15.5
3.08302e-05 -1.5 -2 -15
0.000132667 -1.5 -1.5 -17
7.3144e-05 -1.5 -1.5 -18
8.65022e-05 -1 -2 -19
0.00110243 -1 -2 -18.5
0.00335131 -1 -2 -18
0.000118823 -1.5 -1.5 -17.5
0.00520635 -1 -2 -17.5
0.00569704 -1 -2 -17
0.000130237 -1.5 -1.5 -16.5
0.00548226 -1 -2 -16.5
8.67545e-05 -1.5 -1.5 -16
0.00363525 -1 -2 -16
3.09302e-05 -1.5 -1.5 -15.5
0.00140156 -1 -2 -15.5
0.000260493 -1 -2 -15
3.55533e-05 -1 -2 -14.5
6.04465e-05 -0.5 -2 -18
0.00015297 -0.5 -2 -18.5
0.000136364 -0.5 -2 -19
4.97512e-05 -0.5 -2 -19.5
6.40141e-05 -1 -1.5 -19
0.00072771 -1 -1.5 -18.5
0.00281706 -1 -1.5 -18
0.0048688 -1 -1.5 -17.5
0.00540019 -1 -1.5 -17
0.00530107 -1 -1.5 -16.5
0.00362183 -1 -1.5 -16
0.00135807 -1 -1.5 -15.5
0.00023313 -1 -1.5 -15
2.70169e-05 -1 -1.5 -14.5
7.54055e-05 -0.5 -1.5 -15.5
0.000335939 -0.5 -1.5 -16
0.000874315 -0.5 -1.5 -16.5
0.00145759 -0.5 -1.5 -17
4.04881e-05 -0.5 -1.5 -19.5
0.000422575 -0.5 -1.5 -19
0.000214142 -1 -1 -18.5
0.00113658 -0.5 -1.5 -18.5
0.000791875 -1 -1 -18
0.00164193 -0.5 -1.5 -18
0.00134548 -1 -1 -17.5
0.00175941 -0.5 -1.5 -17.5
0.00155033 -1 -1 -17
0.00155912 -1 -1 -16.5
0.0010814 -1 -1 -16
0.000311186 -1 -1 -15.5
3.49237e-05 -1 -1 -15
2.05855e-05 -0.5 -1 -19.5
0.000458607 -0.5 -1 -19
0.00234183 -0.5 -1 -18.5
5.65583e-05 -1 -0.5 -18
0.00489621 -0.5 -1 -18
8.02816e-05 -1 -0.5 -17.5
0.00640653 -0.5 -1 -17.5
8.54959e-05 -1 -0.5 -17
0.00662028 -0.5 -1 -17
7.93825e-05 -1 -0.5 -16.5
0.0056808 -0.5 -1 -16.5
3.44548e-05 -1 -0.5 -16
0.00330295 -0.5 -1 -16
0.00119963 -0.5 -1 -15.5
0.000238766 -0.5 -1 -15
3.50413e-05 -0.5 -1 -14.5
0.000246618 -0.5 -0.5 -19
0.0024059 -0.5 -0.5 -18.5
0.00597544 -0.5 -0.5 -18
0.00846745 -0.5 -0.5 -17.5
0.00894603 -0.5 -0.5 -17
0.00840742 -0.5 -0.5 -16.5
0.0053134 -0.5 -0.5 -16
0.00199144 -0.5 -0.5 -15.5
0.000384825 -0.5 -0.5 -15
5.37609e-05 -0.5 -0.5 -14.5
5.66702e-05 -0.5 0 -19
0.00102587 -0.5 0 -18.5
0.0031327 -0.5 0 -18
0.00485433 -0.5 0 -17.5
0.00527475 -0.5 0 -17
0.00516633 -0.5 0 -16.5
0.00343847 -0.5 0 -16
0.00118438 -0.5 0 -15.5
0.000184829 -0.5 0 -15
2.03157e-05 -0.5 0 -14.5
0.000227394 0 0 -19
0.000175865 -0.5 0.5 -18.5
0.000954072 0 0 -18.5
0.00045923 -0.5 0.5 -18
0.00188151 0 0 -18
0.000654532 -0.5 0.5 -17.5
0.00244924 0 0 -17.5
0.000692154 -0.5 0.5 -17
0.00253677 0 0 -17
0.000659072 -0.5 0.5 -16.5
0.00227319 0 0 -16.5
0.000365709 -0.5 0.5 -16
0.00137207 0 0 -16
6.87208e-05 -0.5 0.5 -15.5
0.000515054 0 0 -15.5
0.0001048 0 0 -15
3.21376e-05 -0.5 1 -17
2.94218e-05 -0.5 1 -18
2.05325e-05 -0.5 1 -18.5
0.000405599 0 0.5 -19
0.00250508 0 0.5 -18.5
0.005557 0 0.5 -18
3.23616e-05 -0.5 1 -17.5
0.00765197 0 0.5 -17.5
0.0080425 0 0.5 -17
0.00759153 0 0.5 -16.5
0.0049277 0 0.5 -16
0.00194103 0 0.5 -15.5
0.000390763 0 0.5 -15
5.52415e-05 0 0.5 -14.5
2.29541e-05 0.5 0.5 -15
0.000175985 0 1 -19
4.03264e-05 0.5 0.5 -19
0.00183451 0 1 -18.5
0.000167083 0.5 0.5 -18.5
0.00478193 0 1 -18
0.000335033 0.5 0.5 -18
0.0070368 0 1 -17.5
0.000448013 0.5 0.5 -17.5
0.00752785 0 1 -17
0.000470093 0.5 0.5 -17
0.00731519 0 1 -16.5
0.000432134 0.5 0.5 -16.5
0.00502796 0 1 -16
0.000269753 0.5 0.5 -16
0.00198255 0 1 -15.5
0.000106007 0.5 0.5 -15.5
0.000394699 0 1 -15
5.43491e-05 0 1 -14.5
3.70048e-05 0 1.5 -19
0.000138782 0.5 1 -19
0.000592489 0 1.5 -18.5
0.000837006 0.5 1 -18.5
0.00184572 0 1.5 -18
0.00185299 0.5 1 -18
0.00287953 0 1.5 -17.5
0.00261473 0.5 1 -17.5
0.00311035 0 1.5 -17
0.00278941 0.5 1 -17
0.00304017 0 1.5 -16.5
0.00268554 0.5 1 -16.5
0.00207856 0 1.5 -16
0.00179565 0.5 1 -16
0.000773359 0 1.5 -15.5
0.000726896 0.5 1 -15.5
0.000120009 0 1.5 -15
0.000150801 0.5 1 -15
2.20984e-05 0.5 1 -14.5
0.000235582 0 2 -17.5
0.000187643 0 2 -18
8.38746e-05 0 2 -18.5
0.00011572 0.5 1.5 -19
0.00131385 0.5 1.5 -18.5
0.00359554 0.5 1.5 -18
0.00542926 0.5 1.5 -17.5
0.000240971 0 2 -17
0.00583264 0.5 1.5 -17
0.000216449 0 2 -16.5
0.00574554 0.5 1.5 -16.5
0.00011081 0 2 -16
0.00423423 0.5 1.5 -16
2.10864e-05 0 2 -15.5
0.00191837 0.5 1.5 -15.5
0.000435842 0.5 1.5 -15
6.15105e-05 0.5 1.5 -14.5
4.65331e-05 1 1.5 -15
0.000441458 1 1.5 -16
0.000563618 1 1.5 -17.5
7.2137e-05 0.5 2 -19
3.45111e-05 1 1.5 -19
0.00100029 0.5 2 -18.5
0.000186266 1 1.5 -18.5
0.00317978 0.5 2 -18
0.0004026 1 1.5 -18
0.00527453 0.5 2 -17.5
0.00609902 0.5 2 -17
0.000608904 1 1.5 -17
0.00615267 0.5 2 -16.5
0.000600728 1 1.5 -16.5
0.00498873 0.5 2 -16
0.00249425 0.5 2 -15.5
0.000202733 1 1.5 -15.5
0.000638121 0.5 2 -15
8.96804e-05 0.5 2 -14.5
0.0013495 1 2 -18
3.68654e-05 0.5 2.5 -19
4.37198e-05 1 2 -19
0.000522816 0.5 2.5 -18.5
0.000477597 1 2 -18.5
0.00215957 0.5 2.5 -18
0.00383891 0.5 2.5 -17.5
0.00218853 1 2 -17.5
0.00453856 0.5 2.5 -17
0.00256643 1 2 -17
0.00457999 0.5 2.5 -16.5
0.00261194 1 2 -16.5
0.00377816 0.5 2.5 -16
0.00217004 1 2 -16
0.00195281 0.5 2.5 -15.5
0.00110134 1 2 -15.5
0.000519837 0.5 2.5 -15
0.000293132 1 2 -15
7.35276e-05 0.5 2.5 -14.5
4.38942e-05 1 2 -14.5
0.000658145 1 2.5 -15
2.8926e-05 1.5 2 -16
4.64858e-05 1.5 2 -16.5
4.92036e-05 1.5 2 -17
4.64718e-05 1.5 2 -17.5
0.0045975 1 2.5 -17
3.85599e-05 1.5 2 -18
0.000505914 1 2.5 -18.5
4.67234e-05 1 2.5 -19
0.000216261 0.5 3 -18.5
0.000730504 0.5 3 -18
0.00215798 1 2.5 -18
0.00119784 0.5 3 -17.5
0.0039839 1 2.5 -17.5
0.00129775 0.5 3 -17
0.00124907 0.5 3 -16.5
0.00460899 1 2.5 -16.5
0.000921615 0.5 3 -16
0.0040085 1 2.5 -16
0.000460248 0.5 3 -15.5
0.00222405 1 2.5 -15.5
0.000124346 0.5 3 -15
9.66594e-05 1 2.5 -14.5
9.22177e-05 1.5 2.5 -15
0.000300226 1.5 2.5 -15.5
0.00052811 1.5 2.5 -16
0.000639107 1.5 2.5 -16.5
0.000640393 1.5 2.5 -17
0.00547987 1 3 -16.5
0.000580563 1.5 2.5 -17.5
0.00035744 1.5 2.5 -18
0.000121049 1.5 2.5 -18.5
2.57688e-05 1 3 -19
5.99505e-05 0.5 3.5 -18.5
0.00040696 1 3 -18.5
0.000107801 0.5 3.5 -18
0.00198679 1 3 -18
0.000116353 0.5 3.5 -17.5
0.00396235 1 3 -17.5
9.55368e-05 0.5 3.5 -17
0.00524473 1 3 -17
4.72642e-05 0.5 3.5 -16.5
0.00506134 1 3 -16
0.00321845 1 3 -15.5
0.00122147 1 3 -15
0.000228037 1 3 -14.5
2.8291e-05 1 3 -14
9.82251e-05 1.5 3 -14.5
0.00138354 1.5 3 -15.5
0.00217943 1.5 3 -16.5
0.00162876 1.5 3 -17.5
0.000190298 1.5 3 -18.5
2.04772e-05 1 3.5 -19
0.000220249 1 3.5 -18.5
0.0012856 1 3.5 -18
0.000857894 1.5 3 -18
0.00293012 1 3.5 -17.5
0.00412532 1 3.5 -17
0.00208977 1.5 3 -17
0.00434887 1 3.5 -16.5
0.00414184 1 3.5 -16
0.00208887 1.5 3 -16
0.00281636 1 3.5 -15.5
0.00114344 1 3.5 -15
0.000534617 1.5 3 -15
0.000218348 1 3.5 -14.5
2.76543e-05 1 3.5 -14
3.13536e-05 1.5 3.5 -14
0.00123353 1.5 3.5 -15
3.27033e-05 2 3 -16
3.98635e-05 2 3 -16.5
0.00380761 1.5 3.5 -16
4.18996e-05 2 3 -17
4.13643e-05 2 3 -17.5
3.29239e-05 2 3 -18
0.00100669 1.5 3.5 -18
9.66044e-05 1 4 -18.5
0.000153217 1.5 3.5 -18.5
0.000565975 1 4 -18
0.00133521 1 4 -17.5
0.00252656 1.5 3.5 -17.5
0.00189772 1 4 -17
0.00371802 1.5 3.5 -17
0.00198461 1 4 -16.5
0.00390097 1.5 3.5 -16.5
0.00187862 1 4 -16
0.00118567 1 4 -15.5
0.00277226 1.5 3.5 -15.5
0.000497218 1 4 -15
0.000104065 1 4 -14.5
0.000257619 1.5 3.5 -14.5
4.80949e-05 2 3.5 -14.5
0.00021202 2 3.5 -15
0.00046373 2 3.5 -15.5
0.000574383 2 3.5 -16
0.00390521 1.5 4 -15.5
0.000526803 2 3.5 -17
0.00459952 1.5 4 -16.5
0.000353719 2 3.5 -17.5
0.00388412 1.5 4 -17
0.000168869 2 3.5 -18
4.06233e-05 2 3.5 -18.5
0.000100286 1.5 4 -18.5
3.97578e-05 1 4.5 -18.5
0.000176221 1 4.5 -18
0.000853714 1.5 4 -18
0.000345085 1 4.5 -17.5
0.00241007 1.5 4 -17.5
0.000441646 1 4.5 -17
0.000449533 1 4.5 -16.5
0.000368707 1 4.5 -16
0.000578017 2 3.5 -16.5
0.00464519 1.5 4 -16
0.000207876 1 4.5 -15.5
6.92879e-05 1 4.5 -15
0.00218389 1.5 4 -15
0.000686108 1.5 4 -14.5
0.000105914 1.5 4 -14
0.000307757 2 4 -14.5
0.000103984 1.5 4.5 -14
0.00173235 2 4 -15.5
0.00200191 1.5 4.5 -15
0.00184271 2 4 -16.5
0.00152619 2 4 -17
0.000926433 2 4 -17.5
0.000326351 2 4 -18
0.00177971 1.5 4.5 -17.5
3.56302e-05 2 4 -18.5
4.93042e-05 1.5 4.5 -18.5
3.00018e-05 1 5 -18
0.000518694 1.5 4.5 -18
2.39908e-05 1 5 -17.5
0.0031948 1.5 4.5 -17
0.00384943 1.5 4.5 -16.5
0.0039018 1.5 4.5 -16
0.00189217 2 4 -16
0.00338422 1.5 4.5 -15.5
0.00101333 2 4 -15
0.000678386 1.5 4.5 -14.5
4.29934e-05 2 4 -14
0.000129029 2 4.5 -14
3.16228e-05 2.5 4 -15.5
0.00195587 2 4.5 -15
3.71937e-05 2.5 4 -16
3.6322e-05 2.5 4 -16.5
0.00330496 2 4.5 -16
3.28064e-05 2.5 4 -17
2.60596e-05 2.5 4 -17.5
0.00122646 2 4.5 -17.5
3.09754e-05 2 4.5 -18.5
3.32121e-05 1.5 5 -18.5
0.000247282 1.5 5 -18
0.00030707 2 4.5 -18
0.000900012 1.5 5 -17.5
0.00163978 1.5 5 -17
0.00247166 2 4.5 -17
0.00200003 1.5 5 -16.5
0.00322655 2 4.5 -16.5
0.00201425 1.5 5 -16
0.001733 1.5 5 -15.5
0.00307055 2 4.5 -15.5
0.00106782 1.5 5 -15
0.000395674 1.5 5 -14.5
0.000755439 2 4.5 -14.5
6.04049e-05 1.5 5 -14
2.95364e-05 2.5 4.5 -14
0.000155682 2.5 4.5 -14.5
0.000397687 2.5 4.5 -15
0.00148747 2 5 -14.5
0.000511627 2.5 4.5 -15.5
0.000501751 2.5 4.5 -16
0.0035766 2 5 -15.5
0.000437042 2.5 4.5 -16.5
0.000299203 2.5 4.5 -17
0.000171858 2.5 4.5 -17.5
5.4564e-05 2.5 4.5 -18
0.000207708 2 5 -18
2.84443e-05 2 5 -18.5
0.000105126 1.5 5.5 -18
0.000322064 1.5 5.5 -17.5
0.00107806 2 5 -17.5
0.000514171 1.5 5.5 -17
0.00239189 2 5 -17
0.000592166 1.5 5.5 -16.5
0.0033657 2 5 -16.5
0.000589274 1.5 5.5 -16
0.00363881 2 5 -16
0.000481806 1.5 5.5 -15.5
0.000294238 1.5 5.5 -15
0.00276735 2 5 -15
0.000118399 1.5 5.5 -14.5
2.25339e-05 1.5 5.5 -14
0.00046177 2 5 -14
6.1642e-05 2 5 -13.5
0.000224675 2.5 5 -14
0.000756461 2.5 5 -14.5
0.00150919 2.5 5 -15.5
0.00252424 2 5.5 -15
0.00148444 2.5 5 -16
0.0012938 2.5 5 -16.5
0.00315441 2 5.5 -16
0.000875365 2.5 5 -17
0.000387885 2.5 5 -17.5
0.00183193 2 5.5 -17
6.17343e-05 2.5 5 -18
3.24292e-05 1.5 6 -18
0.00011366 2 5.5 -18
6.55454e-05 1.5 6 -17.5
0.000712197 2 5.5 -17.5
7.50444e-05 1.5 6 -17
5.28683e-05 1.5 6 -16.5
0.00285613 2 5.5 -16.5
2.74816e-05 1.5 6 -16
0.00311803 2 5.5 -15.5
0.00132439 2.5 5 -15
0.00145288 2 5.5 -14.5
0.000483548 2 5.5 -14
7.83923e-05 2 5.5 -13.5
2.71991e-05 2.5 5 -13.5
0.000128592 2.5 5.5 -13.5
0.000659877 2.5 5.5 -14
2.96574e-05 3 5 -15
2.98094e-05 3 5 -15.5
0.00229374 2.5 5.5 -15
2.80215e-05 3 5 -16
0.00252585 2.5 5.5 -16
0.00205564 2.5 5.5 -16.5
0.00116741 2.5 5.5 -17
4.94641e-05 2.5 5.5 -18
5.38521e-05 2 6 -18
0.000361062 2 6 -17.5
0.000395583 2.5 5.5 -17.5
0.000984328 2 6 -17
0.00158063 2 6 -16.5
0.00175721 2 6 -16
0.00173279 2 6 -15.5
0.00255841 2.5 5.5 -15.5
0.00145898 2 6 -15
0.000916749 2 6 -14.5
0.00146833 2.5 5.5 -14.5
0.000342813 2 6 -14
5.3281e-05 2 6 -13.5
3.73301e-05 3 5.5 -13.5
6.61127e-05 2.5 6 -13
2.60637e-05 2 6.5 -13.5
0.000166398 3 5.5 -14
0.000367628 3 5.5 -14.5
0.000425828 3 5.5 -15
0.00206876 2.5 6 -14.5
0.000394696 3 5.5 -15.5
0.000329836 3 5.5 -16
0.00023001 3 5.5 -16.5
0.000137466 3 5.5 -17
0.00195694 2.5 6 -16.5
5.57638e-05 3 5.5 -17.5
0.000301793 2.5 6 -17.5
2.20104e-05 2 6.5 -18
3.22793e-05 2.5 6 -18
0.000139411 2 6.5 -17.5
0.000354954 2 6.5 -17
0.00100168 2.5 6 -17
0.000561574 2 6.5 -16.5
0.000602624 2 6.5 -16
0.0025966 2.5 6 -16
0.000565486 2 6.5 -15.5
0.00274259 2.5 6 -15.5
0.000472265 2 6.5 -15
0.00265789 2.5 6 -15
0.000304754 2 6.5 -14.5
0.000130162 2 6.5 -14
0.00119064 2.5 6 -14
0.000430384 2.5 6 -13.5
3.54547e-05 3 6 -13
0.000434468 2.5 6.5 -13.5
0.000249444 3 6 -13.5
0.00106161 3 6 -14.5
0.00117088 3 6 -15
0.00113759 3 6 -15.5
0.00236108 2.5 6.5 -15
8.36884e-05 2 7 -15.5
0.000991576 3 6 -16
0.000700344 3 6 -16.5
0.000337915 3 6 -17
7.09724e-05 3 6 -17.5
0.000667998 2.5 6.5 -17
3.78085e-05 2 7 -17.5
2.1163e-05 2.5 6.5 -18
0.000167342 2.5 6.5 -17.5
6.94188e-05 2 7 -17
9.33921e-05 2 7 -16.5
0.00146214 2.5 6.5 -16.5
9.62823e-05 2 7 -16
0.00220934 2.5 6.5 -16
0.00241428 2.5 6.5 -15.5
5.43016e-05 2 7 -15
0.0019058 2.5 6.5 -14.5
0.00115301 2.5 6.5 -14
0.000676163 3 6 -14
8.66232e-05 2.5 6.5 -13
3.03728e-05 3.5 6 -14
0.000301625 2.5 7 -13.5
0.000648941 3 6.5 -13.5
3.21918e-05 3.5 6 -14.5
0.000732956 2.5 7 -14
2.68636e-05 3.5 6 -15
0.00192886 3 6.5 -15
0.00150771 3 6.5 -16
0.00142098 2.5 7 -15.5
0.000345519 3 6.5 -17
0.000793305 2.5 7 -16.5
6.66022e-05 3 6.5 -17.5
7.60335e-05 2.5 7 -17.5
0.000329838 2.5 7 -17
0.000885599 3 6.5 -16.5
0.00128552 2.5 7 -16
0.00187327 3 6.5 -15.5
0.0013792 2.5 7 -15
0.00113916 2.5 7 -14.5
0.00174311 3 6.5 -14.5
0.00120144 3 6.5 -14
6.11033e-05 2.5 7 -13
0.000181474 3 6.5 -13
6.20606e-05 3.5 6.5 -13
0.000102064 3 7 -12.5
3.18302e-05 2.5 7.5 -13
0.000117064 2.5 7.5 -13.5
0.000342667 3.5 6.5 -14
0.000254036 2.5 7.5 -14
0.000364791 3.5 6.5 -14.5
0.00151027 3 7 -14
0.000384489 2.5 7.5 -14.5
0.00030987 3.5 6.5 -15
0.000239002 3.5 6.5 -15.5
0.000167799 3.5 6.5 -16
0.00054116 2.5 7.5 -15.5
0.00188093 3 7 -15.5
9.88366e-05 3.5 6.5 -16.5
3.50621e-05 3.5 6.5 -17
0.00074714 3 7 -16.5
2.2508e-05 2.5 7.5 -17.5
4.29437e-05 3 7 -17.5
0.000114962 2.5 7.5 -17
0.000268243 3 7 -17
0.000288997 2.5 7.5 -16.5
0.000480681 2.5 7.5 -16
0.00138398 3 7 -16
0.000504231 2.5 7.5 -15
0.00198786 3 7 -15
0.00190045 3 7 -14.5
0.000950251 3 7 -13.5
0.000198641 3.5 6.5 -13.5
0.000422199 3 7 -13
0.000115153 3 7.5 -12.5
7.0784e-05 3.5 7 -12.5
0.000591236 3.5 7 -13.5
0.000836878 3.5 7 -14
3.62093e-05 2.5 8 -14
0.000899046 3.5 7 -14.5
6.21066e-05 2.5 8 -14.5
0.000849642 3.5 7 -15
0.00167986 3 7.5 -14.5
7.75272e-05 2.5 8 -15
0.0007192 3.5 7 -15.5
0.000497003 3.5 7 -16
0.000233782 3.5 7 -16.5
0.00100501 3 7.5 -16
5.75776e-05 3.5 7 -17
0.000142964 3 7.5 -17
5.1147e-05 2.5 8 -16.5
2.05978e-05 3 7.5 -17.5
2.2915e-05 2.5 8 -17
0.000488088 3 7.5 -16.5
8.35685e-05 2.5 8 -16
9.10676e-05 2.5 8 -15.5
0.00154464 3 7.5 -15.5
0.00173266 3 7.5 -15
0.00136376 3 7.5 -14
0.000878892 3 7.5 -13.5
0.00040088 3 7.5 -13
0.000288708 3.5 7 -13
7.87015e-05 3 8 -12.5
2.95779e-05 4 7 -13
0.000264021 3 8 -13
4.26771e-05 4 7 -13.5
0.000613504 3.5 7.5 -13
3.78048e-05 4 7 -14
0.000544457 3 8 -13.5
0.000809406 3 8 -14
0.000968938 3 8 -14.5
0.00136802 3.5 7.5 -14.5
0.00101005 3 8 -15
0.000581305 3.5 7.5 -16
5.51845e-05 3.5 7.5 -17
5.60045e-05 3 8 -17
0.000230665 3 8 -16.5
0.000238262 3.5 7.5 -16.5
0.000533082 3 8 -16
0.000870039 3 8 -15.5
0.00100637 3.5 7.5 -15.5
0.00129462 3.5 7.5 -15
2.2895e-05 4 7 -14.5
0.00125786 3.5 7.5 -14
0.000949759 3.5 7.5 -13.5
0.000149542 3.5 8 -12
2.93345e-05 4 7.5 -12
3.7371e-05 3 8.5 -12.5
0.000212867 4 7.5 -13
0.000101888 3 8.5 -13
0.000298084 4 7.5 -13.5
0.000192011 3 8.5 -13.5
0.00128601 3.5 8 -14
0.000300216 4 7.5 -14
0.0002876 3 8.5 -14
0.000351205 3 8.5 -14.5
0.000175969 4 7.5 -15
0.000373997 3 8.5 -15
0.000113542 4 7.5 -15.5
0.00123769 3.5 8 -15
0.000311415 3 8.5 -15.5
5.93438e-05 4 7.5 -16
0.000179331 3.5 8 -16.5
3.44855e-05 3.5 8 -17
6.25048e-05 3 8.5 -16.5
0.000183461 3 8.5 -16
0.000478926 3.5 8 -16
0.000868463 3.5 8 -15.5
0.00135533 3.5 8 -14.5
0.000230426 4 7.5 -14.5
0.00103994 3.5 8 -13.5
0.000715481 3.5 8 -13
0.000400862 3.5 8 -12.5
0.000106954 4 7.5 -12.5
2.03341e-05 3.5 8 -11.5
3.16114e-05 3.5 8.5 -11.5
0.000143965 3.5 8.5 -12
0.000130643 4 8 -12
0.000498969 4 8 -13
0.000348501 3.5 8.5 -12.5
0.000633159 4 8 -13.5
2.87758e-05 3 9 -13.5
0.000660099 4 8 -14
0.000912549 3.5 8.5 -13.5
3.2846e-05 3 9 -14
0.000597528 4 8 -14.5
4.7547e-05 3 9 -14.5
0.000488985 4 8 -15
0.00110159 3.5 8.5 -14.5
0.000310568 4 8 -15.5
5.34865e-05 3 9 -15
4.45025e-05 3 9 -15.5
0.000137662 4 8 -16
0.000591078 3.5 8.5 -15.5
3.48332e-05 4 8 -16.5
8.74904e-05 3.5 8.5 -16.5
0.000295211 3.5 8.5 -16
0.000919381 3.5 8.5 -15
0.00109346 3.5 8.5 -14
0.000639232 3.5 8.5 -13
3.24759e-05 4 8.5 -11
0.000113957 4 8.5 -11.5
2.59701e-05 3.5 9 -11.5
7.99804e-05 3.5 9 -12
4.382e-05 4.5 8 -12.5
0.00020373 3.5 9 -12.5
5.28498e-05 4.5 8 -13
0.000508188 4 8.5 -12.5
0.000366476 3.5 9 -13
4.32467e-05 4.5 8 -13.5
0.000503245 3.5 9 -13.5
0.000831156 4 8.5 -13.5
0.000583716 3.5 9 -14.5
0.000792827 4 8.5 -14.5
0.000284304 3.5 9 -15.5
0.000327292 4 8.5 -15.5
2.80134e-05 4 8.5 -16.5
2.20459e-05 3.5 9 -16.5
0.000121534 3.5 9 -16
0.000136122 4 8.5 -16
0.00047243 3.5 9 -15
0.000577137 4 8.5 -15
0.000577494 3.5 9 -14
0.000880831 4 8.5 -14
7.59888e-05 4.5 8.5 -11.5
4.03969e-05 4 9 -11
0.000142066 4.5 8.5 -12
0.000324061 4 9 -12
0.000166874 4 9 -11.5
3.12996e-05 3.5 9.5 -12
0.000511946 4 9 -12.5
0.000202468 4.5 8.5 -12.5
6.91927e-05 3.5 9.5 -12.5
0.000664348 4 9 -13
0.000118584 3.5 9.5 -13
0.000161322 3.5 9.5 -13.5
0.000162322 4.5 8.5 -14
0.000794502 4 9 -13.5
0.000185429 3.5 9.5 -14
6.72206e-05 4.5 8.5 -15
0.000466115 4 9 -15
0.000143396 3.5 9.5 -15
9.15432e-05 4 9 -16
6.79831e-05 3.5 9.5 -15.5
0.000253739 4 9 -15.5
2.92388e-05 4.5 8.5 -15.5
0.000185214 3.5 9.5 -14.5
0.000695215 4 9 -14.5
0.00011519 4.5 8.5 -14.5
0.000817097 4 9 -14
2.2227e-05 4.5 9 -10.5
3.75668e-05 4 9.5 -11
7.99757e-05 4.5 9 -11
0.0001358 4 9.5 -11.5
0.000257131 4 9.5 -12
0.000436791 4.5 9 -13
0.000527712 4 9.5 -13
0.000595473 4 9.5 -13.5
0.000431077 4.5 9 -13.5
0.000575864 4 9.5 -14
0.000162225 4.5 9 -15
6.58696e-05 4.5 9 -15.5
0.000284968 4 9.5 -15
2.82639e-05 4 9.5 -16
0.000131026 4 9.5 -15.5
0.000459898 4 9.5 -14.5
0.000278065 4.5 9 -14.5
0.00037306 4.5 9 -14
0.00040987 4 9.5 -12.5
5.31125e-05 4.5 9.5 -10.5
0.000132746 4.5 9.5 -11
2.49758e-05 4 10 -11
0.000243514 4.5 9.5 -11.5
6.42195e-05 4 10 -11.5
0.00012656 4 10 -12
5.22587e-05 5 9 -12.5
0.00035948 4.5 9.5 -12
0.000200312 4 10 -12.5
3.92927e-05 5 9 -13
0.000263241 4 10 -13
0.00029024 4 10 -13.5
0.000203393 4 10 -14.5
0.000283298 4.5 9.5 -14.5
0.000109151 4 10 -15
2.74956e-05 4 10 -15.5
5.63066e-05 4.5 9.5 -15.5
0.000156566 4.5 9.5 -15
0.000271644 4 10 -14
0.000400709 4.5 9.5 -14
0.000472796 4.5 9.5 -13.5
0.000466512 4.5 9.5 -13
5.20482e-05 4.5 10 -10.5
0.000138494 5 9.5 -11.5
0.000235445 4.5 10 -11.5
0.000131542 4.5 10 -11
0.00032898 4.5 10 -12
0.000164239 5 9.5 -12
2.71068e-05 4 10.5 -12
5.1948e-05 4 10.5 -12.5
0.000421502 4.5 10 -13
0.00013764 5 9.5 -13
7.0413e-05 4 10.5 -13
7.40545e-05 4 10.5 -13.5
5.97421e-05 4 10.5 -14
3.14165e-05 5 9.5 -14.5
2.95617e-05 4 10.5 -14.5
2.39756e-05 4.5 10 -15.5
9.90777e-05 4.5 10 -15
0.000211365 4.5 10 -14.5
0.000328864 4.5 10 -14
6.30077e-05 5 9.5 -14
0.000409005 4.5 10 -13.5
2.44469e-05 5 10 -10
9.66537e-05 5 9.5 -13.5
0.000383593 4.5 10 -12.5
3.68989e-05 4.5 10.5 -10.5
8.67923e-05 5 10 -10.5
9.21757e-05 4.5 10.5 -11
0.000154706 4.5 10.5 -11.5
0.000208617 4.5 10.5 -12
0.000258449 4.5 10.5 -12.5
0.000279006 4.5 10.5 -13
0.000253466 4.5 10.5 -13.5
6.46178e-05 5 10 -14.5
2.00529e-05 5 10 -15
2.44106e-05 4.5 10.5 -15
9.33468e-05 4.5 10.5 -14.5
0.000182252 4.5 10.5 -14
0.000126288 5 10 -14
0.000186843 5 10 -13.5
3.14656e-05 5 10.5 -10
9.20067e-05 5 10.5 -10.5
3.96146e-05 5.5 10 -10.5
0.000152701 5 10.5 -11
5.10398e-05 5.5 10 -11
3.19912e-05 4.5 11 -11
5.51994e-05 4.5 11 -11.5
4.18783e-05 5.5 10 -12
0.000214682 5 10.5 -11.5
8.36675e-05 4.5 11 -12
2.06179e-05 5.5 10 -12.5
0.000104144 4.5 11 -12.5
0.000104789 4.5 11 -13
8.22252e-05 4.5 11 -13.5
4.17059e-05 4.5 11 -14
4.75158e-05 5 10.5 -14.5
3.2537e-05 5.5 10.5 -10
0.000111984 5 10.5 -14
0.00017803 5 10.5 -13.5
0.000223868 5 10.5 -13
7.59092e-05 5 11 -10.5
7.63845e-05 5.5 10.5 -10.5
0.000114027 5.5 10.5 -11.5
0.000126579 5 11 -11
0.000108531 5.5 10.5 -12
8.48136e-05 5.5 10.5 -12.5
5.66977e-05 5.5 10.5 -13
5.12087e-05 5 11 -14
0.00011097 5 11 -13.5
3.72762e-05 5.5 11 -10
3.14651e-05 5 11.5 -10.5
7.91009e-05 5.5 11 -10.5
2.10048e-05 5.5 10.5 -13.5
0.00015823 5 11 -13
0.000178189 5 11 -12.5
0.000185949 5 11 -12
5.73729e-05 5 11.5 -11
0.000106801 5.5 11 -11
7.57337e-05 5 11.5 -11.5
8.3682e-05 5 11.5 -12
7.5432e-05 5 11.5 -12.5
3.18731e-05 5.5 11 -13.5
2.22285e-05 5 11.5 -13.5
5.28267e-05 5 11.5 -13
2.35883e-05 5.5 11.5 -10
6.06642e-05 5.5 11.5 -10.5
3.0851e-05 6 11 -10.5
8.77509e-05 5.5 11.5 -11
2.92302e-05 6 11 -11
9.89123e-05 5.5 11.5 -11.5
3.97203e-05 5.5 11.5 -13
3.67562e-05 6 11.5 -11
3.55887e-05 6 11.5 -11.5
2.37124e-05 6 11.5 -12
2.63662e-05 5.5 12 -12
3.99227e-05 5.5 12 -11.5
2.11534e-05 6 12 -11.5
2.27989e-05 6 12 -11
3.00717e-05 5.5 12 -11
3.13807e-05 6 11.5 -10.5
6.6069e-05 5.5 11.5 -12.5
9.13009e-05 5.5 11.5 -12
6.60873e-05 5.5 11 -13
9.57415e-05 5.5 11 -12.5
0.00011906 5.5 11 -12
0.000122132 5.5 11 -11.5
0.000169037 5 11 -11.5
0.000100767 5.5 10.5 -11
0.000242102 5 10.5 -12.5
0.000243368 5 10.5 -12
5.3769e-05 5.5 10 -11.5
0.000231761 5 10 -13
0.000257909 5 10 -12.5
0.000251154 5 10 -12
0.000212524 5 10 -11.5
0.000145451 5 10 -11
0.000166572 5 9.5 -12.5
9.42576e-05 5 9.5 -11
4.65312e-05 5 9.5 -10.5
0.000414643 4.5 9.5 -12.5
6.17723e-05 5 9 -12
5.28567e-05 5 9 -11.5
3.35651e-05 5 9 -11
0.000394464 4.5 9 -12.5
0.00028134 4.5 9 -12
0.000161898 4.5 9 -11.5
0.000219823 4.5 8.5 -13.5
0.000237034 4.5 8.5 -13
2.4956e-05 4.5 8.5 -11
0.000672924 4 8.5 -13
0.00028743 4 8.5 -12
3.17592e-05 4.5 8 -12
0.000306658 4 8 -12.5
2.83957e-05 4 8 -11.5
0.000251652 3.5 7.5 -12.5
4.98544e-05 3.5 7.5 -12
