0.171171
3.68879e-05 -6.5 1 3.5
3.3254e-05 -6.5 1 3
4.42304e-05 -7 1.5 3.5
5.26793e-05 -7 1.5 3
3.56369e-05 -7 1.5 2.5
2.91936e-05 -7.5 2 3
3.20328e-05 -7.5 2 2.5
2.43427e-05 -6 1 4
5.02334e-05 -6 1 3.5
0.000119945 -6.5 1.5 4
4.79104e-05 -6 1 3
0.00021454 -6.5 1.5 3.5
7.7909e-05 -7 2 4
3.23159e-05 -6 1 2.5
0.000215119 -6.5 1.5 3
0.000281714 -7 2 3.5
0.000125485 -6.5 1.5 2.5
0.000317075 -7 2 3
9.99172e-05 -7.5 2.5 3.5
0.000231446 -7 2 2.5
0.000176887 -7.5 2.5 3
2.96916e-05 -7 2 2
0.000177585 -7.5 2.5 2.5
4.86987e-05 -8 3 3
6.25854e-05 -7.5 2.5 2
5.76143e-05 -8 3 2.5
5.31655e-05 -8 3 2
3.90324e-05 -6 1.5 4.5
3.11873e-05 -5.5 1 3.5
0.000172254 -6 1.5 4
0.000111042 -6.5 2 4.5
3.68869e-05 -5.5 1 3
0.00029503 -6 1.5 3.5
0.000725365 -6.5 2 4
3.04245e-05 -5.5 1 2.5
0.000306211 -6 1.5 3
0.00113808 -6.5 2 3.5
0.000905908 -7 2.5 4
0.000220833 -6 1.5 2.5
0.00111102 -6.5 2 3
0.00158796 -7 2.5 3.5
0.000234304 -7.5 3 4
4.99657e-05 -6 1.5 2
0.000654158 -6.5 2 2.5
0.00162908 -7 2.5 3
0.000658946 -7.5 3 3.5
9.31329e-05 -6.5 2 2
0.00107326 -7 2.5 2.5
0.0007987 -7.5 3 3
8.81916e-05 -8 3.5 3.5
0.000164425 -7 2.5 2
0.000767913 -7.5 3 2.5
0.000151311 -8 3.5 3
0.000300685 -7.5 3 2
0.00016136 -8 3.5 2.5
0.000152719 -8 3.5 2
6.77407e-05 -8 3.5 1.5
2.87772e-05 -5.5 1.5 4.5
0.000119393 -5.5 1.5 4
0.000264907 -6 2 4.5
2.8114e-05 -6.5 2.5 5
0.000228088 -5.5 1.5 3.5
0.000942523 -6 2 4
0.001113 -6.5 2.5 4.5
4.29506e-05 -7 3 5
0.00025074 -5.5 1.5 3
0.00142221 -6 2 3.5
0.00336374 -6.5 2.5 4
0.00137602 -7 3 4.5
0.000200617 -5.5 1.5 2.5
0.00144395 -6 2 3
0.00423443 -6.5 2.5 3.5
0.00392442 -7 3 4
4.1278e-05 -7.5 3.5 4.5
8.45119e-05 -5.5 1.5 2
0.00102098 -6 2 2.5
0.00414461 -6.5 2.5 3
0.00483105 -7 3 3.5
0.000273808 -6 2 2
0.00259354 -6.5 2.5 2.5
0.00482974 -7 3 3
0.00157312 -7.5 3.5 3.5
0.000568286 -6.5 2.5 2
0.00344638 -7 3 2.5
0.00171779 -7.5 3.5 3
0.00100166 -7 3 2
0.00172414 -7.5 3.5 2.5
0.000182625 -8 4 3
5.21717e-05 -7 3 1.5
0.00110327 -7.5 3.5 2
0.000222272 -8 4 2.5
0.000205718 -7.5 3.5 1.5
0.000223806 -8 4 2
0.00019219 -8 4 1.5
5.44688e-05 -8 4 1
7.29641e-05 -8 4 3.5
0.000698065 -7.5 3.5 4
2.23014e-05 -5.5 2 5
0.000199105 -5.5 2 4.5
0.000168496 -6 2.5 5
4.38888e-05 -5 1.5 3.5
0.000626199 -5.5 2 4
0.00145509 -6 2.5 4.5
0.00072751 -6.5 3 5
8.69e-05 -5 1.5 3
0.0010464 -5.5 2 3.5
0.00357697 -6 2.5 4
0.00415325 -6.5 3 4.5
9.29329e-05 -5 1.5 2.5
0.00110016 -5.5 2 3
0.00452695 -6 2.5 3.5
0.00806465 -6.5 3 4
0.00215352 -7 3.5 4.5
6.28449e-05 -5 1.5 2
0.000874236 -5.5 2 2.5
0.00443584 -6 2.5 3
0.00923961 -6.5 3 3.5
0.000394045 -5.5 2 2
0.00322933 -6 2.5 2.5
0.00901177 -6.5 3 3
0.00772826 -7 3.5 3.5
0.000569703 -7.5 4 4
5.44876e-05 -5.5 2 1.5
0.0011795 -6 2.5 2
0.00654993 -6.5 3 2.5
0.00777036 -7 3.5 3
8.59773e-05 -6 2.5 1.5
0.00249326 -6.5 3 2
0.00654719 -7 3.5 2.5
0.00187984 -7.5 4 3
0.000225238 -6.5 3 1.5
0.00327799 -7 3.5 2
0.00201433 -7.5 4 2.5
0.000140636 -8 4.5 3
0.00060217 -7 3.5 1.5
0.00183926 -7.5 4 2
0.000200905 -8 4.5 2.5
3.0167e-05 -7 3.5 1
0.000830191 -7.5 4 1.5
0.0002049 -8 4.5 2
0.000100739 -7.5 4 1
0.000204602 -8 4.5 1.5
0.000134803 -8 4.5 1
3.95612e-05 -8 4.5 3.5
0.00147263 -7.5 4 3.5
0.00609246 -7 3.5 4
4.14406e-05 -7.5 4 4.5
0.000126392 -7 3.5 5
0.000153555 -5.5 2.5 5
7.03469e-05 -6 3 5.5
4.52792e-05 -5 2 4
0.000836453 -5.5 2.5 4.5
0.00096104 -6 3 5
0.00017015 -5 2 3.5
0.00198411 -5.5 2.5 4
0.00421097 -6 3 4.5
0.00147792 -6.5 3.5 5
0.000348177 -5 2 3
0.00298763 -5.5 2.5 3.5
0.00792158 -6 3 4
0.00591612 -6.5 3.5 4.5
0.000372014 -5 2 2.5
0.00305658 -5.5 2.5 3
0.00923469 -6 3 3.5
0.0110514 -6.5 3.5 4
0.0055056 -7 4 4
0.000268662 -5 2 2
0.0024927 -5.5 2.5 2.5
0.0090124 -6 3 3
0.0128202 -6.5 3.5 3.5
9.52044e-05 -5 2 1.5
0.00125862 -5.5 2.5 2
0.00672077 -6 3 2.5
0.0126451 -6.5 3.5 3
0.00759393 -7 4 3.5
0.00116712 -7.5 4.5 3.5
0.000272845 -5.5 2.5 1.5
0.00325381 -6 3 2
0.0102076 -6.5 3.5 2.5
0.000640981 -6 3 1.5
0.00551781 -6.5 3.5 2
0.00723825 -7 4 2.5
0.00167598 -7.5 4.5 3
2.91944e-05 -6 3 1
0.00146381 -6.5 3.5 1.5
0.00480972 -7 4 2
0.00178262 -7.5 4.5 2.5
9.77472e-05 -6.5 3.5 1
0.00193338 -7 4 1.5
0.00169699 -7.5 4.5 2
0.000274103 -7 4 1
0.00107649 -7.5 4.5 1.5
0.000378247 -7.5 4.5 1
3.20974e-05 -7.5 4.5 0.5
3.99197e-05 -8 5 0.5
0.000119477 -8 5 1
0.000143764 -8 5 1.5
0.000145068 -8 5 2
0.000129299 -8 5 2.5
6.35387e-05 -8 5 3
0.00772176 -7 4 3
0.000280845 -7.5 4.5 4
0.00175771 -7 4 4.5
0.00010589 -7 4 5
0.000107902 -6.5 3.5 5.5
6.80436e-05 -5.5 3 5.5
0.000554817 -5.5 3 5
0.000241248 -6 3.5 5.5
0.000106068 -5 2.5 4
0.0020538 -5.5 3 4.5
0.0018515 -6 3.5 5
0.00042117 -5 2.5 3.5
0.00420671 -5.5 3 4
0.00612197 -6 3.5 4.5
0.00128287 -6.5 4 5
2.80975e-05 -4.5 2 2.5
0.000838534 -5 2.5 3
0.00576282 -5.5 3 3.5
0.0109133 -6 3.5 4
0.00551065 -6.5 4 4.5
5.47825e-05 -7 4.5 5
6.42314e-05 -4.5 2 2
0.000916655 -5 2.5 2.5
0.00580848 -5.5 3 3
0.0126081 -6 3.5 3.5
0.0106154 -6.5 4 4
4.36952e-05 -4.5 2 1.5
0.000719375 -5 2.5 2
0.00483575 -5.5 3 2.5
0.0123955 -6 3.5 3
3.78611e-05 -7.5 5 4
0.0126912 -6.5 4 3.5
0.000304607 -5 2.5 1.5
0.00271896 -5.5 3 2
0.00995445 -6 3.5 2.5
0.0125986 -6.5 4 3
0.000477949 -7.5 5 3.5
0.00626863 -7 4.5 3.5
4.40692e-05 -5 2.5 1
0.000890819 -5.5 3 1.5
0.00556312 -6 3.5 2
0.0106724 -6.5 4 2.5
0.00100184 -7.5 5 3
7.21939e-05 -5.5 3 1
0.0019542 -6 3.5 1.5
0.00671159 -6.5 4 2
0.00021385 -6 3.5 1
0.00293605 -6.5 4 1.5
0.00439158 -7 4.5 2
0.000591787 -6.5 4 1
0.00229622 -7 4.5 1.5
4.47745e-05 -6.5 4 0.5
0.000799274 -7 4.5 1
0.000799536 -7.5 5 1.5
0.000102939 -7 4.5 0.5
0.000401624 -7.5 5 1
0.000125756 -7.5 5 0.5
3.1623e-05 -8 5.5 0.5
4.88044e-05 -8 5.5 1
4.66741e-05 -8 5.5 1.5
4.18518e-05 -8 5.5 2
0.00108427 -7.5 5 2
0.00108059 -7.5 5 2.5
0.00621193 -7 4.5 2.5
0.00653847 -7 4.5 3
0.00394975 -7 4.5 4
0.000933539 -7 4.5 4.5
9.95956e-05 -6.5 4 5.5
0.000185893 -5.5 3.5 5.5
2.71702e-05 -6 4 6
2.57252e-05 -5 3 4.5
0.00119098 -5.5 3.5 5
5.77508e-05 -6.5 4.5 5.5
0.000312713 -5 3 4
0.00357582 -5.5 3.5 4.5
0.000802214 -6.5 4.5 5
0.00182039 -6 4 5
0.000924419 -5 3 3.5
0.00645247 -5.5 3.5 4
4.91998e-05 -4.5 2.5 2.5
0.00151005 -5 3 3
0.00813683 -5.5 3.5 3.5
0.0106944 -6 4 4
0.000136541 -7 5 4.5
0.00414321 -6.5 4.5 4.5
0.000143506 -4.5 2.5 2
0.00165633 -5 3 2.5
0.00805505 -5.5 3.5 3
0.0125876 -6 4 3.5
0.00142184 -7 5 4
0.000122431 -4.5 2.5 1.5
0.00132554 -5 3 2
0.00666482 -5.5 3.5 2.5
0.0124401 -6 4 3
4.4501e-05 -4.5 2.5 1
0.000655829 -5 3 1.5
0.00412251 -5.5 3.5 2
0.010347 -6 4 2.5
0.0103251 -6.5 4.5 3
0.000149985 -5 3 1
0.00170347 -5.5 3.5 1.5
0.0064299 -6 4 2
0.00879496 -6.5 4.5 2.5
5.21728e-05 -7.5 5.5 3
0.00343893 -7 5 3
0.000329149 -5.5 3.5 1
0.00287138 -6 4 1.5
0.000228178 -7.5 5.5 2.5
0.000745289 -6 4 1
0.00291198 -6.5 4.5 1.5
7.80502e-05 -6 4 0.5
0.00107541 -6.5 4.5 1
0.00157306 -7 5 1.5
0.000185735 -6.5 4.5 0.5
0.000736506 -7 5 1
2.13092e-05 -6.5 4.5 0
0.000241821 -7 5 0.5
2.7267e-05 -7 5 0
2.44455e-05 -7.5 5.5 0
8.38057e-05 -7.5 5.5 0.5
0.000174558 -7.5 5.5 1
0.000257262 -7.5 5.5 1.5
0.000272717 -7.5 5.5 2
0.00259993 -7 5 2
0.00575967 -6.5 4.5 2
0.00334034 -7 5 2.5
0.00308504 -7 5 3.5
0.0103698 -6.5 4.5 3.5
0.00844046 -6.5 4.5 4
0.00588578 -6 4 4.5
0.000278618 -6 4 5.5
3.12478e-05 -5.5 4 6
2.37798e-05 -6 4.5 6
5.07245e-05 -5 3.5 5
0.000271789 -5.5 4 5.5
0.000254499 -5 3.5 4.5
0.00156816 -5.5 4 5
0.000239689 -6 4.5 5.5
0.000924885 -5 3.5 4
0.00427106 -5.5 4 4.5
0.00487581 -6 4.5 4.5
0.00178063 -5 3.5 3.5
7.06127e-05 -4.5 3 2.5
0.00236888 -5 3.5 3
0.00863991 -5.5 4 3.5
0.00880284 -6 4.5 4
0.00168598 -6.5 5 4.5
0.000223193 -4.5 3 2
0.00228244 -5 3.5 2.5
0.00848359 -5.5 4 3
0.010323 -6 4.5 3.5
0.000211416 -4.5 3 1.5
0.00177816 -5 3.5 2
0.00693247 -5.5 4 2.5
9.01144e-05 -7 5.5 3.5
0.0101706 -6 4.5 3
0.00518484 -6.5 5 3.5
0.000103294 -4.5 3 1
0.00098199 -5 3.5 1.5
0.00435476 -5.5 4 2
0.00840618 -6 4.5 2.5
0.00438535 -6.5 5 2.5
0.000314102 -5 3.5 1
0.00208702 -5.5 4 1.5
3.00171e-05 -5 3.5 0.5
0.000657898 -5.5 4 1
0.00265757 -6 4.5 1.5
0.00303312 -6.5 5 2
0.000613309 -7 5.5 2.5
7.98578e-05 -5.5 4 0.5
0.00099617 -6 4.5 1
0.000214874 -6 4.5 0.5
2.56179e-05 -6 4.5 0
0.000281314 -6.5 5 0.5
4.93283e-05 -6.5 5 0
3.83549e-05 -7 5.5 0
0.000120433 -7 5.5 0.5
0.000260964 -7 5.5 1
0.000805642 -6.5 5 1
0.000449029 -7 5.5 1.5
0.00174469 -6.5 5 1.5
0.000602272 -7 5.5 2
0.00534484 -6 4.5 2
0.000477324 -7 5.5 3
0.00516719 -6.5 5 3
0.00402533 -6.5 5 4
0.00727446 -5.5 4 4
0.000226333 -6.5 5 5
7.15324e-05 -5 4 5.5
3.04371e-05 -5.5 4.5 6
0.000254088 -5 4 5
0.000254742 -5.5 4.5 5.5
0.00012827 -6 5 5.5
0.000740281 -5 4 4.5
0.000917697 -6 5 5
0.00148616 -5.5 4.5 5
0.00166688 -5 4 4
0.0064862 -5.5 4.5 4
0.00258495 -5 4 3.5
0.00265355 -6 5 4.5
0.000141387 -4.5 3.5 2.5
0.00283666 -5 4 3
0.000154594 -6.5 5.5 4
0.00729324 -5.5 4.5 3.5
0.000268509 -4.5 3.5 2
0.00257008 -5 4 2.5
0.000677668 -6.5 5.5 3.5
0.00705624 -5.5 4.5 3
0.00522562 -6 5 3.5
0.00025317 -4.5 3.5 1.5
0.00182653 -5 4 2
0.00550875 -5.5 4.5 2.5
0.000146855 -4.5 3.5 1
0.000993499 -5 4 1.5
0.000836814 -6.5 5.5 2.5
0.00268884 -6 5 2
0.0034148 -5.5 4.5 2
3.21025e-05 -4.5 3.5 0.5
0.000392632 -5 4 1
7.68986e-05 -5 4 0.5
0.000666189 -5.5 4.5 1
0.000458471 -6.5 5.5 1.5
0.000179514 -5.5 4.5 0.5
2.2315e-05 -5.5 4.5 0
5.22126e-05 -6 5 0
3.69035e-05 -6.5 5.5 0
0.000113267 -6.5 5.5 0.5
0.000230615 -6 5 0.5
0.000253826 -6.5 5.5 1
0.000658707 -6 5 1
0.00146612 -6 5 1.5
0.000671236 -6.5 5.5 2
0.00169978 -5.5 4.5 1.5
0.00411234 -6 5 2.5
0.000862697 -6.5 5.5 3
0.00509022 -6 5 3
2.07062e-05 -5 4.5 6
0.00450931 -6 5 4
0.000153585 -5 4.5 5.5
2.45332e-05 -5.5 5 6
0.000538011 -5 4.5 5
0.00127272 -5 4.5 4.5
0.00101477 -5.5 5 5
0.00218988 -5 4.5 4
0.000118784 -4.5 4 3
0.000780962 -6 5.5 4
0.00269762 -5 4.5 3.5
0.00375353 -5.5 5 4
0.000246641 -4.5 4 2.5
0.00263653 -5 4.5 3
0.000299905 -4.5 4 2
0.00215174 -5 4.5 2.5
0.00363903 -5.5 5 3
0.000239684 -4.5 4 1.5
0.00137439 -5 4.5 2
0.00265566 -5.5 5 2.5
0.000948774 -6 5.5 3
0.000129389 -4.5 4 1
0.000701609 -5 4.5 1.5
4.59783e-05 -4.5 4 0.5
0.000291835 -5 4.5 1
9.64167e-05 -5 4.5 0.5
0.000355845 -5.5 5 1
0.000348495 -6 5.5 1.5
2.06564e-05 -5 4.5 0
3.0443e-05 -5.5 5 0
7.02806e-05 -6 5.5 0.5
2.36119e-05 -6 5.5 0
0.000128242 -5.5 5 0.5
0.000171998 -6 5.5 1
0.000818689 -5.5 5 1.5
0.000582546 -6 5.5 2
0.0016053 -5.5 5 2
0.000810527 -6 5.5 2.5
0.000981213 -6 5.5 3.5
0.00393405 -5.5 5 3.5
0.000280069 -6 5.5 4.5
0.00253227 -5.5 5 4.5
2.02658e-05 -5 5 6
6.13097e-05 -5.5 5.5 5.5
2.6862e-05 -4.5 4.5 4
0.00128407 -5 5 4.5
0.000164991 -4.5 4.5 3.5
0.00175984 -5 5 4
0.000708218 -5.5 5.5 4.5
0.000281745 -4.5 4.5 3
0.00183292 -5 5 3.5
0.000944245 -5.5 5.5 3.5
0.000311266 -4.5 4.5 2.5
0.0016257 -5 5 3
0.00025895 -4.5 4.5 2
0.00112218 -5 5 2.5
0.00084073 -5.5 5.5 3
0.000150957 -4.5 4.5 1.5
0.000631436 -5 5 2
6.73561e-05 -4.5 4.5 1
2.61842e-05 -6 6 2
0.000294381 -5 5 1.5
0.000347372 -5.5 5.5 2
3.51181e-05 -4.5 4.5 0.5
0.000115978 -5 5 1
4.25799e-05 -5 5 0.5
7.45354e-05 -5.5 5.5 1
2.73638e-05 -5.5 5.5 0.5
0.000175992 -5.5 5.5 1.5
0.000586229 -5.5 5.5 2.5
0.000919516 -5.5 5.5 4
5.53697e-05 -4.5 5 5
8.15416e-05 -5 5.5 5.5
0.000142896 -4.5 5 4.5
0.000317096 -5 5.5 5
0.00029012 -4.5 5 4
0.000624278 -5 5.5 4.5
0.000368598 -4.5 5 3.5
0.000349738 -4.5 5 3
0.000670285 -5 5.5 3.5
0.000259905 -4.5 5 2.5
0.000141285 -4.5 5 2
0.000303442 -5 5.5 2.5
3.6146e-05 -5.5 6 3
5.98762e-05 -4.5 5 1.5
2.41919e-05 -5.5 6 2
0.000147924 -5 5.5 2
2.44368e-05 -4.5 5 1
2.39466e-05 -5.5 6 1.5
2.34595e-05 -5 5.5 1
5.9314e-05 -5 5.5 1.5
3.51358e-05 -5.5 6 2.5
3.76738e-05 -4.5 5.5 5.5
0.000124757 -4.5 5.5 5
0.000233317 -4.5 5.5 4.5
0.000275357 -4.5 5.5 4
6.7055e-05 -5 6 4
0.000261464 -4.5 5.5 3.5
0.000189105 -4.5 5.5 3
5.9042e-05 -5 6 3.5
2.66496e-05 -5 6 2.5
9.85751e-05 -4.5 5.5 2.5
3.09869e-05 -4.5 6 5
2.25875e-05 -4 5.5 4
5.80306e-05 -4.5 6 4.5
2.82044e-05 -4 5.5 3.5
6.20567e-05 -4.5 6 4
2.52795e-05 -4 5.5 3
4.89339e-05 -4.5 6 3.5
2.06318e-05 -4 5.5 2.5
2.72791e-05 -4.5 6 3
5.13512e-05 -4.5 5.5 2
4.21191e-05 -5 6 3
5.94353e-05 -5 6 4.5
2.59978e-05 -5 6 5
0.000505086 -5 5.5 3
0.00070569 -5 5.5 4
0.00031621 -5.5 5.5 5
0.000642329 -5 5 5
0.000159098 -5 5 5.5
0.000200203 -5.5 5 5.5
0.00396214 -5.5 4.5 4.5
0.00158278 -6 4.5 5
