0.501419
2.91468e-05 -4 -6.5 -12.5
2.98728e-05 -4 -6.5 -13
2.30187e-05 -4 -6 -12
2.60022e-05 -3.5 -6.5 -13
2.12683e-05 -3.5 -6.5 -13.5
2.29567e-05 -4 -6 -13
2.48481e-05 -4 -6 -12.5
3.2236e-05 -3.5 -6 -12
5.01312e-05 -3.5 -6 -12.5
5.25941e-05 -3.5 -6 -13
4.1259e-05 -3.5 -6 -13.5
2.37344e-05 -3.5 -5.5 -11.5
5.62868e-05 -3.5 -5.5 -12
8.16128e-05 -3.5 -5.5 -12.5
2.11242e-05 -3 -6 -13.5
8.38438e-05 -3.5 -5.5 -13
2.55591e-05 -3 -6 -14
2.66318e-05 -3.5 -5.5 -14
5.98479e-05 -3.5 -5.5 -13.5
2.90673e-05 -3.5 -5 -11.5
3.97908e-05 -3 -5.5 -12.5
6.48558e-05 -3.5 -5 -12
7.3597e-05 -3 -5.5 -13
8.99333e-05 -3.5 -5 -12.5
8.28351e-05 -3 -5.5 -13.5
8.92382e-05 -3.5 -5 -13
6.00285e-05 -3 -5.5 -14
2.19577e-05 -3 -5.5 -14.5
3.01646e-05 -3.5 -5 -14
6.2398e-05 -3.5 -5 -13.5
2.49412e-05 -3 -5 -11.5
8.12542e-05 -3 -5 -12
0.000155321 -3 -5 -12.5
4.48627e-05 -3.5 -4.5 -12
0.000204389 -3 -5 -13
0.000184131 -3 -5 -13.5
0.00010607 -3 -5 -14
3.55505e-05 -3 -5 -14.5
3.47428e-05 -3.5 -4.5 -13.5
5.06931e-05 -3.5 -4.5 -13
5.75436e-05 -3.5 -4.5 -12.5
6.53579e-05 -3 -4.5 -11.5
0.000168977 -3 -4.5 -12
0.000274786 -3 -4.5 -12.5
2.24124e-05 -2.5 -5 -13.5
0.000299912 -3 -4.5 -13
5.14141e-05 -2.5 -5 -14
4.83925e-05 -2.5 -5 -14.5
2.21516e-05 -2.5 -5 -15
3.55888e-05 -3 -4.5 -14.5
0.000131623 -3 -4.5 -14
0.00025303 -3 -4.5 -13.5
7.74218e-05 -3 -4 -11.5
4.51397e-05 -2.5 -4.5 -12.5
0.000194461 -3 -4 -12
0.00014418 -2.5 -4.5 -13
0.000290769 -3 -4 -12.5
0.000233688 -2.5 -4.5 -13.5
0.000301731 -3 -4 -13
0.000218797 -2.5 -4.5 -14
0.000120168 -2.5 -4.5 -14.5
2.47269e-05 -2.5 -4.5 -15
2.81691e-05 -3 -4 -14.5
0.000104859 -3 -4 -14
0.000248868 -3 -4 -13.5
3.95229e-05 -2.5 -4 -11.5
0.000163605 -2.5 -4 -12
3.98814e-05 -3 -3.5 -11.5
0.000411743 -2.5 -4 -12.5
0.000113709 -3 -3.5 -12
0.00062858 -2.5 -4 -13
0.000617157 -2.5 -4 -13.5
0.00014362 -3 -3.5 -13
0.000441642 -2.5 -4 -14
2.43029e-05 -2.5 -4 -15
0.000167445 -2.5 -4 -14.5
4.20009e-05 -3 -3.5 -14
0.000113853 -3 -3.5 -13.5
0.000144923 -3 -3.5 -12.5
3.09217e-05 -2.5 -3.5 -11
0.000156786 -2.5 -3.5 -11.5
0.000473237 -2.5 -3.5 -12
0.000848454 -2.5 -3.5 -12.5
0.000964873 -2.5 -3.5 -13
5.59068e-05 -2 -4 -14
0.000878156 -2.5 -3.5 -13.5
0.000111106 -2 -4 -14.5
7.04849e-05 -2 -4 -15
2.49169e-05 -2.5 -3.5 -15
0.000146397 -2.5 -3.5 -14.5
0.000543594 -2.5 -3.5 -14
2.77512e-05 -2.5 -3 -11
0.000188632 -2.5 -3 -11.5
0.000557903 -2.5 -3 -12
0.000191643 -2 -3.5 -13
0.000918472 -2.5 -3 -12.5
0.0004232 -2 -3.5 -13.5
0.000514432 -2 -3.5 -14
0.00084339 -2.5 -3 -13.5
0.000375869 -2 -3.5 -14.5
0.000120486 -2 -3.5 -15
6.89611e-05 -2.5 -3 -14.5
0.000421902 -2.5 -3 -14
0.00095179 -2.5 -3 -13
6.34639e-05 -2 -3 -11.5
0.000281108 -2 -3 -12
7.8229e-05 -2.5 -2.5 -11.5
0.000856987 -2 -3 -12.5
0.000323754 -2.5 -2.5 -12
0.00147657 -2 -3 -13
0.00155317 -2 -3 -13.5
0.00126359 -2 -3 -14
9.94828e-05 -2 -3 -15
0.000596541 -2 -3 -14.5
0.000151747 -2.5 -2.5 -14
0.000340209 -2.5 -2.5 -13.5
0.000410181 -2.5 -2.5 -13
0.000422282 -2.5 -2.5 -12.5
6.91873e-05 -2 -2.5 -11
0.000367111 -2 -2.5 -11.5
0.00114529 -2 -2.5 -12
0.00214989 -2 -2.5 -12.5
0.00256528 -2 -2.5 -13
3.47673e-05 -1.5 -3 -14
0.000141975 -1.5 -3 -14.5
0.000123103 -1.5 -3 -15
3.86399e-05 -1.5 -3 -15.5
3.75097e-05 -2 -2.5 -15
0.000592016 -2 -2.5 -14.5
2.43685e-05 -2.5 -2 -14
0.00167214 -2 -2.5 -14
3.44689e-05 -2.5 -2 -13.5
0.00241767 -2 -2.5 -13.5
4.02413e-05 -2.5 -2 -13
4.09996e-05 -2.5 -2 -12.5
2.00047e-05 -2.5 -2 -12
6.59961e-05 -2 -2 -11
0.000447436 -2 -2 -11.5
0.00140139 -2 -2 -12
0.000244967 -1.5 -2.5 -13
0.000643041 -1.5 -2.5 -13.5
0.000869596 -1.5 -2.5 -14
0.000696057 -1.5 -2.5 -14.5
2.83449e-05 -1.5 -2.5 -15.5
0.000274753 -1.5 -2.5 -15
0.000299007 -2 -2 -14.5
0.00133929 -2 -2 -14
0.00235602 -2 -2 -13.5
0.00256905 -2 -2 -13
0.00239487 -2 -2 -12.5
0.000108791 -1.5 -2 -11.5
0.000577488 -1.5 -2 -12
0.000176922 -2 -1.5 -11.5
0.00171744 -1.5 -2 -12.5
0.000817667 -2 -1.5 -12
0.00281615 -1.5 -2 -13
0.00301486 -1.5 -2 -13.5
7.82918e-05 -2 -1.5 -14.5
0.000303223 -1.5 -2 -15
0.00130363 -1.5 -2 -14.5
0.000543412 -2 -1.5 -14
0.00254803 -1.5 -2 -14
0.00100507 -2 -1.5 -13.5
0.00114571 -2 -1.5 -13
0.00116803 -2 -1.5 -12.5
2.06522e-05 -1.5 -1.5 -10.5
0.000148886 -1.5 -1.5 -11
0.000825603 -1.5 -1.5 -11.5
0.0024882 -1.5 -1.5 -12
0.00446121 -1.5 -1.5 -12.5
0.00525021 -1.5 -1.5 -13
2.59031e-05 -1 -2 -14
9.99126e-05 -2 -1 -14
0.000136885 -1 -2 -14.5
3.15603e-05 -2 -1 -14.5
0.000132626 -1 -2 -15
4.91407e-05 -1 -2 -15.5
0.000163668 -1.5 -1.5 -15
0.00146804 -1.5 -1.5 -14.5
0.00358007 -1.5 -1.5 -14
0.000124402 -2 -1 -13.5
0.00500225 -1.5 -1.5 -13.5
0.000133539 -2 -1 -13
0.000134367 -2 -1 -12.5
4.68363e-05 -2 -1 -12
0.000147376 -1.5 -1 -11
0.00101368 -1.5 -1 -11.5
0.000120134 -1 -1.5 -12.5
0.00301904 -1.5 -1 -12
0.000559115 -1 -1.5 -13
0.00491571 -1.5 -1 -12.5
0.00102823 -1 -1.5 -13.5
0.001171 -1 -1.5 -14
5.48472e-05 -1 -1.5 -15.5
3.70007e-05 -1.5 -1 -15
0.000393143 -1 -1.5 -15
0.000857002 -1.5 -1 -14.5
0.000934795 -1 -1.5 -14.5
0.00302296 -1.5 -1 -14
0.00489594 -1.5 -1 -13.5
0.00522618 -1.5 -1 -13
7.80551e-05 -1 -1 -11
0.000417126 -1 -1 -11.5
0.00160724 -1 -1 -12
0.000421827 -1.5 -0.5 -11.5
0.00343011 -1 -1 -12.5
0.00172861 -1.5 -0.5 -12
0.00473082 -1 -1 -13
0.00479499 -1 -1 -13.5
3.54027e-05 -1 -1 -15.5
0.000500382 -1 -1 -15
0.000284582 -1.5 -0.5 -14.5
0.0020174 -1 -1 -14.5
0.00131542 -1.5 -0.5 -14
0.00392952 -1 -1 -14
0.00222898 -1.5 -0.5 -13.5
0.00244293 -1.5 -0.5 -13
0.00245478 -1.5 -0.5 -12.5
4.39399e-05 -1 -0.5 -10.5
0.000348861 -1 -0.5 -11
0.00182943 -1 -0.5 -11.5
0.00475406 -1 -0.5 -12
0.00757206 -1 -0.5 -12.5
0.00833276 -1 -0.5 -13
0.000306996 -1.5 0 -12.5
6.78373e-05 -0.5 -1 -14
0.000116195 -0.5 -1 -14.5
0.000259306 -1.5 0 -14
9.44986e-05 -0.5 -1 -15
3.80932e-05 -0.5 -1 -15.5
0.00030181 -1 -0.5 -15
8.86853e-05 -1.5 0 -14.5
0.00233882 -1 -0.5 -14.5
0.00559517 -1 -0.5 -14
0.000300106 -1.5 0 -13.5
0.00789722 -1 -0.5 -13.5
0.000312632 -1.5 0 -13
9.97967e-05 -1.5 0 -12
3.59181e-05 -1 0 -10.5
6.28371e-05 -0.5 -0.5 -11.5
0.000342789 -1 0 -11
0.000344883 -0.5 -0.5 -12
0.0020774 -1 0 -11.5
0.000908457 -0.5 -0.5 -12.5
0.00534573 -1 0 -12
0.00146639 -0.5 -0.5 -13
0.00788335 -1 0 -12.5
0.00171214 -0.5 -0.5 -13.5
0.00157987 -0.5 -0.5 -14
5.2002e-05 -0.5 -0.5 -15.5
0.000101194 -1 0 -15
0.000390882 -0.5 -0.5 -15
0.00144624 -1 0 -14.5
0.00104754 -0.5 -0.5 -14.5
0.00476771 -1 0 -14
0.00759613 -1 0 -13.5
0.00814317 -1 0 -13
5.14191e-05 -0.5 0 -10.5
0.000316366 -0.5 0 -11
0.00143023 -0.5 0 -11.5
3.79928e-05 -1 0.5 -11
0.00360487 -0.5 0 -12
0.000825787 -1 0.5 -11.5
0.00593542 -0.5 0 -12.5
0.00680914 -0.5 0 -13
0.00657051 -0.5 0 -13.5
0.00375562 -1 0.5 -13
2.62067e-05 -1 0.5 -15
4.20637e-05 -0.5 0 -15.5
0.000528599 -0.5 0 -15
0.00048927 -1 0.5 -14.5
0.00233345 -0.5 0 -14.5
0.00208276 -1 0.5 -14
0.00490905 -0.5 0 -14
0.00348088 -1 0.5 -13.5
0.00374473 -1 0.5 -12.5
0.00278787 -1 0.5 -12
0.000100491 -0.5 0.5 -10.5
0.000777171 -0.5 0.5 -11
3.53834e-05 0 0 -12
0.00337815 -0.5 0.5 -11.5
9.49127e-05 0 0 -12.5
0.00733363 -0.5 0.5 -12
0.000153999 0 0 -13
0.0102787 -0.5 0.5 -12.5
0.000191436 0 0 -13.5
0.0106543 -0.5 0.5 -13
0.000476675 -1 1 -12.5
0.000197783 0 0 -14
0.000149972 0 0 -14.5
0.000417424 -1 1 -14
2.06731e-05 0 0 -15.5
0.000322448 -0.5 0.5 -15
0.000131231 -1 1 -14.5
6.33396e-05 0 0 -15
0.00258779 -0.5 0.5 -14.5
0.00660794 -0.5 0.5 -14
0.000476032 -1 1 -13.5
0.00987866 -0.5 0.5 -13.5
0.000487326 -1 1 -13
0.000186839 -1 1 -12
3.0785e-05 0 0.5 -10.5
0.000180388 0 0.5 -11
7.31184e-05 -0.5 1 -10.5
0.000667528 0 0.5 -11.5
0.000708627 -0.5 1 -11
0.00148707 0 0.5 -12
0.00345307 -0.5 1 -11.5
0.0023441 0 0.5 -12.5
0.00751675 -0.5 1 -12
0.00270501 0 0.5 -13
0.00979854 -0.5 1 -12.5
0.00261988 0 0.5 -13.5
0.00201923 0 0.5 -14
3.13037e-05 -1 1.5 -13.5
2.31543e-05 -1 1.5 -14.5
3.62501e-05 0 0.5 -15.5
0.000117224 -0.5 1 -15
0.000319678 0 0.5 -15
0.00152894 -0.5 1 -14.5
3.02869e-05 -1 1.5 -14
0.0010698 0 0.5 -14.5
0.00539001 -0.5 1 -14
0.00894852 -0.5 1 -13.5
3.02928e-05 -1 1.5 -13
0.00988064 -0.5 1 -13
0.000134757 0 1 -10.5
0.000855667 0 1 -11
0.00295768 0 1 -11.5
7.83389e-05 -0.5 1.5 -11
0.00584233 0 1 -12
0.00123049 -0.5 1.5 -11.5
0.00793229 0 1 -12.5
2.9131e-05 0 1 -15.5
2.5768e-05 -0.5 1.5 -15
0.000392111 0 1 -15
0.000456339 -0.5 1.5 -14.5
0.00212936 0 1 -14.5
0.00214481 -0.5 1.5 -14
0.00499494 0 1 -14
0.00378788 -0.5 1.5 -13.5
0.00753643 0 1 -13.5
0.00416084 -0.5 1.5 -13
0.00819191 0 1 -13
0.00414814 -0.5 1.5 -12.5
0.00332258 -0.5 1.5 -12
2.3534e-05 0 1.5 -10
4.58481e-05 0.5 1 -11
0.000211802 0 1.5 -10.5
0.000107777 0.5 1 -11.5
0.00150149 0 1.5 -11
0.000264638 0.5 1 -12
0.00497476 0 1.5 -11.5
0.000455711 0.5 1 -12.5
0.00922174 0 1.5 -12
0.000573361 0.5 1 -13
0.000572586 0.5 1 -13.5
0.000520154 0.5 1 -14
0.000330772 0.5 1 -14.5
0.000100889 -0.5 2 -14.5
0.000230561 0 1.5 -15
0.000123299 0.5 1 -15
0.00207569 0 1.5 -14.5
0.000395153 -0.5 2 -14
0.00612026 0 1.5 -14
0.000511877 -0.5 2 -13.5
0.0100483 0 1.5 -13.5
0.000520138 -0.5 2 -13
0.0114192 0 1.5 -13
0.000510743 -0.5 2 -12.5
0.0113728 0 1.5 -12.5
0.000280674 -0.5 2 -12
0.000114578 0.5 1.5 -10.5
0.000593369 0.5 1.5 -11
0.000133425 0 2 -10.5
0.00160691 0.5 1.5 -11.5
0.0012361 0 2 -11
0.00289507 0.5 1.5 -12
0.00376213 0.5 1.5 -12.5
0.00384035 0.5 1.5 -13
3.38758e-05 -0.5 2.5 -13
2.94575e-05 -0.5 2.5 -14
2.19362e-05 -0.5 2.5 -14.5
7.77201e-05 0 2 -15
0.00022238 0.5 1.5 -15
0.00101014 0 2 -14.5
0.00106355 0.5 1.5 -14.5
0.00423896 0 2 -14
3.31344e-05 -0.5 2.5 -13.5
0.0023607 0.5 1.5 -14
0.00781402 0 2 -13.5
0.00348309 0.5 1.5 -13.5
0.00921555 0 2 -13
2.56653e-05 -0.5 2.5 -12.5
0.00926872 0 2 -12.5
0.00804207 0 2 -12
0.00442896 0 2 -11.5
4.52809e-05 0.5 2 -10
0.000319389 0.5 2 -10.5
0.00163779 0.5 2 -11
0.00435901 0.5 2 -11.5
0.00835363 0.5 2 -12.5
3.2175e-05 1 1.5 -13.5
6.77066e-05 1 1.5 -14
6.39793e-05 1 1.5 -14.5
0.000224247 0 2.5 -14.5
3.06606e-05 1 1.5 -15
0.000178501 0.5 2 -15
0.00137678 0.5 2 -14.5
0.00138727 0 2.5 -14
0.00405872 0.5 2 -14
0.00288529 0 2.5 -13.5
0.00700243 0.5 2 -13.5
0.00337255 0 2.5 -13
0.00829369 0.5 2 -13
0.00336985 0 2.5 -12.5
0.00296444 0 2.5 -12
0.00725171 0.5 2 -12
0.00144939 0 2.5 -11.5
0.000186026 0 2.5 -11
6.95736e-05 1 2 -10.5
5.64295e-05 0.5 2.5 -10
0.000211304 1 2 -11
0.000448249 0.5 2.5 -10.5
0.000406842 1 2 -11.5
0.00247101 0.5 2.5 -11
0.000690796 1 2 -12
0.000921559 1 2 -12.5
0.000936904 1 2 -13
0.000383685 0 3 -13
0.000372702 0 3 -13.5
0.000712735 1 2 -14
0.000207448 0 3 -14
3.59936e-05 0 3 -14.5
9.17228e-05 0.5 2.5 -15
9.02842e-05 1 2 -15
0.000947146 0.5 2.5 -14.5
0.000380057 1 2 -14.5
0.00374509 0.5 2.5 -14
0.00733772 0.5 2.5 -13.5
0.000874109 1 2 -13.5
0.00954331 0.5 2.5 -13
0.000379395 0 3 -12.5
0.00980711 0.5 2.5 -12.5
0.00028596 0 3 -12
0.00910627 0.5 2.5 -12
7.21099e-05 0 3 -11.5
0.00599816 0.5 2.5 -11.5
5.0223e-05 1 2.5 -10
0.000327246 1 2.5 -10.5
0.00118687 1 2.5 -11
0.00254255 1 2.5 -11.5
0.00381716 1 2.5 -12
2.17093e-05 0 3.5 -12.5
2.14695e-05 0 3.5 -13
2.07846e-05 0 3.5 -13.5
7.81782e-05 1 2.5 -15
3.95083e-05 0.5 3 -15
0.000346079 0.5 3 -14.5
0.00063681 1 2.5 -14.5
0.00205346 0.5 3 -14
0.00189286 1 2.5 -14
0.00468191 0.5 3 -13.5
0.00326388 1 2.5 -13.5
0.00636297 0.5 3 -13
0.00406484 1 2.5 -13
0.00657666 0.5 3 -12.5
0.00417322 1 2.5 -12.5
0.0062754 0.5 3 -12
0.00436767 0.5 3 -11.5
0.00178562 0.5 3 -11
0.00027187 0.5 3 -10.5
2.05039e-05 0.5 3 -10
0.000114669 1 3 -10
0.00072102 1 3 -10.5
7.26054e-05 1.5 2.5 -12.5
9.9638e-05 1.5 2.5 -13
0.000137568 1.5 2.5 -13.5
0.000132033 1.5 2.5 -14
0.00452919 1 3 -13.5
9.45561e-05 1.5 2.5 -14.5
3.19272e-05 1.5 2.5 -15
0.000497354 1 3 -14.5
6.50117e-05 1 3 -15
6.97751e-05 0.5 3.5 -14.5
0.000560871 0.5 3.5 -14
0.00208741 1 3 -14
0.0014809 0.5 3.5 -13.5
0.00204786 0.5 3.5 -13
0.00644069 1 3 -13
0.00208224 0.5 3.5 -12.5
0.00681013 1 3 -12.5
0.00195794 0.5 3.5 -12
0.00662611 1 3 -12
0.00129493 0.5 3.5 -11.5
0.00492779 1 3 -11.5
0.000390434 0.5 3.5 -11
0.0024337 1 3 -11
3.62736e-05 0.5 3.5 -10.5
4.03974e-05 1.5 3 -10
0.000185352 1.5 3 -10.5
0.000149845 1 3.5 -10
0.000467592 1.5 3 -11
0.000848724 1.5 3 -11.5
7.71592e-05 0.5 4 -11.5
0.00116595 1.5 3 -12
0.000173141 0.5 4 -12
0.0012219 1.5 3 -12.5
0.0011654 1.5 3 -13
0.000971579 1.5 3 -13.5
0.000174706 0.5 4 -13.5
0.000213046 1.5 3 -14.5
2.81237e-05 1 3.5 -15
2.95121e-05 1.5 3 -15
0.000262018 1 3.5 -14.5
7.83552e-05 0.5 4 -14
0.00149321 1 3.5 -14
0.00062236 1.5 3 -14
0.00365496 1 3.5 -13.5
0.000215111 0.5 4 -13
0.00558468 1 3.5 -13
0.000209342 0.5 4 -12.5
0.0061367 1 3.5 -12.5
0.00605952 1 3.5 -12
0.00501388 1 3.5 -11.5
0.00296513 1 3.5 -11
0.000977866 1 3.5 -10.5
2.03213e-05 1.5 3.5 -9.5
0.000157662 1.5 3.5 -10
0.000749719 1.5 3.5 -10.5
0.00177918 1.5 3.5 -11
0.000555775 1 4 -10.5
0.0028616 1.5 3.5 -11.5
0.00360643 1 4 -12
0.003008 1.5 3.5 -13
2.27217e-05 2 3 -14.5
0.000861311 1.5 3.5 -14
2.68356e-05 1.5 3.5 -15
8.95331e-05 1 4 -14.5
0.000186027 1.5 3.5 -14.5
0.000611752 1 4 -14
0.00179485 1 4 -13.5
0.0019825 1.5 3.5 -13.5
0.00307584 1 4 -13
0.00362364 1 4 -12.5
0.0032918 1.5 3.5 -12.5
0.00328132 1.5 3.5 -12
0.00315093 1 4 -11.5
0.00180641 1 4 -11
6.21316e-05 1 4 -10
5.28415e-05 1.5 4 -9.5
2.94091e-05 2 3.5 -10.5
0.000375951 1.5 4 -10
6.13323e-05 2 3.5 -11
0.00133215 1.5 4 -10.5
0.000120449 2 3.5 -11.5
0.000171608 2 3.5 -12
0.00377681 1.5 4 -11.5
0.000182056 2 3.5 -12.5
0.00406928 1.5 4 -12
0.000177811 2 3.5 -13
0.000967183 1 4.5 -12.5
0.00012687 2 3.5 -14
5.46521e-05 2 3.5 -14.5
3.75375e-05 1 4.5 -14.5
0.000116352 1.5 4 -14.5
0.000154615 1 4.5 -14
0.000688237 1.5 4 -14
0.000491509 1 4.5 -13.5
0.00179459 1.5 4 -13.5
0.000859274 1 4.5 -13
0.000166531 2 3.5 -13.5
0.00308577 1.5 4 -13
0.00395786 1.5 4 -12.5
0.000944104 1 4.5 -12
0.000746918 1 4.5 -11.5
0.000389175 1 4.5 -11
0.00267579 1.5 4 -11
0.000101645 1 4.5 -10.5
2.61201e-05 2 4 -9.5
0.000154278 2 4 -10
4.33799e-05 1.5 4.5 -9.5
0.000431026 2 4 -10.5
0.000800128 2 4 -11
0.00109939 2 4 -11.5
0.00227266 1.5 4.5 -11
0.00116292 2 4 -12
0.00111929 2 4 -12.5
0.000893101 2 4 -13
5.57921e-05 1 5 -13
5.92914e-05 2 4 -14.5
0.000340434 1.5 4.5 -14
5.12536e-05 1 5 -13.5
6.66692e-05 1.5 4.5 -14.5
3.60774e-05 1 5 -14
0.000254253 2 4 -14
0.00115572 1.5 4.5 -13.5
0.000599014 2 4 -13.5
0.00231892 1.5 4.5 -13
3.89149e-05 1 5 -12.5
0.00314542 1.5 4.5 -12.5
2.21692e-05 1 5 -12
0.00325705 1.5 4.5 -12
0.0030824 1.5 4.5 -11.5
0.00116098 1.5 4.5 -10.5
0.000339175 1.5 4.5 -10
8.23684e-05 2 4.5 -9.5
0.000420905 2 4.5 -10
0.00108231 2 4.5 -10.5
0.00177057 2 4.5 -11
0.000537255 1.5 5 -10.5
0.00131465 1.5 5 -11.5
0.00133811 2 4.5 -13
0.000672205 2 4.5 -13.5
0.000221932 2 4.5 -14
2.02881e-05 1.5 5 -14.5
4.74499e-05 2 4.5 -14.5
0.000135474 1.5 5 -14
0.000472778 1.5 5 -13.5
0.000987527 1.5 5 -13
0.00137784 1.5 5 -12.5
0.00192814 2 4.5 -12.5
0.00142094 1.5 5 -12
0.00213553 2 4.5 -12
0.00211388 2 4.5 -11.5
0.000972667 1.5 5 -11
0.000177236 1.5 5 -10
2.09409e-05 2.5 4.5 -9.5
2.53984e-05 2 5 -9
6.79061e-05 2.5 4.5 -10
0.000182655 2 5 -9.5
0.00010511 2.5 4.5 -10.5
0.000148315 2.5 4.5 -11
7.37446e-05 1.5 5.5 -10.5
0.00108276 2 5 -10.5
0.000174445 2.5 4.5 -11.5
0.000171674 2.5 4.5 -12
0.00186647 2 5 -11.5
0.000140635 1.5 5.5 -11
0.000155823 2.5 4.5 -12.5
0.000254862 1.5 5.5 -12.5
0.000136238 2.5 4.5 -13
0.00162267 2 5 -12.5
0.000100294 2.5 4.5 -13.5
5.18681e-05 2.5 4.5 -14
2.51164e-05 2 5 -14.5
3.48591e-05 1.5 5.5 -14
0.000129935 2 5 -14
0.000114251 1.5 5.5 -13.5
0.000490693 2 5 -13.5
0.000198912 1.5 5.5 -13
0.00106211 2 5 -13
0.000252189 1.5 5.5 -12
0.00186916 2 5 -12
0.000212839 1.5 5.5 -11.5
0.00163505 2 5 -11
2.12557e-05 1.5 5.5 -10
0.000545961 2 5 -10
2.15046e-05 2.5 5 -9
0.000118629 2.5 5 -9.5
0.000288868 2.5 5 -10
0.000140707 2 5.5 -9.5
0.000498154 2.5 5 -10.5
0.000732004 2.5 5 -11.5
0.0010136 2 5.5 -11
0.000613452 2.5 5 -12.5
0.00112957 2 5.5 -12
0.000382077 2.5 5 -13
5.0379e-05 2.5 5 -14
5.58917e-05 2 5.5 -14
0.000241227 2 5.5 -13.5
0.000175768 2.5 5 -13.5
0.000563543 2 5.5 -13
0.00092376 2 5.5 -12.5
0.00073847 2.5 5 -12
0.00113512 2 5.5 -11.5
0.000666674 2.5 5 -11
0.000746948 2 5.5 -10.5
0.000419963 2 5.5 -10
6.4634e-05 2.5 5.5 -9
0.00021301 2.5 5.5 -9.5
0.000125902 2 6 -10
0.00086942 2.5 5.5 -11
0.00023228 2 6 -10.5
0.000889097 2.5 5.5 -11.5
0.000807468 2.5 5.5 -12
0.000151075 2.5 5.5 -13.5
0.000177152 2 6 -13
3.05297e-05 2.5 5.5 -14
2.58708e-05 2 6 -14
7.8833e-05 2 6 -13.5
0.000362672 2.5 5.5 -13
0.000298451 2 6 -12.5
0.000609914 2.5 5.5 -12.5
0.000367278 2 6 -12
0.000368019 2 6 -11.5
0.000322842 2 6 -11
0.000705193 2.5 5.5 -10.5
0.000445719 2.5 5.5 -10
2.32914e-05 3 5.5 -9
6.61751e-05 3 5.5 -9.5
5.8237e-05 2.5 6 -9
0.000108035 3 5.5 -10
0.000195742 2.5 6 -9.5
0.000132825 3 5.5 -10.5
0.000396658 2.5 6 -10
0.000132922 3 5.5 -11
0.00012961 3 5.5 -11.5
0.000681448 2.5 6 -11
0.000115025 3 5.5 -12
0.000413835 2.5 6 -12.5
2.16065e-05 2 6.5 -12
2.44545e-05 3 5.5 -13.5
2.13177e-05 2 6.5 -13
0.000215574 2.5 6 -13
2.16448e-05 2.5 6 -14
8.03053e-05 2.5 6 -13.5
2.37268e-05 2 6.5 -12.5
6.01217e-05 3 5.5 -13
9.07617e-05 3 5.5 -12.5
0.000604082 2.5 6 -12
0.000688603 2.5 6 -11.5
0.000583509 2.5 6 -10.5
6.09227e-05 3 6 -9
0.000148912 3 6 -9.5
2.45467e-05 2.5 6.5 -9
0.000167179 2.5 6.5 -10
0.000243 3 6 -10
0.000306515 3 6 -11.5
0.000299295 2.5 6.5 -11
0.000242585 3 6 -12
0.000157213 3 6 -12.5
0.00025771 2.5 6.5 -12
7.95321e-05 3 6 -13
2.15043e-05 2.5 6.5 -13.5
2.50343e-05 3 6 -13.5
8.30686e-05 2.5 6.5 -13
0.000166302 2.5 6.5 -12.5
5.3668e-05 3 6.5 -9
0.000262246 3 6.5 -10.5
0.000211886 3 6.5 -10
0.000135102 3 6.5 -9.5
3.47578e-05 2.5 7 -11
0.000280257 3 6.5 -11
4.4538e-05 2.5 7 -11.5
3.93932e-05 2.5 7 -12
0.000204221 3 6.5 -12
2.45819e-05 2.5 7 -12.5
5.47951e-05 3 6.5 -13
0.00012146 3 6.5 -12.5
5.67854e-05 3 7 -9.5
8.43205e-05 3.5 6.5 -10.5
7.868e-05 3.5 6.5 -11
0.000135092 3 7 -10.5
0.000139067 3 7 -11.5
6.05259e-05 3.5 6.5 -11.5
2.03792e-05 3.5 6.5 -12.5
4.93834e-05 3 7 -12.5
2.0752e-05 3 7 -13
3.8616e-05 3.5 7 -9.5
7.28254e-05 3.5 7 -10
8.20851e-05 3.5 7 -10.5
7.91977e-05 3.5 7 -11
2.4268e-05 3 7.5 -11
2.42112e-05 3 7.5 -11.5
6.3386e-05 3.5 7 -11.5
2.42036e-05 3.5 7.5 -10
3.99343e-05 3.5 7.5 -10.5
3.06584e-05 3.5 7.5 -11.5
2.06136e-05 3.5 7.5 -12
4.13424e-05 3.5 7.5 -11
4.10315e-05 3.5 7 -12
0.000100631 3 7 -12
3.80835e-05 3.5 6.5 -12
0.000146947 3 7 -11
0.000101421 3 7 -10
7.90205e-05 3.5 6.5 -10
5.48156e-05 3.5 6.5 -9.5
0.000268163 3 6.5 -11.5
0.000303784 2.5 6.5 -11.5
0.000321996 3 6 -11
0.000251745 2.5 6.5 -10.5
0.000308183 3 6 -10.5
8.19737e-05 2.5 6.5 -9.5
3.52013e-05 2 6 -9.5
