0.161858
2.7331e-05 -7 1 4.5
4.28416e-05 -7 1 4
4.11874e-05 -7 1 3.5
3.64424e-05 -7.5 1.5 4
4.48845e-05 -7.5 1.5 3.5
2.24121e-05 -7.5 1.5 3
2.25006e-05 -8 2 3.5
6.90481e-05 -6.5 1 4.5
2.65862e-05 -7 1.5 5
9.54281e-05 -6.5 1 4
0.000203762 -7 1.5 4.5
9.07224e-05 -6.5 1 3.5
0.000283918 -7 1.5 4
0.000101401 -7.5 2 4.5
3.69633e-05 -6.5 1 3
0.000257427 -7 1.5 3.5
0.00026494 -7.5 2 4
8.3463e-05 -7 1.5 3
0.000279125 -7.5 2 3.5
8.34336e-05 -8 2.5 4
0.000135505 -7.5 2 3
0.000123291 -8 2.5 3.5
0.00011104 -8 2.5 3
2.74877e-05 -8.5 3 3.5
3.2604e-05 -8.5 3 3
2.34282e-05 -8.5 3 2.5
5.96565e-05 -6 1 4.5
0.000132769 -6.5 1.5 5
8.98242e-05 -6 1 4
0.000424745 -6.5 1.5 4.5
0.00034854 -7 2 5
8.92627e-05 -6 1 3.5
0.000551973 -6.5 1.5 4
0.00132941 -7 2 4.5
0.000170658 -7.5 2.5 5
5.22905e-05 -6 1 3
0.000515483 -6.5 1.5 3.5
0.0015595 -7 2 4
0.00122706 -7.5 2.5 4.5
0.000227314 -6.5 1.5 3
0.00137018 -7 2 3.5
0.00154124 -7.5 2.5 4
0.000258532 -8 3 4.5
0.00046081 -7 2 3
0.00148849 -7.5 2.5 3.5
0.000488002 -8 3 4
0.000623138 -7.5 2.5 3
0.000516012 -8 3 3.5
5.41398e-05 -8.5 3.5 4
2.49141e-05 -7.5 2.5 2.5
0.00043916 -8 3 3
7.96312e-05 -8.5 3.5 3.5
0.000108069 -8 3 2.5
8.25782e-05 -8.5 3.5 3
6.97563e-05 -8.5 3.5 2.5
0.000128391 -6 1.5 5
8.15116e-05 -6.5 2 5.5
2.99899e-05 -5.5 1 4
0.000373813 -6 1.5 4.5
0.000891372 -6.5 2 5
4.27998e-05 -5.5 1 3.5
0.00052144 -6 1.5 4
0.00211909 -6.5 2 4.5
0.00290335 -7 2.5 5
3.5637e-05 -5.5 1 3
0.00049492 -6 1.5 3.5
0.00243644 -6.5 2 4
0.00512655 -7 2.5 4.5
0.00211534 -7.5 3 5
3.60545e-05 -8 3.5 5
0.000297786 -6 1.5 3
0.00219881 -6.5 2 3.5
0.00541662 -7 2.5 4
6.39388e-05 -6 1.5 2.5
0.0010193 -6.5 2 3
0.00463649 -7 2.5 3.5
0.00435705 -7.5 3 4
0.00049505 -8 3.5 4.5
0.00010425 -6.5 2 2.5
0.00198151 -7 2.5 3
0.00414803 -7.5 3 3.5
0.000971293 -8 3.5 4
0.000170106 -7 2.5 2.5
0.00230097 -7.5 3 3
0.00102985 -8 3.5 3.5
0.00039582 -7.5 3 2.5
0.000993044 -8 3.5 3
0.000525989 -8 3.5 2.5
0.000108878 -8.5 4 3
5.21686e-05 -8 3.5 2
0.000105503 -8.5 4 2.5
7.63447e-05 -8.5 4 2
9.74573e-05 -8.5 4 3.5
4.59081e-05 -8.5 4 4
0.00406747 -7.5 3 4.5
6.42957e-05 -7.5 3 5.5
0.000265283 -7 2.5 5.5
0.00010671 -6 2 5.5
2.41447e-05 -6.5 2.5 6
9.03589e-05 -5.5 1.5 4.5
0.000736848 -6 2 5
0.000824204 -6.5 2.5 5.5
0.000202607 -5.5 1.5 4
0.00168015 -6 2 4.5
0.00356784 -6.5 2.5 5
0.00210181 -7 3 5.5
0.000254848 -5.5 1.5 3.5
0.00206699 -6 2 4
0.006086 -6.5 2.5 4.5
0.00680275 -7 3 5
0.000206817 -5.5 1.5 3
0.001925 -6 2 3.5
0.00645287 -6.5 2.5 4
0.0102495 -7 3 4.5
0.00215242 -7.5 3.5 5
9.12183e-05 -5.5 1.5 2.5
0.00117679 -6 2 3
0.00591171 -6.5 2.5 3.5
0.0105705 -7 3 4
0.000404525 -8 4 4.5
0.00521666 -7.5 3.5 4.5
0.000322915 -6 2 2.5
0.00331696 -6.5 2.5 3
0.00950203 -7 3 3.5
0.000701783 -6.5 2.5 2.5
0.00541193 -7 3 3
0.00606352 -7.5 3.5 3.5
2.45745e-05 -8.5 4.5 4
2.15585e-05 -6.5 2.5 2
0.00136042 -7 3 2.5
0.00469431 -7.5 3.5 3
5.74315e-05 -7 3 2
0.00184449 -7.5 3.5 2.5
0.0011658 -8 4 3
0.000173573 -7.5 3.5 2
0.000999552 -8 4 2.5
9.9973e-05 -8.5 4.5 3
0.000326557 -8 4 2
2.36386e-05 -8 4 1.5
3.79613e-05 -8.5 4.5 1.5
9.50113e-05 -8.5 4.5 2
9.73923e-05 -8.5 4.5 2.5
7.79525e-05 -8.5 4.5 3.5
0.00108367 -8 4 3.5
0.00089595 -8 4 4
0.00608877 -7.5 3.5 4
2.96661e-05 -8 4 5
0.000148891 -7.5 3.5 5.5
9.80606e-05 -7 3 6
5.3341e-05 -6 2.5 6
7.59817e-05 -5.5 2 5
0.000663923 -6 2.5 5.5
0.000289985 -6.5 3 6
0.00030514 -5.5 2 4.5
0.00240203 -6 2.5 5
0.00254487 -6.5 3 5.5
0.000649383 -5.5 2 4
0.00440773 -6 2.5 4.5
0.000130232 -7.5 4 5.5
0.00728704 -6.5 3 5
0.00212142 -7 3.5 5.5
5.14942e-05 -5 1.5 3
0.000835847 -5.5 2 3.5
0.00506332 -6 2.5 4
0.0109399 -6.5 3 4.5
3.99699e-05 -5 1.5 2.5
0.00072373 -5.5 2 3
0.00472292 -6 2.5 3.5
0.0113754 -6.5 3 4
0.0118096 -7 3.5 4.5
0.000353699 -5.5 2 2.5
0.00302271 -6 2.5 3
0.0103497 -6.5 3 3.5
6.56486e-05 -5.5 2 2
0.00113673 -6 2.5 2.5
0.00672474 -6.5 3 3
0.0120619 -7 3.5 3.5
0.00583021 -7.5 4 4
0.000195861 -8 4.5 4.5
0.00010454 -6 2.5 2
0.00251809 -6.5 3 2.5
0.00862046 -7 3.5 3
0.000237527 -6.5 3 2
0.00378037 -7 3.5 2.5
0.0051486 -7.5 4 3
0.000617495 -7 3.5 2
0.00299881 -7.5 4 2.5
0.00102955 -8 4.5 3
3.78534e-05 -8.5 5 3.5
2.76897e-05 -7 3.5 1.5
0.000929629 -7.5 4 2
0.000946803 -8 4.5 2.5
7.52623e-05 -7.5 4 1.5
0.000523235 -8 4.5 2
0.000133209 -8 4.5 1.5
4.15331e-05 -8.5 5 1.5
6.96726e-05 -8.5 5 2
6.98594e-05 -8.5 5 2.5
6.55774e-05 -8.5 5 3
0.000970983 -8 4.5 3.5
0.00588921 -7.5 4 3.5
0.000713102 -8 4.5 4
0.0126034 -7 3.5 4
0.00466757 -7.5 4 4.5
0.00170322 -7.5 4 5
0.00726643 -7 3.5 5
2.83555e-05 -5.5 2.5 5.5
0.000258816 -6 3 6
0.000188856 -5.5 2.5 5
0.00174172 -6 3 5.5
0.000134059 -7 4 6
0.000533677 -6.5 3.5 6
0.000777501 -5.5 2.5 4.5
0.00479569 -6 3 5
4.60268e-05 -5 2 3.5
0.00147213 -5.5 2.5 4
0.00778453 -6 3 4.5
5.23259e-05 -7.5 4.5 5.5
0.00816139 -6.5 3.5 5
0.00176823 -7 4 5.5
0.000156609 -5 2 3
0.00183466 -5.5 2.5 3.5
0.00853 -6 3 4
0.000797801 -7.5 4.5 5
0.0125861 -6.5 3.5 4.5
0.000146597 -5 2 2.5
0.00162699 -5.5 2.5 3
0.00795633 -6 3 3.5
0.0133476 -6.5 3.5 4
0.0119773 -7 4 4
6.38199e-05 -5 2 2
0.000888116 -5.5 2.5 2.5
0.0055084 -6 3 3
0.0126064 -6.5 3.5 3.5
0.00319055 -7.5 4.5 4.5
0.000240239 -5.5 2.5 2
0.00250842 -6 3 2.5
0.008997 -6.5 3.5 3
0.0115375 -7 4 3.5
0.00464657 -7.5 4.5 3.5
0.000527335 -6 3 2
0.00450329 -6.5 3.5 2.5
2.56897e-05 -6 3 1.5
0.00114584 -6.5 3.5 2
0.00480378 -7 4 2.5
0.00421072 -7.5 4.5 3
0.000563607 -8 5 3.5
7.99947e-05 -6.5 3.5 1.5
0.00172085 -7 4 2
0.00273194 -7.5 4.5 2.5
0.000219035 -7 4 1.5
0.00128447 -7.5 4.5 2
0.000351925 -7.5 4.5 1.5
3.35853e-05 -7.5 4.5 1
4.26023e-05 -8 5 1
0.000184125 -8 5 1.5
2.38479e-05 -8.5 5.5 2
0.000405314 -8 5 2
0.00058783 -8 5 2.5
0.000594547 -8 5 3
0.00861281 -7 4 3
0.000256072 -8 5 4
0.00455081 -7.5 4.5 4
0.0109979 -7 4 4.5
0.00652452 -7 4 5
0.00311346 -6.5 3.5 5.5
0.000107072 -5.5 3 5.5
0.000487286 -6 3.5 6
0.0005609 -5.5 3 5
0.00256714 -6 3.5 5.5
7.41864e-05 -7 4.5 6
0.000495476 -6.5 4 6
0.00165995 -5.5 3 4.5
0.00627046 -6 3.5 5
7.54621e-05 -5 2.5 3.5
0.00266531 -5.5 3 4
0.0095975 -6 3.5 4.5
0.00759347 -6.5 4 5
0.000295112 -5 2.5 3
0.00299177 -5.5 3 3.5
0.0103141 -6 3.5 4
0.0118544 -6.5 4 4.5
0.00420229 -7 4.5 5
0.000297223 -5 2.5 2.5
0.00258473 -5.5 3 3
0.00964342 -6 3.5 3.5
0.000686277 -7.5 5 4.5
0.0126816 -6.5 4 4
0.000168123 -5 2.5 2
0.00159398 -5.5 3 2.5
0.00697588 -6 3.5 3
0.00182401 -7.5 5 4
0.0120569 -6.5 4 3.5
3.47701e-05 -5 2.5 1.5
0.000569711 -5.5 3 2
0.00368931 -6 3.5 2.5
0.008868 -6.5 4 3
0.00206048 -7.5 5 3.5
0.00830454 -7 4.5 3.5
6.23004e-05 -5.5 3 1.5
0.00123608 -6 3.5 2
0.00488848 -6.5 4 2.5
0.00199801 -7.5 5 3
0.000143552 -6 3.5 1.5
0.00193261 -6.5 4 2
7.98963e-05 -8 5.5 3
0.00037934 -6.5 4 1.5
0.00184076 -7 4.5 2
3.01547e-05 -6.5 4 1
0.00059324 -7 4.5 1.5
7.72623e-05 -7 4.5 1
0.000390356 -7.5 5 1.5
0.000105377 -7.5 5 1
4.04245e-05 -8 5.5 1
8.57423e-05 -8 5.5 1.5
0.000126434 -8 5.5 2
0.000906228 -7.5 5 2
0.000130163 -8 5.5 2.5
0.00155742 -7.5 5 2.5
0.00395543 -7 4.5 2.5
0.00650277 -7 4.5 3
0.00861958 -7 4.5 4
0.00768345 -7 4.5 4.5
0.000973536 -7 4.5 5.5
0.00289809 -6.5 4 5.5
4.7254e-05 -6.5 4 6.5
8.98076e-05 -5.5 3.5 6
0.000432157 -5.5 3.5 5.5
0.000534535 -6 4 6
0.00140987 -5.5 3.5 5
0.00212595 -6.5 4.5 5.5
0.00284181 -5.5 3.5 4.5
5.19258e-05 -7 5 5.5
0.00539993 -6.5 4.5 5
0.00618555 -6 4 5
0.000153759 -5 3 3.5
0.00385936 -5.5 3.5 4
0.000883951 -7 5 5
0.000409274 -5 3 3
0.00383129 -5.5 3.5 3.5
0.0099334 -6 4 4
0.00257507 -7 5 4.5
0.00840068 -6.5 4.5 4.5
2.78385e-05 -4.5 2.5 2
0.000434846 -5 3 2.5
0.00314879 -5.5 3.5 3
0.00927179 -6 4 3.5
0.00336407 -7 5 4
0.000286545 -5 3 2
0.00193676 -5.5 3.5 2.5
0.00671331 -6 4 3
8.32538e-05 -5 3 1.5
0.000841037 -5.5 3.5 2
0.00371033 -6 4 2.5
0.00642876 -6.5 4.5 3
8.72202e-05 -7.5 5.5 3.5
0.00018485 -5.5 3.5 1.5
0.00154194 -6 4 2
0.00381957 -6.5 4.5 2.5
0.000242606 -7.5 5.5 3
0.00275867 -7 5 3
0.000390011 -6 4 1.5
0.000280818 -7.5 5.5 2.5
4.43447e-05 -6 4 1
0.000592869 -6.5 4.5 1.5
0.000109047 -6.5 4.5 1
0.000467722 -7 5 1.5
0.00014667 -7 5 1
6.36289e-05 -7.5 5.5 1
0.000143969 -7.5 5.5 1.5
0.000238817 -7.5 5.5 2
0.00106633 -7 5 2
0.0017642 -6.5 4.5 2
0.00188215 -7 5 2.5
0.00331302 -7 5 3.5
0.00851246 -6.5 4.5 3.5
0.00899861 -6.5 4.5 4
0.00928836 -6 4 4.5
0.00267669 -6 4 5.5
0.000363699 -6.5 4.5 6
3.79459e-05 -5.5 4 6.5
0.000274188 -5.5 4 6
0.000447992 -6 4.5 6
9.85782e-05 -6.5 5 6
0.000896133 -5.5 4 5.5
5.83802e-05 -6 4.5 6.5
0.00210717 -5.5 4 5
0.000745255 -6.5 5 5.5
0.00214215 -6 4.5 5.5
0.000124928 -5 3.5 4
0.00353875 -5.5 4 4.5
0.00687482 -6 4.5 4.5
0.000351687 -5 3.5 3.5
0.000539744 -5 3.5 3
0.00391086 -5.5 4 3.5
0.00711087 -6 4.5 4
0.00325276 -6.5 5 4.5
3.86226e-05 -4.5 3 2
0.000499842 -5 3.5 2.5
0.00303781 -5.5 4 3
0.00641027 -6 4.5 3.5
2.54409e-05 -4.5 3 1.5
0.000316979 -5 3.5 2
0.00181611 -5.5 4 2.5
0.000257492 -7 5.5 3.5
0.00453034 -6 4.5 3
0.00336316 -6.5 5 3.5
0.00012049 -5 3.5 1.5
0.000822161 -5.5 4 2
0.00261011 -6 4.5 2.5
0.0017047 -6.5 5 2.5
0.000268712 -5.5 4 1.5
4.54251e-05 -5.5 4 1
0.000439664 -6 4.5 1.5
0.000923219 -6.5 5 2
0.000322412 -7 5.5 2.5
0.00010331 -6 4.5 1
2.13979e-05 -6.5 5 0.5
6.26172e-05 -7 5.5 1
0.000131789 -6.5 5 1
0.000142092 -7 5.5 1.5
0.000401807 -6.5 5 1.5
0.000244161 -7 5.5 2
0.00121246 -6 4.5 2
0.000345331 -7 5.5 3
0.00263874 -6.5 5 3
8.59068e-05 -7 5.5 4
0.00354256 -6.5 5 4
0.00410601 -5.5 4 4
0.00209286 -6.5 5 5
0.000337551 -5.5 4.5 6
0.00118034 -5.5 4.5 5.5
0.00101894 -6 5 5.5
0.000110142 -5 4 4.5
0.00215016 -6 5 5
0.00227875 -5.5 4.5 5
0.000357504 -5 4 4
0.00328149 -5.5 4.5 4
0.000561057 -5 4 3.5
9.87972e-05 -6.5 5.5 4.5
0.00293234 -6 5 4.5
0.000579758 -5 4 3
0.000287248 -6.5 5.5 4
0.00293017 -5.5 4.5 3.5
3.32901e-05 -4.5 3.5 2
0.000470379 -5 4 2.5
0.000358304 -6.5 5.5 3.5
0.00203628 -5.5 4.5 3
0.00255231 -6 5 3.5
2.7152e-05 -4.5 3.5 1.5
0.000264313 -5 4 2
0.00115222 -5.5 4.5 2.5
0.000105295 -5 4 1.5
0.000285768 -6.5 5.5 2.5
0.000533844 -6 5 2
0.00053918 -5.5 4.5 2
3.06897e-05 -5 4 1
5.9905e-05 -5.5 4.5 1
9.78611e-05 -6.5 5.5 1.5
4.08835e-05 -6.5 5.5 1
8.0368e-05 -6 5 1
0.000225506 -6 5 1.5
0.000186994 -6.5 5.5 2
0.000204194 -5.5 4.5 1.5
0.00105642 -6 5 2.5
0.000344911 -6.5 5.5 3
0.00177941 -6 5 3
2.03708e-05 -5 4.5 6
3.46288e-05 -5.5 5 6.5
0.00297249 -6 5 4
5.97653e-05 -5 4.5 5.5
0.000242333 -5.5 5 6
0.000195428 -5 4.5 5
2.97904e-05 -6 5.5 5.5
0.00045246 -5 4.5 4.5
0.000202652 -6 5.5 5
0.001508 -5.5 5 5
0.000626731 -5 4.5 4
0.000390847 -6 5.5 4
0.000617814 -5 4.5 3.5
0.0016661 -5.5 5 4
2.50061e-05 -4.5 4 2.5
0.000489044 -5 4.5 3
2.67568e-05 -4.5 4 2
0.000286405 -5 4.5 2.5
0.000826948 -5.5 5 3
0.000132733 -5 4.5 2
0.000438455 -5.5 5 2.5
0.000275287 -6 5.5 3
5.26608e-05 -5 4.5 1.5
2.66474e-05 -5 4.5 1
2.60292e-05 -5.5 5 1
4.40702e-05 -6 5.5 1.5
8.3682e-05 -5.5 5 1.5
9.5833e-05 -6 5.5 2
0.000199201 -5.5 5 2
0.000176625 -6 5.5 2.5
0.000355597 -6 5.5 3.5
0.00130305 -5.5 5 3.5
0.0003726 -6 5.5 4.5
0.0017126 -5.5 5 4.5
7.31229e-05 -5 5 6
0.000231027 -5.5 5.5 5.5
0.000561927 -5 5 4.5
2.05848e-05 -4.5 4.5 3.5
0.000542794 -5 5 4
0.000382746 -5.5 5.5 4.5
3.73988e-05 -4.5 4.5 3
0.00042354 -5 5 3.5
0.000266544 -5.5 5.5 3.5
3.14074e-05 -4.5 4.5 2.5
0.000245558 -5 5 3
2.37304e-05 -4.5 4.5 2
0.000118252 -5 5 2.5
0.000158834 -5.5 5.5 3
4.60428e-05 -5 5 2
3.28024e-05 -5.5 5.5 2
8.1738e-05 -5.5 5.5 2.5
0.000361336 -5.5 5.5 4
5.48679e-05 -5 5.5 6
0.000156041 -5 5.5 5.5
2.28364e-05 -4.5 5 4.5
0.000238347 -5 5.5 5
4.77515e-05 -4.5 5 4
0.000249101 -5 5.5 4.5
5.01901e-05 -4.5 5 3.5
4.06384e-05 -4.5 5 3
0.000130542 -5 5.5 3.5
2.03156e-05 -4.5 5 2.5
2.61209e-05 -5 5.5 2.5
2.05643e-05 -4.5 5.5 5.5
4.773e-05 -4.5 5.5 5
6.06991e-05 -4.5 5.5 4.5
4.97699e-05 -4.5 5.5 4
2.67564e-05 -4.5 5.5 3.5
2.17623e-05 -5 6 4.5
2.09607e-05 -5 6 5
6.36028e-05 -5 5.5 3
0.000208279 -5 5.5 4
0.000366651 -5.5 5.5 5
0.000453693 -5 5 5
0.000246149 -5 5 5.5
8.23088e-05 -5.5 5.5 6
0.00081602 -5.5 5 5.5
0.00314951 -5.5 4.5 4.5
0.000268007 -6 5 6
3.34947e-05 -6 5 6.5
4.53356e-05 -5.5 4.5 6.5
0.00490479 -6 4.5 5
3.72272e-05 -6.5 4.5 6.5
6.61537e-05 -6 4 6.5
5.10699e-05 -6 3.5 6.5
4.89076e-05 -6.5 3.5 6.5
0.000152971 -7 3.5 6
