0.564236
2.39314e-05 -5 -9 -13.5
3.02269e-05 -5 -9 -13
2.51154e-05 -5 -9 -12.5
2.40097e-05 -4.5 -9 -12.5
3.58339e-05 -4.5 -9 -13
3.57628e-05 -4.5 -9 -13.5
2.84356e-05 -4.5 -9 -14
2.80545e-05 -4.5 -8.5 -12.5
3.94878e-05 -4.5 -8.5 -13
3.81309e-05 -4.5 -8.5 -13.5
3.13837e-05 -4.5 -8.5 -14
2.92421e-05 -4 -8.5 -13
2.53318e-05 -4.5 -8 -12.5
3.54556e-05 -4 -8.5 -13.5
3.70866e-05 -4.5 -8 -13
3.67162e-05 -4 -8.5 -14
3.89339e-05 -4.5 -8 -13.5
2.11915e-05 -4 -8.5 -14.5
3.4702e-05 -4.5 -8 -14
2.57769e-05 -4 -8 -12.5
5.18333e-05 -4 -8 -13
6.95117e-05 -4 -8 -13.5
7.07455e-05 -4 -8 -14
4.98764e-05 -4 -8 -14.5
2.65768e-05 -4 -8 -15
2.46659e-05 -4.5 -7.5 -14
2.85211e-05 -4.5 -7.5 -13.5
2.67464e-05 -4.5 -7.5 -13
3.50348e-05 -4 -7.5 -12.5
2.442e-05 -3.5 -8 -13.5
6.66036e-05 -4 -7.5 -13
3.35795e-05 -3.5 -8 -14
9.31319e-05 -4 -7.5 -13.5
3.36218e-05 -3.5 -8 -14.5
9.33298e-05 -4 -7.5 -14
2.26363e-05 -3.5 -8 -15
3.92553e-05 -4 -7.5 -15
7.29182e-05 -4 -7.5 -14.5
3.42631e-05 -3.5 -7.5 -13
3.21454e-05 -4 -7 -12.5
6.36359e-05 -3.5 -7.5 -13.5
6.72213e-05 -4 -7 -13
9.40704e-05 -3.5 -7.5 -14
9.61473e-05 -4 -7 -13.5
9.11344e-05 -3.5 -7.5 -14.5
6.56335e-05 -3.5 -7.5 -15
2.7457e-05 -3.5 -7.5 -15.5
3.99392e-05 -4 -7 -15
7.82845e-05 -4 -7 -14.5
9.75096e-05 -4 -7 -14
2.49044e-05 -3.5 -7 -12.5
7.91871e-05 -3.5 -7 -13
0.000138748 -3.5 -7 -13.5
0.000175591 -3.5 -7 -14
2.31713e-05 -3 -7.5 -15
2.17455e-05 -3 -7.5 -15.5
0.000113462 -3.5 -7 -15
4.98513e-05 -3.5 -7 -15.5
2.04225e-05 -4 -6.5 -15
4.96901e-05 -4 -6.5 -14.5
0.000165006 -3.5 -7 -14.5
5.92497e-05 -4 -6.5 -14
6.1809e-05 -4 -6.5 -13.5
4.55368e-05 -4 -6.5 -13
3.32643e-05 -3.5 -6.5 -12.5
2.47606e-05 -3 -7 -13.5
0.000101763 -3.5 -6.5 -13
4.56228e-05 -3 -7 -14
0.000178682 -3.5 -6.5 -13.5
7.05388e-05 -3 -7 -14.5
0.000225342 -3.5 -6.5 -14
7.18755e-05 -3 -7 -15
5.86502e-05 -3 -7 -15.5
2.53388e-05 -3 -7 -16
2.26274e-05 -3.5 -6.5 -16
6.43628e-05 -3.5 -6.5 -15.5
0.000150467 -3.5 -6.5 -15
0.000211318 -3.5 -6.5 -14.5
3.15879e-05 -3 -6.5 -13
2.65006e-05 -3.5 -6 -12.5
9.17015e-05 -3 -6.5 -13.5
9.79559e-05 -3.5 -6 -13
0.00016884 -3 -6.5 -14
0.000178464 -3.5 -6 -13.5
0.000220618 -3 -6.5 -14.5
0.000202774 -3 -6.5 -15
5.49769e-05 -3 -6.5 -16
6.27423e-05 -3.5 -6 -15.5
0.000129918 -3 -6.5 -15.5
0.000151966 -3.5 -6 -15
0.000215692 -3.5 -6 -14.5
0.000224971 -3.5 -6 -14
8.2982e-05 -3 -6 -13
0.000223475 -3 -6 -13.5
5.19111e-05 -3.5 -5.5 -13
0.000356603 -3 -6 -14
2.19317e-05 -2.5 -6.5 -15
0.000405775 -3 -6 -14.5
4.02197e-05 -2.5 -6.5 -15.5
0.000355628 -3 -6 -15
3.51316e-05 -2.5 -6.5 -16
3.1045e-05 -3.5 -5.5 -15.5
7.6209e-05 -3 -6 -16
0.000213018 -3 -6 -15.5
8.57035e-05 -3.5 -5.5 -15
0.000121598 -3.5 -5.5 -14.5
0.000127769 -3.5 -5.5 -14
0.000111959 -3.5 -5.5 -13.5
2.12129e-05 -3 -5.5 -12.5
0.000117911 -3 -5.5 -13
3.88126e-05 -2.5 -6 -14
0.000301972 -3 -5.5 -13.5
0.000104819 -2.5 -6 -14.5
0.000464671 -3 -5.5 -14
0.000148275 -2.5 -6 -15
0.000144022 -2.5 -6 -15.5
0.000102829 -2.5 -6 -16
3.74872e-05 -2.5 -6 -16.5
8.93124e-05 -3 -5.5 -16
0.000259764 -3 -5.5 -15.5
0.000433393 -3 -5.5 -15
0.00050165 -3 -5.5 -14.5
2.16706e-05 -3.5 -5 -14
2.96742e-05 -3.5 -5 -13.5
2.8383e-05 -2.5 -5.5 -13
9.922e-05 -2.5 -5.5 -13.5
0.000110247 -3 -5 -13
0.000255636 -2.5 -5.5 -14
0.00029001 -3 -5 -13.5
0.000387627 -2.5 -5.5 -14.5
0.000457558 -3 -5 -14
0.000462408 -2.5 -5.5 -15
0.000378934 -2.5 -5.5 -15.5
5.94711e-05 -2.5 -5.5 -16.5
6.8177e-05 -3 -5 -16
0.000199508 -2.5 -5.5 -16
0.000243879 -3 -5 -15.5
0.000430361 -3 -5 -15
0.000488229 -3 -5 -14.5
8.07965e-05 -2.5 -5 -13
0.000302044 -2.5 -5 -13.5
4.16905e-05 -3 -4.5 -13
0.000622184 -2.5 -5 -14
0.000825 -2.5 -5 -14.5
0.000829799 -2.5 -5 -15
5.34186e-05 -2 -5.5 -16
3.29404e-05 -3 -4.5 -16
5.31291e-05 -2 -5.5 -16.5
2.35111e-05 -2 -5.5 -17
7.4104e-05 -2.5 -5 -16.5
0.000297399 -2.5 -5 -16
0.000120115 -3 -4.5 -15.5
0.000637348 -2.5 -5 -15.5
0.000220999 -3 -4.5 -15
0.000256106 -3 -4.5 -14.5
0.000253813 -3 -4.5 -14
0.000155916 -3 -4.5 -13.5
0.0001102 -2.5 -4.5 -13
0.000427927 -2.5 -4.5 -13.5
0.000824036 -2.5 -4.5 -14
0.000122208 -2 -5 -15
0.00104609 -2.5 -4.5 -14.5
0.000249517 -2 -5 -15.5
2.91337e-05 -3 -4 -15
0.000236772 -2 -5 -16
2.6373e-05 -2 -5 -17
7.4891e-05 -2.5 -4.5 -16.5
0.000130343 -2 -5 -16.5
0.000350738 -2.5 -4.5 -16
0.000751614 -2.5 -4.5 -15.5
0.00103377 -2.5 -4.5 -15
3.91818e-05 -3 -4 -14.5
5.46405e-05 -3 -4 -14
3.06779e-05 -3 -4 -13.5
4.85292e-05 -2 -4.5 -13.5
0.000101464 -2.5 -4 -13
0.000211113 -2 -4.5 -14
0.000427241 -2.5 -4 -13.5
0.000548157 -2 -4.5 -14.5
0.000808296 -2.5 -4 -14
0.000798801 -2 -4.5 -15
0.000791364 -2 -4.5 -15.5
0.000582041 -2 -4.5 -16
3.54067e-05 -2 -4.5 -17
3.85996e-05 -2.5 -4 -16.5
0.000209081 -2 -4.5 -16.5
0.000288421 -2.5 -4 -16
0.000711241 -2.5 -4 -15.5
0.000981732 -2.5 -4 -15
0.00100286 -2.5 -4 -14.5
8.30127e-05 -2 -4 -13
0.000368255 -2 -4 -13.5
0.000960436 -2 -4 -14
0.0016532 -2 -4 -14.5
0.00174434 -2 -4 -15
2.22284e-05 -1.5 -4.5 -16.5
0.00013805 -2.5 -3.5 -16
2.10821e-05 -2.5 -3.5 -16.5
4.43421e-05 -1.5 -4.5 -17
5.11718e-05 -2 -4 -17
0.000248385 -2 -4 -16.5
0.000876894 -2 -4 -16
0.000352306 -2.5 -3.5 -15.5
0.00153805 -2 -4 -15.5
0.000479857 -2.5 -3.5 -15
0.000488458 -2.5 -3.5 -14.5
0.000401723 -2.5 -3.5 -14
0.000176303 -2.5 -3.5 -13.5
2.63945e-05 -2.5 -3.5 -13
0.0001161 -2 -3.5 -13
0.000622911 -2 -3.5 -13.5
0.00150203 -2 -3.5 -14
0.00212443 -2 -3.5 -14.5
3.54145e-05 -1.5 -4 -15.5
0.000186958 -1.5 -4 -16
6.19318e-05 -2.5 -3 -15.5
2.02909e-05 -2.5 -3 -16
0.000213226 -1.5 -4 -16.5
4.48166e-05 -2 -3.5 -17
0.000112832 -1.5 -4 -17
0.000262015 -2 -3.5 -16.5
0.00100149 -2 -3.5 -16
0.00191459 -2 -3.5 -15.5
8.74485e-05 -2.5 -3 -15
0.00221154 -2 -3.5 -15
0.000104088 -2.5 -3 -14.5
7.84054e-05 -2.5 -3 -14
2.8524e-05 -2.5 -3 -13.5
9.30029e-05 -2 -3 -13
0.000604679 -2 -3 -13.5
0.000213912 -1.5 -3.5 -14.5
0.00150513 -2 -3 -14
0.000632612 -1.5 -3.5 -15
0.000993516 -1.5 -3.5 -15.5
0.00095601 -1.5 -3.5 -16
3.13335e-05 -2 -3 -17
0.000147641 -1.5 -3.5 -17
0.000166609 -2 -3 -16.5
0.000611994 -1.5 -3.5 -16.5
0.000793754 -2 -3 -16
0.00162719 -2 -3 -15.5
0.00201828 -2 -3 -15
0.00203005 -2 -3 -14.5
6.62804e-05 -1.5 -3 -13
0.000278252 -1.5 -3 -13.5
0.00100348 -1.5 -3 -14
0.00214161 -1.5 -3 -14.5
0.00295467 -1.5 -3 -15
0.000340191 -2 -2.5 -16
7.62502e-05 -2 -2.5 -16.5
0.000114722 -1.5 -3 -17
0.000875966 -1.5 -3 -16.5
0.00212665 -1.5 -3 -16
0.000643991 -2 -2.5 -15.5
0.0028669 -1.5 -3 -15.5
0.000744251 -2 -2.5 -15
0.000737589 -2 -2.5 -14.5
0.000556451 -2 -2.5 -14
0.000168627 -2 -2.5 -13.5
0.00014783 -1.5 -2.5 -13
0.000914315 -1.5 -2.5 -13.5
0.0025412 -1.5 -2.5 -14
0.00413766 -1.5 -2.5 -14.5
6.0456e-05 -1 -3 -16.5
9.30345e-05 -1 -3 -17
4.48051e-05 -1 -3 -17.5
8.47813e-05 -1.5 -2.5 -17
0.000872392 -1.5 -2.5 -16.5
5.42092e-05 -2 -2 -16
0.00271172 -1.5 -2.5 -16
9.49775e-05 -2 -2 -15.5
0.00412733 -1.5 -2.5 -15.5
0.000101985 -2 -2 -15
0.00447599 -1.5 -2.5 -15
9.73197e-05 -2 -2 -14.5
5.59542e-05 -2 -2 -14
0.000131231 -1.5 -2 -13
0.000961955 -1.5 -2 -13.5
6.46149e-05 -1 -2.5 -15
0.000338252 -1 -2.5 -15.5
0.000628239 -1 -2.5 -16
0.000600884 -1 -2.5 -16.5
5.27568e-05 -1 -2.5 -17.5
4.86009e-05 -1.5 -2 -17
0.000312652 -1 -2.5 -17
0.000516139 -1.5 -2 -16.5
0.00220099 -1.5 -2 -16
0.00403224 -1.5 -2 -15.5
0.00446327 -1.5 -2 -15
0.00431705 -1.5 -2 -14.5
0.00277814 -1.5 -2 -14
0.000112955 -1 -2 -13.5
0.000577442 -1 -2 -14
0.00167012 -1 -2 -14.5
0.00279091 -1 -2 -15
2.52987e-05 -1 -2 -17.5
0.000431578 -1 -2 -17
0.00015634 -1.5 -1.5 -16.5
0.00161285 -1 -2 -16.5
0.000779052 -1.5 -1.5 -16
0.00281506 -1 -2 -16
0.00143682 -1.5 -1.5 -15.5
0.00307409 -1 -2 -15.5
0.00164551 -1.5 -1.5 -15
0.00165716 -1.5 -1.5 -14.5
0.00120011 -1.5 -1.5 -14
0.00028062 -1.5 -1.5 -13.5
2.4382e-05 -1 -1.5 -12.5
0.000205946 -1 -1.5 -13
0.00114319 -1 -1.5 -13.5
0.00338525 -1 -1.5 -14
8.88831e-05 -1.5 -1 -16
2.0387e-05 -1 -1.5 -17.5
0.000341935 -1 -1.5 -17
2.64963e-05 -1.5 -1 -16.5
0.00213818 -1 -1.5 -16.5
0.00482671 -1 -1.5 -16
0.000116838 -1.5 -1 -15.5
0.00667992 -1 -1.5 -15.5
0.00012461 -1.5 -1 -15
0.00694439 -1 -1.5 -15
0.000116742 -1.5 -1 -14.5
0.00593367 -1 -1.5 -14.5
3.7295e-05 -1.5 -1 -14
2.15073e-05 -1 -1 -12.5
0.000230791 -1 -1 -13
0.00153025 -1 -1 -13.5
7.23103e-05 -0.5 -1.5 -16
0.000172355 -0.5 -1.5 -16.5
0.000151446 -0.5 -1.5 -17
5.59993e-05 -0.5 -1.5 -17.5
0.000135526 -1 -1 -17
0.00168463 -1 -1 -16.5
0.00496045 -1 -1 -16
0.00733818 -1 -1 -15.5
0.00774615 -1 -1 -15
0.00720268 -1 -1 -14.5
0.00444865 -1 -1 -14
4.5891e-05 -1 -0.5 -13
0.000252948 -0.5 -1 -14
0.000862673 -0.5 -1 -14.5
0.00155603 -0.5 -1 -15
0.00195424 -0.5 -1 -15.5
6.77613e-05 -0.5 -1 -17.5
2.99253e-05 -1 -0.5 -17
0.000508019 -0.5 -1 -17
0.000568431 -1 -0.5 -16.5
0.00130353 -0.5 -1 -16.5
0.00220151 -1 -0.5 -16
0.001855 -0.5 -1 -16
0.00359838 -1 -0.5 -15.5
0.00392447 -1 -0.5 -15
0.00389173 -1 -0.5 -14.5
0.00260422 -1 -0.5 -14
0.000698412 -1 -0.5 -13.5
3.3814e-05 -0.5 -0.5 -12.5
0.000251015 -0.5 -0.5 -13
0.00133159 -0.5 -0.5 -13.5
0.00368163 -0.5 -0.5 -14
0.000365285 -1 0 -16
0.000147946 -1 0 -16.5
4.86437e-05 -0.5 -0.5 -17.5
0.000626605 -0.5 -0.5 -17
0.00274669 -0.5 -0.5 -16.5
0.00563238 -0.5 -0.5 -16
0.000458965 -1 0 -15.5
0.00730215 -0.5 -0.5 -15.5
0.000468092 -1 0 -15
0.00747369 -0.5 -0.5 -15
0.000438097 -1 0 -14.5
0.00633298 -0.5 -0.5 -14.5
0.000167078 -1 0 -14
4.27028e-05 -0.5 0 -12.5
0.000366469 -0.5 0 -13
0.00214664 -0.5 0 -13.5
2.16814e-05 -1 0.5 -16
2.15932e-05 -0.5 0 -17.5
0.000357486 -0.5 0 -17
0.00272204 -0.5 0 -16.5
0.00666362 -0.5 0 -16
2.00246e-05 -1 0.5 -15.5
0.00935564 -0.5 0 -15.5
0.00977298 -0.5 0 -15
0.00910254 -0.5 0 -14.5
0.00578727 -0.5 0 -14
4.88881e-05 0 0 -13
0.000243516 0 0 -13.5
0.000168546 -0.5 0.5 -13
0.000638232 0 0 -14
0.00109099 0 0 -14.5
2.60309e-05 0 0 -17.5
9.73408e-05 -0.5 0.5 -17
0.000198726 0 0 -17
0.00122238 -0.5 0.5 -16.5
0.000599637 0 0 -16.5
0.00391086 -0.5 0.5 -16
0.00107761 0 0 -16
0.0060881 -0.5 0.5 -15.5
0.00131659 0 0 -15.5
0.00648672 -0.5 0.5 -15
0.00133064 0 0 -15
0.00632775 -0.5 0.5 -14.5
0.00434021 -0.5 0.5 -14
0.00149403 -0.5 0.5 -13.5
4.18932e-05 0 0.5 -12.5
0.000315711 0 0.5 -13
0.00159662 0 0.5 -13.5
0.00390847 0 0.5 -14
0.00093336 -0.5 1 -16
2.56253e-05 -0.5 1 -17
4.7587e-05 0 0.5 -17.5
0.000517233 0 0.5 -17
0.000306114 -0.5 1 -16.5
0.002269 0 0.5 -16.5
0.00470534 0 0.5 -16
0.00123765 -0.5 1 -15.5
0.00635146 0 0.5 -15.5
0.00126541 -0.5 1 -15
0.00661119 0 0.5 -15
0.00121786 -0.5 1 -14.5
0.00605641 0 0.5 -14.5
0.000647351 -0.5 1 -14
6.37122e-05 -0.5 1 -13.5
6.43293e-05 0 1 -12.5
2.1433e-05 0.5 0.5 -13.5
6.11079e-05 0.5 0.5 -14
0.000132872 0.5 0.5 -14.5
0.000184275 0.5 0.5 -15
7.66518e-05 -0.5 1.5 -15.5
6.00635e-05 -0.5 1.5 -16.5
2.72156e-05 0 1 -17.5
0.000362443 0 1 -17
4.36011e-05 0.5 0.5 -17
0.00258074 0 1 -16.5
7.78891e-05 -0.5 1.5 -16
0.000120912 0.5 0.5 -16.5
0.00642149 0 1 -16
0.000186084 0.5 0.5 -16
0.00943257 0 1 -15.5
7.35597e-05 -0.5 1.5 -15
0.000200109 0.5 0.5 -15.5
0.00999724 0 1 -15
3.0495e-05 -0.5 1.5 -14.5
0.00964337 0 1 -14.5
0.00674106 0 1 -14
0.00283784 0 1 -13.5
0.00053024 0 1 -13
0.000135517 0.5 1 -13
0.00060098 0.5 1 -13.5
0.00137444 0.5 1 -14
0.00207263 0.5 1 -14.5
2.28387e-05 0.5 1 -17.5
0.00013246 0 1.5 -17
0.000196244 0.5 1 -17
0.00143378 0 1.5 -16.5
0.000807674 0.5 1 -16.5
0.00443215 0 1.5 -16
0.00160811 0.5 1 -16
0.00696858 0 1.5 -15.5
0.00214093 0.5 1 -15.5
0.00753858 0 1.5 -15
0.00222905 0.5 1 -15
0.00741505 0 1.5 -14.5
0.00548281 0 1.5 -14
0.002413 0 1.5 -13.5
0.000435615 0 1.5 -13
4.40728e-05 0 1.5 -12.5
6.8739e-05 0.5 1.5 -12.5
0.000526189 0.5 1.5 -13
2.8829e-05 0 2 -17
0.000232081 0.5 1.5 -17
0.000347665 0 2 -16.5
0.00154912 0.5 1.5 -16.5
0.001373 0 2 -16
0.0038605 0.5 1.5 -16
0.00220625 0 2 -15.5
0.00583117 0.5 1.5 -15.5
0.00230317 0 2 -15
0.00635231 0.5 1.5 -15
0.00225551 0 2 -14.5
0.0062413 0.5 1.5 -14.5
0.00155708 0 2 -14
0.00469009 0.5 1.5 -14
0.000445634 0 2 -13.5
0.00224646 0.5 1.5 -13.5
3.35657e-05 0 2 -13
3.87914e-05 1 1.5 -13
0.00012767 0.5 2 -12.5
0.000106028 1 1.5 -13.5
0.000227052 1 1.5 -14
0.000362422 1 1.5 -14.5
0.000139282 0 2.5 -14.5
0.000399481 1 1.5 -15
0.000190875 0 2.5 -15
0.000193155 0 2.5 -15.5
0.00031957 1 1.5 -16
0.000179638 0 2.5 -16
8.90744e-05 0 2.5 -16.5
0.00016127 0.5 2 -17
6.00783e-05 1 1.5 -17
0.00136925 0.5 2 -16.5
0.000200537 1 1.5 -16.5
0.00446011 0.5 2 -16
0.00769445 0.5 2 -15.5
0.000382219 1 1.5 -15.5
0.00886425 0.5 2 -15
0.00886158 0.5 2 -14.5
3.44029e-05 0 2.5 -14
0.00733522 0.5 2 -14
0.00388154 0.5 2 -13.5
0.00103085 0.5 2 -13
4.34945e-05 1 2 -12.5
0.000298561 1 2 -13
0.0020273 1 2 -14
7.61091e-05 0.5 2.5 -17
9.41786e-05 1 2 -17
0.00080233 0.5 2.5 -16.5
0.000606079 1 2 -16.5
0.00311164 0.5 2.5 -16
0.00151269 1 2 -16
0.00564135 0.5 2.5 -15.5
0.00230351 1 2 -15.5
0.00660046 0.5 2.5 -15
0.00257599 1 2 -15
0.00661415 0.5 2.5 -14.5
0.00257411 1 2 -14.5
0.00565118 0.5 2.5 -14
0.0031577 0.5 2.5 -13.5
0.00104674 1 2 -13.5
0.000921785 0.5 2.5 -13
0.000117386 0.5 2.5 -12.5
0.00548333 1 2.5 -15
2.88234e-05 1.5 2 -16
2.95356e-05 1.5 2 -16.5
8.10482e-05 1 2.5 -17
3.44777e-05 0.5 3 -17
0.000261128 0.5 3 -16.5
0.00069774 1 2.5 -16.5
0.00122256 0.5 3 -16
0.00257207 1 2.5 -16
0.00236865 0.5 3 -15.5
0.004728 1 2.5 -15.5
0.00272938 0.5 3 -15
0.00269899 0.5 3 -14.5
0.00551001 1 2.5 -14.5
0.00226468 0.5 3 -14
0.0049205 1 2.5 -14
0.00113966 0.5 3 -13.5
0.00294163 1 2.5 -13.5
0.000234178 0.5 3 -13
0.000961458 1 2.5 -13
2.60163e-05 0.5 3 -12.5
0.000133264 1 2.5 -12.5
9.39111e-05 1.5 2.5 -13
0.000225832 1.5 2.5 -13.5
0.000369893 1.5 2.5 -14
0.00487091 1 3 -13.5
0.000450413 1.5 2.5 -14.5
0.000453441 1.5 2.5 -15
0.00717453 1 3 -14.5
0.000423141 1.5 2.5 -15.5
0.000340364 1.5 2.5 -16
0.000171792 1.5 2.5 -16.5
2.65322e-05 1.5 2.5 -17
0.000540328 1 3 -16.5
6.01545e-05 1 3 -17
9.86211e-05 0.5 3.5 -16.5
0.000305486 0.5 3.5 -16
0.00234599 1 3 -16
0.000426977 0.5 3.5 -15.5
0.00484444 1 3 -15.5
0.000434684 0.5 3.5 -15
0.00683498 1 3 -15
0.000394624 0.5 3.5 -14.5
0.00022607 0.5 3.5 -14
0.0068716 1 3 -14
4.73181e-05 0.5 3.5 -13.5
0.00209793 1 3 -13
0.000379385 1 3 -12.5
4.1755e-05 1 3 -12
0.000160202 1.5 3 -12.5
0.000772523 1.5 3 -13
0.00169961 1.5 3 -13.5
0.00244641 1.5 3 -14.5
0.00176745 1.5 3 -15.5
0.000248204 1.5 3 -16.5
2.10762e-05 0.5 4 -16.5
4.03546e-05 1 3.5 -17
2.95106e-05 1.5 3 -17
0.000282559 1 3.5 -16.5
2.85304e-05 0.5 4 -16
0.00153932 1 3.5 -16
0.000940107 1.5 3 -16
0.00367457 1 3.5 -15.5
0.00529582 1 3.5 -15
0.00233696 1.5 3 -15
0.00556962 1 3.5 -14.5
0.00533148 1 3.5 -14
0.00237478 1.5 3 -14
0.00384197 1 3.5 -13.5
0.00176957 1 3.5 -13
0.000355594 1 3.5 -12.5
3.62858e-05 1 3.5 -12
0.00174487 1.5 3.5 -13
0.00483899 1.5 3.5 -14
4.18726e-05 2 3 -15.5
0.00443033 1.5 3.5 -15
4.38054e-05 2 3 -16
3.59656e-05 2 3 -16.5
0.0011154 1.5 3.5 -16
2.73898e-05 1.5 3.5 -17
0.000126686 1 4 -16.5
0.000210718 1.5 3.5 -16.5
0.000673692 1 4 -16
0.00163692 1 4 -15.5
0.00282494 1.5 3.5 -15.5
0.00232054 1 4 -15
0.00239108 1 4 -14.5
0.00489671 1.5 3.5 -14.5
0.0022138 1 4 -14
0.00149202 1 4 -13.5
0.00365424 1.5 3.5 -13.5
0.000617933 1 4 -13
0.000123766 1 4 -12.5
0.000423657 1.5 3.5 -12.5
4.70971e-05 1.5 3.5 -12
6.10107e-05 2 3.5 -12.5
0.000181482 1.5 4 -12
0.000205248 2 3.5 -13
0.000532658 2 3.5 -14
0.000535383 2 3.5 -14.5
0.000485601 2 3.5 -15
0.000408048 2 3.5 -15.5
0.000235166 2 3.5 -16
0.00261862 1.5 4 -15.5
0.000145865 1.5 4 -16.5
4.33635e-05 1 4.5 -16.5
0.00020441 1 4.5 -16
6.69127e-05 2 3.5 -16.5
0.000927855 1.5 4 -16
0.00042662 1 4.5 -15.5
0.000504734 1 4.5 -15
0.00432434 1.5 4 -15
0.000502671 1 4.5 -14.5
0.00492268 1.5 4 -14.5
0.000413005 1 4.5 -14
0.00489605 1.5 4 -14
0.000227066 1 4.5 -13.5
0.0042956 1.5 4 -13.5
6.26179e-05 1 4.5 -13
0.000398365 2 3.5 -13.5
0.00278517 1.5 4 -13
0.00108637 1.5 4 -12.5
7.93631e-05 2 4 -12
0.000500957 2 4 -12.5
0.00118279 2 4 -13
0.0019464 2 4 -14.5
0.00388229 1.5 4.5 -14
0.00106016 2 4 -15.5
0.00311168 1.5 4.5 -15
3.57216e-05 1 5 -15.5
6.93022e-05 2 4 -16.5
2.07738e-05 1 5 -16.5
8.89988e-05 1.5 4.5 -16.5
4.06279e-05 1 5 -16
0.00053739 1.5 4.5 -16
0.000384367 2 4 -16
0.00170905 1.5 4.5 -15.5
0.00167886 2 4 -15
0.00385151 1.5 4.5 -14.5
0.00196192 2 4 -14
0.00350355 1.5 4.5 -13.5
0.00179449 2 4 -13.5
0.00237125 1.5 4.5 -13
0.00096479 1.5 4.5 -12.5
0.00015845 1.5 4.5 -12
0.00247556 2 4.5 -13
0.00326543 2 4.5 -13.5
2.3726e-05 2.5 4 -14.5
0.00336924 2 4.5 -14
3.06906e-05 2.5 4 -15
4.19976e-05 2.5 4 -15.5
0.00231587 2 4.5 -15
4.15849e-05 2.5 4 -16
0.000356876 2 4.5 -16
3.11459e-05 1.5 5 -16.5
5.67138e-05 2 4.5 -16.5
0.000256319 1.5 5 -16
0.000755932 1.5 5 -15.5
0.00116248 2 4.5 -15.5
0.00133995 1.5 5 -15
0.00168437 1.5 5 -14.5
0.00320913 2 4.5 -14.5
0.00170221 1.5 5 -14
0.00150959 1.5 5 -13.5
0.000978689 1.5 5 -13
0.000403022 1.5 5 -12.5
0.00129634 2 4.5 -12.5
6.79451e-05 1.5 5 -12
0.000368267 2 4.5 -12
3.29805e-05 2 4.5 -11.5
8.07359e-05 2.5 4.5 -12
0.000117162 2 5 -11.5
0.00027256 2.5 4.5 -12.5
0.000465939 2.5 4.5 -13
0.00161613 2 5 -12.5
0.000505351 2.5 4.5 -13.5
0.000493412 2.5 4.5 -14
0.000428512 2.5 4.5 -14.5
0.000352478 2.5 4.5 -15
0.00305318 2 5 -14.5
0.000222113 2.5 4.5 -15.5
8.31578e-05 2.5 4.5 -16
0.000921294 2 5 -15.5
2.01958e-05 1.5 5.5 -16.5
3.91583e-05 2 5 -16.5
8.66001e-05 1.5 5.5 -16
0.000235795 2 5 -16
0.000228292 1.5 5.5 -15.5
0.000358058 1.5 5.5 -15
0.0020418 2 5 -15
0.000382856 1.5 5.5 -14.5
0.000364198 1.5 5.5 -14
0.00332287 2 5 -14
0.000256784 1.5 5.5 -13.5
0.00326226 2 5 -13.5
0.00011069 1.5 5.5 -13
0.00265123 2 5 -13
0.000645613 2 5 -12
7.4632e-05 2.5 5 -11.5
0.000947575 2.5 5 -12.5
0.000492759 2 5.5 -12
0.00138478 2.5 5 -13
0.00148931 2.5 5 -14
0.0013148 2.5 5 -14.5
0.000369528 2.5 5 -15.5
0.00129586 2 5.5 -15
7.91336e-05 2.5 5 -16
0.000118383 2 5.5 -16
3.29558e-05 1.5 6 -15.5
2.6537e-05 2 5.5 -16.5
2.70881e-05 1.5 6 -16
0.000535119 2 5.5 -15.5
2.50021e-05 1.5 6 -15
0.000847385 2.5 5 -15
0.00211915 2 5.5 -14.5
0.00247297 2 5.5 -14
0.00243966 2 5.5 -13.5
0.00150467 2.5 5 -13.5
0.00202967 2 5.5 -13
0.00125019 2 5.5 -12.5
0.000429954 2.5 5 -12
9.15655e-05 2 5.5 -11.5
4.35016e-05 2.5 5.5 -11
0.000329713 2.5 5.5 -11.5
0.00086454 2.5 5.5 -12
3.47491e-05 3 5 -13
3.32909e-05 3 5 -13.5
3.06423e-05 3 5 -14
0.0021479 2.5 5.5 -13.5
0.000799247 2 6 -13
2.90761e-05 3 5 -14.5
0.00209355 2.5 5.5 -14
3.07962e-05 3 5 -15
2.19441e-05 3 5 -15.5
0.000881186 2.5 5.5 -15
6.70689e-05 2.5 5.5 -16
5.81471e-05 2 6 -16
0.000237682 2 6 -15.5
0.000345836 2.5 5.5 -15.5
0.00056871 2 6 -15
0.000885749 2 6 -14.5
0.00158428 2.5 5.5 -14.5
0.00102907 2 6 -14
0.0010006 2 6 -13.5
0.00198716 2.5 5.5 -13
0.000493672 2 6 -12.5
0.00146169 2.5 5.5 -12.5
0.000203453 2 6 -12
4.17133e-05 2 6 -11.5
9.73e-05 3 5.5 -11.5
9.8005e-05 2.5 6 -11
0.000242871 3 5.5 -12
0.00143191 2.5 6 -12.5
0.000414554 3 5.5 -13.5
9.17903e-05 2 6.5 -13
0.00187726 2.5 6 -13
0.000151249 2 6.5 -13.5
0.000352293 3 5.5 -14
0.000268111 3 5.5 -14.5
0.000162139 3 5.5 -15
0.00132614 2.5 6 -14.5
6.75893e-05 3 5.5 -15.5
4.84893e-05 2.5 6 -16
8.35732e-05 2 6.5 -15.5
0.000224979 2.5 6 -15.5
0.000169212 2 6.5 -15
0.000677384 2.5 6 -15
0.000188888 2 6.5 -14.5
0.00018335 2 6.5 -14
0.00187189 2.5 6 -14
0.00198507 2.5 6 -13.5
3.5914e-05 2 6.5 -12.5
0.000440032 3 5.5 -13
0.000395868 3 5.5 -12.5
0.000867596 2.5 6 -12
0.000381054 2.5 6 -11.5
0.00033218 3 6 -11.5
7.38845e-05 2.5 6.5 -11
0.000684338 3 6 -12
0.000970603 3 6 -12.5
0.000598039 2.5 6.5 -12
0.00105946 3 6 -13
0.00125374 2.5 6.5 -13.5
0.00102891 3 6 -13.5
0.000554775 3 6 -14.5
0.000264596 3 6 -15
7.82008e-05 3 6 -15.5
0.000375228 2.5 6.5 -15
2.09784e-05 2.5 6.5 -16
0.000117586 2.5 6.5 -15.5
0.000773101 2.5 6.5 -14.5
0.0011339 2.5 6.5 -14
0.00085156 3 6 -14
0.00120188 2.5 6.5 -13
0.00097166 2.5 6.5 -12.5
6.13972e-05 3 6.5 -10.5
3.70622e-05 3.5 6 -11.5
2.5775e-05 2.5 7 -11
0.000239621 3 6.5 -11
8.75931e-05 2.5 7 -11.5
4.41591e-05 3.5 6 -12
4.4903e-05 3.5 6 -12.5
0.000217301 2.5 7 -12
0.000804761 3 6.5 -12
3.81713e-05 3.5 6 -13
0.000343171 2.5 7 -12.5
3.01719e-05 3.5 6 -13.5
0.000458963 2.5 7 -13.5
0.00108472 3 6.5 -13.5
0.000420559 2.5 7 -14
0.000235889 3 6.5 -15
3.77057e-05 2.5 7 -15.5
6.17343e-05 3 6.5 -15.5
0.000152686 2.5 7 -15
0.000296918 2.5 7 -14.5
0.00054332 3 6.5 -14.5
0.0008754 3 6.5 -14
0.000430466 2.5 7 -13
0.00110558 3 6.5 -13
0.00100106 3 6.5 -12.5
3.57624e-05 3.5 6.5 -10.5
0.000117045 3.5 6.5 -11
6.6648e-05 3 7 -10.5
0.00047731 3 7 -11.5
0.000210027 3.5 6.5 -11.5
0.00031907 3.5 6.5 -12.5
2.13422e-05 2.5 7.5 -12.5
0.000295012 3.5 6.5 -13
0.000879702 3 7 -12.5
4.73095e-05 2.5 7.5 -13
6.35619e-05 2.5 7.5 -13.5
0.000161559 3.5 6.5 -14
6.49329e-05 2.5 7.5 -14
9.66999e-05 3.5 6.5 -14.5
0.00067957 3 7 -14
5.66468e-05 2.5 7.5 -14.5
4.31144e-05 3.5 6.5 -15
3.06922e-05 3 7 -15.5
3.48496e-05 2.5 7.5 -15
0.000145624 3 7 -15
0.000377917 3 7 -14.5
0.000897127 3 7 -13.5
0.000234805 3.5 6.5 -13.5
0.000936145 3 7 -13
2.64858e-05 3.5 7 -10
0.000106223 3.5 7 -10.5
0.000240278 3.5 7 -11
4.65534e-05 3 7.5 -10.5
0.00013541 3 7.5 -11
0.000247588 3 7.5 -11.5
0.000401044 3.5 7 -11.5
0.000370188 3 7.5 -12
0.000483542 3 7.5 -12.5
0.00055512 3.5 7 -12.5
0.000438363 3.5 7 -13.5
0.000292048 3.5 7 -14
0.000148112 3.5 7 -14.5
4.67306e-05 3.5 7 -15
0.000180168 3 7.5 -14.5
6.83785e-05 3 7.5 -15
0.000344861 3 7.5 -14
0.000482044 3 7.5 -13.5
0.000520604 3 7.5 -13
0.000533831 3.5 7 -13
3.13154e-05 4 7 -10.5
3.62107e-05 3.5 7.5 -10
5.10441e-05 4 7 -11
0.000128732 3.5 7.5 -10.5
5.25959e-05 3 8 -11.5
4.84471e-05 4 7 -12
0.000404377 3.5 7.5 -11.5
8.85892e-05 3 8 -12
3.68276e-05 4 7 -12.5
0.000132091 3 8 -12.5
2.0827e-05 4 7 -13
0.000159057 3 8 -13
0.000498923 3.5 7.5 -13
0.000144479 3 8 -13.5
9.51752e-05 3 8 -14
5.12904e-05 3 8 -14.5
0.000118476 3.5 7.5 -14.5
3.27097e-05 3.5 7.5 -15
0.000260362 3.5 7.5 -14
0.000407616 3.5 7.5 -13.5
9.45761e-05 4 7.5 -10.5
0.000149115 4 7.5 -11
0.000100115 3.5 8 -10.5
0.000184221 4 7.5 -11.5
0.000359951 3.5 8 -12
0.000193148 4 7.5 -12
0.00014279 4 7.5 -13
9.28393e-05 4 7.5 -13.5
0.000151293 3.5 8 -14
4.57029e-05 4 7.5 -14
5.74416e-05 3.5 8 -14.5
0.000263438 3.5 8 -13.5
0.000345037 3.5 8 -13
0.000371839 3.5 8 -12.5
3.84031e-05 4 8 -10
0.000178751 4 7.5 -12.5
0.000294413 3.5 8 -11.5
2.15341e-05 3.5 8.5 -10.5
0.000105368 4 8 -10.5
6.61286e-05 3.5 8.5 -11
0.000115094 3.5 8.5 -11.5
0.000147767 3.5 8.5 -12
0.000250722 4 8 -12
0.000186937 4 8 -13
0.000161651 3.5 8.5 -12.5
0.000121764 4 8 -13.5
5.7248e-05 4 8 -14
0.000103578 3.5 8.5 -13.5
5.18879e-05 3.5 8.5 -14
0.000146881 3.5 8.5 -13
2.73792e-05 4 8.5 -10
8.91633e-05 4 8.5 -10.5
3.80272e-05 4.5 8 -10.5
0.000149306 4 8.5 -11
0.000192635 4 8.5 -11.5
2.01905e-05 4.5 8 -12.5
2.25991e-05 3.5 9 -12.5
0.000188165 4 8.5 -12.5
2.13077e-05 3.5 9 -13
8.81575e-05 4 8.5 -13.5
3.78168e-05 4 8.5 -14
2.03052e-05 4.5 8.5 -10
2.60722e-05 4 9 -10.5
5.78953e-05 4.5 8.5 -10.5
8.46829e-05 4.5 8.5 -11.5
7.01568e-05 4 9 -11
7.85897e-05 4.5 8.5 -12
0.000107173 4 9 -12
9.69322e-05 4 9 -11.5
9.4523e-05 4 9 -12.5
6.25245e-05 4.5 8.5 -12.5
6.42687e-05 4 9 -13
2.86755e-05 4 9 -13.5
4.58196e-05 4.5 9 -10.5
6.67899e-05 4.5 9 -11
2.38385e-05 4.5 9 -13
2.44108e-05 4.5 9.5 -11
3.27487e-05 4.5 9.5 -11.5
3.29656e-05 4.5 9.5 -12
2.25171e-05 4.5 9.5 -12.5
5.52718e-05 4.5 9 -12.5
7.51386e-05 4.5 9 -12
7.75125e-05 4.5 9 -11.5
3.87784e-05 4.5 8.5 -13
7.85863e-05 4.5 8.5 -11
0.000141158 4 8.5 -13
0.000206907 4 8.5 -12
3.0136e-05 4.5 8 -12
3.88742e-05 4.5 8 -11.5
4.32209e-05 4.5 8 -11
0.00023461 4 8 -12.5
0.000233089 4 8 -11.5
0.000178632 4 8 -11
0.000199046 3.5 8 -11
3.23283e-05 4 7.5 -10
0.000520205 3.5 7.5 -12.5
0.000503547 3.5 7.5 -12
5.14552e-05 4 7 -11.5
0.000262251 3.5 7.5 -11
0.000516108 3.5 7 -12
0.000713512 3 7 -12
0.000287073 3.5 6.5 -12
0.000237455 3 7 -11
0.000525973 3 6.5 -11.5
0.000273461 2.5 6.5 -11.5
9.24723e-05 3 6 -11
