0.138575
3.57598e-05 -8 0.5 6
4.32551e-05 -8 0.5 5.5
2.94464e-05 -8 0.5 5
2.65226e-05 -8.5 1 5.5
2.80335e-05 -8.5 1 5
5.85981e-05 -7.5 0.5 6.5
2.07593e-05 -7 0 5.5
0.000157447 -7.5 0.5 6
0.000113133 -8 1 6.5
0.000169397 -7.5 0.5 5.5
0.000370447 -8 1 6
0.000106734 -7.5 0.5 5
0.000385687 -8 1 5.5
0.000205241 -8.5 1.5 6
0.000207725 -8 1 5
0.00025533 -8.5 1.5 5.5
0.000210508 -8.5 1.5 5
6.69362e-05 -9 2 5.5
8.06668e-05 -9 2 5
2.35557e-05 -9 2 4.5
6.43167e-05 -7 0.5 6.5
3.10011e-05 -7.5 1 7
0.000164984 -7 0.5 6
0.000520123 -7.5 1 6.5
5.09286e-05 -8 1.5 7
0.000185627 -7 0.5 5.5
0.000996125 -7.5 1 6
0.0001563 -7 0.5 5
0.00102023 -7.5 1 5.5
0.0024222 -8 1.5 6
4.37473e-05 -7 0.5 4.5
0.000626093 -7.5 1 5
0.00236443 -8 1.5 5.5
0.00168821 -8.5 2 6
6.35114e-05 -7.5 1 4.5
0.00107909 -8 1.5 5
0.00174949 -8.5 2 5.5
0.000334468 -9 2.5 6
2.68948e-05 -8 1.5 4.5
0.00099438 -8.5 2 5
4.29062e-05 -8.5 2 4.5
0.000350443 -9 2.5 5
0.000121939 -9 2.5 4.5
4.45166e-05 -9.5 3 5
3.24813e-05 -9.5 3 4.5
4.0774e-05 -9.5 3 5.5
0.0003693 -9 2.5 5.5
8.0672e-05 -9 2.5 6.5
0.00117566 -8.5 2 6.5
0.00171572 -8 1.5 6.5
6.25377e-05 -7 1 7
6.20508e-05 -6.5 0.5 6
0.000485824 -7 1 6.5
0.000677887 -7.5 1.5 7
3.25764e-05 -8 2 7.5
0.000109529 -6.5 0.5 5.5
0.00098339 -7 1 6
0.00298474 -7.5 1.5 6.5
0.000103297 -6.5 0.5 5
0.00105153 -7 1 5.5
0.0041833 -7.5 1.5 6
0.00654638 -8 2 6.5
0.000579668 -8.5 2.5 7
5.80629e-05 -6.5 0.5 4.5
0.000814919 -7 1 5
0.00413053 -7.5 1.5 5.5
0.00768163 -8 2 6
0.000251971 -7 1 4.5
0.00268869 -7.5 1.5 5
0.00728096 -8 2 5.5
0.00454453 -8.5 2.5 6
0.000483135 -7.5 1.5 4.5
0.0041816 -8 2 5
0.000695636 -8 2 4.5
0.00323636 -8.5 2.5 5
0.000756508 -9 3 5.5
0.000845378 -8.5 2.5 4.5
0.000484257 -9 3 4.5
7.53385e-05 -9 3 4
3.67359e-05 -9.5 3.5 4
6.41408e-05 -9.5 3.5 4.5
6.27312e-05 -9.5 3.5 5
0.00072487 -9 3 5
4.86065e-05 -9.5 3.5 5.5
0.00443936 -8.5 2.5 5.5
0.000570185 -9 3 6
0.000123517 -9 3 6.5
0.0033237 -8.5 2.5 6.5
0.00248559 -8 2 7
3.09407e-05 -7 1.5 7.5
6.92922e-05 -6.5 1 6.5
0.000613199 -7 1.5 7
0.000433258 -8 2.5 7.5
0.000316604 -7.5 2 7.5
0.00030448 -6.5 1 6
0.0022084 -7 1.5 6.5
0.000521472 -6.5 1 5.5
0.00356906 -7 1.5 6
0.00771905 -7.5 2 6.5
0.000490419 -6.5 1 5
0.00363599 -7 1.5 5.5
0.00316849 -8.5 3 6.5
0.00951148 -7.5 2 6
0.0100579 -8 2.5 6.5
0.000281498 -6.5 1 4.5
0.00263519 -7 1.5 5
0.00930467 -7.5 2 5.5
9.50492e-05 -9 3.5 6.5
6.18952e-05 -6.5 1 4
0.00106295 -7 1.5 4.5
0.0066591 -7.5 2 5
0.0121964 -8 2.5 5.5
7.87636e-05 -7 1.5 4
0.00228206 -7.5 2 4.5
0.00888751 -8 2.5 5
0.00544872 -8.5 3 5.5
0.000496841 -9 3.5 6
7.21606e-05 -7.5 2 4
0.00337202 -8 2.5 4.5
4.04401e-05 -9.5 4 5.5
0.000204269 -8 2.5 4
0.00264941 -8.5 3 4.5
0.000413437 -8.5 3 4
0.00032931 -9 3.5 4
2.32299e-05 -9.5 4 3.5
5.78827e-05 -9.5 4 4
5.96475e-05 -9.5 4 4.5
0.000766431 -9 3.5 4.5
5.84332e-05 -9.5 4 5
0.000808238 -9 3.5 5
0.00508156 -8.5 3 5
0.000764477 -9 3.5 5.5
0.00525382 -8.5 3 6
0.0124997 -8 2.5 6
0.000543245 -8.5 3 7
0.0041236 -8 2.5 7
0.0031539 -7.5 2 7
2.28712e-05 -6.5 1.5 7
0.000315586 -7 2 7.5
5.75774e-05 -7.5 2.5 8
0.000230977 -6.5 1.5 6.5
0.00214004 -7 2 7
0.000958069 -7.5 2.5 7.5
0.000841073 -6.5 1.5 6
0.00388202 -8 3 7
0.00534943 -7 2 6.5
0.00506682 -7.5 2.5 7
0.000444941 -8 3 7.5
7.68404e-05 -6 1 5
0.00140844 -6.5 1.5 5.5
0.00033083 -8.5 3.5 7
0.00756006 -7 2 6
0.000103439 -6 1 4.5
0.00139443 -6.5 1.5 5
0.00752284 -7 2 5.5
0.0139848 -7.5 2.5 6
0.00262066 -8.5 3.5 6.5
0.00980583 -8 3 6.5
5.55922e-05 -6 1 4
0.000882557 -6.5 1.5 4.5
4.46679e-05 -9 4 6.5
0.00581933 -7 2 5
0.0136959 -7.5 2.5 5.5
0.0128587 -8 3 5.5
0.000265628 -6.5 1.5 4
0.00281935 -7 2 4.5
0.000354758 -9 4 6
0.0106152 -7.5 2.5 5
0.00491553 -8.5 3.5 6
0.00049992 -7 2 4
0.00526607 -7.5 2.5 4.5
0.00494651 -8.5 3.5 5
0.000981455 -7.5 2.5 4
2.24671e-05 -9.5 4.5 5.5
0.00605124 -8 3 4.5
0.00158338 -8 3 4
4.77749e-05 -9.5 4.5 5
0.00339379 -8.5 3.5 4.5
3.97748e-05 -8 3 3.5
0.00134179 -8.5 3.5 4
0.000129731 -8.5 3.5 3.5
2.2778e-05 -9.5 4.5 3.5
0.00013641 -9 4 3.5
4.69893e-05 -9.5 4.5 4
0.000452553 -9 4 4
4.89834e-05 -9.5 4.5 4.5
0.000715651 -9 4 4.5
0.000749345 -9 4 5
0.000705631 -9 4 5.5
0.0108036 -8 3 5
0.00522494 -8.5 3.5 5.5
0.0128938 -8 3 6
0.0111233 -7.5 2.5 6.5
6.67205e-05 -7 2.5 8
7.83091e-05 -6.5 2 7
0.000734071 -7 2.5 7.5
0.000985301 -7.5 3 7.5
0.000697238 -6.5 2 6.5
0.000366285 -8 3.5 7.5
0.00491572 -7.5 3 7
0.00370202 -7 2.5 7
0.00184387 -6.5 2 6
0.00305822 -8 3.5 7
0.000160359 -6 1.5 5
0.000149742 -8.5 4 7
0.00275436 -6.5 2 5.5
0.0109018 -7 2.5 6
0.0143199 -7.5 3 6
0.000280116 -6 1.5 4.5
0.0012313 -8.5 4 6.5
0.0026288 -6.5 2 5
0.0115528 -8 3.5 6
0.000176531 -6 1.5 4
0.00182987 -6.5 2 4.5
0.00872564 -7 2.5 5
0.00324563 -8.5 4 6
4.21824e-05 -6 1.5 3.5
0.000702493 -6.5 2 4
8.26262e-05 -9 4.5 6
0.00476739 -7 2.5 4.5
0.0117607 -7.5 3 5
0.00993606 -8 3.5 5
7.0073e-05 -6.5 2 3.5
0.00155208 -7 2.5 4
0.000346707 -9 4.5 5.5
9.28538e-05 -7 2.5 3.5
0.00253377 -7.5 3 4
0.000473095 -9 4.5 5
0.00606501 -8 3.5 4.5
0.00371495 -8.5 4 5
0.000256778 -7.5 3 3.5
0.00266546 -8 3.5 4
0.000457636 -9 4.5 4.5
0.000518116 -8 3.5 3.5
4.53314e-05 -8.5 4 3
4.85586e-05 -9 4.5 3
0.000173508 -9 4.5 3.5
0.000507558 -8.5 4 3.5
0.000349877 -9 4.5 4
0.00148732 -8.5 4 4
0.00281704 -8.5 4 4.5
0.0068706 -7.5 3 4.5
0.00384782 -8.5 4 5.5
0.0116439 -8 3.5 5.5
0.0142383 -7.5 3 5.5
0.0108206 -7 2.5 5.5
0.00818558 -8 3.5 6.5
0.0109988 -7.5 3 6.5
0.00820823 -7 2.5 6.5
0.000105283 -7.5 3 8
0.000100029 -7.5 3.5 8
6.18526e-05 -6.5 2.5 7.5
0.000861458 -7.5 3.5 7.5
0.000432235 -6.5 2.5 7
0.000969982 -7 3 7.5
0.000178525 -8 4 7.5
0.00171514 -6.5 2.5 6.5
2.38226e-05 -6 2 5.5
0.00131936 -8 4 7
0.00329762 -6.5 2.5 6
0.00935025 -7.5 3.5 6.5
0.00855915 -7 3 6.5
0.000268888 -6 2 5
0.00409521 -6.5 2.5 5.5
0.00414728 -8 4 6.5
2.36779e-05 -5.5 1.5 4
0.000461407 -6 2 4.5
0.00381232 -6.5 2.5 5
0.011319 -7 3 5.5
0.00661954 -8 4 6
0.0125246 -7.5 3.5 6
0.000339312 -6 2 4
0.00045446 -8.5 4.5 6
0.00262463 -6.5 2.5 4.5
0.0093521 -7 3 5
0.000111916 -6 2 3.5
0.00117368 -6.5 2.5 4
0.00563929 -7 3 4.5
0.00112742 -8.5 4.5 5.5
0.010498 -7.5 3.5 5
0.00689595 -8 4 5.5
0.000246782 -6.5 2.5 3.5
0.00232437 -7 3 4
0.00141325 -8.5 4.5 5
0.00437198 -8 4 4.5
0.00643689 -7.5 3.5 4.5
0.000469181 -7 3 3.5
2.09606e-05 -9 5 5
0.00129799 -8.5 4.5 4.5
2.17332e-05 -7 3 3
7.89955e-05 -9 5 4.5
0.000825323 -7.5 3.5 3.5
0.000927533 -8.5 4.5 4
6.5736e-05 -7.5 3.5 3
0.000105334 -9 5 4
0.000159302 -8 4 3
0.000145473 -8.5 4.5 3
4.20825e-05 -9 5 3
8.36243e-05 -9 5 3.5
0.000453119 -8.5 4.5 3.5
0.000877507 -8 4 3.5
0.00231087 -8 4 4
0.00291591 -7.5 3.5 4
0.00619372 -8 4 5
0.0124912 -7.5 3.5 5.5
0.011311 -7 3 6
0.0041652 -7.5 3.5 7
0.000112255 -7 3.5 8
7.17017e-05 -7.5 4 8
0.00057886 -7.5 4 7.5
0.000999088 -6.5 3 7
0.0008871 -7 3.5 7.5
0.00244529 -7.5 4 7
0.00269118 -6.5 3 6.5
0.000133639 -6 2.5 5.5
0.00515829 -7.5 4 6.5
0.00439659 -6.5 3 6
0.00767462 -7 3.5 6.5
0.000446492 -6 2.5 5
0.000292916 -8 4.5 6.5
0.00470859 -6.5 3 5.5
3.69583e-05 -5.5 2 4
0.00059781 -6 2.5 4.5
0.00123366 -8 4.5 6
0.00718348 -7.5 4 5.5
0.00420091 -6.5 3 5
0.00985815 -7 3.5 5.5
3.05382e-05 -5.5 2 3.5
0.00044651 -6 2.5 4
0.00281434 -6.5 3 4.5
0.00185946 -8 4.5 5.5
0.000180715 -6 2.5 3.5
0.00138389 -6.5 3 4
0.00502309 -7 3.5 4.5
2.56126e-05 -6 2.5 3
0.000419134 -6.5 3 3.5
4.28228e-05 -6.5 3 3
0.000125066 -8.5 5 4.5
0.000745891 -7 3.5 3.5
0.00226188 -7.5 4 4
0.00163467 -8 4.5 4.5
0.000113814 -7 3.5 3
0.000182413 -8.5 5 4
0.000223869 -7.5 4 3
0.000209423 -8 4.5 3
0.000154508 -8.5 5 3.5
3.90494e-05 -8 4.5 2.5
2.7132e-05 -8.5 5 2.5
8.04965e-05 -8.5 5 3
0.000575316 -8 4.5 3.5
0.000881324 -7.5 4 3.5
0.00110431 -8 4.5 4
0.00232132 -7 3.5 4
0.00425454 -7.5 4 4.5
0.0018833 -8 4.5 5
0.00621657 -7.5 4 5
0.0080881 -7 3.5 5
6.3393e-05 -6.5 3.5 8
0.00044992 -6.5 3.5 7.5
0.000615914 -7 4 7.5
8.50444e-05 -7 4 8
0.00705198 -7.5 4 6
5.15173e-05 -7.5 4.5 7.5
0.00234229 -7 4 7
0.00155218 -6.5 3.5 7
0.000275365 -7.5 4.5 7
0.000108821 -6 3 6
0.000427174 -6 3 5.5
0.000924797 -7.5 4.5 6.5
0.00564775 -7 4 6
0.0041915 -6.5 3.5 6
0.00067672 -6 3 5
0.00167942 -7.5 4.5 6
4.14647e-05 -5.5 2.5 4
0.000650162 -6 3 4.5
0.00192976 -7.5 4.5 5.5
0.00367214 -6.5 3.5 5
0.00557047 -7 4 5.5
4.10125e-05 -5.5 2.5 3.5
0.000451267 -6 3 4
0.00185071 -7.5 4.5 5
0.00237831 -6.5 3.5 4.5
0.000202374 -6 3 3.5
5.82879e-05 -8 5 5
0.00118404 -6.5 3.5 4
0.00155207 -7 4 4
4.6244e-05 -6 3 3
0.000140087 -8 5 4.5
0.000434581 -6.5 3.5 3.5
0.001482 -7.5 4.5 4.5
0.000101471 -6.5 3.5 3
0.000634148 -7 4 3.5
0.00049796 -7.5 4.5 3.5
2.60175e-05 -7 4 2.5
0.000187989 -7.5 4.5 3
0.000147472 -8 5 3.5
4.47095e-05 -7.5 4.5 2.5
3.26615e-05 -8 5 2.5
8.22801e-05 -8 5 3
0.000182364 -7 4 3
0.000180412 -8 5 4
0.000958968 -7.5 4.5 4
0.00291177 -7 4 4.5
0.00450741 -7 4 5
0.00430342 -6.5 3.5 5.5
3.04491e-05 -7 4.5 8
0.000204979 -7 4.5 7.5
0.0013476 -6.5 4 7
0.000669484 -7 4.5 7
0.000464829 -6 3.5 6
0.00126189 -7 4.5 6.5
0.000727054 -6 3.5 5.5
0.00160269 -7 4.5 6
0.00282877 -6.5 4 6
0.000733912 -6 3.5 5
4.07372e-05 -5.5 3 4
5.09613e-05 -7.5 5 5.5
0.000586037 -6 3.5 4.5
0.00212099 -6.5 4 5
3.3889e-05 -5.5 3 3.5
0.000338463 -6 3.5 4
0.000101555 -7.5 5 5
0.00131677 -6.5 4 4.5
0.00134978 -7 4.5 5
0.000146568 -6 3.5 3.5
0.000139941 -7.5 5 4.5
0.000669279 -6.5 4 4
3.99195e-05 -6 3.5 3
0.000136448 -7.5 5 4
0.0002816 -6.5 4 3.5
8.64962e-05 -6.5 4 3
0.000102683 -7.5 5 3.5
0.000279736 -7 4.5 3.5
2.45791e-05 -6.5 4 2.5
5.66389e-05 -7.5 5 3
2.39418e-05 -7.5 5 2.5
3.30052e-05 -7 4.5 2.5
0.00010935 -7 4.5 3
0.000564268 -7 4.5 4
0.000948844 -7 4.5 4.5
0.00159753 -7 4.5 5.5
0.00273539 -6.5 4 5.5
0.00244157 -6.5 4 6.5
3.80275e-05 -6.5 4.5 8
0.000243858 -6.5 4.5 7.5
0.000610582 -6.5 4.5 7
0.000237805 -6 4 7
0.000734569 -6 4 6
2.03098e-05 -5.5 3.5 5
5.36844e-05 -7 5 6
0.000999663 -6.5 4.5 5.5
4.39356e-05 -5.5 3.5 4.5
0.000103011 -7 5 5.5
0.000725829 -6.5 4.5 5
0.000592614 -6 4 5
3.91827e-05 -5.5 3.5 4
0.000113709 -7 5 5
2.44346e-05 -5.5 3.5 3.5
0.000168653 -6 4 4
0.000109981 -7 5 4.5
0.000442361 -6.5 4.5 4.5
6.86366e-05 -6 4 3.5
8.22224e-05 -7 5 4
2.59091e-05 -6 4 3
3.51727e-05 -6.5 4.5 3
2.42308e-05 -7 5 3
5.12092e-05 -7 5 3.5
0.000101743 -6.5 4.5 3.5
0.000227972 -6.5 4.5 4
0.000360409 -6 4 4.5
0.000720339 -6 4 5.5
0.00109597 -6.5 4.5 6
0.000106704 -6 4.5 7.5
4.67968e-05 -6.5 5 7
0.00047471 -6 4.5 6
0.000126419 -6.5 5 6
4.00637e-05 -5.5 4 5.5
9.47703e-05 -6.5 5 6.5
0.000437253 -6 4.5 6.5
5.55624e-05 -5.5 4 5
0.000118131 -6.5 5 5.5
0.000424026 -6 4.5 5.5
4.90233e-05 -5.5 4 4.5
0.000140809 -6 4.5 4.5
6.27976e-05 -6 4.5 4
6.67284e-05 -6.5 5 4.5
2.25391e-05 -6 4.5 3.5
2.04729e-05 -6.5 5 3.5
3.56204e-05 -6.5 5 4
3.56582e-05 -5.5 4 4
4.32877e-05 -6 5 7.5
9.97639e-05 -6.5 5 5
9.85837e-05 -6 5 7
8.2217e-05 -5.5 4.5 6
7.82673e-05 -5.5 4.5 5.5
9.26166e-05 -6 5 5.5
5.6742e-05 -6 5 5
5.22159e-05 -5.5 4.5 5
2.69551e-05 -6 5 4.5
2.46959e-05 -5.5 5 7
3.4968e-05 -5.5 5 6.5
4.28749e-05 -5.5 5 6
3.07648e-05 -5.5 5 5.5
2.99435e-05 -5.5 4.5 4.5
0.000113955 -6 5 6
0.000118284 -6 5 6.5
5.99099e-05 -5.5 4.5 6.5
0.000276082 -6 4.5 5
0.000278275 -6 4.5 7
0.00101694 -6.5 4.5 6.5
0.000546388 -6 4 6.5
4.6894e-05 -6 4 7.5
0.00012114 -6 3.5 6.5
0.000413147 -6.5 4 7.5
5.89781e-05 -6.5 4 8
0.00457799 -7 4 6.5
0.00306881 -6.5 3.5 6.5
0.00989511 -7 3.5 6
0.00371729 -7 3.5 7
0.000261376 -6.5 3 7.5
4.15551e-05 -6.5 3 8
0.0041173 -7 3 7
0.000114183 -7 3 8
