0.209262
4.62515e-05 -5.5 1.5 1
5.16929e-05 -5.5 1.5 0.5
2.61868e-05 -6 2 1
3.42263e-05 -5.5 1.5 0
6.08609e-05 -6 2 0.5
6.41652e-05 -6 2 0
3.04468e-05 -6 2 -0.5
3.69525e-05 -6.5 2.5 0
4.22471e-05 -6.5 2.5 -0.5
2.69066e-05 -6.5 2.5 -1
2.09244e-05 -7 3 -1
4.35845e-05 -5 1.5 1.5
8.83413e-05 -5 1.5 1
9.32901e-05 -5.5 2 1.5
9.61692e-05 -5 1.5 0.5
0.000258026 -5.5 2 1
7.3362e-05 -5 1.5 0
0.000301726 -5.5 2 0.5
0.000124907 -6 2.5 1
2.08935e-05 -5 1.5 -0.5
0.000247613 -5.5 2 0
0.000304907 -6 2.5 0.5
8.19786e-05 -5.5 2 -0.5
0.000340971 -6 2.5 0
7.18465e-05 -6.5 3 0.5
0.000202755 -6 2.5 -0.5
0.000164603 -6.5 3 0
5.03576e-05 -6 2.5 -1
0.000185077 -6.5 3 -0.5
0.000104505 -6.5 3 -1
3.13369e-05 -7 3.5 -0.5
2.83445e-05 -6.5 3 -1.5
4.90191e-05 -7 3.5 -1
3.9266e-05 -7 3.5 -1.5
3.86078e-05 -4.5 1.5 1.5
5.45644e-05 -5 2 2
8.06042e-05 -4.5 1.5 1
0.00026625 -5 2 1.5
9.0869e-05 -4.5 1.5 0.5
0.000495755 -5 2 1
0.00046449 -5.5 2.5 1.5
7.64253e-05 -4.5 1.5 0
0.000543923 -5 2 0.5
0.00120104 -5.5 2.5 1
4.3349e-05 -6 3 1.5
2.77504e-05 -4.5 1.5 -0.5
0.000443715 -5 2 0
0.00139533 -5.5 2.5 0.5
0.000680787 -6 3 1
0.000175254 -5 2 -0.5
0.00121831 -5.5 2.5 0
0.00120456 -6 3 0.5
4.70069e-05 -6.5 3.5 1
0.000480148 -5.5 2.5 -0.5
0.00130961 -6 3 0
0.000227846 -6.5 3.5 0.5
8.55058e-05 -5.5 2.5 -1
0.000949437 -6 3 -0.5
0.000349891 -6.5 3.5 0
0.000218768 -6 3 -1
0.000428972 -6.5 3.5 -0.5
5.13006e-05 -6 3 -1.5
0.000402734 -6.5 3.5 -1
2.94241e-05 -7 4 -0.5
0.000119158 -6.5 3.5 -1.5
4.20897e-05 -7 4 -1
3.31753e-05 -6.5 3.5 -2
5.00749e-05 -7 4 -2
5.72039e-05 -7 4 -1.5
6.70496e-05 -4.5 2 2
2.75264e-05 -4 1.5 1
0.000264075 -4.5 2 1.5
0.000300977 -5 2.5 2
4.18829e-05 -4 1.5 0.5
0.00047616 -4.5 2 1
0.00125095 -5 2.5 1.5
0.000219313 -5.5 3 2
4.05238e-05 -4 1.5 0
0.000529602 -4.5 2 0.5
0.00212983 -5 2.5 1
0.00212188 -5.5 3 1.5
2.08893e-05 -4 1.5 -0.5
0.000449475 -4.5 2 0
0.00228333 -5 2.5 0.5
0.00397008 -5.5 3 1
0.00059584 -6 3.5 1.5
0.000226258 -4.5 2 -0.5
0.00196654 -5 2.5 0
0.00435246 -5.5 3 0.5
0.001983 -6 3.5 1
4.13786e-05 -4.5 2 -1
0.000871786 -5 2.5 -0.5
0.00402662 -5.5 3 0
0.00260033 -6 3.5 0.5
0.000153861 -5 2.5 -1
0.00211687 -5.5 3 -0.5
0.00277241 -6 3.5 0
0.00018463 -6.5 4 0.5
0.00044956 -5.5 3 -1
0.00248086 -6 3.5 -0.5
0.000353541 -6.5 4 0
8.4558e-05 -5.5 3 -1.5
0.00106234 -6 3.5 -1
0.000459798 -6.5 4 -0.5
0.000199397 -6 3.5 -1.5
0.000524707 -6.5 4 -1
5.42956e-05 -6 3.5 -2
0.000358132 -6.5 4 -1.5
2.25613e-05 -7 4.5 -1
7.27907e-05 -6.5 4 -2
2.52582e-05 -6.5 4 -2.5
4.56377e-05 -7 4.5 -2
3.15327e-05 -7 4.5 -1.5
2.97922e-05 -4 2 2
4.26144e-05 -4.5 2.5 2.5
0.000107756 -4 2 1.5
0.000376394 -4.5 2.5 2
8.70381e-05 -5 3 2.5
0.000227039 -4 2 1
0.0012324 -4.5 2.5 1.5
0.00144924 -5 3 2
3.39441e-05 -5.5 3.5 2.5
0.000301659 -4 2 0.5
0.00200806 -4.5 2.5 1
0.00406969 -5 3 1.5
0.00163315 -5.5 3.5 2
0.000287384 -4 2 0
0.00215262 -4.5 2.5 0.5
0.006001 -5 3 1
0.00537434 -5.5 3.5 1.5
0.000181137 -4 2 -0.5
0.00187343 -4.5 2.5 0
0.00628727 -5 3 0.5
0.00783667 -5.5 3.5 1
0.000312804 -6 4 1.5
5.58435e-05 -4 2 -1
0.00100404 -4.5 2.5 -0.5
0.00563954 -5 3 0
0.00830806 -5.5 3.5 0.5
0.00172134 -6 4 1
0.000257787 -4.5 2.5 -1
0.00315895 -5 3 -0.5
0.00799295 -5.5 3.5 0
0.00269182 -6 4 0.5
2.7925e-05 -4.5 2.5 -1.5
0.000823744 -5 3 -1
0.00527918 -5.5 3.5 -0.5
0.00305217 -6 4 0
7.04772e-05 -6.5 4.5 0.5
0.000121553 -5 3 -1.5
0.00201487 -5.5 3.5 -1
0.0031084 -6 4 -0.5
0.000221986 -6.5 4.5 0
2.60515e-05 -5 3 -2
0.000357928 -5.5 3.5 -1.5
0.00204773 -6 4 -1
0.000302123 -6.5 4.5 -0.5
6.61319e-05 -5.5 3.5 -2
0.000712003 -6 4 -1.5
0.000377649 -6.5 4.5 -1
2.08437e-05 -5.5 3.5 -2.5
0.000129862 -6 4 -2
0.000362479 -6.5 4.5 -1.5
3.35694e-05 -6 4 -2.5
2.45201e-05 -6.5 4.5 -2.5
0.000131725 -6.5 4.5 -2
3.35256e-05 -4 2.5 2.5
0.000184972 -4 2.5 2
0.000243835 -4.5 3 2.5
0.000503228 -4 2.5 1.5
0.00157258 -4.5 3 2
0.000701851 -5 3.5 2.5
4.29744e-05 -3.5 2 0.5
0.000936262 -4 2.5 1
0.00378422 -4.5 3 1.5
0.00382197 -5 3.5 2
7.53559e-05 -3.5 2 0
0.00117677 -4 2.5 0.5
0.00548192 -4.5 3 1
0.00817498 -5 3.5 1.5
0.00122882 -5.5 4 2
6.99342e-05 -3.5 2 -0.5
0.00111669 -4 2.5 0
0.00575889 -4.5 3 0.5
0.0109684 -5 3.5 1
0.0051617 -5.5 4 1.5
3.22429e-05 -3.5 2 -1
0.000755455 -4 2.5 -0.5
0.00515055 -4.5 3 0
0.0112654 -5 3.5 0.5
0.00831829 -5.5 4 1
3.03462e-05 -6 4.5 1.5
0.000291246 -4 2.5 -1
0.00305304 -4.5 3 -0.5
0.0103538 -5 3.5 0
0.0091107 -5.5 4 0.5
0.000983085 -6 4.5 1
4.853e-05 -4 2.5 -1.5
0.00106795 -4.5 3 -1
0.00682606 -5 3.5 -0.5
0.00912684 -5.5 4 0
0.00199625 -6 4.5 0.5
0.000157358 -4.5 3 -1.5
0.00281523 -5 3.5 -1
0.00719512 -5.5 4 -0.5
0.00232707 -6 4.5 0
3.12371e-05 -4.5 3 -2
0.000548353 -5 3.5 -1.5
0.00381523 -5.5 4 -1
0.00246887 -6 4.5 -0.5
7.50727e-05 -6.5 5 0
8.1493e-05 -5 3.5 -2
0.00117841 -5.5 4 -1.5
0.00201349 -6 4.5 -1
2.09027e-05 -5 3.5 -2.5
0.000209417 -5.5 4 -2
0.000937844 -6 4.5 -1.5
3.23933e-05 -5.5 4 -2.5
0.000243094 -6 4.5 -2
0.000172787 -6.5 5 -1.5
3.40464e-05 -6 4.5 -2.5
2.26104e-05 -6.5 5 -2.5
0.000103365 -6.5 5 -2
0.000154586 -6.5 5 -1
0.000130702 -6.5 5 -0.5
0.000171329 -4 3 2.5
8.88294e-05 -4.5 3.5 3
0.000620474 -4 3 2
0.000900221 -4.5 3.5 2.5
3.79272e-05 -5 4 3
5.00242e-05 -3.5 2.5 1
0.00149537 -4 3 1.5
0.00372269 -4.5 3.5 2
0.000926518 -5 4 2.5
0.000168248 -3.5 2.5 0.5
0.00252986 -4 3 1
0.00750457 -4.5 3.5 1.5
0.00457514 -5 4 2
0.000302609 -3.5 2.5 0
0.00303732 -4 3 0.5
0.0100119 -4.5 3.5 1
0.0094557 -5 4 1.5
0.000511406 -5.5 4.5 2
0.000292045 -3.5 2.5 -0.5
0.00286925 -4 3 0
0.010316 -4.5 3.5 0.5
0.0126442 -5 4 1
0.000179763 -3.5 2.5 -1
0.00207755 -4 3 -0.5
0.00936415 -4.5 3.5 0
0.0130213 -5 4 0.5
0.00682822 -5.5 4.5 1
4.43961e-05 -3.5 2.5 -1.5
0.000927665 -4 3 -1
0.00619422 -4.5 3.5 -0.5
0.0122208 -5 4 0
0.00772225 -5.5 4.5 0.5
0.000198568 -4 3 -1.5
0.00274941 -4.5 3.5 -1
0.00878585 -5 4 -0.5
0.00775765 -5.5 4.5 0
3.63775e-05 -4 3 -2
0.000641713 -4.5 3.5 -1.5
0.0046135 -5 4 -1
0.00648322 -5.5 4.5 -0.5
0.00121494 -6 5 0
8.54265e-05 -4.5 3.5 -2
0.00150052 -5 4 -1.5
0.00388779 -5.5 4.5 -1
0.000257378 -5 4 -2
0.00161741 -5.5 4.5 -1.5
3.79151e-05 -5 4 -2.5
0.000364922 -5.5 4.5 -2
0.000596017 -6 5 -1.5
6.57922e-05 -5.5 4.5 -2.5
4.54856e-05 -6 5 -2.5
0.000232737 -6 5 -2
0.00107318 -6 5 -1
0.0012907 -6 5 -0.5
0.000957371 -6 5 0.5
0.000222892 -6 5 1
0.00364246 -5.5 4.5 1.5
8.173e-05 -4 3.5 3
0.000488139 -4 3.5 2.5
0.000192049 -4.5 4 3
0.001536 -4 3.5 2
0.00143191 -4.5 4 2.5
0.000160217 -3.5 3 1
0.00330439 -4 3.5 1.5
0.00487894 -4.5 4 2
0.000532497 -5 4.5 2.5
0.000428483 -3.5 3 0.5
0.00503511 -4 3.5 1
0.00933087 -4.5 4 1.5
0.00372762 -5 4.5 2
2.68523e-05 -3 2.5 -0.5
0.000722367 -3.5 3 0
0.00554721 -4 3.5 0.5
0.0121301 -4.5 4 1
0.00830829 -5 4.5 1.5
3.87373e-05 -3 2.5 -1
0.000718349 -3.5 3 -0.5
0.00520975 -4 3.5 0
0.012401 -4.5 4 0.5
0.0114463 -5 4.5 1
2.04567e-05 -3 2.5 -1.5
0.000504246 -3.5 3 -1
0.00381903 -4 3.5 -0.5
0.0114193 -4.5 4 0
0.0118325 -5 4.5 0.5
0.00378714 -5.5 5 1
0.000181361 -3.5 3 -1.5
0.00200882 -4 3.5 -1
0.00797798 -4.5 4 -0.5
0.0111278 -5 4.5 0
2.55176e-05 -3.5 3 -2
0.000599425 -4 3.5 -1.5
0.0041405 -4.5 4 -1
0.00817846 -5 4.5 -0.5
0.00447538 -5.5 5 0
6.59544e-05 -6 5.5 0.5
7.8691e-05 -4 3.5 -2
0.00140464 -4.5 4 -1.5
0.00460782 -5 4.5 -1
0.000248952 -4.5 4 -2
0.00187629 -5 4.5 -1.5
0.00218187 -5.5 5 -1
4.60616e-05 -4.5 4 -2.5
0.000432858 -5 4.5 -2
0.00106394 -5.5 5 -1.5
7.75031e-05 -5 4.5 -2.5
6.48454e-05 -5.5 5 -2.5
2.74457e-05 -6 5.5 -2.5
5.47436e-05 -6 5.5 -2
0.00037747 -5.5 5 -2
0.00010503 -6 5.5 -1.5
0.000197102 -6 5.5 -1
0.000235028 -6 5.5 -0.5
0.0035778 -5.5 5 -0.5
0.000204591 -6 5.5 0
0.0044692 -5.5 5 0.5
0.00151894 -5.5 5 1.5
0.000180479 -4 4 3
0.00102774 -4 4 2.5
0.000168576 -4.5 4.5 3
9.54741e-05 -3.5 3.5 1.5
0.00286017 -4 4 2
0.00130627 -4.5 4.5 2.5
0.000502442 -3.5 3.5 1
0.0052825 -4 4 1.5
0.00441812 -4.5 4.5 2
0.000122085 -5 5 2.5
0.000937195 -3.5 3.5 0.5
0.0072061 -4 4 1
0.00867558 -4.5 4.5 1.5
0.00207383 -5 5 2
5.65702e-05 -3 3 -0.5
0.00131425 -3.5 3.5 0
0.00749666 -4 4 0.5
0.0114072 -4.5 4.5 1
0.00531808 -5 5 1.5
0.00010452 -3 3 -1
0.00126908 -3.5 3.5 -0.5
0.00681318 -4 4 0
0.0116451 -4.5 4.5 0.5
0.00730994 -5 5 1
7.48351e-05 -3 3 -1.5
0.000910735 -3.5 3.5 -1
0.00488575 -4 4 -0.5
0.0107092 -4.5 4.5 0
0.00744838 -5 5 0.5
0.000682129 -5.5 5.5 1
2.0693e-05 -3 3 -2
0.000396553 -3.5 3.5 -1.5
0.0026843 -4 4 -1
0.00756227 -4.5 4.5 -0.5
7.29204e-05 -3.5 3.5 -2
0.00103158 -4 4 -1.5
0.00412303 -4.5 4.5 -1
0.00459591 -5 5 -0.5
0.000199536 -4 4 -2
0.00165524 -4.5 4.5 -1.5
0.00257502 -5 5 -1
3.10182e-05 -4 4 -2.5
0.000397051 -4.5 4.5 -2
6.87643e-05 -4.5 4.5 -2.5
7.81659e-05 -5 5 -2.5
3.61403e-05 -5.5 5.5 -2.5
8.84917e-05 -5.5 5.5 -2
0.000416583 -5 5 -2
0.000212511 -5.5 5.5 -1.5
0.00118062 -5 5 -1.5
0.000472187 -5.5 5.5 -1
0.000808013 -5.5 5.5 -0.5
0.00104516 -5.5 5.5 0
0.00662707 -5 5 0
0.00102083 -5.5 5.5 0.5
2.28395e-05 -3.5 4 3
2.49741e-05 -4 4.5 3.5
5.43969e-05 -3.5 4 2.5
0.000217396 -4 4.5 3
0.000179706 -3.5 4 2
0.00128843 -4 4.5 2.5
8.06096e-05 -4.5 5 3
0.000578623 -3.5 4 1.5
0.00345416 -4 4.5 2
0.000943397 -4.5 5 2.5
0.00125964 -3.5 4 1
0.00601963 -4 4.5 1.5
0.00326196 -4.5 5 2
0.00178376 -3.5 4 0.5
0.00767558 -4 4.5 1
0.00616312 -4.5 5 1.5
0.000294429 -5 5.5 2
8.81571e-05 -3 3.5 -0.5
0.00197059 -3.5 4 0
0.00781155 -4 4.5 0.5
0.00759476 -4.5 5 1
0.000167753 -3 3.5 -1
0.00171465 -3.5 4 -0.5
0.00683616 -4 4.5 0
0.000129878 -3 3.5 -1.5
0.00113518 -3.5 4 -1
0.00471282 -4 4.5 -0.5
0.00650517 -4.5 5 0
4.00329e-05 -3 3.5 -2
0.000534885 -3.5 4 -1.5
0.00256906 -4 4.5 -1
0.00429556 -4.5 5 -0.5
0.000142367 -3.5 4 -2
0.00107088 -4 4.5 -1.5
0.00228611 -4.5 5 -1
0.000286958 -4 4.5 -2
5.2395e-05 -4 4.5 -2.5
0.000344822 -4.5 5 -2
7.59348e-05 -4.5 5 -2.5
3.74674e-05 -5 5.5 -2.5
9.36887e-05 -5 5.5 -2
0.000260974 -5 5.5 -1.5
0.000997604 -4.5 5 -1.5
0.000581107 -5 5.5 -1
0.00110134 -5 5.5 -0.5
0.0017522 -5 5.5 0
0.00217975 -5 5.5 0.5
0.00758606 -4.5 5 0.5
0.0021493 -5 5.5 1
0.0015251 -5 5.5 1.5
2.0078e-05 -3.5 4.5 3.5
0.000110863 -3.5 4.5 3
2.03417e-05 -4 5 3.5
0.000268776 -3.5 4.5 2.5
0.0001937 -4 5 3
0.000609841 -3.5 4.5 2
0.00108882 -4 5 2.5
0.00127899 -3.5 4.5 1.5
0.00304312 -4 5 2
0.000353761 -4.5 5.5 2.5
0.00202847 -3.5 4.5 1
4.95851e-05 -3 4 0
0.00239981 -3.5 4.5 0.5
0.00577111 -4 5 1
0.00236568 -4.5 5.5 1.5
0.000151532 -3 4 -0.5
0.0022596 -3.5 4.5 0
0.00560267 -4 5 0.5
0.00259034 -4.5 5.5 1
0.00020173 -3 4 -1
0.00174131 -3.5 4.5 -0.5
0.00438104 -4 5 0
0.00242164 -4.5 5.5 0.5
0.000153554 -3 4 -1.5
0.00103914 -3.5 4.5 -1
0.00273048 -4 5 -0.5
6.16067e-05 -3 4 -2
2.85268e-05 -5 6 -0.5
0.000482214 -3.5 4.5 -1.5
0.000152352 -3.5 4.5 -2
2.28302e-05 -5 6 -1
0.00057861 -4 5 -1.5
2.61265e-05 -3.5 4.5 -2.5
0.00020418 -4 5 -2
5.38631e-05 -4 5 -2.5
3.19795e-05 -4.5 5.5 -2.5
7.48194e-05 -4.5 5.5 -2
0.000220733 -4.5 5.5 -1.5
0.000530045 -4.5 5.5 -1
0.00138175 -4 5 -1
0.00106972 -4.5 5.5 -0.5
0.00180531 -4.5 5.5 0
0.00505909 -4 5 1.5
2.25519e-05 -3.5 5 3.5
0.000169758 -3.5 5 3
0.000542582 -3.5 5 2.5
0.00011743 -4 5.5 3
0.00109349 -3.5 5 2
0.00179041 -3.5 5 1.5
0.00154722 -4 5.5 2
7.07636e-05 -3 4.5 0.5
0.00222939 -3.5 5 1
3.2063e-05 -4.5 6 1.5
0.00228379 -4 5.5 1.5
0.000157073 -3 4.5 0
0.00216574 -3.5 5 0.5
0.000210958 -3 4.5 -0.5
0.00173201 -3.5 5 0
0.000113743 -4.5 6 0.5
0.00205493 -4 5.5 0.5
0.000186769 -3 4.5 -1
0.000119262 -3 4.5 -1.5
0.00055327 -3.5 5 -1
5.4078e-05 -3 4.5 -2
2.66538e-05 -4.5 6 -1
0.000227893 -3.5 5 -1.5
7.5892e-05 -3.5 5 -2
2.39671e-05 -3.5 5 -2.5
3.92798e-05 -4 5.5 -2
0.00012307 -4 5.5 -1.5
0.000329491 -4 5.5 -1
4.77536e-05 -4.5 6 -0.5
0.000726401 -4 5.5 -0.5
8.08732e-05 -4.5 6 0
0.00109799 -3.5 5 -0.5
0.00135999 -4 5.5 0
0.000107595 -4.5 6 1
0.00234703 -4 5.5 1
0.000645509 -4 5.5 2.5
0.000138101 -3.5 5.5 3
0.000525566 -3.5 5.5 2.5
3.82745e-05 -3 5 1.5
0.00103154 -3.5 5.5 2
0.000112364 -4 6 2.5
0.000142991 -3 5 1
0.00129331 -3.5 5.5 1.5
0.00024802 -4 6 2
0.000221435 -3 5 0.5
0.00129466 -3.5 5.5 1
0.00024858 -4 6 1
0.000247081 -3 5 0
0.000203834 -3 5 -0.5
0.000666055 -3.5 5.5 0
4.5626e-05 -4 6 -0.5
5.02768e-05 -3 5 -1.5
2.66788e-05 -4 6 -1
2.5036e-05 -3 5 -2
4.17306e-05 -3.5 5.5 -1.5
2.05111e-05 -3.5 5.5 -2
0.000134641 -3.5 5.5 -1
0.000121164 -3 5 -1
0.000334891 -3.5 5.5 -0.5
9.16575e-05 -4 6 0
0.000162449 -4 6 0.5
0.00105337 -3.5 5.5 0.5
3.22258e-05 -3 5.5 3
0.000279145 -4 6 1.5
8.06405e-05 -3 5.5 2.5
5.32942e-05 -3.5 6 3
0.000165016 -3 5.5 2
0.000266269 -3 5.5 1.5
0.000305554 -3 5.5 1
0.000291567 -3.5 6 1.5
0.000148272 -3.5 6 0.5
0.000274739 -3 5.5 0.5
7.1042e-05 -3.5 6 0
3.17258e-05 -3 5.5 -1
2.93452e-05 -3.5 6 -0.5
0.000102107 -3 5.5 -0.5
0.000188014 -3 5.5 0
0.000238738 -3.5 6 1
3.40629e-05 -3 6 3
0.000101521 -3 6 2.5
0.000159561 -3 6 2
3.46224e-05 -3 6 0
7.69681e-05 -3 6 0.5
0.000132019 -3 6 1
2.29536e-05 -2.5 6 1
2.29694e-05 -2.5 6 1.5
0.000163386 -3 6 1.5
0.000284778 -3.5 6 2
0.000176121 -3.5 6 2.5
0.00139309 -4.5 5.5 2
