0.299336
2.93037e-05 -4.5 0.5 -6.5
2.27208e-05 -4.5 0.5 -7
3.10014e-05 -4.5 1 -5
2.75991e-05 -4 0.5 -6
7.41845e-05 -4.5 1 -5.5
5.24747e-05 -4 0.5 -6.5
9.7664e-05 -4.5 1 -6
3.96554e-05 -4 0.5 -7
9.49758e-05 -4.5 1 -6.5
6.21398e-05 -4.5 1 -7
2.45921e-05 -5 1.5 -6.5
2.22892e-05 -4 1 -4.5
0.000148648 -4 1 -5
2.82858e-05 -3.5 0.5 -6
0.000286156 -4 1 -5.5
4.16388e-05 -4.5 1.5 -5
4.63001e-05 -3.5 0.5 -6.5
0.000291037 -4 1 -6
9.02771e-05 -4.5 1.5 -5.5
3.08286e-05 -3.5 0.5 -7
0.000231033 -4 1 -6.5
0.000126901 -4.5 1.5 -6
0.000103261 -4 1 -7
0.000135845 -4.5 1.5 -6.5
8.94133e-05 -4.5 1.5 -7
7.5958e-05 -4 1.5 -4
0.000195714 -3.5 1 -5
0.00034864 -4 1.5 -4.5
2.5841e-05 -3 0.5 -6
0.000366897 -3.5 1 -5.5
0.00066647 -4 1.5 -5
3.23647e-05 -3 0.5 -6.5
0.000386705 -3.5 1 -6
0.000787469 -4 1.5 -5.5
2.95544e-05 -4.5 2 -5
2.63644e-05 -3 0.5 -7
0.000279218 -3.5 1 -6.5
0.000753704 -4 1.5 -6
6.65343e-05 -4.5 2 -5.5
0.000109841 -3.5 1 -7
0.000463644 -4 1.5 -6.5
9.84843e-05 -4.5 2 -6
0.000154042 -4 1.5 -7
0.000116257 -4.5 2 -6.5
2.07807e-05 -4 1.5 -7.5
9.31028e-05 -4.5 2 -7
0.00013772 -3.5 1.5 -3.5
0.000680499 -3.5 1.5 -4
0.000155017 -3 1 -5
0.00151027 -3.5 1.5 -4.5
7.85458e-05 -4 2 -4
0.000300589 -3 1 -5.5
0.00197915 -3.5 1.5 -5
0.000370008 -4 2 -4.5
0.000321338 -3 1 -6
0.00194399 -3.5 1.5 -5.5
0.00069579 -4 2 -5
0.000226368 -3 1 -6.5
0.00148095 -3.5 1.5 -6
0.00088158 -4 2 -5.5
8.01747e-05 -3 1 -7
0.000726916 -3.5 1.5 -6.5
0.000909235 -4 2 -6
2.31401e-05 -3 1 -7.5
0.000194136 -3.5 1.5 -7
0.000627847 -4 2 -6.5
2.78722e-05 -4.5 2.5 -6
2.08771e-05 -3.5 1.5 -7.5
0.000185523 -4 2 -7
5.05697e-05 -4.5 2.5 -6.5
6.82263e-05 -4.5 2.5 -7
0.000178224 -3 1.5 -3.5
3.21208e-05 -3.5 2 -3
3.12792e-05 -2.5 1 -4.5
0.000854139 -3 1.5 -4
0.000438234 -3.5 2 -3.5
0.000102529 -2.5 1 -5
0.00170732 -3 1.5 -4.5
0.00180651 -3.5 2 -4
0.000148887 -2.5 1 -5.5
0.00213664 -3 1.5 -5
0.00328775 -3.5 2 -4.5
0.000162935 -2.5 1 -6
0.00207417 -3 1.5 -5.5
0.00381791 -3.5 2 -5
0.00018606 -4 2.5 -4.5
0.00011862 -2.5 1 -6.5
0.00151525 -3 1.5 -6
0.00379115 -3.5 2 -5.5
0.000417884 -4 2.5 -5
4.65059e-05 -2.5 1 -7
0.000710426 -3 1.5 -6.5
0.00278227 -3.5 2 -6
0.000584573 -4 2.5 -5.5
0.000184973 -3 1.5 -7
0.00123427 -3.5 2 -6.5
0.000675588 -4 2.5 -6
2.24865e-05 -3 1.5 -7.5
0.000243665 -3.5 2 -7
0.000588202 -4 2.5 -6.5
2.28318e-05 -3.5 2 -7.5
0.000177162 -4 2.5 -7
2.35212e-05 -4.5 3 -7
5.04933e-05 -3 2 -2.5
0.000159989 -2.5 1.5 -3.5
0.000458844 -3 2 -3
3.00344e-05 -2 1 -4.5
0.000686129 -2.5 1.5 -4
0.00197496 -3 2 -3.5
4.46472e-05 -2 1 -5
0.00129487 -2.5 1.5 -4.5
0.00421277 -3 2 -4
0.000301548 -3.5 2.5 -3.5
5.40795e-05 -2 1 -5.5
0.00158628 -2.5 1.5 -5
0.00595892 -3 2 -4.5
0.00172449 -3.5 2.5 -4
5.3198e-05 -2 1 -6
0.00153142 -2.5 1.5 -5.5
0.00620974 -3 2 -5
0.0033374 -3.5 2.5 -4.5
3.75564e-05 -2 1 -6.5
0.00108184 -2.5 1.5 -6
0.00563629 -3 2 -5.5
0.00390206 -3.5 2.5 -5
0.000495808 -2.5 1.5 -6.5
0.00357827 -3 2 -6
0.00396685 -3.5 2.5 -5.5
8.20401e-05 -4 3 -5
0.000131783 -2.5 1.5 -7
0.00146066 -3 2 -6.5
0.00313386 -3.5 2.5 -6
0.000146811 -4 3 -5.5
2.28848e-05 -2.5 1.5 -7.5
0.00028688 -3 2 -7
0.00141954 -3.5 2.5 -6.5
0.000218606 -4 3 -6
2.86549e-05 -3 2 -7.5
0.000252312 -3.5 2.5 -7
0.000286194 -4 3 -6.5
0.000133931 -4 3 -7
8.74849e-05 -2.5 2 -2.5
6.56497e-05 -2 1.5 -3.5
0.000594438 -2.5 2 -3
5.09287e-05 -3 2.5 -2.5
0.000240932 -2 1.5 -4
0.00207814 -2.5 2 -3.5
0.000721509 -3 2.5 -3
0.000468047 -2 1.5 -4.5
0.00412978 -2.5 2 -4
0.00350123 -3 2.5 -3.5
0.000607967 -2 1.5 -5
0.00558627 -2.5 2 -4.5
0.00718698 -3 2.5 -4
0.00060387 -2 1.5 -5.5
0.00577334 -2.5 2 -5
0.00933109 -3 2.5 -4.5
0.000734029 -3.5 3 -4
0.000458495 -2 1.5 -6
0.00510617 -2.5 2 -5.5
0.00950261 -3 2.5 -5
0.00192439 -3.5 3 -4.5
0.000232806 -2 1.5 -6.5
0.00313882 -2.5 2 -6
0.00857577 -3 2.5 -5.5
0.00243687 -3.5 3 -5
6.8382e-05 -2 1.5 -7
0.00124775 -2.5 2 -6.5
0.00540944 -3 2.5 -6
0.0026209 -3.5 3 -5.5
0.000255881 -2.5 2 -7
0.00209907 -3 2.5 -6.5
0.00243449 -3.5 3 -6
2.87373e-05 -2.5 2 -7.5
0.000337588 -3 2.5 -7
0.00116497 -3.5 3 -6.5
2.65346e-05 -3 2.5 -7.5
0.000177384 -3.5 3 -7
6.16491e-05 -4 3.5 -7
3.63609e-05 -4 3.5 -6.5
6.5485e-05 -2 2 -2.5
3.72009e-05 -2.5 2.5 -2
2.42086e-05 -1.5 1.5 -3.5
0.000414313 -2 2 -3
0.000347728 -2.5 2.5 -2.5
3.90306e-05 -1.5 1.5 -4
0.00122643 -2 2 -3.5
0.0019099 -2.5 2.5 -3
5.91717e-05 -1.5 1.5 -4.5
0.00228557 -2 2 -4
0.00512491 -2.5 2.5 -3.5
0.000427579 -3 3 -3
7.76323e-05 -1.5 1.5 -5
0.00309459 -2 2 -4.5
0.00879143 -2.5 2.5 -4
0.00317982 -3 3 -3.5
8.91455e-05 -1.5 1.5 -5.5
0.0032106 -2 2 -5
0.0106936 -2.5 2.5 -4.5
0.00716911 -3 3 -4
8.46526e-05 -1.5 1.5 -6
0.00282493 -2 2 -5.5
0.0107007 -2.5 2.5 -5
0.00919053 -3 3 -4.5
6.35213e-05 -1.5 1.5 -6.5
0.00177767 -2 2 -6
0.00918771 -2.5 2.5 -5.5
0.00937074 -3 3 -5
0.000307022 -3.5 3.5 -4.5
2.3903e-05 -1.5 1.5 -7
0.000751693 -2 2 -6.5
0.00555801 -2.5 2.5 -6
0.00866763 -3 3 -5.5
0.00052353 -3.5 3.5 -5
0.000172105 -2 2 -7
0.00211272 -2.5 2.5 -6.5
0.00556631 -3 3 -6
0.000634381 -3.5 3.5 -5.5
2.64553e-05 -2 2 -7.5
0.000352083 -2.5 2.5 -7
0.00214134 -3 3 -6.5
0.000761776 -3.5 3.5 -6
3.42946e-05 -2.5 2.5 -7.5
0.000271652 -3 3 -7
8.22702e-05 -3.5 3.5 -7
0.000570629 -3.5 3.5 -6.5
5.56393e-05 -2 2.5 -2
5.56163e-05 -1.5 2 -3
0.000386284 -2 2.5 -2.5
3.32426e-05 -2.5 3 -2
0.000144518 -1.5 2 -3.5
0.00170802 -2 2.5 -3
0.000422211 -2.5 3 -2.5
0.000326231 -1.5 2 -4
0.00402318 -2 2.5 -3.5
0.00280152 -2.5 3 -3
0.000573239 -1.5 2 -4.5
0.00658755 -2 2.5 -4
0.0072802 -2.5 3 -3.5
0.000762645 -1.5 2 -5
0.00796605 -2 2.5 -4.5
0.0116827 -2.5 3 -4
0.00117894 -3 3.5 -3.5
0.000758514 -1.5 2 -5.5
0.00793911 -2 2.5 -5
0.0131474 -2.5 3 -4.5
0.00400128 -3 3.5 -4
0.00058799 -1.5 2 -6
0.00661461 -2 2.5 -5.5
0.0129779 -2.5 3 -5
0.0054036 -3 3.5 -4.5
0.000299902 -1.5 2 -6.5
0.00395709 -2 2.5 -6
0.0107669 -2.5 3 -5.5
0.00555137 -3 3.5 -5
9.11309e-05 -1.5 2 -7
0.00157454 -2 2.5 -6.5
0.00646595 -2.5 3 -6
0.0053555 -3 3.5 -5.5
2.87518e-05 -3.5 4 -5
0.000306002 -2 2.5 -7
0.00247067 -2.5 3 -6.5
0.00353707 -3 3.5 -6
4.71602e-05 -3.5 4 -5.5
3.12429e-05 -2 2.5 -7.5
0.000374088 -2.5 3 -7
0.00129671 -3 3.5 -6.5
2.57121e-05 -2.5 3 -7.5
4.44435e-05 -3.5 4 -7
0.00010815 -3 3.5 -7
8.65509e-05 -3.5 4 -6.5
5.86962e-05 -3.5 4 -6
3.22465e-05 -1.5 2.5 -2
0.000151212 -1.5 2.5 -2.5
0.000126731 -2 3 -2
0.000407847 -1.5 2.5 -3
0.000840425 -2 3 -2.5
0.00094036 -1.5 2.5 -3.5
0.00324011 -2 3 -3
0.000194757 -2.5 3.5 -2.5
0.00171905 -1.5 2.5 -4
0.00722084 -2 3 -3.5
0.00229578 -2.5 3.5 -3
2.58567e-05 -1 2 -5
0.00247773 -1.5 2.5 -4.5
0.0109705 -2 3 -4
0.00697101 -2.5 3.5 -3.5
3.76284e-05 -1 2 -5.5
0.00270731 -1.5 2.5 -5
0.012159 -2 3 -4.5
0.0113263 -2.5 3.5 -4
5.69223e-05 -1 2 -6
0.00245777 -1.5 2.5 -5.5
0.011886 -2 3 -5
0.0124257 -2.5 3.5 -4.5
0.000465308 -3 4 -4
5.32965e-05 -1 2 -6.5
0.00168477 -1.5 2.5 -6
0.00953375 -2 3 -5.5
0.0121704 -2.5 3.5 -5
0.00103359 -3 4 -4.5
2.29776e-05 -1 2 -7
0.000793912 -1.5 2.5 -6.5
0.00556575 -2 3 -6
0.00987894 -2.5 3.5 -5.5
0.0011461 -3 4 -5
0.000202961 -1.5 2.5 -7
0.0021269 -2 3 -6.5
0.00571861 -2.5 3.5 -6
0.00122443 -3 4 -5.5
2.79166e-05 -1.5 2.5 -7.5
0.000362419 -2 3 -7
0.00201885 -2.5 3.5 -6.5
3.19216e-05 -2 3 -7.5
3.12552e-05 -3 4 -7
0.000208014 -2.5 3.5 -7
0.000367535 -3 4 -6.5
0.000967923 -3 4 -6
0.000118493 -1.5 3 -2
0.000579755 -1.5 3 -2.5
0.000126707 -2 3.5 -2
0.00159611 -1.5 3 -3
0.000981853 -2 3.5 -2.5
3.1956e-05 -1 2.5 -4
0.00312356 -1.5 3 -3.5
0.00372603 -2 3.5 -3
7.42031e-05 -1 2.5 -4.5
0.00480258 -1.5 3 -4
0.00805825 -2 3.5 -3.5
0.000453576 -2.5 4 -3
0.000146889 -1 2.5 -5
0.00585025 -1.5 3 -4.5
0.0119659 -2 3.5 -4
0.00317661 -2.5 4 -3.5
0.000262506 -1 2.5 -5.5
0.00579587 -1.5 3 -5
0.0128357 -2 3.5 -4.5
0.00588789 -2.5 4 -4
0.000293641 -1 2.5 -6
0.00482441 -1.5 3 -5.5
0.0124513 -2 3.5 -5
0.00630568 -2.5 4 -4.5
0.000219292 -1 2.5 -6.5
0.00303134 -1.5 3 -6
0.00975978 -2 3.5 -5.5
0.00613749 -2.5 4 -5
5.2115e-05 -3 4.5 -4.5
8.90561e-05 -1 2.5 -7
0.001326 -1.5 3 -6.5
0.00558012 -2 3.5 -6
0.00466643 -2.5 4 -5.5
8.48936e-05 -3 4.5 -5
0.000299365 -1.5 3 -7
0.002038 -2 3.5 -6.5
0.00254073 -2.5 4 -6
2.85614e-05 -1.5 3 -7.5
0.000287493 -2 3.5 -7
5.49021e-05 -2.5 4 -7
5.43518e-05 -3 4.5 -6.5
0.00076469 -2.5 4 -6.5
0.000108922 -3 4.5 -6
9.53271e-05 -3 4.5 -5.5
2.78853e-05 -1.5 3.5 -1.5
3.33806e-05 -1 3 -2.5
0.000197936 -1.5 3.5 -2
4.88937e-05 -1 3 -3
0.00104819 -1.5 3.5 -2.5
3.40182e-05 -2 4 -2
0.000111961 -1 3 -3.5
0.00301041 -1.5 3.5 -3
0.000614152 -2 4 -2.5
0.000287607 -1 3 -4
0.00564094 -1.5 3.5 -3.5
0.00318896 -2 4 -3
0.000552942 -1 3 -4.5
0.00784397 -1.5 3.5 -4
0.00693434 -2 4 -3.5
0.000772081 -1 3 -5
0.00840364 -1.5 3.5 -4.5
0.00947544 -2 4 -4
0.000245591 -2.5 4.5 -3.5
0.000908062 -1 3 -5.5
0.00793603 -1.5 3.5 -5
0.00965521 -2 4 -4.5
0.000988512 -2.5 4.5 -4
0.000809879 -1 3 -6
0.00605536 -1.5 3.5 -5.5
0.00883174 -2 4 -5
0.00113421 -2.5 4.5 -4.5
0.000498193 -1 3 -6.5
0.00359226 -1.5 3.5 -6
0.00629232 -2 4 -5.5
0.00115131 -2.5 4.5 -5
0.000173786 -1 3 -7
0.0014968 -1.5 3.5 -6.5
0.00330982 -2 4 -6
2.43523e-05 -1 3 -7.5
0.000296452 -1.5 3.5 -7
2.24383e-05 -1.5 3.5 -7.5
0.000100635 -2 4 -7
0.000121481 -2.5 4.5 -6.5
0.00106932 -2 4 -6.5
0.000457977 -2.5 4.5 -6
0.000891971 -2.5 4.5 -5.5
2.46388e-05 -1 3.5 -1.5
0.000110685 -1 3.5 -2
2.33248e-05 -1.5 4 -1.5
0.000253543 -1 3.5 -2.5
0.00020244 -1.5 4 -2
0.000490301 -1 3.5 -3
0.00111149 -1.5 4 -2.5
0.000895317 -1 3.5 -3.5
0.00333749 -1.5 4 -3
5.68815e-05 -2 4.5 -2.5
0.00145608 -1 3.5 -4
0.00628129 -1.5 4 -3.5
0.00108597 -2 4.5 -3
0.00188382 -1 3.5 -4.5
0.00827174 -1.5 4 -4
0.00305014 -2 4.5 -3.5
0.0020307 -1 3.5 -5
0.00843203 -1.5 4 -4.5
0.00385956 -2 4.5 -4
2.61986e-05 -0.5 3 -6
0.00183418 -1 3.5 -5.5
0.00767485 -1.5 4 -5
0.00384078 -2 4.5 -4.5
5.66299e-05 -0.5 3 -6.5
0.00131284 -1 3.5 -6
0.00543622 -1.5 4 -5.5
0.00321573 -2 4.5 -5
4.04362e-05 -0.5 3 -7
0.000691279 -1 3.5 -6.5
0.00289031 -1.5 4 -6
0.001974 -2 4.5 -5.5
0.000218957 -1 3.5 -7
0.00101269 -1.5 4 -6.5
2.04244e-05 -1 3.5 -7.5
0.000142827 -1.5 4 -7
0.000218256 -2 4.5 -6.5
4.78556e-05 -2.5 5 -6
0.000880737 -2 4.5 -6
9.12768e-05 -2.5 5 -5.5
8.61971e-05 -2.5 5 -5
7.15025e-05 -2.5 5 -4.5
3.65047e-05 -2.5 5 -4
3.43868e-05 -1 4 -1.5
0.000211523 -1 4 -2
0.000652343 -1 4 -2.5
8.98995e-05 -1.5 4.5 -2
0.001313 -1 4 -3
0.000755177 -1.5 4.5 -2.5
0.00217043 -1 4 -3.5
0.0022993 -1.5 4.5 -3
2.93034e-05 -0.5 3.5 -4.5
0.00295887 -1 4 -4
0.0040584 -1.5 4.5 -3.5
6.99874e-05 -2 5 -3
0.000410421 -2 5 -3.5
4.52886e-05 -0.5 3.5 -5
0.00321902 -1 4 -4.5
0.004706 -1.5 4.5 -4
7.37468e-05 -0.5 3.5 -5.5
0.00299732 -1 4 -5
0.00458732 -1.5 4.5 -4.5
0.000138345 -0.5 3.5 -6
0.00233828 -1 4 -5.5
0.000135284 -0.5 3.5 -6.5
0.0014512 -1 4 -6
0.00223723 -1.5 4.5 -5.5
7.87379e-05 -0.5 3.5 -7
0.000657295 -1 4 -6.5
2.66417e-05 -1.5 4.5 -7
2.24859e-05 -2 5 -6.5
0.000154709 -1 4 -7
0.000278732 -1.5 4.5 -6.5
0.000116818 -2 5 -6
0.00100348 -1.5 4.5 -6
0.000280501 -2 5 -5.5
0.000479597 -2 5 -5
0.00369847 -1.5 4.5 -5
0.000563011 -2 5 -4.5
0.000548907 -2 5 -4
2.6707e-05 -0.5 4 -2
3.18934e-05 -1 4.5 -1.5
2.92145e-05 -0.5 4 -2.5
0.000211866 -1 4.5 -2
2.20872e-05 -0.5 4 -3
0.000783952 -1 4.5 -2.5
3.73483e-05 -0.5 4 -3.5
0.00173773 -1 4.5 -3
0.000225783 -1.5 5 -2.5
9.93933e-05 -0.5 4 -4
0.00274556 -1 4.5 -3.5
0.000174123 -0.5 4 -4.5
0.00324662 -1 4.5 -4
0.000229239 -0.5 4 -5
0.00316605 -1 4.5 -4.5
0.00129258 -1.5 5 -4
0.000275721 -0.5 4 -5.5
0.00257529 -1 4.5 -5
0.000270347 -0.5 4 -6
2.66608e-05 -2 5.5 -5
0.00162327 -1 4.5 -5.5
0.000808508 -1.5 5 -5
0.000201751 -0.5 4 -6.5
0.000777632 -1 4.5 -6
2.03369e-05 -2 5.5 -5.5
3.58086e-05 -1 4.5 -7
3.15296e-05 -1.5 5 -6.5
8.72245e-05 -0.5 4 -7
0.000255429 -1 4.5 -6.5
0.000161044 -1.5 5 -6
0.000423106 -1.5 5 -5.5
2.66773e-05 -2 5.5 -4.5
0.00116991 -1.5 5 -4.5
2.64182e-05 -2 5.5 -4
0.00126014 -1.5 5 -3.5
0.000838215 -1.5 5 -3
3.22386e-05 -0.5 4.5 -1.5
0.000102549 -0.5 4.5 -2
0.000172325 -0.5 4.5 -2.5
0.000122992 -1 5 -2
0.000263958 -0.5 4.5 -3
0.000482532 -1 5 -2.5
0.000401324 -0.5 4.5 -3.5
0.00100709 -1 5 -3
0.000545323 -0.5 4.5 -4
0.0013715 -1 5 -3.5
0.000607311 -0.5 4.5 -4.5
0.000578604 -0.5 4.5 -5
0.00121659 -1 5 -4.5
0.000133847 -1.5 5.5 -4
0.000477982 -0.5 4.5 -5.5
0.000417861 -1 5 -5.5
3.90458e-05 -1.5 5.5 -5.5
0.000138621 -0.5 4.5 -6.5
3.72679e-05 -0.5 4.5 -7
3.49621e-05 -1 5 -6.5
0.000157965 -1 5 -6
0.000298396 -0.5 4.5 -6
8.18065e-05 -1.5 5.5 -5
0.000818124 -1 5 -5
0.000130147 -1.5 5.5 -4.5
0.00138231 -1 5 -4
0.000124314 -1.5 5.5 -3.5
7.12753e-05 -1.5 5.5 -3
2.31172e-05 -0.5 5 -1.5
0.000119844 -0.5 5 -2
0.000292357 -0.5 5 -2.5
0.00050384 -0.5 5 -3
0.000117912 -1 5.5 -2.5
0.000663522 -0.5 5 -3.5
0.000687142 -0.5 5 -4
0.000241585 -1 5.5 -3.5
0.000622421 -0.5 5 -4.5
0.000448401 -0.5 5 -5
2.44654e-05 0 4.5 -6
4.34766e-05 -1 5.5 -5.5
2.6116e-05 -0.5 5 -6.5
2.01059e-05 -1 5.5 -6
3.03482e-05 0 4.5 -6.5
0.000104875 -0.5 5 -6
0.000252478 -0.5 5 -5.5
0.000104383 -1 5.5 -5
0.000182703 -1 5.5 -4.5
0.000232608 -1 5.5 -4
0.000219856 -1 5.5 -3
4.91657e-05 -0.5 5.5 -2
2.24598e-05 0 5 -3
0.000142839 -0.5 5.5 -2.5
3.50279e-05 0 5 -3.5
0.000230694 -0.5 5.5 -3
4.98266e-05 0 5 -4
0.000242472 -0.5 5.5 -3.5
5.85854e-05 0 5 -4.5
0.000227459 -0.5 5.5 -4
5.98912e-05 0 5 -5
2.63516e-05 0 5 -6
3.62975e-05 -0.5 5.5 -5.5
4.96781e-05 0 5 -5.5
8.51883e-05 -0.5 5.5 -5
0.000165633 -0.5 5.5 -4.5
5.26162e-05 0 5.5 -2.5
8.07624e-05 0 5.5 -3
9.21538e-05 0 5.5 -3.5
8.49659e-05 0 5.5 -4
2.01491e-05 -0.5 6 -4.5
3.41207e-05 0 5.5 -5
6.19912e-05 0 5.5 -4.5
2.01035e-05 -0.5 6 -3
