0.69466
2.5343e-05 -5.5 -10.5 -15.5
3.48904e-05 -5.5 -10.5 -15
3.93226e-05 -5.5 -10.5 -14.5
3.03227e-05 -5.5 -10.5 -14
4.25366e-05 -5 -10 -17
8.3623e-05 -5 -10 -16.5
0.000124585 -5 -10 -16
0.000141433 -5 -10 -15.5
0.000123685 -5 -10 -15
8.13133e-05 -5 -10 -14.5
2.33027e-05 -6 -11.5 -13
4.88942e-05 -5.5 -11 -13.5
3.04147e-05 -6 -11.5 -13.5
8.07789e-05 -5.5 -11 -14
3.28993e-05 -6 -11.5 -14
9.87447e-05 -5.5 -11 -14.5
9.22819e-05 -5.5 -11 -15
6.87746e-05 -5.5 -11 -15.5
4.13006e-05 -5.5 -11 -16
2.28517e-05 -5 -10.5 -17.5
7.10857e-05 -5 -10.5 -17
0.000137254 -5 -10.5 -16.5
0.000201585 -5 -10.5 -16
0.000235281 -5 -10.5 -15.5
0.000214121 -5 -10.5 -15
0.000155342 -5 -10.5 -14.5
7.9742e-05 -5 -10.5 -14
2.20339e-05 -5 -10.5 -13.5
3.17176e-05 -5 -10 -14
3.81054e-05 -4.5 -10 -14
0.000131455 -4.5 -10 -14.5
0.000260178 -4.5 -10 -15
0.000349869 -4.5 -10 -15.5
4.2414e-05 -4.5 -10 -18
0.000123671 -4.5 -10 -17.5
0.000240364 -4.5 -10 -17
2.75213e-05 -5 -9.5 -16.5
0.000338797 -4.5 -10 -16.5
4.19623e-05 -5 -9.5 -16
0.000378267 -4.5 -10 -16
5.09638e-05 -5 -9.5 -15.5
4.44442e-05 -5 -9.5 -15
3.01663e-05 -6 -12 -12.5
4.64961e-05 -5.5 -11.5 -13
6.44942e-05 -5 -11 -13.5
2.5951e-05 -6.5 -12.5 -12.5
5.67493e-05 -6 -12 -13
9.41363e-05 -5.5 -11.5 -13.5
2.80942e-05 -6.5 -12.5 -13
6.80587e-05 -6 -12 -13.5
0.000139031 -5.5 -11.5 -14
0.000218869 -5 -11 -14.5
6.9391e-05 -6 -12 -14
0.000160062 -5.5 -11.5 -14.5
0.000246916 -5 -11 -15
5.38813e-05 -6 -12 -14.5
0.000145762 -5.5 -11.5 -15
0.000252052 -5 -11 -15.5
3.47841e-05 -6 -12 -15
0.000110951 -5.5 -11.5 -15.5
0.000202639 -5 -11 -16
3.07863e-05 -5.5 -11.5 -16.5
2.18037e-05 -5 -11 -17.5
2.30761e-05 -4.5 -10.5 -18
8.62268e-05 -4.5 -10.5 -17.5
6.40521e-05 -5 -11 -17
0.000186144 -4.5 -10.5 -17
0.000131979 -5 -11 -16.5
6.8177e-05 -5.5 -11.5 -16
0.000299635 -4.5 -10.5 -16.5
0.000359466 -4.5 -10.5 -16
0.000344033 -4.5 -10.5 -15.5
0.000279842 -4.5 -10.5 -15
0.000183492 -4.5 -10.5 -14.5
0.000143483 -5 -11 -14
8.34983e-05 -4.5 -10.5 -14
2.58218e-05 -5 -9.5 -14.5
6.27588e-05 -4 -10 -14.5
0.000165149 -4 -10 -15
6.04109e-05 -4.5 -9.5 -14.5
0.000306645 -4 -10 -15.5
0.000400195 -4 -10 -16
0.000416489 -4 -10 -16.5
0.000334396 -4 -10 -17
0.000198445 -4 -10 -17.5
8.18683e-05 -4 -10 -18
2.35128e-05 -4 -10 -18.5
4.90746e-05 -4.5 -9.5 -18
0.000132866 -4.5 -9.5 -17.5
0.000243714 -4.5 -9.5 -17
0.000324925 -4.5 -9.5 -16.5
2.39817e-05 -6.5 -13 -11.5
2.86606e-05 -6 -12.5 -12
3.38629e-05 -5.5 -12 -12.5
2.32116e-05 -7 -13.5 -11.5
4.25817e-05 -6.5 -13 -12
6.12735e-05 -6 -12.5 -12.5
8.70717e-05 -5.5 -12 -13
2.80748e-05 -4.5 -11 -13.5
4.91799e-05 -6.5 -13 -12.5
9.15789e-05 -6 -12.5 -13
0.000134783 -5.5 -12 -13.5
4.65697e-05 -4 -10.5 -14.5
0.000168476 -5 -11.5 -14
5.01127e-05 -6.5 -13 -13
0.000105363 -6 -12.5 -13.5
0.000157656 -5.5 -12 -14
3.92417e-05 -6.5 -13 -13.5
9.87216e-05 -6 -12.5 -14
0.000168226 -5.5 -12 -14.5
2.65529e-05 -6.5 -13 -14
8.05416e-05 -6 -12.5 -14.5
0.000147486 -5.5 -12 -15
0.000227903 -5 -11.5 -15.5
5.38527e-05 -6 -12.5 -15
0.000107849 -5.5 -12 -15.5
2.95353e-05 -6 -12.5 -15.5
6.11165e-05 -5.5 -12 -16
9.34403e-05 -5 -11.5 -16.5
4.26615e-05 -5 -11.5 -17
2.77984e-05 -5.5 -12 -16.5
2.09377e-05 -4.5 -11 -18
3.72211e-05 -4 -10.5 -18
4.62415e-05 -4.5 -11 -17.5
9.47231e-05 -4 -10.5 -17.5
0.000110505 -4.5 -11 -17
0.000179226 -4 -10.5 -17
0.000202109 -4.5 -11 -16.5
0.000165207 -5 -11.5 -16
0.000234742 -4 -10.5 -16.5
0.000274398 -4.5 -11 -16
0.000239202 -4 -10.5 -16
0.000292949 -4.5 -11 -15.5
0.000240268 -5 -11.5 -15
0.000200785 -4 -10.5 -15.5
0.000255158 -4.5 -11 -15
0.000218471 -5 -11.5 -14.5
0.000120738 -4 -10.5 -15
0.000166998 -4.5 -11 -14.5
8.26865e-05 -4.5 -11 -14
0.00010434 -5 -11.5 -13.5
3.54488e-05 -5 -11.5 -13
0.000346714 -4.5 -9.5 -16
0.000275129 -4.5 -9.5 -15.5
0.000161895 -4.5 -9.5 -15
5.28982e-05 -4 -9.5 -14.5
4.95402e-05 -3.5 -10 -15.5
0.000182183 -4 -9.5 -15
8.19028e-05 -3.5 -10 -16
0.000344403 -4 -9.5 -15.5
0.000106573 -3.5 -10 -16.5
0.000120679 -3.5 -10 -17
0.000520077 -4 -9.5 -16.5
9.12131e-05 -3.5 -10 -17.5
5.24871e-05 -3.5 -10 -18
2.23454e-05 -3.5 -10 -18.5
4.36979e-05 -4 -9.5 -18.5
3.21877e-05 -4.5 -9 -18
0.000143796 -4 -9.5 -18
8.46361e-05 -4.5 -9 -17.5
0.000315652 -4 -9.5 -17.5
0.000151475 -4.5 -9 -17
2.37265e-05 -6 -13 -11.5
2.90691e-05 -7 -14 -11
4.72936e-05 -6.5 -13.5 -11.5
5.85509e-05 -6 -13 -12
5.82729e-05 -5.5 -12.5 -12.5
3.54113e-05 -7 -14 -11.5
6.05332e-05 -6.5 -13.5 -12
8.50144e-05 -6 -13 -12.5
2.3531e-05 -4.5 -11.5 -13.5
0.000102457 -5.5 -12.5 -13
4.52519e-05 -5 -12 -13
3.54176e-05 -7 -14 -12
6.74377e-05 -6.5 -13.5 -12.5
2.74745e-05 -4 -11 -14.5
9.87354e-05 -6 -13 -13
0.000135184 -5.5 -12.5 -13.5
7.01412e-05 -4.5 -11.5 -14
2.7941e-05 -7 -14 -12.5
2.03934e-05 -3.5 -10.5 -15.5
6.31868e-05 -6.5 -13.5 -13
0.000106221 -6 -13 -13.5
5.55128e-05 -4 -11 -15
0.000151607 -5.5 -12.5 -14
0.000187405 -5 -12 -14.5
5.25469e-05 -6.5 -13.5 -13.5
9.7574e-05 -6 -13 -14
0.00019455 -5 -12 -15
3.6984e-05 -6.5 -13.5 -14
2.92936e-05 -3.5 -10.5 -16.5
7.59761e-05 -6 -13 -14.5
2.08335e-05 -6.5 -13.5 -14.5
4.74782e-05 -6 -13 -15
2.77876e-05 -3.5 -10.5 -17
7.93574e-05 -5.5 -12.5 -15.5
2.75334e-05 -6 -13 -15.5
2.25244e-05 -6 -13 -16
2.3358e-05 -5.5 -12.5 -16.5
2.00198e-05 -4.5 -11.5 -17.5
2.20779e-05 -5 -12 -17
2.89807e-05 -4 -11 -17.5
4.97673e-05 -4.5 -11.5 -17
5.2376e-05 -5 -12 -16.5
4.27746e-05 -5.5 -12.5 -16
6.32309e-05 -4 -11 -17
0.000100282 -4.5 -11.5 -16.5
0.000102886 -5 -12 -16
8.95689e-05 -4 -11 -16.5
0.000151564 -4.5 -11.5 -16
0.000158548 -5 -12 -15.5
0.000121564 -5.5 -12.5 -15
0.000102402 -4 -11 -16
0.000178092 -4.5 -11.5 -15.5
0.000154072 -5.5 -12.5 -14.5
8.11389e-05 -4 -11 -15.5
0.000165646 -4.5 -11.5 -15
0.000122362 -4.5 -11.5 -14.5
0.00015691 -5 -12 -14
9.67797e-05 -5 -12 -13.5
0.000466481 -4 -9.5 -17
0.000195607 -4.5 -9 -16.5
0.000202098 -4.5 -9 -16
0.000477704 -4 -9.5 -16
0.000155378 -4.5 -9 -15.5
7.84697e-05 -4.5 -9 -15
3.00709e-05 -3.5 -9.5 -15
0.000113324 -3.5 -9.5 -15.5
0.000121852 -4 -9 -15
0.000210038 -3.5 -9.5 -16
0.000293216 -3.5 -9.5 -16.5
0.000483995 -4 -9 -16
0.00031481 -3.5 -9.5 -17
0.00025006 -3.5 -9.5 -17.5
0.000144524 -3.5 -9.5 -18
2.84375e-05 -4.5 -8.5 -17.5
0.000381871 -4 -9 -17.5
7.23457e-05 -4 -9 -18.5
5.29448e-05 -3.5 -9.5 -18.5
3.63067e-05 -6.5 -14 -11
3.95827e-05 -6 -13.5 -11.5
3.7844e-05 -7 -14.5 -11
5.52119e-05 -6.5 -14 -11.5
6.28395e-05 -6 -13.5 -12
2.02399e-05 -5.5 -13 -12
2.19907e-05 -7.5 -15 -11
4.17395e-05 -7 -14.5 -11.5
6.0981e-05 -6.5 -14 -12
8.36447e-05 -6 -13.5 -12.5
3.5115e-05 -5 -12.5 -13
3.86457e-05 -7 -14.5 -12
6.44195e-05 -6.5 -14 -12.5
9.27237e-05 -6 -13.5 -13
3.52233e-05 -4.5 -12 -14
3.24776e-05 -7 -14.5 -12.5
2.12496e-05 -4 -11.5 -15
5.89414e-05 -6.5 -14 -13
9.3658e-05 -6 -13.5 -13.5
5.9782e-05 -4.5 -12 -14.5
2.57436e-05 -7 -14.5 -13
2.53204e-05 -4 -11.5 -15.5
4.71501e-05 -6.5 -14 -13.5
7.82693e-05 -6 -13.5 -14
0.000105818 -5.5 -13 -14.5
3.33407e-05 -6.5 -14 -14
2.61088e-05 -4 -11.5 -16
5.49689e-05 -6 -13.5 -14.5
7.56214e-05 -5.5 -13 -15
2.14766e-05 -6.5 -14 -14.5
3.3875e-05 -6 -13.5 -15
2.04846e-05 -5.5 -13 -16
2.95819e-05 -4.5 -12 -16.5
4.43678e-05 -5 -12.5 -16
4.46267e-05 -5.5 -13 -15.5
5.34521e-05 -4.5 -12 -16
7.82378e-05 -5 -12.5 -15.5
7.08882e-05 -4.5 -12 -15.5
0.00010824 -5 -12.5 -15
7.15099e-05 -4.5 -12 -15
0.000117194 -5 -12.5 -14.5
0.000122596 -5.5 -13 -14
0.000106774 -5 -12.5 -14
0.000115714 -5.5 -13 -13.5
7.4518e-05 -5 -12.5 -13.5
9.29679e-05 -5.5 -13 -13
5.58209e-05 -5.5 -13 -12.5
0.00020619 -4 -9 -18
4.99869e-05 -4.5 -8.5 -17
0.000506762 -4 -9 -17
6.40754e-05 -4.5 -8.5 -16.5
0.000543869 -4 -9 -16.5
7.34646e-05 -4.5 -8.5 -16
5.20682e-05 -4.5 -8.5 -15.5
0.000302576 -4 -9 -15.5
2.04255e-05 -4.5 -8.5 -15
4.11305e-05 -3.5 -9 -15
0.000171021 -3.5 -9 -15.5
0.00034814 -3.5 -9 -16
0.000179958 -4 -8.5 -15.5
2.35238e-05 -3 -9.5 -17
0.000518193 -3.5 -9 -16.5
0.000356031 -4 -8.5 -16
2.57368e-05 -3 -9.5 -17.5
0.000560104 -3.5 -9 -17
0.000478088 -3.5 -9 -17.5
0.000486631 -4 -8.5 -17
0.000295844 -3.5 -9 -18
0.000383178 -4 -8.5 -17.5
0.00012042 -3.5 -9 -18.5
3.32584e-05 -3.5 -9 -19
8.38465e-05 -4 -8.5 -18.5
2.05882e-05 -7 -15 -10.5
3.57733e-05 -6.5 -14.5 -11
3.18603e-05 -6 -14 -11.5
2.31063e-05 -7.5 -15.5 -10.5
3.59153e-05 -7 -15 -11
4.98165e-05 -6.5 -14.5 -11.5
5.76086e-05 -6 -14 -12
2.40374e-05 -7.5 -15.5 -11
3.77957e-05 -7 -15 -11.5
5.43844e-05 -6.5 -14.5 -12
6.80871e-05 -6 -14 -12.5
2.1905e-05 -7.5 -15.5 -11.5
3.40307e-05 -7 -15 -12
5.14039e-05 -6.5 -14.5 -12.5
7.06477e-05 -6 -14 -13
3.47088e-05 -5 -13 -13.5
2.67864e-05 -7 -15 -12.5
2.1815e-05 -4.5 -12.5 -14.5
4.38018e-05 -6.5 -14.5 -13
6.48421e-05 -5.5 -13.5 -14
2.09064e-05 -7 -15 -13
3.25641e-05 -6.5 -14.5 -13.5
2.06429e-05 -4.5 -12.5 -15
4.58522e-05 -6 -14 -14
2.19718e-05 -6.5 -14.5 -14
2.96024e-05 -6 -14 -14.5
2.01992e-05 -5 -13 -15.5
2.9499e-05 -5.5 -13.5 -15
3.42576e-05 -5 -13 -15
4.88022e-05 -5.5 -13.5 -14.5
4.47573e-05 -5 -13 -14.5
6.0148e-05 -6 -14 -13.5
4.258e-05 -5 -13 -14
6.88076e-05 -5.5 -13.5 -13.5
6.29873e-05 -5.5 -13.5 -13
4.5747e-05 -5.5 -13.5 -12.5
0.000220813 -4 -8.5 -18
0.000492762 -4 -8.5 -16.5
5.24378e-05 -4 -8.5 -15
3.70405e-05 -3 -9 -16
0.00019515 -3.5 -8.5 -15.5
7.40722e-05 -3 -9 -16.5
0.000417475 -3.5 -8.5 -16
0.000102082 -3 -9 -17
0.000639087 -3.5 -8.5 -16.5
0.000117098 -3 -9 -17.5
0.000723757 -3.5 -8.5 -17
0.000100348 -3 -9 -18
5.2699e-05 -3 -9 -18.5
0.000458077 -3.5 -8.5 -18
0.000241073 -4 -8 -17.5
0.000218418 -3.5 -8.5 -18.5
5.95248e-05 -4 -8 -18.5
2.26195e-05 -7 -15.5 -10.5
2.76207e-05 -6.5 -15 -11
2.7864e-05 -7 -15.5 -11
3.33312e-05 -6.5 -15 -11.5
2.60731e-05 -7 -15.5 -11.5
3.27314e-05 -6.5 -15 -12
2.36581e-05 -5.5 -14 -12.5
2.01224e-05 -7 -15.5 -12
2.68038e-05 -6.5 -15 -12.5
2.20116e-05 -6 -14.5 -13.5
2.37698e-05 -5.5 -14 -13.5
2.98733e-05 -6 -14.5 -13
2.61859e-05 -5.5 -14 -13
3.22421e-05 -6 -14.5 -12.5
2.98591e-05 -6 -14.5 -12
6.38455e-05 -3.5 -8.5 -19
0.000151045 -4 -8 -18
0.000653016 -3.5 -8.5 -17.5
0.000287641 -4 -8 -17
0.000288078 -4 -8 -16.5
0.000203726 -4 -8 -16
8.64034e-05 -4 -8 -15.5
4.70216e-05 -3.5 -8.5 -15
2.49738e-05 -3 -8.5 -15.5
9.3299e-05 -3 -8.5 -16
0.000137711 -3.5 -8 -15.5
0.000212044 -3 -8.5 -16.5
0.000388986 -3.5 -8 -16
0.000301536 -3 -8.5 -17
0.000105798 -4 -7.5 -16.5
0.000348129 -3 -8.5 -17.5
0.000302179 -3 -8.5 -18
0.000188713 -3 -8.5 -18.5
0.000552887 -3.5 -8 -18
2.39848e-05 -4 -7.5 -18.5
7.11744e-05 -3 -8.5 -19
0.0001052 -3.5 -8 -19
0.000309144 -3.5 -8 -18.5
5.11731e-05 -4 -7.5 -18
7.99352e-05 -4 -7.5 -17.5
0.000702506 -3.5 -8 -17.5
9.99443e-05 -4 -7.5 -17
0.000771475 -3.5 -8 -17
0.000648935 -3.5 -8 -16.5
6.46954e-05 -4 -7.5 -16
3.66865e-05 -3 -8 -15.5
0.000181124 -3 -8 -16
5.61137e-05 -3.5 -7.5 -15.5
0.000406483 -3 -8 -16.5
0.000230716 -3.5 -7.5 -16
0.000585384 -3 -8 -17
0.000479065 -3.5 -7.5 -16.5
0.000668633 -3 -8 -17.5
2.03251e-05 -2.5 -8.5 -18.5
0.000610587 -3 -8 -18
0.00038743 -3 -8 -18.5
0.000163166 -3 -8 -19
4.03732e-05 -3 -8 -19.5
0.000123818 -3.5 -7.5 -19
0.000335737 -3.5 -7.5 -18.5
0.000568767 -3.5 -7.5 -18
0.000685475 -3.5 -7.5 -17.5
0.000650623 -3.5 -7.5 -17
4.64584e-05 -3 -7.5 -15.5
2.4606e-05 -2.5 -8 -16.5
0.0002177 -3 -7.5 -16
4.99763e-05 -2.5 -8 -17
0.000531852 -3 -7.5 -16.5
7.42378e-05 -2.5 -8 -17.5
0.000819541 -3 -7.5 -17
8.42236e-05 -2.5 -8 -18
0.000931739 -3 -7.5 -17.5
7.84991e-05 -2.5 -8 -18.5
0.000367161 -3.5 -7 -18
5.12104e-05 -2.5 -8 -19
3.23738e-05 -2.5 -8 -19.5
0.000295137 -3 -7.5 -19
7.59442e-05 -3 -7.5 -19.5
9.66691e-05 -3.5 -7 -19
0.000242243 -3.5 -7 -18.5
0.000618301 -3 -7.5 -18.5
0.000888238 -3 -7.5 -18
0.000420759 -3.5 -7 -17.5
0.000414714 -3.5 -7 -17
0.000287818 -3.5 -7 -16.5
0.000110542 -3.5 -7 -16
2.30998e-05 -2.5 -7.5 -16
7.70183e-05 -2.5 -7.5 -16.5
0.000190233 -3 -7 -16
0.000178795 -2.5 -7.5 -17
0.000536699 -3 -7 -16.5
0.00027334 -2.5 -7.5 -17.5
0.000322122 -2.5 -7.5 -18
0.00102107 -3 -7 -17.5
0.000313087 -2.5 -7.5 -18.5
0.00020658 -2.5 -7.5 -19
8.47497e-05 -2.5 -7.5 -19.5
0.000402203 -3 -7 -19
0.000113857 -3 -7 -19.5
4.15123e-05 -3.5 -6.5 -19
8.66488e-05 -3.5 -6.5 -18.5
0.000763974 -3 -7 -18.5
0.000135806 -3.5 -6.5 -18
0.000994714 -3 -7 -18
0.000168963 -3.5 -6.5 -17.5
0.000169806 -3.5 -6.5 -17
0.000866949 -3 -7 -17
9.67074e-05 -3.5 -6.5 -16.5
2.48947e-05 -3.5 -6.5 -16
2.6036e-05 -3 -7 -15.5
4.11225e-05 -2.5 -7 -16
0.000175887 -2.5 -7 -16.5
8.5107e-05 -3 -6.5 -16
0.000450787 -2.5 -7 -17
0.000687821 -2.5 -7 -17.5
0.000748842 -2.5 -7 -18
0.00070976 -2.5 -7 -18.5
0.000458127 -2.5 -7 -19
0.00017521 -2.5 -7 -19.5
2.80611e-05 -2.5 -7 -20
0.000133232 -3 -6.5 -19.5
0.000441022 -3 -6.5 -19
0.000799508 -3 -6.5 -18.5
0.000971699 -3 -6.5 -18
0.000959644 -3 -6.5 -17.5
0.000689471 -3 -6.5 -17
0.000354834 -3 -6.5 -16.5
5.78586e-05 -2.5 -6.5 -16
0.00027517 -2.5 -6.5 -16.5
0.000719257 -2.5 -6.5 -17
3.24937e-05 -2 -7 -18
0.00111504 -2.5 -6.5 -17.5
4.86775e-05 -2 -7 -18.5
6.12558e-05 -2 -7 -19
0.00112846 -2.5 -6.5 -18.5
4.88816e-05 -2 -7 -19.5
0.000744915 -2.5 -6.5 -19
2.13464e-05 -2 -7 -20
5.23611e-05 -2.5 -6.5 -20
0.000115858 -3 -6 -19.5
0.000300849 -2.5 -6.5 -19.5
0.000324485 -3 -6 -19
0.000545371 -3 -6 -18.5
0.000638379 -3 -6 -18
0.00121899 -2.5 -6.5 -18
0.000637505 -3 -6 -17.5
0.00044603 -3 -6 -17
0.000176664 -3 -6 -16.5
3.07455e-05 -3 -6 -16
5.30531e-05 -2.5 -6 -16
6.67501e-05 -2 -6.5 -17
0.000299294 -2.5 -6 -16.5
0.00014676 -2 -6.5 -17.5
0.000242857 -2 -6.5 -18
0.000271739 -2 -6.5 -18.5
0.000256815 -2 -6.5 -19
0.000167686 -2 -6.5 -19.5
0.000943294 -2.5 -6 -19
6.12389e-05 -2 -6.5 -20
7.75735e-05 -2.5 -6 -20
5.37388e-05 -3 -5.5 -19.5
0.000410756 -2.5 -6 -19.5
0.000130887 -3 -5.5 -19
0.000237889 -3 -5.5 -18.5
0.00129774 -2.5 -6 -18.5
0.000283049 -3 -5.5 -18
0.00137577 -2.5 -6 -18
0.000284872 -3 -5.5 -17.5
0.00125824 -2.5 -6 -17.5
0.000178148 -3 -5.5 -17
0.000794644 -2.5 -6 -17
5.28065e-05 -3 -5.5 -16.5
5.30998e-05 -2 -6 -16.5
0.000213541 -2 -6 -17
0.000468468 -2 -6 -17.5
0.000739748 -2 -6 -18
0.000780651 -2 -6 -18.5
0.000678762 -2 -6 -19
0.000402645 -2 -6 -19.5
0.000979171 -2.5 -5.5 -19
0.000121343 -2 -6 -20
2.06614e-05 -2 -6 -20.5
9.619e-05 -2.5 -5.5 -20
0.000465883 -2.5 -5.5 -19.5
2.9692e-05 -3 -5 -18.5
0.00128183 -2.5 -5.5 -18.5
3.54476e-05 -3 -5 -18
0.00131577 -2.5 -5.5 -18
3.93198e-05 -3 -5 -17.5
0.00121682 -2.5 -5.5 -17.5
2.44588e-05 -3 -5 -17
0.000671964 -2.5 -5.5 -17
0.000184493 -2.5 -5.5 -16.5
2.10255e-05 -2.5 -5.5 -16
0.000106166 -2 -5.5 -16.5
0.00043718 -2 -5.5 -17
0.000940216 -2 -5.5 -17.5
0.00137622 -2 -5.5 -18
0.00141594 -2 -5.5 -18.5
0.000902196 -2.5 -5 -18
2.36331e-05 -1.5 -6 -20
0.000706834 -2 -5.5 -19.5
3.80196e-05 -2 -5.5 -20.5
9.90686e-05 -2.5 -5 -20
0.000220078 -2 -5.5 -20
0.000376495 -2.5 -5 -19.5
0.00071073 -2.5 -5 -19
0.00121858 -2 -5.5 -19
0.000881049 -2.5 -5 -18.5
0.00072869 -2.5 -5 -17.5
0.000362646 -2.5 -5 -17
8.30572e-05 -2.5 -5 -16.5
2.15603e-05 -1.5 -5.5 -17.5
0.000533797 -2 -5 -17
6.93122e-05 -1.5 -5.5 -18
0.000118961 -1.5 -5.5 -18.5
0.000150964 -1.5 -5.5 -19
0.000142854 -1.5 -5.5 -19.5
0.000100829 -1.5 -5.5 -20
3.89592e-05 -1.5 -5.5 -20.5
5.50362e-05 -2.5 -4.5 -20
5.69996e-05 -2 -5 -20.5
0.000338917 -2 -5 -20
0.000187649 -2.5 -4.5 -19.5
0.000960223 -2 -5 -19.5
0.000336159 -2.5 -4.5 -19
0.00155709 -2 -5 -19
0.000397145 -2.5 -4.5 -18.5
0.00175826 -2 -5 -18.5
0.000403938 -2.5 -4.5 -18
0.00170143 -2 -5 -18
0.000310115 -2.5 -4.5 -17.5
0.00117934 -2 -5 -17.5
0.000140309 -2.5 -4.5 -17
2.68713e-05 -2.5 -4.5 -16.5
0.000125296 -2 -5 -16.5
6.00718e-05 -1.5 -5 -17
0.000209789 -1.5 -5 -17.5
0.00039873 -1.5 -5 -18
0.000538421 -1.5 -5 -18.5
0.000568284 -1.5 -5 -19
0.000292702 -1.5 -5 -20
0.00104348 -2 -4.5 -19.5
5.41645e-05 -2.5 -4 -19
8.15412e-05 -1.5 -5 -20.5
0.000410012 -2 -4.5 -20
6.70519e-05 -2 -4.5 -20.5
3.62147e-05 -2.5 -4 -19.5
0.0004968 -1.5 -5 -19.5
0.00162662 -2 -4.5 -19
6.45951e-05 -2.5 -4 -18.5
0.00180623 -2 -4.5 -18.5
6.69124e-05 -2.5 -4 -18
0.00172748 -2 -4.5 -18
4.82419e-05 -2.5 -4 -17.5
0.0011556 -2 -4.5 -17.5
0.00045943 -2 -4.5 -17
8.38735e-05 -2 -4.5 -16.5
2.74761e-05 -1.5 -4.5 -16.5
0.000168264 -1.5 -4.5 -17
0.000563212 -1.5 -4.5 -17.5
0.00106893 -1.5 -4.5 -18
0.00135567 -1.5 -4.5 -18.5
0.00136985 -1.5 -4.5 -19
0.000400867 -2 -4 -20
5.92288e-05 -2 -4 -20.5
0.000148923 -1.5 -4.5 -20.5
0.000594971 -1.5 -4.5 -20
0.000918444 -2 -4 -19.5
0.00113774 -1.5 -4.5 -19.5
0.00122533 -2 -4 -19
0.00128512 -2 -4 -18.5
0.00118659 -2 -4 -18
0.000688838 -2 -4 -17.5
0.000212711 -2 -4 -17
3.37681e-05 -2 -4 -16.5
4.90924e-05 -1.5 -4 -16.5
0.0018019 -1.5 -4 -18
0.000659795 -2 -3.5 -18.5
0.000435657 -2 -3.5 -19.5
3.42801e-05 -1 -4.5 -20
5.48325e-05 -1 -4.5 -20.5
2.99105e-05 -1 -4.5 -21
3.90471e-05 -2 -3.5 -20.5
0.000203887 -1.5 -4 -20.5
0.000203298 -2 -3.5 -20
0.000925684 -1.5 -4 -20
0.001787 -1.5 -4 -19.5
0.000611763 -2 -3.5 -19
0.00219289 -1.5 -4 -19
0.00221599 -1.5 -4 -18.5
0.000614472 -2 -3.5 -18
0.000348779 -2 -3.5 -17.5
0.000962881 -1.5 -4 -17.5
9.88985e-05 -2 -3.5 -17
0.000290364 -1.5 -4 -17
3.18683e-05 -1 -4 -18
0.000154097 -1 -4 -18.5
0.000135567 -2 -3 -18.5
0.00027687 -1 -4 -19
0.000364494 -1 -4 -19.5
9.04372e-05 -2 -3 -19.5
0.00032755 -1 -4 -20
0.000185972 -1 -4 -20.5
3.88173e-05 -1 -4 -21
2.01441e-05 -1.5 -3.5 -21
0.000215475 -1.5 -3.5 -20.5
4.59466e-05 -2 -3 -20
0.00104518 -1.5 -3.5 -20
0.00207291 -1.5 -3.5 -19.5
0.000122505 -2 -3 -19
0.00258277 -1.5 -3.5 -19
0.00263117 -1.5 -3.5 -18.5
0.000141225 -2 -3 -18
0.0021141 -1.5 -3.5 -18
8.75792e-05 -2 -3 -17.5
0.00109634 -1.5 -3.5 -17.5
2.14523e-05 -2 -3 -17
0.000317199 -1.5 -3.5 -17
5.17257e-05 -1.5 -3.5 -16.5
6.48127e-05 -1 -3.5 -17
0.000291358 -1 -3.5 -17.5
0.000781708 -1 -3.5 -18
0.00132073 -1 -3.5 -18.5
0.00137547 -1 -3.5 -19.5
0.000309332 -1 -3.5 -20.5
2.51192e-05 -1 -3.5 -21
2.18586e-05 -1.5 -3 -21
0.000163213 -1.5 -3 -20.5
0.000865439 -1.5 -3 -20
0.000911517 -1 -3.5 -20
0.00168779 -1.5 -3 -19.5
0.00206739 -1.5 -3 -19
0.00148676 -1 -3.5 -19
0.00211464 -1.5 -3 -18.5
0.00174999 -1.5 -3 -18
0.000877394 -1.5 -3 -17.5
0.000216984 -1.5 -3 -17
3.15709e-05 -1.5 -3 -16.5
3.1522e-05 -1 -3 -16.5
0.000195557 -1 -3 -17
0.000877247 -1 -3 -17.5
9.92854e-05 -1.5 -2.5 -20.5
2.15659e-05 -1 -3 -21.5
2.85137e-05 -1 -3 -21
0.000372701 -1 -3 -20.5
0.00041567 -1.5 -2.5 -20
0.00143061 -1 -3 -20
0.000757575 -1.5 -2.5 -19.5
0.00246552 -1 -3 -19.5
0.000929506 -1.5 -2.5 -19
0.0028538 -1 -3 -19
0.00095516 -1.5 -2.5 -18.5
0.00283618 -1 -3 -18.5
0.000754945 -1.5 -2.5 -18
0.00203948 -1 -3 -18
0.000328174 -1.5 -2.5 -17.5
7.02028e-05 -1.5 -2.5 -17
3.68591e-05 -1 -2.5 -16.5
0.000219374 -1.5 -2 -19
2.27116e-05 -1.5 -2 -20.5
4.90775e-05 -1 -2.5 -21
0.000484724 -1 -2.5 -20.5
0.000107205 -1.5 -2 -20
0.00159347 -1 -2.5 -20
0.000182203 -1.5 -2 -19.5
0.00276858 -1 -2.5 -19.5
0.0032484 -1 -2.5 -19
0.000223954 -1.5 -2 -18.5
0.00326672 -1 -2.5 -18.5
0.00017045 -1.5 -2 -18
0.00247304 -1 -2.5 -18
7.2376e-05 -1.5 -2 -17.5
0.00109591 -1 -2.5 -17.5
0.000243498 -1 -2.5 -17
5.67725e-05 -0.5 -2.5 -20
0.000124015 -0.5 -2.5 -20.5
3.17751e-05 -0.5 -2.5 -21.5
5.81566e-05 -1 -2 -21
0.000100517 -0.5 -2.5 -21
0.000535146 -1 -2 -20.5
0.00159275 -1 -2 -20
0.00261106 -1 -2 -19.5
0.00289683 -1 -2 -19
0.00285174 -1 -2 -18.5
0.002017 -1 -2 -18
0.000845543 -1 -2 -17.5
0.000173519 -1 -2 -17
2.375e-05 -1 -2 -16.5
0.000102538 -0.5 -2 -17.5
0.00037338 -0.5 -2 -18
0.000822132 -0.5 -2 -18.5
0.00126303 -0.5 -2 -19
3.79735e-05 -1 -1.5 -21
0.000278795 -0.5 -2 -21
0.000306112 -1 -1.5 -20.5
0.000854004 -0.5 -2 -20.5
0.000738049 -1 -1.5 -20
0.00132065 -0.5 -2 -20
0.00107234 -1 -1.5 -19.5
0.00144012 -0.5 -2 -19.5
0.00116225 -1 -1.5 -19
0.00112393 -1 -1.5 -18.5
0.000722912 -1 -1.5 -18
0.000258894 -1 -1.5 -17.5
4.65381e-05 -1 -1.5 -17
0.000269609 -0.5 -1.5 -21
5.99707e-05 -1 -1 -20.5
0.00172816 -0.5 -1.5 -20.5
0.000146464 -1 -1 -20
0.00379477 -0.5 -1.5 -20
0.000211601 -1 -1 -19.5
0.00507249 -0.5 -1.5 -19.5
0.000228326 -1 -1 -19
0.00528908 -0.5 -1.5 -19
0.000219735 -1 -1 -18.5
0.00468031 -0.5 -1.5 -18.5
0.000141092 -1 -1 -18
0.00278417 -0.5 -1.5 -18
5.19632e-05 -1 -1 -17.5
0.00104725 -0.5 -1.5 -17.5
0.000221841 -0.5 -1.5 -17
3.48412e-05 -0.5 -1.5 -16.5
0.000174694 -0.5 -1 -21
0.00190764 -0.5 -1 -20.5
0.00478894 -0.5 -1 -20
0.00685616 -0.5 -1 -19.5
0.00730055 -0.5 -1 -19
0.00691398 -0.5 -1 -18.5
0.0044064 -0.5 -1 -18
0.00170434 -0.5 -1 -17.5
0.000358072 -0.5 -1 -17
5.50694e-05 -0.5 -1 -16.5
4.53431e-05 -0.5 -0.5 -21
0.000905424 -0.5 -0.5 -20.5
0.00286463 -0.5 -0.5 -20
0.00456764 -0.5 -0.5 -19.5
0.00508255 -0.5 -0.5 -19
0.00502417 -0.5 -0.5 -18.5
0.00344062 -0.5 -0.5 -18
0.00129292 -0.5 -0.5 -17.5
0.000245615 -0.5 -0.5 -17
3.49036e-05 -0.5 -0.5 -16.5
0.000137601 -0.5 0 -20.5
0.000386594 -0.5 0 -20
0.000586675 -0.5 0 -19.5
0.000639654 -0.5 0 -19
0.000622298 -0.5 0 -18.5
0.000385241 -0.5 0 -18
0.000115094 -0.5 0 -17.5
2.40433e-05 -0.5 0.5 -19
0.000221137 0 0 -21
0.00116025 0 0 -20.5
0.00235731 0 0 -20
2.33745e-05 -0.5 0.5 -19.5
0.00308602 0 0 -19.5
0.00321141 0 0 -19
0.00293614 0 0 -18.5
0.00179642 0 0 -18
0.000677824 0 0 -17.5
0.000141338 0 0 -17
2.20885e-05 0 0 -16.5
0.000327392 0 0.5 -21
0.00237309 0 0.5 -20.5
0.00533876 0 0.5 -20
0.00734562 0 0.5 -19.5
0.00774756 0 0.5 -19
0.00733012 0 0.5 -18.5
0.00473401 0 0.5 -18
0.00186562 0 0.5 -17.5
0.0003934 0 0.5 -17
6.12572e-05 0 0.5 -16.5
0.000111197 0 1 -21
3.02923e-05 0.5 0.5 -21
0.00121301 0 1 -20.5
0.000152295 0.5 0.5 -20.5
0.00311142 0 1 -20
0.000325073 0.5 0.5 -20
0.00455907 0 1 -19.5
0.000442207 0.5 0.5 -19.5
0.00489482 0 1 -19
0.000467085 0.5 0.5 -19
0.00473022 0 1 -18.5
0.000439037 0.5 0.5 -18.5
0.00316909 0 1 -18
0.000280573 0.5 0.5 -18
0.00126257 0 1 -17.5
0.000113622 0.5 0.5 -17.5
0.000261086 0 1 -17
2.43228e-05 0.5 0.5 -17
3.85516e-05 0 1 -16.5
8.17255e-05 0.5 1 -21
0.000191974 0 1.5 -20.5
0.000647284 0.5 1 -20.5
0.000473718 0 1.5 -20
0.00149642 0.5 1 -20
0.000656614 0 1.5 -19.5
0.00214152 0.5 1 -19.5
0.000688633 0 1.5 -19
0.00230279 0.5 1 -19
0.00063248 0 1.5 -18.5
0.00223924 0.5 1 -18.5
0.000365629 0 1.5 -18
0.00151225 0.5 1 -18
0.000111848 0 1.5 -17.5
0.000613986 0.5 1 -17.5
0.000132994 0.5 1 -17
2.08977e-05 0.5 1 -16.5
2.50466e-05 1 1 -18.5
2.80325e-05 1 1 -19
2.13002e-05 0 2 -19
2.65234e-05 1 1 -19.5
2.15808e-05 0 2 -19.5
6.09004e-05 0.5 1.5 -21
0.000934923 0.5 1.5 -20.5
0.0026661 0.5 1.5 -20
0.00413475 0.5 1.5 -19.5
0.00456709 0.5 1.5 -19
0.0045233 0.5 1.5 -18.5
0.00324436 0.5 1.5 -18
0.00136152 0.5 1.5 -17.5
0.000280649 0.5 1.5 -17
4.16569e-05 0.5 1.5 -16.5
0.000154291 1 1.5 -17.5
3.98726e-05 0.5 2 -21
0.000742683 0.5 2 -20.5
0.000126371 1 1.5 -20.5
0.00228726 0.5 2 -20
0.000310686 1 1.5 -20
0.00364858 0.5 2 -19.5
0.000463573 1 1.5 -19.5
0.00407733 0.5 2 -19
0.00050661 1 1.5 -19
0.00406837 0.5 2 -18.5
0.000499465 1 1.5 -18.5
0.00308818 0.5 2 -18
0.000351108 1 1.5 -18
0.00143348 0.5 2 -17.5
0.000385882 0.5 2 -17
3.49874e-05 1 1.5 -17
6.0659e-05 0.5 2 -16.5
0.00140846 1 2 -18
0.00150278 1 2 -19.5
2.39727e-05 0.5 2.5 -21
2.43702e-05 1 2 -21
0.000424975 0.5 2.5 -20.5
0.000332846 1 2 -20.5
0.0014178 0.5 2.5 -20
0.000943664 1 2 -20
0.0023814 0.5 2.5 -19.5
0.00280096 0.5 2.5 -19
0.0017426 1 2 -19
0.00281991 0.5 2.5 -18.5
0.00177012 1 2 -18.5
0.00214179 0.5 2.5 -18
0.00101912 0.5 2.5 -17.5
0.000671174 1 2 -17.5
0.000268346 0.5 2.5 -17
0.000170645 1 2 -17
4.15954e-05 0.5 2.5 -16.5
2.7213e-05 1 2 -16.5
0.000437944 1 2.5 -17
2.98169e-05 1.5 2 -18
3.80688e-05 1.5 2 -18.5
3.73497e-05 1.5 2 -19
0.0031582 1 2.5 -18.5
3.13683e-05 1.5 2 -19.5
2.01129e-05 1.5 2 -20
0.00155163 1 2.5 -20
0.000374787 1 2.5 -20.5
2.70268e-05 1 2.5 -21
0.000166047 0.5 3 -20.5
0.000484531 0.5 3 -20
0.000756108 0.5 3 -19.5
0.00277632 1 2.5 -19.5
0.000842628 0.5 3 -19
0.0031351 1 2.5 -19
0.000832053 0.5 3 -18.5
0.000606919 0.5 3 -18
0.00274195 1 2.5 -18
0.000284228 0.5 3 -17.5
0.00150274 1 2.5 -17.5
7.0753e-05 0.5 3 -17
6.68571e-05 1 2.5 -16.5
6.38846e-05 1.5 2.5 -17
0.000206745 1.5 2.5 -17.5
0.000375013 1.5 2.5 -18
0.000435685 1.5 2.5 -18.5
0.00043154 1.5 2.5 -19
0.000377281 1.5 2.5 -19.5
0.000220742 1.5 2.5 -20
5.94444e-05 1.5 2.5 -20.5
4.00179e-05 0.5 3.5 -20.5
0.000309608 1 3 -20.5
6.21728e-05 0.5 3.5 -20
0.00148021 1 3 -20
6.62762e-05 0.5 3.5 -19.5
0.00287355 1 3 -19.5
4.95141e-05 0.5 3.5 -19
0.00371823 1 3 -19
2.21964e-05 0.5 3.5 -18.5
0.00384492 1 3 -18.5
0.00348017 1 3 -18
0.0020874 1 3 -17.5
0.000736627 1 3 -17
0.000136999 1 3 -16.5
6.12366e-05 1.5 3 -16.5
0.000880923 1.5 3 -17.5
0.00150406 1.5 3 -18.5
0.00142998 1.5 3 -19
0.00109309 1.5 3 -19.5
0.000564076 1.5 3 -20
0.000119296 1.5 3 -20.5
0.00018137 1 3.5 -20.5
0.00105717 1 3.5 -20
0.00227736 1 3.5 -19.5
0.00304896 1 3.5 -19
0.00317978 1 3.5 -18.5
0.00295805 1 3.5 -18
0.00142194 1.5 3 -18
0.00186803 1 3.5 -17.5
0.000705726 1 3.5 -17
0.000319977 1.5 3 -17
0.000139909 1 3.5 -16.5
2.58189e-05 2 3 -18
2.80857e-05 2 3 -18.5
0.00253583 1.5 3.5 -18
2.64227e-05 2 3 -19
2.10412e-05 2 3 -19.5
0.00187728 1.5 3.5 -19.5
0.000109612 1.5 3.5 -20.5
7.87055e-05 1 4 -20.5
0.000505789 1 4 -20
0.000805872 1.5 3.5 -20
0.00115397 1 4 -19.5
0.00157565 1 4 -19
0.00250527 1.5 3.5 -19
0.00163981 1 4 -18.5
0.00262286 1.5 3.5 -18.5
0.00152784 1 4 -18
0.00093966 1 4 -17.5
0.00168003 1.5 3.5 -17.5
0.000372977 1 4 -17
0.000646475 1.5 3.5 -17
7.65183e-05 1 4 -16.5
0.000126924 1.5 3.5 -16.5
9.4038e-05 2 3.5 -17
0.00030802 1.5 4 -16.5
0.000221415 2 3.5 -17.5
0.00130529 1.5 4 -17
0.000295144 2 3.5 -18
0.000293183 2 3.5 -18.5
0.000282724 2 3.5 -19
0.00342881 1.5 4 -18.5
0.000213354 2 3.5 -19.5
0.00304278 1.5 4 -19
9.57358e-05 2 3.5 -20
3.45186e-05 1 4.5 -20.5
7.32766e-05 1.5 4 -20.5
0.000163074 1 4.5 -20
0.000727511 1.5 4 -20
0.000339281 1 4.5 -19.5
0.00192249 1.5 4 -19.5
0.00045753 1 4.5 -19
0.000474488 1 4.5 -18.5
0.00042235 1 4.5 -18
0.00342561 1.5 4 -18
0.000266641 1 4.5 -17.5
0.00265478 1.5 4 -17.5
0.000108068 1 4.5 -17
2.16119e-05 1 4.5 -16.5
2.02432e-05 2 3.5 -16.5
4.24925e-05 1.5 4 -16
0.000128412 2 4 -16.5
0.000496897 2 4 -17
0.000977368 2 4 -17.5
0.0011679 2 4 -18
0.00253872 1.5 4.5 -17.5
0.00114358 2 4 -18.5
0.000992628 2 4 -19
0.000641469 2 4 -19.5
0.000240612 2 4 -20
0.00160677 1.5 4.5 -19.5
2.26065e-05 2 4 -20.5
4.08428e-05 1.5 4.5 -20.5
2.75259e-05 1 5 -20
0.000492881 1.5 4.5 -20
3.47017e-05 1 5 -19.5
3.26738e-05 1 5 -19
0.00269991 1.5 4.5 -19
2.05856e-05 1 5 -18.5
0.00312943 1.5 4.5 -18.5
0.00314617 1.5 4.5 -18
0.00135769 1.5 4.5 -17
0.000453689 1.5 4.5 -16.5
7.76698e-05 1.5 4.5 -16
5.76717e-05 2 4.5 -16
0.0019658 2 4.5 -17.5
0.00216589 2 4.5 -18.5
0.00187861 2 4.5 -19
0.00102933 2 4.5 -19.5
2.17377e-05 1.5 5 -20.5
0.000245831 1.5 5 -20
0.00025686 2 4.5 -20
0.000946209 1.5 5 -19.5
0.00167978 1.5 5 -19
0.00196839 1.5 5 -18.5
0.00198609 1.5 5 -18
0.00219939 2 4.5 -18
0.0017021 1.5 5 -17.5
0.000990787 1.5 5 -17
0.00110625 2 4.5 -17
0.00034657 1.5 5 -16.5
0.000354143 2 4.5 -16.5
6.23483e-05 1.5 5 -16
4.82207e-05 2.5 4.5 -16.5
0.000134692 2.5 4.5 -17
0.000191384 2.5 4.5 -17.5
0.000195214 2.5 4.5 -18
0.000186109 2.5 4.5 -18.5
0.00306238 2 5 -18
0.00015495 2.5 4.5 -19
9.43982e-05 2.5 4.5 -19.5
0.00199824 2 5 -19
2.93141e-05 2.5 4.5 -20
0.000100352 1.5 5.5 -20
0.000197309 2 5 -20
0.000383134 1.5 5.5 -19.5
0.000955397 2 5 -19.5
0.000698117 1.5 5.5 -19
0.000801131 1.5 5.5 -18.5
0.00287284 2 5 -18.5
0.000758367 1.5 5.5 -18
0.00064992 1.5 5.5 -17.5
0.00296179 2 5 -17.5
0.000404356 1.5 5.5 -17
0.00204692 2 5 -17
0.00015515 1.5 5.5 -16.5
0.000816224 2 5 -16.5
2.94678e-05 1.5 5.5 -16
0.000154194 2 5 -16
6.00616e-05 2.5 5 -16
0.000316001 2.5 5 -16.5
0.000347688 2 5.5 -16
0.000716279 2.5 5 -17
0.000920961 2.5 5 -17.5
0.00216309 2 5.5 -17
0.000909916 2.5 5 -18
0.000822812 2.5 5 -18.5
0.000588888 2.5 5 -19
0.00269783 2 5.5 -18.5
0.00028428 2.5 5 -19.5
4.71368e-05 2.5 5 -20
0.000723176 2 5.5 -19.5
3.04389e-05 1.5 6 -20
0.000105217 2 5.5 -20
0.000100689 1.5 6 -19.5
0.000165637 1.5 6 -19
0.001784 2 5.5 -19
0.000184602 1.5 6 -18.5
0.000179926 1.5 6 -18
0.00294735 2 5.5 -18
0.000137405 1.5 6 -17.5
0.00288705 2 5.5 -17.5
8.75048e-05 1.5 6 -17
3.79533e-05 1.5 6 -16.5
0.00114844 2 5.5 -16.5
5.54897e-05 2 5.5 -15.5
0.000249002 2.5 5.5 -16
0.00084596 2.5 5.5 -16.5
0.00154835 2.5 5.5 -17
0.00184715 2.5 5.5 -18
0.00168002 2.5 5.5 -18.5
0.00226907 2 6 -18
0.000344598 2.5 5.5 -19.5
0.00119366 2 6 -19
3.76131e-05 2.5 5.5 -20
4.60154e-05 2 6 -20
0.000406944 2 6 -19.5
0.00101979 2.5 5.5 -19
0.00198713 2 6 -18.5
0.00216837 2 6 -17.5
0.00184694 2.5 5.5 -17.5
0.00168742 2 6 -17
0.000947964 2 6 -16.5
0.000323572 2 6 -16
5.61554e-05 2 6 -15.5
3.42701e-05 2.5 5.5 -15.5
3.35113e-05 3 5.5 -16
9.59613e-05 3 5.5 -16.5
0.000146115 3 5.5 -17
0.00159339 2.5 6 -16.5
0.000145818 3 5.5 -17.5
0.000137945 3 5.5 -18
0.00262027 2.5 6 -17.5
0.000116421 3 5.5 -18.5
7.34572e-05 3 5.5 -19
2.69255e-05 3 5.5 -19.5
0.00100435 2.5 6 -19
2.40631e-05 2.5 6 -20
2.05131e-05 2 6.5 -20
0.000163796 2 6.5 -19.5
0.000294275 2.5 6 -19.5
0.000550898 2 6.5 -19
0.000993333 2 6.5 -18.5
0.00183579 2.5 6 -18.5
0.00115736 2 6.5 -18
0.00243813 2.5 6 -18
0.00108733 2 6.5 -17.5
0.000834756 2 6.5 -17
0.00248336 2.5 6 -17
0.000487991 2 6.5 -16.5
0.000188664 2 6.5 -16
0.000611541 2.5 6 -16
3.71656e-05 2 6.5 -15.5
0.000110593 2.5 6 -15.5
4.46659e-05 3 6 -15.5
0.000237794 3 6 -16
0.000556516 3 6 -16.5
0.000755196 3 6 -17
0.000753839 3 6 -17.5
0.00251232 2.5 6.5 -17
0.000345261 2 7 -17.5
0.000473759 3 6 -18.5
0.00022779 3 6 -19
0.000314143 2 7 -18.5
5.21661e-05 3 6 -19.5
4.63559e-05 2 7 -19.5
0.000171273 2.5 6.5 -19.5
0.000174306 2 7 -19
0.000812078 2.5 6.5 -19
0.00169705 2.5 6.5 -18.5
0.000367103 2 7 -18
0.00237336 2.5 6.5 -18
0.00068192 3 6 -18
0.00259878 2.5 6.5 -17.5
0.000259878 2 7 -17
0.000163053 2 7 -16.5
0.00192895 2.5 6.5 -16.5
7.09606e-05 2 7 -16
0.00102832 2.5 6.5 -16
0.000325127 2.5 6.5 -15.5
5.02112e-05 2.5 6.5 -15
3.18233e-05 3 6.5 -15
0.000714727 3 6.5 -16
0.000335689 2.5 7 -15.5
0.00155002 3 6.5 -17
0.00165959 2.5 7 -16.5
0.00152874 3 6.5 -17.5
0.00133001 3 6.5 -18
0.000867738 3 6.5 -18.5
0.000341276 3 6.5 -19
5.1933e-05 3 6.5 -19.5
7.60333e-05 2.5 7 -19.5
2.14228e-05 2 7.5 -19
0.000482059 2.5 7 -19
4.53217e-05 2 7.5 -18.5
0.00122729 2.5 7 -18.5
5.16258e-05 2 7.5 -18
0.00191728 2.5 7 -18
4.27622e-05 2 7.5 -17.5
0.00219778 2.5 7 -17.5
0.0021667 2.5 7 -17
0.00127975 3 6.5 -16.5
0.000925247 2.5 7 -16
0.000225631 3 6.5 -15.5
7.07458e-05 2.5 7 -15
3.44149e-05 3.5 6.5 -15.5
8.37215e-05 3.5 6.5 -16
0.000240681 2.5 7.5 -15.5
0.00058623 3 7 -15.5
0.00011997 3.5 6.5 -16.5
0.000116509 3.5 6.5 -17
0.00200283 3 7 -16.5
0.000104448 3.5 6.5 -17.5
8.43822e-05 3.5 6.5 -18
4.27675e-05 3.5 6.5 -18.5
0.00161186 3 7 -18
0.000304538 3 7 -19
2.27371e-05 2.5 7.5 -19.5
3.48434e-05 3 7 -19.5
0.000205422 2.5 7.5 -19
0.000624628 2.5 7.5 -18.5
0.000890792 3 7 -18.5
0.00104863 2.5 7.5 -18
0.00125813 2.5 7.5 -17.5
0.00205024 3 7 -17.5
0.00124643 2.5 7.5 -17
0.002122 3 7 -17
0.000985164 2.5 7.5 -16.5
0.000565914 2.5 7.5 -16
0.0013617 3 7 -16
5.37534e-05 2.5 7.5 -15
0.000129094 3 7 -15
5.99101e-05 3.5 7 -15
7.41487e-05 3 7.5 -14.5
3.47752e-05 2.5 8 -15
0.000234933 3.5 7 -15.5
0.000481491 3.5 7 -16
0.000623516 3.5 7 -16.5
0.00172587 3 7.5 -16
0.00061293 3.5 7 -17
0.000528372 3.5 7 -17.5
0.00217105 3 7.5 -17
0.000366839 2.5 8 -16.5
0.000479239 2.5 8 -17.5
0.000335784 3.5 7 -18
0.000154501 3.5 7 -18.5
0.00021229 2.5 8 -18.5
4.36684e-05 3.5 7 -19
5.10462e-05 2.5 8 -19
0.000188493 3 7.5 -19
0.000732011 3 7.5 -18.5
0.000388341 2.5 8 -18
0.0014775 3 7.5 -18
0.00202213 3 7.5 -17.5
0.000449244 2.5 8 -17
0.0021208 3 7.5 -16.5
0.000228142 2.5 8 -16
0.000111548 2.5 8 -15.5
0.0010264 3 7.5 -15.5
0.00039825 3 7.5 -15
0.000123712 3 8 -14.5
5.72411e-05 3.5 7.5 -14.5
0.000423392 3 8 -15
3.46604e-05 2.5 8.5 -15.5
0.00110982 3.5 7.5 -16
6.11808e-05 2.5 8.5 -16
8.79026e-05 2.5 8.5 -16.5
0.00121756 3.5 7.5 -17
0.00103634 3.5 7.5 -17.5
0.000661185 3.5 7.5 -18
9.80456e-05 2.5 8.5 -17.5
0.000271178 3.5 7.5 -18.5
4.93237e-05 3.5 7.5 -19
7.91113e-05 3 8 -19
2.22686e-05 2.5 8.5 -18.5
0.000441139 3 8 -18.5
6.71206e-05 2.5 8.5 -18
0.0010654 3 8 -18
0.00166087 3 8 -17.5
0.000105122 2.5 8.5 -17
0.00192647 3 8 -17
0.00190765 3 8 -16.5
0.00125556 3.5 7.5 -16.5
0.00159076 3 8 -16
0.000967278 3 8 -15.5
0.000700292 3.5 7.5 -15.5
0.000288977 3.5 7.5 -15
3.26005e-05 3.5 8 -14
0.000104349 3 8.5 -14.5
4.77827e-05 4 7.5 -15
0.000328961 3 8.5 -15
8.544e-05 4 7.5 -15.5
0.000683832 3.5 8 -15
0.000682921 3 8.5 -15.5
0.000104181 4 7.5 -16
9.51483e-05 4 7.5 -16.5
7.77689e-05 4 7.5 -17
0.00174992 3.5 8 -16.5
4.57542e-05 4 7.5 -17.5
3.53524e-05 3.5 8 -19
0.000180578 3 8.5 -18.5
0.000249801 3.5 8 -18.5
0.000557952 3 8.5 -18
0.000684631 3.5 8 -18
0.000967608 3 8.5 -17.5
0.00125548 3.5 8 -17.5
0.0011831 3 8.5 -17
0.0016477 3.5 8 -17
0.00120166 3 8.5 -16.5
0.00105376 3 8.5 -16
0.00160991 3.5 8 -16
0.00126126 3.5 8 -15.5
0.000228368 3.5 8 -14.5
2.38409e-05 4 8 -14
2.4709e-05 3.5 8.5 -13.5
0.000115505 4 8 -14.5
6.1962e-05 3 9 -14.5
0.00028349 4 8 -15
0.000536138 3.5 8.5 -14.5
0.000452549 4 8 -15.5
0.000158467 3 9 -15
0.000312502 3 9 -15.5
0.000517711 4 8 -16
0.00155353 3.5 8.5 -15.5
0.000472697 4 8 -16.5
0.000451604 3 9 -16
0.000368151 4 8 -17
0.000500688 3 9 -17
9.34813e-05 4 8 -18
2.70639e-05 4 8 -18.5
0.000156921 3.5 8.5 -18.5
0.000183452 3 9 -18
3.54865e-05 3 9 -18.5
0.000546511 3.5 8.5 -18
0.000382186 3 9 -17.5
0.0011074 3.5 8.5 -17.5
0.000213363 4 8 -17.5
0.00160774 3.5 8.5 -17
0.000515157 3 9 -16.5
0.00178567 3.5 8.5 -16.5
0.00178276 3.5 8.5 -16
0.00107272 3.5 8.5 -15
0.000165562 3.5 8.5 -14
4.67126e-05 3.5 9 -13.5
2.20822e-05 4 8.5 -13.5
0.000538475 3.5 9 -14.5
0.000404553 4 8.5 -14.5
2.77062e-05 3 9.5 -14.5
5.7155e-05 3 9.5 -15
0.0014488 3.5 9 -15.5
0.000968697 4 8.5 -15.5
9.30369e-05 3 9.5 -15.5
0.000121058 3 9.5 -16
0.00094537 4 8.5 -16.5
0.000137897 3 9.5 -16.5
0.000754133 4 8.5 -17
0.000446915 4 8.5 -17.5
0.000118881 3 9.5 -17
6.69334e-05 3 9.5 -17.5
0.000179367 4 8.5 -18
5.97071e-05 3.5 9 -18.5
3.49322e-05 4 8.5 -18.5
0.000316675 3.5 9 -18
0.00078024 3.5 9 -17.5
0.00128935 3.5 9 -17
0.00158614 3.5 9 -16.5
0.00162698 3.5 9 -16
0.00102069 4 8.5 -16
0.0010328 3.5 9 -15
0.000739261 4 8.5 -15
0.000211631 3.5 9 -14
0.000138335 4 8.5 -14
4.41931e-05 3.5 9.5 -13.5
3.95019e-05 4.5 8.5 -14
0.000115002 4 9 -13.5
0.00017497 3.5 9.5 -14
9.31556e-05 4.5 8.5 -15
0.001167 4 9 -15
0.000755217 3.5 9.5 -15
7.53784e-05 4.5 8.5 -16
4.86718e-05 4.5 8.5 -16.5
0.00124944 4 9 -16.5
0.00106649 3.5 9.5 -16
0.000388548 3.5 9.5 -17.5
0.000452674 4 9 -17.5
2.25196e-05 4 9 -18.5
0.000114428 3.5 9.5 -18
0.000162141 4 9 -18
0.000756963 3.5 9.5 -17
0.000868931 4 9 -17
0.001019 3.5 9.5 -16.5
0.00141301 4 9 -16
0.000984079 3.5 9.5 -15.5
0.00137318 4 9 -15.5
9.32584e-05 4.5 8.5 -15.5
0.00042036 3.5 9.5 -14.5
0.00080253 4 9 -14.5
7.01796e-05 4.5 8.5 -14.5
0.000380212 4 9 -14
9.82499e-05 4 9.5 -13
0.000307105 4 9.5 -13.5
7.97066e-05 4.5 9 -13.5
3.44737e-05 3.5 10 -13.5
0.000664521 4 9.5 -14
9.7804e-05 3.5 10 -14
0.000212726 3.5 10 -14.5
0.000427569 4.5 9 -15
0.000362822 3.5 10 -15
0.000422713 4.5 9 -15.5
0.00134382 4 9.5 -15
0.000450328 3.5 10 -15.5
0.00048198 3.5 10 -16
0.000230225 4.5 9 -16.5
0.00140901 4 9.5 -16
9.35121e-05 4 9.5 -18
0.000105882 3.5 10 -17.5
0.000347874 4 9.5 -17.5
0.000285062 3.5 10 -17
5.0363e-05 4.5 9 -17.5
0.000730996 4 9.5 -17
0.000436181 3.5 10 -16.5
0.000120652 4.5 9 -17
0.00115148 4 9.5 -16.5
0.000349739 4.5 9 -16
0.00145154 4 9.5 -15.5
0.00106591 4 9.5 -14.5
0.000340902 4.5 9 -14.5
0.000200683 4.5 9 -14
2.27339e-05 4 10 -12.5
0.000125497 4 10 -13
0.000319354 4 10 -13.5
4.1781e-05 3.5 10.5 -14
0.0010157 4 10 -14.5
0.000736781 4.5 9.5 -14.5
7.29912e-05 3.5 10.5 -14.5
0.00123837 4 10 -15
0.000112144 3.5 10.5 -15
0.000132952 3.5 10.5 -15.5
0.000701662 4.5 9.5 -16
0.00013038 3.5 10.5 -16
9.27867e-05 3.5 10.5 -16.5
3.51254e-05 3.5 10.5 -17
2.31856e-05 4 10 -18
0.00017634 4 10 -17.5
9.61604e-05 4.5 9.5 -17.5
0.000479832 4 10 -17
0.000261646 4.5 9.5 -17
0.000857672 4 10 -16.5
0.000494094 4.5 9.5 -16.5
0.0011874 4 10 -16
0.00131036 4 10 -15.5
0.000810167 4.5 9.5 -15.5
0.000833194 4.5 9.5 -15
0.000637318 4 10 -14
0.00051752 4.5 9.5 -14
0.000267144 4.5 9.5 -13.5
9.66713e-05 4.5 9.5 -13
2.22224e-05 4.5 10 -12
2.52422e-05 4 10.5 -12.5
0.000266644 4.5 10 -13
4.32976e-05 5 9.5 -13
0.000105458 4 10.5 -13
0.000260827 4 10.5 -13.5
0.000482326 4 10.5 -14
9.72563e-05 5 9.5 -14.5
0.000714016 4 10.5 -14.5
0.000830492 4 10.5 -15
5.33787e-05 5 9.5 -15.5
0.000865199 4 10.5 -15.5
4.01019e-05 4 10.5 -17.5
8.29121e-05 4.5 10 -17.5
0.000202874 4 10.5 -17
0.000256775 4.5 10 -17
0.000465423 4 10.5 -16.5
0.000521398 4.5 10 -16.5
0.000736099 4 10.5 -16
0.000839968 4.5 10 -16
0.00106264 4.5 10 -15.5
0.00112219 4.5 10 -15
8.42627e-05 5 9.5 -15
0.00102339 4.5 10 -14.5
0.000863689 4.5 10 -14
9.57677e-05 5 9.5 -14
0.000543154 4.5 10 -13.5
7.74296e-05 5 9.5 -13.5
9.69832e-05 4.5 10 -12.5
7.32558e-05 4.5 10.5 -12
0.000221051 4.5 10.5 -12.5
2.19873e-05 4 11 -12.5
0.000449143 4.5 10.5 -13
6.20908e-05 4 11 -13
0.00072034 4.5 10.5 -13.5
0.00014287 4 11 -13.5
0.000240054 4 11 -14
0.000380995 5 10 -14.5
0.000333366 4 11 -14.5
0.000324693 5 10 -15
0.000381536 4 11 -15
0.000377024 4 11 -15.5
0.000285894 4 11 -16
6.35333e-05 5 10 -16.5
0.000140212 4 11 -16.5
3.62518e-05 4.5 10.5 -17.5
2.43928e-05 4 11 -17
0.000173861 4.5 10.5 -17
0.00042049 4.5 10.5 -16.5
0.000716057 4.5 10.5 -16
0.000127408 5 10 -16
0.000992007 4.5 10.5 -15.5
0.000223216 5 10 -15.5
0.00112174 4.5 10.5 -15
0.00107754 4.5 10.5 -14.5
0.000949199 4.5 10.5 -14
0.000361916 5 10 -14
0.000289475 5 10 -13.5
2.33501e-05 4.5 11 -11.5
3.15957e-05 5 10.5 -11.5
8.23014e-05 4.5 11 -12
2.12549e-05 5.5 10 -12.5
0.000218101 4.5 11 -12.5
2.46298e-05 5.5 10 -13
0.000421861 4.5 11 -13
2.72503e-05 4 11.5 -13
0.000674914 4.5 11 -13.5
5.16069e-05 4 11.5 -13.5
0.000875334 4.5 11 -14
7.76422e-05 4 11.5 -14
0.00097023 4.5 11 -14.5
9.5587e-05 4 11.5 -14.5
0.000939241 4.5 11 -15
0.000100918 4 11.5 -15
7.50787e-05 4 11.5 -15.5
3.49392e-05 4 11.5 -16
6.42603e-05 4.5 11 -17
4.03623e-05 5 10.5 -17
0.000234871 4.5 11 -16.5
0.000129282 5 10.5 -16.5
0.000484937 4.5 11 -16
0.000276578 5 10.5 -16
0.000747964 4.5 11 -15.5
0.00045546 5 10.5 -15.5
0.000605603 5 10.5 -15
0.0006746 5 10.5 -14.5
0.000660944 5 10.5 -14
0.000569818 5 10.5 -13.5
0.000393316 5 10.5 -13
2.45936e-05 5.5 10.5 -11.5
3.60835e-05 5 11 -11
2.07766e-05 4.5 11.5 -11.5
5.72648e-05 5.5 10.5 -12
6.95708e-05 4.5 11.5 -12
9.75182e-05 5.5 10.5 -12.5
0.000164552 4.5 11.5 -12.5
0.000120113 5.5 10.5 -13
0.000302263 4.5 11.5 -13
0.000470533 4.5 11.5 -13.5
0.000569288 4.5 11.5 -14
0.000613131 4.5 11.5 -14.5
0.000558957 4.5 11.5 -15
0.0004022 4.5 11.5 -15.5
0.000213122 4.5 11.5 -16
2.49596e-05 5 11 -17
6.37053e-05 4.5 11.5 -16.5
0.000116958 5 11 -16.5
0.000273969 5 11 -16
0.000475925 5 11 -15.5
0.000683089 5 11 -15
2.09983e-05 5.5 10.5 -15
0.000819834 5 11 -14.5
6.5603e-05 5.5 10.5 -14.5
0.0008283 5 11 -14
9.50143e-05 5.5 10.5 -14
0.000753004 5 11 -13.5
0.000112959 5.5 10.5 -13.5
0.000619605 5 11 -13
0.00041501 5 11 -12.5
0.000234858 5 11 -12
6.57441e-05 5 11.5 -11
4.08752e-05 5.5 11 -11
0.000162303 5 11.5 -11.5
0.000322356 5 11.5 -12
3.90012e-05 4.5 12 -12
0.000486691 5 11.5 -12.5
8.5151e-05 4.5 12 -12.5
0.0001444 4.5 12 -13
0.000325107 5.5 11 -13.5
0.000213412 4.5 12 -13.5
0.000287599 5.5 11 -14
0.000243788 4.5 12 -14
0.000208288 5.5 11 -14.5
0.000248812 4.5 12 -14.5
0.000122003 5.5 11 -15
0.000198358 4.5 12 -15
6.57336e-05 5.5 11 -15.5
0.000107359 4.5 12 -15.5
2.47671e-05 4.5 12 -16
6.00618e-05 5 11.5 -16.5
0.000191221 5 11.5 -16
0.000378243 5 11.5 -15.5
0.000580495 5 11.5 -15
0.000753678 5 11.5 -14.5
0.000809218 5 11.5 -14
0.000751785 5 11.5 -13.5
0.000638863 5 11.5 -13
5.3461e-05 5.5 11.5 -10.5
0.000126088 5.5 11.5 -11
6.26267e-05 5 12 -11
0.000219677 5.5 11.5 -11.5
0.000147624 5 12 -11.5
0.000280133 5 12 -12
0.000428587 5 12 -12.5
2.04281e-05 4.5 12.5 -12.5
0.000576389 5 12 -13
3.87971e-05 4.5 12.5 -13
0.000641075 5 12 -13.5
4.89469e-05 4.5 12.5 -13.5
0.000647621 5 12 -14
4.97491e-05 4.5 12.5 -14
0.00054337 5 12 -14.5
3.47823e-05 4.5 12.5 -14.5
0.000380866 5 12 -15
5.0691e-05 5.5 11.5 -16
7.57812e-05 5 12 -16
0.000208531 5 12 -15.5
0.000130863 5.5 11.5 -15.5
0.000243374 5.5 11.5 -15
0.000370617 5.5 11.5 -14.5
0.000480533 5.5 11.5 -14
0.000530616 5.5 11.5 -13.5
0.000519496 5.5 11.5 -13
4.64923e-05 5.5 12 -10
8.11612e-05 6 11.5 -11
0.000121643 5.5 12 -10.5
4.29762e-05 5 12.5 -11
0.000112514 6 11.5 -11.5
0.000100795 5 12.5 -11.5
0.000131016 6 11.5 -12
0.000179126 5 12.5 -12
0.000523389 5.5 12 -12.5
0.000134068 6 11.5 -12.5
0.000264888 5 12.5 -12.5
0.000551998 5.5 12 -13
0.000336849 5 12.5 -13
0.000365873 5 12.5 -13.5
0.000335705 5 12.5 -14
0.000255934 5 12.5 -14.5
0.000147034 5 12.5 -15
4.62946e-05 5 12.5 -15.5
3.67679e-05 5.5 12 -16
0.000114443 5.5 12 -15.5
0.00023262 5.5 12 -15
0.000368069 5.5 12 -14.5
0.000489791 5.5 12 -14
3.24098e-05 6 11.5 -14
2.42555e-05 6 12 -9.5
0.000558049 5.5 12 -13.5
6.87099e-05 6 12 -10
5.56233e-05 5.5 12.5 -10
7.03408e-05 6 11.5 -13.5
0.00010232 6 11.5 -13
0.000433789 5.5 12 -12
0.000324593 5.5 12 -11.5
0.000120416 5.5 12.5 -10.5
0.000117666 6 12 -10.5
0.000213316 5.5 12.5 -11
0.000326099 5.5 12.5 -11.5
4.50669e-05 5 13 -11.5
0.000421305 5.5 12.5 -12
6.97904e-05 5 13 -12
0.000490605 5.5 12.5 -12.5
0.000102262 5 13 -12.5
0.000121766 5 13 -13
0.000176529 6 12 -13.5
0.000118572 5 13 -13.5
0.00011086 6 12 -14
8.35112e-05 5 13 -14
6.19276e-05 6 12 -14.5
3.98133e-05 5 13 -14.5
5.60551e-05 5.5 12.5 -15.5
0.000148762 5.5 12.5 -15
0.000276264 5.5 12.5 -14.5
0.000408542 5.5 12.5 -14
7.29574e-05 6 12.5 -9.5
0.000498024 5.5 12.5 -13.5
0.000520483 5.5 12.5 -13
0.000135221 6 12.5 -10
3.62899e-05 6.5 12 -10
4.28197e-05 5.5 13 -10
0.000203648 6 12.5 -10.5
4.64154e-05 6.5 12 -10.5
9.82083e-05 5.5 13 -10.5
0.000271519 6 12.5 -11
0.000166845 5.5 13 -11
0.000251047 5.5 13 -11.5
0.000327449 5.5 13 -12
0.00036757 5.5 13 -12.5
0.000370099 5.5 13 -13
0.000318693 5.5 13 -13.5
0.000229346 5.5 13 -14
4.09259e-05 6 12.5 -15
4.18405e-05 5.5 13 -15
0.00012624 5.5 13 -14.5
0.000102191 6 12.5 -14.5
0.000180947 6 12.5 -14
2.84811e-05 6 13 -9
2.6221e-05 6.5 12.5 -9
6.05764e-05 6.5 12.5 -9.5
8.66985e-05 6 13 -9.5
0.000263736 6 12.5 -13.5
0.000334934 6 12.5 -13
0.000158085 6 13 -10
9.84117e-05 6.5 12.5 -10
2.0205e-05 5.5 13.5 -10
4.77347e-05 5.5 13.5 -10.5
0.000131192 6.5 12.5 -11
0.00021771 6 13 -10.5
8.78558e-05 5.5 13.5 -11
0.000121935 6.5 12.5 -11.5
0.000124994 5.5 13.5 -11.5
9.5265e-05 6.5 12.5 -12
0.000158061 5.5 13.5 -12
7.06099e-05 6.5 12.5 -12.5
0.000171972 5.5 13.5 -12.5
0.00014937 5.5 13.5 -13
0.000106297 5.5 13.5 -13.5
4.78866e-05 5.5 13.5 -14
7.65317e-05 6 13 -14.5
0.000154088 6 13 -14
7.16128e-05 6.5 13 -9
0.000239592 6 13 -13.5
2.88369e-05 6 13.5 -9
0.000310422 6 13 -13
4.00995e-05 6.5 12.5 -13
7.78876e-05 6 13.5 -9.5
0.000121111 6.5 13 -9.5
0.000348136 6 13 -12.5
0.000356488 6 13 -12
0.000132337 6 13.5 -10
0.000153262 6.5 13 -10
0.000197386 6 13.5 -10.5
0.000248517 6 13.5 -11
0.000281742 6 13.5 -11.5
2.40812e-05 5.5 14 -11.5
0.000291806 6 13.5 -12
3.08624e-05 5.5 14 -12
2.29692e-05 5.5 14 -12.5
9.55414e-05 6.5 13 -13
5.04549e-05 6.5 13 -13.5
7.39125e-05 6 13.5 -14
4.21409e-05 6.5 13.5 -8.5
0.000143455 6 13.5 -13.5
4.25917e-05 7 13 -9
0.000210203 6 13.5 -13
9.9112e-05 6.5 13.5 -9
0.00025895 6 13.5 -12.5
5.47731e-05 7 13 -9.5
4.36904e-05 6 14 -9.5
5.8803e-05 7 13 -10
0.000142633 6.5 13.5 -9.5
0.000176962 6.5 13.5 -10
8.04465e-05 6 14 -10
0.000196342 6.5 13.5 -10.5
4.82212e-05 7 13 -10.5
0.000113793 6 14 -10.5
0.000138836 6 14 -11
0.0001528 6 14 -11.5
0.000149214 6 14 -12
0.000120257 6 14 -12.5
7.84107e-05 6 14 -13
2.62725e-05 6 14 -13.5
4.82944e-05 7 13.5 -8.5
3.51152e-05 6.5 14 -8.5
5.31896e-05 6.5 13.5 -13.5
8.86659e-05 6.5 14 -9
8.67715e-05 7 13.5 -9
9.75976e-05 6.5 13.5 -13
0.000145929 6.5 13.5 -12.5
0.000129558 6.5 14 -9.5
0.000105343 7 13.5 -9.5
9.68131e-05 7 13.5 -10.5
2.44677e-05 6 14.5 -10.5
7.43258e-05 7 13.5 -11
3.17341e-05 6 14.5 -11
0.00017795 6.5 14 -11.5
5.22876e-05 7 13.5 -11.5
2.62628e-05 6 14.5 -11.5
2.1393e-05 6 14.5 -12
2.39547e-05 6.5 14 -13.5
6.37477e-05 7 14 -8.5
6.15429e-05 6.5 14 -13
9.61855e-05 7 14 -9
4.7695e-05 6.5 14.5 -9
0.000103626 6.5 14 -12.5
0.000144417 6.5 14 -12
2.83187e-05 7 13.5 -12
0.000190899 6.5 14 -11
0.00017907 6.5 14 -10.5
7.50302e-05 6.5 14.5 -9.5
0.000113455 7 14 -9.5
9.42535e-05 6.5 14.5 -10
0.000105222 6.5 14.5 -10.5
0.000107113 6.5 14.5 -11
8.75482e-05 6.5 14.5 -11.5
2.02594e-05 7 14 -12.5
3.29241e-05 7.5 14 -8.5
2.54375e-05 6.5 14.5 -12.5
5.17562e-05 7 14.5 -8.5
5.84978e-05 6.5 14.5 -12
8.18005e-05 7 14.5 -9
4.45533e-05 7.5 14 -9
9.50113e-05 7 14.5 -9.5
9.68083e-05 7 14.5 -10
9.10858e-05 7 14.5 -10.5
3.26019e-05 7.5 14.5 -8.5
4.42501e-05 7.5 14.5 -9
4.35385e-05 7.5 14.5 -9.5
2.65365e-05 7 15 -9
3.66241e-05 7.5 14.5 -10
3.79444e-05 7 15 -9.5
2.25429e-05 7 15 -11
2.17638e-05 7.5 15 -9
2.02738e-05 7.5 15 -10
2.34254e-05 7.5 15 -9.5
3.61253e-05 7 15 -10.5
3.90307e-05 7 15 -10
3.07816e-05 7 14.5 -12
5.55119e-05 7 14.5 -11.5
7.8614e-05 7 14.5 -11
3.92847e-05 7.5 14 -9.5
4.86843e-05 7 14 -12
7.62107e-05 7 14 -11.5
9.92694e-05 7 14 -11
0.000112353 7 14 -10.5
0.000119421 7 14 -10
0.000158021 6.5 14 -10
0.000110138 7 13.5 -10
0.000191376 6.5 13.5 -12
0.000218085 6.5 13.5 -11.5
0.000214887 6.5 13.5 -11
3.18384e-05 7 13 -11
0.00014502 6.5 13 -12.5
0.000186986 6.5 13 -12
0.000209207 6.5 13 -11.5
0.000208995 6.5 13 -11
0.000191004 6.5 13 -10.5
0.000333713 6 13 -11.5
0.000280455 6 13 -11
0.0001194 6.5 12.5 -10.5
0.000374309 6 12.5 -12.5
0.000362855 6 12.5 -12
2.00272e-05 6.5 12 -12
0.000324273 6 12.5 -11.5
3.94946e-05 6.5 12 -11.5
4.96662e-05 6.5 12 -11
0.000237505 6 12 -13
0.000272965 6 12 -12.5
0.000262842 6 12 -12
0.00023411 6 12 -11.5
0.000180729 6 12 -11
0.000215709 5.5 12 -11
4.50379e-05 6 11.5 -10.5
0.000438037 5.5 11.5 -12.5
2.95375e-05 6 11 -12.5
0.000316527 5.5 11.5 -12
3.29529e-05 6 11 -12
2.91596e-05 6 11 -11.5
0.000311939 5.5 11 -13
0.000262062 5.5 11 -12.5
0.000183672 5.5 11 -12
0.000102789 5.5 11 -11.5
0.000114399 5 11 -11.5
0.000218904 5 10.5 -12.5
0.000106001 5 10.5 -12
0.000180098 5 10 -13
8.44818e-05 5 10 -12.5
2.34182e-05 5 10 -12
