0.753075
3.75549e-05 -5 -10 -18
5.66715e-05 -5 -10 -17.5
6.27135e-05 -5 -10 -17
5.51967e-05 -5 -10 -16.5
3.4956e-05 -5 -10 -16
2.64599e-05 -5.5 -11 -15
4.21769e-05 -5.5 -11 -15.5
4.99126e-05 -5.5 -11 -16
4.36831e-05 -5.5 -11 -16.5
3.14297e-05 -5.5 -11 -17
5.24662e-05 -5 -10.5 -18.5
0.000108237 -5 -10.5 -18
0.000167055 -5 -10.5 -17.5
0.000198984 -5 -10.5 -17
0.000182026 -5 -10.5 -16.5
0.000125396 -5 -10.5 -16
5.51736e-05 -5 -10.5 -15.5
5.69782e-05 -4.5 -10 -19.5
0.000163238 -4.5 -10 -19
0.000311352 -4.5 -10 -18.5
0.00042066 -4.5 -10 -18
0.000456709 -4.5 -10 -17.5
0.000395992 -4.5 -10 -17
0.000257007 -4.5 -10 -16.5
0.00010837 -4.5 -10 -16
2.2188e-05 -6 -12 -14
3.5137e-05 -5.5 -11.5 -14.5
5.36804e-05 -5 -11 -15
3.75239e-05 -6 -12 -14.5
8.8894e-05 -5.5 -11.5 -15
0.000157284 -5 -11 -15.5
4.33461e-05 -6 -12 -15
0.000134364 -5.5 -11.5 -15.5
0.000269558 -5 -11 -16
3.81119e-05 -6 -12 -15.5
2.80828e-05 -6 -12 -16
0.000139321 -5.5 -11.5 -16.5
0.000284493 -5 -11 -17.5
9.37208e-05 -5.5 -11.5 -17
5.07409e-05 -5.5 -11.5 -17.5
2.89741e-05 -5 -11 -19
4.82739e-05 -4.5 -10.5 -19.5
0.000150131 -4.5 -10.5 -19
8.99375e-05 -5 -11 -18.5
0.000310348 -4.5 -10.5 -18.5
0.000184536 -5 -11 -18
0.000463075 -4.5 -10.5 -18
0.000557617 -4.5 -10.5 -17.5
0.000337849 -5 -11 -17
0.000517264 -4.5 -10.5 -17
0.000328151 -5 -11 -16.5
0.0001558 -5.5 -11.5 -16
0.000421654 -4.5 -10.5 -16.5
0.000233419 -4.5 -10.5 -16
8.00797e-05 -4.5 -10.5 -15.5
0.000118135 -4 -10 -16
0.000322133 -4 -10 -16.5
0.000538712 -4 -10 -17
0.000661974 -4 -10 -17.5
0.000688953 -4 -10 -18
0.000382389 -4 -10 -19
3.98276e-05 -4 -10 -20
3.90932e-05 -4.5 -9.5 -19.5
0.000160841 -4 -10 -19.5
0.000106979 -4.5 -9.5 -19
0.000191289 -4.5 -9.5 -18.5
0.000595307 -4 -10 -18.5
0.000255572 -4.5 -9.5 -18
0.000270102 -4.5 -9.5 -17.5
0.000213914 -4.5 -9.5 -17
0.00011121 -4.5 -9.5 -16.5
2.64798e-05 -6.5 -13 -13
3.0897e-05 -6 -12.5 -13.5
3.72359e-05 -5.5 -12 -14
3.76046e-05 -6.5 -13 -13.5
7.3479e-05 -6 -12.5 -14
0.000109852 -5.5 -12 -14.5
4.11216e-05 -6.5 -13 -14
0.0001095 -6 -12.5 -14.5
0.0001936 -5.5 -12 -15
0.000278806 -5 -11.5 -15.5
3.63073e-05 -6.5 -13 -14.5
0.000125882 -6 -12.5 -15
0.000249722 -5.5 -12 -15.5
2.50856e-05 -6.5 -13 -15
0.000112394 -6 -12.5 -15.5
0.000270233 -5.5 -12 -16
0.000436435 -5 -11.5 -16.5
0.000407187 -5 -11.5 -17
0.00024244 -5.5 -12 -16.5
8.17325e-05 -6 -12.5 -16
4.49615e-05 -6 -12.5 -16.5
4.06654e-05 -5.5 -12 -18
2.34146e-05 -4 -10.5 -20
2.20251e-05 -4.5 -11 -19.5
2.20025e-05 -5 -11.5 -19
8.57578e-05 -4 -10.5 -19.5
0.000100739 -4.5 -11 -19
8.13043e-05 -5 -11.5 -18.5
0.000243526 -4 -10.5 -19
0.000245777 -4.5 -11 -18.5
0.000181214 -5 -11.5 -18
9.35331e-05 -5.5 -12 -17.5
0.000445697 -4 -10.5 -18.5
0.000409554 -4.5 -11 -18
0.000297656 -5 -11.5 -17.5
0.000167634 -5.5 -12 -17
0.000581234 -4 -10.5 -18
0.000536704 -4.5 -11 -17.5
0.000608002 -4 -10.5 -17.5
0.000549018 -4.5 -11 -17
0.000509878 -4 -10.5 -17
0.000499878 -4.5 -11 -16.5
0.000381857 -5 -11.5 -16
0.00031638 -4 -10.5 -16.5
0.000358843 -4.5 -11 -16
0.00014235 -4 -10.5 -16
0.000188472 -4.5 -11 -15.5
0.000145763 -5 -11.5 -15
3.98363e-05 -4 -10.5 -15.5
5.07357e-05 -4.5 -11 -15
4.00786e-05 -5 -11.5 -14.5
3.01264e-05 -4.5 -9.5 -16
8.34868e-05 -3.5 -10 -16.5
0.000204561 -3.5 -10 -17
0.00018718 -4 -9.5 -16.5
0.000341997 -3.5 -10 -17.5
0.000440435 -3.5 -10 -18
0.000417514 -3.5 -10 -18.5
0.000318663 -3.5 -10 -19
0.000162868 -3.5 -10 -19.5
4.81035e-05 -3.5 -10 -20
7.00646e-05 -4 -9.5 -20
0.000236796 -4 -9.5 -19.5
4.03867e-05 -4.5 -9 -19
0.000458659 -4 -9.5 -19
6.81033e-05 -4.5 -9 -18.5
0.000639046 -4 -9.5 -18.5
8.92428e-05 -4.5 -9 -18
0.000705536 -4 -9.5 -18
9.68497e-05 -4.5 -9 -17.5
0.000652804 -4 -9.5 -17.5
6.79565e-05 -4.5 -9 -17
3.24788e-05 -7 -14 -12
3.95764e-05 -6.5 -13.5 -12.5
4.16528e-05 -6 -13 -13
3.17586e-05 -5.5 -12.5 -13.5
4.17516e-05 -7 -14 -12.5
7.40888e-05 -6.5 -13.5 -13
9.38866e-05 -6 -13 -13.5
0.000109411 -5.5 -12.5 -14
0.000119651 -5 -12 -14.5
4.38344e-05 -7 -14 -13
9.68852e-05 -6.5 -13.5 -13.5
0.000154432 -6 -13 -14
0.000249595 -5 -12 -15
3.58612e-05 -7 -14 -13.5
0.000105833 -6.5 -13.5 -14
5.02307e-05 -3.5 -10.5 -16.5
0.000197643 -6 -13 -14.5
9.0824e-05 -6.5 -13.5 -14.5
0.000214157 -6 -13 -15
0.000102351 -3.5 -10.5 -17
0.000331946 -5.5 -12.5 -15.5
6.51625e-05 -6.5 -13.5 -15
0.000191581 -6 -13 -15.5
0.000161353 -3.5 -10.5 -17.5
0.000140336 -6 -13 -16
3.90007e-05 -6.5 -13.5 -15.5
0.000201065 -3.5 -10.5 -18
0.000262246 -5.5 -12.5 -16.5
8.32304e-05 -6 -13 -16.5
0.000168428 -5.5 -12.5 -17
0.000182573 -3.5 -10.5 -18.5
0.000137579 -5 -12 -18
4.94645e-05 -3.5 -10.5 -19.5
5.43113e-05 -5 -12 -18.5
2.23828e-05 -5 -12 -19
3.11749e-05 -4 -11 -19.5
5.37762e-05 -4.5 -11.5 -19
4.07244e-05 -5.5 -12.5 -18
0.000114359 -4 -11 -19
0.000149474 -4.5 -11.5 -18.5
9.02372e-05 -5.5 -12.5 -17.5
3.93411e-05 -6 -13 -17
0.000121491 -3.5 -10.5 -19
0.000252618 -4 -11 -18.5
0.000292996 -4.5 -11.5 -18
0.000251607 -5 -12 -17.5
0.000370789 -4 -11 -18
0.000429243 -4.5 -11.5 -17.5
0.000365083 -5 -12 -17
0.000407843 -4 -11 -17.5
0.000503531 -4.5 -11.5 -17
0.000442143 -5 -12 -16.5
0.000333825 -5.5 -12.5 -16
0.000367319 -4 -11 -17
0.000470692 -4.5 -11.5 -16.5
0.000430235 -5 -12 -16
0.00025708 -4 -11 -16.5
0.000365623 -4.5 -11.5 -16
0.000366655 -5 -12 -15.5
0.000288347 -5.5 -12.5 -15
0.000129888 -4 -11 -16
0.000207801 -4.5 -11.5 -15.5
0.000207181 -5.5 -12.5 -14.5
4.28788e-05 -4 -11 -15.5
8.8297e-05 -4.5 -11.5 -15
2.33141e-05 -5 -12 -14
0.000432127 -4 -9.5 -17
2.85892e-05 -4.5 -9 -16.5
3.94617e-05 -4 -9.5 -16
9.72176e-05 -3.5 -9.5 -16.5
2.39959e-05 -3 -10 -17.5
0.000273363 -3.5 -9.5 -17
3.56302e-05 -3 -10 -18
0.000504669 -3.5 -9.5 -17.5
3.37277e-05 -3 -10 -18.5
0.000699624 -3.5 -9.5 -18
0.000469313 -4 -9 -17.5
4.07768e-05 -3 -10 -19
2.59274e-05 -3 -10 -19.5
0.000577184 -3.5 -9.5 -19
0.000332407 -3.5 -9.5 -19.5
0.000256627 -4 -9 -19.5
2.35822e-05 -3.5 -9.5 -20.5
8.74805e-05 -4 -9 -20
0.000115926 -3.5 -9.5 -20
0.000458363 -4 -9 -19
0.000600986 -4 -9 -18.5
0.000711696 -3.5 -9.5 -18.5
2.42152e-05 -8 -15.5 -10
2.94663e-05 -7.5 -15 -10.5
2.92104e-05 -7 -14.5 -11
2.0988e-05 -6.5 -14 -11.5
2.23391e-05 -8 -15.5 -10.5
4.12701e-05 -7.5 -15 -11
5.62416e-05 -7 -14.5 -11.5
5.6523e-05 -6.5 -14 -12
4.1189e-05 -6 -13.5 -12.5
4.7155e-05 -7.5 -15 -11.5
7.87379e-05 -7 -14.5 -12
9.56406e-05 -6.5 -14 -12.5
0.000106199 -6 -13.5 -13
4.31798e-05 -7.5 -15 -12
8.82093e-05 -7 -14.5 -12.5
0.000137315 -6.5 -14 -13
0.00017274 -6 -13.5 -13.5
2.69245e-05 -4.5 -12 -14.5
3.25583e-05 -7.5 -15 -12.5
9.02612e-05 -7 -14.5 -13
3.32794e-05 -4 -11.5 -15.5
0.000160387 -6.5 -14 -13.5
0.00022765 -6 -13.5 -14
0.000275233 -5.5 -13 -14.5
2.22313e-05 -3.5 -11 -16.5
7.25086e-05 -7 -14.5 -13.5
0.000169406 -6.5 -14 -14
8.87787e-05 -4 -11.5 -16
0.000252692 -6 -13.5 -14.5
0.000325985 -5.5 -13 -15
4.10869e-05 -3.5 -11 -17
4.95528e-05 -7 -14.5 -14
0.000144869 -6.5 -14 -14.5
0.000156064 -4 -11.5 -16.5
0.000254004 -6 -13.5 -15
5.25774e-05 -3.5 -11 -17.5
3.23605e-05 -7 -14.5 -14.5
0.000107243 -6.5 -14 -15
0.000300631 -5.5 -13 -16
6.19971e-05 -3.5 -11 -18
6.72411e-05 -6.5 -14 -15.5
0.000225032 -5.5 -13 -16.5
0.000140484 -6 -13.5 -16
4.86484e-05 -3.5 -11 -18.5
3.54268e-05 -6.5 -14 -16
8.26912e-05 -6 -13.5 -16.5
2.39502e-05 -3.5 -11 -19
3.89757e-05 -6 -13.5 -17
3.05235e-05 -4 -11.5 -19
2.5868e-05 -5 -12.5 -18.5
2.48965e-05 -5.5 -13 -18
6.41784e-05 -4.5 -12 -18.5
7.8084e-05 -5 -12.5 -18
6.52483e-05 -5.5 -13 -17.5
9.33449e-05 -4 -11.5 -18.5
0.000156099 -4.5 -12 -18
0.000167657 -5 -12.5 -17.5
0.000135879 -5.5 -13 -17
0.000162632 -4 -11.5 -18
0.000267941 -4.5 -12 -17.5
0.000276677 -5 -12.5 -17
0.000198102 -4 -11.5 -17.5
0.000362337 -4.5 -12 -17
0.000382756 -5 -12.5 -16.5
0.000204751 -6 -13.5 -15.5
0.000195317 -4 -11.5 -17
0.000347743 -4.5 -12 -16.5
0.000400731 -5 -12.5 -16
0.0003394 -5.5 -13 -15.5
0.000300428 -4.5 -12 -16
0.000358715 -5 -12.5 -15.5
0.00018576 -4.5 -12 -15.5
0.000263265 -5 -12.5 -15
8.41884e-05 -4.5 -12 -15
0.000153632 -5 -12.5 -14.5
0.000191555 -5.5 -13 -14
6.04452e-05 -5 -12.5 -14
0.000100052 -5.5 -13 -13.5
2.5144e-05 -5.5 -13 -13
0.000616435 -4 -9 -18
0.000254445 -4 -9 -17
8.03707e-05 -4 -9 -16.5
2.48102e-05 -3 -9.5 -17
8.80337e-05 -3.5 -9 -16.5
7.09943e-05 -3 -9.5 -17.5
0.000289805 -3.5 -9 -17
0.000120261 -3 -9.5 -18
0.000578921 -3.5 -9 -17.5
0.000113792 -4 -8.5 -17
0.000147474 -3 -9.5 -18.5
0.000800522 -3.5 -9 -18
0.000265763 -4 -8.5 -17.5
0.000160183 -3 -9.5 -19
0.000870943 -3.5 -9 -18.5
0.000120136 -3 -9.5 -19.5
5.73221e-05 -3 -9.5 -20
0.000508705 -3.5 -9 -19.5
0.000294961 -4 -8.5 -19
4.30861e-05 -3.5 -9 -20.5
2.04286e-05 -8 -16 -9
7.33248e-05 -4 -8.5 -20
0.000216098 -3.5 -9 -20
0.000183481 -4 -8.5 -19.5
0.000754325 -3.5 -9 -19
0.000362151 -4 -8.5 -18.5
2.04939e-05 -8.5 -16.5 -9
4.1543e-05 -8 -16 -9.5
4.94503e-05 -7.5 -15.5 -10
3.82748e-05 -7 -15 -10.5
2.19346e-05 -6.5 -14.5 -11
2.42218e-05 -8.5 -16.5 -9.5
4.7386e-05 -8 -16 -10
6.5274e-05 -7.5 -15.5 -10.5
7.1423e-05 -7 -15 -11
6.303e-05 -6.5 -14.5 -11.5
3.32321e-05 -6 -14 -12
4.42494e-05 -8 -16 -10.5
7.80631e-05 -7.5 -15.5 -11
9.83952e-05 -7 -15 -11.5
0.000110125 -6.5 -14.5 -12
0.000100191 -6 -14 -12.5
3.50169e-05 -8 -16 -11
8.22021e-05 -7.5 -15.5 -11.5
0.000123132 -7 -15 -12
0.000153343 -6.5 -14.5 -12.5
0.000161623 -6 -14 -13
2.44449e-05 -8 -16 -11.5
7.42965e-05 -7.5 -15.5 -12
0.00013148 -7 -15 -12.5
2.38005e-05 -4.5 -12.5 -14.5
0.000177526 -6.5 -14.5 -13
0.000200287 -5.5 -13.5 -14
5.74737e-05 -7.5 -15.5 -12.5
0.00012295 -7 -15 -13
0.000188981 -6.5 -14.5 -13.5
6.6856e-05 -4.5 -12.5 -15
0.000241184 -6 -14 -14
3.65395e-05 -7.5 -15.5 -13
0.000102284 -7 -15 -13.5
3.98011e-05 -4 -12 -16
0.000178569 -6.5 -14.5 -14
0.000252309 -6 -14 -14.5
0.000125912 -4.5 -12.5 -15.5
6.23268e-05 -4 -12 -16.5
7.55404e-05 -7 -15 -14
0.000146184 -6.5 -14.5 -14.5
0.000177257 -4.5 -12.5 -16
4.6901e-05 -7 -15 -14.5
6.99729e-05 -4 -12 -17
0.000104842 -6.5 -14.5 -15
0.000173899 -6 -14 -15.5
2.6772e-05 -7 -15 -15
6.01819e-05 -4 -12 -17.5
6.50732e-05 -6.5 -14.5 -15.5
0.0001117 -6 -14 -16
3.81112e-05 -4 -12 -18
3.36003e-05 -6.5 -14.5 -16
2.64138e-05 -5 -13 -18
3.05495e-05 -5.5 -13.5 -17.5
2.94226e-05 -6 -14 -17
5.11462e-05 -4.5 -12.5 -18
7.94278e-05 -5 -13 -17.5
8.01712e-05 -5.5 -13.5 -17
6.11315e-05 -6 -14 -16.5
0.000110532 -4.5 -12.5 -17.5
0.000158889 -5 -13 -17
0.000152089 -5.5 -13.5 -16.5
0.000174382 -4.5 -12.5 -17
0.000247691 -5 -13 -16.5
0.000228499 -5.5 -13.5 -16
0.000196028 -4.5 -12.5 -16.5
0.000304536 -5 -13 -16
0.000295969 -5.5 -13.5 -15.5
0.00022431 -6 -14 -15
0.000277614 -5 -13 -15.5
0.000302089 -5.5 -13.5 -15
0.000223971 -5 -13 -15
0.000270046 -5.5 -13.5 -14.5
0.000139993 -5 -13 -14.5
0.000212088 -6 -14 -13.5
6.53491e-05 -5 -13 -14
0.00012189 -5.5 -13.5 -13.5
5.59187e-05 -5.5 -13.5 -13
0.000362269 -4 -8.5 -18
2.07428e-05 -4 -8.5 -16.5
4.50449e-05 -3 -9 -17
2.78381e-05 -3.5 -8.5 -16.5
0.000161658 -3 -9 -17.5
0.00017999 -3.5 -8.5 -17
0.000304526 -3 -9 -18
0.000389028 -3 -9 -18.5
0.000798789 -3.5 -8.5 -18
9.10726e-05 -4 -8 -17.5
0.000425699 -3 -9 -19
0.000907689 -3.5 -8.5 -18.5
0.000137984 -4 -8 -18.5
0.000342823 -3 -9 -19.5
0.00017275 -3 -9 -20
0.0006053 -3.5 -8.5 -19.5
3.95194e-05 -3 -9 -20.5
0.000310993 -3.5 -8.5 -20
8.98525e-05 -3.5 -8.5 -20.5
2.64955e-05 -8 -16.5 -8.5
3.60639e-05 -8.5 -17 -8.5
5.11397e-05 -8 -16.5 -9
5.26566e-05 -7.5 -16 -9.5
3.34212e-05 -4 -8 -20
3.01632e-05 -7 -15.5 -10
3.91277e-05 -8.5 -17 -9
6.05322e-05 -8 -16.5 -9.5
7.69933e-05 -7.5 -16 -10
7.22014e-05 -4 -8 -19.5
7.72569e-05 -7 -15.5 -10.5
5.09998e-05 -6.5 -15 -11
3.50604e-05 -8.5 -17 -9.5
6.39303e-05 -8 -16.5 -10
8.99832e-05 -7.5 -16 -10.5
0.000106163 -7 -15.5 -11
9.69346e-05 -6.5 -15 -11.5
2.69952e-05 -8.5 -17 -10
5.93718e-05 -8 -16.5 -10.5
9.60224e-05 -7.5 -16 -11
0.000123238 -7 -15.5 -11.5
0.000135114 -6.5 -15 -12
4.99818e-05 -8 -16.5 -11
9.34616e-05 -7.5 -16 -11.5
0.000127777 -7 -15.5 -12
0.000159597 -6.5 -15 -12.5
3.75412e-05 -8 -16.5 -11.5
8.14604e-05 -7.5 -16 -12
0.000131957 -7 -15.5 -12.5
0.000175142 -6.5 -15 -13
4.92862e-05 -5 -13.5 -14
0.000201296 -6 -14.5 -13.5
2.68397e-05 -8 -16.5 -12
6.56275e-05 -7.5 -16 -12.5
3.58705e-05 -4.5 -13 -15
0.000120298 -7 -15.5 -13
0.000179638 -6.5 -15 -13.5
4.81423e-05 -7.5 -16 -13
5.48839e-05 -4.5 -13 -15.5
9.74889e-05 -7 -15.5 -13.5
0.000153216 -6.5 -15 -14
2.00865e-05 -4 -12.5 -16.5
3.32714e-05 -7.5 -16 -13.5
6.8674e-05 -7 -15.5 -14
6.50072e-05 -4.5 -13 -16
0.000117554 -6.5 -15 -14.5
0.000164981 -6 -14.5 -15
2.24365e-05 -7.5 -16 -14
4.03955e-05 -7 -15.5 -14.5
7.74629e-05 -6.5 -15 -15
6.60963e-05 -4.5 -13 -16.5
2.5056e-05 -7 -15.5 -15
4.57892e-05 -6.5 -15 -15.5
4.55263e-05 -4.5 -13 -17
2.54741e-05 -6.5 -15 -16
2.01448e-05 -4.5 -13 -17.5
2.95862e-05 -5.5 -14 -17
3.03674e-05 -6 -14.5 -16.5
5.47325e-05 -5 -13.5 -17
7.19488e-05 -5.5 -14 -16.5
6.51461e-05 -6 -14.5 -16
0.000102792 -5 -13.5 -16.5
0.000129446 -5.5 -14 -16
0.000114029 -6 -14.5 -15.5
0.000151578 -5 -13.5 -16
0.000190479 -5.5 -14 -15.5
0.000156985 -5 -13.5 -15.5
0.000228582 -5.5 -14 -15
0.000209633 -6 -14.5 -14.5
0.000141799 -5 -13.5 -15
0.000210199 -5.5 -14 -14.5
0.000219922 -6 -14.5 -14
0.000103119 -5 -13.5 -14.5
0.00016945 -5.5 -14 -14
0.000111087 -5.5 -14 -13.5
0.000160606 -6 -14.5 -13
5.80119e-05 -5.5 -14 -13
0.000102657 -6 -14.5 -12.5
5.91656e-05 -6 -14.5 -12
0.000112084 -4 -8 -19
0.000800104 -3.5 -8.5 -19
0.000145182 -4 -8 -18
0.000483358 -3.5 -8.5 -17.5
2.74296e-05 -4 -8 -17
6.52087e-05 -3 -8.5 -17
0.000258517 -3 -8.5 -17.5
0.000519967 -3 -8.5 -18
0.000698273 -3 -8.5 -18.5
0.000575284 -3.5 -8 -18
2.11183e-05 -2.5 -9 -19.5
2.35101e-05 -4 -7.5 -18.5
0.00076017 -3 -8.5 -19
0.000655695 -3 -8.5 -19.5
0.000375867 -3 -8.5 -20
0.000621592 -3.5 -8 -19.5
0.00012627 -3 -8.5 -20.5
3.60442e-05 -8.5 -17.5 -8
4.58098e-05 -8 -17 -8.5
2.87769e-05 -3 -8.5 -21
3.30612e-05 -7.5 -16.5 -9
2.35348e-05 -9 -18 -8
3.97317e-05 -8.5 -17.5 -8.5
5.63241e-05 -8 -17 -9
0.000116605 -3.5 -8 -20.5
6.43971e-05 -7.5 -16.5 -9.5
0.000348305 -3.5 -8 -20
4.31562e-05 -7 -16 -10
2.27329e-05 -9 -18 -8.5
4.01851e-05 -8.5 -17.5 -9
5.99486e-05 -8 -17 -9.5
7.873e-05 -7.5 -16.5 -10
7.96756e-05 -7 -16 -10.5
5.58247e-05 -6.5 -15.5 -11
3.47912e-05 -8.5 -17.5 -9.5
6.15231e-05 -8 -17 -10
8.81281e-05 -7.5 -16.5 -10.5
0.00010415 -7 -16 -11
8.99023e-05 -6.5 -15.5 -11.5
2.07942e-05 -6 -15 -11.5
2.79064e-05 -8.5 -17.5 -10
5.67277e-05 -8 -17 -10.5
8.96431e-05 -7.5 -16.5 -11
0.000116386 -7 -16 -11.5
2.04076e-05 -8.5 -17.5 -10.5
4.76671e-05 -8 -17 -11
8.20393e-05 -7.5 -16.5 -11.5
0.000120337 -7 -16 -12
4.26084e-05 -5.5 -14.5 -13
0.000143021 -6.5 -15.5 -12.5
3.59698e-05 -8 -17 -11.5
7.09643e-05 -7.5 -16.5 -12
2.95846e-05 -5 -14 -14
0.000114 -7 -16 -12.5
0.000148879 -6.5 -15.5 -13
2.46587e-05 -8 -17 -12
5.60116e-05 -7.5 -16.5 -12.5
9.52245e-05 -7 -16 -13
4.59819e-05 -5 -14 -14.5
0.000133658 -6.5 -15.5 -13.5
4.05421e-05 -7.5 -16.5 -13
7.04258e-05 -7 -16 -13.5
5.31895e-05 -5 -14 -15
0.00012499 -6 -15 -14.5
2.83898e-05 -7.5 -16.5 -13.5
4.64185e-05 -7 -16 -14
7.09543e-05 -6.5 -15.5 -14.5
5.30205e-05 -5 -14 -15.5
2.09264e-05 -7.5 -16.5 -14
3.06612e-05 -7 -16 -14.5
4.2103e-05 -6.5 -15.5 -15
3.7053e-05 -5 -14 -16
2.04692e-05 -6.5 -15.5 -15.5
4.16002e-05 -5.5 -14.5 -16
4.93544e-05 -6 -15 -15.5
7.51313e-05 -5.5 -14.5 -15.5
8.64043e-05 -6 -15 -15
0.000108174 -5.5 -14.5 -15
0.000103626 -6.5 -15.5 -14
0.000114846 -5.5 -14.5 -14.5
0.000152502 -6 -15 -14
0.000104107 -5.5 -14.5 -14
0.000145042 -6 -15 -13.5
8.02479e-05 -5.5 -14.5 -13.5
0.000127964 -6 -15 -13
9.19506e-05 -6 -15 -12.5
0.000125773 -6.5 -15.5 -12
4.88378e-05 -6 -15 -12
0.000773737 -3.5 -8 -19
0.00074024 -3.5 -8 -18.5
2.4802e-05 -4 -7.5 -18
0.000290833 -3.5 -8 -17.5
7.947e-05 -3.5 -8 -17
6.80244e-05 -3 -8 -17
4.03843e-05 -2.5 -8.5 -18
0.000298714 -3 -8 -17.5
7.41071e-05 -2.5 -8.5 -18.5
0.000632046 -3 -8 -18
0.000100625 -2.5 -8.5 -19
0.000916612 -3 -8 -18.5
0.000104151 -2.5 -8.5 -19.5
0.000992388 -3 -8 -19
8.49689e-05 -2.5 -8.5 -20
0.000902911 -3 -8 -19.5
2.82505e-05 -2.5 -8.5 -20.5
2.14112e-05 -2.5 -8.5 -21
0.000251151 -3 -8 -20.5
4.97721e-05 -3 -8 -21
2.5454e-05 -8 -17.5 -8
2.98578e-05 -8.5 -18 -8
4.31864e-05 -8 -17.5 -8.5
3.34124e-05 -7.5 -17 -9
2.09684e-05 -9 -18.5 -8
3.49834e-05 -8.5 -18 -8.5
4.98896e-05 -8 -17.5 -9
2.04914e-05 -3.5 -7.5 -21
5.76293e-05 -7.5 -17 -9.5
3.97159e-05 -7 -16.5 -10
3.34845e-05 -8.5 -18 -9
5.21632e-05 -8 -17.5 -9.5
6.77344e-05 -7.5 -17 -10
6.78748e-05 -7 -16.5 -10.5
2.88323e-05 -8.5 -18 -9.5
4.93001e-05 -8 -17.5 -10
7.12438e-05 -7.5 -17 -10.5
8.32593e-05 -7 -16.5 -11
2.3735e-05 -8.5 -18 -10
4.32209e-05 -8 -17.5 -10.5
6.66536e-05 -7.5 -17 -11
8.83524e-05 -7 -16.5 -11.5
3.34718e-05 -6 -15.5 -12
2.03009e-05 -8.5 -18 -10.5
3.54698e-05 -8 -17.5 -11
5.77211e-05 -7.5 -17 -11.5
2.40473e-05 -5.5 -15 -13
8.40365e-05 -7 -16.5 -12
2.77827e-05 -8 -17.5 -11.5
4.60431e-05 -7.5 -17 -12
3.33528e-05 -5.5 -15 -13.5
7.03266e-05 -7 -16.5 -12.5
2.03206e-05 -8 -17.5 -12
3.42939e-05 -7.5 -17 -12.5
5.2964e-05 -7 -16.5 -13
3.68622e-05 -5.5 -15 -14
2.34429e-05 -7.5 -17 -13
3.38475e-05 -7 -16.5 -13.5
4.36762e-05 -6.5 -16 -14
2.3581e-05 -6.5 -16 -14.5
2.12386e-05 -5.5 -15 -15
4.07175e-05 -6 -15.5 -14.5
3.36436e-05 -5.5 -15 -14.5
6.01539e-05 -6 -15.5 -14
6.38507e-05 -6.5 -16 -13.5
7.04696e-05 -6 -15.5 -13.5
8.18134e-05 -6.5 -16 -13
6.80216e-05 -6 -15.5 -13
8.96828e-05 -6.5 -16 -12.5
5.93446e-05 -6 -15.5 -12.5
8.50419e-05 -6.5 -16 -12
6.99312e-05 -6.5 -16 -11.5
4.17228e-05 -6.5 -16 -11
0.000116406 -3.5 -7.5 -20.5
0.000275345 -3.5 -7.5 -20
0.000592239 -3 -8 -20
0.00042155 -3.5 -7.5 -19.5
0.000483864 -3.5 -7.5 -19
0.000481601 -3.5 -7.5 -18.5
0.000349565 -3.5 -7.5 -18
0.00014815 -3.5 -7.5 -17.5
2.36017e-05 -3.5 -7.5 -17
3.28133e-05 -2.5 -8 -17.5
3.95559e-05 -3 -7.5 -17
0.000104371 -2.5 -8 -18
0.000229417 -3 -7.5 -17.5
0.000215891 -2.5 -8 -18.5
0.00012337 -3.5 -7 -18
0.000316113 -2.5 -8 -19
0.000329298 -2.5 -8 -19.5
0.00105734 -3 -7.5 -19
0.000284731 -2.5 -8 -20
0.0009887 -3 -7.5 -19.5
0.000154268 -2.5 -8 -20.5
4.29956e-05 -2.5 -8 -21
0.000365307 -3 -7.5 -20.5
0.000101254 -3 -7.5 -21
2.53973e-05 -8 -18 -8.5
2.403e-05 -7.5 -17.5 -9
2.99761e-05 -8 -18 -9
3.56346e-05 -7.5 -17.5 -9.5
3.0037e-05 -8 -18 -9.5
3.76921e-05 -7.5 -17.5 -10
2.60258e-05 -8 -18 -10
3.60541e-05 -7.5 -17.5 -10.5
2.38285e-05 -6.5 -16.5 -11
3.109e-05 -7.5 -17.5 -11
2.04172e-05 -6 -16 -12
4.04714e-05 -7 -17 -11.5
2.93819e-05 -6.5 -16.5 -11.5
2.3853e-05 -7.5 -17.5 -11.5
3.24425e-05 -7 -17 -12
2.21283e-05 -6 -16 -12.5
2.15609e-05 -7 -17 -12.5
2.8024e-05 -6.5 -16.5 -12.5
3.13324e-05 -6.5 -16.5 -12
4.17897e-05 -7 -17 -11
3.84792e-05 -7 -17 -10.5
2.57961e-05 -7 -17 -10
5.46964e-05 -3.5 -7 -20.5
0.000124972 -3.5 -7 -20
0.000738971 -3 -7.5 -20
0.000192242 -3.5 -7 -19.5
0.000215401 -3.5 -7 -19
0.000207685 -3.5 -7 -18.5
0.000939493 -3 -7.5 -18.5
0.000615711 -3 -7.5 -18
3.59498e-05 -3.5 -7 -17.5
5.4142e-05 -2.5 -7.5 -17.5
0.000213898 -2.5 -7.5 -18
0.00010696 -3 -7 -17.5
0.000481808 -2.5 -7.5 -18.5
0.00067543 -2.5 -7.5 -19
0.000698336 -2.5 -7.5 -19.5
0.000912407 -3 -7 -19
0.000608719 -2.5 -7.5 -20
0.000371911 -2.5 -7.5 -20.5
0.000138706 -3 -7 -21
2.0141e-05 -3 -7 -21.5
0.000129118 -2.5 -7.5 -21
0.000426571 -3 -7 -20.5
2.56492e-05 -3.5 -6.5 -20
0.000775159 -3 -7 -20
3.4096e-05 -3.5 -6.5 -19.5
0.000933754 -3 -7 -19.5
3.95579e-05 -3.5 -6.5 -19
3.77517e-05 -3.5 -6.5 -18.5
0.000710326 -3 -7 -18.5
2.06318e-05 -3.5 -6.5 -18
0.000389587 -3 -7 -18
7.28352e-05 -2.5 -7 -17.5
0.000292729 -2.5 -7 -18
3.00388e-05 -2 -7.5 -19
0.000697588 -2.5 -7 -18.5
4.20154e-05 -2 -7.5 -19.5
0.00102004 -2.5 -7 -19
3.91474e-05 -2 -7.5 -20
0.00107818 -2.5 -7 -19.5
3.76338e-05 -2 -7.5 -20.5
0.000636551 -2.5 -7 -20.5
4.59168e-05 -2.5 -7 -21.5
2.30216e-05 -3 -6.5 -21.5
0.000144796 -3 -6.5 -21
0.000260948 -2.5 -7 -21
0.000383441 -3 -6.5 -20.5
0.000580264 -3 -6.5 -20
0.000967011 -2.5 -7 -20
0.000660108 -3 -6.5 -19.5
0.000654278 -3 -6.5 -19
0.000467254 -3 -6.5 -18.5
0.000198437 -3 -6.5 -18
3.98585e-05 -3 -6.5 -17.5
2.30837e-05 -2 -7 -18
6.08876e-05 -2.5 -6.5 -17.5
6.86967e-05 -2 -7 -18.5
0.000131154 -2 -7 -19
0.000745423 -2.5 -6.5 -18.5
0.000180257 -2 -7 -19.5
0.00112521 -2.5 -6.5 -19
0.000199936 -2 -7 -20
0.0001808 -2 -7 -20.5
0.000111289 -2 -7 -21
3.7136e-05 -2 -7 -21.5
0.000406646 -2.5 -6.5 -21
8.69175e-05 -2.5 -6.5 -21.5
7.9165e-05 -3 -6 -21
0.000201194 -3 -6 -20.5
0.000839677 -2.5 -6.5 -20.5
0.000308718 -3 -6 -20
0.00114634 -2.5 -6.5 -20
0.00033938 -3 -6 -19.5
0.00123319 -2.5 -6.5 -19.5
0.000326278 -3 -6 -19
0.000198428 -3 -6 -18.5
6.21274e-05 -3 -6 -18
0.000299265 -2.5 -6.5 -18
5.17003e-05 -2 -6.5 -18
0.000180514 -2 -6.5 -18.5
0.000361948 -2 -6.5 -19
0.000512981 -2 -6.5 -19.5
0.00109778 -2.5 -6 -19
0.000572202 -2 -6.5 -20
0.000516883 -2 -6.5 -20.5
0.00117514 -2.5 -6 -20
0.000314802 -2 -6.5 -21
0.000105539 -2 -6.5 -21.5
0.000481723 -2.5 -6 -21
5.14779e-05 -3 -5.5 -20.5
0.000121988 -2.5 -6 -21.5
2.41214e-05 -3 -5.5 -21
0.000902084 -2.5 -6 -20.5
6.70789e-05 -3 -5.5 -20
7.39138e-05 -3 -5.5 -19.5
0.00124951 -2.5 -6 -19.5
7.31892e-05 -3 -5.5 -19
4.27508e-05 -3 -5.5 -18.5
0.000580127 -2.5 -6 -18.5
0.000165848 -2.5 -6 -18
2.31894e-05 -2.5 -6 -17.5
9.29524e-05 -2 -6 -18
0.000359141 -2 -6 -18.5
0.000733116 -2 -6 -19
0.0010137 -2 -6 -19.5
0.000739059 -2.5 -5.5 -19
0.00110465 -2 -6 -20
0.00100192 -2 -6 -20.5
0.000937661 -2.5 -5.5 -20
0.000620584 -2 -6 -21
0.000825583 -2.5 -5.5 -20.5
2.12531e-05 -2 -6 -22
0.000129548 -2.5 -5.5 -21.5
0.00021298 -2 -6 -21.5
0.000477016 -2.5 -5.5 -21
0.000940837 -2.5 -5.5 -19.5
0.000354219 -2.5 -5.5 -18.5
8.26314e-05 -2.5 -5.5 -18
0.00010501 -2 -5.5 -18
0.000437152 -2 -5.5 -18.5
3.20139e-05 -2.5 -5 -18
3.81696e-05 -1.5 -6 -19.5
6.788e-05 -1.5 -6 -20
0.00145296 -2 -5.5 -19.5
8.75505e-05 -1.5 -6 -20.5
8.84424e-05 -1.5 -6 -21
6.57388e-05 -1.5 -6 -21.5
0.000896008 -2 -5.5 -21
0.000441061 -2.5 -5 -20.5
2.43241e-05 -1.5 -6 -22
3.52909e-05 -2 -5.5 -22
8.50597e-05 -2.5 -5 -21.5
0.000333125 -2 -5.5 -21.5
0.000272994 -2.5 -5 -21
0.00139827 -2 -5.5 -20.5
0.000524262 -2.5 -5 -20
0.00153461 -2 -5.5 -20
0.000533699 -2.5 -5 -19.5
0.00040232 -2.5 -5 -19
0.000980057 -2 -5.5 -19
0.000172695 -2.5 -5 -18.5
3.9146e-05 -1.5 -5.5 -18.5
0.00013774 -1.5 -5.5 -19
0.00028754 -1.5 -5.5 -19.5
0.000389182 -1.5 -5.5 -20
0.000402474 -1.5 -5.5 -20.5
0.000143492 -2.5 -4.5 -20
0.000362002 -1.5 -5.5 -21
0.000124397 -2.5 -4.5 -20.5
0.000210638 -1.5 -5.5 -21.5
5.84028e-05 -1.5 -5.5 -22
4.75838e-05 -2 -5 -22
3.21414e-05 -2.5 -4.5 -21.5
0.000395485 -2 -5 -21.5
8.16218e-05 -2.5 -4.5 -21
0.000993467 -2 -5 -21
0.00153296 -2 -5 -20.5
0.00165597 -2 -5 -20
0.000149635 -2.5 -4.5 -19.5
0.00155059 -2 -5 -19.5
0.000109576 -2.5 -4.5 -19
0.0010066 -2 -5 -19
4.00413e-05 -2.5 -4.5 -18.5
0.000412274 -2 -5 -18.5
7.28199e-05 -2 -5 -18
2.01883e-05 -1.5 -5 -18
0.0001152 -1.5 -5 -18.5
0.000407361 -1.5 -5 -19
0.00106184 -1.5 -5 -20
0.0012089 -2 -4.5 -19.5
0.00104639 -1.5 -5 -20.5
0.00134723 -2 -4.5 -20
0.000435745 -1.5 -5 -21.5
4.87355e-05 -2 -4.5 -22
8.77964e-05 -1.5 -5 -22
0.000403857 -2 -4.5 -21.5
0.000960374 -2 -4.5 -21
0.000860903 -1.5 -5 -21
0.00129068 -2 -4.5 -20.5
0.000838541 -1.5 -5 -19.5
0.000695864 -2 -4.5 -19
0.000234589 -2 -4.5 -18.5
3.83623e-05 -2 -4.5 -18
3.70031e-05 -1.5 -4.5 -18
0.000223544 -1.5 -4.5 -18.5
0.000767569 -1.5 -4.5 -19
0.000790256 -2 -4 -20
2.13162e-05 -1 -5 -21.5
3.99136e-05 -2 -4 -22
0.000128464 -1.5 -4.5 -22
0.000249735 -2 -4 -21.5
0.000659596 -1.5 -4.5 -21.5
0.000537791 -2 -4 -21
0.00134606 -1.5 -4.5 -21
0.000742079 -2 -4 -20.5
0.00172252 -1.5 -4.5 -20.5
0.00176446 -1.5 -4.5 -20
0.000724948 -2 -4 -19.5
0.00145633 -1.5 -4.5 -19.5
0.000404378 -2 -4 -19
0.000120102 -2 -4 -18.5
3.88756e-05 -1.5 -4 -18
2.94741e-05 -2 -3.5 -18.5
5.54092e-05 -1 -4.5 -19.5
0.000240732 -2 -3.5 -19.5
0.000119794 -1 -4.5 -20
0.000174529 -1 -4.5 -20.5
0.000177868 -1 -4.5 -21
0.000143118 -1 -4.5 -21.5
7.44656e-05 -1 -4.5 -22
2.01412e-05 -2 -3.5 -22
0.000171346 -1.5 -4 -22
9.7831e-05 -2 -3.5 -21.5
0.000752463 -1.5 -4 -21.5
0.000201457 -2 -3.5 -21
0.00152312 -1.5 -4 -21
0.00026179 -2 -3.5 -20.5
0.0019592 -1.5 -4 -20.5
0.0002739 -2 -3.5 -20
0.00202502 -1.5 -4 -20
0.00168267 -1.5 -4 -19.5
0.000120547 -2 -3.5 -19
0.000870072 -1.5 -4 -19
0.000247462 -1.5 -4 -18.5
3.499e-05 -1 -4 -18.5
0.000163479 -1 -4 -19
0.000395866 -1 -4 -19.5
2.19332e-05 -2 -3 -19.5
0.000603652 -1 -4 -20
0.000651001 -1 -4 -20.5
0.000619938 -1 -4 -21
2.2073e-05 -2 -3 -21
0.000154534 -1 -4 -22
0.000208755 -1.5 -3.5 -22
0.000727296 -1.5 -3.5 -21.5
0.000422996 -1 -4 -21.5
0.00129095 -1.5 -3.5 -21
2.65304e-05 -2 -3 -20.5
0.00161979 -1.5 -3.5 -20.5
2.70248e-05 -2 -3 -20
0.00167062 -1.5 -3.5 -20
0.0013822 -1.5 -3.5 -19.5
0.000664351 -1.5 -3.5 -19
0.000158602 -1.5 -3.5 -18.5
2.27555e-05 -1.5 -3.5 -18
8.70483e-05 -1 -3.5 -18.5
0.000933282 -1 -3.5 -19.5
0.00136295 -1 -3.5 -20.5
0.0012623 -1 -3.5 -21
0.000291729 -1 -3.5 -22
2.04838e-05 -1.5 -3 -22.5
3.45905e-05 -1 -3.5 -22.5
0.000202042 -1.5 -3 -22
0.000512189 -1.5 -3 -21.5
0.000810414 -1 -3.5 -21.5
0.000802848 -1.5 -3 -21
0.000904862 -1.5 -3 -20.5
0.000903421 -1.5 -3 -20
0.00133018 -1 -3.5 -20
0.000654077 -1.5 -3 -19.5
0.000274497 -1.5 -3 -19
0.0003898 -1 -3.5 -19
5.83564e-05 -1.5 -3 -18.5
0.000371637 -1.5 -2.5 -20.5
0.000237046 -1.5 -2.5 -21.5
8.9964e-05 -1 -3 -22.5
0.000106939 -1.5 -2.5 -22
0.000515091 -1 -3 -22
0.0011957 -1 -3 -21.5
0.000341867 -1.5 -2.5 -21
0.00176218 -1 -3 -21
0.00191191 -1 -3 -20.5
0.000363666 -1.5 -2.5 -20
0.00182522 -1 -3 -20
0.000246835 -1.5 -2.5 -19.5
0.00120673 -1 -3 -19.5
9.807e-05 -1.5 -2.5 -19
0.000503992 -1 -3 -19
2.02654e-05 -1.5 -2.5 -18.5
0.000111345 -1 -3 -18.5
5.45467e-05 -1.5 -2 -20.5
4.05215e-05 -1.5 -2 -21.5
4.39079e-05 -0.5 -3 -22
5.23241e-05 -0.5 -3 -22.5
2.45911e-05 -0.5 -3 -23
0.000133573 -1 -2.5 -22.5
0.000705085 -1 -2.5 -22
0.00150007 -1 -2.5 -21.5
5.27605e-05 -1.5 -2 -21
0.00205308 -1 -2.5 -21
0.00217345 -1 -2.5 -20.5
5.27773e-05 -1.5 -2 -20
0.00196881 -1 -2.5 -20
3.42474e-05 -1.5 -2 -19.5
0.00122855 -1 -2.5 -19.5
0.000471697 -1 -2.5 -19
9.40795e-05 -1 -2.5 -18.5
3.30331e-05 -0.5 -2.5 -19
0.000134203 -0.5 -2.5 -19.5
0.000358908 -0.5 -2.5 -20
0.000587206 -0.5 -2.5 -20.5
2.09208e-05 -0.5 -2.5 -23
0.000111589 -1 -2 -22.5
0.000217004 -0.5 -2.5 -22.5
0.000715172 -1 -2 -22
0.00054074 -0.5 -2.5 -22
0.00148406 -1 -2 -21.5
0.000731837 -0.5 -2.5 -21.5
0.00181972 -1 -2 -21
0.000750691 -0.5 -2.5 -21
0.00184602 -1 -2 -20.5
0.00161931 -1 -2 -20
0.00092949 -1 -2 -19.5
0.000315593 -1 -2 -19
6.04035e-05 -1 -2 -18.5
9.62645e-05 -0.5 -2 -18.5
0.000487298 -0.5 -2 -19
4.22558e-05 -1 -1.5 -22.5
0.000299926 -0.5 -2 -22.5
0.000252013 -1 -1.5 -22
0.00141919 -0.5 -2 -22
0.000563815 -1 -1.5 -21.5
0.0027199 -0.5 -2 -21.5
0.000797276 -1 -1.5 -21
0.00335852 -0.5 -2 -21
0.000855762 -1 -1.5 -20.5
0.00342854 -0.5 -2 -20.5
0.00080569 -1 -1.5 -20
0.0027523 -0.5 -2 -20
0.000481663 -1 -1.5 -19.5
0.00147826 -0.5 -2 -19.5
0.000164545 -1 -1.5 -19
3.12476e-05 -1 -1.5 -18.5
0.000266055 -0.5 -1.5 -22.5
3.99042e-05 -1 -1 -22
0.00179366 -0.5 -1.5 -22
9.83167e-05 -1 -1 -21.5
0.00378859 -0.5 -1.5 -21.5
0.000137749 -1 -1 -21
0.00497505 -0.5 -1.5 -21
0.000146732 -1 -1 -20.5
0.00518638 -0.5 -1.5 -20.5
0.000137492 -1 -1 -20
0.00466559 -0.5 -1.5 -20
8.15626e-05 -1 -1 -19.5
0.0027128 -0.5 -1.5 -19.5
2.69728e-05 -1 -1 -19
0.000927081 -0.5 -1.5 -19
0.00017956 -0.5 -1.5 -18.5
2.60284e-05 -0.5 -1.5 -18
0.000116745 -0.5 -1 -22.5
0.00131445 -0.5 -1 -22
0.00327105 -0.5 -1 -21.5
0.00462043 -0.5 -1 -21
0.00489436 -0.5 -1 -20.5
0.00456571 -0.5 -1 -20
0.0027132 -0.5 -1 -19.5
0.000920926 -0.5 -1 -19
0.00017461 -0.5 -1 -18.5
2.47395e-05 -0.5 -1 -18
2.50441e-05 -0.5 -0.5 -22.5
0.000254426 -0.5 -0.5 -22
0.000678275 -0.5 -0.5 -21.5
0.00100983 -0.5 -0.5 -21
0.00109899 -0.5 -0.5 -20.5
0.00106409 -0.5 -0.5 -20
0.000648353 -0.5 -0.5 -19.5
0.000198778 -0.5 -0.5 -19
3.33856e-05 -0.5 -0.5 -18.5
3.94708e-05 -0.5 0 -21.5
5.13923e-05 -0.5 0 -21
5.34331e-05 -0.5 0 -20.5
4.63574e-05 -0.5 0 -20
2.1677e-05 -0.5 0 -19.5
0.000425668 0 0 -22.5
0.00163297 0 0 -22
0.00289973 0 0 -21.5
0.00348831 0 0 -21
0.00356126 0 0 -20.5
0.00298416 0 0 -20
0.00162625 0 0 -19.5
0.000528399 0 0 -19
0.000102255 0 0 -18.5
0.000646174 0 0.5 -22.5
0.00299478 0 0.5 -22
0.00571297 0 0.5 -21.5
0.00713021 0 0.5 -21
0.00733675 0 0.5 -20.5
0.00640834 0 0.5 -20
0.00363619 0 0.5 -19.5
0.00123199 0 0.5 -19
0.00024007 0 0.5 -18.5
3.49344e-05 0 0.5 -18
0.000198128 0 1 -22.5
3.99792e-05 0.5 0.5 -22.5
0.00116327 0 1 -22
0.000167612 0.5 0.5 -22
0.00238472 0 1 -21.5
0.000314903 0.5 0.5 -21.5
0.00307039 0 1 -21
0.000397893 0.5 0.5 -21
0.00317919 0 1 -20.5
0.000412333 0.5 0.5 -20.5
0.00282837 0 1 -20
0.000365841 0.5 0.5 -20
0.00161507 0 1 -19.5
0.000209459 0.5 0.5 -19.5
0.000538765 0 1 -19
7.2043e-05 0.5 0.5 -19
0.000101876 0 1 -18.5
0.000132223 0.5 1 -22.5
7.26854e-05 0 1.5 -22
0.000651744 0.5 1 -22
0.000132638 0 1.5 -21.5
0.00128029 0.5 1 -21.5
0.00015756 0 1.5 -21
0.00165243 0.5 1 -21
0.000159338 0 1.5 -20.5
0.00171971 0.5 1 -20.5
0.00012259 0 1.5 -20
0.00156731 0.5 1 -20
5.43089e-05 0 1.5 -19.5
0.000919643 0.5 1 -19.5
0.000321103 0.5 1 -19
6.39321e-05 0.5 1 -18.5
2.06773e-05 1 1 -20
2.3832e-05 1 1 -20.5
2.26486e-05 1 1 -21
0.000111186 0.5 1.5 -22.5
0.000916672 0.5 1.5 -22
0.002089 0.5 1.5 -21.5
0.00288634 0.5 1.5 -21
0.00305277 0.5 1.5 -20.5
0.00288866 0.5 1.5 -20
0.00179929 0.5 1.5 -19.5
0.000638596 0.5 1.5 -19
0.000117869 0.5 1.5 -18.5
0.000227066 1 1.5 -21.5
9.0767e-05 0.5 2 -22.5
0.000811295 0.5 2 -22
0.000106088 1 1.5 -22
0.00193455 0.5 2 -21.5
0.00271572 0.5 2 -21
0.000310515 1 1.5 -21
0.00288193 0.5 2 -20.5
0.000328955 1 1.5 -20.5
0.00274001 0.5 2 -20
0.000310801 1 1.5 -20
0.00175904 0.5 2 -19.5
0.000193322 1 1.5 -19.5
0.00068641 0.5 2 -19
7.29587e-05 1 1.5 -19
0.00014677 0.5 2 -18.5
2.14236e-05 0.5 2 -18
0.000771316 1 2 -19.5
0.000310262 1 2 -22
5.22544e-05 0.5 2.5 -22.5
3.6843e-05 1 2 -22.5
0.000537327 0.5 2.5 -22
0.00134468 0.5 2.5 -21.5
0.000743128 1 2 -21.5
0.0019518 0.5 2.5 -21
0.0010877 1 2 -21
0.00209085 0.5 2.5 -20.5
0.00119055 1 2 -20.5
0.00198231 0.5 2.5 -20
0.00116511 1 2 -20
0.0012596 0.5 2.5 -19.5
0.000489504 0.5 2.5 -19
0.00029813 1 2 -19
0.000105438 0.5 2.5 -18.5
6.2058e-05 1 2 -18.5
0.000147926 1 2.5 -18.5
2.19852e-05 1.5 2 -20
2.23627e-05 1.5 2 -20.5
0.00205405 1 2.5 -20
0.00206278 1 2.5 -20.5
3.03125e-05 0.5 3 -22.5
3.4582e-05 1 2.5 -22.5
0.000208689 0.5 3 -22
0.000480232 1 2.5 -22
0.000460662 0.5 3 -21.5
0.00130663 1 2.5 -21.5
0.000616898 0.5 3 -21
0.00190631 1 2.5 -21
0.000642403 0.5 3 -20.5
0.000593908 0.5 3 -20
0.000374219 0.5 3 -19.5
0.00152755 1 2.5 -19.5
0.000145752 0.5 3 -19
0.000675149 1 2.5 -19
3.01917e-05 0.5 3 -18.5
2.10688e-05 1 2.5 -18
2.10151e-05 1.5 2.5 -18.5
8.73449e-05 1.5 2.5 -19
0.000188923 1.5 2.5 -19.5
0.000250089 1.5 2.5 -20
0.000249599 1.5 2.5 -20.5
0.000230696 1.5 2.5 -21
0.000156468 1.5 2.5 -21.5
6.24568e-05 1.5 2.5 -22
2.47026e-05 1 3 -22.5
3.51834e-05 0.5 3.5 -22
0.000438216 1 3 -22
5.06912e-05 0.5 3.5 -21.5
0.00135742 1 3 -21.5
5.17036e-05 0.5 3.5 -21
0.00227788 1 3 -21
4.14166e-05 0.5 3.5 -20.5
0.00262952 1 3 -20.5
2.33366e-05 0.5 3.5 -20
0.00265018 1 3 -20
0.00210919 1 3 -19.5
0.00106568 1 3 -19
0.000289879 1 3 -18.5
4.47738e-05 1 3 -18
0.000113217 1.5 3 -18.5
0.00040096 1.5 3 -19
0.000774582 1.5 3 -19.5
0.000924528 1.5 3 -20
0.000903042 1.5 3 -20.5
0.000761798 1.5 3 -21
0.000453584 1.5 3 -21.5
0.000147395 1.5 3 -22
0.000284308 1 3.5 -22
0.00108251 1 3.5 -21.5
0.00190849 1 3.5 -21
0.00226889 1 3.5 -20.5
0.00230159 1 3.5 -20
0.00190305 1 3.5 -19.5
0.00100925 1 3.5 -19
0.000305703 1 3.5 -18.5
5.67467e-05 1 3.5 -18
4.69414e-05 1.5 3.5 -18
0.00151168 1.5 3.5 -19.5
0.00166804 1.5 3.5 -20.5
0.00137439 1.5 3.5 -21
0.000766196 1.5 3.5 -21.5
0.000174586 1.5 3.5 -22
0.00013997 1 4 -22
0.000588152 1 4 -21.5
0.00108787 1 4 -21
0.00131689 1 4 -20.5
0.00133714 1 4 -20
0.00171316 1.5 3.5 -20
0.00113788 1 4 -19.5
0.000612601 1 4 -19
0.000828638 1.5 3.5 -19
0.000204058 1 4 -18.5
0.000259072 1.5 3.5 -18.5
3.77089e-05 1 4 -18
3.09324e-05 2 3.5 -18.5
8.75685e-05 2 3.5 -19
0.000523642 1.5 4 -18.5
0.000137658 2 3.5 -19.5
0.00148991 1.5 4 -19
0.000141849 2 3.5 -20
0.000134229 2 3.5 -20.5
0.000105889 2 3.5 -21
6.18927e-05 2 3.5 -21.5
5.35902e-05 1 4.5 -22
0.00013735 1.5 4 -22
0.000208334 1 4.5 -21.5
0.000774316 1.5 4 -21.5
0.000370776 1 4.5 -21
0.00169795 1.5 4 -21
0.000451415 1 4.5 -20.5
0.00232187 1.5 4 -20.5
0.000457081 1 4.5 -20
0.00245209 1.5 4 -20
0.000383236 1 4.5 -19.5
0.00233521 1.5 4 -19.5
0.000219568 1 4.5 -19
7.65847e-05 1 4.5 -18.5
9.59724e-05 1.5 4 -18
3.08902e-05 2 4 -18
0.000175118 2 4 -18.5
0.000464252 2 4 -19
0.000673012 2 4 -19.5
0.00067677 2 4 -20
0.00226832 1.5 4.5 -19.5
0.00061548 2 4 -20.5
0.000439247 2 4 -21
0.000209845 2 4 -21.5
3.34523e-05 2 4 -22
7.31663e-05 1.5 4.5 -22
3.74632e-05 1 5 -21.5
0.000637273 1.5 4.5 -21.5
6.0394e-05 1 5 -21
0.0015486 1.5 4.5 -21
6.7055e-05 1 5 -20.5
0.00220454 1.5 4.5 -20.5
6.40855e-05 1 5 -20
0.00235293 1.5 4.5 -20
4.4186e-05 1 5 -19.5
2.27821e-05 1 5 -19
0.00156097 1.5 4.5 -19
0.000715558 1.5 4.5 -18.5
0.000170916 1.5 4.5 -18
2.51398e-05 1.5 4.5 -17.5
0.0004806 2 4.5 -18.5
0.00103831 2 4.5 -19
0.00137818 2 4.5 -19.5
0.00126444 2 4.5 -20.5
0.000875086 2 4.5 -21
2.60568e-05 2 4.5 -22
3.10285e-05 1.5 5 -22
0.000379404 1.5 5 -21.5
0.000328575 2 4.5 -21.5
0.00108555 1.5 5 -21
0.00165587 1.5 5 -20.5
0.00175976 1.5 5 -20
0.00138007 2 4.5 -20
0.00167339 1.5 5 -19.5
0.00122389 1.5 5 -19
0.0005979 1.5 5 -18.5
0.000159623 1.5 5 -18
0.000113643 2 4.5 -18
2.44336e-05 1.5 5 -17.5
3.96649e-05 2.5 4.5 -18.5
0.000247415 2 5 -18
7.78295e-05 2.5 4.5 -19
8.64469e-05 2.5 4.5 -19.5
0.00176367 2 5 -19
8.28788e-05 2.5 4.5 -20
6.96188e-05 2.5 4.5 -20.5
4.83026e-05 2.5 4.5 -21
2.10184e-05 2 5 -22
0.000168188 1.5 5.5 -21.5
0.000302148 2 5 -21.5
0.000530874 1.5 5.5 -21
0.00096517 2 5 -21
0.000842097 1.5 5.5 -20.5
0.00167875 2 5 -20.5
0.000894916 1.5 5.5 -20
0.00206527 2 5 -20
0.000829882 1.5 5.5 -19.5
0.00212789 2 5 -19.5
0.000606237 1.5 5.5 -19
0.000291629 1.5 5.5 -18.5
0.000891031 2 5 -18.5
9.23283e-05 1.5 5.5 -18
3.56097e-05 2 5 -17.5
6.98737e-05 2.5 5 -18
0.00025185 2.5 5 -18.5
0.000476943 2.5 5 -19
0.0013257 2 5.5 -18.5
0.000525947 2.5 5 -19.5
0.000500143 2.5 5 -20
0.00220528 2 5.5 -19.5
0.000386581 2.5 5 -20.5
0.000204695 2.5 5 -21
0.00164616 2 5.5 -20.5
5.54382e-05 2.5 5 -21.5
0.000879292 2 5.5 -21
5.29532e-05 1.5 6 -21.5
0.000204905 2 5.5 -21.5
0.000170517 1.5 6 -21
0.000270091 1.5 6 -20.5
0.000290587 1.5 6 -20
0.00210674 2 5.5 -20
0.000265946 1.5 6 -19.5
0.000194242 1.5 6 -19
0.00206542 2 5.5 -19
0.000103128 1.5 6 -18.5
3.58697e-05 1.5 6 -18
0.000514454 2 5.5 -18
9.68768e-05 2 5.5 -17.5
0.000294897 2.5 5.5 -18
0.000762556 2.5 5.5 -18.5
0.000545845 2 6 -18
0.00115056 2.5 5.5 -19.5
0.00187423 2 6 -19
0.00105933 2.5 5.5 -20
0.000778417 2.5 5.5 -20.5
0.000386881 2.5 5.5 -21
6.77599e-05 2.5 5.5 -21.5
0.000102204 2 6 -21.5
0.000615343 2 6 -21
3.38501e-05 1.5 6.5 -20.5
0.00135277 2 6 -20.5
3.83123e-05 1.5 6.5 -20
0.00186697 2 6 -20
3.13418e-05 1.5 6.5 -19.5
0.00197648 2 6 -19.5
0.00112855 2.5 5.5 -19
0.00128409 2 6 -18.5
0.00013209 2 6 -17.5
5.40424e-05 2.5 5.5 -17.5
2.19683e-05 2 6 -17
2.11353e-05 3 5.5 -18
0.000152446 2.5 6 -17.5
4.76708e-05 3 5.5 -18.5
5.5878e-05 3 5.5 -19
5.12848e-05 3 5.5 -19.5
0.00166821 2.5 6 -19
4.13e-05 3 5.5 -20
2.80973e-05 3 5.5 -20.5
0.00158129 2.5 6 -20
4.93311e-05 2.5 6 -21.5
3.55611e-05 2 6.5 -21.5
0.000308678 2 6.5 -21
0.000396679 2.5 6 -21
0.000779949 2 6.5 -20.5
0.00104123 2.5 6 -20.5
0.00115645 2 6.5 -20
0.00125811 2 6.5 -19.5
0.00168834 2.5 6 -19.5
0.00121685 2 6.5 -19
0.000899894 2 6.5 -18.5
0.00125187 2.5 6 -18.5
0.000417935 2 6.5 -18
0.000605083 2.5 6 -18
0.000101542 2 6.5 -17.5
4.35964e-05 3 6 -17.5
5.71217e-05 2.5 6.5 -17
5.66276e-05 2 7 -17.5
0.000321805 3 6 -18.5
0.000348933 3 6 -19
0.000386294 2 7 -18.5
0.000333656 3 6 -19.5
0.00027115 3 6 -20
0.000150561 3 6 -20.5
5.51993e-05 3 6 -21
2.66797e-05 2.5 6.5 -21.5
0.000102815 2 7 -21
0.000308241 2.5 6.5 -21
0.000314562 2 7 -20.5
0.000963687 2.5 6.5 -20.5
0.00049451 2 7 -20
0.00163001 2.5 6.5 -20
0.000548544 2 7 -19.5
0.00201545 2.5 6.5 -19.5
0.00050084 2 7 -19
0.00206772 2.5 6.5 -19
0.00180271 2.5 6.5 -18.5
0.000197641 2 7 -18
0.0010938 2.5 6.5 -18
0.000163615 3 6 -18
0.000372835 2.5 6.5 -17.5
3.4273e-05 3 6.5 -17
2.21571e-05 2.5 7 -16.5
0.000217705 3 6.5 -17.5
0.000580485 3 6.5 -18
0.000870284 3 6.5 -18.5
0.000897566 3 6.5 -19
0.000841082 3 6.5 -19.5
0.000647152 3 6.5 -20
0.000356736 3 6.5 -20.5
8.64775e-05 3 6.5 -21
0.000166037 2.5 7 -21
6.80876e-05 2 7.5 -20.5
0.000716774 2.5 7 -20.5
0.000136589 2 7.5 -20
0.00143904 2.5 7 -20
0.000158617 2 7.5 -19.5
0.00188773 2.5 7 -19.5
0.000152772 2 7.5 -19
0.00196982 2.5 7 -19
0.000119146 2 7.5 -18.5
0.00178446 2.5 7 -18.5
6.71315e-05 2 7.5 -18
0.00122259 2.5 7 -18
2.47236e-05 2 7.5 -17.5
0.000601351 2.5 7 -17.5
0.000161286 2.5 7 -17
3.29047e-05 3.5 6.5 -18
3.20798e-05 3.5 6.5 -18.5
0.00106365 3 7 -18
2.49427e-05 3.5 6.5 -19
0.0014838 3 7 -19
0.000949209 3 7 -20
5.88362e-05 2.5 7.5 -21
7.10361e-05 3 7 -21
0.000393996 2.5 7.5 -20.5
0.000396944 3 7 -20.5
0.000968457 2.5 7.5 -20
0.00142424 2.5 7.5 -19.5
0.00141039 3 7 -19.5
0.00149222 2.5 7.5 -19
0.00138078 2.5 7.5 -18.5
0.00143027 3 7 -18.5
0.00101357 2.5 7.5 -18
0.000536542 2.5 7.5 -17.5
0.000530096 3 7 -17.5
0.000162431 2.5 7.5 -17
0.00013506 3 7 -17
2.55953e-05 2.5 7.5 -16.5
3.75873e-05 3.5 7 -17
0.000130399 3.5 7 -17.5
0.000347467 3 7.5 -17
0.0003186 2.5 8 -17.5
0.000235501 3.5 7 -18
0.000229195 3.5 7 -18.5
0.000747312 2.5 8 -18.5
0.000213327 3.5 7 -19
0.000171034 3.5 7 -19.5
0.000102878 3.5 7 -20
0.000749647 2.5 8 -19.5
3.92164e-05 3.5 7 -20.5
3.71132e-05 3 7.5 -21
0.000139902 2.5 8 -20.5
0.000330405 3 7.5 -20.5
0.000448265 2.5 8 -20
0.000893746 3 7.5 -20
0.00143048 3 7.5 -19.5
0.000815802 2.5 8 -19
0.00184269 3 7.5 -19
0.00191489 3 7.5 -18.5
0.000583255 2.5 8 -18
0.00165012 3 7.5 -18
0.000968947 3 7.5 -17.5
0.000117905 2.5 8 -17
5.7008e-05 3 7.5 -16.5
0.000192365 3.5 7.5 -17
0.000496018 3.5 7.5 -17.5
0.000716922 3.5 7.5 -18
0.000136875 2.5 8.5 -17.5
0.000722975 3.5 7.5 -18.5
0.000660767 3.5 7.5 -19
0.00049418 3.5 7.5 -19.5
0.000271214 3.5 7.5 -20
7.34631e-05 3.5 7.5 -20.5
0.000691544 3 8 -20
0.000189164 3 8 -20.5
0.000121631 2.5 8.5 -20
0.000256919 2.5 8.5 -19.5
0.00132091 3 8 -19.5
0.000295427 2.5 8.5 -19
0.00176811 3 8 -19
0.000273871 2.5 8.5 -18.5
0.00188498 3 8 -18.5
0.000225632 2.5 8.5 -18
0.00173784 3 8 -18
0.00129719 3 8 -17.5
5.77171e-05 2.5 8.5 -17
0.000660888 3 8 -17
0.000200039 3 8 -16.5
3.49226e-05 3.5 7.5 -16.5
2.52241e-05 3 8 -16
0.00016699 3.5 8 -16.5
2.42064e-05 4 7.5 -17.5
4.18321e-05 2.5 9 -17.5
6.07071e-05 2.5 9 -18
6.9994e-05 2.5 9 -18.5
0.00115034 3.5 8 -19
6.77498e-05 2.5 9 -19
3.81212e-05 2.5 9 -19.5
0.000332538 3.5 8 -20
6.9679e-05 3.5 8 -20.5
6.46158e-05 3 8.5 -20.5
0.000396635 3 8.5 -20
0.000948137 3 8.5 -19.5
0.000763889 3.5 8 -19.5
0.00143283 3 8.5 -19
0.00161947 3 8.5 -18.5
0.00128958 3.5 8 -18.5
0.00153671 3 8.5 -18
0.00126874 3.5 8 -18
0.00113399 3 8.5 -17.5
0.00100308 3.5 8 -17.5
0.000636632 3 8.5 -17
0.000535776 3.5 8 -17
0.000235323 3 8.5 -16.5
5.49555e-05 3 8.5 -16
2.19734e-05 3.5 8 -16
4.76641e-05 4 8 -16.5
5.08858e-05 3 9 -16
0.000118737 4 8 -17
0.000455754 3 9 -17
0.00016672 4 8 -18
0.000150355 4 8 -18.5
0.000115653 4 8 -19
0.00158951 3.5 8.5 -18.5
0.000986206 3 9 -18
0.000468831 3 9 -19.5
0.000746333 3.5 8.5 -19.5
3.98375e-05 3.5 8.5 -20.5
0.000144933 3 9 -20
0.000279678 3.5 8.5 -20
0.000820503 3 9 -19
6.46438e-05 4 8 -19.5
0.00124572 3.5 8.5 -19
0.00100253 3 9 -18.5
0.00168564 3.5 8.5 -18
0.000747988 3 9 -17.5
0.00154391 3.5 8.5 -17.5
0.000166423 4 8 -17.5
0.000985789 3.5 8.5 -17
0.000189792 3 9 -16.5
0.000427255 3.5 8.5 -16.5
9.68528e-05 3.5 8.5 -16
5.95365e-05 3.5 9 -15.5
3.52394e-05 3 9.5 -16
0.000228519 4 8.5 -16.5
0.000108575 3 9.5 -16.5
0.000463393 4 8.5 -17
0.00060326 4 8.5 -17.5
0.000216666 3 9.5 -17
0.00033989 3 9.5 -17.5
0.000601857 4 8.5 -18
0.000438577 3 9.5 -18.5
0.000337406 4 8.5 -19
0.00155553 3.5 9 -18.5
0.000165952 4 8.5 -19.5
4.57061e-05 4 8.5 -20
0.000157524 3.5 9 -20
0.000141598 3 9.5 -19.5
0.000578397 3.5 9 -19.5
0.000322112 3 9.5 -19
0.00114125 3.5 9 -19
0.000436011 3 9.5 -18
0.000511192 4 8.5 -18.5
0.00171299 3.5 9 -18
0.00167004 3.5 9 -17.5
0.0013379 3.5 9 -17
0.00079982 3.5 9 -16.5
0.000314709 3.5 9 -16
5.93244e-05 4 8.5 -16
2.76214e-05 3.5 9.5 -15
2.00856e-05 3 10 -16
0.000614396 4 9 -16.5
0.000369498 3.5 9.5 -16
4.89777e-05 3 10 -16.5
8.1952e-05 3 10 -17
0.00154448 3.5 9.5 -17.5
0.00110752 4 9 -17.5
0.000108596 3 10 -17.5
0.00129423 3.5 9.5 -18.5
0.00013257 3 10 -18
0.000893304 4 9 -18.5
0.000118864 3 10 -18.5
0.00023126 4 9 -19.5
4.72987e-05 4 9 -20
5.20917e-05 3.5 9.5 -20
0.000317766 3.5 9.5 -19.5
5.5896e-05 3 10 -19
0.000812725 3.5 9.5 -19
0.000559594 4 9 -19
0.00154931 3.5 9.5 -18
0.00105815 4 9 -18
0.00127176 3.5 9.5 -17
0.000962054 4 9 -17
0.000785523 3.5 9.5 -16.5
0.000255308 4 9 -16
0.000125843 3.5 9.5 -15.5
5.36657e-05 4 9 -15.5
2.68686e-05 3.5 10 -15
2.44789e-05 4.5 9 -15.5
4.02297e-05 4 9.5 -15
0.000115388 3.5 10 -15.5
0.000319588 3.5 10 -16
0.000116765 4.5 9 -16.5
0.000583771 4 9.5 -16
0.0001047 4.5 9 -18
6.54901e-05 4.5 9 -18.5
2.47277e-05 4 9.5 -20
0.000103932 3.5 10 -19.5
0.0001924 4 9.5 -19.5
0.000404222 3.5 10 -19
0.000547829 4 9.5 -19
0.0007913 3.5 10 -18.5
0.000986578 4 9.5 -18.5
0.00101153 3.5 10 -18
0.00133936 4 9.5 -18
0.00106723 3.5 10 -17.5
0.00148093 4 9.5 -17.5
0.000926305 3.5 10 -17
0.000127073 4.5 9 -17.5
0.00135849 4 9.5 -17
0.000623628 3.5 10 -16.5
0.000132998 4.5 9 -17
0.0010688 4 9.5 -16.5
6.63617e-05 4.5 9 -16
0.000210857 4 9.5 -15.5
2.92659e-05 4 10 -14.5
0.000178751 4 10 -15
2.3106e-05 3.5 10.5 -15
7.82447e-05 3.5 10.5 -15.5
0.000296105 4.5 9.5 -16
0.000198902 3.5 10.5 -16
0.00033858 3.5 10.5 -16.5
0.000476119 3.5 10.5 -17
0.000521318 3.5 10.5 -17.5
0.000202402 4.5 9.5 -18.5
0.000101891 4 10 -19.5
0.000100864 3.5 10.5 -19
0.000398502 4 10 -19
0.000312018 3.5 10.5 -18.5
8.28203e-05 4.5 9.5 -19
0.000855324 4 10 -18.5
0.000466453 3.5 10.5 -18
0.00129232 4 10 -18
0.000354008 4.5 9.5 -18
0.00151765 4 10 -17.5
0.000474047 4.5 9.5 -17.5
0.00154728 4 10 -17
0.000515391 4.5 9.5 -17
0.00137238 4 10 -16.5
0.000457022 4.5 9.5 -16.5
0.000969608 4 10 -16
0.000524408 4 10 -15.5
0.000126597 4.5 9.5 -15.5
3.22543e-05 4.5 9.5 -15
8.93236e-05 4 10.5 -14.5
0.000268434 4 10.5 -15
0.000568122 4 10.5 -15.5
4.49311e-05 3.5 11 -15.5
8.76619e-05 3.5 11 -16
0.000131762 3.5 11 -16.5
0.000167969 3.5 11 -17
0.000166552 3.5 11 -17.5
0.000121767 3.5 11 -18
4.45486e-05 3.5 11 -18.5
2.3066e-05 4 10.5 -19.5
2.34363e-05 4.5 10 -19.5
0.000196169 4 10.5 -19
0.000133998 4.5 10 -19
0.000579973 4 10.5 -18.5
0.000357517 4.5 10 -18.5
0.00102916 4 10.5 -18
0.000649934 4.5 10 -18
0.00134973 4 10.5 -17.5
0.000851311 4.5 10 -17.5
0.00144309 4 10.5 -17
0.000948874 4.5 10 -17
0.00132191 4 10.5 -16.5
0.000904739 4.5 10 -16.5
0.000991578 4 10.5 -16
0.000716765 4.5 10 -16
0.000416539 4.5 10 -15.5
0.000161249 4.5 10 -15
3.26736e-05 4.5 10 -14.5
2.23824e-05 4 11 -14
2.19335e-05 5 10 -14.5
8.86274e-05 4 11 -14.5
5.61238e-05 5 10 -15
0.000243023 4 11 -15
0.000501331 4 11 -15.5
0.000810245 4 11 -16
0.000114302 5 10 -16.5
2.0007e-05 3.5 11.5 -16
0.00097933 4 11 -16.5
9.72021e-05 5 10 -17
3.09102e-05 3.5 11.5 -16.5
3.23903e-05 3.5 11.5 -17
4.70873e-05 4 11 -19
0.000107818 4.5 10.5 -19
0.000258192 4 11 -18.5
0.000342778 4.5 10.5 -18.5
0.000601498 4 11 -18
0.00068062 4.5 10.5 -18
0.000917113 4 11 -17.5
0.00104777 4.5 10.5 -17.5
0.00104935 4 11 -17
6.03159e-05 5 10 -17.5
0.00125779 4.5 10.5 -17
0.00124613 4.5 10.5 -16.5
0.00107692 4.5 10.5 -16
0.000119504 5 10 -16
0.000787187 4.5 10.5 -15.5
9.80173e-05 5 10 -15.5
0.000427657 4.5 10.5 -15
0.00015811 4.5 10.5 -14.5
2.95409e-05 4.5 10.5 -14
2.43491e-05 4.5 11 -13.5
0.000157776 4.5 11 -14
2.12606e-05 4 11.5 -14
0.000421854 4.5 11 -14.5
7.35401e-05 4 11.5 -14.5
0.000768919 4.5 11 -15
0.000168435 4 11.5 -15
0.000310134 4 11.5 -15.5
0.000458903 4 11.5 -16
0.000527554 4 11.5 -16.5
0.000528868 4 11.5 -17
0.000408387 4 11.5 -17.5
0.000207436 4 11.5 -18
4.90218e-05 4.5 11 -19
4.08732e-05 4 11.5 -18.5
0.000230507 4.5 11 -18.5
3.8796e-05 5 10.5 -18.5
0.000561468 4.5 11 -18
0.000101118 5 10.5 -18
0.000929422 4.5 11 -17.5
0.000210535 5 10.5 -17.5
0.00122649 4.5 11 -17
0.000335638 5 10.5 -17
0.00136889 4.5 11 -16.5
0.00042752 5 10.5 -16.5
0.00130457 4.5 11 -16
0.000439858 5 10.5 -16
0.0011085 4.5 11 -15.5
0.000372686 5 10.5 -15.5
0.000241188 5 10.5 -15
0.000111978 5 10.5 -14.5
3.10977e-05 5 10.5 -14
8.15106e-05 4.5 11.5 -13.5
0.000241396 4.5 11.5 -14
0.000480603 4.5 11.5 -14.5
4.38132e-05 4 12 -14.5
0.000800976 4.5 11.5 -15
8.43385e-05 4 12 -15
0.00110414 4.5 11.5 -15.5
0.000131437 4 12 -15.5
0.00123945 4.5 11.5 -16
0.000175556 4 12 -16
0.000190993 4 12 -16.5
0.00015884 4 12 -17
7.98849e-05 4 12 -17.5
9.39817e-05 4.5 11.5 -18.5
6.29969e-05 5 11 -18.5
0.000338558 4.5 11.5 -18
0.000193086 5 11 -18
0.000680252 4.5 11.5 -17.5
0.000403201 5 11 -17.5
0.00102557 4.5 11.5 -17
0.000626754 5 11 -17
0.00124671 4.5 11.5 -16.5
0.000773225 5 11 -16.5
0.00082304 5 11 -16
0.000761648 5 11 -15.5
0.000593348 5 11 -15
2.18544e-05 5.5 10.5 -15
0.000359352 5 11 -14.5
2.0731e-05 5.5 10.5 -14.5
0.000155218 5 11 -14
4.40726e-05 5 11 -13.5
2.43519e-05 4.5 12 -13
3.05516e-05 5.5 11 -13.5
8.27778e-05 4.5 12 -13.5
6.82944e-05 5.5 11 -14
0.00022151 4.5 12 -14
0.000106139 5.5 11 -14.5
0.000432054 4.5 12 -14.5
0.00012481 5.5 11 -15
0.000676697 4.5 12 -15
0.00011174 5.5 11 -15.5
3.0812e-05 4 12.5 -15
0.000858803 4.5 12 -15.5
4.04595e-05 4 12.5 -15.5
0.000950439 4.5 12 -16
3.51692e-05 4 12.5 -16
0.000883157 4.5 12 -16.5
0.00064059 4.5 12 -17
4.70228e-05 5 11.5 -18.5
0.000117702 4.5 12 -18
0.000178231 5 11.5 -18
0.000349642 4.5 12 -17.5
0.000402299 5 11.5 -17.5
0.000689797 5 11.5 -17
0.000968734 5 11.5 -16.5
5.85464e-05 5.5 11 -16.5
0.00110716 5 11.5 -16
9.65453e-05 5.5 11 -16
0.00104972 5 11.5 -15.5
0.000923202 5 11.5 -15
0.000682922 5 11.5 -14.5
0.000401029 5 11.5 -14
0.000178895 5 11.5 -13.5
4.84061e-05 5 11.5 -13
4.59929e-05 5 12 -12.5
0.000195828 5 12 -13
2.27249e-05 4.5 12.5 -13
0.000413172 5 12 -13.5
7.08608e-05 4.5 12.5 -13.5
0.000685816 5 12 -14
0.000155836 4.5 12.5 -14
0.000940867 5 12 -14.5
0.000279663 4.5 12.5 -14.5
0.00110817 5 12 -15
0.00040719 4.5 12.5 -15
0.000472609 4.5 12.5 -15.5
0.000315426 5.5 11.5 -16
0.000499952 4.5 12.5 -16
0.000402018 4.5 12.5 -16.5
0.000105267 5.5 11.5 -17
4.79975e-05 5.5 11.5 -17.5
0.000237546 4.5 12.5 -17
7.955e-05 4.5 12.5 -17.5
0.000102825 5 12 -18
0.00030523 5 12 -17.5
0.000583948 5 12 -17
0.000867268 5 12 -16.5
0.00019953 5.5 11.5 -16.5
0.00107871 5 12 -16
0.00117103 5 12 -15.5
0.000386433 5.5 11.5 -15.5
0.000408605 5.5 11.5 -15
0.000355603 5.5 11.5 -14.5
0.000252195 5.5 11.5 -14
0.000140191 5.5 11.5 -13.5
5.22331e-05 5.5 11.5 -13
2.28148e-05 5 12.5 -12
8.39523e-05 5.5 12 -12.5
9.69091e-05 5 12.5 -12.5
0.000197374 5.5 12 -13
0.000236918 5 12.5 -13
0.000435809 5 12.5 -13.5
4.21877e-05 4.5 13 -13.5
0.000688909 5 12.5 -14
7.7514e-05 4.5 13 -14
0.000931432 5 12.5 -14.5
0.000128066 4.5 13 -14.5
0.00104115 5 12.5 -15
0.000162865 4.5 13 -15
0.00106667 5 12.5 -15.5
0.00017394 4.5 13 -15.5
0.000900503 5 12.5 -16
0.000149411 4.5 13 -16
7.77402e-05 4.5 13 -16.5
2.32962e-05 5 12.5 -18
0.000145639 5 12.5 -17.5
8.70456e-05 5.5 12 -17.5
0.000371367 5 12.5 -17
0.000206094 5.5 12 -17
0.000641503 5 12.5 -16.5
0.000380881 5.5 12 -16.5
0.000567529 5.5 12 -16
0.000690125 5.5 12 -15.5
0.000734461 5.5 12 -15
0.000683274 5.5 12 -14.5
0.000553625 5.5 12 -14
3.00858e-05 6 11.5 -14
0.000371432 5.5 12 -13.5
3.00866e-05 6 11.5 -13.5
2.34393e-05 6 11.5 -13
2.08644e-05 5.5 12 -12
2.81914e-05 5.5 12.5 -11.5
0.000110075 5.5 12.5 -12
3.31557e-05 5 13 -12
0.000241107 5.5 12.5 -12.5
9.23859e-05 5 13 -12.5
0.000214183 5 13 -13
0.00013536 6 12 -13.5
0.000386366 5 13 -13.5
0.000146293 6 12 -14
0.000572204 5 13 -14
0.00012279 6 12 -14.5
2.49393e-05 4.5 13.5 -14
0.000717946 5 13 -14.5
3.23573e-05 4.5 13.5 -14.5
0.000789036 5 13 -15
2.28168e-05 4.5 13.5 -15
0.000745254 5 13 -15.5
0.000557224 5 13 -16
0.000332083 5 13 -16.5
0.000138859 5 13 -17
2.1976e-05 5 13 -17.5
7.2433e-05 5.5 12.5 -17.5
0.000196901 5.5 12.5 -17
0.000382279 5.5 12.5 -16.5
0.000607838 5.5 12.5 -16
0.000830074 5.5 12.5 -15.5
6.04077e-05 6 12 -15.5
0.00094041 5.5 12.5 -15
0.000101707 6 12 -15
0.000908747 5.5 12.5 -14.5
0.000845505 5.5 12.5 -14
0.000660582 5.5 12.5 -13.5
0.000434559 5.5 12.5 -13
2.79073e-05 5.5 13 -11
9.72841e-05 5.5 13 -11.5
0.000237745 5.5 13 -12
2.83214e-05 5 13.5 -12
0.000435544 5.5 13 -12.5
7.22959e-05 5 13.5 -12.5
0.000638321 5.5 13 -13
0.000143527 5 13.5 -13
0.000816445 5.5 13 -13.5
0.000239752 5 13.5 -13.5
0.00091889 5.5 13 -14
0.000331581 5 13.5 -14
0.000379935 5 13.5 -14.5
0.000289372 6 12.5 -15
0.000396519 5 13.5 -15
0.000184557 6 12.5 -15.5
0.000320349 5 13.5 -15.5
9.89769e-05 6 12.5 -16
0.000194493 5 13.5 -16
4.79946e-05 6 12.5 -16.5
7.23679e-05 5 13.5 -16.5
2.41647e-05 5.5 13 -17.5
0.000121633 5.5 13 -17
0.000291959 5.5 13 -16.5
0.000508891 5.5 13 -16
0.000726279 5.5 13 -15.5
0.000895957 5.5 13 -15
0.000960744 5.5 13 -14.5
0.000363156 6 12.5 -14.5
0.000402055 6 12.5 -14
0.000370526 6 12.5 -13.5
0.000298237 6 12.5 -13
2.37532e-05 6 13 -10.5
4.60205e-05 5.5 13.5 -11
2.66856e-05 6.5 12.5 -11.5
0.000115362 5.5 13.5 -11.5
4.1976e-05 6.5 12.5 -12
0.000245107 5.5 13.5 -12
5.03076e-05 6.5 12.5 -12.5
0.000422229 5.5 13.5 -12.5
3.98594e-05 5 14 -12.5
0.000610929 5.5 13.5 -13
6.52679e-05 5 14 -13
0.000777745 5.5 13.5 -13.5
9.89231e-05 5 14 -13.5
0.000845016 5.5 13.5 -14
0.000124575 5 14 -14
0.000848817 5.5 13.5 -14.5
0.000127782 5 14 -14.5
0.000711784 5.5 13.5 -15
9.19739e-05 5 14 -15
0.000517473 5.5 13.5 -15.5
4.55006e-05 5 14 -15.5
0.000314248 5.5 13.5 -16
2.01003e-05 6 13 -17
3.23417e-05 5.5 13.5 -17
0.000138677 5.5 13.5 -16.5
8.76251e-05 6 13 -16.5
0.000187379 6 13 -16
0.000327145 6 13 -15.5
0.000483195 6 13 -15
0.000607854 6 13 -14.5
0.000666272 6 13 -14
0.000637416 6 13 -13.5
3.02801e-05 6.5 12.5 -13.5
0.000554567 6 13 -13
4.51313e-05 6.5 12.5 -13
0.000415435 6 13 -12.5
0.000285312 6 13 -12
3.5201e-05 6 13.5 -10
0.00010488 6 13.5 -10.5
0.000219255 6 13.5 -11
4.02442e-05 5.5 14 -11
0.000347165 6 13.5 -11.5
0.000103237 5.5 14 -11.5
0.000501376 6 13.5 -12
0.00020665 5.5 14 -12
0.000334696 5.5 14 -12.5
0.00018651 6.5 13 -13
0.000459831 5.5 14 -13
0.000151629 6.5 13 -13.5
0.000553218 5.5 14 -13.5
0.000105254 6.5 13 -14
0.000592182 5.5 14 -14
0.000535754 5.5 14 -14.5
0.000399282 5.5 14 -15
0.00023972 5.5 14 -15.5
0.000103728 5.5 14 -16
7.17827e-05 6 13.5 -16.5
0.000174221 6 13.5 -16
0.000318826 6 13.5 -15.5
0.000485772 6 13.5 -15
0.000648197 6 13.5 -14.5
6.07034e-05 6.5 13 -14.5
0.000756234 6 13.5 -14
0.000772 6 13.5 -13.5
0.000744234 6 13.5 -13
0.000651284 6 13.5 -12.5
3.0023e-05 6.5 13.5 -9.5
7.3441e-05 6.5 13.5 -10
6.81985e-05 6 14 -10
0.000131751 6.5 13.5 -10.5
0.000145319 6 14 -10.5
0.000261902 6 14 -11
3.0703e-05 5.5 14.5 -11
0.000423086 6 14 -11.5
6.29726e-05 5.5 14.5 -11.5
0.000572707 6 14 -12
0.000121579 5.5 14.5 -12
0.000676361 6 14 -12.5
0.000180885 5.5 14.5 -12.5
0.000736373 6 14 -13
0.000235586 5.5 14.5 -13
0.000758537 6 14 -13.5
0.00026353 5.5 14.5 -13.5
0.000251647 5.5 14.5 -14
0.000160929 6.5 13.5 -14.5
0.000188884 5.5 14.5 -14.5
8.60831e-05 6.5 13.5 -15
0.000103699 5.5 14.5 -15
4.26608e-05 6.5 13.5 -15.5
2.50114e-05 5.5 14.5 -15.5
2.14066e-05 6 14 -16.5
9.82928e-05 6 14 -16
0.000222033 6 14 -15.5
0.000381699 6 14 -15
0.000549537 6 14 -14.5
0.000694147 6 14 -14
0.000249378 6.5 13.5 -14
0.000338852 6.5 13.5 -13.5
4.86168e-05 6.5 14 -9
0.000396383 6.5 13.5 -13
0.000392579 6.5 13.5 -12.5
0.000107211 6.5 14 -9.5
3.0069e-05 7 13.5 -9.5
2.47445e-05 6 14.5 -9.5
6.51799e-05 6 14.5 -10
7.43829e-05 7 13.5 -10.5
0.000134664 6 14.5 -10.5
8.37287e-05 7 13.5 -11
0.000240049 6 14.5 -11
0.000465803 6.5 14 -11.5
7.85633e-05 7 13.5 -11.5
0.000374693 6 14.5 -11.5
3.0529e-05 5.5 15 -11.5
0.000513376 6 14.5 -12
4.65319e-05 5.5 15 -12
0.000609463 6 14.5 -12.5
5.98156e-05 5.5 15 -12.5
0.000639944 6 14.5 -13
6.73884e-05 5.5 15 -13
0.000603146 6 14.5 -13.5
5.51683e-05 5.5 15 -13.5
0.000497976 6 14.5 -14
2.54627e-05 5.5 15 -14
0.000351282 6 14.5 -14.5
0.000205101 6 14.5 -15
8.9938e-05 6 14.5 -15.5
7.14747e-05 6.5 14 -15.5
0.000149538 6.5 14 -15
0.000255649 6.5 14 -14.5
0.000376693 6.5 14 -14
0.000487528 6.5 14 -13.5
4.00705e-05 7 14 -8.5
0.000567126 6.5 14 -13
4.02666e-05 6.5 14.5 -8.5
7.39331e-05 7 14 -9
8.88135e-05 6.5 14.5 -9
0.000591038 6.5 14 -12.5
4.56863e-05 7 13.5 -12.5
0.000542928 6.5 14 -12
6.83733e-05 7 13.5 -12
0.000378709 6.5 14 -11
0.000278167 6.5 14 -10.5
0.000172773 6.5 14.5 -9.5
0.000111028 7 14 -9.5
0.000284507 6.5 14.5 -10
4.68077e-05 6 15 -10
0.000389569 6.5 14.5 -10.5
9.78375e-05 6 15 -10.5
0.000491075 6.5 14.5 -11
0.000166647 6 15 -11
0.000569557 6.5 14.5 -11.5
0.000249548 6 15 -11.5
0.000328171 6 15 -12
0.000166904 7 14 -12.5
0.000366148 6 15 -12.5
0.000104084 7 14 -13
0.00036225 6 15 -13
5.67009e-05 7 14 -13.5
0.000302546 6 15 -13.5
0.000213831 6 15 -14
0.000117896 6 15 -14.5
3.68725e-05 6 15 -15
5.08352e-05 6.5 14.5 -15.5
0.000124528 6.5 14.5 -15
0.000231298 6.5 14.5 -14.5
0.000356493 6.5 14.5 -14
2.90391e-05 7 14.5 -7.5
0.000475294 6.5 14.5 -13.5
0.000562255 6.5 14.5 -13
2.94879e-05 7.5 14 -8.5
7.06829e-05 7 14.5 -8
0.000597575 6.5 14.5 -12.5
0.000115942 7 14.5 -8.5
0.000598727 6.5 14.5 -12
3.77361e-05 6.5 15 -8.5
0.000170503 7 14.5 -9
4.09354e-05 7.5 14 -9
8.84514e-05 6.5 15 -9
0.00022961 7 14.5 -9.5
0.000166085 6.5 15 -9.5
0.000284762 7 14.5 -10
4.53427e-05 7.5 14 -10
0.00026791 6.5 15 -10
0.000347325 7 14.5 -10.5
2.73677e-05 6 15.5 -10
0.000375101 6.5 15 -10.5
4.64571e-05 6 15.5 -10.5
0.000470713 6.5 15 -11
7.82976e-05 6 15.5 -11
0.000533653 6.5 15 -11.5
0.00010674 6 15.5 -11.5
0.000556561 6.5 15 -12
0.000124813 6 15.5 -12
0.000536302 6.5 15 -12.5
0.000129518 6 15.5 -12.5
0.000471541 6.5 15 -13
0.000100871 6 15.5 -13
5.606e-05 6 15.5 -13.5
7.08507e-05 7 14.5 -14
2.98452e-05 7 14.5 -14.5
5.4407e-05 6.5 15 -15
0.000132013 6.5 15 -14.5
0.000243516 6.5 15 -14
2.19226e-05 7.5 14.5 -7
0.000365322 6.5 15 -13.5
5.44788e-05 7 15 -7.5
4.94367e-05 7.5 14.5 -7.5
0.000136002 7 14.5 -13.5
0.000215811 7 14.5 -13
0.000114913 7 15 -8
7.46484e-05 7.5 14.5 -8
0.00018741 7 15 -8.5
0.000101318 7.5 14.5 -8.5
3.05625e-05 6.5 15.5 -8.5
0.000123514 7.5 14.5 -9
6.25113e-05 6.5 15.5 -9
0.000136614 7.5 14.5 -9.5
0.000257304 7 15 -9
0.000127687 6.5 15.5 -9.5
0.000141829 7.5 14.5 -10
0.000328459 7 15 -9.5
0.000201427 6.5 15.5 -10
0.000123024 7.5 14.5 -10.5
0.00027974 6.5 15.5 -10.5
0.000457117 7 15 -11
9.37199e-05 7.5 14.5 -11
0.000342009 6.5 15.5 -11
0.00038528 6.5 15.5 -11.5
0.000397156 6.5 15.5 -12
0.000340666 6.5 15.5 -12.5
0.000265741 6.5 15.5 -13
0.000173991 6.5 15.5 -13.5
8.96155e-05 6.5 15.5 -14
2.0913e-05 6.5 15.5 -14.5
4.23558e-05 7 15 -14.5
3.34114e-05 7.5 15 -6.5
9.38625e-05 7 15 -14
7.80754e-05 7.5 15 -7
0.000169025 7 15 -13.5
0.000119519 7.5 15 -7.5
2.84641e-05 8 14.5 -7.5
5.39523e-05 7 15.5 -7.5
3.2006e-05 8 14.5 -8
0.000257312 7 15 -13
0.000341559 7 15 -12.5
0.000417262 7 15 -12
0.000158531 7.5 15 -8
3.50252e-05 7.5 14.5 -12
0.000112043 7 15.5 -8
0.000192171 7.5 15 -8.5
2.66875e-05 8 14.5 -8.5
0.000179134 7 15.5 -8.5
0.000467975 7 15 -11.5
6.57312e-05 7.5 14.5 -11.5
0.000254151 7 15.5 -9
0.000227741 7.5 15 -9
3.55557e-05 6.5 16 -9
0.00032588 7 15.5 -9.5
6.75119e-05 6.5 16 -9.5
0.000382906 7 15.5 -10
0.000102587 6.5 16 -10
0.000422617 7 15.5 -10.5
0.000134956 6.5 16 -10.5
0.000156446 6.5 16 -11
0.000149692 7.5 15 -11.5
0.000168295 6.5 16 -11.5
9.74512e-05 7.5 15 -12
0.000151345 6.5 16 -12
5.21159e-05 7.5 15 -12.5
0.000107904 6.5 16 -12.5
5.69921e-05 6.5 16 -13
6.04706e-05 7 15.5 -14
0.000126755 7 15.5 -13.5
4.97528e-05 8 15 -6.5
6.01779e-05 7.5 15.5 -6.5
0.000207157 7 15.5 -13
0.000288508 7 15.5 -12.5
0.000118535 7.5 15.5 -7
6.99718e-05 8 15 -7
0.000360539 7 15.5 -12
0.000175408 7.5 15.5 -7.5
8.83901e-05 8 15 -7.5
4.33587e-05 7 16 -7.5
9.38239e-05 8 15 -8
0.000413663 7 15.5 -11.5
0.000223456 7.5 15.5 -8
8.68293e-05 7 16 -8
9.14789e-05 8 15 -8.5
0.000136419 7 16 -8.5
7.738e-05 8 15 -9
0.000264652 7.5 15.5 -8.5
0.000438313 7 15.5 -11
0.00029443 7.5 15.5 -9
0.000199459 7 16 -9
0.00031595 7.5 15.5 -9.5
5.9623e-05 8 15 -9.5
0.000262969 7 16 -9.5
0.000316055 7 16 -10
0.00032883 7.5 15.5 -10
2.01037e-05 6.5 16.5 -10
0.000335524 7 16 -10.5
2.20605e-05 6.5 16.5 -10.5
0.000330096 7 16 -11
2.1325e-05 6.5 16.5 -11
0.000284034 7 16 -11.5
0.000229499 7 16 -12
4.66532e-05 7.5 15.5 -13
4.19823e-05 7 16 -13.5
2.85078e-05 8 15.5 -5.5
9.57656e-05 7 16 -13
7.55229e-05 8 15.5 -6
0.000164255 7 16 -12.5
2.4614e-05 7.5 16 -6
5.92577e-05 7.5 16 -6.5
0.000110233 8 15.5 -6.5
0.000137292 8 15.5 -7
9.24385e-05 7.5 15.5 -12.5
0.000114467 7.5 16 -7
0.000171117 7.5 16 -7.5
0.000158098 8 15.5 -7.5
0.000170649 8 15.5 -8
0.000218929 7.5 16 -8
0.000151331 7.5 15.5 -12
0.000218325 7.5 15.5 -11.5
4.01179e-05 7 16.5 -8
0.000259285 7.5 16 -8.5
0.000172852 8 15.5 -8.5
7.17222e-05 7 16.5 -8.5
0.000103735 7 16.5 -9
0.000135437 8 15.5 -9.5
0.000134512 7 16.5 -9.5
9.89102e-05 8 15.5 -10
0.000153237 7 16.5 -10
5.77572e-05 8 15.5 -10.5
0.000158038 7 16.5 -10.5
0.000256355 7.5 16 -11
0.000137946 7 16.5 -11
0.000107412 7 16.5 -11.5
7.05553e-05 7 16.5 -12
2.44814e-05 7 16.5 -12.5
3.63389e-05 8.5 15.5 -5.5
5.6593e-05 8 16 -5.5
3.98024e-05 7.5 16 -13
5.67344e-05 8.5 15.5 -6
0.000104259 8 16 -6
8.12693e-05 7.5 16 -12.5
0.000138562 8 16 -6.5
6.42774e-05 8.5 15.5 -6.5
0.000136726 7.5 16 -12
4.46811e-05 7.5 16.5 -6.5
6.60203e-05 8.5 15.5 -7
0.000168919 8 16 -7
0.000198604 7.5 16 -11.5
8.35901e-05 7.5 16.5 -7
0.000191436 8 16 -7.5
5.56822e-05 8.5 15.5 -7.5
0.000123098 7.5 16.5 -7.5
3.83505e-05 8.5 15.5 -8
2.75029e-05 8 15.5 -11
0.000169621 7.5 16.5 -8
0.000210351 8 16 -8
0.00021001 7.5 16.5 -8.5
0.000233103 7.5 16.5 -9
0.000240934 7.5 16.5 -9.5
2.19981e-05 7 17 -9.5
2.11657e-05 7 17 -10
0.000110169 8 16 -10.5
6.97897e-05 8 16 -11
3.95981e-05 8 16 -11.5
4.90595e-05 8.5 16 -5
3.29535e-05 7.5 16.5 -12.5
5.08948e-05 8 16.5 -5.5
8.36074e-05 8.5 16 -5.5
6.82949e-05 7.5 16.5 -12
9.37942e-05 8 16.5 -6
0.000100921 8.5 16 -6
0.00011703 7.5 16.5 -11.5
0.000114438 8.5 16 -6.5
0.000128575 8 16.5 -6.5
0.000169772 7.5 16.5 -11
0.000211218 7.5 16.5 -10.5
0.000231545 7.5 16.5 -10
0.000157796 8 16.5 -7
0.000117387 8.5 16 -7
2.73785e-05 7.5 17 -7
5.57948e-05 7.5 17 -7.5
8.47556e-05 8.5 16 -8
0.000182429 8 16.5 -7.5
7.83908e-05 7.5 17 -8
6.24422e-05 8.5 16 -8.5
0.000197484 8 16.5 -8
9.58681e-05 7.5 17 -8.5
0.000199129 8 16.5 -9
3.9801e-05 8.5 16 -9
0.000106179 7.5 17 -9
0.000112518 7.5 17 -9.5
0.000101814 7.5 17 -10
7.85105e-05 7.5 17 -10.5
4.92733e-05 7.5 17 -11
3.16566e-05 9 16 -5
5.20007e-05 8.5 16.5 -5
4.00195e-05 9 16 -5.5
2.13727e-05 8 17 -5.5
3.75209e-05 9 16 -6
8.72758e-05 8.5 16.5 -5.5
0.000106688 8.5 16.5 -6
3.98163e-05 8 16.5 -11.5
5.3411e-05 8 17 -6
2.06677e-05 9 16 -6.5
7.96755e-05 8 17 -6.5
0.000118843 8.5 16.5 -6.5
0.000105915 8 17 -7
0.00012623 8.5 16.5 -7
7.16551e-05 8 16.5 -11
0.000108541 8 16.5 -10.5
0.000147056 8 16.5 -10
0.000126213 8 17 -7.5
0.000125968 8.5 16.5 -7.5
0.000137103 8 17 -8
6.93144e-05 8.5 16.5 -9
0.000140869 8 17 -8.5
4.38683e-05 8.5 16.5 -9.5
9.01524e-05 8 17 -10
2.63524e-05 8.5 17 -5
4.12072e-05 9 16.5 -5
3.80215e-05 8 17 -11
6.19748e-05 8.5 17 -5.5
5.71201e-05 9 16.5 -5.5
4.69236e-05 9 16.5 -6.5
8.39086e-05 8.5 17 -6
5.79245e-05 9 16.5 -6
6.39753e-05 8 17 -10.5
9.75735e-05 8.5 17 -6.5
0.000113412 8 17 -9.5
0.000103594 8.5 17 -7
3.36451e-05 9 16.5 -7
2.39897e-05 8 17.5 -7
3.63647e-05 8 17.5 -7.5
0.000107276 8.5 17 -7.5
4.40324e-05 8 17.5 -8
4.07336e-05 8 17.5 -8.5
3.64493e-05 8 17.5 -9
2.35005e-05 8 17.5 -9.5
2.59879e-05 9 17 -5
4.63886e-05 9 17 -5.5
2.31643e-05 8.5 17.5 -6
5.09791e-05 9 17 -6
3.6811e-05 8.5 17.5 -6.5
4.09309e-05 9 17 -7
2.98463e-05 9 17 -7.5
4.50829e-05 8.5 17.5 -7
4.77545e-05 8.5 17.5 -7.5
2.30484e-05 8.5 17.5 -9
2.30549e-05 9 17.5 -6.5
2.19456e-05 9 17.5 -7
3.52636e-05 8.5 17.5 -8.5
4.31664e-05 8.5 17.5 -8
4.93032e-05 9 17 -6.5
2.0513e-05 8.5 17 -10
4.22929e-05 8.5 17 -9.5
6.34147e-05 8.5 17 -9
8.40661e-05 8.5 17 -8.5
0.000100439 8.5 17 -8
0.000133903 8 17 -9
9.53151e-05 8.5 16.5 -8.5
0.000114908 8.5 16.5 -8
0.000178942 8 16.5 -9.5
0.00020161 8 16.5 -8.5
0.000104601 8.5 16 -7.5
0.000155417 8 16 -10
0.000190643 8 16 -9.5
0.00021176 8 16 -9
0.000219331 8 16 -8.5
0.000294717 7.5 16 -10.5
0.000308403 7.5 16 -10
0.000307207 7.5 16 -9.5
0.000291563 7.5 16 -9
0.000158773 8 15.5 -9
0.000274998 7.5 15.5 -11
0.000313479 7.5 15.5 -10.5
3.59339e-05 8 15 -10
0.00019977 7.5 15 -11
0.000237086 7.5 15 -10.5
0.000255939 7.5 15 -10
0.000248795 7.5 15 -9.5
0.000433861 7 15 -10.5
0.000391646 7 15 -10
0.000310543 7 14.5 -12.5
0.000372328 7 14.5 -12
0.000401636 7 14.5 -11.5
0.000388762 7 14.5 -11
3.31241e-05 7.5 14 -10.5
4.77739e-05 7.5 14 -9.5
0.000214826 7 14 -12
0.000232504 7 14 -11.5
0.000222649 7 14 -11
0.000199973 7 14 -10.5
0.000160455 7 14 -10
0.000183084 6.5 14 -10
5.20755e-05 7 13.5 -10
0.000361151 6.5 13.5 -12
0.000293054 6.5 13.5 -11.5
0.00020768 6.5 13.5 -11
2.10996e-05 7 13 -11
0.000181206 6.5 13 -12.5
0.000157577 6.5 13 -12
0.000115276 6.5 13 -11.5
6.94848e-05 6.5 13 -11
3.37524e-05 6.5 13 -10.5
0.000170566 6 13 -11.5
8.114e-05 6 13 -11
0.000205426 6 12.5 -12.5
0.000109581 6 12.5 -12
4.43592e-05 6 12.5 -11.5
0.000101768 6 12 -13
5.55801e-05 6 12 -12.5
2.32243e-05 6 12 -12
