0.27843
2.14124e-05 -4.5 1 -5
4.1023e-05 -5 1.5 -4.5
3.25179e-05 -4.5 1 -5.5
6.11e-05 -5 1.5 -5
5.86459e-05 -5 1.5 -5.5
4.10272e-05 -5 1.5 -6
4.02678e-05 -4.5 1.5 -3.5
3.2075e-05 -4 1 -4.5
0.000127262 -4.5 1.5 -4
4.60492e-05 -4 1 -5
0.000206934 -4.5 1.5 -4.5
2.474e-05 -5 2 -4
4.24782e-05 -4 1 -5.5
0.000202548 -4.5 1.5 -5
5.91635e-05 -5 2 -4.5
0.000144434 -4.5 1.5 -5.5
8.67146e-05 -5 2 -5
6.49318e-05 -4.5 1.5 -6
0.000101631 -5 2 -5.5
6.57616e-05 -5 2 -6
2.07948e-05 -4 1.5 -3
2.43647e-05 -3.5 1 -4
0.000201959 -4 1.5 -3.5
4.17793e-05 -4.5 2 -3
4.806e-05 -3.5 1 -4.5
0.000392776 -4 1.5 -4
0.000236748 -4.5 2 -3.5
5.05788e-05 -3.5 1 -5
0.000446113 -4 1.5 -4.5
0.000485952 -4.5 2 -4
4.30992e-05 -3.5 1 -5.5
0.000385707 -4 1.5 -5
0.000605196 -4.5 2 -4.5
0.000199951 -4 1.5 -5.5
0.000581217 -4.5 2 -5
4.49736e-05 -5 2.5 -4.5
6.50675e-05 -4 1.5 -6
0.000331087 -4.5 2 -5.5
7.25814e-05 -5 2.5 -5
0.000114423 -4.5 2 -6
9.1026e-05 -5 2.5 -5.5
7.77924e-05 -5 2.5 -6
0.000143135 -3.5 1.5 -3
0.000201372 -4 2 -2.5
2.60259e-05 -3 1 -4
0.000377163 -3.5 1.5 -3.5
0.000903934 -4 2 -3
3.87026e-05 -3 1 -4.5
0.000528176 -3.5 1.5 -4
0.00172706 -4 2 -3.5
3.5397e-05 -4.5 2.5 -3
4.03801e-05 -3 1 -5
0.000540492 -3.5 1.5 -4.5
0.00202323 -4 2 -4
0.000241224 -4.5 2.5 -3.5
2.69192e-05 -3 1 -5.5
0.000404146 -3.5 1.5 -5
0.00192307 -4 2 -4.5
0.000500218 -4.5 2.5 -4
0.000184506 -3.5 1.5 -5.5
0.0012828 -4 2 -5
0.000665438 -4.5 2.5 -4.5
5.63386e-05 -3.5 1.5 -6
0.000545006 -4 2 -5.5
0.000720466 -4.5 2.5 -5
0.000133194 -4 2 -6
0.000516543 -4.5 2.5 -5.5
2.10949e-05 -5 3 -5
0.000148146 -4.5 2.5 -6
4.50974e-05 -5 3 -5.5
6.09274e-05 -5 3 -6
2.31742e-05 -3 1.5 -2.5
0.000155668 -3.5 2 -2
0.00016469 -3 1.5 -3
0.000919762 -3.5 2 -2.5
0.00035254 -3 1.5 -3.5
0.0021172 -3.5 2 -3
0.000294952 -4 2.5 -2.5
2.02691e-05 -2.5 1 -4.5
0.000460392 -3 1.5 -4
0.00301183 -3.5 2 -3.5
0.00159366 -4 2.5 -3
0.000455625 -3 1.5 -4.5
0.00314507 -3.5 2 -4
0.0029262 -4 2.5 -3.5
0.000318154 -3 1.5 -5
0.00270841 -3.5 2 -4.5
0.00339533 -4 2.5 -4
0.00011751 -4.5 3 -3.5
0.00014111 -3 1.5 -5.5
0.00155013 -3.5 2 -5
0.00342423 -4 2.5 -4.5
0.000300769 -4.5 3 -4
3.22797e-05 -3 1.5 -6
0.000585939 -3.5 2 -5.5
0.00237196 -4 2.5 -5
0.000448823 -4.5 3 -4.5
0.000128849 -3.5 2 -6
0.000983701 -4 2.5 -5.5
0.000555542 -4.5 3 -5
2.35871e-05 -3.5 2 -6.5
0.000184866 -4 2.5 -6
0.000498954 -4.5 3 -5.5
2.74671e-05 -4 2.5 -6.5
0.000155603 -4.5 3 -6
2.29368e-05 -5 3.5 -6
2.73567e-05 -3 2 -1.5
2.58656e-05 -2.5 1.5 -2.5
0.000279783 -3 2 -2
3.73184e-05 -3.5 2.5 -1.5
9.76929e-05 -2.5 1.5 -3
0.001063 -3 2 -2.5
0.000592139 -3.5 2.5 -2
0.00018855 -2.5 1.5 -3.5
0.00216897 -3 2 -3
0.00283316 -3.5 2.5 -2.5
0.00024114 -2.5 1.5 -4
0.00292317 -3 2 -3.5
0.00564526 -3.5 2.5 -3
0.000186315 -4 3 -2.5
0.000237562 -2.5 1.5 -4.5
0.00300493 -3 2 -4
0.00723846 -3.5 2.5 -3.5
0.00140993 -4 3 -3
0.000167282 -2.5 1.5 -5
0.00249602 -3 2 -4.5
0.00734458 -3.5 2.5 -4
0.00278279 -4 3 -3.5
8.32997e-05 -2.5 1.5 -5.5
0.00138056 -3 2 -5
0.00622116 -3.5 2.5 -4.5
0.00328851 -4 3 -4
2.19561e-05 -2.5 1.5 -6
0.000485693 -3 2 -5.5
0.0035318 -3.5 2.5 -5
0.00341015 -4 3 -4.5
4.21704e-05 -4.5 3.5 -4
0.000106344 -3 2 -6
0.00125049 -3.5 2.5 -5.5
0.00268984 -4 3 -5
0.000104834 -4.5 3.5 -4.5
2.15267e-05 -3 2 -6.5
0.000224907 -3.5 2.5 -6
0.00117144 -4 3 -5.5
0.000173702 -4.5 3.5 -5
2.95562e-05 -3.5 2.5 -6.5
0.000216645 -4 3 -6
0.000245816 -4.5 3.5 -5.5
0.00012252 -4.5 3.5 -6
2.85514e-05 -2.5 2 -1.5
2.07682e-05 -3 2.5 -1
0.00022412 -2.5 2 -2
0.000220559 -3 2.5 -1.5
2.10916e-05 -2 1.5 -3
0.000725505 -2.5 2 -2.5
0.00134008 -3 2.5 -2
2.64822e-05 -3.5 3 -1.5
4.26437e-05 -2 1.5 -3.5
0.00137762 -2.5 2 -3
0.00369906 -3 2.5 -2.5
0.000705618 -3.5 3 -2
5.99593e-05 -2 1.5 -4
0.00181846 -2.5 2 -3.5
0.00635939 -3 2.5 -3
0.00377961 -3.5 3 -2.5
6.14475e-05 -2 1.5 -4.5
0.00185627 -2.5 2 -4
0.00767892 -3 2.5 -3.5
0.00751543 -3.5 3 -3
5.01279e-05 -2 1.5 -5
0.0015262 -2.5 2 -4.5
0.00769448 -3 2.5 -4
0.00914561 -3.5 3 -3.5
0.000462593 -4 3.5 -3
2.68965e-05 -2 1.5 -5.5
0.000866897 -2.5 2 -5
0.00628104 -3 2.5 -4.5
0.00929704 -3.5 3 -4
0.00135652 -4 3.5 -3.5
0.000316622 -2.5 2 -5.5
0.00344751 -3 2.5 -5
0.00817685 -3.5 3 -4.5
0.00182991 -4 3.5 -4
6.62149e-05 -2.5 2 -6
0.00118318 -3 2.5 -5.5
0.00491592 -3.5 3 -5
0.00210361 -4 3.5 -4.5
0.000210493 -3 2.5 -6
0.00179851 -3.5 3 -5.5
0.00200464 -4 3.5 -5
3.40494e-05 -3 2.5 -6.5
0.000285708 -3.5 3 -6
0.000965426 -4 3.5 -5.5
2.91576e-05 -3.5 3 -6.5
0.000160516 -4 3.5 -6
5.28649e-05 -4.5 4 -6
2.77947e-05 -4.5 4 -5.5
2.98021e-05 -2.5 2.5 -1
5.17505e-05 -2 2 -2
0.000248314 -2.5 2.5 -1.5
3.49974e-05 -3 3 -1
0.000146143 -2 2 -2.5
0.0012222 -2.5 2.5 -2
0.000481771 -3 3 -1.5
0.000312491 -2 2 -3
0.00295703 -2.5 2.5 -2.5
0.00291451 -3 3 -2
0.000508863 -2 2 -3.5
0.00483706 -2.5 2.5 -3
0.00709304 -3 3 -2.5
0.0002873 -3.5 3.5 -2
0.000588015 -2 2 -4
0.00576132 -2.5 2.5 -3.5
0.0110102 -3 3 -3
0.00305546 -3.5 3.5 -2.5
0.00053829 -2 2 -4.5
0.00568151 -2.5 2.5 -4
0.0122224 -3 3 -3.5
0.00663742 -3.5 3.5 -3
0.0003521 -2 2 -5
0.004478 -2.5 2.5 -4.5
0.0119634 -3 3 -4
0.00823016 -3.5 3.5 -3.5
0.000153337 -2 2 -5.5
0.00247379 -2.5 2.5 -5
0.00959307 -3 3 -4.5
0.00840174 -3.5 3.5 -4
0.000125862 -4 4 -3.5
4.36305e-05 -2 2 -6
0.000871741 -2.5 2.5 -5.5
0.00543137 -3 3 -5
0.00764112 -3.5 3.5 -4.5
0.000313249 -4 4 -4
0.000159933 -2.5 2.5 -6
0.00191938 -3 3 -5.5
0.00472024 -3.5 3.5 -5
0.000424159 -4 4 -4.5
2.83611e-05 -2.5 2.5 -6.5
0.000309382 -3 3 -6
0.00176344 -3.5 3.5 -5.5
0.000545255 -4 4 -5
3.67985e-05 -3 3 -6.5
0.000232756 -3.5 3.5 -6
0.000445643 -4 4 -5.5
7.51775e-05 -4 4 -6
0.000110962 -2 2.5 -1.5
0.000107614 -2.5 3 -1
0.00031994 -2 2.5 -2
0.000760996 -2.5 3 -1.5
0.000772138 -2 2.5 -2.5
0.00301477 -2.5 3 -2
0.000432414 -3 3.5 -1.5
0.00142814 -2 2.5 -3
0.00654561 -2.5 3 -2.5
0.00336413 -3 3.5 -2
4.30695e-05 -1.5 2 -4
0.00202755 -2 2.5 -3.5
0.00978754 -2.5 3 -3
0.00813175 -3 3.5 -2.5
6.70984e-05 -1.5 2 -4.5
0.00212863 -2 2.5 -4
0.0107739 -2.5 3 -3.5
0.0122717 -3 3.5 -3
0.000481551 -3.5 4 -2.5
6.5349e-05 -1.5 2 -5
0.0018747 -2 2.5 -4.5
0.010454 -2.5 3 -4
0.0132432 -3 3.5 -3.5
0.00273142 -3.5 4 -3
4.11391e-05 -1.5 2 -5.5
0.00118455 -2 2.5 -5
0.00807667 -2.5 3 -4.5
0.0129572 -3 3.5 -4
0.00382708 -3.5 4 -3.5
2.03805e-05 -1.5 2 -6
0.00048582 -2 2.5 -5.5
0.00448786 -2.5 3 -5
0.0102494 -3 3.5 -4.5
0.0040221 -3.5 4 -4
0.000100008 -2 2.5 -6
0.00160604 -2.5 3 -5.5
0.00587225 -3 3.5 -5
0.00389716 -3.5 4 -4.5
2.4691e-05 -2 2.5 -6.5
0.00027541 -2.5 3 -6
0.00214425 -3 3.5 -5.5
0.00252353 -3.5 4 -5
2.54378e-05 -4 4.5 -4.5
3.44818e-05 -2.5 3 -6.5
0.000320176 -3 3.5 -6
0.000960272 -3.5 4 -5.5
2.7771e-05 -3 3.5 -6.5
2.57705e-05 -4 4.5 -6
0.000103572 -3.5 4 -6
5.39909e-05 -4 4.5 -5.5
3.64497e-05 -4 4.5 -5
9.30413e-05 -2 3 -1
0.000456759 -2 3 -1.5
0.000168196 -2.5 3.5 -1
0.00124939 -2 3 -2
0.0011952 -2.5 3.5 -1.5
2.25192e-05 -1.5 2.5 -3
0.00255325 -2 3 -2.5
0.00417644 -2.5 3.5 -2
6.11998e-05 -3 4 -1.5
9.97815e-05 -1.5 2.5 -3.5
0.00402337 -2 3 -3
0.00856978 -2.5 3.5 -2.5
0.00180052 -3 4 -2
0.00020868 -1.5 2.5 -4
0.00496102 -2 3 -3.5
0.0121707 -2.5 3.5 -3
0.00631916 -3 4 -2.5
0.000309648 -1.5 2.5 -4.5
0.0049017 -2 3 -4
0.0128591 -2.5 3.5 -3.5
0.00984452 -3 4 -3
0.000291791 -1.5 2.5 -5
0.00401929 -2 3 -4.5
0.0123929 -2.5 3.5 -4
0.0104216 -3 4 -3.5
0.000178006 -3.5 4.5 -3
0.000172092 -1.5 2.5 -5.5
0.00244244 -2 3 -5
0.00943449 -2.5 3.5 -4.5
0.0100439 -3 4 -4
0.000563148 -3.5 4.5 -3.5
5.42583e-05 -1.5 2.5 -6
0.00100286 -2 3 -5.5
0.00528071 -2.5 3.5 -5
0.00760503 -3 4 -4.5
0.000665796 -3.5 4.5 -4
0.000203176 -2 3 -6
0.00193313 -2.5 3.5 -5.5
0.00422283 -3 4 -5
0.000717281 -3.5 4.5 -4.5
2.86321e-05 -2 3 -6.5
0.000319132 -2.5 3.5 -6
0.00148187 -3 4 -5.5
3.36453e-05 -2.5 3.5 -6.5
2.83984e-05 -3.5 4.5 -6
0.000174198 -3 4 -6
0.000216335 -3.5 4.5 -5.5
0.000513613 -3.5 4.5 -5
2.6923e-05 -2 3.5 -0.5
0.000201539 -2 3.5 -1
2.51775e-05 -1.5 3 -2
0.00106142 -2 3.5 -1.5
9.58869e-05 -2.5 4 -1
6.76947e-05 -1.5 3 -2.5
0.00287024 -2 3.5 -2
0.00110766 -2.5 4 -1.5
0.00022891 -1.5 3 -3
0.00531818 -2 3.5 -2.5
0.0041829 -2.5 4 -2
0.000495354 -1.5 3 -3.5
0.00742649 -2 3.5 -3
0.00843192 -2.5 4 -2.5
9.73301e-05 -3 4.5 -2
0.000744447 -1.5 3 -4
0.00797576 -2 3.5 -3.5
0.0115229 -2.5 4 -3
0.00193869 -3 4.5 -2.5
0.000876142 -1.5 3 -4.5
0.00750587 -2 3.5 -4
0.0118714 -2.5 4 -3.5
0.00368505 -3 4.5 -3
2.02062e-05 -1 2.5 -5.5
0.000740737 -1.5 3 -5
0.00565898 -2 3.5 -4.5
0.011115 -2.5 4 -4
0.00389464 -3 4.5 -3.5
0.000411642 -1.5 3 -5.5
0.00327645 -2 3.5 -5
0.00811369 -2.5 4 -4.5
0.00370103 -3 4.5 -4
0.00012839 -1.5 3 -6
0.00132087 -2 3.5 -5.5
0.00439345 -2.5 4 -5
0.00258913 -3 4.5 -4.5
4.02284e-05 -3.5 5 -4
0.000260695 -2 3.5 -6
0.00154269 -2.5 4 -5.5
0.00133021 -3 4.5 -5
3.36153e-05 -2 3.5 -6.5
0.000224834 -2.5 4 -6
4.44476e-05 -3 4.5 -6
2.39374e-05 -3.5 5 -5.5
0.000440902 -3 4.5 -5.5
5.88847e-05 -3.5 5 -5
5.01492e-05 -3.5 5 -4.5
7.14031e-05 -1.5 3.5 -1
3.0378e-05 -2 4 -0.5
0.000141514 -1.5 3.5 -1.5
0.000249946 -2 4 -1
0.000290962 -1.5 3.5 -2
0.00131714 -2 4 -1.5
0.000620178 -1.5 3.5 -2.5
0.00372369 -2 4 -2
0.000365795 -2.5 4.5 -1.5
0.00116214 -1.5 3.5 -3
0.00669225 -2 4 -2.5
0.00253441 -2.5 4.5 -2
0.00160445 -1.5 3.5 -3.5
0.00877308 -2 4 -3
0.00536571 -2.5 4.5 -2.5
0.0018305 -1.5 3.5 -4
0.00900341 -2 4 -3.5
0.00673981 -2.5 4.5 -3
8.92867e-05 -3 5 -2.5
5.30791e-05 -1 3 -5
0.00170378 -1.5 3.5 -4.5
0.00823977 -2 4 -4
0.00670275 -2.5 4.5 -3.5
7.03144e-05 -1 3 -5.5
0.00124313 -1.5 3.5 -5
0.00589028 -2 4 -4.5
0.00570099 -2.5 4.5 -4
0.000512355 -3 5 -3.5
3.48512e-05 -1 3 -6
0.000631411 -1.5 3.5 -5.5
0.00323557 -2 4 -5
0.0036692 -2.5 4.5 -4.5
0.00018296 -1.5 3.5 -6
0.00123744 -2 4 -5.5
0.0017795 -2.5 4.5 -5
0.00021492 -2 4 -6
2.5998e-05 -2 4 -6.5
7.51013e-05 -2.5 4.5 -6
5.6261e-05 -3 5 -5.5
0.000585739 -2.5 4.5 -5.5
0.000181046 -3 5 -5
0.00037612 -3 5 -4.5
0.000527627 -3 5 -4
0.000441764 -3 5 -3
3.40414e-05 -1.5 4 -0.5
0.000195939 -1.5 4 -1
0.000528339 -1.5 4 -1.5
0.000179409 -2 4.5 -1
0.00102026 -1.5 4 -2
0.00109425 -2 4.5 -1.5
0.00181417 -1.5 4 -2.5
0.00307879 -2 4.5 -2
2.56336e-05 -1 3.5 -3.5
0.00258678 -1.5 4 -3
0.00558706 -2 4.5 -2.5
0.000588032 -2.5 5 -2
3.59024e-05 -1 3.5 -4
0.00294478 -1.5 4 -3.5
0.00664622 -2 4.5 -3
7.26397e-05 -1 3.5 -4.5
0.00276194 -1.5 4 -4
0.00654061 -2 4.5 -3.5
0.00181129 -2.5 5 -3
0.000145145 -1 3.5 -5
0.00221447 -1.5 4 -4.5
0.00539978 -2 4.5 -4
0.000136249 -1 3.5 -5.5
0.00142256 -1.5 4 -5
0.00340244 -2 4.5 -4.5
7.0002e-05 -1 3.5 -6
0.000665142 -1.5 4 -5.5
0.0016333 -2 4.5 -5
0.000173393 -1.5 4 -6
0.000545342 -2 4.5 -5.5
8.82766e-05 -2 4.5 -6
8.66579e-05 -2.5 5 -5.5
0.00030823 -2.5 5 -5
0.000739257 -2.5 5 -4.5
0.00131929 -2.5 5 -4
0.00176436 -2.5 5 -3.5
0.00158758 -2.5 5 -2.5
4.00181e-05 -1.5 4.5 -0.5
0.000243821 -1.5 4.5 -1
0.000839175 -1.5 4.5 -1.5
4.38411e-05 -2 5 -1
0.00178226 -1.5 4.5 -2
0.000570415 -2 5 -1.5
4.37966e-05 -1 4 -3
0.00275954 -1.5 4.5 -2.5
0.00158245 -2 5 -2
0.000103911 -1 4 -3.5
0.0034116 -1.5 4.5 -3
0.00238626 -2 5 -2.5
0.000158733 -1 4 -4
0.00337813 -1.5 4.5 -3.5
0.00247282 -2 5 -3
0.000103942 -2.5 5.5 -2.5
0.00225228 -2 5 -3.5
0.00022746 -1 4 -4.5
0.00282462 -1.5 4.5 -4
0.000248916 -1 4 -5
0.00186776 -1.5 4.5 -4.5
0.000187872 -1 4 -5.5
6.33753e-05 -2.5 5.5 -4.5
8.26979e-05 -1 4 -6
0.000365716 -1.5 4.5 -5.5
8.20365e-05 -1.5 4.5 -6
8.82312e-05 -2 5 -5.5
2.69048e-05 -2.5 5.5 -5
0.000335734 -2 5 -5
0.000964648 -1.5 4.5 -5
0.000840773 -2 5 -4.5
0.000119717 -2.5 5.5 -4
0.00158158 -2 5 -4
0.000153105 -2.5 5.5 -3.5
0.000146264 -2.5 5.5 -3
2.88206e-05 -1 4.5 -0.5
6.99884e-05 -1 4.5 -1
2.18942e-05 -1.5 5 -0.5
9.07798e-05 -1 4.5 -1.5
0.000188052 -1.5 5 -1
0.000116688 -1 4.5 -2
0.000692181 -1.5 5 -1.5
0.000189305 -1 4.5 -2.5
0.00146214 -1.5 5 -2
0.000328739 -1 4.5 -3
0.00203538 -1.5 5 -2.5
0.000284561 -2 5.5 -2
0.000414126 -1 4.5 -3.5
0.000451252 -1 4.5 -4
0.000400966 -1 4.5 -4.5
0.00127885 -1.5 5 -4
0.000285543 -1 4.5 -5
2.88165e-05 -2 5.5 -5
0.00014707 -1 4.5 -5.5
0.000275626 -1.5 5 -5
4.59687e-05 -1 4.5 -6
7.23611e-05 -1.5 5 -5.5
9.52984e-05 -2 5.5 -4.5
0.000684094 -1.5 5 -4.5
0.000208307 -2 5.5 -4
0.000321118 -2 5.5 -3.5
0.00185577 -1.5 5 -3.5
0.000377474 -2 5.5 -3
0.00208399 -1.5 5 -3
0.000371275 -2 5.5 -2.5
7.22809e-05 -2 5.5 -1.5
3.14439e-05 -1 5 -0.5
0.000123829 -1 5 -1
0.000250459 -1 5 -1.5
6.12868e-05 -1.5 5.5 -1
0.000385648 -1 5 -2
0.000248918 -1.5 5.5 -1.5
0.000544741 -1 5 -2.5
0.000440262 -1.5 5.5 -2
0.000631482 -1 5 -3
0.000477276 -1.5 5.5 -2.5
0.000595845 -1 5 -3.5
0.000292818 -1 5 -4.5
0.000209723 -1.5 5.5 -4
4.21106e-05 -1 5 -5.5
3.21461e-05 -1.5 5.5 -5
0.000138329 -1 5 -5
9.04129e-05 -1.5 5.5 -4.5
0.00047485 -1 5 -4
0.000346037 -1.5 5.5 -3.5
0.000454184 -1.5 5.5 -3
8.23315e-05 -1 5.5 -1
0.000214241 -1 5.5 -1.5
0.000341767 -1 5.5 -2
0.000374736 -1 5.5 -2.5
2.22839e-05 -0.5 5 -3.5
2.97136e-05 -0.5 5 -4
0.000250749 -1 5.5 -3.5
3.14092e-05 -0.5 5 -4.5
2.39754e-05 -0.5 5 -5
2.14665e-05 -1 5.5 -5
5.31089e-05 -1 5.5 -4.5
0.000136081 -1 5.5 -4
3.07335e-05 -1.5 6 -3
0.000346438 -1 5.5 -3
3.26519e-05 -1.5 6 -2.5
3.09955e-05 -0.5 5.5 -1.5
5.6207e-05 -0.5 5.5 -2
7.16691e-05 -0.5 5.5 -2.5
7.01088e-05 -0.5 5.5 -3
5.91269e-05 -0.5 5.5 -3.5
3.85075e-05 -0.5 5.5 -4
2.25777e-05 -1 6 -3.5
2.69998e-05 -0.5 6 -2
2.69851e-05 -0.5 6 -2.5
3.45156e-05 -1 6 -3
4.14235e-05 -1 6 -2.5
4.11267e-05 -1 6 -2
2.89052e-05 -1 6 -1.5
3.15336e-05 -1.5 6 -2
