0.123038
2.68006e-05 -8 -0.5 7.5
5.00953e-05 -8 -0.5 7
8.67738e-05 -8.5 0 7.5
4.88493e-05 -8 -0.5 6.5
0.000145304 -8.5 0 7
0.000125814 -8.5 0 6.5
0.000102713 -9 0.5 6.5
0.00010166 -9 0.5 7
2.09716e-05 -7.5 -0.5 7.5
2.79491e-05 -8 0 8
7.97318e-05 -8.5 0.5 8
4.75611e-05 -7.5 -0.5 7
0.000222235 -8 0 7.5
4.85318e-05 -7.5 -0.5 6.5
0.000371401 -8 0 7
0.000907317 -8.5 0.5 7.5
3.18963e-05 -7.5 -0.5 6
0.00035183 -8 0 6.5
0.00118688 -8.5 0.5 7
0.000139164 -8 0 6
0.000995766 -8.5 0.5 6.5
0.000273969 -9.5 1.5 7
0.00110497 -9 1 7
0.00019046 -8.5 0.5 6
0.000169163 -9 1 6
0.000278585 -9.5 1.5 6.5
2.53324e-05 -10 2 7
0.000113136 -9.5 1.5 6
2.01967e-05 -10 2 6
2.68887e-05 -10 2 6.5
0.000932179 -9 1 6.5
0.000151141 -9.5 1.5 7.5
0.000891153 -9 1 7.5
2.48182e-05 -7.5 0 8
0.000160765 -7.5 0 7.5
0.000313217 -8 0.5 8
0.00197858 -8.5 1 8
2.17894e-05 -7 -0.5 6.5
0.000327705 -7.5 0 7
0.00173757 -9 1.5 8
2.03044e-05 -7 -0.5 6
0.000334672 -7.5 0 6.5
5.0983e-05 -9.5 2 8
0.00210033 -8 0.5 7
0.000220422 -7.5 0 6
0.000617709 -9.5 2 7.5
0.00197354 -8 0.5 6.5
0.00571816 -8.5 1 7
0.0044299 -9 1.5 7.5
3.91699e-05 -7.5 0 5.5
0.000853691 -8 0.5 6
0.00475521 -8.5 1 6.5
0.00146395 -8.5 1 6
6.88947e-05 -10 2.5 7
0.00403166 -9 1.5 6.5
0.00098199 -9.5 2 7
0.00140375 -9 1.5 6
6.90654e-05 -9.5 2 5.5
3.6369e-05 -10 2.5 5.5
8.06886e-05 -10 2.5 6
0.000609196 -9.5 2 6
8.91058e-05 -10 2.5 6.5
0.000939461 -9.5 2 6.5
0.00473963 -9 1.5 7
0.00521781 -8.5 1 7.5
0.00153893 -8 0.5 7.5
0.000226125 -7.5 0.5 8
0.000841386 -8.5 1.5 8.5
0.00017956 -8 1 8.5
5.32575e-05 -7 0 7
0.000934219 -7.5 0.5 7.5
0.000165418 -9 2 8.5
0.00558955 -8.5 1.5 8
0.000137271 -7 0 6.5
0.00165216 -7.5 0.5 7
0.00210719 -9 2 8
0.011327 -8.5 1.5 7.5
0.00578008 -8 1 7.5
0.000127076 -7 0 6
0.00164477 -7.5 0.5 6.5
6.62786e-05 -9.5 2.5 8
6.28364e-05 -7 0 5.5
0.00106721 -7.5 0.5 6
0.000610245 -9.5 2.5 7.5
0.00619406 -8 1 6.5
0.0122621 -8.5 1.5 7
0.000249977 -7.5 0.5 5.5
0.00328266 -8 1 6
0.00127914 -9.5 2.5 7
0.000405004 -8 1 5.5
6.23451e-05 -10 3 7
0.00542125 -8.5 1.5 6
0.00135802 -9.5 2.5 6.5
0.000631453 -8.5 1.5 5.5
0.00072779 -9 2 5.5
0.00123296 -9.5 2.5 6
2.71143e-05 -10 3 5
9.45834e-05 -10 3 5.5
0.000497343 -9.5 2.5 5.5
0.000108143 -10 3 6
0.000105564 -10 3 6.5
0.00441742 -9 2 6
0.00735379 -9 2 6.5
0.0109008 -8.5 1.5 6.5
0.00778332 -9 2 7
0.00646839 -9 2 7.5
0.00670421 -8 1 7
5.8748e-05 -8 1.5 9
8.90634e-05 -8.5 2 9
0.000974159 -8 1.5 8.5
0.00101018 -7.5 1 8
0.00109216 -8.5 2 8.5
0.00563049 -8 1.5 8
0.000176367 -7 0.5 7
0.000154948 -9 2.5 8.5
0.00611797 -8.5 2 8
0.000495385 -7 0.5 6.5
0.00461056 -7.5 1 7
0.00196086 -9 2.5 8
0.000507157 -7 0.5 6
5.50411e-05 -9.5 3 8
0.00448038 -7.5 1 6.5
0.0060583 -9 2.5 7.5
0.0153643 -8.5 2 7
0.0127523 -8 1.5 7
0.000290051 -7 0.5 5.5
0.000501261 -9.5 3 7.5
0.00301412 -7.5 1 6
0.00788321 -9 2.5 7
5.98242e-05 -7 0.5 5
0.00107489 -7.5 1 5.5
0.00730258 -8 1.5 6
0.00118792 -9.5 3 7
3.76026e-05 -7.5 1 5
5.15082e-05 -10 3.5 7
0.00212242 -8 1.5 5.5
0.00984272 -8.5 2 6
9.8357e-05 -10 3.5 6.5
0.00324002 -8.5 2 5.5
0.00129826 -9.5 3 6
0.00609451 -9 2.5 6
4.78213e-05 -8.5 2 5
0.000101059 -10 3.5 6
0.000220052 -9 2.5 5
0.000231685 -9.5 3 5
5.75652e-05 -10 3.5 5
9.35465e-05 -10 3.5 5.5
0.000873128 -9.5 3 5.5
0.00258667 -9 2.5 5.5
0.00135552 -9.5 3 6.5
0.00771842 -9 2.5 6.5
0.0145373 -8.5 2 6.5
0.0116456 -8 1.5 6.5
0.0132091 -8.5 2 7.5
0.0113808 -8 1.5 7.5
0.00302239 -7.5 1 7.5
4.43077e-05 -7.5 1.5 9
0.000154915 -8 2 9
0.000489616 -7.5 1.5 8.5
9.02308e-05 -8.5 2.5 9
0.00131975 -8 2 8.5
2.80873e-05 -7 1 7.5
0.00103334 -8.5 2.5 8.5
0.000131587 -9 3 8.5
0.000475124 -7 1 7
0.00589284 -7.5 1.5 7.5
0.00572814 -8.5 2.5 8
2.91766e-05 -6.5 0.5 6
0.001357 -9 3 8
0.00115146 -7 1 6.5
0.0124937 -8.5 2.5 7.5
0.008148 -7.5 1.5 7
0.013135 -8 2 7.5
8.5721e-05 -6.5 0.5 5.5
3.31632e-05 -9.5 3.5 8
0.00119306 -7 1 6
0.00459969 -9 3 7.5
0.00792278 -7.5 1.5 6.5
4.56522e-05 -6.5 0.5 5
0.000276117 -9.5 3.5 7.5
0.000762567 -7 1 5.5
0.00569933 -7.5 1.5 6
0.0146966 -8 2 6.5
0.00691256 -9 3 7
0.0149707 -8.5 2.5 7
0.00021937 -7 1 5
0.00087994 -9.5 3.5 7
0.00246444 -7.5 1.5 5.5
0.0102665 -8 2 6
3.823e-05 -10 4 7
0.000326245 -7.5 1.5 5
0.00121321 -9.5 3.5 6.5
0.00451777 -8 2 5.5
0.0103467 -8.5 2.5 6
7.97365e-05 -10 4 6.5
0.000604293 -8 2 5
8.32235e-05 -10 4 6
0.00107958 -8.5 2.5 5
0.00311745 -9 3 5.5
0.00113976 -9.5 3.5 6
7.67596e-05 -10 4 5.5
4.43755e-05 -9 3 4.5
2.01538e-05 -10 4 4.5
8.2129e-05 -9.5 3.5 4.5
5.18178e-05 -10 4 5
0.000400418 -9.5 3.5 5
0.00102579 -9 3 5
0.000812496 -9.5 3.5 5.5
0.00515598 -8.5 2.5 5.5
0.00559524 -9 3 6
0.0068822 -9 3 6.5
0.0143462 -8.5 2.5 6.5
0.0154786 -8 2 7
0.000158302 -8 2.5 9
0.000862611 -7.5 2 8.5
8.09156e-05 -8.5 3 9
0.00381017 -7.5 2 8
0.000773787 -8.5 3 8.5
0.00596581 -8 2.5 8
0.000268707 -7 1.5 7.5
0.00126586 -8 2.5 8.5
5.13289e-05 -9 3.5 8.5
0.00401945 -8.5 3 8
0.00115839 -7 1.5 7
0.0124771 -8 2.5 7.5
0.00796224 -7.5 2 7.5
4.43089e-05 -6.5 1 6
0.000313778 -9 3.5 8
0.00204075 -7 1.5 6.5
0.00891309 -8.5 3 7.5
0.000164056 -6.5 1 5.5
0.00158564 -9 3.5 7.5
0.00199266 -7 1.5 6
0.00980148 -7.5 2 6.5
0.000111057 -6.5 1 5
0.00141672 -7 1.5 5.5
0.00313493 -9 3.5 7
0.0110616 -8.5 3 6.5
0.00736885 -7.5 2 6
0.0143615 -8 2.5 6.5
2.76373e-05 -6.5 1 4.5
9.59806e-05 -9.5 4 7
0.000503232 -7 1.5 5
0.00372993 -7.5 2 5.5
0.00370911 -9 3.5 6.5
3.48571e-05 -7 1.5 4.5
0.000320715 -9.5 4 6.5
0.00103705 -7.5 2 5
0.00535981 -8 2.5 5.5
2.85957e-05 -7.5 2 4.5
0.000469407 -9.5 4 6
0.00170305 -8 2.5 5
0.00480577 -8.5 3 5.5
0.00338554 -9 3.5 6
9.47351e-05 -8 2.5 4.5
0.000425274 -9.5 4 5.5
0.000278148 -8.5 3 4.5
2.58484e-05 -9.5 4 4
0.000130857 -9.5 4 4.5
0.000314938 -9 3.5 4.5
0.000292612 -9.5 4 5
0.00109155 -9 3.5 5
0.00187557 -8.5 3 5
0.00236898 -9 3.5 5.5
0.00861176 -8.5 3 6
0.0104233 -8 2.5 6
0.0114148 -8.5 3 7
0.0149883 -8 2.5 7
0.000136065 -7.5 2.5 9
0.000140465 -8 3 9
3.67391e-05 -8.5 3.5 9
0.0010612 -8 3 8.5
0.000190733 -7 2 8
0.000262987 -8.5 3.5 8.5
0.00432668 -8 3 8
0.000982282 -7 2 7.5
0.00119872 -8.5 3.5 8
0.00216238 -7 2 7
7.7483e-05 -6.5 1.5 6
0.00323068 -8.5 3.5 7.5
0.0111053 -8 3 7
0.00288183 -7 2 6.5
0.00990177 -7.5 2.5 7
0.000245139 -6.5 1.5 5.5
0.00488237 -8.5 3.5 7
0.00263757 -7 2 6
0.000151766 -9 4 7
0.000199418 -6.5 1.5 5
0.00171996 -7 2 5.5
0.00726362 -7.5 2.5 6
0.00494444 -8.5 3.5 6.5
0.0107051 -8 3 6.5
6.30676e-05 -6.5 1.5 4.5
0.000520512 -9 4 6.5
0.000728455 -7 2 5
0.00392162 -7.5 2.5 5.5
0.00466206 -8 3 5.5
0.000132325 -7 2 4.5
0.000774347 -9 4 6
0.00144424 -7.5 2.5 5
0.00427216 -8.5 3.5 6
0.000240133 -7.5 2.5 4.5
0.0014725 -8.5 3.5 5
3.29982e-05 -9.5 4.5 5.5
0.00045229 -8 3 4.5
2.29072e-05 -8 3 4
6.07632e-05 -9.5 4.5 5
0.000505342 -8.5 3.5 4.5
6.8997e-05 -8.5 3.5 4
2.81313e-05 -9.5 4.5 4
7.75174e-05 -9 4 4
5.10371e-05 -9.5 4.5 4.5
0.000277949 -9 4 4.5
0.000599583 -9 4 5
0.000794099 -9 4 5.5
0.00187011 -8 3 5
0.00289457 -8.5 3.5 5.5
0.00822429 -8 3 6
0.000112217 -7 2.5 8.5
7.76434e-05 -8 3.5 9
0.000511362 -8 3.5 8.5
0.00057383 -7 2.5 8
0.00179649 -8 3.5 8
0.00186725 -7 2.5 7.5
0.00616616 -7.5 3 7.5
0.00353297 -8 3.5 7.5
0.00732016 -7.5 3 7
0.00300742 -7 2.5 7
0.000180593 -6.5 2 6
0.00473285 -8 3.5 7
0.000380287 -8.5 4 7
0.000291451 -6.5 2 5.5
0.00268805 -7 2.5 6
0.00526932 -7.5 3 6
0.000709553 -8.5 4 6.5
0.000222101 -6.5 2 5
0.00385824 -8 3.5 6
8.76269e-05 -6.5 2 4.5
0.000744841 -7 2.5 5
0.000855543 -8.5 4 6
0.00020155 -7 2.5 4.5
0.00130593 -7.5 3 5
0.00129497 -8 3.5 5
2.14315e-05 -7 2.5 4
2.31626e-05 -9 4.5 5.5
5.09661e-05 -7.5 3 4
7.23548e-05 -9 4.5 5
0.000462101 -8 3.5 4.5
0.000591811 -8.5 4 5
9.84303e-05 -8 3.5 4
6.65871e-05 -9 4.5 4.5
3.34387e-05 -9 4.5 4
9.89497e-05 -8.5 4 4
0.000300623 -8.5 4 4.5
0.000378033 -7.5 3 4.5
0.000805525 -8.5 4 5.5
0.00251585 -8 3.5 5.5
0.00304658 -7.5 3 5.5
0.00168867 -7 2.5 5.5
0.00467865 -8 3.5 6.5
0.00702121 -7.5 3 6.5
0.00311341 -7 2.5 6.5
0.00328333 -7.5 3 8
7.41986e-05 -7.5 3.5 9
0.000527242 -7.5 3.5 8.5
0.00162538 -7.5 3.5 8
3.85448e-05 -8 4 8
0.00290337 -7.5 3.5 7.5
0.00202932 -7 3 7.5
0.000208627 -8 4 7.5
0.000147421 -6.5 2.5 6.5
0.000546985 -8 4 7
0.00030935 -6.5 2.5 6
0.00315562 -7.5 3.5 6.5
0.00265278 -7 3 6.5
0.000300759 -6.5 2.5 5.5
0.000712092 -8 4 6.5
0.00019516 -6.5 2.5 5
0.00120338 -7 3 5.5
0.000741935 -8 4 6
0.00238931 -7.5 3.5 6
8.18382e-05 -6.5 2.5 4.5
0.000550102 -7 3 5
0.0001794 -7 3 4.5
2.92566e-05 -8.5 4.5 5.5
0.000733258 -7.5 3.5 5
0.000632954 -8 4 5.5
4.07763e-05 -7 3 4
6.17943e-05 -8.5 4.5 5
0.000228352 -8 4 4.5
0.000283354 -7.5 3.5 4.5
5.62579e-05 -8.5 4.5 4.5
3.13715e-05 -8.5 4.5 4
7.74068e-05 -8 4 4
6.87471e-05 -7.5 3.5 4
0.00042653 -8 4 5
0.00146609 -7.5 3.5 5.5
0.00206486 -7 3 6
0.00332989 -7.5 3.5 7
4.02633e-05 -7 3.5 9
0.000285048 -7 3.5 8.5
8.21553e-05 -7.5 4 8.5
0.000894328 -7 3.5 8
0.000216719 -7.5 4 8
0.000444132 -7.5 4 7.5
0.000263412 -6.5 3 7
0.00149239 -7 3.5 7.5
0.000609665 -7.5 4 7
0.000380577 -6.5 3 6.5
0.000603069 -7.5 4 6.5
0.000357434 -6.5 3 6
0.00145568 -7 3.5 6.5
0.000244165 -6.5 3 5.5
2.57616e-05 -8 4.5 6
0.00036534 -7.5 4 5.5
0.000121744 -6.5 3 5
0.000577749 -7 3.5 5.5
4.8407e-05 -6.5 3 4.5
3.6355e-05 -8 4.5 5.5
9.29433e-05 -7 3.5 4.5
3.4528e-05 -7.5 4 4
3.28683e-05 -8 4.5 4.5
3.00927e-05 -7 3.5 4
0.000105686 -7.5 4 4.5
3.747e-05 -8 4.5 5
0.00021714 -7.5 4 5
0.000266174 -7 3.5 5
2.45182e-05 -6.5 3.5 8.5
2.30483e-05 -7 4 9
0.000157269 -6.5 3.5 8
0.000134351 -7 4 8.5
0.000326069 -6.5 3.5 7.5
0.00046779 -7 4 7.5
0.000320238 -7 4 8
0.000518126 -7.5 4 6
0.000481477 -7 4 7
0.000389231 -6.5 3.5 7
2.24388e-05 -7.5 4.5 6.5
0.000283884 -7 4 6
0.000269656 -6.5 3.5 6
2.96414e-05 -7.5 4.5 6
3.11142e-05 -7.5 4.5 5.5
5.72344e-05 -6.5 3.5 5
0.000162036 -7 4 5.5
2.45922e-05 -7.5 4.5 5
2.56318e-05 -6.5 3.5 4.5
3.72764e-05 -7 4 4.5
7.47607e-05 -7 4 5
0.000139312 -6.5 3.5 5.5
0.000221746 -6.5 4 7
2.19564e-05 -7 4.5 7
2.48862e-05 -6 3.5 6
2.6755e-05 -7 4.5 6.5
2.55337e-05 -7 4.5 6
0.000103122 -6.5 4 6
2.08531e-05 -7 4.5 5.5
5.58438e-05 -6.5 4 5.5
0.000175517 -6.5 4 6.5
2.27457e-05 -6.5 4.5 8
3.25593e-05 -6.5 4.5 7.5
3.33576e-05 -6.5 4.5 7
3.69225e-05 -6 4 7
2.53895e-05 -6.5 4.5 6.5
2.87715e-05 -6 4 6.5
2.4189e-05 -6 4 7.5
0.000222734 -6.5 4 7.5
0.000142479 -6.5 4 8
4.64593e-05 -6.5 4 8.5
0.000406825 -7 4 6.5
0.000370347 -6.5 3.5 6.5
0.0010255 -7 3.5 6
0.00158579 -7 3.5 7
4.54907e-05 -6.5 3 7.5
0.00268125 -7 3 7
0.00107067 -7 3 8
0.000291646 -7 3 8.5
3.95562e-05 -7 3 9
0.00088544 -7.5 3 8.5
0.000124636 -7.5 3 9
0.00957354 -7.5 2.5 6.5
0.00897651 -8 3 7.5
0.00788333 -7.5 2.5 7.5
0.003857 -7.5 2.5 8
0.00099317 -7.5 2.5 8.5
0.010157 -7.5 2 7
0.000103978 -7.5 2 9
0.00632812 -8 2 8
0.00247368 -7.5 1.5 8
0.00013219 -7.5 1 8.5
0.00229094 -8 1 8
