0.0177187
0.000342102 -11.5 -9.5 10.5
0.000526815 -11.5 -9.5 11
3.99473e-05 -11 -9.5 10
0.00656368 -11.5 -9 10
0.000297388 -11 -9.5 10.5
0.000295123 -11 -9.5 11
0.00976411 -11.5 -9 10.5
0.0044214 -11.5 -9 11
0.000142516 -12 -9 10.5
2.26098e-05 -11 -9 9.5
0.00024271 -12 -9 11
0.00845145 -11.5 -8.5 9.5
0.00481255 -11 -9 10
0.0522066 -11.5 -8.5 10
0.051484 -11.5 -8.5 10.5
0.00247038 -11 -9 11
0.00592646 -11 -9 10.5
0.0138022 -11.5 -8.5 11
0.00181332 -12 -8.5 10
0.00240756 -12 -8.5 10.5
0.00126947 -12 -8.5 11
0.00732016 -11 -8.5 9.5
3.9155e-05 -11 -8.5 9
0.0279198 -11.5 -8 9.5
0.0273227 -11 -8.5 10
0.000345443 -11.5 -8 9
0.0811341 -11.5 -8 10
0.000165289 -10.5 -9 11
0.0256063 -11.5 -8 11
4.92784e-05 -10.5 -9 11.5
0.0008516 -12 -8 9.5
0.00590374 -12 -8 10.5
0.00551668 -12 -8 10
0.00683332 -11 -8.5 11
0.0746857 -11.5 -8 10.5
0.0253484 -11 -8.5 10.5
0.00253236 -12 -8 11
0.0180596 -11 -8 9.5
0.0268621 -11.5 -7.5 9.5
0.000408476 -11 -8 9
0.000806909 -11.5 -7.5 9
0.0690895 -11.5 -7.5 10
0.000124077 -10.5 -8.5 10.5
0.0425396 -11 -8 10
0.0354063 -11 -8 10.5
0.0632173 -11.5 -7.5 10.5
0.0108785 -11 -8 11
0.024635 -11.5 -7.5 11
0.00199777 -11.5 -7.5 11.5
0.00278246 -12 -7.5 11
0.00583236 -12 -7.5 10.5
0.00556688 -12 -7.5 10
0.00144579 -12 -7.5 9.5
0.000287607 -12 -7.5 11.5
0.000499623 -10.5 -8 9.5
0.0169429 -11 -7.5 9.5
0.00785077 -11.5 -7 9.5
0.000632181 -11 -7.5 9
0.0363533 -11 -7.5 10
0.000670442 -11.5 -7 9
0.0193904 -11.5 -7 10
0.0297027 -11 -7.5 10.5
0.021083 -11.5 -7 10.5
0.000110441 -10.5 -8 11.5
0.0122236 -11.5 -7 11
0.00110349 -12 -7 9.5
4.06832e-05 -12 -7 9
4.47597e-05 -11.5 -7 12
0.00260988 -12 -7 10
0.000400501 -12 -7 11.5
0.0018117 -12 -7 11
0.00298835 -12 -7 10.5
0.00260119 -11.5 -7 11.5
0.000877929 -11 -7.5 11.5
0.00988576 -11 -7.5 11
0.000589028 -10.5 -8 11
0.00154545 -10.5 -8 10.5
0.00201288 -10.5 -7.5 9.5
7.57514e-05 -10.5 -7.5 9
0.00536083 -11 -7 9.5
0.00340236 -10.5 -7.5 10
0.000342681 -11.5 -6.5 9.5
0.000444584 -11 -7 9
0.0114306 -11 -7 10
5.73205e-05 -11.5 -6.5 9
0.00113036 -11.5 -6.5 10
0.0103865 -11 -7 10.5
0.00171989 -11.5 -6.5 10.5
0.00166397 -11.5 -6.5 11
7.01736e-05 -10.5 -7.5 11.5
0.000859499 -11.5 -6.5 11.5
0.000137562 -11.5 -6.5 12
2.64523e-05 -12 -6.5 9
0.000386473 -12 -6.5 11
2.56021e-05 -12 -6.5 12
0.000191072 -12 -6.5 11.5
0.00035924 -12 -6.5 10.5
0.00022564 -12 -6.5 10
7.67928e-05 -12 -6.5 9.5
4.07641e-05 -11 -7 12
0.000862796 -11 -7 11.5
0.00486005 -11 -7 11
0.000568644 -10.5 -7.5 11
0.00227747 -10.5 -7.5 10.5
0.0014256 -10.5 -7 9.5
0.000303568 -11 -6.5 9.5
8.20712e-05 -10.5 -7 9
0.00237806 -10.5 -7 10
4.45968e-05 -11 -6.5 9
0.000855891 -11 -6.5 10
3.15935e-05 -11.5 -6 10
0.00106764 -11 -6.5 10.5
6.19613e-05 -11.5 -6 10.5
0.000783989 -11 -6.5 11
6.78581e-05 -11.5 -6 11
4.4345e-05 -11.5 -6 11.5
3.28129e-05 -11 -6.5 12
7.9511e-05 -10 -7 9.5
9.36617e-05 -10 -7 10
0.000146036 -10.5 -6.5 9.5
2.88273e-05 -11 -6 10
5.20273e-05 -10 -7 10.5
4.63137e-05 -11 -6 10.5
2.73912e-05 -10.5 -6.5 11.5
4.07043e-05 -11 -6 11
2.55518e-05 -10 -6.5 10.5
4.50914e-05 -10 -6.5 10
3.69011e-05 -10 -6.5 9.5
0.000138524 -10.5 -6.5 11
0.000290545 -10.5 -6.5 10.5
0.000323977 -10.5 -6.5 10
0.000283717 -11 -6.5 11.5
4.09543e-05 -10.5 -7 11.5
0.000433515 -10.5 -7 11
0.00161106 -10.5 -7 10.5
0.00157343 -10.5 -8 10
0.000147559 -11 -8 11.5
0.000118279 -10.5 -8.5 11.5
0.000438655 -10.5 -8.5 11
