0.706902
2.45915e-05 -5.5 -10.5 -15.5
2.996e-05 -5.5 -10.5 -15
2.71337e-05 -5.5 -10.5 -14.5
2.46829e-05 -5 -10 -17.5
5.76861e-05 -5 -10 -17
0.000102639 -5 -10 -16.5
0.000133313 -5 -10 -16
0.00012849 -5 -10 -15.5
9.36158e-05 -5 -10 -15
4.1609e-05 -5 -10 -14.5
2.42051e-05 -5.5 -11 -13.5
2.4316e-05 -6 -11.5 -13.5
6.0194e-05 -5.5 -11 -14
2.84961e-05 -6 -11.5 -14
8.72047e-05 -5.5 -11 -14.5
9.88804e-05 -5.5 -11 -15
8.43343e-05 -5.5 -11 -15.5
5.19835e-05 -5.5 -11 -16
2.61456e-05 -5.5 -11 -16.5
4.93629e-05 -5 -10.5 -17.5
0.000116328 -5 -10.5 -17
0.000190549 -5 -10.5 -16.5
0.000237243 -5 -10.5 -16
0.000230773 -5 -10.5 -15.5
0.000189851 -5 -10.5 -15
0.000111852 -5 -10.5 -14.5
3.95127e-05 -5 -10.5 -14
6.32753e-05 -4.5 -10 -14.5
0.000185045 -4.5 -10 -15
0.000332576 -4.5 -10 -15.5
2.7231e-05 -4.5 -10 -18.5
9.46887e-05 -4.5 -10 -18
0.000210654 -4.5 -10 -17.5
0.000342103 -4.5 -10 -17
2.81867e-05 -5 -9.5 -16.5
0.000426462 -4.5 -10 -16.5
3.61421e-05 -5 -9.5 -16
0.000407477 -4.5 -10 -16
3.65655e-05 -5 -9.5 -15.5
2.62905e-05 -5 -9.5 -15
2.26894e-05 -5.5 -11.5 -13
2.6918e-05 -5 -11 -13.5
2.23477e-05 -6.5 -12.5 -12.5
4.21003e-05 -6 -12 -13
6.98824e-05 -5.5 -11.5 -13.5
2.53876e-05 -6.5 -12.5 -13
6.60453e-05 -6 -12 -13.5
0.000124128 -5.5 -11.5 -14
0.000192458 -5 -11 -14.5
7.48661e-05 -6 -12 -14
0.000156755 -5.5 -11.5 -14.5
0.000260885 -5 -11 -15
6.21443e-05 -6 -12 -14.5
0.000168274 -5.5 -11.5 -15
0.000299248 -5 -11 -15.5
4.46363e-05 -6 -12 -15
0.000150662 -5.5 -11.5 -15.5
0.000278553 -5 -11 -16
2.07575e-05 -6 -12 -15.5
5.38596e-05 -5.5 -11.5 -16.5
4.8568e-05 -5 -11 -17.5
7.01959e-05 -4.5 -10.5 -18
0.000171393 -4.5 -10.5 -17.5
0.000116313 -5 -11 -17
0.000293901 -4.5 -10.5 -17
0.000202454 -5 -11 -16.5
0.000102681 -5.5 -11.5 -16
0.000403631 -4.5 -10.5 -16.5
0.000414988 -4.5 -10.5 -16
0.000365341 -4.5 -10.5 -15.5
0.00025932 -4.5 -10.5 -15
0.000135714 -4.5 -10.5 -14.5
0.000100244 -5 -11 -14
3.6817e-05 -4.5 -10.5 -14
3.17619e-05 -4 -10 -14.5
0.000112578 -4 -10 -15
0.000267604 -4 -10 -15.5
0.00042489 -4 -10 -16
0.000502379 -4 -10 -16.5
0.000470194 -4 -10 -17
0.000341983 -4 -10 -17.5
0.000174986 -4 -10 -18
3.06496e-05 -4.5 -9.5 -18.5
6.26687e-05 -4 -10 -18.5
9.97649e-05 -4.5 -9.5 -18
0.000206532 -4.5 -9.5 -17.5
0.000303263 -4.5 -9.5 -17
0.00034145 -4.5 -9.5 -16.5
2.18411e-05 -7 -13.5 -11.5
3.40626e-05 -6.5 -13 -12
4.87541e-05 -6 -12.5 -12.5
6.44219e-05 -5.5 -12 -13
2.43013e-05 -7 -13.5 -12
5.16464e-05 -6.5 -13 -12.5
8.66775e-05 -6 -12.5 -13
0.000126203 -5.5 -12 -13.5
2.83661e-05 -4 -10.5 -14.5
0.000157324 -5 -11.5 -14
5.62192e-05 -6.5 -13 -13
0.000111778 -6 -12.5 -13.5
0.000175944 -5.5 -12 -14
4.6759e-05 -6.5 -13 -13.5
0.000122113 -6 -12.5 -14
0.00020041 -5.5 -12 -14.5
3.5104e-05 -6.5 -13 -14
0.000107628 -6 -12.5 -14.5
0.000199618 -5.5 -12 -15
0.000294549 -5 -11.5 -15.5
7.90111e-05 -6 -12.5 -15
0.00015936 -5.5 -12 -15.5
4.68878e-05 -6 -12.5 -15.5
0.000103201 -5.5 -12 -16
0.000169288 -5 -11.5 -16.5
8.97598e-05 -5 -11.5 -17
5.35347e-05 -5.5 -12 -16.5
2.0643e-05 -6 -12.5 -16
2.00807e-05 -4.5 -11 -18.5
2.02289e-05 -5 -11.5 -18
2.69836e-05 -4 -10.5 -18.5
3.38393e-05 -4.5 -11 -18
3.60205e-05 -5 -11.5 -17.5
2.31335e-05 -5.5 -12 -17
8.72765e-05 -4 -10.5 -18
0.000102963 -4.5 -11 -17.5
0.000191648 -4 -10.5 -17.5
0.000208133 -4.5 -11 -17
0.000296872 -4 -10.5 -17
0.000312608 -4.5 -11 -16.5
0.000243395 -5 -11.5 -16
0.000326469 -4 -10.5 -16.5
0.000367033 -4.5 -11 -16
0.000288675 -4 -10.5 -16
0.000336889 -4.5 -11 -15.5
0.000275482 -5 -11.5 -15
0.000204399 -4 -10.5 -15.5
0.000256613 -4.5 -11 -15
0.000232063 -5 -11.5 -14.5
9.9175e-05 -4 -10.5 -15
0.000139458 -4.5 -11 -14.5
5.66167e-05 -4.5 -11 -14
7.7926e-05 -5 -11.5 -13.5
0.000310178 -4.5 -9.5 -16
0.000214004 -4.5 -9.5 -15.5
9.38339e-05 -4.5 -9.5 -15
4.39494e-05 -3.5 -10 -15.5
0.000107394 -4 -9.5 -15
9.06901e-05 -3.5 -10 -16
0.00027747 -4 -9.5 -15.5
0.000148536 -3.5 -10 -16.5
0.000177221 -3.5 -10 -17
0.000561022 -4 -9.5 -16.5
0.000160506 -3.5 -10 -17.5
0.000108713 -3.5 -10 -18
4.72612e-05 -3.5 -10 -18.5
2.12748e-05 -3.5 -10 -19
2.80171e-05 -4 -9.5 -19
0.000114048 -4 -9.5 -18.5
5.35839e-05 -4.5 -9 -18
0.000274842 -4 -9.5 -18
0.000111273 -4.5 -9 -17.5
0.000466507 -4 -9.5 -17.5
0.000168239 -4.5 -9 -17
3.17249e-05 -7 -14 -11
4.26035e-05 -6.5 -13.5 -11.5
4.55434e-05 -6 -13 -12
4.7348e-05 -5.5 -12.5 -12.5
4.0504e-05 -7 -14 -11.5
6.27206e-05 -6.5 -13.5 -12
8.83067e-05 -6 -13 -12.5
0.000103396 -5.5 -12.5 -13
3.29521e-05 -5 -12 -13
4.2067e-05 -7 -14 -12
7.9372e-05 -6.5 -13.5 -12.5
2.12863e-05 -4 -11 -14.5
0.000119451 -6 -13 -13
0.000150834 -5.5 -12.5 -13.5
5.42378e-05 -4.5 -11.5 -14
3.47059e-05 -7 -14 -12.5
8.38545e-05 -6.5 -13.5 -13
0.000131918 -6 -13 -13.5
6.25762e-05 -4 -11 -15
0.000183065 -5.5 -12.5 -14
0.000219841 -5 -12 -14.5
2.64594e-05 -7 -14 -13
2.86172e-05 -3.5 -10.5 -16
7.27088e-05 -6.5 -13.5 -13.5
0.000133851 -6 -13 -14
0.000249722 -5 -12 -15
5.54684e-05 -6.5 -13.5 -14
4.22748e-05 -3.5 -10.5 -16.5
0.000111337 -6 -13 -14.5
3.62999e-05 -6.5 -13.5 -14.5
7.80989e-05 -6 -13 -15
5.136e-05 -3.5 -10.5 -17
0.000132895 -5.5 -12.5 -15.5
4.49108e-05 -6 -13 -15.5
4.10893e-05 -3.5 -10.5 -17.5
2.23228e-05 -6 -13 -16
2.76714e-05 -3.5 -10.5 -18
4.20436e-05 -5.5 -12.5 -16.5
3.1316e-05 -4 -11 -18
4.73761e-05 -4.5 -11.5 -17.5
5.25583e-05 -5 -12 -17
7.11459e-05 -4 -11 -17.5
0.000110261 -4.5 -11.5 -17
0.000109337 -5 -12 -16.5
8.1529e-05 -5.5 -12.5 -16
0.000126529 -4 -11 -17
0.000186428 -4.5 -11.5 -16.5
0.000177014 -5 -12 -16
0.000152969 -4 -11 -16.5
0.000246573 -4.5 -11.5 -16
0.000239367 -5 -12 -15.5
0.000175071 -5.5 -12.5 -15
0.000142958 -4 -11 -16
0.000231181 -4.5 -11.5 -15.5
0.000198287 -5.5 -12.5 -14.5
0.000112045 -4 -11 -15.5
0.000196366 -4.5 -11.5 -15
0.000119299 -4.5 -11.5 -14.5
0.000158012 -5 -12 -14
8.42102e-05 -5 -12 -13.5
0.000574571 -4 -9.5 -17
0.000192843 -4.5 -9 -16.5
0.000166652 -4.5 -9 -16
0.000457636 -4 -9.5 -16
9.57414e-05 -4.5 -9 -15.5
2.9751e-05 -4.5 -9 -15
8.15988e-05 -3.5 -9.5 -15.5
4.41519e-05 -4 -9 -15
0.000194161 -3.5 -9.5 -16
0.000335586 -3.5 -9.5 -16.5
0.000401114 -4 -9 -16
0.000395021 -3.5 -9.5 -17
0.000375277 -3.5 -9.5 -17.5
0.000268207 -3.5 -9.5 -18
3.27719e-05 -4.5 -8.5 -17.5
0.000511152 -4 -9 -17.5
3.20348e-05 -3.5 -9.5 -19
4.84759e-05 -4 -9 -19
0.00016058 -4 -9 -18.5
0.000125359 -3.5 -9.5 -18.5
3.8335e-05 -6.5 -14 -11
3.49249e-05 -6 -13.5 -11.5
2.9273e-05 -7 -14.5 -10.5
2.86455e-05 -7.5 -15 -10.5
4.83276e-05 -7 -14.5 -11
6.47184e-05 -6.5 -14 -11.5
6.71337e-05 -6 -13.5 -12
3.12336e-05 -7.5 -15 -11
5.3893e-05 -7 -14.5 -11.5
7.8343e-05 -6.5 -14 -12
9.79124e-05 -6 -13.5 -12.5
3.1024e-05 -5 -12.5 -13
2.64844e-05 -7.5 -15 -11.5
5.35754e-05 -7 -14.5 -12
8.3354e-05 -6.5 -14 -12.5
0.000118696 -6 -13.5 -13
3.64731e-05 -4.5 -12 -14
4.63805e-05 -7 -14.5 -12.5
2.54744e-05 -4 -11.5 -15
8.43228e-05 -6.5 -14 -13
0.000127358 -6 -13.5 -13.5
7.48841e-05 -4.5 -12 -14.5
3.53635e-05 -7 -14.5 -13
3.90758e-05 -4 -11.5 -15.5
7.16488e-05 -6.5 -14 -13.5
0.000115823 -6 -13.5 -14
0.000161727 -5.5 -13 -14.5
2.47103e-05 -7 -14.5 -13.5
5.33642e-05 -6.5 -14 -14
4.66248e-05 -4 -11.5 -16
9.05385e-05 -6 -13.5 -14.5
0.000127465 -5.5 -13 -15
3.38495e-05 -6.5 -14 -14.5
4.30824e-05 -4 -11.5 -16.5
6.00053e-05 -6 -13.5 -15
4.78957e-05 -5.5 -13 -16
2.39423e-05 -5.5 -13 -16.5
2.11926e-05 -5 -12.5 -17
3.6289e-05 -4.5 -12 -17
5.07843e-05 -5 -12.5 -16.5
3.36379e-05 -6 -13.5 -15.5
2.96985e-05 -4 -11.5 -17
7.22973e-05 -4.5 -12 -16.5
9.59484e-05 -5 -12.5 -16
8.58334e-05 -5.5 -13 -15.5
0.000108231 -4.5 -12 -16
0.000144898 -5 -12.5 -15.5
0.000116364 -4.5 -12 -15.5
0.000174771 -5 -12.5 -15
0.000105151 -4.5 -12 -15
0.00015819 -5 -12.5 -14.5
0.000163115 -5.5 -13 -14
0.000125403 -5 -12.5 -14
0.000142363 -5.5 -13 -13.5
7.88413e-05 -5 -12.5 -13.5
9.95653e-05 -5.5 -13 -13
5.37015e-05 -5.5 -13 -12.5
0.00033702 -4 -9 -18
4.52458e-05 -4.5 -8.5 -17
0.000590875 -4 -9 -17
5.24281e-05 -4.5 -8.5 -16.5
0.000553038 -4 -9 -16.5
4.69041e-05 -4.5 -8.5 -16
2.45946e-05 -4.5 -8.5 -15.5
0.000181443 -4 -9 -15.5
0.000100286 -3.5 -9 -15.5
2.37334e-05 -3 -9.5 -16.5
0.000274979 -3.5 -9 -16
8.52397e-05 -4 -8.5 -15.5
3.44822e-05 -3 -9.5 -17
0.000504004 -3.5 -9 -16.5
0.000243063 -4 -8.5 -16
4.15166e-05 -3 -9.5 -17.5
0.000635508 -3.5 -9 -17
3.2458e-05 -3 -9.5 -18
0.000620831 -3.5 -9 -17.5
0.000477226 -4 -8.5 -17
0.000485429 -3.5 -9 -18
0.000440095 -4 -8.5 -17.5
0.000268182 -3.5 -9 -18.5
5.59469e-05 -4 -8.5 -19
9.36981e-05 -3.5 -9 -19
0.00017003 -4 -8.5 -18.5
2.06651e-05 -7.5 -15.5 -10
4.07912e-05 -7 -15 -10.5
4.70553e-05 -6.5 -14.5 -11
3.33963e-05 -6 -14 -11.5
3.27479e-05 -7.5 -15.5 -10.5
4.9326e-05 -7 -15 -11
6.35184e-05 -6.5 -14.5 -11.5
6.47642e-05 -6 -14 -12
3.29428e-05 -7.5 -15.5 -11
5.16491e-05 -7 -15 -11.5
7.41616e-05 -6.5 -14.5 -12
9.00943e-05 -6 -14 -12.5
2.76168e-05 -7.5 -15.5 -11.5
4.94975e-05 -7 -15 -12
7.76895e-05 -6.5 -14.5 -12.5
0.000100471 -6 -14 -13
4.62852e-05 -5 -13 -13.5
2.38508e-05 -7.5 -15.5 -12
4.25212e-05 -7 -15 -12.5
2.99233e-05 -4.5 -12.5 -14.5
7.06423e-05 -6.5 -14.5 -13
0.00011068 -5.5 -13.5 -14
3.21834e-05 -7 -15 -13
5.62896e-05 -6.5 -14.5 -13.5
3.50231e-05 -4.5 -12.5 -15
8.03778e-05 -6 -14 -14
2.17942e-05 -7 -15 -13.5
3.96152e-05 -6.5 -14.5 -14
5.64457e-05 -6 -14 -14.5
3.53577e-05 -4.5 -12.5 -15.5
2.49604e-05 -6.5 -14.5 -14.5
2.47612e-05 -4.5 -12.5 -16
2.9958e-05 -5 -13 -16
3.64042e-05 -5.5 -13.5 -15.5
3.38524e-05 -6 -14 -15
5.43104e-05 -5 -13 -15.5
6.64678e-05 -5.5 -13.5 -15
7.7239e-05 -5 -13 -15
9.57221e-05 -5.5 -13.5 -14.5
7.95059e-05 -5 -13 -14.5
9.90482e-05 -6 -14 -13.5
7.15647e-05 -5 -13 -14
0.000101809 -5.5 -13.5 -13.5
8.10247e-05 -5.5 -13.5 -13
5.11116e-05 -5.5 -13.5 -12.5
0.0003318 -4 -8.5 -18
0.000410142 -4 -8.5 -16.5
2.88708e-05 -3 -9 -16
9.78511e-05 -3.5 -8.5 -15.5
7.60485e-05 -3 -9 -16.5
0.000301695 -3.5 -8.5 -16
0.000121212 -3 -9 -17
0.000557387 -3.5 -8.5 -16.5
0.000155242 -3 -9 -17.5
0.000737629 -3.5 -8.5 -17
0.000159975 -3 -9 -18
0.000121982 -3 -9 -18.5
0.000651393 -3.5 -8.5 -18
0.000251283 -4 -8 -17.5
5.92163e-05 -3 -9 -19
0.000418754 -3.5 -8.5 -18.5
0.000103963 -4 -8 -18.5
3.90346e-05 -3.5 -8.5 -19.5
2.23182e-05 -7.5 -16 -10
3.80948e-05 -7 -15.5 -10.5
4.22745e-05 -6.5 -15 -11
2.93338e-05 -7.5 -16 -10.5
4.32245e-05 -7 -15.5 -11
5.26824e-05 -6.5 -15 -11.5
2.83884e-05 -7.5 -16 -11
4.14001e-05 -7 -15.5 -11.5
5.69694e-05 -6.5 -15 -12
2.94883e-05 -5.5 -14 -12.5
2.39887e-05 -7.5 -16 -11.5
3.61711e-05 -7 -15.5 -12
2.16455e-05 -5 -13.5 -13.5
5.35289e-05 -6.5 -15 -12.5
2.93996e-05 -7 -15.5 -12.5
4.34033e-05 -6.5 -15 -13
2.51043e-05 -5 -13.5 -14
5.05457e-05 -6 -14.5 -13.5
2.28658e-05 -7 -15.5 -13
3.07729e-05 -6.5 -15 -13.5
3.14571e-05 -5.5 -14 -14.5
3.59834e-05 -6 -14.5 -14
2.30353e-05 -5 -13.5 -14.5
4.25312e-05 -5.5 -14 -14
4.43018e-05 -5.5 -14 -13.5
5.94592e-05 -6 -14.5 -13
3.91758e-05 -5.5 -14 -13
5.841e-05 -6 -14.5 -12.5
5.07227e-05 -6 -14.5 -12
2.63255e-05 -6 -14.5 -11.5
3.53224e-05 -4 -8 -19
0.0001705 -3.5 -8.5 -19
0.000192771 -4 -8 -18
0.00074625 -3.5 -8.5 -17.5
0.000265096 -4 -8 -17
0.000216204 -4 -8 -16.5
0.000108056 -4 -8 -16
2.46796e-05 -4 -8 -15.5
6.00745e-05 -3 -8.5 -16
3.90102e-05 -3.5 -8 -15.5
0.000184082 -3 -8.5 -16.5
0.000201729 -3.5 -8 -16
0.00031562 -3 -8.5 -17
6.19792e-05 -4 -7.5 -16.5
0.000417754 -3 -8.5 -17.5
0.000423546 -3 -8.5 -18
0.00032569 -3 -8.5 -18.5
0.000699409 -3.5 -8 -18
3.44184e-05 -4 -7.5 -18.5
0.000170051 -3 -8.5 -19
5.06072e-05 -3 -8.5 -19.5
5.94701e-05 -3.5 -8 -19.5
2.49145e-05 -7 -16 -10.5
2.11368e-05 -6.5 -15.5 -11
2.38628e-05 -7 -16 -11
2.43293e-05 -6.5 -15.5 -11.5
2.31315e-05 -6 -15 -12.5
2.48246e-05 -6.5 -15.5 -12
2.22338e-05 -6 -15 -12
0.000241366 -3.5 -8 -19
0.00049783 -3.5 -8 -18.5
5.85089e-05 -4 -7.5 -18
7.06831e-05 -4 -7.5 -17.5
0.000773578 -3.5 -8 -17.5
7.66861e-05 -4 -7.5 -17
0.000741688 -3.5 -8 -17
0.000495092 -3.5 -8 -16.5
2.44321e-05 -4 -7.5 -16
9.79974e-05 -3 -8 -16
0.000299301 -3 -8 -16.5
9.10072e-05 -3.5 -7.5 -16
0.000547938 -3 -8 -17
0.000302421 -3.5 -7.5 -16.5
2.10412e-05 -2.5 -8.5 -18
0.000745111 -3 -8 -17.5
2.30077e-05 -2.5 -8.5 -18.5
0.000765126 -3 -8 -18
0.00062533 -3 -8 -18.5
0.000355258 -3 -8 -19
0.00012196 -3 -8 -19.5
2.00576e-05 -3 -8 -20
6.86288e-05 -3.5 -7.5 -19.5
0.000255693 -3.5 -7.5 -19
0.000496736 -3.5 -7.5 -18.5
0.000656846 -3.5 -7.5 -18
0.000671833 -3.5 -7.5 -17.5
0.000539058 -3.5 -7.5 -17
0.000102762 -3 -7.5 -16
5.05951e-05 -2.5 -8 -17
0.000348639 -3 -7.5 -16.5
9.27513e-05 -2.5 -8 -17.5
0.000675055 -3 -7.5 -17
0.000121022 -2.5 -8 -18
0.000961047 -3 -7.5 -17.5
0.000129997 -2.5 -8 -18.5
0.000373158 -3.5 -7 -18
0.000110868 -2.5 -8 -19
6.5498e-05 -2.5 -8 -19.5
0.000548848 -3 -7.5 -19
0.000207804 -3 -7.5 -19.5
3.59523e-05 -3 -7.5 -20
4.75131e-05 -3.5 -7 -19.5
0.000169329 -3.5 -7 -19
0.000302596 -3.5 -7 -18.5
0.000874199 -3 -7.5 -18.5
0.00100888 -3 -7.5 -18
0.000389282 -3.5 -7 -17.5
0.00030818 -3.5 -7 -17
0.000150202 -3.5 -7 -16.5
2.97823e-05 -3.5 -7 -16
4.63091e-05 -2.5 -7.5 -16.5
5.27097e-05 -3 -7 -16
0.000152182 -2.5 -7.5 -17
0.000283564 -3 -7 -16.5
0.000288838 -2.5 -7.5 -17.5
0.000395206 -2.5 -7.5 -18
0.00100835 -3 -7 -17.5
0.00042762 -2.5 -7.5 -18.5
0.000351714 -2.5 -7.5 -19
0.000189724 -2.5 -7.5 -19.5
0.00065196 -3 -7 -19
5.11758e-05 -2.5 -7.5 -20
5.42327e-05 -3 -7 -20
0.000290572 -3 -7 -19.5
5.75379e-05 -3.5 -6.5 -19
9.54065e-05 -3.5 -6.5 -18.5
0.000949797 -3 -7 -18.5
0.000117112 -3.5 -6.5 -18
0.00108908 -3 -7 -18
0.000133092 -3.5 -6.5 -17.5
9.65376e-05 -3.5 -6.5 -17
0.000664194 -3 -7 -17
3.47979e-05 -3.5 -6.5 -16.5
9.08099e-05 -2.5 -7 -16.5
0.00034093 -2.5 -7 -17
0.000646396 -2.5 -7 -17.5
0.000835392 -2.5 -7 -18
0.000879673 -2.5 -7 -18.5
0.000728358 -2.5 -7 -19
0.000381308 -2.5 -7 -19.5
6.41597e-05 -3 -6.5 -20
0.000101593 -2.5 -7 -20
0.000311409 -3 -6.5 -19.5
0.000666117 -3 -6.5 -19
0.000920468 -3 -6.5 -18.5
0.000943824 -3 -6.5 -18
0.00079778 -3 -6.5 -17.5
0.000438393 -3 -6.5 -17
0.000138284 -3 -6.5 -16.5
0.000114571 -2.5 -6.5 -16.5
2.01858e-05 -2 -7 -17.5
0.000467167 -2.5 -6.5 -17
4.632e-05 -2 -7 -18
0.000942863 -2.5 -6.5 -17.5
7.29878e-05 -2 -7 -18.5
8.88263e-05 -2 -7 -19
0.00125952 -2.5 -6.5 -18.5
7.87676e-05 -2 -7 -19.5
0.00106694 -2.5 -6.5 -19
4.32067e-05 -2 -7 -20
2.30843e-05 -2.5 -6.5 -20.5
5.48794e-05 -3 -6 -20
0.00018205 -2.5 -6.5 -20
0.000224278 -3 -6 -19.5
0.000593115 -2.5 -6.5 -19.5
0.000417699 -3 -6 -19
0.000547141 -3 -6 -18.5
0.000577166 -3 -6 -18
0.00124563 -2.5 -6.5 -18
0.000501686 -3 -6 -17.5
0.000250094 -3 -6 -17
5.48234e-05 -3 -6 -16.5
4.35342e-05 -2 -6.5 -17
0.000105007 -2.5 -6 -16.5
0.000129239 -2 -6.5 -17.5
0.000253791 -2 -6.5 -18
0.000328143 -2 -6.5 -18.5
0.0003325 -2 -6.5 -19
0.000273846 -2 -6.5 -19.5
0.00120028 -2.5 -6 -19
0.000141294 -2 -6.5 -20
3.69379e-05 -2 -6.5 -20.5
0.000266828 -2.5 -6 -20
3.9437e-05 -2.5 -6 -20.5
2.75735e-05 -3 -5.5 -20
8.42034e-05 -3 -5.5 -19.5
0.000738463 -2.5 -6 -19.5
0.000152572 -3 -5.5 -19
0.000206506 -3 -5.5 -18.5
0.00137638 -2.5 -6 -18.5
0.000226226 -3 -5.5 -18
0.00135531 -2.5 -6 -18
0.000189669 -3 -5.5 -17.5
0.00101269 -2.5 -6 -17.5
7.17563e-05 -3 -5.5 -17
0.000471179 -2.5 -6 -17
2.00026e-05 -2 -6 -16.5
0.00011203 -2 -6 -17
0.000355269 -2 -6 -17.5
0.000700426 -2 -6 -18
0.000864669 -2 -6 -18.5
0.000843028 -2 -6 -19
0.000651771 -2 -6 -19.5
0.00116154 -2.5 -5.5 -19
0.000309565 -2 -6 -20
7.24994e-05 -2 -6 -20.5
0.000305268 -2.5 -5.5 -20
4.91472e-05 -2.5 -5.5 -20.5
0.000779313 -2.5 -5.5 -19.5
2.12652e-05 -3 -5 -18.5
0.00122202 -2.5 -5.5 -18.5
2.35542e-05 -3 -5 -18
0.00112879 -2.5 -5.5 -18
0.000782851 -2.5 -5.5 -17.5
0.000286718 -2.5 -5.5 -17
4.55684e-05 -2.5 -5.5 -16.5
3.29822e-05 -2 -5.5 -16.5
0.00020246 -2 -5.5 -17
0.000617831 -2 -5.5 -17.5
0.00119373 -2 -5.5 -18
0.00145179 -2 -5.5 -18.5
0.000725768 -2.5 -5 -18
2.81165e-05 -1.5 -6 -20
0.00109446 -2 -5.5 -19.5
2.02841e-05 -1.5 -6 -20.5
4.49276e-05 -2.5 -5 -20.5
0.000142754 -2 -5.5 -20.5
0.000258503 -2.5 -5 -20
0.000544719 -2 -5.5 -20
0.000547336 -2.5 -5 -19.5
0.000754628 -2.5 -5 -19
0.00142033 -2 -5.5 -19
0.000799362 -2.5 -5 -18.5
0.00041144 -2.5 -5 -17.5
0.000131982 -2.5 -5 -17
2.09169e-05 -1.5 -5.5 -17.5
0.000220339 -2 -5 -17
6.42727e-05 -1.5 -5.5 -18
0.00012914 -1.5 -5.5 -18.5
0.000183511 -1.5 -5.5 -19
0.000189114 -1.5 -5.5 -19.5
0.000162808 -1.5 -5.5 -20
9.08094e-05 -1.5 -5.5 -20.5
0.000111641 -2.5 -4.5 -20
2.52956e-05 -1.5 -5.5 -21
2.67617e-05 -2.5 -4.5 -20.5
2.03419e-05 -2 -5 -21
0.000222641 -2 -5 -20.5
0.000754737 -2 -5 -20
0.000251658 -2.5 -4.5 -19.5
0.00136753 -2 -5 -19.5
0.000331852 -2.5 -4.5 -19
0.0016798 -2 -5 -19
0.000347792 -2.5 -4.5 -18.5
0.00170756 -2 -5 -18.5
0.000300004 -2.5 -4.5 -18
0.00136389 -2 -5 -18
0.000151286 -2.5 -4.5 -17.5
0.000732425 -2 -5 -17.5
3.49616e-05 -2.5 -4.5 -17
3.39124e-05 -2 -5 -16.5
2.47825e-05 -1.5 -5 -17
0.000123288 -1.5 -5 -17.5
0.00031474 -1.5 -5 -18
0.000526764 -1.5 -5 -18.5
0.000646687 -1.5 -5 -19
0.000505954 -1.5 -5 -20
0.0014113 -2 -4.5 -19.5
4.3091e-05 -2.5 -4 -19
0.000233342 -1.5 -5 -20.5
0.000833384 -2 -4.5 -20
4.34034e-05 -1.5 -5 -21
0.000265101 -2 -4.5 -20.5
3.47742e-05 -2.5 -4 -19.5
0.000644629 -1.5 -5 -19.5
0.00169531 -2 -4.5 -19
4.63912e-05 -2.5 -4 -18.5
0.00172479 -2 -4.5 -18.5
4.27423e-05 -2.5 -4 -18
0.00131335 -2 -4.5 -18
0.000594136 -2 -4.5 -17.5
0.000132607 -2 -4.5 -17
6.2735e-05 -1.5 -4.5 -17
0.000305273 -1.5 -4.5 -17.5
0.000811682 -1.5 -4.5 -18
0.00130189 -1.5 -4.5 -18.5
0.00149561 -1.5 -4.5 -19
0.000687741 -2 -4 -20
6.8743e-05 -1.5 -4.5 -21
0.000236505 -2 -4 -20.5
0.000443201 -1.5 -4.5 -20.5
0.00104837 -1.5 -4.5 -20
0.00106515 -2 -4 -19.5
0.00145376 -1.5 -4.5 -19.5
0.00118036 -2 -4 -19
0.00116496 -2 -4 -18.5
0.000812764 -2 -4 -18
0.000324498 -2 -4 -17.5
6.23387e-05 -2 -4 -17
0.00129065 -1.5 -4 -18
0.000561516 -2 -3.5 -18.5
0.000491597 -2 -3.5 -19.5
4.12193e-05 -1 -4.5 -20
7.33414e-05 -1 -4.5 -20.5
5.81502e-05 -1 -4.5 -21
8.20441e-05 -1.5 -4 -21
0.000113436 -2 -3.5 -20.5
0.000619916 -1.5 -4 -20.5
0.000313751 -2 -3.5 -20
0.00154982 -1.5 -4 -20
0.00220477 -1.5 -4 -19.5
0.000562716 -2 -3.5 -19
0.00231376 -1.5 -4 -19
0.00209121 -1.5 -4 -18.5
0.000395479 -2 -3.5 -18
0.000154405 -2 -3.5 -17.5
0.000487241 -1.5 -4 -17.5
2.87812e-05 -2 -3.5 -17
9.64896e-05 -1.5 -4 -17
5.04464e-05 -1 -4 -18
0.000189016 -1 -4 -18.5
9.56538e-05 -2 -3 -18.5
0.000370485 -1 -4 -19
0.000477979 -1 -4 -19.5
8.51723e-05 -2 -3 -19.5
0.00045534 -1 -4 -20
0.000319251 -1 -4 -20.5
0.000115205 -1 -4 -21
8.26833e-05 -1.5 -3.5 -21
2.36768e-05 -2 -3 -20.5
0.000657331 -1.5 -3.5 -20.5
5.66687e-05 -2 -3 -20
0.00167708 -1.5 -3.5 -20
0.00242471 -1.5 -3.5 -19.5
9.56622e-05 -2 -3 -19
0.00257572 -1.5 -3.5 -19
0.00237619 -1.5 -3.5 -18.5
7.29865e-05 -2 -3 -18
0.00144576 -1.5 -3.5 -18
2.75491e-05 -2 -3 -17.5
0.000521359 -1.5 -3.5 -17.5
9.91451e-05 -1.5 -3.5 -17
2.56468e-05 -1 -3.5 -17
0.000146943 -1 -3.5 -17.5
0.00055875 -1 -3.5 -18
0.00117315 -1 -3.5 -18.5
0.0015686 -1 -3.5 -19.5
0.000670447 -1 -3.5 -20.5
0.000137561 -1 -3.5 -21
7.10425e-05 -1.5 -3 -21
0.000499644 -1.5 -3 -20.5
0.00120731 -1.5 -3 -20
0.00129685 -1 -3.5 -20
0.00168884 -1.5 -3 -19.5
0.00179076 -1.5 -3 -19
0.0015779 -1 -3.5 -19
0.00167607 -1.5 -3 -18.5
0.000974214 -1.5 -3 -18
0.000302048 -1.5 -3 -17.5
5.04707e-05 -1.5 -3 -17
5.99192e-05 -1 -3 -17
0.000352278 -1 -3 -17.5
0.000249331 -1.5 -2.5 -20.5
3.26663e-05 -1 -3 -21.5
5.04965e-05 -1.5 -2.5 -21
0.000156363 -1 -3 -21
0.000947572 -1 -3 -20.5
0.000541685 -1.5 -2.5 -20
0.00200892 -1 -3 -20
0.000730126 -1.5 -2.5 -19.5
0.002585 -1 -3 -19.5
0.000770504 -1.5 -2.5 -19
0.0026775 -1 -3 -19
0.00070208 -1.5 -2.5 -18.5
0.00230428 -1 -3 -18.5
0.000376767 -1.5 -2.5 -18
0.00122749 -1 -3 -18
0.000101662 -1.5 -2.5 -17.5
0.000169139 -1.5 -2 -19
5.648e-05 -1.5 -2 -20.5
3.7359e-05 -1 -2.5 -21.5
0.000270189 -1 -2.5 -21
0.001121 -1 -2.5 -20.5
0.000130463 -1.5 -2 -20
0.00217744 -1 -2.5 -20
0.00016364 -1.5 -2 -19.5
0.00284371 -1 -2.5 -19.5
0.00294764 -1 -2.5 -19
0.000144263 -1.5 -2 -18.5
0.00257471 -1 -2.5 -18.5
7.37475e-05 -1.5 -2 -18
0.00137564 -1 -2.5 -18
0.000391013 -1 -2.5 -17.5
6.52535e-05 -1 -2.5 -17
8.26146e-05 -0.5 -2.5 -20
0.000170446 -0.5 -2.5 -20.5
3.17531e-05 -1 -2 -21.5
9.10153e-05 -0.5 -2.5 -21.5
0.000320015 -1 -2 -21
0.000172124 -0.5 -2.5 -21
0.0011598 -1 -2 -20.5
0.00207785 -1 -2 -20
0.00243314 -1 -2 -19.5
0.00243239 -1 -2 -19
0.00191797 -1 -2 -18.5
0.000933763 -1 -2 -18
0.000235195 -1 -2 -17.5
3.68233e-05 -1 -2 -17
6.40501e-05 -0.5 -2 -17.5
0.000287863 -0.5 -2 -18
0.000796291 -0.5 -2 -18.5
0.00143789 -0.5 -2 -19
0.000131216 -0.5 -2 -21.5
0.000182343 -1 -1.5 -21
0.000721611 -0.5 -2 -21
0.000557162 -1 -1.5 -20.5
0.0014759 -0.5 -2 -20.5
0.0008959 -1 -1.5 -20
0.00183599 -0.5 -2 -20
0.00102329 -1 -1.5 -19.5
0.00185386 -0.5 -2 -19.5
0.00102719 -1 -1.5 -19
0.000758842 -1 -1.5 -18.5
0.00033124 -1 -1.5 -18
7.47696e-05 -1 -1.5 -17.5
7.25293e-05 -0.5 -1.5 -21.5
3.02326e-05 -1 -1 -21
0.00112564 -0.5 -1.5 -21
0.000109055 -1 -1 -20.5
0.0032052 -0.5 -1.5 -20.5
0.000180421 -1 -1 -20
0.00504602 -0.5 -1.5 -20
0.000209011 -1 -1 -19.5
0.00555562 -0.5 -1.5 -19.5
0.000210468 -1 -1 -19
0.0054122 -0.5 -1.5 -19
0.000158165 -1 -1 -18.5
0.0037541 -0.5 -1.5 -18.5
7.22654e-05 -1 -1 -18
0.0016826 -0.5 -1.5 -18
0.000420112 -0.5 -1.5 -17.5
7.28505e-05 -0.5 -1.5 -17
3.31852e-05 -0.5 -1 -21.5
0.00102575 -0.5 -1 -21
0.00363758 -0.5 -1 -20.5
0.00609532 -0.5 -1 -20
0.00697545 -0.5 -1 -19.5
0.00697431 -0.5 -1 -19
0.00519642 -0.5 -1 -18.5
0.00239473 -0.5 -1 -18
0.000592636 -0.5 -1 -17.5
0.00010091 -0.5 -1 -17
0.000359643 -0.5 -0.5 -21
0.00171893 -0.5 -0.5 -20.5
0.00323713 -0.5 -0.5 -20
0.00393744 -0.5 -0.5 -19.5
0.00403069 -0.5 -0.5 -19
0.00324709 -0.5 -0.5 -18.5
0.00148996 -0.5 -0.5 -18
0.000334691 -0.5 -0.5 -17.5
5.22809e-05 -0.5 -0.5 -17
5.06692e-05 -0.5 0 -21
0.000195089 -0.5 0 -20.5
0.00033262 -0.5 0 -20
0.000388522 -0.5 0 -19.5
0.000392286 -0.5 0 -19
0.00028558 -0.5 0 -18.5
0.000107738 -0.5 0 -18
9.43902e-05 0 0 -21.5
0.000835787 0 0 -21
0.0020603 0 0 -20.5
0.00302891 0 0 -20
0.00328201 0 0 -19.5
0.00319986 0 0 -19
0.00223537 0 0 -18.5
0.000993457 0 0 -18
0.000242992 0 0 -17.5
4.17785e-05 0 0 -17
0.000108367 0 0.5 -21.5
0.00155489 0 0.5 -21
0.00440949 0 0.5 -20.5
0.00686667 0 0.5 -20
0.00762942 0 0.5 -19.5
0.00757027 0 0.5 -19
0.00558563 0 0.5 -18.5
0.00259996 0 0.5 -18
0.000655692 0 0.5 -17.5
0.000111706 0 0.5 -17
2.96583e-05 0 1 -21.5
0.00069742 0 1 -21
0.000104698 0.5 0.5 -21
0.00234158 0 1 -20.5
0.000265902 0.5 0.5 -20.5
0.0038979 0 1 -20
0.00040711 0.5 0.5 -20
0.00445729 0 1 -19.5
0.000453729 0.5 0.5 -19.5
0.00446651 0 1 -19
0.00045021 0.5 0.5 -19
0.00341106 0 1 -18.5
0.000329437 0.5 0.5 -18.5
0.00160781 0 1 -18
0.000153996 0.5 0.5 -18
0.00039912 0 1 -17.5
4.03081e-05 0.5 0.5 -17.5
6.59574e-05 0 1 -17
2.81095e-05 0.5 1 -21.5
9.46353e-05 0 1.5 -21
0.000399938 0.5 1 -21
0.000295096 0 1.5 -20.5
0.00117396 0.5 1 -20.5
0.000462572 0 1.5 -20
0.00188672 0.5 1 -20
0.000505599 0 1.5 -19.5
0.00216048 0.5 1 -19.5
0.00049181 0 1.5 -19
0.0021765 0.5 1 -19
0.000326907 0 1.5 -18.5
0.00168567 0.5 1 -18.5
0.000122188 0 1.5 -18
0.000808889 0.5 1 -18
2.2191e-05 0 1.5 -17.5
0.000210566 0.5 1 -17.5
3.64638e-05 0.5 1 -17
2.6859e-05 1 1 -19
2.73681e-05 1 1 -19.5
2.44339e-05 1 1 -20
0.000490759 0.5 1.5 -21
0.0019666 0.5 1.5 -20.5
0.00350561 0.5 1.5 -20
0.00417981 0.5 1.5 -19.5
0.00425594 0.5 1.5 -19
0.00349394 0.5 1.5 -18.5
0.00174756 0.5 1.5 -18
0.000442565 0.5 1.5 -17.5
7.12961e-05 0.5 1.5 -17
5.44489e-05 1 1.5 -17.5
0.000375038 0.5 2 -21
7.55056e-05 1 1.5 -21
0.00168865 0.5 2 -20.5
0.000232612 1 1.5 -20.5
0.00312212 0.5 2 -20
0.000396283 1 1.5 -20
0.00377642 0.5 2 -19.5
0.00046775 1 1.5 -19.5
0.00385145 0.5 2 -19
0.000475876 1 1.5 -19
0.00327896 0.5 2 -18.5
0.000382542 1 1.5 -18.5
0.00176279 0.5 2 -18
0.000192991 1 1.5 -18
0.000540027 0.5 2 -17.5
9.99362e-05 0.5 2 -17
0.000803682 1 2 -18
0.0015853 1 2 -19.5
0.000218923 0.5 2.5 -21
0.000173872 1 2 -21
0.0010399 0.5 2.5 -20.5
0.000694649 1 2 -20.5
0.00199909 0.5 2.5 -20
0.00126419 1 2 -20
0.00253012 0.5 2.5 -19.5
0.00261229 0.5 2.5 -19
0.00164395 1 2 -19
0.00223981 0.5 2.5 -18.5
0.00146682 1 2 -18.5
0.00121235 0.5 2.5 -18
0.00038418 0.5 2.5 -17.5
0.00024463 1 2 -17.5
6.98886e-05 0.5 2.5 -17
4.39464e-05 1 2 -17
0.000110846 1 2.5 -17
3.03635e-05 1.5 2 -18.5
3.43221e-05 1.5 2 -19
0.00273279 1 2.5 -18.5
3.25057e-05 1.5 2 -19.5
2.56033e-05 1.5 2 -20
0.00229222 1 2.5 -20
0.00107931 1 2.5 -20.5
9.58137e-05 0.5 3 -21
0.00017939 1 2.5 -21
0.000361915 0.5 3 -20.5
0.000643743 0.5 3 -20
0.000771612 0.5 3 -19.5
0.00284395 1 2.5 -19.5
0.000786127 0.5 3 -19
0.00290597 1 2.5 -19
0.000645107 0.5 3 -18.5
0.000344491 0.5 3 -18
0.00172071 1 2.5 -18
0.000106666 0.5 3 -17.5
0.000612065 1 2.5 -17.5
8.6676e-05 1.5 2.5 -17.5
0.000231686 1.5 2.5 -18
0.000366088 1.5 2.5 -18.5
0.000389155 1.5 2.5 -19
0.000380815 1.5 2.5 -19.5
0.000305732 1.5 2.5 -20
0.000149725 1.5 2.5 -20.5
2.95156e-05 1.5 2.5 -21
2.77094e-05 0.5 3.5 -21
0.000133512 1 3 -21
5.33505e-05 0.5 3.5 -20.5
0.00100806 1 3 -20.5
6.14466e-05 0.5 3.5 -20
0.00231937 1 3 -20
5.54517e-05 0.5 3.5 -19.5
0.00332873 1 3 -19.5
3.21597e-05 0.5 3.5 -19
0.00356203 1 3 -19
0.00344063 1 3 -18.5
0.00234787 1 3 -18
0.00098522 1 3 -17.5
0.000212859 1 3 -17
3.07355e-05 1 3 -16.5
0.000415754 1.5 3 -17.5
0.00135086 1.5 3 -18.5
0.00136096 1.5 3 -19
0.0012398 1.5 3 -19.5
0.000860683 1.5 3 -20
0.00037428 1.5 3 -20.5
4.38586e-05 1.5 3 -21
6.64891e-05 1 3.5 -21
0.000696534 1 3.5 -20.5
0.00182173 1 3.5 -20
0.00274057 1 3.5 -19.5
0.00297982 1 3.5 -19
0.00291853 1 3.5 -18.5
0.0020894 1 3.5 -18
0.000963749 1.5 3 -18
0.000930292 1 3.5 -17.5
0.000216832 1 3.5 -17
9.29981e-05 1.5 3 -17
3.4885e-05 1 3.5 -16.5
2.35243e-05 2 3 -18.5
0.00182942 1.5 3.5 -18
2.37743e-05 2 3 -19
2.1409e-05 2 3 -19.5
0.00219924 1.5 3.5 -19.5
0.000497118 1.5 3.5 -20.5
3.63546e-05 1.5 3.5 -21
3.12944e-05 1 4 -21
0.000333329 1 4 -20.5
0.000933074 1 4 -20
0.00145276 1.5 3.5 -20
0.00144849 1 4 -19.5
0.00157533 1 4 -19
0.00240849 1.5 3.5 -19
0.00154024 1 4 -18.5
0.00240967 1.5 3.5 -18.5
0.00111619 1 4 -18
0.00049343 1 4 -17.5
0.000835765 1.5 3.5 -17.5
0.000122753 1 4 -17
0.000195591 1.5 3.5 -17
3.12677e-05 1.5 3.5 -16.5
2.96053e-05 2 3.5 -17
6.97226e-05 1.5 4 -16.5
0.000112104 2 3.5 -17.5
0.000450329 1.5 4 -17
0.000225263 2 3.5 -18
0.000258064 2 3.5 -18.5
0.000251866 2 3.5 -19
0.00323827 1.5 4 -18.5
0.000230219 2 3.5 -19.5
0.00317367 1.5 4 -19
0.000150688 2 3.5 -20
5.84143e-05 2 3.5 -20.5
2.88224e-05 1.5 4 -21
0.00011503 1 4.5 -20.5
0.000423324 1.5 4 -20.5
0.000286374 1 4.5 -20
0.00146714 1.5 4 -20
0.000436368 1 4.5 -19.5
0.00261733 1.5 4 -19.5
0.000473363 1 4.5 -19
0.000451695 1 4.5 -18.5
0.000319398 1 4.5 -18
0.00279365 1.5 4 -18
0.0001492 1 4.5 -17.5
0.00154798 1.5 4 -17.5
3.8112e-05 1 4.5 -17
2.69944e-05 2 4 -16.5
0.000176733 2 4 -17
0.000562382 2 4 -17.5
0.000971891 2 4 -18
0.00157835 1.5 4.5 -17.5
0.00104953 2 4 -18.5
0.00100878 2 4 -19
0.000815415 2 4 -19.5
0.000466283 2 4 -20
0.0023215 1.5 4.5 -19.5
0.000131385 2 4 -20.5
2.06234e-05 1 5 -20.5
0.000266924 1.5 4.5 -20.5
3.71805e-05 1 5 -20
0.00120304 1.5 4.5 -20
4.02418e-05 1 5 -19.5
3.53185e-05 1 5 -19
0.0029164 1.5 4.5 -19
0.00299313 1.5 4.5 -18.5
0.00265416 1.5 4.5 -18
0.000614482 1.5 4.5 -17
0.000125595 1.5 4.5 -16.5
0.00123329 2 4.5 -17.5
0.00200508 2 4.5 -18.5
0.00194353 2 4.5 -19
0.00154792 2 4.5 -19.5
0.000127004 2 4.5 -20.5
0.000128067 1.5 5 -20.5
0.000706134 1.5 5 -20
0.000724585 2 4.5 -20
0.00149442 1.5 5 -19.5
0.00189676 1.5 5 -19
0.00194328 1.5 5 -18.5
0.00179097 1.5 5 -18
0.00191588 2 4.5 -18
0.0011641 1.5 5 -17.5
0.000478517 1.5 5 -17
0.00046775 2 4.5 -17
0.000105358 1.5 5 -16.5
9.13998e-05 2 4.5 -16.5
5.49727e-05 2.5 4.5 -17
0.000127743 2.5 4.5 -17.5
0.00016678 2.5 4.5 -18
0.000165336 2.5 4.5 -18.5
0.00284858 2 5 -18
0.000152676 2.5 4.5 -19
0.000118719 2.5 4.5 -19.5
0.00253725 2 5 -19
6.40008e-05 2.5 4.5 -20
5.23785e-05 1.5 5.5 -20.5
8.99186e-05 2 5 -20.5
0.000292896 1.5 5.5 -20
0.000661289 2 5 -20
0.000641993 1.5 5.5 -19.5
0.00159251 2 5 -19.5
0.000815902 1.5 5.5 -19
0.000823083 1.5 5.5 -18.5
0.00285301 2 5 -18.5
0.000698743 1.5 5.5 -18
0.000486047 1.5 5.5 -17.5
0.00218705 2 5 -17.5
0.000217798 1.5 5.5 -17
0.000991885 2 5 -17
5.10428e-05 1.5 5.5 -16.5
0.000224463 2 5 -16.5
2.83619e-05 2 5 -16
8.15066e-05 2.5 5 -16.5
8.77884e-05 2 5.5 -16
0.000354377 2.5 5 -17
0.00070396 2.5 5 -17.5
0.00136126 2 5.5 -17
0.000826444 2.5 5 -18
0.000803562 2.5 5 -18.5
0.000691073 2.5 5 -19
0.00277505 2 5.5 -18.5
0.000454535 2.5 5 -19.5
0.000178057 2.5 5 -20
0.00141826 2 5.5 -19.5
2.03997e-05 2.5 5 -20.5
4.73456e-05 2 5.5 -20.5
8.33409e-05 1.5 6 -20
0.000471799 2 5.5 -20
0.000166538 1.5 6 -19.5
0.000209545 1.5 6 -19
0.0023808 2 5.5 -19
0.000208006 1.5 6 -18.5
0.000174522 1.5 6 -18
0.00279041 2 5.5 -18
0.000121701 1.5 6 -17.5
0.00230929 2 5.5 -17.5
6.17251e-05 1.5 6 -17
0.000477821 2 5.5 -16.5
5.39713e-05 2.5 5.5 -16
0.000328085 2.5 5.5 -16.5
0.000930108 2.5 5.5 -17
0.00168386 2.5 5.5 -18
0.00165295 2.5 5.5 -18.5
0.00223871 2 6 -18
0.000764428 2.5 5.5 -19.5
0.00177784 2 6 -19
0.000199853 2.5 5.5 -20
2.25237e-05 2 6 -20.5
0.000245156 2 6 -20
0.000944606 2 6 -19.5
0.00139599 2.5 5.5 -19
0.00222483 2 6 -18.5
0.00186215 2 6 -17.5
0.00152927 2.5 5.5 -17.5
0.00113777 2 6 -17
0.000450429 2 6 -16.5
9.14363e-05 2 6 -16
3.76916e-05 3 5.5 -16.5
9.0786e-05 3 5.5 -17
0.000746824 2.5 6 -16.5
0.000122269 3 5.5 -17.5
0.000118453 3 5.5 -18
0.00240157 2.5 6 -17.5
0.000108166 3 5.5 -18.5
8.7741e-05 3 5.5 -19
5.06223e-05 3 5.5 -19.5
0.00155639 2.5 6 -19
0.000160152 2.5 6 -20
9.64738e-05 2 6.5 -20
0.00043743 2 6.5 -19.5
0.000747939 2.5 6 -19.5
0.000905633 2 6.5 -19
0.00119817 2 6.5 -18.5
0.00220081 2.5 6 -18.5
0.00121117 2 6.5 -18
0.00241076 2.5 6 -18
0.000992031 2 6.5 -17.5
0.000613541 2 6.5 -17
0.00171277 2.5 6 -17
0.000266751 2 6.5 -16.5
6.70978e-05 2 6.5 -16
0.00015884 2.5 6 -16
5.87605e-05 3 6 -16
0.00026158 3 6 -16.5
0.000550922 3 6 -17
0.000679802 3 6 -17.5
0.00208758 2.5 6.5 -17
0.00033467 2 7 -17.5
0.000565821 3 6 -18.5
0.000355144 3 6 -19
0.00040506 2 7 -18.5
0.000148773 3 6 -19.5
2.43929e-05 3 6 -20
2.78853e-05 2 7 -20
8.72739e-05 2.5 6.5 -20
0.000139111 2 7 -19.5
0.000576466 2.5 6.5 -19.5
0.000302925 2 7 -19
0.00142644 2.5 6.5 -19
0.00216366 2.5 6.5 -18.5
0.000412727 2 7 -18
0.00246069 2.5 6.5 -18
0.000661617 3 6 -18
0.00247217 2.5 6.5 -17.5
0.000216886 2 7 -17
0.000103899 2 7 -16.5
0.00122641 2.5 6.5 -16.5
3.18009e-05 2 7 -16
0.000435395 2.5 6.5 -16
7.22545e-05 2.5 6.5 -15.5
0.00028102 3 6.5 -16
0.000111127 2.5 7 -15.5
0.00129038 3 6.5 -17
0.00113863 2.5 7 -16.5
0.00141176 3 6.5 -17.5
0.00135644 3 6.5 -18
0.0011112 3 6.5 -18.5
0.000666608 3 6.5 -19
0.000216967 3 6.5 -19.5
2.1549e-05 3 6.5 -20
3.36605e-05 2.5 7 -20
0.000322959 2.5 7 -19.5
5.37688e-05 2 7.5 -19
0.00101566 2.5 7 -19
7.35809e-05 2 7.5 -18.5
0.00177368 2.5 7 -18.5
7.42408e-05 2 7.5 -18
0.00217159 2.5 7 -18
5.43201e-05 2 7.5 -17.5
0.00220339 2.5 7 -17.5
3.15434e-05 2 7.5 -17
0.00189418 2.5 7 -17
0.000786165 3 6.5 -16.5
0.000450727 2.5 7 -16
4.54521e-05 3 6.5 -15.5
3.45605e-05 3.5 6.5 -16
9.03418e-05 2.5 7.5 -15.5
0.000166077 3 7 -15.5
7.59168e-05 3.5 6.5 -16.5
9.91195e-05 3.5 6.5 -17
0.00141782 3 7 -16.5
9.14248e-05 3.5 6.5 -17.5
7.78588e-05 3.5 6.5 -18
5.38785e-05 3.5 6.5 -18.5
0.00190677 3 7 -18
2.13277e-05 3.5 6.5 -19
0.000680186 3 7 -19
0.000127597 2.5 7.5 -19.5
0.000183862 3 7 -19.5
0.000526906 2.5 7.5 -19
0.00101619 2.5 7.5 -18.5
0.00139012 3 7 -18.5
0.00131733 2.5 7.5 -18
0.00135675 2.5 7.5 -17.5
0.00202347 3 7 -17.5
0.00119881 2.5 7.5 -17
0.00188143 3 7 -17
0.000749092 2.5 7.5 -16.5
0.000333533 2.5 7.5 -16
0.000680712 3 7 -16
2.02878e-05 3 7 -15
6.76069e-05 3.5 7 -15.5
0.000242523 3.5 7 -16
0.000462463 3.5 7 -16.5
0.00117446 3 7.5 -16
0.000549954 3.5 7 -17
0.000519379 3.5 7 -17.5
0.00217027 3 7.5 -17
0.000314784 2.5 8 -16.5
0.000557765 2.5 8 -17.5
0.000414959 3.5 7 -18
0.000241468 3.5 7 -18.5
0.0004018 2.5 8 -18.5
0.000100984 3.5 7 -19
2.13024e-05 3.5 7 -19.5
2.92144e-05 2.5 8 -19.5
0.000105638 3 7.5 -19.5
0.000180855 2.5 8 -19
0.000538919 3 7.5 -19
0.00126062 3 7.5 -18.5
0.000544354 2.5 8 -18
0.00189707 3 7.5 -18
0.00215297 3 7.5 -17.5
0.000482125 2.5 8 -17
0.00185487 3 7.5 -16.5
0.000156407 2.5 8 -16
5.32467e-05 2.5 8 -15.5
0.000489237 3 7.5 -15.5
9.62955e-05 3 7.5 -15
3.19078e-05 3 8 -14.5
0.000176132 3 8 -15
2.36142e-05 2.5 8.5 -15.5
0.000747029 3.5 7.5 -16
5.44816e-05 2.5 8.5 -16
9.62208e-05 2.5 8.5 -16.5
0.0011578 3.5 7.5 -17
0.00109365 3.5 7.5 -17.5
0.000872123 3.5 7.5 -18
0.000142049 2.5 8.5 -17.5
0.000512968 3.5 7.5 -18.5
0.000179961 3.5 7.5 -19
2.22867e-05 3.5 7.5 -19.5
3.80482e-05 3 8 -19.5
2.03944e-05 2.5 8.5 -19
0.000313168 3 8 -19
7.90587e-05 2.5 8.5 -18.5
0.000908449 3 8 -18.5
0.000130913 2.5 8.5 -18
0.00158512 3 8 -18
0.00195023 3 8 -17.5
0.000121236 2.5 8.5 -17
0.00198914 3 8 -17
0.0017489 3 8 -16.5
0.00108816 3.5 7.5 -16.5
0.00117925 3 8 -16
0.000534308 3 8 -15.5
0.000320865 3.5 7.5 -15.5
6.93553e-05 3.5 7.5 -15
3.1855e-05 3 8.5 -14.5
0.000151152 3 8.5 -15
4.19469e-05 4 7.5 -15.5
0.000260943 3.5 8 -15
0.000446815 3 8.5 -15.5
7.44327e-05 4 7.5 -16
8.34937e-05 4 7.5 -16.5
6.98934e-05 4 7.5 -17
0.00160484 3.5 8 -16.5
4.72783e-05 4 7.5 -17.5
2.43294e-05 4 7.5 -18
0.000159473 3.5 8 -19
0.000118026 3 8.5 -19
0.000478134 3 8.5 -18.5
0.000533696 3.5 8 -18.5
0.000975172 3 8.5 -18
0.00110424 3.5 8 -18
0.00129537 3 8.5 -17.5
0.00156698 3.5 8 -17.5
0.00132608 3 8.5 -17
0.00170584 3.5 8 -17
0.00121872 3 8.5 -16.5
0.000901878 3 8.5 -16
0.00122267 3.5 8 -16
0.000734481 3.5 8 -15.5
4.3343e-05 3.5 8 -14.5
2.58182e-05 4 8 -14.5
2.49099e-05 3 9 -14.5
0.000110133 4 8 -15
0.000200845 3.5 8.5 -14.5
0.000270579 4 8 -15.5
9.25093e-05 3 9 -15
0.000244441 3 9 -15.5
0.000408406 4 8 -16
0.00119137 3.5 8.5 -15.5
0.000441037 4 8 -16.5
0.000440175 3 9 -16
0.000391659 4 8 -17
0.000621219 3 9 -17
0.000151412 4 8 -18
6.2327e-05 4 8 -18.5
0.000428029 3.5 8.5 -18.5
0.000400085 3 9 -18
9.20034e-05 3.5 8.5 -19
0.000158806 3 9 -18.5
0.000960754 3.5 8.5 -18
0.000591215 3 9 -17.5
0.00152124 3.5 8.5 -17.5
0.000272521 4 8 -17.5
0.0018007 3.5 8.5 -17
0.000576067 3 9 -16.5
0.00185941 3.5 8.5 -16.5
0.00163597 3.5 8.5 -16
0.000629014 3.5 8.5 -15
2.93349e-05 3.5 8.5 -14
0.000289981 3.5 9 -14.5
0.000153888 4 8.5 -14.5
4.44333e-05 3 9.5 -15
0.00121135 3.5 9 -15.5
0.00074216 4 8.5 -15.5
9.05843e-05 3 9.5 -15.5
0.000143462 3 9.5 -16
0.000944151 4 8.5 -16.5
0.000180117 3 9.5 -16.5
0.000845309 4 8.5 -17
0.0006306 4 8.5 -17.5
0.000189622 3 9.5 -17
0.000158358 3 9.5 -17.5
0.000347968 4 8.5 -18
0.000242007 3.5 9 -18.5
2.65771e-05 3.5 9 -19
7.67116e-05 3 9.5 -18
0.000119457 4 8.5 -18.5
0.000679237 3.5 9 -18
0.00123171 3.5 9 -17.5
0.00162223 3.5 9 -17
0.00172036 3.5 9 -16.5
0.00158647 3.5 9 -16
0.00092202 4 8.5 -16
0.000690073 3.5 9 -15
0.000429112 4 8.5 -15
8.09417e-05 3.5 9 -14
2.66833e-05 4 8.5 -14
2.00136e-05 4 9 -13.5
7.76029e-05 3.5 9.5 -14
5.8554e-05 4.5 8.5 -15
0.000818645 4 9 -15
0.000586492 3.5 9.5 -15
7.07799e-05 4.5 8.5 -16
4.55803e-05 4.5 8.5 -16.5
0.00140323 4 9 -16.5
0.00116097 3.5 9.5 -16
0.000746902 3.5 9.5 -17.5
0.000769083 4 9 -17.5
7.53494e-05 3.5 9.5 -18.5
0.000108899 4 9 -18.5
0.000341937 3.5 9.5 -18
0.000357287 4 9 -18
0.0011265 3.5 9.5 -17
0.00117985 4 9 -17
0.00124049 3.5 9.5 -16.5
0.00138747 4 9 -16
0.000950495 3.5 9.5 -15.5
0.00116365 4 9 -15.5
7.52435e-05 4.5 8.5 -15.5
0.000254123 3.5 9.5 -14.5
0.000424705 4 9 -14.5
3.24595e-05 4.5 8.5 -14.5
0.000131809 4 9 -14
0.000108909 4 9.5 -13.5
0.000380138 4 9.5 -14
5.39277e-05 3.5 10 -14
0.000160416 3.5 10 -14.5
0.000309594 4.5 9 -15
0.000334407 3.5 10 -15
0.000371828 4.5 9 -15.5
0.00118715 4 9.5 -15
0.00049629 3.5 10 -15.5
0.000584989 3.5 10 -16
0.000268606 4.5 9 -16.5
0.00154827 4 9.5 -16
2.93225e-05 4.5 9 -18
5.79279e-05 4 9.5 -18.5
9.24482e-05 3.5 10 -18
0.000277817 4 9.5 -18
0.000292764 3.5 10 -17.5
0.000660846 4 9.5 -17.5
0.0005184 3.5 10 -17
8.77536e-05 4.5 9 -17.5
0.00109607 4 9.5 -17
0.000623349 3.5 10 -16.5
0.000167061 4.5 9 -17
0.00139829 4 9.5 -16.5
0.000356458 4.5 9 -16
0.00145821 4 9.5 -15.5
0.000775542 4 9.5 -14.5
0.00018674 4.5 9 -14.5
7.46242e-05 4.5 9 -14
5.13795e-05 4 10 -13
0.000177081 4 10 -13.5
3.05377e-05 3.5 10.5 -14
0.000830978 4 10 -14.5
0.000538331 4.5 9.5 -14.5
7.04285e-05 3.5 10.5 -14.5
0.00118463 4 10 -15
0.000127671 3.5 10.5 -15
0.000169765 3.5 10.5 -15.5
0.000753151 4.5 9.5 -16
0.000192396 3.5 10.5 -16
0.000190567 3.5 10.5 -16.5
0.000124518 3.5 10.5 -17
3.99106e-05 3.5 10.5 -17.5
0.000137189 4 10 -18
5.75283e-05 4.5 9.5 -18
0.000436046 4 10 -17.5
0.000199569 4.5 9.5 -17.5
0.000840358 4 10 -17
0.000410736 4.5 9.5 -17
0.00121923 4 10 -16.5
0.000608533 4.5 9.5 -16.5
0.0014151 4 10 -16
0.00138278 4 10 -15.5
0.0007936 4.5 9.5 -15.5
0.000720403 4.5 9.5 -15
0.000423589 4 10 -14
0.000293177 4.5 9.5 -14
0.000100212 4.5 9.5 -13.5
0.000103005 4.5 10 -13
5.1144e-05 4 10.5 -13
0.000158483 4 10.5 -13.5
0.000374264 4 10.5 -14
7.36547e-05 5 9.5 -14.5
0.000678086 4 10.5 -14.5
0.000910102 4 10.5 -15
5.23963e-05 5 9.5 -15.5
2.53162e-05 3.5 11 -15
0.00103575 4 10.5 -15.5
2.83519e-05 3.5 11 -15.5
2.87125e-05 3.5 11 -16
2.59395e-05 4 10.5 -18
5.26229e-05 4.5 10 -18
0.000186875 4 10.5 -17.5
0.000202124 4.5 10 -17.5
0.000473978 4 10.5 -17
0.000465012 4.5 10 -17
0.000797029 4 10.5 -16.5
0.000795224 4.5 10 -16.5
0.00102286 4 10.5 -16
0.00105967 4.5 10 -16
0.00117246 4.5 10 -15.5
0.00107435 4.5 10 -15
7.18784e-05 5 9.5 -15
0.000859665 4.5 10 -14.5
0.000597863 4.5 10 -14
5.79904e-05 5 9.5 -14
0.000300904 4.5 10 -13.5
3.49065e-05 5 9.5 -13.5
9.82463e-05 4.5 10.5 -12.5
0.000283303 4.5 10.5 -13
3.83303e-05 4 11 -13
0.000555936 4.5 10.5 -13.5
0.000109478 4 11 -13.5
0.000225124 4 11 -14
0.000327082 5 10 -14.5
0.000375783 4 11 -14.5
0.000324168 5 10 -15
0.000476466 4 11 -15
0.000538706 4 11 -15.5
0.000492391 4 11 -16
9.73385e-05 5 10 -16.5
0.000330816 4 11 -16.5
4.09736e-05 5 10 -17
2.23921e-05 4.5 10.5 -18
2.36759e-05 4 11 -17.5
0.000143795 4.5 10.5 -17.5
0.000151588 4 11 -17
0.000385258 4.5 10.5 -17
0.000706401 4.5 10.5 -16.5
0.000998013 4.5 10.5 -16
0.000163938 5 10 -16
0.00117381 4.5 10.5 -15.5
0.000261707 5 10 -15.5
0.00122685 4.5 10.5 -15
0.00109705 4.5 10.5 -14.5
0.000861283 4.5 10.5 -14
0.000266513 5 10 -14
0.000166005 5 10 -13.5
4.06329e-05 4.5 11 -12
0.000133748 4.5 11 -12.5
0.000301919 4.5 11 -13
2.33549e-05 4 11.5 -13
0.00056098 4.5 11 -13.5
5.27688e-05 4 11.5 -13.5
0.000855989 4.5 11 -14
9.12996e-05 4 11.5 -14
0.00104423 4.5 11 -14.5
0.000136357 4 11.5 -14.5
0.00112683 4.5 11 -15
0.000161069 4 11.5 -15
0.000171165 4 11.5 -15.5
0.000126005 4 11.5 -16
5.1913e-05 4 11.5 -16.5
5.42794e-05 4.5 11 -17.5
2.05577e-05 5 10.5 -17.5
0.000218895 4.5 11 -17
9.28799e-05 5 10.5 -17
0.000488082 4.5 11 -16.5
0.000227485 5 10.5 -16.5
0.000787233 4.5 11 -16
0.000397196 5 10.5 -16
0.00103052 4.5 11 -15.5
0.000547802 5 10.5 -15.5
0.000647911 5 10.5 -15
0.000659541 5 10.5 -14.5
0.000587322 5 10.5 -14
0.000429683 5 10.5 -13.5
0.000246343 5 10.5 -13
2.31834e-05 5.5 10.5 -12
4.02269e-05 4.5 11.5 -12
5.10596e-05 5.5 10.5 -12.5
0.0001172 4.5 11.5 -12.5
7.5641e-05 5.5 10.5 -13
0.00026487 4.5 11.5 -13
0.000464368 4.5 11.5 -13.5
0.000650838 4.5 11.5 -14
0.000758626 4.5 11.5 -14.5
0.000815153 4.5 11.5 -15
0.00067792 4.5 11.5 -15.5
0.000455334 4.5 11.5 -16
6.32686e-05 4.5 11.5 -17
9.0335e-05 5 11 -17
0.000224112 4.5 11.5 -16.5
0.000238311 5 11 -16.5
0.000455442 5 11 -16
0.0006959 5 11 -15.5
0.000874692 5 11 -15
3.54473e-05 5.5 10.5 -15
0.000921329 5 11 -14.5
6.47812e-05 5.5 10.5 -14.5
0.000835262 5 11 -14
8.12307e-05 5.5 10.5 -14
0.000695956 5 11 -13.5
8.41196e-05 5.5 10.5 -13.5
0.000483192 5 11 -13
0.000266822 5 11 -12.5
0.000118564 5 11 -12
2.83537e-05 5 11.5 -11
0.000100102 5 11.5 -11.5
0.000242786 5 11.5 -12
2.99186e-05 4.5 12 -12
0.000427537 5 11.5 -12.5
7.87374e-05 4.5 12 -12.5
0.000155246 4.5 12 -13
0.000301303 5.5 11 -13.5
0.000256757 4.5 12 -13.5
0.000303049 5.5 11 -14
0.000335931 4.5 12 -14
0.000252914 5.5 11 -14.5
0.000381359 4.5 12 -14.5
0.000163128 5.5 11 -15
0.000378572 4.5 12 -15
9.52248e-05 5.5 11 -15.5
0.000275299 4.5 12 -15.5
0.000145038 4.5 12 -16
3.57204e-05 4.5 12 -16.5
5.10525e-05 5 11.5 -17
0.000177191 5 11.5 -16.5
0.000378621 5 11.5 -16
4.6049e-05 5.5 11 -16
0.000612095 5 11.5 -15.5
0.00080481 5 11.5 -15
0.0009232 5 11.5 -14.5
0.000898076 5 11.5 -14
0.000807535 5 11.5 -13.5
0.000634194 5 11.5 -13
6.17601e-05 5.5 11.5 -11
3.72864e-05 5 12 -11
0.000137906 5.5 11.5 -11.5
0.000107703 5 12 -11.5
0.000236905 5 12 -12
0.000406136 5 12 -12.5
3.56452e-05 4.5 12.5 -12.5
0.00060635 5 12 -13
6.11277e-05 4.5 12.5 -13
0.000749314 5 12 -13.5
8.97168e-05 4.5 12.5 -13.5
0.0008168 5 12 -14
0.000104936 4.5 12.5 -14
0.00077854 5 12 -14.5
0.000109559 4.5 12.5 -14.5
0.000616205 5 12 -15
7.87534e-05 4.5 12.5 -15
3.4342e-05 4.5 12.5 -15.5
0.000101285 5.5 11.5 -16
7.2559e-05 5 12 -16.5
3.10981e-05 5.5 11.5 -16.5
0.000218803 5 12 -16
0.000418028 5 12 -15.5
0.000214022 5.5 11.5 -15.5
0.000351111 5.5 11.5 -15
0.00047946 5.5 11.5 -14.5
0.000542699 5.5 11.5 -14
0.000545001 5.5 11.5 -13.5
0.000491794 5.5 11.5 -13
4.24943e-05 6 11.5 -11
7.21009e-05 5.5 12 -10.5
3.21122e-05 5 12.5 -11
7.76569e-05 6 11.5 -11.5
8.95496e-05 5 12.5 -11.5
0.000104962 6 11.5 -12
0.00018125 5 12.5 -12
0.000549825 5.5 12 -12.5
0.000114987 6 11.5 -12.5
0.000303336 5 12.5 -12.5
0.000627713 5.5 12 -13
0.000431363 5 12.5 -13
0.000505467 5 12.5 -13.5
0.000547664 5 12.5 -14
0.000474696 5 12.5 -14.5
0.000335032 5 12.5 -15
0.000181817 5 12.5 -15.5
6.12361e-05 5 12.5 -16
2.17189e-05 5.5 12 -16.5
9.70575e-05 5.5 12 -16
0.00021679 5.5 12 -15.5
0.000370626 5.5 12 -15
0.000535603 5.5 12 -14.5
0.000659829 5.5 12 -14
4.72505e-05 6 11.5 -14
0.000684954 5.5 12 -13.5
3.20217e-05 6 12 -10
3.87463e-05 5.5 12.5 -10
7.76601e-05 6 11.5 -13.5
9.7933e-05 6 11.5 -13
0.0004126 5.5 12 -12
0.000265822 5.5 12 -11.5
9.29941e-05 5.5 12.5 -10.5
7.45427e-05 6 12 -10.5
0.00018989 5.5 12.5 -11
0.000329599 5.5 12.5 -11.5
4.87012e-05 5 13 -11.5
0.000449111 5.5 12.5 -12
9.59363e-05 5 13 -12
0.00055663 5.5 12.5 -12.5
0.000150516 5 13 -12.5
0.000202753 5 13 -13
0.000224085 6 12 -13.5
0.000224802 5 13 -13.5
0.000151703 6 12 -14
0.000219603 5 13 -14
8.8089e-05 6 12 -14.5
0.000164599 5 13 -14.5
8.36856e-05 5 13 -15
5.31216e-05 5.5 12.5 -16
0.000154419 5.5 12.5 -15.5
0.000295799 5.5 12.5 -15
4.63752e-05 6 12 -15
0.000447519 5.5 12.5 -14.5
0.00058444 5.5 12.5 -14
4.22797e-05 6 12.5 -9.5
0.000662006 5.5 12.5 -13.5
0.000626681 5.5 12.5 -13
9.77709e-05 6 12.5 -10
2.09627e-05 6.5 12 -10
3.36929e-05 5.5 13 -10
0.000168942 6 12.5 -10.5
3.27312e-05 6.5 12 -10.5
8.6701e-05 5.5 13 -10.5
0.000247369 6 12.5 -11
0.000168949 5.5 13 -11
0.000283527 5.5 13 -11.5
0.000403749 5.5 13 -12
2.81071e-05 5 13.5 -12
0.000492888 5.5 13 -12.5
4.16863e-05 5 13.5 -12.5
0.000532267 5.5 13 -13
4.5553e-05 5 13.5 -13
0.000509925 5.5 13 -13.5
4.29239e-05 5 13.5 -13.5
0.000411714 5.5 13 -14
2.15637e-05 5 13.5 -14
8.98873e-05 6 12.5 -15
3.13355e-05 6 12.5 -15.5
5.5549e-05 5.5 13 -15.5
0.000154471 5.5 13 -15
0.000282163 5.5 13 -14.5
0.000175249 6 12.5 -14.5
0.000274861 6 12.5 -14
2.22083e-05 6 13 -9
4.21216e-05 6.5 12.5 -9.5
8.11832e-05 6 13 -9.5
0.000369026 6 12.5 -13.5
0.000423555 6 12.5 -13
0.000159104 6 13 -10
7.91918e-05 6.5 12.5 -10
2.501e-05 5.5 13.5 -10
5.50292e-05 5.5 13.5 -10.5
0.000123564 6.5 12.5 -11
0.000238179 6 13 -10.5
0.000113537 5.5 13.5 -11
0.000130275 6.5 12.5 -11.5
0.000177993 5.5 13.5 -11.5
0.000117548 6.5 12.5 -12
0.000243039 5.5 13.5 -12
8.25894e-05 6.5 12.5 -12.5
0.000280897 5.5 13.5 -12.5
0.00029277 5.5 13.5 -13
0.00025283 5.5 13.5 -13.5
0.000180421 5.5 13.5 -14
9.72083e-05 5.5 13.5 -14.5
2.33677e-05 5.5 13.5 -15
7.81372e-05 6 13 -15
0.000164143 6 13 -14.5
0.000267329 6 13 -14
6.08633e-05 6.5 13 -9
0.000367713 6 13 -13.5
2.90816e-05 6 13.5 -9
0.000433909 6 13 -13
5.13193e-05 6.5 12.5 -13
7.98711e-05 6 13.5 -9.5
0.000106855 6.5 13 -9.5
0.000454252 6 13 -12.5
0.000429234 6 13 -12
0.000149541 6 13.5 -10
0.000152378 6.5 13 -10
0.000231198 6 13.5 -10.5
2.49647e-05 5.5 14 -10.5
0.000309868 6 13.5 -11
4.5503e-05 5.5 14 -11
0.000371317 6 13.5 -11.5
6.7633e-05 5.5 14 -11.5
0.00039871 6 13.5 -12
8.77582e-05 5.5 14 -12
9.35302e-05 5.5 14 -12.5
0.000125299 6.5 13 -13
7.55503e-05 5.5 14 -13
7.56947e-05 6.5 13 -13.5
4.42338e-05 5.5 14 -13.5
4.10142e-05 6.5 13 -14
2.66197e-05 6 13.5 -15
9.30964e-05 6 13.5 -14.5
0.000186043 6 13.5 -14
5.13191e-05 6.5 13.5 -8.5
0.000286869 6 13.5 -13.5
3.80963e-05 7 13 -9
0.000372182 6 13.5 -13
0.000111635 6.5 13.5 -9
0.000412266 6 13.5 -12.5
2.0132e-05 6 14 -9
5.18239e-05 7 13 -9.5
6.28788e-05 6 14 -9.5
5.84851e-05 7 13 -10
0.000164331 6.5 13.5 -9.5
0.000212495 6.5 13.5 -10
0.000109071 6 14 -10
0.00025227 6.5 13.5 -10.5
5.55968e-05 7 13 -10.5
0.000165479 6 14 -10.5
0.000220771 6 14 -11
0.000269289 6 14 -11.5
0.000286655 6 14 -12
0.000260956 6 14 -12.5
0.00021188 6 14 -13
0.000136882 6 14 -13.5
6.70796e-05 6 14 -14
6.15922e-05 6.5 13.5 -14
5.77734e-05 7 13.5 -8.5
6.05895e-05 6.5 14 -8.5
0.00011659 6.5 13.5 -13.5
0.000110712 6.5 14 -9
9.3223e-05 7 13.5 -9
0.00018221 6.5 13.5 -13
0.000244742 6.5 13.5 -12.5
0.000164893 6.5 14 -9.5
0.000115183 7 13.5 -9.5
2.47464e-05 6 14.5 -9.5
4.81084e-05 6 14.5 -10
0.000121747 7 13.5 -10.5
7.68854e-05 6 14.5 -10.5
0.000103781 7 13.5 -11
9.83753e-05 6 14.5 -11
0.000280156 6.5 14 -11.5
7.69887e-05 7 13.5 -11.5
0.000113206 6 14.5 -11.5
0.000110884 6 14.5 -12
8.06827e-05 6 14.5 -12.5
4.22593e-05 6 14.5 -13
3.66396e-05 6.5 14 -14
5.54739e-05 7 14 -8
8.59544e-05 6.5 14 -13.5
0.000102896 7 14 -8.5
0.000153085 6.5 14 -13
4.432e-05 6.5 14.5 -8.5
0.000135274 7 14 -9
8.7575e-05 6.5 14.5 -9
0.000212057 6.5 14 -12.5
0.000254558 6.5 14 -12
5.03299e-05 7 13.5 -12
0.00027663 6.5 14 -11
0.000249984 6.5 14 -10.5
0.000127658 6.5 14.5 -9.5
0.000157543 7 14 -9.5
0.000171282 6.5 14.5 -10
0.000198335 6.5 14.5 -10.5
0.000207848 6.5 14.5 -11
0.000192825 6.5 14.5 -11.5
5.41416e-05 7 14 -12.5
2.29624e-05 6.5 14.5 -13.5
6.94633e-05 6.5 14.5 -13
4.08561e-05 7.5 14 -8
5.75244e-05 7.5 14 -8.5
5.8853e-05 7 14.5 -8
0.000119161 6.5 14.5 -12.5
0.000104218 7 14.5 -8.5
0.000163663 6.5 14.5 -12
0.000134065 7 14.5 -9
6.2145e-05 7.5 14 -9
3.71652e-05 6.5 15 -9
0.000153748 7 14.5 -9.5
6.2659e-05 6.5 15 -9.5
0.000163011 7 14.5 -10
4.05493e-05 7.5 14 -10
7.98474e-05 6.5 15 -10
0.000167323 7 14.5 -10.5
8.89368e-05 6.5 15 -10.5
8.74115e-05 6.5 15 -11
7.10383e-05 6.5 15 -11.5
4.35444e-05 6.5 15 -12
2.028e-05 7.5 14.5 -7.5
3.95273e-05 7 15 -8
6.12334e-05 7.5 14.5 -8
7.90334e-05 7 15 -8.5
8.49506e-05 7.5 14.5 -8.5
9.07288e-05 7.5 14.5 -9
8.66843e-05 7.5 14.5 -9.5
0.000101429 7 15 -9
7.23017e-05 7.5 14.5 -10
0.000114947 7 15 -9.5
5.12362e-05 7.5 14.5 -10.5
9.94153e-05 7 15 -11
3.05153e-05 7.5 14.5 -11
4.35203e-05 7 15 -12
5.386e-05 7.5 15 -8
7.61072e-05 7.5 15 -8.5
2.19025e-05 7 15.5 -8.5
6.92823e-05 7 15 -11.5
3.51487e-05 7 15.5 -9
8.27325e-05 7.5 15 -9
3.98224e-05 7 15.5 -9.5
4.21587e-05 7 15.5 -10
3.65201e-05 7 15.5 -10.5
2.13178e-05 8 15 -8
2.20205e-05 7.5 15.5 -8
2.34788e-05 8 15 -8.5
3.60887e-05 7.5 15.5 -8.5
4.10971e-05 7.5 15.5 -9
4.08813e-05 7.5 15.5 -9.5
3.42967e-05 7.5 15.5 -10
2.15075e-05 7.5 15.5 -10.5
3.13352e-05 7.5 15 -11
5.07825e-05 7.5 15 -10.5
6.86778e-05 7.5 15 -10
8.13529e-05 7.5 15 -9.5
0.000121387 7 15 -10.5
0.000120751 7 15 -10
5.05473e-05 7 14.5 -12.5
8.62325e-05 7 14.5 -12
0.000123883 7 14.5 -11.5
0.000153231 7 14.5 -11
5.49259e-05 7.5 14 -9.5
9.19018e-05 7 14 -12
0.000133786 7 14 -11.5
0.000160516 7 14 -11
0.000173217 7 14 -10.5
0.000171269 7 14 -10
0.000209461 6.5 14 -10
0.000124442 7 13.5 -10
0.000286275 6.5 13.5 -12
0.000307852 6.5 13.5 -11.5
0.000290642 6.5 13.5 -11
3.95572e-05 7 13 -11
0.000187159 6.5 13 -12.5
0.00022739 6.5 13 -12
0.000240367 6.5 13 -11.5
0.000229607 6.5 13 -11
0.000199968 6.5 13 -10.5
0.000393542 6 13 -11.5
0.000322804 6 13 -11
0.000106275 6.5 12.5 -10.5
0.000444158 6 12.5 -12.5
0.000403915 6 12.5 -12
2.81356e-05 6.5 12 -12
0.00031661 6 12.5 -11.5
3.6408e-05 6.5 12 -11.5
3.81657e-05 6.5 12 -11
0.000268022 6 12 -13
0.000280275 6 12 -12.5
0.000253321 6 12 -12
0.000200811 6 12 -11.5
0.000136761 6 12 -11
0.000157764 5.5 12 -11
0.000370827 5.5 11.5 -12.5
2.57644e-05 6 11 -12.5
0.00023671 5.5 11.5 -12
2.52228e-05 6 11 -12
0.000259903 5.5 11 -13
0.000183032 5.5 11 -12.5
0.000102187 5.5 11 -12
3.92389e-05 5.5 11 -11.5
3.69609e-05 5 11 -11.5
0.000102717 5 10.5 -12.5
3.07739e-05 5 10.5 -12
7.63587e-05 5 10 -13
2.09241e-05 5 10 -12.5
