0.729815
2.09214e-05 -5 -10 -18
4.84469e-05 -5 -10 -17.5
7.67195e-05 -5 -10 -17
0.000104032 -5 -10 -16.5
9.79853e-05 -5 -10 -16
6.46548e-05 -5 -10 -15.5
2.59725e-05 -5 -10 -15
4.02877e-05 -5.5 -11 -14.5
6.67416e-05 -5.5 -11 -15
7.8707e-05 -5.5 -11 -15.5
6.82631e-05 -5.5 -11 -16
4.45822e-05 -5.5 -11 -16.5
5.13006e-05 -5 -10.5 -18
0.00011568 -5 -10.5 -17.5
0.000183022 -5 -10.5 -17
0.000232489 -5 -10.5 -16.5
0.000222051 -5 -10.5 -16
0.000174086 -5 -10.5 -15.5
9.18475e-05 -5 -10.5 -15
2.283e-05 -5 -10.5 -14.5
0.000159933 -4.5 -10 -15.5
4.23793e-05 -4.5 -10 -19
0.000127711 -4.5 -10 -18.5
0.000266074 -4.5 -10 -18
0.000400167 -4.5 -10 -17.5
0.000482265 -4.5 -10 -17
2.02977e-05 -5 -9.5 -16.5
0.000427048 -4.5 -10 -16.5
2.0203e-05 -5 -9.5 -16
0.000305078 -4.5 -10 -16
3.46257e-05 -6 -12 -13.5
5.83148e-05 -5.5 -11.5 -14
8.23408e-05 -5 -11 -14.5
5.48125e-05 -6 -12 -14
0.000113143 -5.5 -11.5 -14.5
0.000180078 -5 -11 -15
6.37004e-05 -6 -12 -14.5
0.000157015 -5.5 -11.5 -15
0.000287067 -5 -11 -15.5
5.75028e-05 -6 -12 -15
0.000175164 -5.5 -11.5 -15.5
0.000353361 -5 -11 -16
4.0275e-05 -6 -12 -15.5
0.000104131 -5.5 -11.5 -16.5
0.000153744 -5 -11 -17.5
5.40982e-05 -5.5 -11.5 -17
2.86424e-05 -4.5 -10.5 -19
2.07771e-05 -5 -11 -18.5
0.000104059 -4.5 -10.5 -18.5
6.6601e-05 -5 -11 -18
0.000238225 -4.5 -10.5 -18
0.000385307 -4.5 -10.5 -17.5
0.000255734 -5 -11 -17
0.000480642 -4.5 -10.5 -17
0.00033989 -5 -11 -16.5
0.000153314 -5.5 -11.5 -16
0.00050879 -4.5 -10.5 -16.5
0.000432054 -4.5 -10.5 -16
0.000275355 -4.5 -10.5 -15.5
0.000117597 -4.5 -10.5 -15
4.58904e-05 -4.5 -10 -15
0.000137671 -4 -10 -15.5
0.000326725 -4 -10 -16
0.000504487 -4 -10 -16.5
0.000609172 -4 -10 -17
0.000592328 -4 -10 -17.5
0.000457637 -4 -10 -18
0.000108417 -4 -10 -19
2.4897e-05 -4 -10 -19.5
3.99096e-05 -4.5 -9.5 -19
0.000115551 -4.5 -9.5 -18.5
0.000271682 -4 -10 -18.5
0.000210264 -4.5 -9.5 -18
0.000284479 -4.5 -9.5 -17.5
0.000314107 -4.5 -9.5 -17
0.000276005 -4.5 -9.5 -16.5
2.06941e-05 -7 -13.5 -12
3.6194e-05 -6.5 -13 -12.5
4.81427e-05 -6 -12.5 -13
5.90178e-05 -5.5 -12 -13.5
6.54776e-05 -5 -11.5 -14
5.10626e-05 -6.5 -13 -13
8.97535e-05 -6 -12.5 -13.5
0.000123952 -5.5 -12 -14
5.50429e-05 -6.5 -13 -13.5
0.000119951 -6 -12.5 -14
0.000197388 -5.5 -12 -14.5
4.82263e-05 -6.5 -13 -14
0.000132473 -6 -12.5 -14.5
0.000246863 -5.5 -12 -15
0.000355922 -5 -11.5 -15.5
3.50293e-05 -6.5 -13 -14.5
0.000119783 -6 -12.5 -15
0.000259277 -5.5 -12 -15.5
8.51557e-05 -6 -12.5 -15.5
0.000213152 -5.5 -12 -16
0.000335614 -5 -11.5 -16.5
0.000241821 -5 -11.5 -17
0.000143363 -5.5 -12 -16.5
4.91434e-05 -6 -12.5 -16
5.0154e-05 -4 -10.5 -19
6.22616e-05 -4.5 -11 -18.5
5.63762e-05 -5 -11.5 -18
3.21245e-05 -5.5 -12 -17.5
0.000148926 -4 -10.5 -18.5
0.000162328 -4.5 -11 -18
0.000135261 -5 -11.5 -17.5
7.60143e-05 -5.5 -12 -17
0.000298738 -4 -10.5 -18
0.000310265 -4.5 -11 -17.5
0.000438466 -4 -10.5 -17.5
0.000433871 -4.5 -11 -17
0.00049424 -4 -10.5 -17
0.000485883 -4.5 -11 -16.5
0.000368305 -5 -11.5 -16
0.000425995 -4 -10.5 -16.5
0.000432901 -4.5 -11 -16
0.000282525 -4 -10.5 -16
0.000326963 -4.5 -11 -15.5
0.000285296 -5 -11.5 -15
0.000129297 -4 -10.5 -15.5
0.000188785 -4.5 -11 -15
0.000164592 -5 -11.5 -14.5
3.59861e-05 -4 -10.5 -15
6.15732e-05 -4.5 -11 -14.5
0.000176474 -4.5 -9.5 -16
6.69573e-05 -4.5 -9.5 -15.5
3.00197e-05 -4 -10 -15
6.34882e-05 -3.5 -10 -16
8.38777e-05 -4 -9.5 -15.5
0.000162002 -3.5 -10 -16.5
0.000247782 -3.5 -10 -17
0.000492898 -4 -9.5 -16.5
0.000289196 -3.5 -10 -17.5
0.000284789 -3.5 -10 -18
0.000192013 -3.5 -10 -18.5
8.98304e-05 -3.5 -10 -19
2.67453e-05 -3.5 -10 -19.5
4.5908e-05 -4 -9.5 -19.5
0.000175313 -4 -9.5 -19
4.94803e-05 -4.5 -9 -18.5
0.000378343 -4 -9.5 -18.5
8.90085e-05 -4.5 -9 -18
0.000554987 -4 -9.5 -18
0.000133421 -4.5 -9 -17.5
0.000644834 -4 -9.5 -17.5
0.000144421 -4.5 -9 -17
2.22724e-05 -7 -14 -11
2.26876e-05 -6.5 -13.5 -11.5
2.37344e-05 -7.5 -14.5 -11
3.76881e-05 -7 -14 -11.5
4.71827e-05 -6.5 -13.5 -12
5.57274e-05 -6 -13 -12.5
5.24277e-05 -5.5 -12.5 -13
4.7041e-05 -7 -14 -12
7.95989e-05 -6.5 -13.5 -12.5
0.000105241 -6 -13 -13
0.00012047 -5.5 -12.5 -13.5
4.87961e-05 -7 -14 -12.5
9.76633e-05 -6.5 -13.5 -13
0.000147714 -6 -13 -13.5
3.15447e-05 -4 -11 -15
0.000199766 -5.5 -12.5 -14
0.000218144 -5 -12 -14.5
4.04113e-05 -7 -14 -13
3.31035e-05 -3.5 -10.5 -16
0.000103609 -6.5 -13.5 -13.5
0.000179242 -6 -13 -14
0.000299558 -5 -12 -15
2.84606e-05 -7 -14 -13.5
9.09754e-05 -6.5 -13.5 -14
6.9265e-05 -3.5 -10.5 -16.5
0.000187734 -6 -13 -14.5
6.51845e-05 -6.5 -13.5 -14.5
0.000159267 -6 -13 -15
9.41587e-05 -3.5 -10.5 -17
0.000256625 -5.5 -12.5 -15.5
4.00411e-05 -6.5 -13.5 -15
0.000113362 -6 -13 -15.5
0.000104175 -3.5 -10.5 -17.5
6.82826e-05 -6 -13 -16
9.6216e-05 -3.5 -10.5 -18
0.000129973 -5.5 -12.5 -16.5
3.4039e-05 -6 -13 -16.5
6.31924e-05 -5.5 -12.5 -17
5.56035e-05 -3.5 -10.5 -18.5
2.97322e-05 -5 -12 -18
3.01241e-05 -4.5 -11.5 -18.5
2.35889e-05 -5.5 -12.5 -17.5
2.54151e-05 -3.5 -10.5 -19
5.9901e-05 -4 -11 -18.5
8.63447e-05 -4.5 -11.5 -18
8.65281e-05 -5 -12 -17.5
0.000140623 -4 -11 -18
0.000190869 -4.5 -11.5 -17.5
0.00017779 -5 -12 -17
0.00022995 -4 -11 -17.5
0.000307087 -4.5 -11.5 -17
0.000283206 -5 -12 -16.5
0.000203128 -5.5 -12.5 -16
0.000288026 -4 -11 -17
0.000388005 -4.5 -11.5 -16.5
0.000347424 -5 -12 -16
0.000256406 -4 -11 -16.5
0.000373334 -4.5 -11.5 -16
0.000347119 -5 -12 -15.5
0.000263703 -5.5 -12.5 -15
0.000190518 -4 -11 -16
0.000293326 -4.5 -11.5 -15.5
0.000251165 -5.5 -12.5 -14.5
9.92157e-05 -4 -11 -15.5
0.000178414 -4.5 -11.5 -15
7.13944e-05 -4.5 -11.5 -14.5
0.00012118 -5 -12 -14
3.55202e-05 -5 -12 -13.5
0.000632759 -4 -9.5 -17
0.000117178 -4.5 -9 -16.5
5.67267e-05 -4.5 -9 -16
0.000259374 -4 -9.5 -16
8.90928e-05 -3.5 -9.5 -16
0.000258205 -3.5 -9.5 -16.5
0.000136945 -4 -9 -16
0.000435361 -3.5 -9.5 -17
0.000533687 -3.5 -9.5 -17.5
0.0005502 -3.5 -9.5 -18
2.58114e-05 -4.5 -8.5 -17.5
0.000619588 -4 -9 -17.5
0.000219702 -3.5 -9.5 -19
7.19608e-05 -3.5 -9.5 -19.5
6.6884e-05 -4 -9 -19.5
2.12967e-05 -3.5 -9.5 -20
0.000209637 -4 -9 -19
0.000425209 -4 -9 -18.5
0.00042016 -3.5 -9.5 -18.5
2.59394e-05 -7.5 -15 -10
2.17362e-05 -6.5 -14 -11
2.63503e-05 -7 -14.5 -10.5
2.21905e-05 -8 -15.5 -10
3.79874e-05 -7.5 -15 -10.5
4.95698e-05 -7 -14.5 -11
5.49414e-05 -6.5 -14 -11.5
4.96793e-05 -6 -13.5 -12
4.27149e-05 -7.5 -15 -11
7.02317e-05 -7 -14.5 -11.5
9.03598e-05 -6.5 -14 -12
0.000102771 -6 -13.5 -12.5
3.94502e-05 -7.5 -15 -11.5
7.82149e-05 -7 -14.5 -12
0.00011676 -6.5 -14 -12.5
0.000150765 -6 -13.5 -13
3.07932e-05 -7.5 -15 -12
7.98269e-05 -7 -14.5 -12.5
2.35145e-05 -4 -11.5 -15
0.000131438 -6.5 -14 -13
0.000179619 -6 -13.5 -13.5
6.50115e-05 -4.5 -12 -14.5
6.71147e-05 -7 -14.5 -13
5.14731e-05 -4 -11.5 -15.5
0.000130953 -6.5 -14 -13.5
0.000184692 -6 -13.5 -14
0.000242864 -5.5 -13 -14.5
4.70124e-05 -7 -14.5 -13.5
0.000108966 -6.5 -14 -14
8.23048e-05 -4 -11.5 -16
0.000181545 -6 -13.5 -14.5
0.000251047 -5.5 -13 -15
2.70871e-05 -3.5 -11 -17
3.06554e-05 -7 -14.5 -14
7.99877e-05 -6.5 -14 -14.5
0.000107459 -4 -11.5 -16.5
0.000148939 -6 -13.5 -15
2.73502e-05 -3.5 -11 -17.5
5.05684e-05 -6.5 -14 -15
0.000151637 -5.5 -13 -16
2.04203e-05 -3.5 -11 -18
2.7246e-05 -6.5 -14 -15.5
8.73532e-05 -5.5 -13 -16.5
5.65719e-05 -6 -13.5 -16
2.89764e-05 -6 -13.5 -16.5
2.02528e-05 -6 -13.5 -17
2.25757e-05 -5.5 -13 -17.5
2.96623e-05 -4.5 -12 -18
4.23163e-05 -5 -12.5 -17.5
4.11903e-05 -5.5 -13 -17
3.99095e-05 -4 -11.5 -18
8.29231e-05 -4.5 -12 -17.5
9.95679e-05 -5 -12.5 -17
7.86347e-05 -4 -11.5 -17.5
0.000153763 -4.5 -12 -17
0.000180616 -5 -12.5 -16.5
0.000101915 -6 -13.5 -15.5
0.000115972 -4 -11.5 -17
0.000213891 -4.5 -12 -16.5
0.000255653 -5 -12.5 -16
0.000216777 -5.5 -13 -15.5
0.00023139 -4.5 -12 -16
0.000292418 -5 -12.5 -15.5
0.000199459 -4.5 -12 -15.5
0.000268875 -5 -12.5 -15
0.000132867 -4.5 -12 -15
0.000199877 -5 -12.5 -14.5
0.000209355 -5.5 -13 -14
0.00011652 -5 -12.5 -14
0.000158221 -5.5 -13 -13.5
5.34462e-05 -5 -12.5 -13.5
8.56335e-05 -5.5 -13 -13
2.63412e-05 -5.5 -13 -12.5
0.000582441 -4 -9 -18
2.93417e-05 -4.5 -8.5 -17
0.000513941 -4 -9 -17
2.32794e-05 -4.5 -8.5 -16.5
0.000332152 -4 -9 -16.5
2.36201e-05 -4 -9 -15.5
2.01985e-05 -3 -9.5 -16.5
9.43829e-05 -3.5 -9 -16
4.25163e-05 -3 -9.5 -17
0.000300456 -3.5 -9 -16.5
6.64456e-05 -3 -9.5 -17.5
0.000557452 -3.5 -9 -17
8.19374e-05 -3 -9.5 -18
0.000732445 -3.5 -9 -17.5
0.00034258 -4 -8.5 -17
7.90631e-05 -3 -9.5 -18.5
0.000767391 -3.5 -9 -18
0.000425631 -4 -8.5 -17.5
5.28555e-05 -3 -9.5 -19
0.000654505 -3.5 -9 -18.5
2.03399e-05 -3 -9.5 -19.5
0.00015468 -3.5 -9 -19.5
0.000194961 -4 -8.5 -19
3.15142e-05 -3.5 -9 -20
6.898e-05 -4 -8.5 -19.5
0.000390045 -3.5 -9 -19
0.000337325 -4 -8.5 -18.5
3.15407e-05 -8 -16 -9.5
4.70469e-05 -7.5 -15.5 -10
5.63138e-05 -7 -15 -10.5
4.93565e-05 -6.5 -14.5 -11
2.53003e-05 -6 -14 -11.5
3.41228e-05 -8 -16 -10
5.55623e-05 -7.5 -15.5 -10.5
7.46507e-05 -7 -15 -11
8.36417e-05 -6.5 -14.5 -11.5
6.82511e-05 -6 -14 -12
2.98717e-05 -8 -16 -10.5
5.8123e-05 -7.5 -15.5 -11
8.46078e-05 -7 -15 -11.5
0.000110422 -6.5 -14.5 -12
0.00011717 -6 -14 -12.5
2.02814e-05 -8 -16 -11
5.27932e-05 -7.5 -15.5 -11.5
9.07594e-05 -7 -15 -12
0.00012454 -6.5 -14.5 -12.5
0.000149957 -6 -14 -13
4.21856e-05 -5 -13 -13.5
4.36918e-05 -7.5 -15.5 -12
8.30951e-05 -7 -15 -12.5
3.85026e-05 -4.5 -12.5 -14.5
0.000128848 -6.5 -14.5 -13
0.000187679 -5.5 -13.5 -14
2.15536e-05 -4 -12 -15.5
3.21463e-05 -7.5 -15.5 -12.5
6.79183e-05 -7 -15 -13
0.000119501 -6.5 -14.5 -13.5
6.94142e-05 -4.5 -12.5 -15
0.000171869 -6 -14 -14
5.02654e-05 -7 -15 -13.5
2.72716e-05 -4 -12 -16
9.63986e-05 -6.5 -14.5 -14
0.000146741 -6 -14 -14.5
9.18032e-05 -4.5 -12.5 -15.5
2.85756e-05 -4 -12 -16.5
3.31756e-05 -7 -15 -14
6.81257e-05 -6.5 -14.5 -14.5
0.000100599 -4.5 -12.5 -16
2.34107e-05 -7 -15 -14.5
2.43373e-05 -4 -12 -17
4.17283e-05 -6.5 -14.5 -15
6.85343e-05 -6 -14 -15.5
2.09106e-05 -7 -15 -15
2.27558e-05 -6.5 -14.5 -15.5
3.71794e-05 -6 -14 -16
2.24507e-05 -6 -14 -16.5
3.60041e-05 -5 -13 -17
4.3815e-05 -5.5 -13.5 -16.5
4.39137e-05 -4.5 -12.5 -17
7.8163e-05 -5 -13 -16.5
8.55795e-05 -5.5 -13.5 -16
7.68539e-05 -4.5 -12.5 -16.5
0.000129327 -5 -13 -16
0.000137825 -5.5 -13.5 -15.5
0.000108159 -6 -14 -15
0.000167002 -5 -13 -15.5
0.0001844 -5.5 -13.5 -15
0.000168887 -5 -13 -15
0.000201974 -5.5 -13.5 -14.5
0.000142351 -5 -13 -14.5
0.00016871 -6 -14 -13.5
9.65105e-05 -5 -13 -14
0.000142746 -5.5 -13.5 -13.5
8.35444e-05 -5.5 -13.5 -13
3.68982e-05 -5.5 -13.5 -12.5
0.000417749 -4 -8.5 -18
0.000184659 -4 -8.5 -16.5
4.99308e-05 -4 -8.5 -16
4.37694e-05 -3 -9 -16.5
0.000107238 -3 -9 -17
0.000272932 -3.5 -8.5 -16.5
0.000207957 -3 -9 -17.5
0.000563292 -3.5 -8.5 -17
0.00026826 -3 -9 -18
0.000275061 -3 -9 -18.5
0.000845894 -3.5 -8.5 -18
0.000212917 -4 -8 -17.5
0.000225874 -3 -9 -19
0.000778869 -3.5 -8.5 -18.5
0.000165259 -4 -8 -18.5
0.00011373 -3 -9 -19.5
3.34715e-05 -3 -9 -20
0.000243984 -3.5 -8.5 -19.5
6.02686e-05 -3.5 -8.5 -20
2.26495e-05 -8 -16.5 -9
4.00974e-05 -7.5 -16 -9.5
3.0866e-05 -7 -15.5 -10
2.02614e-05 -8.5 -17 -9
3.49919e-05 -8 -16.5 -9.5
5.10885e-05 -7.5 -16 -10
3.55569e-05 -4 -8 -19.5
6.14092e-05 -7 -15.5 -10.5
5.66077e-05 -6.5 -15 -11
2.00527e-05 -8.5 -17 -9.5
3.58801e-05 -8 -16.5 -10
5.48259e-05 -7.5 -16 -10.5
7.49719e-05 -7 -15.5 -11
8.2306e-05 -6.5 -15 -11.5
3.10847e-05 -8 -16.5 -10.5
5.61299e-05 -7.5 -16 -11
8.10295e-05 -7 -15.5 -11.5
0.000103396 -6.5 -15 -12
3.34365e-05 -5.5 -14 -12.5
2.70935e-05 -8 -16.5 -11
5.00151e-05 -7.5 -16 -11.5
8.20689e-05 -7 -15.5 -12
2.72045e-05 -5 -13.5 -13.5
0.000111772 -6.5 -15 -12.5
2.06698e-05 -8 -16.5 -11.5
4.10731e-05 -7.5 -16 -12
6.95206e-05 -7 -15.5 -12.5
0.000106522 -6.5 -15 -13
4.68467e-05 -5 -13.5 -14
0.00013196 -6 -14.5 -13.5
3.05408e-05 -7.5 -16 -12.5
2.32069e-05 -4.5 -13 -15
5.54601e-05 -7 -15.5 -13
8.90067e-05 -6.5 -15 -13.5
2.31316e-05 -7.5 -16 -13
2.60844e-05 -4.5 -13 -15.5
4.03055e-05 -7 -15.5 -13.5
6.60472e-05 -6.5 -15 -14
2.16466e-05 -7.5 -16 -13.5
2.69879e-05 -7 -15.5 -14
2.30553e-05 -4.5 -13 -16
4.2797e-05 -6.5 -15 -14.5
5.73996e-05 -6 -14.5 -15
2.52039e-05 -6.5 -15 -15
2.84677e-05 -5.5 -14 -16
3.10421e-05 -6 -14.5 -15.5
3.53762e-05 -5 -13.5 -16
5.58131e-05 -5.5 -14 -15.5
5.86735e-05 -5 -13.5 -15.5
8.79226e-05 -5.5 -14 -15
8.8236e-05 -6 -14.5 -14.5
7.26744e-05 -5 -13.5 -15
0.000112747 -5.5 -14 -14.5
0.000116547 -6 -14.5 -14
6.83368e-05 -5 -13.5 -14.5
0.000116464 -5.5 -14 -14
0.00010116 -5.5 -14 -13.5
0.000125356 -6 -14.5 -13
7.0142e-05 -5.5 -14 -13
9.97212e-05 -6 -14.5 -12.5
6.59488e-05 -6 -14.5 -12
2.82379e-05 -6 -14.5 -11.5
8.85132e-05 -4 -8 -19
0.000525609 -3.5 -8.5 -19
0.000208995 -4 -8 -18
0.000782039 -3.5 -8.5 -17.5
0.000144553 -4 -8 -17
5.62137e-05 -4 -8 -16.5
6.6873e-05 -3.5 -8.5 -16
7.09483e-05 -3 -8.5 -16.5
0.000217899 -3 -8.5 -17
0.000441433 -3 -8.5 -17.5
0.000581602 -3 -8.5 -18
0.000592819 -3 -8.5 -18.5
0.000822984 -3.5 -8 -18
3.49864e-05 -4 -7.5 -18.5
0.000501865 -3 -8.5 -19
0.000276042 -3 -8.5 -19.5
8.41419e-05 -3 -8.5 -20
0.000292016 -3.5 -8 -19.5
2.20593e-05 -8 -17 -9
3.83532e-05 -7.5 -16.5 -9.5
8.84994e-05 -3.5 -8 -20
3.14899e-05 -7 -16 -10
2.63202e-05 -8.5 -17.5 -9
3.1193e-05 -8 -17 -9.5
4.54032e-05 -7.5 -16.5 -10
5.55222e-05 -7 -16 -10.5
4.17208e-05 -6.5 -15.5 -11
2.37237e-05 -8.5 -17.5 -9.5
3.06304e-05 -8 -17 -10
4.73436e-05 -7.5 -16.5 -10.5
6.27838e-05 -7 -16 -11
6.57883e-05 -6.5 -15.5 -11.5
2.68432e-05 -8 -17 -10.5
4.39738e-05 -7.5 -16.5 -11
6.45733e-05 -7 -16 -11.5
2.31931e-05 -8 -17 -11
3.76762e-05 -7.5 -16.5 -11.5
5.71962e-05 -7 -16 -12
3.41733e-05 -5.5 -14.5 -13
7.50053e-05 -6.5 -15.5 -12.5
3.09808e-05 -7.5 -16.5 -12
2.09841e-05 -5 -14 -14
4.63911e-05 -7 -16 -12.5
6.26536e-05 -6.5 -15.5 -13
2.32606e-05 -7.5 -16.5 -12.5
3.39554e-05 -7 -16 -13
4.68479e-05 -6.5 -15.5 -13.5
2.16165e-05 -7 -16 -13.5
2.96829e-05 -6 -15 -14.5
2.88992e-05 -6.5 -15.5 -14
3.35844e-05 -5.5 -14.5 -14.5
4.81363e-05 -6 -15 -14
4.27802e-05 -5.5 -14.5 -14
6.52314e-05 -6 -15 -13.5
4.10024e-05 -5.5 -14.5 -13.5
7.03937e-05 -6 -15 -13
6.35296e-05 -6 -15 -12.5
7.31163e-05 -6.5 -15.5 -12
4.24661e-05 -6 -15 -12
0.00059156 -3.5 -8 -19
0.000788465 -3.5 -8 -18.5
4.26838e-05 -4 -7.5 -18
4.58628e-05 -4 -7.5 -17.5
0.000671042 -3.5 -8 -17.5
2.94662e-05 -4 -7.5 -17
0.000401999 -3.5 -8 -17
0.000137279 -3.5 -8 -16.5
2.43162e-05 -2.5 -8.5 -17.5
0.000295402 -3 -8 -17
3.92447e-05 -2.5 -8.5 -18
0.000641497 -3 -8 -17.5
5.38004e-05 -2.5 -8.5 -18.5
0.000902128 -3 -8 -18
5.51419e-05 -2.5 -8.5 -19
0.000936242 -3 -8 -18.5
4.2117e-05 -2.5 -8.5 -19.5
0.0008012 -3 -8 -19
0.000490307 -3 -8 -19.5
2.70296e-05 -3 -8 -20.5
2.48573e-05 -7.5 -17 -9.5
2.33882e-05 -7 -16.5 -10
2.69282e-05 -7.5 -17 -10
3.28376e-05 -7 -16.5 -10.5
2.52715e-05 -7.5 -17 -10.5
3.41402e-05 -7 -16.5 -11
2.06077e-05 -7.5 -17 -11
3.14442e-05 -7 -16.5 -11.5
2.11318e-05 -6 -15.5 -12
2.37164e-05 -7 -16.5 -12
2.05921e-05 -6 -15.5 -13
2.64437e-05 -6.5 -16 -12.5
2.27789e-05 -6 -15.5 -12.5
2.94608e-05 -6.5 -16 -12
2.89033e-05 -6.5 -16 -11.5
2.35913e-05 -6.5 -16 -11
9.52242e-05 -3.5 -7.5 -20
0.000173438 -3 -8 -20
0.000278551 -3.5 -7.5 -19.5
0.000479503 -3.5 -7.5 -19
0.000583505 -3.5 -7.5 -18.5
0.000597346 -3.5 -7.5 -18
0.000463115 -3.5 -7.5 -17.5
0.000222449 -3.5 -7.5 -17
5.25081e-05 -3.5 -7.5 -16.5
8.15395e-05 -3 -8 -16.5
2.64518e-05 -2.5 -8 -17
8.69993e-05 -2.5 -8 -17.5
0.000308026 -3 -7.5 -17
0.000153726 -2.5 -8 -18
0.00069642 -3 -7.5 -17.5
0.000211987 -2.5 -8 -18.5
0.000306186 -3.5 -7 -18
0.000229338 -2.5 -8 -19
0.00019403 -2.5 -8 -19.5
0.000966763 -3 -7.5 -19
0.000101289 -2.5 -8 -20
0.000664042 -3 -7.5 -19.5
2.52935e-05 -2.5 -8 -20.5
5.56449e-05 -3 -7.5 -20.5
5.64087e-05 -3.5 -7 -20
0.000276155 -3 -7.5 -20
0.000145783 -3.5 -7 -19.5
0.00025909 -3.5 -7 -19
0.000305205 -3.5 -7 -18.5
0.00106043 -3 -7.5 -18.5
0.00100462 -3 -7.5 -18
0.000216584 -3.5 -7 -17.5
7.8988e-05 -3.5 -7 -17
6.84639e-05 -3 -7.5 -16.5
6.06911e-05 -2.5 -7.5 -17
0.000205345 -2.5 -7.5 -17.5
0.000406499 -2.5 -7.5 -18
0.000566021 -3 -7 -17.5
0.000569225 -2.5 -7.5 -18.5
0.000594712 -2.5 -7.5 -19
0.000485974 -2.5 -7.5 -19.5
0.000990042 -3 -7 -19
0.000262806 -2.5 -7.5 -20
6.8761e-05 -2.5 -7.5 -20.5
2.14181e-05 -2.5 -7.5 -21
8.91919e-05 -3 -7 -20.5
0.000350621 -3 -7 -20
4.24885e-05 -3.5 -6.5 -19.5
0.000724161 -3 -7 -19.5
5.96049e-05 -3.5 -6.5 -19
6.63713e-05 -3.5 -6.5 -18.5
0.00105533 -3 -7 -18.5
6.91821e-05 -3.5 -6.5 -18
0.00097676 -3 -7 -18
4.83146e-05 -3.5 -6.5 -17.5
0.000179437 -3 -7 -17
2.50453e-05 -3 -7 -16.5
9.51065e-05 -2.5 -7 -17
0.000352934 -2.5 -7 -17.5
0.000702421 -2.5 -7 -18
0.00099946 -2.5 -7 -18.5
2.2661e-05 -2 -7.5 -19.5
0.00103339 -2.5 -7 -19
0.000870652 -2.5 -7 -19.5
0.000159723 -2.5 -7 -20.5
2.57482e-05 -2.5 -7 -21
0.000102484 -3 -6.5 -20.5
0.000355389 -3 -6.5 -20
0.000496309 -2.5 -7 -20
0.000649642 -3 -6.5 -19.5
0.000784619 -3 -6.5 -19
0.000796185 -3 -6.5 -18.5
0.000641865 -3 -6.5 -18
0.000331685 -3 -6.5 -17.5
8.28406e-05 -3 -6.5 -17
5.22306e-05 -2 -7 -18
0.000410115 -2.5 -6.5 -17.5
0.000100338 -2 -7 -18.5
0.000136846 -2 -7 -19
0.00122159 -2.5 -6.5 -18.5
0.000142177 -2 -7 -19.5
0.0012803 -2.5 -6.5 -19
0.000120052 -2 -7 -20
6.9887e-05 -2 -7 -20.5
5.02909e-05 -2.5 -6.5 -21
7.51753e-05 -3 -6 -20.5
0.000277223 -2.5 -6.5 -20.5
0.000223098 -3 -6 -20
0.000711945 -2.5 -6.5 -20
0.000358426 -3 -6 -19.5
0.00113637 -2.5 -6.5 -19.5
0.00042039 -3 -6 -19
0.000429441 -3 -6 -18.5
0.000331711 -3 -6 -18
0.000848341 -2.5 -6.5 -18
0.000149006 -3 -6 -17.5
2.60417e-05 -3 -6 -17
0.00010317 -2.5 -6.5 -17
5.12496e-05 -2 -6.5 -17.5
0.000169713 -2 -6.5 -18
0.000324405 -2 -6.5 -18.5
0.00042136 -2 -6.5 -19
0.000459406 -2 -6.5 -19.5
0.00133639 -2.5 -6 -19
0.000387745 -2 -6.5 -20
0.00020894 -2 -6.5 -20.5
0.000814763 -2.5 -6 -20
6.21251e-05 -2 -6.5 -21
7.61844e-05 -2.5 -6 -21
3.10261e-05 -3 -5.5 -20.5
0.000377563 -2.5 -6 -20.5
6.8898e-05 -3 -5.5 -20
0.000103006 -3 -5.5 -19.5
0.00121727 -2.5 -6 -19.5
0.000111129 -3 -5.5 -19
0.000117212 -3 -5.5 -18.5
0.00124123 -2.5 -6 -18.5
8.19004e-05 -3 -5.5 -18
0.000803563 -2.5 -6 -18
3.09995e-05 -3 -5.5 -17.5
0.000315484 -2.5 -6 -17.5
5.21579e-05 -2.5 -6 -17
0.000105183 -2 -6 -17.5
0.000387336 -2 -6 -18
0.000743554 -2 -6 -18.5
0.000943695 -2 -6 -19
0.000961185 -2 -6 -19.5
0.00105995 -2.5 -5.5 -19
0.000826382 -2 -6 -20
0.000450319 -2 -6 -20.5
0.000826973 -2.5 -5.5 -20
0.000129111 -2 -6 -21
0.000405928 -2.5 -5.5 -20.5
8.97946e-05 -2.5 -5.5 -21
0.00104204 -2.5 -5.5 -19.5
0.000909958 -2.5 -5.5 -18.5
0.000490811 -2.5 -5.5 -18
0.000146609 -2.5 -5.5 -17.5
2.10376e-05 -2.5 -5.5 -17
0.000144355 -2 -5.5 -17.5
0.000549574 -2 -5.5 -18
0.00110981 -2 -5.5 -18.5
0.000272394 -2.5 -5 -18
2.75647e-05 -1.5 -6 -19.5
4.00072e-05 -1.5 -6 -20
0.00145317 -2 -5.5 -19.5
4.4912e-05 -1.5 -6 -20.5
3.47444e-05 -1.5 -6 -21
0.000237388 -2 -5.5 -21
0.000278257 -2.5 -5 -20.5
2.2828e-05 -2 -5.5 -21.5
7.84334e-05 -2.5 -5 -21
0.00074009 -2 -5.5 -20.5
0.000499074 -2.5 -5 -20
0.00125199 -2 -5.5 -20
0.000633225 -2.5 -5 -19.5
0.000663515 -2.5 -5 -19
0.00144456 -2 -5.5 -19
0.000556676 -2.5 -5 -18.5
6.4189e-05 -2.5 -5 -17.5
2.27373e-05 -2 -5.5 -17
3.35603e-05 -1.5 -5.5 -18
9.97038e-05 -1.5 -5.5 -18.5
0.000194297 -1.5 -5.5 -19
0.000267179 -1.5 -5.5 -19.5
0.000275092 -1.5 -5.5 -20
0.000247945 -1.5 -5.5 -20.5
0.000186716 -2.5 -4.5 -20
0.000143506 -1.5 -5.5 -21
9.87805e-05 -2.5 -4.5 -20.5
4.24249e-05 -1.5 -5.5 -21.5
3.37812e-05 -2 -5 -21.5
3.63342e-05 -2.5 -4.5 -21
0.000327033 -2 -5 -21
0.000927541 -2 -5 -20.5
0.00144796 -2 -5 -20
0.000243042 -2.5 -4.5 -19.5
0.00162476 -2 -5 -19.5
0.00026358 -2.5 -4.5 -19
0.00160812 -2 -5 -19
0.000200746 -2.5 -4.5 -18.5
0.00121668 -2 -5 -18.5
7.88353e-05 -2.5 -4.5 -18
0.000567258 -2 -5 -18
0.000136488 -2 -5 -17.5
0.000127076 -1.5 -5 -18
0.000351951 -1.5 -5 -18.5
0.000666043 -1.5 -5 -19
0.000881259 -1.5 -5 -20
0.0015496 -2 -4.5 -19.5
2.52889e-05 -2.5 -4 -19
2.16633e-05 -2.5 -4 -20
0.00070172 -1.5 -5 -20.5
0.0014417 -2 -4.5 -20
7.02497e-05 -1.5 -5 -21.5
3.46391e-05 -2 -4.5 -21.5
0.000352319 -2 -4.5 -21
0.000344864 -1.5 -5 -21
0.000959003 -2 -4.5 -20.5
2.47515e-05 -2.5 -4 -19.5
0.000889696 -1.5 -5 -19.5
0.00147634 -2 -4.5 -19
0.0010282 -2 -4.5 -18.5
0.000382341 -2 -4.5 -18
6.62239e-05 -2 -4.5 -17.5
2.26884e-05 -1.5 -5 -17.5
0.000282721 -1.5 -4.5 -18
0.000801733 -1.5 -4.5 -18.5
0.00146661 -1.5 -4.5 -19
0.000934228 -2 -4 -20
2.0125e-05 -1 -5 -21.5
3.30792e-05 -2 -4 -21.5
9.1376e-05 -1.5 -4.5 -21.5
0.00024896 -2 -4 -21
0.000586036 -1.5 -4.5 -21
0.000636329 -2 -4 -20.5
0.00128892 -1.5 -4.5 -20.5
0.00171428 -1.5 -4.5 -20
0.0010085 -2 -4 -19.5
0.00177133 -1.5 -4.5 -19.5
0.000958651 -2 -4 -19
0.000590205 -2 -4 -18.5
0.000214854 -2 -4 -18
3.62414e-05 -2 -4 -17.5
4.69338e-05 -1.5 -4.5 -17.5
0.000353305 -1.5 -4 -18
0.00023525 -2 -3.5 -18.5
4.21693e-05 -1 -4.5 -19.5
0.000408296 -2 -3.5 -19.5
8.31512e-05 -1 -4.5 -20
0.000122463 -1 -4.5 -20.5
0.000112052 -1 -4.5 -21
6.91803e-05 -1 -4.5 -21.5
2.14809e-05 -2 -3.5 -21.5
0.000105774 -1.5 -4 -21.5
0.000110231 -2 -3.5 -21
0.000715883 -1.5 -4 -21
0.000264119 -2 -3.5 -20.5
0.00158884 -1.5 -4 -20.5
0.000378004 -2 -3.5 -20
0.00215447 -1.5 -4 -20
0.00224744 -1.5 -4 -19.5
0.000389857 -2 -3.5 -19
0.00195333 -1.5 -4 -19
0.00109077 -1.5 -4 -18.5
7.71565e-05 -2 -3.5 -18
5.96541e-05 -1.5 -4 -17.5
3.37382e-05 -1 -4 -18
0.000147296 -1 -4 -18.5
2.579e-05 -2 -3 -18.5
0.000370572 -1 -4 -19
0.000566778 -1 -4 -19.5
5.08566e-05 -2 -3 -19.5
0.000618809 -1 -4 -20
0.000580593 -1 -4 -20.5
0.00038327 -1 -4 -21
0.00011065 -1.5 -3.5 -21.5
0.000128708 -1 -4 -21.5
0.000718772 -1.5 -3.5 -21
3.60946e-05 -2 -3 -20.5
0.00157759 -1.5 -3.5 -20.5
4.81774e-05 -2 -3 -20
0.00214298 -1.5 -3.5 -20
0.00223779 -1.5 -3.5 -19.5
4.7653e-05 -2 -3 -19
0.0019878 -1.5 -3.5 -19
0.00109623 -1.5 -3.5 -18.5
0.000335038 -1.5 -3.5 -18
5.11402e-05 -1.5 -3.5 -17.5
0.000133063 -1 -3.5 -18
0.000541808 -1 -3.5 -18.5
0.00154275 -1 -3.5 -19.5
0.00131045 -1 -3.5 -20.5
0.000736831 -1 -3.5 -21
2.12147e-05 -1 -3.5 -22
0.000112815 -1.5 -3 -21.5
0.000179172 -1 -3.5 -21.5
0.000507854 -1.5 -3 -21
0.000976985 -1.5 -3 -20.5
0.00123554 -1.5 -3 -20
0.00153093 -1 -3.5 -20
0.00127757 -1.5 -3 -19.5
0.00109073 -1.5 -3 -19
0.00115946 -1 -3.5 -19
0.000548217 -1.5 -3 -18.5
0.000136869 -1.5 -3 -18
0.000428109 -1.5 -2.5 -20.5
7.14262e-05 -1.5 -2.5 -21.5
3.24931e-05 -1 -3 -22
0.000316885 -1 -3 -21.5
0.000243463 -1.5 -2.5 -21
0.00104192 -1 -3 -21
0.00185744 -1 -3 -20.5
0.000521268 -1.5 -2.5 -20
0.00222247 -1 -3 -20
0.000535527 -1.5 -2.5 -19.5
0.00225129 -1 -3 -19.5
0.000422784 -1.5 -2.5 -19
0.0017148 -1 -3 -19
0.000194334 -1.5 -2.5 -18.5
0.000822801 -1 -3 -18.5
4.58017e-05 -1.5 -2.5 -18
0.000204976 -1 -3 -18
3.03351e-05 -1 -3 -17.5
7.99129e-05 -1.5 -2 -19
7.96173e-05 -1.5 -2 -20.5
3.03719e-05 -0.5 -3 -22
5.91044e-05 -1 -2.5 -22
0.000487455 -1 -2.5 -21.5
4.66852e-05 -1.5 -2 -21
0.00129424 -1 -2.5 -21
0.00205638 -1 -2.5 -20.5
9.57487e-05 -1.5 -2 -20
0.00237492 -1 -2.5 -20
0.000104511 -1.5 -2 -19.5
0.00236091 -1 -2.5 -19.5
0.00177812 -1 -2.5 -19
3.33773e-05 -1.5 -2 -18.5
0.000826619 -1 -2.5 -18.5
0.000198547 -1 -2.5 -18
2.88869e-05 -1 -2.5 -17.5
9.44336e-05 -0.5 -2.5 -19.5
0.00022105 -0.5 -2.5 -20
0.000331349 -0.5 -2.5 -20.5
5.42455e-05 -1 -2 -22
0.000143026 -0.5 -2.5 -22
0.000528674 -1 -2 -21.5
0.000322952 -0.5 -2.5 -21.5
0.00133408 -1 -2 -21
0.0003832 -0.5 -2.5 -21
0.00186717 -1 -2 -20.5
0.00193407 -1 -2 -20
0.00183163 -1 -2 -19.5
0.00122599 -1 -2 -19
0.000494268 -1 -2 -18.5
0.000105385 -1 -2 -18
9.23655e-05 -0.5 -2 -18
0.000428973 -0.5 -2 -18.5
0.00121122 -0.5 -2 -19
2.64247e-05 -1 -1.5 -22
0.0001995 -0.5 -2 -22
0.00023212 -1 -1.5 -21.5
0.00106516 -0.5 -2 -21.5
0.000579556 -1 -1.5 -21
0.00214922 -0.5 -2 -21
0.000859512 -1 -1.5 -20.5
0.00270013 -0.5 -2 -20.5
0.000940782 -1 -1.5 -20
0.00275646 -0.5 -2 -20
0.000914619 -1 -1.5 -19.5
0.00220192 -0.5 -2 -19.5
0.000597884 -1 -1.5 -19
0.000231855 -1 -1.5 -18.5
4.71957e-05 -1 -1.5 -18
0.000149096 -0.5 -1.5 -22
3.69539e-05 -1 -1 -21.5
0.00149292 -0.5 -1.5 -21.5
0.000108461 -1 -1 -21
0.00363614 -0.5 -1.5 -21
0.00016402 -1 -1 -20.5
0.00528113 -0.5 -1.5 -20.5
0.000180434 -1 -1 -20
0.00565448 -0.5 -1.5 -20
0.000176817 -1 -1 -19.5
0.00535683 -0.5 -1.5 -19.5
0.000118759 -1 -1 -19
0.00343862 -0.5 -1.5 -19
4.23101e-05 -1 -1 -18.5
0.00135809 -0.5 -1.5 -18.5
0.00029687 -0.5 -1.5 -18
4.4065e-05 -0.5 -1.5 -17.5
6.61255e-05 -0.5 -1 -22
0.00127478 -0.5 -1 -21.5
0.00368442 -0.5 -1 -21
0.00559139 -0.5 -1 -20.5
0.00609111 -0.5 -1 -20
0.00592875 -0.5 -1 -19.5
0.00395988 -0.5 -1 -19
0.00157498 -0.5 -1 -18.5
0.000337712 -0.5 -1 -18
4.92962e-05 -0.5 -1 -17.5
0.000346763 -0.5 -0.5 -21.5
0.00120815 -0.5 -0.5 -21
0.00200094 -0.5 -0.5 -20.5
0.00229016 -0.5 -0.5 -20
0.00229313 -0.5 -0.5 -19.5
0.00161961 -0.5 -0.5 -19
0.000616334 -0.5 -0.5 -18.5
0.000117959 -0.5 -0.5 -18
2.97222e-05 -0.5 0 -21.5
9.39336e-05 -0.5 0 -21
0.000139722 -0.5 0 -20.5
0.000149603 -0.5 0 -20
0.000144025 -0.5 0 -19.5
8.63361e-05 -0.5 0 -19
2.25678e-05 -0.5 0 -18.5
0.000219531 0 0 -22
0.00121572 0 0 -21.5
0.00249947 0 0 -21
0.0032852 0 0 -20.5
0.00342616 0 0 -20
0.00315097 0 0 -19.5
0.00193761 0 0 -19
0.000738191 0 0 -18.5
0.000158709 0 0 -18
2.3676e-05 0 0 -17.5
0.000305557 0 0.5 -22
0.00225833 0 0.5 -21.5
0.00511577 0 0.5 -21
0.00708696 0 0.5 -20.5
0.00748985 0 0.5 -20
0.00710061 0 0.5 -19.5
0.00459144 0 0.5 -19
0.00183059 0 0.5 -18.5
0.000401287 0 0.5 -18
5.94218e-05 0 0.5 -17.5
8.9712e-05 0 1 -22
2.41048e-05 0.5 0.5 -22
0.000967819 0 1 -21.5
0.000136707 0.5 0.5 -21.5
0.00243424 0 1 -21
0.000296514 0.5 0.5 -21
0.00352969 0 1 -20.5
0.000407398 0.5 0.5 -20.5
0.0037813 0 1 -20
0.000433451 0.5 0.5 -20
0.00363548 0 1 -19.5
0.000412351 0.5 0.5 -19.5
0.00239844 0 1 -19
0.000266753 0.5 0.5 -19
0.000954051 0 1 -18.5
0.000107249 0.5 0.5 -18.5
0.00020316 0 1 -18
2.4122e-05 0.5 0.5 -18
2.9134e-05 0 1 -17.5
6.74079e-05 0.5 1 -22
9.05339e-05 0 1.5 -21.5
0.000540674 0.5 1 -21.5
0.000206203 0 1.5 -21
0.00125503 0.5 1 -21
0.000275557 0 1.5 -20.5
0.00179794 0.5 1 -20.5
0.000286263 0 1.5 -20
0.0019363 0.5 1 -20
0.000254996 0 1.5 -19.5
0.00188424 0.5 1 -19.5
0.000140682 0 1.5 -19
0.00127068 0.5 1 -19
3.64124e-05 0 1.5 -18.5
0.000521628 0.5 1 -18.5
0.000117575 0.5 1 -18
2.41923e-05 1 1 -19.5
2.58911e-05 1 1 -20
2.39421e-05 1 1 -20.5
4.63824e-05 0.5 1.5 -22
0.000726568 0.5 1.5 -21.5
0.00208897 0.5 1.5 -21
0.00324838 0.5 1.5 -20.5
0.00360384 0.5 1.5 -20
0.00357455 0.5 1.5 -19.5
0.00256554 0.5 1.5 -19
0.00108643 0.5 1.5 -18.5
0.000229641 0.5 1.5 -18
3.22161e-05 0.5 1.5 -17.5
9.29574e-05 1 1.5 -21.5
2.88141e-05 0.5 2 -22
0.000607161 0.5 2 -21.5
0.00186499 0.5 2 -21
0.000238003 1 1.5 -21
0.00299325 0.5 2 -20.5
0.000360353 1 1.5 -20.5
0.00334652 0.5 2 -20
0.000399889 1 1.5 -20
0.0033305 0.5 2 -19.5
0.00039609 1 1.5 -19.5
0.00246816 0.5 2 -19
0.000279031 1 1.5 -19
0.0011358 0.5 2 -18.5
0.00012202 1 1.5 -18.5
0.000288443 0.5 2 -18
2.88811e-05 1 1.5 -18
4.29532e-05 0.5 2 -17.5
0.000123664 1 2 -18
0.00141785 1 2 -19.5
2.10862e-05 0.5 2.5 -22
0.000377715 0.5 2.5 -21.5
0.000252732 1 2 -21.5
0.00121284 0.5 2.5 -21
0.000741951 1 2 -21
0.00199254 0.5 2.5 -20.5
0.00119981 1 2 -20.5
0.00228463 0.5 2.5 -20
0.00139811 1 2 -20
0.0022811 0.5 2.5 -19.5
0.00169359 0.5 2.5 -19
0.00109775 1 2 -19
0.000784488 0.5 2.5 -18.5
0.000504986 1 2 -18.5
0.000201579 0.5 2.5 -18
3.07658e-05 0.5 2.5 -17.5
2.15328e-05 1.5 2 -19
0.00111559 1 2.5 -18.5
2.78391e-05 1.5 2 -19.5
2.73026e-05 1.5 2 -20
2.13633e-05 1.5 2 -20.5
0.00244072 1 2.5 -20
0.00216113 1 2.5 -20.5
0.000149813 0.5 3 -21.5
0.000322085 1 2.5 -21.5
0.000412126 0.5 3 -21
0.00125186 1 2.5 -21
0.000627426 0.5 3 -20.5
0.000690899 0.5 3 -20
0.000679628 0.5 3 -19.5
0.00247123 1 2.5 -19.5
0.000491313 0.5 3 -19
0.00211217 1 2.5 -19
0.000226471 0.5 3 -18.5
5.68905e-05 0.5 3 -18
0.000311552 1 2.5 -18
4.61304e-05 1 2.5 -17.5
4.474e-05 1.5 2.5 -18
0.000146455 1.5 2.5 -18.5
0.000269749 1.5 2.5 -19
0.000314391 1.5 2.5 -19.5
0.000310734 1.5 2.5 -20
0.000273408 1.5 2.5 -20.5
0.000165011 1.5 2.5 -21
4.20286e-05 1.5 2.5 -21.5
3.18853e-05 0.5 3.5 -21.5
0.000270019 1 3 -21.5
5.11836e-05 0.5 3.5 -21
0.00122487 1 3 -21
5.50031e-05 0.5 3.5 -20.5
0.0023507 1 3 -20.5
4.72829e-05 0.5 3.5 -20
0.00299872 1 3 -20
2.75254e-05 0.5 3.5 -19.5
0.00308924 1 3 -19.5
0.00276968 1 3 -19
0.00162738 1 3 -18.5
0.000559331 1 3 -18
0.00010331 1 3 -17.5
4.29434e-05 1.5 3 -17.5
0.000641651 1.5 3 -18.5
0.00105692 1.5 3 -19
0.00112722 1.5 3 -19.5
0.00107673 1.5 3 -20
0.00082842 1.5 3 -20.5
0.000430686 1.5 3 -21
9.38591e-05 1.5 3 -21.5
0.000162173 1 3.5 -21.5
0.000911679 1 3.5 -21
0.00192253 1 3.5 -20.5
0.0025368 1 3.5 -20
0.00263703 1 3.5 -19.5
0.00243059 1 3.5 -19
0.00149547 1 3.5 -18.5
0.000552085 1 3.5 -18
0.000228023 1.5 3 -18
0.000111227 1 3.5 -17.5
0.000482214 1.5 3.5 -18
0.00204909 1.5 3.5 -19.5
0.00147108 1.5 3.5 -20.5
0.000658301 1.5 3.5 -21
9.02734e-05 1.5 3.5 -21.5
7.00411e-05 1 4 -21.5
0.000465072 1 4 -21
0.00104316 1 4 -20.5
0.00140625 1 4 -20
0.00194838 1.5 3.5 -20
0.00146988 1 4 -19.5
0.00134295 1 4 -19
0.00196875 1.5 3.5 -19
0.000857332 1 4 -18.5
0.00127224 1.5 3.5 -18.5
0.000333467 1 4 -18
6.81056e-05 1 4 -17.5
9.84401e-05 1.5 3.5 -17.5
6.21979e-05 2 3.5 -18
0.000145698 2 3.5 -18.5
0.000194366 2 3.5 -19
0.00211892 1.5 4 -18.5
0.000191669 2 3.5 -19.5
0.00281242 1.5 4 -19
0.000172029 2 3.5 -20
0.00012794 2 3.5 -20.5
6.3877e-05 2 3.5 -21
3.11648e-05 1 4.5 -21.5
5.62596e-05 1.5 4 -21.5
0.000160933 1 4.5 -21
0.000617381 1.5 4 -21
0.000335942 1 4.5 -20.5
0.00162301 1.5 4 -20.5
0.000451634 1 4.5 -20
0.00253759 1.5 4 -20
0.000469048 1 4.5 -19.5
0.00282303 1.5 4 -19.5
0.000427067 1 4.5 -19
0.00027334 1 4.5 -18.5
0.000110223 1 4.5 -18
0.000958953 1.5 4 -18
2.00569e-05 1 4.5 -17.5
0.000206172 1.5 4 -17.5
2.80109e-05 1.5 4 -17
7.56664e-05 2 4 -17.5
0.000332885 2 4 -18
0.000700362 2 4 -18.5
0.000858638 2 4 -19
0.000837796 2 4 -19.5
0.000719222 2 4 -20
0.00265378 1.5 4.5 -19.5
0.0004659 2 4 -20.5
0.000182177 2 4 -21
3.06762e-05 1.5 4.5 -21.5
2.73358e-05 1 5 -21
0.000450627 1.5 4.5 -21
4.72572e-05 1 5 -20.5
0.00142587 1.5 4.5 -20.5
5.27609e-05 1 5 -20
0.00233397 1.5 4.5 -20
5.0222e-05 1 5 -19.5
3.05055e-05 1 5 -19
0.00265838 1.5 4.5 -19
0.00208534 1.5 4.5 -18.5
0.0010833 1.5 4.5 -18
0.000340175 1.5 4.5 -17.5
5.22983e-05 1.5 4.5 -17
0.000241219 2 4.5 -17.5
0.00145988 2 4.5 -18.5
0.00168096 2 4.5 -19
0.00165494 2 4.5 -19.5
0.000849281 2 4.5 -20.5
0.000218797 2 4.5 -21
0.000236464 1.5 5 -21
0.00092157 1.5 5 -20.5
0.00163174 1.5 5 -20
0.00145901 2 4.5 -20
0.00184193 1.5 5 -19.5
0.00182773 1.5 5 -19
0.00151674 1.5 5 -18.5
0.000854696 1.5 5 -18
0.00078939 2 4.5 -18
0.000293886 1.5 5 -17.5
4.90832e-05 1.5 5 -17
3.70106e-05 2 4.5 -17
2.46966e-05 2.5 4.5 -17.5
7.29744e-05 2.5 4.5 -18
0.000118165 2.5 4.5 -18.5
0.0014518 2 5 -18
0.000121153 2.5 4.5 -19
0.000114673 2.5 4.5 -19.5
0.00250359 2 5 -19
9.45396e-05 2.5 4.5 -20
5.83098e-05 2.5 4.5 -20.5
2.38583e-05 2.5 4.5 -21
9.85275e-05 1.5 5.5 -21
0.000183185 2 5 -21
0.000413249 1.5 5.5 -20.5
0.000838034 2 5 -20.5
0.000763511 1.5 5.5 -20
0.00168481 2 5 -20
0.000860892 1.5 5.5 -19.5
0.00235639 2 5 -19.5
0.000840414 1.5 5.5 -19
0.000677342 1.5 5.5 -18.5
0.00236695 2 5 -18.5
0.00038738 1.5 5.5 -18
0.000147451 1.5 5.5 -17.5
0.000514723 2 5 -17.5
2.78258e-05 1.5 5.5 -17
9.26885e-05 2 5 -17
3.0099e-05 2.5 5 -17
0.000164498 2.5 5 -17.5
0.000445941 2.5 5 -18
0.000655034 2.5 5 -18.5
0.000660001 2.5 5 -19
0.0024268 2 5.5 -18.5
0.000602638 2.5 5 -19.5
0.000431941 2.5 5 -20
0.00230606 2 5.5 -19.5
0.00020288 2.5 5 -20.5
3.56961e-05 2.5 5 -21
0.000693474 2 5.5 -20.5
0.000104708 2 5.5 -21
2.97514e-05 1.5 6 -21
0.000123185 1.5 6 -20.5
0.000220767 1.5 6 -20
0.00158832 2 5.5 -20
0.000253426 1.5 6 -19.5
0.000243742 1.5 6 -19
0.00248935 2 5.5 -19
0.000196981 1.5 6 -18.5
0.000118978 1.5 6 -18
0.00182844 2 5.5 -18
5.13063e-05 1.5 6 -17.5
0.000891012 2 5.5 -17.5
0.000236143 2 5.5 -17
3.0012e-05 2 5.5 -16.5
0.000140191 2.5 5.5 -17
0.00112324 2.5 5.5 -18
0.00140605 2.5 5.5 -18.5
0.00162986 2 6 -18
0.00122806 2.5 5.5 -19.5
0.00214532 2 6 -19
0.000827902 2.5 5.5 -20
0.000310405 2.5 5.5 -20.5
3.18364e-05 2.5 5.5 -21
4.36758e-05 2 6 -21
0.000424716 2 6 -20.5
0.00118804 2 6 -20
0.00189233 2 6 -19.5
0.00138668 2.5 5.5 -19
0.00212796 2 6 -18.5
0.000821583 2 6 -17.5
0.000548451 2.5 5.5 -17.5
0.000250666 2 6 -17
4.26358e-05 2 6 -16.5
4.58149e-05 3 5.5 -17.5
8.00282e-05 3 5.5 -18
0.00109168 2.5 6 -17.5
8.28532e-05 3 5.5 -18.5
7.56971e-05 3 5.5 -19
6.11125e-05 3 5.5 -19.5
0.00198949 2.5 6 -19
4.24436e-05 3 5.5 -20
0.000915373 2.5 6 -20
2.27287e-05 2.5 6 -21
0.000183113 2 6.5 -20.5
0.000280228 2.5 6 -20.5
0.000609005 2 6.5 -20
0.00106394 2 6.5 -19.5
0.00166223 2.5 6 -19.5
0.00126912 2 6.5 -19
0.00126024 2 6.5 -18.5
0.00197996 2.5 6 -18.5
0.000972908 2 6.5 -18
0.00175392 2.5 6 -18
0.000510103 2 6.5 -17.5
0.000177849 2 6.5 -17
0.00036085 2.5 6 -17
3.29121e-05 2 6.5 -16.5
5.39388e-05 2.5 6 -16.5
0.000111298 3 6 -17
0.00032271 3 6 -17.5
0.00078505 2.5 6.5 -17
0.000209453 2 7 -17.5
0.00049513 3 6 -18.5
0.000462141 3 6 -19
0.000475371 2 7 -18.5
0.000328651 3 6 -19.5
0.000159552 3 6 -20
4.20764e-05 3 6 -20.5
5.15166e-05 2 7 -20.5
0.000176694 2.5 6.5 -20.5
0.000214933 2 7 -20
0.000798049 2.5 6.5 -20
0.000397942 2 7 -19.5
0.00160091 2.5 6.5 -19.5
0.000479788 2 7 -19
0.0021283 2.5 6.5 -19
0.00230139 2.5 6.5 -18.5
0.000371968 2 7 -18
0.00221576 2.5 6.5 -18
0.000493128 3 6 -18
0.00164321 2.5 6.5 -17.5
8.80444e-05 2 7 -17
0.000188109 2.5 6.5 -16.5
0.000467432 3 6.5 -17
0.000281387 2.5 7 -16.5
0.000937942 3 6.5 -17.5
0.00115718 3 6.5 -18
0.00113406 3 6.5 -18.5
0.00100051 3 6.5 -19
0.000698683 3 6.5 -19.5
0.000302625 3 6.5 -20
4.63779e-05 3 6.5 -20.5
7.88876e-05 2.5 7 -20.5
3.65458e-05 2 7.5 -20
0.000518703 2.5 7 -20
9.37584e-05 2 7.5 -19.5
0.00126541 2.5 7 -19.5
0.000121779 2 7.5 -19
0.00191263 2.5 7 -19
0.000120616 2 7.5 -18.5
0.0021205 2.5 7 -18.5
9.43802e-05 2 7.5 -18
0.00207321 2.5 7 -18
5.84329e-05 2 7.5 -17.5
0.0016057 2.5 7 -17.5
2.70381e-05 2 7.5 -17
0.000867694 2.5 7 -17
0.000112122 3 6.5 -16.5
5.15233e-05 2.5 7 -16
3.90376e-05 3.5 6.5 -17
0.000336335 3 7 -16.5
6.2261e-05 3.5 6.5 -17.5
6.00453e-05 3.5 6.5 -18
4.88498e-05 3.5 6.5 -18.5
0.00174306 3 7 -18
3.3555e-05 3.5 6.5 -19
0.00147042 3 7 -19
0.000292733 3 7 -20
2.26157e-05 2.5 7.5 -20.5
3.2946e-05 3 7 -20.5
0.000238914 2.5 7.5 -20
0.000751557 2.5 7.5 -19.5
0.000845622 3 7 -19.5
0.0012703 2.5 7.5 -19
0.00144017 2.5 7.5 -18.5
0.00175114 3 7 -18.5
0.0014265 2.5 7.5 -18
0.00117982 2.5 7.5 -17.5
0.00149945 3 7 -17.5
0.00069749 2.5 7.5 -17
0.000891008 3 7 -17
0.000234353 2.5 7.5 -16.5
4.54934e-05 2.5 7.5 -16
5.15027e-05 3 7 -16
2.13811e-05 3.5 7 -16
0.00010716 3.5 7 -16.5
0.000271047 3.5 7 -17
0.000383178 3.5 7 -17.5
0.0014609 3 7.5 -17
0.000133966 2.5 8 -16.5
0.000566239 2.5 8 -17.5
0.000365768 3.5 7 -18
0.000323503 3.5 7 -18.5
0.00069099 2.5 8 -18.5
0.00021485 3.5 7 -19
0.000106969 3.5 7 -19.5
3.11338e-05 3.5 7 -20
0.000303261 2.5 8 -19.5
6.63753e-05 2.5 8 -20
0.000202932 3 7.5 -20
0.000728208 3 7.5 -19.5
0.000582783 2.5 8 -19
0.00141534 3 7.5 -19
0.00193263 3 7.5 -18.5
0.000676916 2.5 8 -18
0.00210761 3 7.5 -18
0.00199614 3 7.5 -17.5
0.000354825 2.5 8 -17
0.000732078 3 7.5 -16.5
3.15181e-05 2.5 8 -16
0.000192733 3 7.5 -16
0.000130229 3.5 7.5 -16
6.0221e-05 2.5 8.5 -16.5
0.000790419 3.5 7.5 -17
0.000948849 3.5 7.5 -17.5
0.000923534 3.5 7.5 -18
0.000183605 2.5 8.5 -17.5
0.000788192 3.5 7.5 -18.5
0.000531971 3.5 7.5 -19
0.000239492 3.5 7.5 -19.5
4.25881e-05 3.5 7.5 -20
9.24098e-05 3 8 -20
5.60093e-05 2.5 8.5 -19.5
0.00049631 3 8 -19.5
0.000162301 2.5 8.5 -19
0.00114896 3 8 -19
0.000219021 2.5 8.5 -18.5
0.00176184 3 8 -18.5
0.000218198 2.5 8.5 -18
0.00199242 3 8 -18
0.00194458 3 8 -17.5
0.000122316 2.5 8.5 -17
0.00153707 3 8 -17
0.000953595 3 8 -16.5
0.000445332 3.5 7.5 -16.5
0.000397176 3 8 -16
8.44972e-05 3 8 -15.5
8.61087e-05 3 8.5 -15.5
3.93945e-05 4 7.5 -16.5
5.21878e-05 4 7.5 -17
0.000870898 3.5 8 -16.5
3.51687e-05 4 7.5 -17.5
2.42465e-05 4 7.5 -18
2.04265e-05 2.5 9 -17.5
3.05947e-05 2.5 9 -18
2.31019e-05 2.5 9 -18.5
0.000678734 3.5 8 -19
3.36356e-05 3.5 8 -20
2.29593e-05 3 8.5 -20
0.00023544 3 8.5 -19.5
0.000240726 3.5 8 -19.5
0.000713436 3 8.5 -19
0.00126629 3 8.5 -18.5
0.0011963 3.5 8 -18.5
0.00154902 3 8.5 -18
0.00153776 3.5 8 -18
0.00150182 3 8.5 -17.5
0.00153245 3.5 8 -17.5
0.00124752 3 8.5 -17
0.00132261 3.5 8 -17
0.000809919 3 8.5 -16.5
0.000372144 3 8.5 -16
0.000374854 3.5 8 -16
8.86319e-05 3.5 8 -15.5
3.77155e-05 4 8 -15.5
7.22979e-05 3 9 -15.5
0.000126231 4 8 -16
0.000285636 3.5 8.5 -15.5
0.00025179 4 8 -16.5
0.000239255 3 9 -16
0.000306126 4 8 -17
0.000700298 3 9 -17
0.000218795 4 8 -18
0.000138637 4 8 -18.5
6.6638e-05 4 8 -19
0.00116007 3.5 8.5 -18.5
0.000836766 3 9 -18
5.88947e-05 3 9 -19.5
0.000176607 3.5 8.5 -19.5
0.00029234 3 9 -19
0.00059674 3.5 8.5 -19
0.000618154 3 9 -18.5
0.00156272 3.5 8.5 -18
0.000820072 3 9 -17.5
0.00184795 3.5 8.5 -17.5
0.000269854 4 8 -17.5
0.00179741 3.5 8.5 -17
0.000488258 3 9 -16.5
0.0013999 3.5 8.5 -16.5
0.000767426 3.5 8.5 -16
5.52334e-05 3.5 8.5 -15
2.49914e-05 3.5 9 -14.5
0.000550493 3.5 9 -15.5
0.000196608 4 8.5 -15.5
4.43325e-05 3 9.5 -15.5
0.000109629 3 9.5 -16
0.000712953 4 8.5 -16.5
0.000198758 3 9.5 -16.5
0.000794306 4 8.5 -17
0.000741044 4 8.5 -17.5
0.000258079 3 9.5 -17
0.000295307 3 9.5 -17.5
0.000590688 4 8.5 -18
0.000183986 3 9.5 -18.5
0.000152608 4 8.5 -19
0.000943572 3.5 9 -18.5
2.85828e-05 4 8.5 -19.5
7.65217e-05 3.5 9 -19.5
4.74997e-05 3 9.5 -19
0.000396868 3.5 9 -19
0.00029842 3 9.5 -18
0.000363449 4 8.5 -18.5
0.0014562 3.5 9 -18
0.00175454 3.5 9 -17.5
0.0017707 3.5 9 -17
0.00150123 3.5 9 -16.5
0.00106293 3.5 9 -16
0.000464378 4 8.5 -16
0.000186172 3.5 9 -15
4.33851e-05 4 8.5 -15
0.000186791 4 9 -15
0.000194194 3.5 9.5 -15
4.31577e-05 4.5 8.5 -16
3.83409e-05 4.5 8.5 -16.5
3.85405e-05 3 10 -16
0.00121424 4 9 -16.5
0.000928971 3.5 9.5 -16
5.79526e-05 3 10 -16.5
6.63617e-05 3 10 -17
0.00139374 3.5 9.5 -17.5
0.00121961 4 9 -17.5
6.96648e-05 3 10 -17.5
0.000567326 3.5 9.5 -18.5
4.43482e-05 3 10 -18
0.000482486 4 9 -18.5
2.17551e-05 4 9 -19.5
0.000175683 3.5 9.5 -19
0.000158975 4 9 -19
0.00105791 3.5 9.5 -18
0.000888845 4 9 -18
0.00149112 3.5 9.5 -17
0.00137044 4 9 -17
0.00129543 3.5 9.5 -16.5
0.000903978 4 9 -16
0.000525149 3.5 9.5 -15.5
0.00050238 4 9 -15.5
2.85e-05 4.5 8.5 -15.5
4.48127e-05 3.5 9.5 -14.5
3.86244e-05 4 9 -14.5
2.54298e-05 4 9.5 -14
4.26555e-05 3.5 10 -14.5
7.77108e-05 4.5 9 -15
0.00014829 3.5 10 -15
0.000166383 4.5 9 -15.5
0.000462941 4 9.5 -15
0.00036849 3.5 10 -15.5
0.000604234 3.5 10 -16
0.000247076 4.5 9 -16.5
0.00137371 4 9.5 -16
8.41032e-05 4.5 9 -18
2.68628e-05 4.5 9 -18.5
2.86296e-05 3.5 10 -19
0.000115875 4 9.5 -19
0.000217682 3.5 10 -18.5
0.000418425 4 9.5 -18.5
0.000510402 3.5 10 -18
0.000861233 4 9.5 -18
0.000777691 3.5 10 -17.5
0.00124789 4 9.5 -17.5
0.00088479 3.5 10 -17
0.00014723 4.5 9 -17.5
0.0014763 4 9.5 -17
0.000809631 3.5 10 -16.5
0.000198227 4.5 9 -17
0.00156812 4 9.5 -16.5
0.000236354 4.5 9 -16
0.000927985 4 9.5 -15.5
0.000158795 4 9.5 -14.5
2.33888e-05 4.5 9 -14.5
0.000368829 4 10 -14.5
0.000127862 4.5 9.5 -14.5
3.22739e-05 3.5 10.5 -14.5
0.000746871 4 10 -15
8.70494e-05 3.5 10.5 -15
0.00017151 3.5 10.5 -15.5
0.000644854 4.5 9.5 -16
0.000267452 3.5 10.5 -16
0.000334756 3.5 10.5 -16.5
0.000364322 3.5 10.5 -17
0.00028823 3.5 10.5 -17.5
7.5495e-05 4.5 9.5 -18.5
4.41516e-05 4 10 -19
2.3667e-05 3.5 10.5 -18.5
0.000255269 4 10 -18.5
0.000144174 3.5 10.5 -18
0.000668564 4 10 -18
0.000219199 4.5 9.5 -18
0.00112625 4 10 -17.5
0.000394178 4.5 9.5 -17.5
0.00141188 4 10 -17
0.000552705 4.5 9.5 -17
0.00154018 4 10 -16.5
0.000661067 4.5 9.5 -16.5
0.00141368 4 10 -16
0.00115725 4 10 -15.5
0.000523546 4.5 9.5 -15.5
0.000313767 4.5 9.5 -15
0.000108345 4 10 -14
2.76081e-05 4.5 9.5 -14
2.97048e-05 4 10.5 -13.5
0.000131432 4 10.5 -14
2.86211e-05 5 9.5 -14.5
0.00036736 4 10.5 -14.5
0.000689395 4 10.5 -15
4.08176e-05 5 9.5 -15.5
3.82269e-05 3.5 11 -15
2.56756e-05 5 9.5 -16
0.00102909 4 10.5 -15.5
6.24331e-05 3.5 11 -15.5
7.80286e-05 3.5 11 -16
8.69107e-05 3.5 11 -16.5
7.94997e-05 3.5 11 -17
3.52229e-05 3.5 11 -17.5
9.7848e-05 4 10.5 -18.5
8.92241e-05 4.5 10 -18.5
0.000366009 4 10.5 -18
0.000294057 4.5 10 -18
0.000767021 4 10.5 -17.5
0.000593842 4.5 10 -17.5
0.00112038 4 10.5 -17
0.000885724 4.5 10 -17
0.00130556 4 10.5 -16.5
0.0010881 4.5 10 -16.5
0.00127588 4 10.5 -16
0.00112286 4.5 10 -16
0.000947962 4.5 10 -15.5
0.000659898 4.5 10 -15
4.02116e-05 5 9.5 -15
0.000353292 4.5 10 -14.5
0.000142918 4.5 10 -14
2.8779e-05 4.5 10 -13.5
2.8023e-05 4.5 10.5 -13
0.000135673 4.5 10.5 -13.5
3.05994e-05 4 11 -13.5
0.000113328 4 11 -14
0.000144562 5 10 -14.5
0.000279814 4 11 -14.5
0.00020604 5 10 -15
0.000486902 4 11 -15
0.00068811 4 11 -15.5
0.000810449 4 11 -16
0.000141507 5 10 -16.5
0.000765671 4 11 -16.5
8.56389e-05 5 10 -17
6.00251e-05 4.5 10.5 -18.5
0.000110763 4 11 -18
0.000241991 4.5 10.5 -18
0.00033931 4 11 -17.5
0.000559599 4.5 10.5 -17.5
0.000598788 4 11 -17
3.42998e-05 5 10 -17.5
0.000895264 4.5 10.5 -17
0.00115809 4.5 10.5 -16.5
0.0012843 4.5 10.5 -16
0.000203157 5 10 -16
0.00127201 4.5 10.5 -15.5
0.00022874 5 10 -15.5
0.00107029 4.5 10.5 -15
0.000688892 4.5 10.5 -14.5
0.000358587 4.5 10.5 -14
7.17108e-05 5 10 -14
2.31461e-05 5 10 -13.5
9.51694e-05 4.5 11 -13
0.000274876 4.5 11 -13.5
2.60305e-05 4 11.5 -13.5
0.000580506 4.5 11 -14
6.82832e-05 4 11.5 -14
0.000899149 4.5 11 -14.5
0.000152026 4 11.5 -14.5
0.00113404 4.5 11 -15
0.000236282 4 11.5 -15
0.000310623 4 11.5 -15.5
0.000352037 4 11.5 -16
0.000300407 4 11.5 -16.5
0.000187762 4 11.5 -17
5.7701e-05 4 11.5 -17.5
0.000128103 4.5 11 -18
3.08995e-05 5 10.5 -18
0.000387617 4.5 11 -17.5
0.000103152 5 10.5 -17.5
0.000752855 4.5 11 -17
0.000228193 5 10.5 -17
0.00106681 4.5 11 -16.5
0.000372637 5 10.5 -16.5
0.0012418 4.5 11 -16
0.000511518 5 10.5 -16
0.00126731 4.5 11 -15.5
0.000583272 5 10.5 -15.5
0.000544873 5 10.5 -15
0.000433352 5 10.5 -14.5
0.000274352 5 10.5 -14
0.000119628 5 10.5 -13.5
3.13923e-05 5 10.5 -13
2.95372e-05 4.5 11.5 -12.5
0.000105757 4.5 11.5 -13
0.00027402 4.5 11.5 -13.5
0.000537411 4.5 11.5 -14
3.33105e-05 4 12 -14
0.000809913 4.5 11.5 -14.5
5.69559e-05 4 12 -14.5
0.00103169 4.5 11.5 -15
7.6785e-05 4 12 -15
0.00110851 4.5 11.5 -15.5
8.89381e-05 4 12 -15.5
0.001004 4.5 11.5 -16
8.20479e-05 4 12 -16
4.38998e-05 4 12 -16.5
3.23844e-05 4.5 11.5 -18
3.79653e-05 5 11 -18
0.000174568 4.5 11.5 -17.5
0.00014438 5 11 -17.5
0.000449372 4.5 11.5 -17
0.000341565 5 11 -17
0.000761402 4.5 11.5 -16.5
0.000579739 5 11 -16.5
0.000797155 5 11 -16
0.000944636 5 11 -15.5
0.000922877 5 11 -15
3.28741e-05 5.5 10.5 -15
0.000776141 5 11 -14.5
4.89978e-05 5.5 10.5 -14.5
0.000543043 5 11 -14
4.58412e-05 5.5 10.5 -14
0.000328938 5 11 -13.5
3.55677e-05 5.5 10.5 -13.5
0.000151175 5 11 -13
4.09521e-05 5 11 -12.5
4.74713e-05 5 11.5 -12
0.000162459 5 11.5 -12.5
3.04449e-05 4.5 12 -12.5
9.3457e-05 4.5 12 -13
0.000158655 5.5 11 -13.5
0.000211748 4.5 12 -13.5
0.000205116 5.5 11 -14
0.000381681 4.5 12 -14
0.0002272 5.5 11 -14.5
0.000554024 4.5 12 -14.5
0.000202812 5.5 11 -15
0.000660516 4.5 12 -15
0.000137108 5.5 11 -15.5
0.000659405 4.5 12 -15.5
0.00054418 4.5 12 -16
0.000352323 4.5 12 -16.5
0.000153217 4.5 12 -17
2.4662e-05 4.5 12 -17.5
0.00010926 5 11.5 -17.5
0.000302269 5 11.5 -17
0.000558215 5 11.5 -16.5
3.50218e-05 5.5 11 -16.5
0.000805981 5 11.5 -16
8.44917e-05 5.5 11 -16
0.000987423 5 11.5 -15.5
0.00104439 5 11.5 -15
0.00102806 5 11.5 -14.5
0.000867078 5 11.5 -14
0.000599716 5 11.5 -13.5
0.000349291 5 11.5 -13
2.8364e-05 5 12 -11.5
0.000107048 5 12 -12
0.000252277 5 12 -12.5
2.50993e-05 4.5 12.5 -12.5
0.00047844 5 12 -13
5.71429e-05 4.5 12.5 -13
0.000713403 5 12 -13.5
0.000118331 4.5 12.5 -13.5
0.000900844 5 12 -14
0.000184833 4.5 12.5 -14
0.00101388 5 12 -14.5
0.000250766 4.5 12.5 -14.5
0.00100869 5 12 -15
0.000287782 4.5 12.5 -15
0.000250883 4.5 12.5 -15.5
0.000215303 5.5 11.5 -16
0.000167761 4.5 12.5 -16
6.23149e-05 4.5 12.5 -16.5
4.3608e-05 5.5 11.5 -17
4.46412e-05 5 12 -17.5
0.000175641 5 12 -17
0.000404891 5 12 -16.5
0.000109658 5.5 11.5 -16.5
0.000680546 5 12 -16
0.00090444 5 12 -15.5
0.000337192 5.5 11.5 -15.5
0.000460666 5.5 11.5 -15
0.000518675 5.5 11.5 -14.5
0.000487127 5.5 11.5 -14
0.000411853 5.5 11.5 -13.5
0.000287061 5.5 11.5 -13
3.60731e-05 5 12.5 -11.5
3.36619e-05 6 11.5 -12
0.000105447 5 12.5 -12
0.000350745 5.5 12 -12.5
5.19146e-05 6 11.5 -12.5
0.000238156 5 12.5 -12.5
0.000504839 5.5 12 -13
0.000424193 5 12.5 -13
2.59867e-05 4.5 13 -13
0.000618397 5 12.5 -13.5
4.42363e-05 4.5 13 -13.5
0.000800959 5 12.5 -14
5.71811e-05 4.5 13 -14
0.000869926 5 12.5 -14.5
6.49619e-05 4.5 13 -14.5
0.000800928 5 12.5 -15
5.89045e-05 4.5 13 -15
0.000629306 5 12.5 -15.5
2.45874e-05 4.5 13 -15.5
0.000404341 5 12.5 -16
5.32682e-05 5 12.5 -17
5.71802e-05 5.5 12 -17
0.000189253 5 12.5 -16.5
0.000158214 5.5 12 -16.5
0.000318165 5.5 12 -16
0.000503656 5.5 12 -15.5
0.000671504 5.5 12 -15
0.000791433 5.5 12 -14.5
0.000772761 5.5 12 -14
4.41166e-05 6 11.5 -14
0.000662453 5.5 12 -13.5
6.00212e-05 6 11.5 -13.5
6.07183e-05 6 11.5 -13
0.000197507 5.5 12 -12
8.58178e-05 5.5 12 -11.5
2.31056e-05 5.5 12.5 -10.5
8.94383e-05 5.5 12.5 -11
0.000217586 5.5 12.5 -11.5
3.28712e-05 5 13 -11.5
0.00037397 5.5 12.5 -12
8.4767e-05 5 13 -12
0.000549019 5.5 12.5 -12.5
0.000170238 5 13 -12.5
0.000284098 5 13 -13
0.000240846 6 12 -13.5
0.00040278 5 13 -13.5
0.000203873 6 12 -14
0.000476291 5 13 -14
0.000133188 6 12 -14.5
0.000494181 5 13 -14.5
0.000407663 5 13 -15
0.000270737 5 13 -15.5
0.00012922 5 13 -16
2.50696e-05 5 13 -16.5
3.31587e-05 5.5 12.5 -17
0.000120664 5.5 12.5 -16.5
0.000279084 5.5 12.5 -16
0.000474915 5.5 12.5 -15.5
3.44236e-05 6 12 -15.5
0.000659702 5.5 12.5 -15
8.33979e-05 6 12 -15
0.000790172 5.5 12.5 -14.5
0.000828215 5.5 12.5 -14
0.000814664 5.5 12.5 -13.5
0.000715379 5.5 12.5 -13
5.96809e-05 6 12.5 -10.5
4.21472e-05 5.5 13 -10.5
0.000123759 6 12.5 -11
0.000115093 5.5 13 -11
0.000228142 5.5 13 -11.5
0.000381625 5.5 13 -12
4.57514e-05 5 13.5 -12
0.00056738 5.5 13 -12.5
8.59576e-05 5 13.5 -12.5
0.000705892 5.5 13 -13
0.000130956 5 13.5 -13
0.000776028 5.5 13 -13.5
0.000167042 5 13.5 -13.5
0.000775534 5.5 13 -14
0.000186785 5 13.5 -14
0.000161315 5 13.5 -14.5
0.000195396 6 12.5 -15
9.9234e-05 5 13.5 -15
0.000104914 6 12.5 -15.5
3.31018e-05 5 13.5 -15.5
4.61353e-05 6 12.5 -16
5.03335e-05 5.5 13 -16.5
0.000158632 5.5 13 -16
0.00033081 5.5 13 -15.5
0.000526024 5.5 13 -15
0.000691061 5.5 13 -14.5
0.000300342 6 12.5 -14.5
0.000409419 6 12.5 -14
2.59343e-05 6 13 -9.5
0.00046782 6 12.5 -13.5
0.000453198 6 12.5 -13
7.92311e-05 6 13 -10
4.04198e-05 5.5 13.5 -10.5
7.34636e-05 6.5 12.5 -11
0.000155162 6 13 -10.5
0.000103854 5.5 13.5 -11
9.01517e-05 6.5 12.5 -11.5
0.000201033 5.5 13.5 -11.5
9.50084e-05 6.5 12.5 -12
0.000328079 5.5 13.5 -12
7.89483e-05 6.5 12.5 -12.5
0.000459903 5.5 13.5 -12.5
0.000565022 5.5 13.5 -13
2.8353e-05 5 14 -13
0.000612976 5.5 13.5 -13.5
2.88054e-05 5 14 -13.5
0.000554036 5.5 13.5 -14
0.000435354 5.5 13.5 -14.5
0.000283828 5.5 13.5 -15
0.000137537 5.5 13.5 -15.5
3.75499e-05 5.5 13.5 -16
5.36607e-05 6 13 -16
0.000134015 6 13 -15.5
0.000254819 6 13 -15
0.000397247 6 13 -14.5
0.000529651 6 13 -14
0.000623351 6 13 -13.5
3.71113e-05 6.5 12.5 -13.5
0.000633661 6 13 -13
6.15626e-05 6.5 12.5 -13
5.12098e-05 6 13.5 -9.5
4.59794e-05 6.5 13 -9.5
0.000574761 6 13 -12.5
0.000497112 6 13 -12
0.000117517 6 13.5 -10
8.51161e-05 6.5 13 -10
0.000219685 6 13.5 -10.5
3.02967e-05 5.5 14 -10.5
0.000345914 6 13.5 -11
6.36123e-05 5.5 14 -11
0.000457496 6 13.5 -11.5
0.000126158 5.5 14 -11.5
0.000549678 6 13.5 -12
0.000193412 5.5 14 -12
0.000254479 5.5 14 -12.5
0.000197513 6.5 13 -13
0.000292774 5.5 14 -13
0.00013512 6.5 13 -13.5
0.000302838 5.5 14 -13.5
7.83138e-05 6.5 13 -14
0.000236978 5.5 14 -14
0.000149793 5.5 14 -14.5
6.15701e-05 5.5 14 -15
2.46374e-05 6 13.5 -16
9.39274e-05 6 13.5 -15.5
0.000206374 6 13.5 -15
0.000346503 6 13.5 -14.5
3.57168e-05 6.5 13 -14.5
0.000480037 6 13.5 -14
2.40983e-05 6.5 13.5 -8.5
0.000581137 6 13.5 -13.5
0.000633695 6 13.5 -13
6.90445e-05 6.5 13.5 -9
0.000613476 6 13.5 -12.5
2.78222e-05 7 13 -9.5
4.93526e-05 6 14 -9.5
3.82041e-05 7 13 -10
0.00012308 6.5 13.5 -9.5
0.000187467 6.5 13.5 -10
0.000111475 6 14 -10
0.000254723 6.5 13.5 -10.5
4.26828e-05 7 13 -10.5
0.00020313 6 14 -10.5
0.000315584 6 14 -11
3.127e-05 5.5 14.5 -11
0.000429731 6 14 -11.5
5.06855e-05 5.5 14.5 -11.5
0.000507424 6 14 -12
6.77439e-05 5.5 14.5 -12
0.000549165 6 14 -12.5
8.13909e-05 5.5 14.5 -12.5
0.000531571 6 14 -13
8.141e-05 5.5 14.5 -13
0.000444783 6 14 -13.5
6.17872e-05 5.5 14.5 -13.5
2.35547e-05 5.5 14.5 -14
8.69036e-05 6.5 13.5 -14.5
3.59425e-05 6.5 13.5 -15
2.22611e-05 6 14 -15.5
0.000100305 6 14 -15
0.000210005 6 14 -14.5
0.000332043 6 14 -14
0.000164704 6.5 13.5 -14
3.89564e-05 7 13.5 -8.5
5.96216e-05 6.5 14 -8.5
0.000256471 6.5 13.5 -13.5
0.000120912 6.5 14 -9
6.58814e-05 7 13.5 -9
0.000348781 6.5 13.5 -13
0.000399185 6.5 13.5 -12.5
0.000197173 6.5 14 -9.5
9.49525e-05 7 13.5 -9.5
3.94006e-05 6 14.5 -9.5
8.39651e-05 6 14.5 -10
0.00012936 7 13.5 -10.5
0.000144097 6 14.5 -10.5
0.000123239 7 13.5 -11
0.000219614 6 14.5 -11
0.000433359 6.5 14 -11.5
0.000104009 7 13.5 -11.5
0.000292656 6 14.5 -11.5
0.000331739 6 14.5 -12
0.0003521 6 14.5 -12.5
0.000307945 6 14.5 -13
0.000231322 6 14.5 -13.5
0.000139033 6 14.5 -14
5.96266e-05 6 14.5 -14.5
3.48805e-05 6.5 14 -15
8.67162e-05 6.5 14 -14.5
0.000166464 6.5 14 -14
5.55467e-05 7 14 -8
0.000262178 6.5 14 -13.5
0.000101451 7 14 -8.5
0.00035886 6.5 14 -13
6.16807e-05 6.5 14.5 -8.5
0.000140911 7 14 -9
0.000117127 6.5 14.5 -9
0.000431677 6.5 14 -12.5
4.40936e-05 7 13.5 -12.5
0.000459172 6.5 14 -12
7.64893e-05 7 13.5 -12
0.0004056 6.5 14 -11
0.000346429 6.5 14 -10.5
0.00019056 6.5 14.5 -9.5
0.00018186 7 14 -9.5
0.000270437 6.5 14.5 -10
3.96251e-05 6 15 -10
0.000337652 6.5 14.5 -10.5
6.97536e-05 6 15 -10.5
0.000387217 6.5 14.5 -11
0.000100228 6 15 -11
0.000413658 6.5 14.5 -11.5
0.00012135 6 15 -11.5
0.00013035 6 15 -12
0.000113267 7 14 -12.5
0.000117546 6 15 -12.5
6.39858e-05 7 14 -13
8.15491e-05 6 15 -13
2.83195e-05 7 14 -13.5
3.871e-05 6 15 -13.5
5.06862e-05 6.5 14.5 -14.5
0.000116103 6.5 14.5 -14
4.49001e-05 7 14.5 -7.5
0.000200401 6.5 14.5 -13.5
0.000287304 6.5 14.5 -13
4.37728e-05 7.5 14 -8
5.84691e-05 7.5 14 -8.5
0.000105945 7 14.5 -8
0.000365896 6.5 14.5 -12.5
0.000157169 7 14.5 -8.5
0.000424237 6.5 14.5 -12
4.577e-05 6.5 15 -8.5
0.000206418 7 14.5 -9
6.67065e-05 7.5 14 -9
9.23015e-05 6.5 15 -9
0.000251925 7 14.5 -9.5
0.00014531 6.5 15 -9.5
0.000281868 7 14.5 -10
5.82617e-05 7.5 14 -10
0.000208313 6.5 15 -10
0.000304116 7 14.5 -10.5
0.000264177 6.5 15 -10.5
0.000302314 6.5 15 -11
0.000315162 6.5 15 -11.5
0.000286291 6.5 15 -12
0.000227143 6.5 15 -12.5
0.000155212 6.5 15 -13
2.66859e-05 6.5 15 -14
8.7729e-05 6.5 15 -13.5
5.04656e-05 7 15 -7.5
6.9179e-05 7.5 14.5 -7.5
5.63056e-05 7 14.5 -13.5
0.000111769 7 14.5 -13
0.000103912 7 15 -8
0.000100977 7.5 14.5 -8
0.000158572 7 15 -8.5
0.000126337 7.5 14.5 -8.5
0.000138316 7.5 14.5 -9
4.23337e-05 6.5 15.5 -9
0.000143612 7.5 14.5 -9.5
0.00020515 7 15 -9
7.45101e-05 6.5 15.5 -9.5
0.00013166 7.5 14.5 -10
0.000248411 7 15 -9.5
0.000102757 6.5 15.5 -10
0.000103456 7.5 14.5 -10.5
0.000127699 6.5 15.5 -10.5
0.000285712 7 15 -11
7.13251e-05 7.5 14.5 -11
0.000140509 6.5 15.5 -11
0.000130634 6.5 15.5 -11.5
9.91805e-05 6.5 15.5 -12
6.06254e-05 6.5 15.5 -12.5
2.17591e-05 6.5 15.5 -13
7.07749e-05 7.5 15 -7
4.33364e-05 7 15 -13.5
0.000113895 7.5 15 -7.5
3.50996e-05 8 14.5 -7.5
4.14545e-05 7 15.5 -7.5
3.85896e-05 8 14.5 -8
9.24329e-05 7 15 -13
0.000153769 7 15 -12.5
0.000215119 7 15 -12
0.000143613 7.5 15 -8
8.09675e-05 7 15.5 -8
0.000163719 7.5 15 -8.5
3.02072e-05 8 14.5 -8.5
0.000120677 7 15.5 -8.5
0.000262124 7 15 -11.5
4.25514e-05 7.5 14.5 -11.5
0.00016755 7 15.5 -9
0.000185681 7.5 15 -9
0.00020394 7 15.5 -9.5
0.000220755 7 15.5 -10
0.000223043 7 15.5 -10.5
8.33228e-05 7.5 15 -11.5
4.85089e-05 7.5 15 -12
2.34488e-05 8 15 -6.5
2.15822e-05 7.5 15.5 -6.5
3.58521e-05 7 15.5 -13
7.6665e-05 7 15.5 -12.5
7.24207e-05 7.5 15.5 -7
6.4223e-05 8 15 -7
0.000128404 7 15.5 -12
0.000111751 7.5 15.5 -7.5
7.90588e-05 8 15 -7.5
8.20445e-05 8 15 -8
0.00017548 7 15.5 -11.5
0.000139363 7.5 15.5 -8
2.99353e-05 7 16 -8
7.33284e-05 8 15 -8.5
5.97853e-05 7 16 -8.5
5.9915e-05 8 15 -9
0.000161684 7.5 15.5 -8.5
0.0002044 7 15.5 -11
0.000177321 7.5 15.5 -9
7.97152e-05 7 16 -9
0.000184822 7.5 15.5 -9.5
4.22021e-05 8 15 -9.5
9.46692e-05 7 16 -9.5
0.000101092 7 16 -10
0.000177485 7.5 15.5 -10
9.56764e-05 7 16 -10.5
7.95262e-05 7 16 -11
5.43892e-05 7 16 -11.5
2.06901e-05 7 16 -12
4.76665e-05 8 15.5 -6.5
8.13275e-05 8 15.5 -7
4.88572e-05 7.5 16 -7
7.89682e-05 7.5 16 -7.5
9.89832e-05 8 15.5 -7.5
0.000104707 8 15.5 -8
0.000102881 7.5 16 -8
4.77508e-05 7.5 15.5 -12
8.17438e-05 7.5 15.5 -11.5
0.000120927 7.5 16 -8.5
0.000104239 8 15.5 -8.5
7.40113e-05 8 15.5 -9.5
4.93758e-05 8 15.5 -10
2.0543e-05 8 15.5 -10.5
6.77326e-05 7.5 16 -11
2.93781e-05 8 16 -6.5
2.31338e-05 8.5 15.5 -6.5
3.41175e-05 8.5 15.5 -7
6.95891e-05 8 16 -7
4.2924e-05 7.5 16 -11.5
8.5988e-05 8 16 -7.5
2.86174e-05 8.5 15.5 -7.5
2.01104e-05 7.5 16.5 -7.5
3.38062e-05 7.5 16.5 -8
9.28521e-05 8 16 -8
4.08024e-05 7.5 16.5 -8.5
4.72411e-05 7.5 16.5 -9
4.1111e-05 7.5 16.5 -9.5
3.06645e-05 8 16 -10.5
2.17547e-05 8.5 16 -6.5
2.68323e-05 7.5 16.5 -10
2.36269e-05 8 16.5 -7
3.50637e-05 8.5 16 -7
2.99356e-05 8.5 16 -8
3.85416e-05 8 16.5 -7.5
4.57934e-05 8 16.5 -8
3.90898e-05 8 16.5 -9
2.03658e-05 8 16.5 -10
2.04599e-05 8.5 16.5 -7.5
3.09628e-05 8 16.5 -9.5
4.66175e-05 8 16.5 -8.5
3.67145e-05 8.5 16 -7.5
4.83705e-05 8 16 -10
6.84978e-05 8 16 -9.5
8.44059e-05 8 16 -9
9.48987e-05 8 16 -8.5
9.51091e-05 7.5 16 -10.5
0.000120308 7.5 16 -10
0.000134106 7.5 16 -9.5
0.000130562 7.5 16 -9
9.34029e-05 8 15.5 -9
0.000118011 7.5 15.5 -11
0.000152998 7.5 15.5 -10.5
0.000125379 7.5 15 -11
0.000161477 7.5 15 -10.5
0.000185934 7.5 15 -10
0.000195444 7.5 15 -9.5
0.000291594 7 15 -10.5
0.000279742 7 15 -10
0.000175041 7 14.5 -12.5
0.000236181 7 14.5 -12
0.000280825 7 14.5 -11.5
0.000310884 7 14.5 -11
3.93371e-05 7.5 14 -10.5
6.83718e-05 7.5 14 -9.5
0.000166605 7 14 -12
0.000210909 7 14 -11.5
0.000235504 7 14 -11
0.000237417 7 14 -10.5
0.000221427 7 14 -10
0.000271878 6.5 14 -10
0.00011722 7 13.5 -10
0.000415891 6.5 13.5 -12
0.000389478 6.5 13.5 -11.5
0.000321346 6.5 13.5 -11
3.5544e-05 7 13 -11
0.000239752 6.5 13 -12.5
0.000250087 6.5 13 -12
0.000231733 6.5 13 -11.5
0.000193894 6.5 13 -11
0.000139895 6.5 13 -10.5
0.000377181 6 13 -11.5
0.00025504 6 13 -11
4.4633e-05 6.5 12.5 -10.5
0.00040918 6 12.5 -12.5
0.000315722 6 12.5 -12
2.17007e-05 6.5 12 -12
0.000206775 6 12.5 -11.5
2.287e-05 6.5 12 -11.5
0.000227065 6 12 -13
0.000191267 6 12 -12.5
0.000136635 6 12 -12
7.75236e-05 6 12 -11.5
3.19662e-05 6 12 -11
2.42386e-05 5.5 12 -11
0.000154464 5.5 11.5 -12.5
6.20099e-05 5.5 11.5 -12
9.19733e-05 5.5 11 -13
3.58105e-05 5.5 11 -12.5
