0.852191
2.45003e-05 -5 -10.5 -20
3.10296e-05 -5 -10.5 -19.5
2.7844e-05 -5 -10.5 -19
2.72285e-05 -4.5 -10 -22
7.29721e-05 -4.5 -10 -21.5
0.000134839 -4.5 -10 -21
0.000186223 -4.5 -10 -20.5
0.000182434 -4.5 -10 -20
0.000143212 -4.5 -10 -19.5
7.3641e-05 -4.5 -10 -19
0.000112183 -5 -11 -19
0.000127495 -5 -11 -19.5
6.96686e-05 -5 -11 -20.5
3.68788e-05 -5 -11 -21
4.46414e-05 -4.5 -10.5 -22
0.000137694 -4.5 -10.5 -21.5
0.00025468 -4.5 -10.5 -21
0.000342993 -4.5 -10.5 -20.5
0.000113013 -5 -11 -20
0.000358788 -4.5 -10.5 -20
0.000315307 -4.5 -10.5 -19.5
0.000198819 -4.5 -10.5 -19
7.49146e-05 -5 -11 -18.5
7.49351e-05 -4.5 -10.5 -18.5
2.84501e-05 -5 -11 -18
0.000160335 -4 -10 -19
5.48237e-05 -4 -10 -22.5
0.00020447 -4 -10 -22
2.34112e-05 -4.5 -9.5 -21.5
0.000419328 -4 -10 -21.5
3.99292e-05 -4.5 -9.5 -21
0.000589597 -4 -10 -21
4.94188e-05 -4.5 -9.5 -20.5
0.000639893 -4 -10 -20.5
4.95173e-05 -4.5 -9.5 -20
0.000545896 -4 -10 -20
3.67727e-05 -4.5 -9.5 -19.5
0.000359379 -4 -10 -19.5
2.69679e-05 -4 -10 -18.5
7.27802e-05 -5.5 -12 -18
8.65682e-05 -5.5 -12 -18.5
6.00101e-05 -5.5 -12 -19.5
3.20344e-05 -5.5 -12 -20
7.38123e-05 -5 -11.5 -21
3.17202e-05 -4 -10.5 -22.5
4.23509e-05 -4.5 -11 -22
2.06714e-05 -5 -11.5 -21.5
0.000156455 -4 -10.5 -22
0.000138617 -4.5 -11 -21.5
0.000368421 -4 -10.5 -21.5
0.000301697 -4.5 -11 -21
0.000147285 -5 -11.5 -20.5
0.000567727 -4 -10.5 -21
0.000459189 -4.5 -11 -20.5
0.000227811 -5 -11.5 -20
0.000692042 -4 -10.5 -20.5
0.000543825 -4.5 -11 -20
0.000278978 -5 -11.5 -19.5
7.7895e-05 -5.5 -12 -19
0.000671032 -4 -10.5 -20
0.000483143 -4.5 -11 -19.5
0.000262872 -5 -11.5 -19
0.00053621 -4 -10.5 -19.5
0.000356437 -4.5 -11 -19
0.000200074 -5 -11.5 -18.5
0.000291241 -4 -10.5 -19
0.000186508 -4.5 -11 -18.5
0.000104405 -5 -11.5 -18
4.35741e-05 -5.5 -12 -17.5
9.11179e-05 -4 -10.5 -18.5
5.09045e-05 -4.5 -11 -18
2.69257e-05 -5 -11.5 -17.5
0.00012817 -3.5 -10 -19
0.000339149 -3.5 -10 -19.5
0.000564897 -3.5 -10 -20
0.000708135 -3.5 -10 -20.5
0.000716392 -3.5 -10 -21
0.00057566 -3.5 -10 -21.5
0.000326156 -3.5 -10 -22
9.58946e-05 -3.5 -10 -22.5
6.63841e-05 -4 -9.5 -22.5
0.000209822 -4 -9.5 -22
0.000371909 -4 -9.5 -21.5
0.000455942 -4 -9.5 -21
0.000472639 -4 -9.5 -20.5
0.000387562 -4 -9.5 -20
0.000209813 -4 -9.5 -19.5
5.79269e-05 -4 -9.5 -19
3.74224e-05 -6 -13 -16.5
7.1068e-05 -5.5 -12.5 -17
3.12719e-05 -3.5 -10.5 -18.5
0.000244726 -5 -12 -18
6.35838e-05 -6 -13 -17.5
0.00029888 -3.5 -10.5 -19.5
0.000369638 -5 -12 -18.5
0.000461624 -3.5 -10.5 -20
0.000535803 -3.5 -10.5 -20.5
0.000658788 -4 -11 -20
0.00052859 -3.5 -10.5 -21
0.000640886 -4 -11 -20.5
0.000386924 -3.5 -10.5 -21.5
0.000177592 -3.5 -10.5 -22
3.05102e-05 -5.5 -12.5 -20.5
3.977e-05 -3.5 -10.5 -22.5
2.16994e-05 -4 -11 -22.5
2.19909e-05 -4.5 -11.5 -22
2.46438e-05 -5 -12 -21.5
9.07891e-05 -4 -11 -22
0.000110564 -4.5 -11.5 -21.5
8.25948e-05 -5 -12 -21
0.000267949 -4 -11 -21.5
0.000269543 -4.5 -11.5 -21
0.000191959 -5 -12 -20.5
7.44948e-05 -5.5 -12.5 -20
0.000481189 -4 -11 -21
0.000442643 -4.5 -11.5 -20.5
0.000317594 -5 -12 -20
0.000130447 -5.5 -12.5 -19.5
0.00055647 -4.5 -11.5 -20
0.000422184 -5 -12 -19.5
0.000190811 -5.5 -12.5 -19
4.49712e-05 -6 -13 -18.5
0.00059659 -4.5 -11.5 -19.5
0.00042322 -5 -12 -19
0.000218804 -5.5 -12.5 -18.5
5.80183e-05 -6 -13 -18
0.000579092 -4 -11 -19.5
0.000526338 -4.5 -11.5 -19
0.000197057 -5.5 -12.5 -18
0.000409507 -4 -11 -19
0.000339142 -4.5 -11.5 -18.5
0.00013964 -5.5 -12.5 -17.5
5.64459e-05 -6 -13 -17
0.000126862 -3.5 -10.5 -19
0.000199915 -4 -11 -18.5
0.000148199 -4.5 -11.5 -18
0.000107705 -5 -12 -17.5
4.16106e-05 -4 -11 -18
2.5978e-05 -4.5 -11.5 -17.5
2.27515e-05 -5 -12 -17
5.01015e-05 -3 -10 -19.5
6.9584e-05 -3.5 -9.5 -19
0.000113731 -3 -10 -20
0.000270095 -3.5 -9.5 -19.5
7.53469e-05 -4 -9 -19.5
0.000187289 -3 -10 -20.5
0.000242536 -3 -10 -21
0.000228761 -3 -10 -21.5
0.000153536 -3 -10 -22
6.02041e-05 -3 -10 -22.5
0.000453627 -3.5 -9.5 -22
0.000219503 -4 -9 -21.5
0.000686505 -3.5 -9.5 -21.5
0.000268555 -4 -9 -21
0.000780199 -3.5 -9.5 -21
0.00017441 -3.5 -9.5 -22.5
3.27614e-05 -3.5 -9.5 -23
4.93353e-05 -4 -9 -22.5
0.000131227 -4 -9 -22
0.00026737 -4 -9 -20.5
0.000750437 -3.5 -9.5 -20.5
0.000186933 -4 -9 -20
0.000563072 -3.5 -9.5 -20
3.99366e-05 -6.5 -14 -15.5
8.16626e-05 -5.5 -13 -16.5
6.43814e-05 -6 -13.5 -16
2.84333e-05 -3.5 -11 -18.5
5.33396e-05 -6.5 -14 -16
0.000121066 -6 -13.5 -16.5
2.85788e-05 -3 -10.5 -19.5
5.74942e-05 -6.5 -14 -16.5
0.000103258 -3.5 -11 -19
0.000163774 -6 -13.5 -17
5.0587e-05 -3 -10.5 -20
0.00020879 -3.5 -11 -19.5
0.000384048 -4 -11.5 -19
7.03343e-05 -3 -10.5 -20.5
0.000283819 -3.5 -11 -20
0.000522925 -4 -11.5 -19.5
8.68709e-05 -3 -10.5 -21
0.000316709 -3.5 -11 -20.5
0.000108615 -6 -13.5 -18.5
0.000576583 -4 -11.5 -20
7.54068e-05 -3 -10.5 -21.5
0.000290233 -3.5 -11 -21
0.000494566 -4 -11.5 -20.5
3.96527e-05 -3 -10.5 -22
0.000181347 -3.5 -11 -21.5
0.000326571 -4 -11.5 -21
6.16382e-05 -3.5 -11 -22
0.000146516 -4 -11.5 -21.5
3.44345e-05 -4 -11.5 -22
3.22568e-05 -11.5 -19.5 1
2.55288e-05 -11 -19 0.5
3.33221e-05 -11.5 -19.5 0.5
3.11443e-05 -11 -19 0
3.02325e-05 -11.5 -19.5 0
3.15192e-05 -11 -19 -0.5
6.41528e-05 -4.5 -12 -21.5
6.79743e-05 -5 -12.5 -21
4.30928e-05 -5.5 -13 -20.5
0.000190086 -4.5 -12 -21
0.000172247 -5 -12.5 -20.5
0.000104612 -5.5 -13 -20
3.03777e-05 -6 -13.5 -19.5
0.000368297 -4.5 -12 -20.5
0.00030843 -5 -12.5 -20
0.000193781 -5.5 -13 -19.5
6.05208e-05 -6 -13.5 -19
0.000525252 -4.5 -12 -20
0.000434925 -5 -12.5 -19.5
0.000296688 -5.5 -13 -19
0.000594804 -4.5 -12 -19.5
0.000519054 -5 -12.5 -19
0.000356935 -5.5 -13 -18.5
0.000158901 -6 -13.5 -18
3.47393e-05 -6.5 -14 -17.5
0.000569521 -4.5 -12 -19
0.000485699 -5 -12.5 -18.5
0.000342341 -5.5 -13 -18
0.000178902 -6 -13.5 -17.5
4.7979e-05 -6.5 -14 -17
0.000470686 -4.5 -12 -18.5
0.000396434 -5 -12.5 -18
0.00029273 -5.5 -13 -17.5
0.000208102 -4 -11.5 -18.5
0.000295263 -4.5 -12 -18
0.000241172 -5 -12.5 -17.5
0.000191819 -5.5 -13 -17
8.33686e-05 -4 -11.5 -18
0.00011043 -4.5 -12 -17.5
9.82808e-05 -5 -12.5 -17
2.05716e-05 -6 -13.5 -15.5
2.87423e-05 -11 -19 -1
2.44128e-05 -11 -19 -1.5
7.30515e-05 -3 -9.5 -19.5
0.000212575 -3 -9.5 -20
0.000144969 -3.5 -9 -19.5
0.000366367 -3 -9.5 -20.5
0.000484449 -3 -9.5 -21
0.000471646 -3 -9.5 -21.5
0.000354635 -3 -9.5 -22
0.000161614 -3 -9.5 -22.5
0.000500472 -3.5 -9 -22
7.42191e-05 -4 -8.5 -21.5
0.000706434 -3.5 -9 -21.5
8.41829e-05 -4 -8.5 -21
0.000761009 -3.5 -9 -21
3.46203e-05 -3 -9.5 -23
0.000243572 -3.5 -9 -22.5
5.16409e-05 -4 -8.5 -22
8.63126e-05 -4 -8.5 -20.5
5.93814e-05 -3.5 -9 -23
2.32754e-05 -4 -8.5 -22.5
0.00067151 -3.5 -9 -20.5
5.456e-05 -4 -8.5 -20
0.00040244 -3.5 -9 -20
2.20243e-05 -7.5 -15.5 -13.5
3.19153e-05 -7 -15 -14
2.949e-05 -6.5 -14.5 -14.5
2.17297e-05 -7.5 -15.5 -14
5.24454e-05 -7 -15 -14.5
7.99421e-05 -6.5 -14.5 -15
8.56979e-05 -6 -14 -15.5
6.19877e-05 -7 -15 -15
0.00012631 -6.5 -14.5 -15.5
0.000178663 -6 -14 -16
2.28052e-05 -3.5 -11.5 -18.5
5.78952e-05 -7 -15 -15.5
8.06499e-05 -4 -12 -18
0.000151255 -6.5 -14.5 -16
5.96333e-05 -3.5 -11.5 -19
4.46386e-05 -7 -15 -16
0.000180027 -4 -12 -18.5
0.000158729 -6.5 -14.5 -16.5
0.000110025 -3.5 -11.5 -19.5
0.000295502 -4 -12 -19
0.000134624 -6.5 -14.5 -17
2.69523e-05 -7 -15 -16.5
2.11125e-05 -3 -11 -20.5
0.000128151 -3.5 -11.5 -20
0.000362576 -4 -12 -19.5
9.04499e-05 -6.5 -14.5 -17.5
2.33393e-05 -3 -11 -21
0.000129496 -3.5 -11.5 -20.5
0.000369063 -4 -12 -20
4.9927e-05 -6.5 -14.5 -18
0.000108022 -3.5 -11.5 -21
0.000276746 -4 -12 -20.5
0.000402019 -4.5 -12.5 -20
4.74458e-05 -3.5 -11.5 -21.5
0.000154405 -4 -12 -21
9.09365e-05 -5.5 -13.5 -20
4.79647e-05 -4 -12 -21.5
2.28426e-05 -11.5 -20 1
2.68444e-05 -11 -19.5 1
4.42375e-05 -11 -19.5 0.5
3.67205e-05 -11.5 -20 0.5
2.39812e-05 -4.5 -12.5 -21.5
5.12929e-05 -11 -19.5 0
2.56533e-05 -10.5 -19 -0.5
3.83677e-05 -5 -13 -21
3.57502e-05 -5.5 -13.5 -20.5
9.98359e-05 -4.5 -12.5 -21
0.000113227 -5 -13 -20.5
4.60795e-05 -6 -14 -19.5
0.000239828 -4.5 -12.5 -20.5
0.000241141 -5 -13 -20
0.00018545 -5.5 -13.5 -19.5
9.97169e-05 -6 -14 -19
2.3758e-05 -6.5 -14.5 -18.5
0.000387891 -5 -13 -19.5
0.000300651 -5.5 -13.5 -19
0.000175936 -6 -14 -18.5
0.000522577 -4.5 -12.5 -19.5
0.000507522 -5 -13 -19
0.000416697 -5.5 -13.5 -18.5
0.000261015 -6 -14 -18
0.000536118 -4.5 -12.5 -19
0.000546106 -5 -13 -18.5
0.000458208 -5.5 -13.5 -18
0.000307961 -6 -14 -17.5
0.000468361 -4.5 -12.5 -18.5
0.000501749 -5 -13 -18
0.000413133 -5.5 -13.5 -17.5
0.000297075 -6 -14 -17
0.000308134 -4.5 -12.5 -18
0.000381947 -5 -13 -17.5
0.000327026 -5.5 -13.5 -17
0.000259104 -6 -14 -16.5
0.000168491 -4.5 -12.5 -17.5
0.000218727 -5 -13 -17
0.000205822 -5.5 -13.5 -16.5
5.36916e-05 -4.5 -12.5 -17
7.7011e-05 -5 -13 -16.5
8.65044e-05 -5.5 -13.5 -16
2.30294e-05 -6 -14 -15
2.39465e-05 -11.5 -19.5 -0.5
5.47824e-05 -11 -19.5 -0.5
3.32748e-05 -10.5 -19 -1
3.40262e-05 -10.5 -19 -1.5
5.50314e-05 -11 -19.5 -1
3.18833e-05 -11.5 -20 -0.5
2.38847e-05 -11.5 -20 -1
3.42663e-05 -10.5 -19 -2
5.01694e-05 -11 -19.5 -1.5
3.41316e-05 -10.5 -19 -2.5
4.18239e-05 -11 -19.5 -2
9.22605e-05 -3 -9 -19.5
3.14429e-05 -11 -19.5 -2.5
3.46046e-05 -10.5 -19 -3
2.31272e-05 -2.5 -9.5 -20.5
0.000271991 -3 -9 -20
6.0851e-05 -3.5 -8.5 -19.5
2.15453e-05 -11 -19.5 -3
3.14997e-05 -10.5 -19 -3.5
3.54866e-05 -2.5 -9.5 -21
0.000523437 -3 -9 -20.5
0.000237444 -3.5 -8.5 -20
2.67868e-05 -10.5 -19 -4
3.54528e-05 -2.5 -9.5 -21.5
0.000721779 -3 -9 -21
0.000468801 -3.5 -8.5 -20.5
3.73452e-05 -2.5 -9.5 -22
0.000736371 -3 -9 -21.5
0.000596416 -3.5 -8.5 -21
0.00059254 -3 -9 -22
2.01839e-05 -2.5 -9.5 -23
0.000318896 -3 -9 -22.5
0.000483989 -3.5 -8.5 -22
8.73186e-05 -3 -9 -23
0.000259263 -3.5 -8.5 -22.5
0.000594706 -3.5 -8.5 -21.5
7.68738e-05 -3.5 -8.5 -23
2.63295e-05 -8 -16.5 -11.5
3.323e-05 -8 -16.5 -12
3.65614e-05 -7.5 -16 -12.5
2.80523e-05 -7 -15.5 -13
3.44818e-05 -8 -16.5 -12.5
6.04759e-05 -7.5 -16 -13
6.23933e-05 -7 -15.5 -13.5
4.63352e-05 -6.5 -15 -14
2.6553e-05 -8 -16.5 -13
7.19548e-05 -7.5 -16 -13.5
0.000107351 -7 -15.5 -14
0.000111082 -6.5 -15 -14.5
0.000105181 -6 -14.5 -15
7.13534e-05 -7.5 -16 -14
0.000141964 -7 -15.5 -14.5
0.000192788 -6.5 -15 -15
5.98554e-05 -7.5 -16 -14.5
0.000157017 -7 -15.5 -15
0.0002544 -6.5 -15 -15.5
6.56091e-05 -4.5 -13 -17
4.25944e-05 -7.5 -16 -15
5.71557e-05 -4 -12.5 -18
0.000146182 -7 -15.5 -15.5
0.000276342 -6.5 -15 -16
0.000160282 -4.5 -13 -17.5
2.84151e-05 -3.5 -12 -19
0.000118969 -4 -12.5 -18.5
0.00011479 -7 -15.5 -16
0.000409275 -6 -14.5 -17
3.96483e-05 -3.5 -12 -19.5
0.000171302 -4 -12.5 -19
7.22485e-05 -7 -15.5 -16.5
0.000372491 -6 -14.5 -17.5
4.1305e-05 -3.5 -12 -20
0.000196001 -4 -12.5 -19.5
0.000149449 -6.5 -15 -17.5
3.9707e-05 -7 -15.5 -17
0.000272993 -6 -14.5 -18
3.43604e-05 -3.5 -12 -20.5
0.00016897 -4 -12.5 -20
8.62201e-05 -6.5 -15 -18
0.000350197 -4.5 -13 -19.5
0.000105573 -4 -12.5 -20.5
0.000228471 -4.5 -13 -20
3.81741e-05 -4 -12.5 -21
2.8939e-05 -4.5 -13 -21
3.25956e-05 -11 -20 0.5
2.24527e-05 -5.5 -14 -20.5
2.9995e-05 -10.5 -19.5 0
5.39912e-05 -5 -13.5 -20.5
5.67482e-05 -5.5 -14 -20
4.18561e-05 -6 -14.5 -19.5
0.000107936 -4.5 -13 -20.5
0.000145841 -5 -13.5 -20
0.000136361 -5.5 -14 -19.5
9.45829e-05 -6 -14.5 -19
4.26155e-05 -6.5 -15 -18.5
0.000281322 -5 -13.5 -19.5
0.000253653 -5.5 -14 -19
0.000174319 -6 -14.5 -18.5
0.000423511 -5 -13.5 -19
0.000373332 -5.5 -14 -18.5
0.000406161 -4.5 -13 -19
0.000509175 -5 -13.5 -18.5
0.000454425 -5.5 -14 -18
0.000222696 -6.5 -15 -17
0.000374586 -4.5 -13 -18.5
0.00048765 -5 -13.5 -18
0.000492892 -5.5 -14 -17.5
0.000269283 -6.5 -15 -16.5
0.000274802 -4.5 -13 -18
0.000425195 -5 -13.5 -17.5
0.000451352 -5.5 -14 -17
0.000373302 -6 -14.5 -16.5
0.000299165 -5 -13.5 -17
0.000341183 -5.5 -14 -16.5
0.000302703 -6 -14.5 -16
0.000155277 -5 -13.5 -16.5
0.000202126 -5.5 -14 -16
0.000208718 -6 -14.5 -15.5
4.1284e-05 -5 -13.5 -16
7.78851e-05 -5.5 -14 -15.5
2.57132e-05 -6 -14.5 -14.5
3.77928e-05 -11.5 -20 0
2.68078e-05 -11.5 -20.5 0
4.51292e-05 -10.5 -19.5 -0.5
6.365e-05 -10.5 -19.5 -1
3.14651e-05 -11.5 -20.5 -0.5
6.01642e-05 -11 -20 -1
2.37455e-05 -10 -19 -2
7.01315e-05 -10.5 -19.5 -1.5
3.04971e-05 -11.5 -20.5 -1
6.03945e-05 -11 -20 -1.5
3.26678e-05 -10 -19 -2.5
7.31318e-05 -10.5 -19.5 -2
2.44587e-05 -2.5 -9 -20
2.32636e-05 -11.5 -20.5 -1.5
5.47424e-05 -11 -20 -2
7.30783e-05 -10.5 -19.5 -2.5
4.51223e-05 -10 -19 -3
6.78385e-05 -2.5 -9 -20.5
0.000281426 -3 -8.5 -20
4.67031e-05 -11 -20 -2.5
7.26054e-05 -10.5 -19.5 -3
5.20917e-05 -10 -19 -3.5
0.000114937 -2.5 -9 -21
0.000595472 -3 -8.5 -20.5
3.55918e-05 -11 -20 -3
6.55941e-05 -10.5 -19.5 -3.5
5.93551e-05 -10 -19 -4
0.000134708 -2.5 -9 -21.5
2.32172e-05 -11 -20 -3.5
5.5457e-05 -10.5 -19.5 -4
6.03509e-05 -10 -19 -4.5
2.62533e-05 -9.5 -18.5 -5
0.000132143 -2.5 -9 -22
0.000847147 -3 -8.5 -21.5
0.000368838 -3.5 -8 -21
9.85876e-05 -2.5 -9 -22.5
4.21826e-05 -10.5 -19.5 -4.5
5.80752e-05 -10 -19 -5
3.33569e-05 -9.5 -18.5 -5.5
2.8924e-05 -2.5 -9 -23
2.74262e-05 -10.5 -19.5 -5
0.000459213 -3 -8.5 -22.5
5.20711e-05 -10 -19 -5.5
0.000307092 -3.5 -8 -22
4.13742e-05 -9.5 -18.5 -6
0.000737822 -3 -8.5 -22
0.000361005 -3.5 -8 -21.5
0.000170491 -3 -8.5 -23
0.000189107 -3.5 -8 -22.5
4.14331e-05 -10 -19 -6
4.46567e-05 -9.5 -18.5 -6.5
2.80103e-05 -3 -8.5 -23.5
7.60102e-05 -3.5 -8 -23
2.77472e-05 -10 -19 -6.5
4.63045e-05 -9.5 -18.5 -7
2.99846e-05 -9 -18 -7.5
0.000808879 -3 -8.5 -21
4.14067e-05 -9.5 -18.5 -7.5
3.7726e-05 -9 -18 -8
0.00026149 -3.5 -8 -20.5
0.000102939 -3.5 -8 -20
4.49237e-05 -9 -18 -8.5
2.77652e-05 -8.5 -17.5 -9
3.07043e-05 -9.5 -18.5 -8
4.74391e-05 -9 -18 -9
4.08753e-05 -8.5 -17.5 -9.5
2.13763e-05 -8 -17 -10
3.9715e-05 -9 -18 -9.5
5.35588e-05 -8.5 -17.5 -10
3.90776e-05 -8 -17 -10.5
2.91579e-05 -9 -18 -10
5.99675e-05 -8.5 -17.5 -10.5
6.32213e-05 -8 -17 -11
3.80315e-05 -7.5 -16.5 -11.5
5.42036e-05 -8.5 -17.5 -11
8.37803e-05 -8 -17 -11.5
7.35665e-05 -7.5 -16.5 -12
4.46421e-05 -7 -16 -12.5
4.62016e-05 -8.5 -17.5 -11.5
9.31498e-05 -8 -17 -12
0.000114722 -7.5 -16.5 -12.5
0.00010074 -7 -16 -13
6.96458e-05 -6.5 -15.5 -13.5
3.13977e-05 -8.5 -17.5 -12
9.30875e-05 -8 -17 -12.5
0.000147594 -7.5 -16.5 -13
0.000161579 -7 -16 -13.5
0.000107801 -6 -15 -14.5
7.91911e-05 -8 -17 -13
0.000160093 -7.5 -16.5 -13.5
0.000220052 -7 -16 -14
0.000233346 -6.5 -15.5 -14.5
5.87155e-05 -8 -17 -13.5
0.000156317 -7.5 -16.5 -14
0.000252746 -7 -16 -14.5
0.00030471 -6.5 -15.5 -15
6.91789e-05 -5 -14 -16
3.54812e-05 -8 -17 -14
0.000131096 -7.5 -16.5 -14.5
6.12064e-05 -4.5 -13.5 -17
0.00026191 -7 -16 -15
0.000352024 -6.5 -15.5 -15.5
0.000157376 -5 -14 -16.5
3.38028e-05 -4 -13 -18
9.0841e-05 -7.5 -16.5 -15
0.000122249 -4.5 -13.5 -17.5
0.000234275 -7 -16 -15.5
5.53541e-05 -4 -13 -18.5
5.62201e-05 -7.5 -16.5 -15.5
0.000190528 -4.5 -13.5 -18
0.000181025 -7 -16 -16
0.000316628 -6.5 -15.5 -16.5
6.83577e-05 -4 -13 -19
0.000119077 -7 -16 -16.5
3.13437e-05 -7.5 -16.5 -16
0.000225613 -4.5 -13.5 -18.5
7.1552e-05 -4 -13 -19.5
6.94608e-05 -7 -16 -17
0.000225564 -4.5 -13.5 -19
4.5115e-05 -4 -13 -20
0.000161762 -4.5 -13.5 -19.5
3.65836e-05 -7 -16 -17.5
8.05234e-05 -4.5 -13.5 -20
2.17445e-05 -4.5 -13.5 -20.5
2.45651e-05 -11 -20.5 0
2.21721e-05 -5.5 -14.5 -20
5.65542e-05 -5 -14 -20
7.42676e-05 -5.5 -14.5 -19.5
6.27475e-05 -6 -15 -19
3.98078e-05 -6.5 -15.5 -18.5
0.000149139 -5 -14 -19.5
0.000165927 -5.5 -14.5 -19
0.000137271 -6 -15 -18.5
8.46676e-05 -6.5 -15.5 -18
0.000272341 -5 -14 -19
0.000282885 -5.5 -14.5 -18.5
0.000236213 -6 -15 -18
0.000149947 -6.5 -15.5 -17.5
0.000381964 -5 -14 -18.5
0.000399034 -5.5 -14.5 -18
0.000338679 -6 -15 -17.5
0.000229874 -6.5 -15.5 -17
0.000411835 -5 -14 -18
0.00046971 -5.5 -14.5 -17.5
0.00040064 -6 -15 -17
0.000368306 -5 -14 -17.5
0.000447498 -5.5 -14.5 -17
0.000442483 -6 -15 -16.5
0.000366326 -6.5 -15.5 -16
0.000273877 -5 -14 -17
0.000394706 -5.5 -14.5 -16.5
0.000414676 -6 -15 -16
0.000291858 -5.5 -14.5 -16
0.000338727 -6 -15 -15.5
0.000161438 -5.5 -14.5 -15.5
0.00022118 -6 -15 -15
5.33802e-05 -5.5 -14.5 -15
0.000146916 -6.5 -15.5 -14
2.75086e-05 -6 -15 -14
6.92356e-05 -3 -8.5 -19.5
5.83345e-05 -11 -20 -0.5
5.21704e-05 -11 -20 0
2.04941e-05 -10 -19.5 -1
4.15395e-05 -11 -20.5 -0.5
3.65584e-05 -10 -19.5 -1.5
6.45069e-05 -10.5 -20 -1
5.15972e-05 -11 -20.5 -1
5.2938e-05 -10 -19.5 -2
7.3789e-05 -10.5 -20 -1.5
4.3453e-05 -2.5 -8.5 -20
2.27817e-05 -11.5 -21 -1
5.41522e-05 -11 -20.5 -1.5
8.00704e-05 -10.5 -20 -2
7.66126e-05 -10 -19.5 -2.5
0.000155158 -2.5 -8.5 -20.5
2.32157e-05 -11.5 -21 -1.5
5.47701e-05 -11 -20.5 -2
8.22391e-05 -10.5 -20 -2.5
2.88741e-05 -9.5 -19 -3.5
8.74463e-05 -10 -19.5 -3
0.000287012 -2.5 -8.5 -21
0.000481057 -3 -8 -20.5
4.99548e-05 -11 -20.5 -2.5
8.33681e-05 -10.5 -20 -3
9.65353e-05 -10 -19.5 -3.5
4.71005e-05 -9.5 -19 -4
0.000340192 -2.5 -8.5 -21.5
0.000801286 -3 -8 -21
4.27644e-05 -11 -20.5 -3
8.11818e-05 -10.5 -20 -3.5
9.98315e-05 -10 -19.5 -4
7.18735e-05 -9.5 -19 -4.5
0.000343177 -2.5 -8.5 -22
3.31532e-05 -11 -20.5 -3.5
7.32401e-05 -10.5 -20 -4
0.000100781 -10 -19.5 -4.5
8.40544e-05 -9.5 -19 -5
0.000274286 -2.5 -8.5 -22.5
2.4676e-05 -9 -18.5 -5.5
2.30775e-05 -11 -20.5 -4
0.000124757 -2.5 -8.5 -23
6.18361e-05 -10.5 -20 -4.5
9.89919e-05 -10 -19.5 -5
0.000526824 -3 -8 -22.5
9.2739e-05 -9.5 -19 -5.5
0.000131642 -3.5 -7.5 -22
4.76329e-05 -9 -18.5 -6
0.000239973 -3 -8 -23
8.31479e-05 -3.5 -7.5 -22.5
4.76078e-05 -10.5 -20 -5
8.93723e-05 -10 -19.5 -5.5
9.88341e-05 -9.5 -19 -6
0.000781501 -3 -8 -22
6.21884e-05 -9 -18.5 -6.5
5.11704e-05 -3 -8 -23.5
3.26897e-05 -10.5 -20 -5.5
7.69894e-05 -10 -19.5 -6
0.000102166 -9.5 -19 -6.5
7.78524e-05 -9 -18.5 -7
3.84731e-05 -3.5 -7.5 -23
3.08963e-05 -8.5 -18 -7.5
6.12394e-05 -10 -19.5 -6.5
9.73662e-05 -9.5 -19 -7
8.96798e-05 -9 -18.5 -7.5
4.91097e-05 -8.5 -18 -8
0.000147672 -3.5 -7.5 -21.5
0.000864873 -3 -8 -21.5
4.41007e-05 -10 -19.5 -7
8.76227e-05 -9.5 -19 -7.5
0.000102166 -9 -18.5 -8
7.07376e-05 -8.5 -18 -8.5
2.77524e-05 -8 -17.5 -9
0.000153604 -3.5 -7.5 -21
2.74149e-05 -10 -19.5 -7.5
7.34307e-05 -9.5 -19 -8
0.000106684 -9 -18.5 -8.5
9.18446e-05 -8.5 -18 -9
5.23353e-05 -8 -17.5 -9.5
5.60839e-05 -9.5 -19 -8.5
0.000102478 -9 -18.5 -9
0.000113855 -8.5 -18 -9.5
8.34792e-05 -8 -17.5 -10
3.4748e-05 -7.5 -17 -10.5
3.72352e-05 -9.5 -19 -9
9.13425e-05 -9 -18.5 -9.5
0.000126792 -8.5 -18 -10
0.000112485 -8 -17.5 -10.5
7.52167e-05 -7.5 -17 -11
2.40753e-05 -7 -16.5 -11.5
7.2974e-05 -9 -18.5 -10
0.000130276 -8.5 -18 -10.5
0.000147125 -8 -17.5 -11
0.000120542 -7.5 -17 -11.5
7.24711e-05 -7 -16.5 -12
5.27444e-05 -9 -18.5 -10.5
0.000120707 -8.5 -18 -11
0.00016872 -8 -17.5 -11.5
0.000164671 -7.5 -17 -12
0.000136066 -7 -16.5 -12.5
3.30761e-05 -9 -18.5 -11
0.000102218 -8.5 -18 -11.5
0.000175386 -8 -17.5 -12
0.00021105 -7.5 -17 -12.5
0.000208665 -7 -16.5 -13
7.54732e-05 -8.5 -18 -12
0.00016343 -8 -17.5 -12.5
0.000241366 -7.5 -17 -13
0.00027133 -7 -16.5 -13.5
0.000261927 -6.5 -16 -14
4.70315e-05 -8.5 -18 -12.5
0.000139429 -8 -17.5 -13
0.000254868 -7.5 -17 -13.5
2.13336e-05 -5 -14.5 -15.5
0.000308078 -7 -16.5 -14
0.000343016 -6.5 -16 -14.5
2.0111e-05 -8.5 -18 -13
0.000105105 -8 -17.5 -13.5
0.000230592 -7.5 -17 -14
0.00032789 -7 -16.5 -14.5
6.74173e-05 -5 -14.5 -16
4.16017e-05 -4.5 -14 -17
6.97394e-05 -8 -17.5 -14
0.000188813 -7.5 -17 -14.5
0.000135113 -5 -14.5 -16.5
0.000307294 -7 -16.5 -15
7.42751e-05 -4.5 -14 -17.5
4.17526e-05 -8 -17.5 -14.5
0.000136056 -7.5 -17 -15
0.00024764 -7 -16.5 -15.5
0.00019705 -5 -14.5 -17
0.000348834 -6.5 -16 -16
2.06833e-05 -4 -13.5 -18.5
9.4779e-05 -4.5 -14 -18
8.89747e-05 -7.5 -17 -15.5
0.000241187 -5 -14.5 -17.5
2.16827e-05 -4 -13.5 -19
9.74874e-05 -4.5 -14 -18.5
5.20336e-05 -7.5 -17 -16
0.000198006 -6.5 -16 -17
7.55889e-05 -4.5 -14 -19
2.87868e-05 -7.5 -17 -16.5
6.8223e-05 -7 -16.5 -17
3.5773e-05 -4.5 -14 -19.5
3.4087e-05 -7 -16.5 -17.5
2.20522e-05 -5.5 -15 -19.5
3.00289e-05 -6 -15.5 -19
2.10061e-05 -6.5 -16 -18.5
4.26456e-05 -5 -14.5 -19.5
7.34539e-05 -5.5 -15 -19
7.76905e-05 -6 -15.5 -18.5
5.86804e-05 -6.5 -16 -18
0.000109835 -5 -14.5 -19
0.000159964 -5.5 -15 -18.5
0.000157822 -6 -15.5 -18
0.000119851 -6.5 -16 -17.5
0.000193201 -5 -14.5 -18.5
0.000268865 -5.5 -15 -18
0.000256289 -6 -15.5 -17.5
0.000118558 -7 -16.5 -16.5
0.000254747 -5 -14.5 -18
0.000362733 -5.5 -15 -17.5
0.000349297 -6 -15.5 -17
0.000283275 -6.5 -16 -16.5
0.000181663 -7 -16.5 -16
0.000395161 -5.5 -15 -17
0.000418123 -6 -15.5 -16.5
0.000351051 -5.5 -15 -16.5
0.000407493 -6 -15.5 -16
0.000376925 -6.5 -16 -15.5
0.000269746 -5.5 -15 -16
0.000370426 -6 -15.5 -15.5
0.000378419 -6.5 -16 -15
0.000165643 -5.5 -15 -15.5
0.000295719 -6 -15.5 -15
8.22913e-05 -5.5 -15 -15
0.000184027 -6 -15.5 -14.5
8.44013e-05 -6 -15.5 -14
0.000168297 -6.5 -16 -13.5
7.89244e-05 -6.5 -16 -13
2.26267e-05 -6.5 -16 -12.5
9.38275e-05 -3.5 -7.5 -20.5
2.69497e-05 -3.5 -7.5 -20
0.000173382 -3 -8 -20
2.5981e-05 -3 -8 -19.5
4.17695e-05 -10.5 -20 -0.5
3.65923e-05 -10.5 -20.5 -1
3.42145e-05 -10 -20 -1.5
6.37205e-05 -2.5 -8 -20
2.15925e-05 -11 -21 -1
5.13901e-05 -10 -20 -2
5.886e-05 -10.5 -20.5 -1.5
0.00025613 -2.5 -8 -20.5
3.58978e-05 -11 -21 -1.5
6.82078e-05 -10.5 -20.5 -2
3.51554e-05 -9.5 -19.5 -3
7.62315e-05 -10 -20 -2.5
0.000500008 -2.5 -8 -21
0.000302403 -3 -7.5 -20.5
3.96016e-05 -11 -21 -2
7.39502e-05 -10.5 -20.5 -2.5
5.54996e-05 -9.5 -19.5 -3.5
8.94406e-05 -10 -20 -3
0.000610193 -2.5 -8 -21.5
0.000577423 -3 -7.5 -21
4.0785e-05 -11 -21 -2.5
7.59839e-05 -10.5 -20.5 -3
0.000100503 -10 -20 -3.5
8.69547e-05 -9.5 -19.5 -4
0.000610149 -2.5 -8 -22
3.92922e-05 -11 -21 -3
7.74619e-05 -10.5 -20.5 -3.5
0.000107423 -10 -20 -4
4.81437e-05 -9 -19 -5
0.000107908 -9.5 -19.5 -4.5
0.000509158 -2.5 -8 -22.5
3.50809e-05 -11 -21 -3.5
7.44199e-05 -10.5 -20.5 -4
0.000259194 -2.5 -8 -23
0.000109967 -10 -20 -4.5
0.00012309 -9.5 -19.5 -5
6.22132e-05 -2.5 -8 -23.5
2.89e-05 -11 -21 -4
0.000274535 -3 -7.5 -23
6.79753e-05 -10.5 -20.5 -4.5
0.000112467 -10 -20 -5
8.0679e-05 -9 -19 -5.5
0.000133427 -9.5 -19.5 -5.5
0.000105682 -9 -19 -6
0.000539948 -3 -7.5 -22.5
7.85399e-05 -3 -7.5 -23.5
2.03852e-05 -11 -21 -4.5
5.77525e-05 -10.5 -20.5 -5
0.000108686 -10 -20 -5.5
0.000137186 -9.5 -19.5 -6
3.08201e-05 -8.5 -18.5 -6.5
0.000125394 -9 -19 -6.5
5.84778e-05 -8.5 -18.5 -7
2.61017e-05 -3.5 -7 -22
4.43682e-05 -10.5 -20.5 -5.5
9.81239e-05 -10 -20 -6
0.000138303 -9.5 -19.5 -6.5
0.000141858 -9 -19 -7
9.21575e-05 -8.5 -18.5 -7.5
2.11801e-05 -8 -18 -8
0.000676086 -3 -7.5 -22
3.07596e-05 -10.5 -20.5 -6
8.31898e-05 -10 -20 -6.5
0.000136479 -9.5 -19.5 -7
0.000152183 -9 -19 -7.5
0.000120474 -8.5 -18.5 -8
3.11144e-05 -3.5 -7 -21.5
4.91428e-05 -8 -18 -8.5
0.0006923 -3 -7.5 -21.5
6.32901e-05 -10 -20 -7
0.000125532 -9.5 -19.5 -7.5
0.000159605 -9 -19 -8
0.000147021 -8.5 -18.5 -8.5
9.03633e-05 -8 -18 -9
2.27688e-05 -7.5 -17.5 -9.5
4.32288e-05 -10 -20 -7.5
0.000108461 -9.5 -19.5 -8
0.000163899 -9 -19 -8.5
0.000166881 -8.5 -18.5 -9
0.000130129 -8 -18 -9.5
5.8073e-05 -7.5 -17.5 -10
2.79279e-05 -10 -20 -8
8.41291e-05 -9.5 -19.5 -8.5
0.000155063 -9 -19 -9
0.000182271 -8.5 -18.5 -9.5
0.000170145 -8 -18 -10
0.000109406 -7.5 -17.5 -10.5
5.92599e-05 -9.5 -19.5 -9
0.000137784 -9 -19 -9.5
0.000194983 -8.5 -18.5 -10
0.000201225 -8 -18 -10.5
0.000162202 -7.5 -17.5 -11
8.52751e-05 -7 -17 -11.5
3.93431e-05 -9.5 -19.5 -9.5
0.000112212 -9 -19 -10
0.000193099 -8.5 -18.5 -10.5
0.000219266 -8 -18 -11
0.000216759 -7.5 -17.5 -11.5
0.00016572 -7 -17 -12
8.31744e-05 -9 -19 -10.5
0.000174722 -8.5 -18.5 -11
0.000231861 -8 -18 -11.5
0.000260701 -7.5 -17.5 -12
0.000229409 -7 -17 -12.5
5.65549e-05 -9 -19 -11
0.000147885 -8.5 -18.5 -11.5
0.000232213 -8 -18 -12
0.000278415 -7.5 -17.5 -12.5
0.000284043 -7 -17 -13
3.50838e-05 -9 -19 -11.5
0.000114441 -8.5 -18.5 -12
0.000210538 -8 -18 -12.5
0.000278888 -7.5 -17.5 -13
2.9319e-05 -5.5 -15.5 -14.5
0.000321366 -7 -17 -13.5
8.00136e-05 -8.5 -18.5 -12.5
0.000175892 -8 -18 -13
2.12241e-05 -5 -15 -15.5
0.000266178 -7.5 -17.5 -13.5
0.000335468 -7 -17 -14
7.68076e-05 -5.5 -15.5 -15
5.05728e-05 -8.5 -18.5 -13
0.000135244 -8 -18 -13.5
4.55925e-05 -5 -15 -16
0.0002326 -7.5 -17.5 -14
0.000316443 -7 -17 -14.5
0.000141304 -5.5 -15.5 -15.5
2.94413e-05 -8.5 -18.5 -13.5
9.49861e-05 -8 -18 -14
7.3949e-05 -5 -15 -16.5
0.000184443 -7.5 -17.5 -14.5
0.000276619 -7 -17 -15
2.91156e-05 -4.5 -14.5 -17.5
6.13648e-05 -8 -18 -14.5
0.000105602 -5 -15 -17
0.000131714 -7.5 -17.5 -15
3.10916e-05 -4.5 -14.5 -18
3.63507e-05 -8 -18 -15
0.000115704 -5 -15 -17.5
8.37066e-05 -7.5 -17.5 -15.5
0.000148781 -7 -17 -16
2.26523e-05 -4.5 -14.5 -18.5
4.71532e-05 -7.5 -17.5 -16
9.8242e-05 -5 -15 -18
9.02211e-05 -7 -17 -16.5
2.83984e-05 -7.5 -17.5 -16.5
5.12969e-05 -5 -15 -18.5
2.50476e-05 -6 -16 -18.5
2.84883e-05 -6.5 -16.5 -18
2.28494e-05 -7 -17 -17.5
4.98649e-05 -5.5 -15.5 -18.5
7.07296e-05 -6 -16 -18
6.72524e-05 -6.5 -16.5 -17.5
4.76134e-05 -7 -17 -17
0.000113724 -5.5 -15.5 -18
0.000143199 -6 -16 -17.5
0.00012882 -6.5 -16.5 -17
0.000185978 -5.5 -15.5 -17.5
0.000232178 -6 -16 -17
0.000206316 -6.5 -16.5 -16.5
0.000248521 -5.5 -15.5 -17
0.000313469 -6 -16 -16.5
0.000285796 -6.5 -16.5 -16
0.000214827 -7 -17 -15.5
0.000237766 -5.5 -15.5 -16.5
0.000357047 -6 -16 -16
0.000344962 -6.5 -16.5 -15.5
0.000202834 -5.5 -15.5 -16
0.000333886 -6 -16 -15.5
0.000364996 -6.5 -16.5 -15
0.000268321 -6 -16 -15
0.00034325 -6.5 -16.5 -14.5
0.000180929 -6 -16 -14.5
0.000292281 -6.5 -16.5 -14
0.000101583 -6 -16 -14
0.000210002 -6.5 -16.5 -13.5
3.89238e-05 -6 -16 -13.5
0.000130403 -6.5 -16.5 -13
6.76802e-05 -6.5 -16.5 -12.5
3.07784e-05 -7 -17 -11
3.15029e-05 -3.5 -7 -21
8.71671e-05 -3 -7.5 -20
7.51965e-05 -2.5 -7.5 -20
3.11514e-05 -2 -8 -21
0.000303482 -2.5 -7.5 -20.5
3.56122e-05 -10 -20.5 -2
4.88824e-05 -2 -8 -21.5
3.26815e-05 -10.5 -21 -2
3.38999e-05 -9.5 -20 -3
5.7224e-05 -10 -20.5 -2.5
5.79082e-05 -2 -8 -22
0.000821389 -2.5 -7.5 -21.5
0.000366874 -3 -7 -21
4.81392e-05 -10.5 -21 -2.5
5.34694e-05 -9.5 -20 -3.5
7.46958e-05 -10 -20.5 -3
5.77101e-05 -2 -8 -22.5
0.00082245 -2.5 -7.5 -22
2.03452e-05 -11 -21.5 -2.5
5.32511e-05 -10.5 -21 -3
8.72097e-05 -10 -20.5 -3.5
3.35435e-05 -9 -19.5 -4.5
8.3373e-05 -9.5 -20 -4
3.44571e-05 -2 -8 -23
0.000689865 -2.5 -7.5 -22.5
2.42356e-05 -11 -21.5 -3
5.62421e-05 -10.5 -21 -3.5
9.56642e-05 -10 -20.5 -4
2.52646e-05 -11 -21.5 -3.5
5.70012e-05 -10.5 -21 -4
0.000132739 -2.5 -7.5 -23.5
0.000241672 -3 -7 -23
9.98413e-05 -10 -20.5 -4.5
5.55122e-05 -9 -19.5 -5
0.000105546 -9.5 -20 -4.5
0.000121719 -9.5 -20 -5
0.000413319 -2.5 -7.5 -23
2.51688e-05 -11 -21.5 -4
8.84634e-05 -3 -7 -23.5
5.63143e-05 -10.5 -21 -4.5
0.000100019 -10 -20.5 -5
2.91363e-05 -8.5 -19 -6
0.000132798 -9.5 -20 -5.5
9.06715e-05 -9 -19.5 -5.5
0.000121007 -9 -19.5 -6
0.000379592 -3 -7 -22.5
2.28188e-05 -11 -21.5 -4.5
5.02197e-05 -10.5 -21 -5
9.86935e-05 -10 -20.5 -5.5
0.000136857 -9.5 -20 -6
0.000146135 -9 -19.5 -6.5
5.36521e-05 -8.5 -19 -6.5
9.40454e-05 -8.5 -19 -7
4.28116e-05 -10.5 -21 -5.5
9.16333e-05 -10 -20.5 -6
0.000135711 -9.5 -20 -6.5
0.000161445 -9 -19.5 -7
2.33092e-05 -8 -18.5 -7.5
0.000131662 -8.5 -19 -7.5
3.56859e-05 -10.5 -21 -6
7.99674e-05 -10 -20.5 -6.5
0.000134873 -9.5 -20 -7
0.000168033 -9 -19.5 -7.5
0.0001655 -8.5 -19 -8
4.96422e-05 -8 -18.5 -8
9.3538e-05 -8 -18.5 -8.5
0.0004591 -3 -7 -22
2.77433e-05 -10.5 -21 -6.5
6.69038e-05 -10 -20.5 -7
0.000125485 -9.5 -20 -7.5
0.00016842 -9 -19.5 -8
0.000188054 -8.5 -19 -8.5
0.000138536 -8 -18.5 -9
4.91657e-05 -7.5 -18 -9.5
5.3569e-05 -10 -20.5 -7.5
0.000110406 -9.5 -20 -8
0.000167512 -9 -19.5 -8.5
0.000202175 -8.5 -19 -9
0.000184972 -8 -18.5 -9.5
9.95751e-05 -7.5 -18 -10
3.92941e-05 -10 -20.5 -8
9.36788e-05 -9.5 -20 -8.5
0.000159265 -9 -19.5 -9
0.000206523 -8.5 -19 -9.5
0.000216233 -8 -18.5 -10
0.000153474 -7.5 -18 -10.5
2.70588e-05 -10 -20.5 -8.5
7.42639e-05 -9.5 -20 -9
0.000142239 -9 -19.5 -9.5
0.000200898 -8.5 -19 -10
0.00023636 -8 -18.5 -10.5
0.000207511 -7.5 -18 -11
5.41295e-05 -9.5 -20 -9.5
0.000120549 -9 -19.5 -10
0.000193735 -8.5 -19 -10.5
0.000243207 -8 -18.5 -11
0.000243821 -7.5 -18 -11.5
3.80773e-05 -9.5 -20 -10
9.65798e-05 -9 -19.5 -10.5
0.000174422 -8.5 -19 -11
0.00023304 -8 -18.5 -11.5
0.000265279 -7.5 -18 -12
2.54956e-05 -9.5 -20 -10.5
7.12698e-05 -9 -19.5 -11
0.000145737 -8.5 -19 -11.5
0.000224325 -8 -18.5 -12
0.000275861 -7.5 -18 -12.5
4.94029e-05 -9 -19.5 -11.5
0.000114108 -8.5 -19 -12
0.000199846 -8 -18.5 -12.5
2.6318e-05 -5.5 -16 -14.5
0.000266238 -7.5 -18 -13
3.23812e-05 -9 -19.5 -12
8.42557e-05 -8.5 -19 -12.5
0.000163268 -8 -18.5 -13
5.0893e-05 -5.5 -16 -15
0.00023514 -7.5 -18 -13.5
2.45151e-05 -5 -15.5 -16
5.97201e-05 -8.5 -19 -13
0.000121994 -8 -18.5 -13.5
8.81391e-05 -5.5 -16 -15.5
0.000192623 -7.5 -18 -14
3.85579e-05 -8.5 -19 -13.5
3.28797e-05 -5 -15.5 -16.5
8.40531e-05 -8 -18.5 -14
0.000142578 -7.5 -18 -14.5
0.00010957 -5.5 -16 -16
2.24712e-05 -8.5 -19 -14
3.72702e-05 -5 -15.5 -17
5.4316e-05 -8 -18.5 -14.5
9.51523e-05 -7.5 -18 -15
0.000118755 -5.5 -16 -16.5
0.000143491 -7 -17.5 -15.5
2.97054e-05 -5 -15.5 -17.5
3.25052e-05 -8 -18.5 -15
5.57047e-05 -7.5 -18 -15.5
3.0546e-05 -7.5 -18 -16
4.94392e-05 -5.5 -16 -17.5
2.51706e-05 -7 -17.5 -17
4.2185e-05 -6 -16.5 -17.5
5.22411e-05 -6.5 -17 -17
4.72917e-05 -7 -17.5 -16.5
9.34372e-05 -6 -16.5 -17
0.000106348 -6.5 -17 -16.5
8.77713e-05 -7 -17.5 -16
9.42124e-05 -5.5 -16 -17
0.000153937 -6 -16.5 -16.5
0.000173946 -6.5 -17 -16
0.000208418 -6 -16.5 -16
0.000241459 -6.5 -17 -15.5
0.000205299 -7 -17.5 -15
0.000221957 -6 -16.5 -15.5
0.000292322 -6.5 -17 -15
0.000260044 -7 -17.5 -14.5
0.000195102 -6 -16.5 -15
0.000295437 -6.5 -17 -14.5
0.000300622 -7 -17.5 -14
0.000146407 -6 -16.5 -14.5
0.000260108 -6.5 -17 -14
0.000298647 -7 -17.5 -13.5
9.34674e-05 -6 -16.5 -14
0.000194967 -6.5 -17 -13.5
0.000278947 -7 -17.5 -13
4.11561e-05 -6 -16.5 -13.5
0.000127204 -6.5 -17 -13
0.000228863 -7 -17.5 -12.5
7.43909e-05 -6.5 -17 -12.5
0.000167877 -7 -17.5 -12
3.26146e-05 -6.5 -17 -12
0.000112644 -7 -17.5 -11.5
6.43135e-05 -7 -17.5 -11
2.24538e-05 -7 -17.5 -10.5
0.00047574 -3 -7 -21.5
0.000620065 -2.5 -7.5 -21
0.000166318 -3 -7 -20.5
3.01039e-05 -3 -7 -20
3.33342e-05 -2 -7.5 -20.5
8.80031e-05 -2 -7.5 -21
0.000260074 -2.5 -7 -20.5
0.000145747 -2 -7.5 -21.5
0.000175156 -2 -7.5 -22
0.00086474 -2.5 -7 -21.5
2.05984e-05 -10 -21 -2.5
0.000177978 -2 -7.5 -22.5
0.000875382 -2.5 -7 -22
3.70503e-05 -10 -21 -3
3.74421e-05 -9.5 -20.5 -3.5
0.00013993 -2 -7.5 -23
0.00075132 -2.5 -7 -22.5
5.58582e-05 -2 -7.5 -23.5
4.77674e-05 -10 -21 -3.5
5.88271e-05 -9.5 -20.5 -4
3.01663e-05 -9 -20 -4.5
0.000511442 -2.5 -7 -23
2.6062e-05 -10.5 -21.5 -3.5
5.99345e-05 -10 -21 -4
0.000218399 -2.5 -7 -23.5
7.74438e-05 -9.5 -20.5 -4.5
3.12035e-05 -10.5 -21.5 -4
3.31631e-05 -2.5 -7 -24
6.6432e-05 -10 -21 -4.5
6.14101e-05 -3 -6.5 -23.5
9.7526e-05 -9.5 -20.5 -5
5.03035e-05 -9 -20 -5
3.24135e-05 -10.5 -21.5 -4.5
6.84912e-05 -10 -21 -5
0.00010884 -9.5 -20.5 -5.5
2.97488e-05 -8.5 -19.5 -6
8.22782e-05 -9 -20 -5.5
0.000110077 -9 -20 -6
0.000134455 -3 -6.5 -23
3.21993e-05 -10.5 -21.5 -5
6.76335e-05 -10 -21 -5.5
0.000114 -9.5 -20.5 -6
0.000134746 -9 -20 -6.5
5.35052e-05 -8.5 -19.5 -6.5
9.18974e-05 -8.5 -19.5 -7
2.96281e-05 -10.5 -21.5 -5.5
6.30062e-05 -10 -21 -6
0.000115132 -9.5 -20.5 -6.5
0.00014737 -9 -20 -7
0.000126235 -8.5 -19.5 -7.5
2.85107e-05 -8 -19 -7.5
2.71632e-05 -10.5 -21.5 -6
5.9625e-05 -10 -21 -6.5
0.000109434 -9.5 -20.5 -7
0.000154097 -9 -20 -7.5
0.000158098 -8.5 -19.5 -8
9.43495e-05 -8 -19 -8.5
5.27154e-05 -8 -19 -8
2.32477e-05 -10.5 -21.5 -6.5
5.36934e-05 -10 -21 -7
0.000101508 -9.5 -20.5 -7.5
0.000155786 -9 -20 -8
0.000177404 -8.5 -19.5 -8.5
0.000135059 -8 -19 -9
4.45357e-05 -10 -21 -7.5
9.23529e-05 -9.5 -20.5 -8
0.000147546 -9 -20 -8.5
0.000188484 -8.5 -19.5 -9
0.0001765 -8 -19 -9.5
3.44292e-05 -10 -21 -8
7.94191e-05 -9.5 -20.5 -8.5
0.000134685 -9 -20 -9
0.000192018 -8.5 -19.5 -9.5
0.000205331 -8 -19 -10
0.000144451 -7.5 -18.5 -10.5
3.08004e-05 -7 -18 -10.5
2.57926e-05 -10 -21 -8.5
6.40683e-05 -9.5 -20.5 -9
0.000120667 -9 -20 -9.5
0.000183514 -8.5 -19.5 -10
0.000216683 -8 -19 -10.5
4.7687e-05 -9.5 -20.5 -9.5
0.000101984 -9 -20 -10
0.000163659 -8.5 -19.5 -10.5
0.000219843 -8 -19 -11
0.00014869 -7 -18 -12
3.39889e-05 -9.5 -20.5 -10
8.12247e-05 -9 -20 -10.5
0.000140645 -8.5 -19.5 -11
0.000206328 -8 -19 -11.5
0.000237476 -7.5 -18.5 -12
2.47878e-05 -9.5 -20.5 -10.5
6.06478e-05 -9 -20 -11
0.000115299 -8.5 -19.5 -11.5
0.000183977 -8 -19 -12
3.41127e-05 -6 -17 -13.5
0.000231133 -7.5 -18.5 -12.5
4.27063e-05 -9 -20 -11.5
8.9563e-05 -8.5 -19.5 -12
0.000152177 -8 -19 -12.5
0.000205401 -7.5 -18.5 -13
5.67211e-05 -6 -17 -14
2.83676e-05 -9 -20 -12
6.54751e-05 -8.5 -19.5 -12.5
2.79414e-05 -5.5 -16.5 -15
0.000115402 -8 -19 -13
0.000164961 -7.5 -18.5 -13.5
8.72933e-05 -6 -17 -14.5
2.07567e-05 -9 -20 -12.5
4.52568e-05 -8.5 -19.5 -13
3.48229e-05 -5.5 -16.5 -15.5
8.07178e-05 -8 -19 -13.5
0.000120973 -7.5 -18.5 -14
2.0998e-05 -9 -20 -13
3.03524e-05 -8.5 -19.5 -13.5
3.6043e-05 -5.5 -16.5 -16
5.24523e-05 -8 -19 -14
8.09622e-05 -7.5 -18.5 -14.5
2.71293e-05 -5.5 -16.5 -16.5
3.26844e-05 -8 -19 -14.5
4.82501e-05 -7.5 -18.5 -15
2.43069e-05 -7.5 -18.5 -15.5
2.04686e-05 -6.5 -17.5 -16.5
2.74874e-05 -7 -18 -16
3.18968e-05 -6 -17 -16.5
5.70819e-05 -6.5 -17.5 -16
6.07109e-05 -7 -18 -15.5
6.79817e-05 -6 -17 -16
0.000102356 -6.5 -17.5 -15.5
0.000105928 -7 -18 -15
9.59544e-05 -6 -17 -15.5
0.000147052 -6.5 -17.5 -15
0.000154889 -7 -18 -14.5
9.98046e-05 -6 -17 -15
0.000177064 -6.5 -17.5 -14.5
0.000199784 -7 -18 -14
0.00016778 -6.5 -17.5 -14
0.000228881 -7 -18 -13.5
0.000141475 -6.5 -17.5 -13.5
0.000219515 -7 -18 -13
0.000103044 -6.5 -17.5 -13
0.000190022 -7 -18 -12.5
5.70204e-05 -6.5 -17.5 -12.5
0.000224304 -7.5 -18.5 -11.5
3.06597e-05 -6.5 -17.5 -12
0.000103432 -7 -18 -11.5
0.000189378 -7.5 -18.5 -11
6.37882e-05 -7 -18 -11
9.80415e-05 -7.5 -18.5 -10
5.09353e-05 -7.5 -18.5 -9.5
2.63225e-05 -7.5 -18.5 -9
0.000203066 -3 -6.5 -22.5
0.000225181 -3 -6.5 -22
0.000221445 -3 -6.5 -21.5
0.000142296 -3 -6.5 -21
0.000618443 -2.5 -7 -21
4.79101e-05 -3 -6.5 -20.5
4.83079e-05 -2.5 -7 -20
6.20261e-05 -2 -7 -20.5
0.000190581 -2 -7 -21
0.000332116 -2 -7 -21.5
0.00041933 -2.5 -6.5 -21
0.000407966 -2 -7 -22
0.000700558 -2.5 -6.5 -21.5
0.000418074 -2 -7 -22.5
0.000756668 -2.5 -6.5 -22
0.000335338 -2 -7 -23
0.000720312 -2.5 -6.5 -22.5
0.000162752 -2 -7 -23.5
0.000537713 -2.5 -6.5 -23
2.92766e-05 -2 -7 -24
0.000275333 -2.5 -6.5 -23.5
6.98741e-05 -2.5 -6.5 -24
3.81791e-05 -9.5 -21 -4.5
2.25756e-05 -10 -21.5 -4.5
4.75017e-05 -9.5 -21 -5
3.06208e-05 -9 -20.5 -5
2.65762e-05 -10 -21.5 -5
5.62007e-05 -9.5 -21 -5.5
2.54162e-05 -8.5 -20 -6
5.33055e-05 -9 -20.5 -5.5
7.04595e-05 -9 -20.5 -6
2.42759e-05 -3 -6 -23.5
3.04118e-05 -10 -21.5 -5.5
6.31802e-05 -9.5 -21 -6
8.5157e-05 -9 -20.5 -6.5
4.41385e-05 -8.5 -20 -6.5
7.16776e-05 -8.5 -20 -7
3.10518e-05 -10 -21.5 -6
6.53058e-05 -9.5 -21 -6.5
9.86043e-05 -9 -20.5 -7
9.12619e-05 -8.5 -20 -7.5
2.63756e-05 -8 -19.5 -7.5
3.09771e-05 -10 -21.5 -6.5
6.43293e-05 -9.5 -21 -7
0.000105 -9 -20.5 -7.5
0.000112916 -8.5 -20 -8
4.69673e-05 -8 -19.5 -8
7.91923e-05 -8 -19.5 -8.5
2.85406e-05 -10 -21.5 -7
6.09705e-05 -9.5 -21 -7.5
0.000104828 -9 -20.5 -8
0.000130382 -8.5 -20 -8.5
0.000103163 -8 -19.5 -9
2.45377e-05 -7.5 -19 -9
2.45378e-05 -10 -21.5 -7.5
5.51762e-05 -9.5 -21 -8
9.67605e-05 -9 -20.5 -8.5
0.0001376 -8.5 -20 -9
0.000129405 -8 -19.5 -9.5
2.0529e-05 -10 -21.5 -8
4.77046e-05 -9.5 -21 -8.5
8.72308e-05 -9 -20.5 -9
0.000133732 -8.5 -20 -9.5
0.000147888 -8 -19.5 -10
2.60546e-05 -7 -18.5 -10.5
3.95968e-05 -9.5 -21 -9
7.50429e-05 -9 -20.5 -9.5
0.000121222 -8.5 -20 -10
0.000154902 -8 -19.5 -10.5
0.000131435 -7.5 -19 -11
3.06969e-05 -9.5 -21 -9.5
6.15483e-05 -9 -20.5 -10
0.000103643 -8.5 -20 -10.5
0.000146817 -8 -19.5 -11
2.20742e-05 -6.5 -18 -12
0.000144651 -7.5 -19 -11.5
2.21626e-05 -9.5 -21 -10
4.85634e-05 -9 -20.5 -10.5
8.48378e-05 -8.5 -20 -11
0.000128867 -8 -19.5 -11.5
3.72766e-05 -6.5 -18 -12.5
3.63953e-05 -9 -20.5 -11
6.58338e-05 -8.5 -20 -11.5
0.000105374 -8 -19.5 -12
2.54772e-05 -9 -20.5 -11.5
4.85316e-05 -8.5 -20 -12
7.8982e-05 -8 -19.5 -12.5
2.65184e-05 -6 -17.5 -14
9.99852e-05 -7.5 -19 -13
3.36364e-05 -8.5 -20 -12.5
5.44113e-05 -8 -19.5 -13
3.04865e-05 -6 -17.5 -14.5
6.98107e-05 -7.5 -19 -13.5
3.38983e-05 -8 -19.5 -13.5
2.55545e-05 -6 -17.5 -15
4.28669e-05 -7.5 -19 -14
3.02467e-05 -6.5 -18 -15
4.61981e-05 -7 -18.5 -14.5
5.56033e-05 -6.5 -18 -14.5
7.54993e-05 -7 -18.5 -14
6.95862e-05 -6.5 -18 -14
0.000103557 -7 -18.5 -13.5
6.95465e-05 -6.5 -18 -13.5
0.000116082 -7 -18.5 -13
0.000126129 -7.5 -19 -12.5
6.0749e-05 -6.5 -18 -13
0.000109927 -7 -18.5 -12.5
0.00014288 -7.5 -19 -12
9.68497e-05 -7 -18.5 -12
7.64049e-05 -7 -18.5 -11.5
4.49695e-05 -7 -18.5 -11
0.000106027 -7.5 -19 -10.5
8.02216e-05 -7.5 -19 -10
4.5289e-05 -7.5 -19 -9.5
4.11616e-05 -3 -6 -23
4.91161e-05 -3 -6 -22.5
5.37169e-05 -3 -6 -22
5.23724e-05 -3 -6 -21.5
3.15232e-05 -3 -6 -21
0.000138687 -2.5 -6.5 -20.5
8.81954e-05 -2 -6.5 -20.5
0.000291864 -2 -6.5 -21
0.000526505 -2 -6.5 -21.5
0.000243344 -2.5 -6 -21
0.000668467 -2 -6.5 -22
0.000578414 -2 -6.5 -23
0.000316897 -2 -6.5 -23.5
9.27264e-05 -2 -6.5 -24
9.17171e-05 -2.5 -6 -24
2.84526e-05 -9 -21 -6.5
2.68933e-05 -8.5 -20.5 -7
3.65462e-05 -9 -21 -7
4.33653e-05 -8.5 -20.5 -7.5
3.82322e-05 -9 -21 -7.5
5.08718e-05 -8.5 -20.5 -8
3.58484e-05 -8 -20 -8.5
2.54197e-05 -8 -20 -8
3.75314e-05 -9 -21 -8
5.55639e-05 -8.5 -20.5 -8.5
5.24302e-05 -8 -20 -9
3.49216e-05 -9 -21 -8.5
5.66561e-05 -8.5 -20.5 -9
6.01178e-05 -8 -20 -9.5
2.71119e-05 -7.5 -19.5 -9.5
3.01332e-05 -9 -21 -9
5.06933e-05 -8.5 -20.5 -9.5
6.43616e-05 -8 -20 -10
3.76464e-05 -7.5 -19.5 -10
2.42868e-05 -9 -21 -9.5
4.35056e-05 -8.5 -20.5 -10
6.28482e-05 -8 -20 -10.5
2.42742e-05 -7 -19 -11
3.47712e-05 -8.5 -20.5 -10.5
5.33536e-05 -8 -20 -11
2.56571e-05 -8.5 -20.5 -11
3.98733e-05 -8 -20 -11.5
4.30406e-05 -7.5 -19.5 -12
2.54229e-05 -8 -20 -12
2.3559e-05 -7 -19 -13
2.83564e-05 -7.5 -19.5 -12.5
3.14614e-05 -7 -19 -12.5
3.38096e-05 -7 -19 -12
5.30252e-05 -7.5 -19.5 -11.5
3.10364e-05 -7 -19 -11.5
5.64766e-05 -7.5 -19.5 -11
5.24792e-05 -7.5 -19.5 -10.5
0.000288672 -2.5 -6 -23.5
0.000476515 -2.5 -6 -23
0.000548452 -2.5 -6 -22.5
0.000679839 -2 -6.5 -22.5
0.000557833 -2.5 -6 -22
0.00046103 -2.5 -6 -21.5
6.47476e-05 -2.5 -6 -20.5
8.4538e-05 -2 -6 -20.5
3.36023e-05 -1.5 -6.5 -21.5
0.000318302 -2 -6 -21
5.2955e-05 -1.5 -6.5 -22
6.02187e-05 -1.5 -6.5 -22.5
0.000819442 -2 -6 -22
5.87915e-05 -1.5 -6.5 -23
3.63582e-05 -1.5 -6.5 -23.5
0.000748271 -2 -6 -23
0.000483889 -2 -6 -23.5
0.000183895 -2 -6 -24
2.09204e-05 -2 -6 -24.5
8.99268e-05 -2.5 -5.5 -24
0.000199294 -2.5 -5.5 -23.5
0.000289391 -2.5 -5.5 -23
0.000327864 -2.5 -5.5 -22.5
0.000836998 -2 -6 -22.5
0.000330042 -2.5 -5.5 -22
0.000241434 -2.5 -5.5 -21.5
0.000616356 -2 -6 -21.5
0.000100734 -2.5 -5.5 -21
3.75387e-05 -1.5 -6 -21
0.000107456 -1.5 -6 -21.5
0.000217754 -2 -5.5 -21
0.000178402 -1.5 -6 -22
0.000201332 -1.5 -6 -22.5
0.000197868 -1.5 -6 -23
0.000153784 -1.5 -6 -23.5
6.57548e-05 -1.5 -6 -24
0.000588115 -2 -5.5 -23.5
4.75913e-05 -2 -5.5 -24.5
4.25507e-05 -2.5 -5 -24
0.000275549 -2 -5.5 -24
8.72569e-05 -2.5 -5 -23.5
0.000118966 -2.5 -5 -23
0.000810039 -2 -5.5 -23
0.000124885 -2.5 -5 -22.5
0.000880214 -2 -5.5 -22.5
0.000123557 -2.5 -5 -22
0.000839071 -2 -5.5 -22
7.53872e-05 -2.5 -5 -21.5
0.000550298 -2 -5.5 -21.5
2.68415e-05 -2.5 -5 -21
3.89161e-05 -2 -5.5 -20.5
7.85259e-05 -1.5 -5.5 -21
0.000241649 -1.5 -5.5 -21.5
0.000434034 -1.5 -5.5 -22
0.000506661 -1.5 -5.5 -22.5
0.000655571 -2 -5 -22
0.000495909 -1.5 -5.5 -23
0.000391407 -1.5 -5.5 -23.5
0.000755867 -2 -5 -23
0.000203759 -1.5 -5.5 -24
0.000613087 -2 -5 -23.5
4.56289e-05 -1.5 -5.5 -24.5
7.40927e-05 -2 -5 -24.5
0.000312277 -2 -5 -24
2.05824e-05 -2.5 -4.5 -22.5
0.000765662 -2 -5 -22.5
2.09346e-05 -2.5 -4.5 -22
0.000363218 -2 -5 -21.5
0.000122358 -2 -5 -21
0.000371665 -1.5 -5 -21.5
0.000874898 -1.5 -5 -22.5
0.000474548 -2 -4.5 -22
0.000722662 -1.5 -5 -23.5
0.000410877 -1.5 -5 -24
0.000476992 -2 -4.5 -23.5
0.00011945 -1.5 -5 -24.5
8.06555e-05 -2 -4.5 -24.5
0.00028793 -2 -4.5 -24
0.000569844 -2 -4.5 -23
0.000865208 -1.5 -5 -23
0.000585166 -2 -4.5 -22.5
0.000699989 -1.5 -5 -22
0.000241097 -2 -4.5 -21.5
6.69395e-05 -2 -4.5 -21
0.000113497 -1.5 -5 -21
3.48476e-05 -1 -5 -22.5
4.09908e-05 -1 -5 -23
0.00114576 -1.5 -4.5 -22.5
3.83833e-05 -1 -5 -23.5
2.78887e-05 -1 -5 -24
0.00101605 -1.5 -4.5 -23.5
2.26896e-05 -1 -5 -24.5
4.87004e-05 -2 -4 -24.5
0.000205617 -1.5 -4.5 -24.5
0.000155824 -2 -4 -24
0.000624773 -1.5 -4.5 -24
0.000258192 -2 -4 -23.5
0.000298317 -2 -4 -23
0.00115532 -1.5 -4.5 -23
0.000301619 -2 -4 -22.5
0.000229751 -2 -4 -22
0.000840536 -1.5 -4.5 -22
0.00010666 -2 -4 -21.5
0.000400916 -1.5 -4.5 -21.5
2.56071e-05 -2 -4 -21
0.000116136 -1.5 -4.5 -21
6.13048e-05 -1 -4.5 -21.5
0.000148298 -1 -4.5 -22
0.000236715 -1 -4.5 -22.5
0.000267731 -1 -4.5 -23
0.0012409 -1.5 -4 -22.5
0.000260617 -1 -4.5 -23.5
0.00126285 -1.5 -4 -23
0.000206433 -1 -4.5 -24
0.000101723 -1 -4.5 -24.5
2.09849e-05 -1 -4.5 -25
0.000254288 -1.5 -4 -24.5
3.94418e-05 -2 -3.5 -24
0.000709443 -1.5 -4 -24
6.24603e-05 -2 -3.5 -23.5
0.00112634 -1.5 -4 -23.5
7.04895e-05 -2 -3.5 -23
7.11384e-05 -2 -3.5 -22.5
5.39804e-05 -2 -3.5 -22
0.00087934 -1.5 -4 -22
2.56806e-05 -2 -3.5 -21.5
0.000391049 -1.5 -4 -21.5
8.68323e-05 -1.5 -4 -21
4.14595e-05 -1 -4 -21
0.000449796 -1 -4 -22
0.000728305 -1 -4 -22.5
0.000812374 -1 -4 -23
0.000778774 -1 -4 -23.5
0.00107006 -1.5 -3.5 -23
0.000590465 -1 -4 -24
0.000265865 -1 -4 -24.5
3.81891e-05 -1 -4 -25
0.000260095 -1.5 -3.5 -24.5
0.00070117 -1.5 -3.5 -24
0.00101078 -1.5 -3.5 -23.5
0.00103168 -1.5 -3.5 -22.5
0.000681529 -1.5 -3.5 -22
0.000281941 -1.5 -3.5 -21.5
0.000183169 -1 -4 -21.5
6.40775e-05 -1.5 -3.5 -21
7.40255e-05 -1 -3.5 -21
0.000876671 -1 -3.5 -22
0.000648805 -1.5 -3 -23
5.87642e-05 -1 -3.5 -25
0.000138038 -1.5 -3 -24.5
0.000452757 -1 -3.5 -24.5
0.000374471 -1.5 -3 -24
0.00104777 -1 -3.5 -24
0.000579653 -1.5 -3 -23.5
0.00146152 -1 -3.5 -23.5
0.00154667 -1 -3.5 -23
0.000635993 -1.5 -3 -22.5
0.0014139 -1 -3.5 -22.5
0.000420136 -1.5 -3 -22
0.000168004 -1.5 -3 -21.5
0.000346495 -1 -3.5 -21.5
3.64412e-05 -1.5 -3 -21
5.28407e-05 -1.5 -2.5 -21.5
0.000208963 -1.5 -2.5 -22.5
0.000189392 -1.5 -2.5 -23.5
2.6442e-05 -0.5 -3.5 -24
3.81689e-05 -0.5 -3.5 -24.5
3.55332e-05 -1.5 -2.5 -24.5
2.88847e-05 -0.5 -3.5 -25
6.77772e-05 -1 -3 -25
0.000565089 -1 -3 -24.5
0.000113685 -1.5 -2.5 -24
0.00130616 -1 -3 -24
0.00183706 -1 -3 -23.5
0.00021186 -1.5 -2.5 -23
0.00195572 -1 -3 -23
0.00181716 -1 -3 -22.5
0.000137425 -1.5 -2.5 -22
0.00113022 -1 -3 -22
0.000423844 -1 -3 -21.5
8.83537e-05 -1 -3 -21
4.69367e-05 -0.5 -3 -21.5
0.000165472 -0.5 -3 -22
0.000346923 -0.5 -3 -22.5
0.000493782 -0.5 -3 -23
0.000523916 -0.5 -3 -23.5
0.000296441 -0.5 -3 -24.5
4.67163e-05 -1 -2.5 -25
8.63771e-05 -0.5 -3 -25
0.000501463 -1 -2.5 -24.5
0.00121362 -1 -2.5 -24
0.000477151 -0.5 -3 -24
0.00174389 -1 -2.5 -23.5
0.00190689 -1 -2.5 -23
0.00184013 -1 -2.5 -22.5
0.00115891 -1 -2.5 -22
0.000430584 -1 -2.5 -21.5
8.79532e-05 -1 -2.5 -21
0.00173106 -0.5 -2.5 -23.5
0.000658456 -0.5 -2.5 -24.5
2.13051e-05 -1 -2 -25
0.000100404 -0.5 -2.5 -25
0.000219089 -1 -2 -24.5
0.000545643 -1 -2 -24
0.00137714 -0.5 -2.5 -24
0.000796071 -1 -2 -23.5
0.000859805 -1 -2 -23
0.00176557 -0.5 -2.5 -23
0.000823542 -1 -2 -22.5
0.00145942 -0.5 -2.5 -22.5
0.000507605 -1 -2 -22
0.000797565 -0.5 -2.5 -22
0.000178452 -1 -2 -21.5
0.000265892 -0.5 -2.5 -21.5
3.40597e-05 -1 -2 -21
5.08702e-05 -0.5 -2.5 -21
8.18568e-05 -0.5 -2 -25
4.45236e-05 -1 -1.5 -24.5
0.000736482 -0.5 -2 -24.5
0.000120181 -1 -1.5 -24
0.00167056 -0.5 -2 -24
0.000183739 -1 -1.5 -23.5
0.00225187 -0.5 -2 -23.5
0.000201544 -1 -1.5 -23
0.00236007 -0.5 -2 -23
0.000190218 -1 -1.5 -22.5
0.00213624 -0.5 -2 -22.5
0.000112612 -1 -1.5 -22
0.00123742 -0.5 -2 -22
3.85998e-05 -1 -1.5 -21.5
0.000424552 -0.5 -2 -21.5
8.21678e-05 -0.5 -2 -21
2.77046e-05 -0.5 -1.5 -25
0.000431704 -0.5 -1.5 -24.5
0.00112765 -0.5 -1.5 -24
0.0016663 -0.5 -1.5 -23.5
0.00180455 -0.5 -1.5 -23
0.00172983 -0.5 -1.5 -22.5
0.00105526 -0.5 -1.5 -22
0.000353977 -0.5 -1.5 -21.5
6.299e-05 -0.5 -1.5 -21
7.2944e-05 -0.5 -1 -24.5
0.000197733 -0.5 -1 -24
0.000304275 -0.5 -1 -23.5
0.00033539 -0.5 -1 -23
0.000326902 -0.5 -1 -22.5
0.000198596 -0.5 -1 -22
5.8102e-05 -0.5 -1 -21.5
2.05516e-05 -0.5 -0.5 -23.5
2.19988e-05 -0.5 -0.5 -23
0.000617355 0 0 -25
0.00209856 0 0 -24.5
0.00353556 0 0 -24
0.00412296 0 0 -23.5
0.00417006 0 0 -23
0.00330754 0 0 -22.5
0.00169853 0 0 -22
0.000516783 0 0 -21.5
9.85014e-05 0 0 -21
0.000814683 0 0.5 -25
0.00311922 0 0.5 -24.5
0.0054898 0 0.5 -24
0.00654405 0 0.5 -23.5
0.00666213 0 0.5 -23
0.00543038 0 0.5 -22.5
0.00285681 0 0.5 -22
0.000891399 0 0.5 -21.5
0.000169676 0 0.5 -21
2.0672e-05 0 0.5 -20.5
0.000147582 0 1 -25
4.4055e-05 0.5 0.5 -25
0.00064219 0 1 -24.5
0.000169353 0.5 0.5 -24.5
0.00117329 0 1 -24
0.000300651 0.5 0.5 -24
0.00141469 0 1 -23.5
0.00036327 0.5 0.5 -23.5
0.00144403 0 1 -23
0.000372445 0.5 0.5 -23
0.00117959 0 1 -22.5
0.000308547 0.5 0.5 -22.5
0.000609495 0 1 -22
0.000163561 0.5 0.5 -22
0.00017316 0 1 -21.5
5.19834e-05 0.5 0.5 -21.5
2.24038e-05 0 1 -21
0.000115306 0.5 1 -25
0.000452375 0.5 1 -24.5
0.000808268 0.5 1 -24
0.000991771 0.5 1 -23.5
0.00102038 0.5 1 -23
0.000871145 0.5 1 -22.5
0.000469247 0.5 1 -22
0.000148389 0.5 1 -21.5
2.76945e-05 0.5 1 -21
9.54859e-05 0.5 1.5 -25
0.000548347 0.5 1.5 -24.5
0.00112155 0.5 1.5 -24
0.00144231 0.5 1.5 -23.5
0.00150071 0.5 1.5 -23
0.00135206 0.5 1.5 -22.5
0.000772111 0.5 1.5 -22
0.000247767 0.5 1.5 -21.5
4.4677e-05 0.5 1.5 -21
2.72175e-05 1 1.5 -21.5
0.000139638 1 1.5 -23.5
7.65919e-05 0.5 2 -25
0.000501267 0.5 2 -24.5
5.54485e-05 1 1.5 -24.5
0.00105777 0.5 2 -24
0.000108568 1 1.5 -24
0.00138907 0.5 2 -23.5
0.00144935 0.5 2 -23
0.000146025 1 1.5 -23
0.0013177 0.5 2 -22.5
0.000132748 1 1.5 -22.5
0.000776153 0.5 2 -22
7.79908e-05 1 1.5 -22
0.00027721 0.5 2 -21.5
5.53385e-05 0.5 2 -21
0.000298879 1 2 -22
0.000512011 1 2 -23
0.000352712 1 2 -24
4.91561e-05 0.5 2.5 -25
2.55488e-05 1 2 -25
0.000379581 0.5 2.5 -24.5
0.000161244 1 2 -24.5
0.000853337 0.5 2.5 -24
0.00116139 0.5 2.5 -23.5
0.000482296 1 2 -23.5
0.00122056 0.5 2.5 -23
0.00112353 0.5 2.5 -22.5
0.000484839 1 2 -22.5
0.000680288 0.5 2.5 -22
0.000248475 0.5 2.5 -21.5
0.000109483 1 2 -21.5
4.99148e-05 0.5 2.5 -21
2.20723e-05 1 2 -21
2.69724e-05 0.5 3 -25
3.4739e-05 1 2.5 -25
0.00018312 0.5 3 -24.5
0.000286973 1 2.5 -24.5
0.000393481 0.5 3 -24
0.000653582 1 2.5 -24
0.00051058 0.5 3 -23.5
0.000915236 1 2.5 -23.5
0.000527204 0.5 3 -23
0.000976153 1 2.5 -23
0.000460129 0.5 3 -22.5
0.0009321 1 2.5 -22.5
0.000267065 0.5 3 -22
0.000586553 1 2.5 -22
9.51944e-05 0.5 3 -21.5
0.00021883 1 2.5 -21.5
4.44498e-05 1 2.5 -21
2.16764e-05 1.5 2.5 -21.5
5.35381e-05 1.5 2.5 -22
7.51159e-05 1.5 2.5 -22.5
7.45328e-05 1.5 2.5 -23
6.54444e-05 1.5 2.5 -23.5
4.41157e-05 1.5 2.5 -24
2.42068e-05 1 3 -25
4.14734e-05 0.5 3.5 -24.5
0.000314229 1 3 -24.5
7.77183e-05 0.5 3.5 -24
0.000847417 1 3 -24
8.87438e-05 0.5 3.5 -23.5
0.00128077 1 3 -23.5
8.58365e-05 0.5 3.5 -23
0.00140347 1 3 -23
5.96389e-05 0.5 3.5 -22.5
0.00137706 1 3 -22.5
2.63001e-05 0.5 3.5 -22
0.000950605 1 3 -22
0.000397697 1 3 -21.5
8.18565e-05 1 3 -21
2.40242e-05 1.5 3 -21
0.00011325 1.5 3 -21.5
0.000264942 1.5 3 -22
0.000360759 1.5 3 -22.5
0.000357508 1.5 3 -23
0.000310438 1.5 3 -23.5
0.000198125 1.5 3 -24
7.18289e-05 1.5 3 -24.5
0.000257102 1 3.5 -24.5
0.000744697 1 3.5 -24
0.00116131 1 3.5 -23.5
0.00128475 1 3.5 -23
0.00126382 1 3.5 -22.5
0.000895456 1 3.5 -22
0.000396596 1 3.5 -21.5
9.80715e-05 1 3.5 -21
6.80795e-05 1.5 3.5 -21
0.000273499 1.5 3.5 -21.5
0.000575434 1.5 3.5 -22
0.000155386 1 4 -24.5
0.000131738 1.5 3.5 -24.5
0.000499091 1 4 -24
0.000401584 1.5 3.5 -24
0.000786101 1 4 -23.5
0.00063671 1.5 3.5 -23.5
0.000860279 1 4 -23
0.000732103 1.5 3.5 -23
0.000854165 1 4 -22.5
0.000741493 1.5 3.5 -22.5
0.000641938 1 4 -22
0.000306772 1 4 -21.5
8.18696e-05 1 4 -21
3.30418e-05 2 3.5 -22
3.6393e-05 2 3.5 -22.5
3.44458e-05 2 3.5 -23
2.74716e-05 2 3.5 -23.5
0.00114904 1.5 4 -23
0.000926172 1.5 4 -23.5
0.000495109 1.5 4 -24
0.000125795 1.5 4 -24.5
7.03156e-05 1 4.5 -24.5
0.00022705 1 4.5 -24
0.000349378 1 4.5 -23.5
0.000372033 1 4.5 -23
0.000359553 1 4.5 -22.5
0.0011653 1.5 4 -22.5
0.000270218 1 4.5 -22
0.000930609 1.5 4 -22
0.000141496 1 4.5 -21.5
0.000467037 1.5 4 -21.5
4.11965e-05 1 4.5 -21
0.00012945 1.5 4 -21
2.89257e-05 2 4 -21
0.000105913 2 4 -21.5
0.000207371 2 4 -22
0.00023831 2 4 -22.5
0.00114891 1.5 4.5 -22
0.000229244 2 4 -23
0.000177691 2 4 -23.5
8.9526e-05 2 4 -24
9.08151e-05 1.5 4.5 -24.5
6.38137e-05 1 5 -24
0.000466128 1.5 4.5 -24
9.90603e-05 1 5 -23.5
0.000913312 1.5 4.5 -23.5
0.000104683 1 5 -23
0.00118816 1.5 4.5 -23
9.82134e-05 1 5 -22.5
0.00124667 1.5 4.5 -22.5
7.39092e-05 1 5 -22
4.08853e-05 1 5 -21.5
0.000679639 1.5 4.5 -21.5
0.000225387 1.5 4.5 -21
3.4862e-05 1.5 4.5 -20.5
0.000114994 2 4.5 -21
0.000546535 2 4.5 -22
0.000532123 2 4.5 -23
0.00038472 2 4.5 -23.5
0.0001867 2 4.5 -24
2.95598e-05 2 4.5 -24.5
4.90214e-05 1.5 5 -24.5
0.000348787 1.5 5 -24
0.000771795 1.5 5 -23.5
0.00105603 1.5 5 -23
0.00111592 1.5 5 -22.5
0.000572249 2 4.5 -22.5
0.00105083 1.5 5 -22
0.000665541 1.5 5 -21.5
0.000336443 2 4.5 -21.5
0.000263877 1.5 5 -21
5.62286e-05 1.5 5 -20.5
2.11682e-05 1.5 5.5 -24.5
2.2742e-05 2 5 -24.5
0.000192187 1.5 5.5 -24
0.000233667 2 5 -24
0.000471191 1.5 5.5 -23.5
0.00058854 2 5 -23.5
0.0006766 1.5 5.5 -23
0.000824986 2 5 -23
0.000724291 1.5 5.5 -22.5
0.000887602 2 5 -22.5
0.000699644 1.5 5.5 -22
0.000869772 2 5 -22
0.000492497 1.5 5.5 -21.5
0.000587476 2 5 -21.5
0.000216509 1.5 5.5 -21
0.000236713 2 5 -21
4.82516e-05 1.5 5.5 -20.5
4.85188e-05 2 5 -20.5
4.07809e-05 2.5 5 -21
9.57246e-05 2 5.5 -20.5
9.21179e-05 2.5 5 -21.5
0.000410842 2 5.5 -21
0.000118861 2.5 5 -22
0.000112774 2.5 5 -22.5
0.00117809 2 5.5 -22
9.8726e-05 2.5 5 -23
6.4627e-05 2.5 5 -23.5
0.000998933 2 5.5 -23
2.10855e-05 2.5 5 -24
0.000200991 2 5.5 -24
7.31138e-05 1.5 6 -24
0.00020384 1.5 6 -23.5
0.000593258 2 5.5 -23.5
0.000300908 1.5 6 -23
0.000321234 1.5 6 -22.5
0.00116289 2 5.5 -22.5
0.000306502 1.5 6 -22
0.000226786 1.5 6 -21.5
0.000916213 2 5.5 -21.5
0.000110207 1.5 6 -21
2.76962e-05 1.5 6 -20.5
3.7775e-05 2.5 5.5 -20.5
0.000166642 2.5 5.5 -21
0.000346078 2.5 5.5 -21.5
0.000401805 2.5 5.5 -22
0.000383896 2.5 5.5 -22.5
0.000311076 2.5 5.5 -23
0.000182712 2.5 5.5 -23.5
5.55586e-05 2.5 5.5 -24
0.000131622 2 6 -24
5.76965e-05 1.5 6.5 -23.5
0.000519839 2 6 -23.5
9.6631e-05 1.5 6.5 -23
0.000939293 2 6 -23
0.000104862 1.5 6.5 -22.5
0.00113509 2 6 -22.5
9.91125e-05 1.5 6.5 -22
0.00116035 2 6 -22
7.60397e-05 1.5 6.5 -21.5
0.00099675 2 6 -21.5
3.9972e-05 1.5 6.5 -21
0.000580886 2 6 -21
0.000190126 2 6 -20.5
2.55412e-05 2 6 -20
0.000682154 2.5 6 -21.5
0.000694603 2.5 6 -22.5
0.000547871 2.5 6 -23
0.000284977 2.5 6 -23.5
5.5799e-05 2.5 6 -24
5.89286e-05 2 6.5 -24
0.000347877 2 6.5 -23.5
0.000733624 2 6.5 -23
0.000965996 2 6.5 -22.5
0.00100481 2 6.5 -22
0.000734118 2.5 6 -22
0.000897982 2 6.5 -21.5
0.0005323 2 6.5 -21
0.000403182 2.5 6 -21
0.000191121 2 6.5 -20.5
0.000131549 2.5 6 -20.5
3.5413e-05 2 6.5 -20
4.39609e-05 3 6 -21
6.34051e-05 3 6 -21.5
6.09123e-05 3 6 -22
5.40474e-05 3 6 -22.5
4.02409e-05 3 6 -23
3.84457e-05 2.5 6.5 -24
0.000168569 2 7 -23.5
0.000276938 2.5 6.5 -23.5
0.000415623 2 7 -23
0.000648633 2.5 6.5 -23
0.00059802 2 7 -22.5
0.00092284 2.5 6.5 -22.5
0.000629988 2 7 -22
0.000960671 2.5 6.5 -22
0.000565468 2 7 -21.5
0.000928676 2.5 6.5 -21.5
0.000349525 2 7 -21
0.000659048 2.5 6.5 -21
0.000147191 2 7 -20.5
0.000272194 2.5 6.5 -20.5
3.01233e-05 2 7 -20
5.15433e-05 2.5 6.5 -20
8.8046e-05 3 6.5 -20.5
0.000206279 3 6.5 -21
0.000272714 3 6.5 -21.5
0.00026616 3 6.5 -22
0.000234735 3 6.5 -22.5
0.000141948 3 6.5 -23
0.000948671 2.5 7 -22.5
5.07544e-05 3 6.5 -23.5
0.000213278 2.5 7 -23.5
4.79873e-05 2 7.5 -23.5
0.000167159 2 7.5 -23
0.000606786 2.5 7 -23
0.000255938 2 7.5 -22.5
0.000265875 2 7.5 -22
0.00111527 2.5 7 -22
0.000236697 2 7.5 -21.5
0.00112718 2.5 7 -21.5
0.000157932 2 7.5 -21
0.000920434 2.5 7 -21
7.5786e-05 2 7.5 -20.5
0.000467971 2.5 7 -20.5
0.000117463 2.5 7 -20
7.51204e-05 3 7 -20
3.04392e-05 2 8 -20.5
5.60527e-05 2 8 -21
0.0005794 3 7 -21.5
0.000451561 3 7 -22.5
7.4008e-05 3 7 -23.5
0.000114954 2.5 7.5 -23.5
3.68901e-05 2 8 -23
0.000466174 2.5 7.5 -23
8.09071e-05 2 8 -22.5
0.000269163 3 7 -23
0.000854286 2.5 7.5 -22.5
8.65332e-05 2 8 -22
0.00105383 2.5 7.5 -22
7.7062e-05 2 8 -21.5
0.00054999 3 7 -22
0.00107697 2.5 7.5 -21.5
0.000913697 2.5 7.5 -21
0.000508174 3 7 -21
0.000566485 2.5 7.5 -20.5
0.000279512 3 7 -20.5
0.000221787 2.5 7.5 -20
3.80521e-05 2.5 7.5 -19.5
4.80052e-05 2.5 8 -19.5
2.34357e-05 3.5 7 -20.5
3.50955e-05 3.5 7 -21
3.30404e-05 3.5 7 -21.5
0.00073211 2.5 8 -21
2.7229e-05 3.5 7 -22
3.75636e-05 2.5 8 -23.5
6.05745e-05 3 7.5 -23.5
0.000268307 2.5 8 -23
0.000289084 3 7.5 -23
0.000610802 2.5 8 -22.5
0.000629927 3 7.5 -22.5
0.000809758 2.5 8 -22
0.0008494 3 7.5 -22
0.000814176 2.5 8 -21.5
0.000862407 3 7.5 -21.5
0.000793852 3 7.5 -21
0.000487858 2.5 8 -20.5
0.000506606 3 7.5 -20.5
0.000214646 2.5 8 -20
0.000199694 3 7.5 -20
3.39884e-05 3 7.5 -19.5
5.31589e-05 3.5 7.5 -20
0.000130656 3.5 7.5 -20.5
0.000377784 3 8 -20
0.000174202 3.5 7.5 -21
0.000159784 3.5 7.5 -21.5
0.000142978 3.5 7.5 -22
0.00108735 3 8 -21.5
8.44393e-05 3.5 7.5 -22.5
3.60026e-05 3.5 7.5 -23
2.98973e-05 3 8 -23.5
0.000102817 2.5 8.5 -23
0.000243126 3 8 -23
0.000308567 2.5 8.5 -22.5
0.000599173 3 8 -22.5
0.000457452 2.5 8.5 -22
0.000902874 3 8 -22
0.000466579 2.5 8.5 -21.5
0.000429776 2.5 8.5 -21
0.00107892 3 8 -21
0.000310975 2.5 8.5 -20.5
0.000785793 3 8 -20.5
0.00015065 2.5 8.5 -20
4.01738e-05 2.5 8.5 -19.5
9.4466e-05 3 8 -19.5
2.75505e-05 2.5 9 -19.5
0.000197839 3.5 8 -20
0.000382111 3.5 8 -20.5
7.69896e-05 2.5 9 -20
0.000423231 3.5 8 -21.5
0.000205328 3.5 8 -22.5
6.5642e-05 3.5 8 -23
0.000492108 3 8.5 -22.5
0.000149386 3 8.5 -23
9.76591e-05 2.5 9 -22.5
0.000177208 2.5 9 -22
0.000854584 3 8.5 -22
0.000189115 2.5 9 -21.5
0.000340804 3.5 8 -22
0.00106594 3 8.5 -21.5
0.000177345 2.5 9 -21
0.0010836 3 8.5 -21
0.000142322 2.5 9 -20.5
0.000451021 3.5 8 -21
0.000960208 3 8.5 -20.5
0.000605499 3 8.5 -20
0.000233861 3 8.5 -19.5
5.07672e-05 3.5 8 -19.5
3.725e-05 3 8.5 -19
0.000268551 3 9 -19.5
0.000184887 3.5 8.5 -19.5
3.27029e-05 2.5 9.5 -20
5.17286e-05 2.5 9.5 -20.5
0.000748668 3.5 8.5 -21
0.000703216 3.5 8.5 -21.5
5.8597e-05 2.5 9.5 -21
5.98215e-05 2.5 9.5 -21.5
0.000532165 3.5 8.5 -22
4.01076e-05 2.5 9.5 -22
0.000259796 3.5 8.5 -22.5
6.11772e-05 3.5 8.5 -23
5.45306e-05 3 9 -23
0.000310627 3 9 -22.5
0.00067601 3 9 -22
0.000924437 3 9 -21.5
0.000987602 3 9 -21
0.000898774 3 9 -20.5
0.000699488 3.5 8.5 -20.5
0.000590774 3 9 -20
0.000461619 3.5 8.5 -20
7.76394e-05 3 9 -19
3.00334e-05 3.5 8.5 -19
3.92845e-05 4 8.5 -19.5
8.03637e-05 4 8.5 -20
9.63944e-05 4 8.5 -20.5
0.000737324 3.5 9 -20
0.000232334 3 9.5 -19.5
8.98208e-05 4 8.5 -21
7.95374e-05 4 8.5 -21.5
5.1759e-05 4 8.5 -22
0.00084154 3.5 9 -21.5
0.000681875 3 9.5 -21
0.000380388 3 9.5 -22
0.000131572 3 9.5 -22.5
3.61992e-05 3.5 9 -23
0.000227934 3.5 9 -22.5
0.000538519 3.5 9 -22
0.000595818 3 9.5 -21.5
0.000961671 3.5 9 -21
0.000644542 3 9.5 -20.5
0.000920873 3.5 9 -20.5
0.000471089 3 9.5 -20
0.000382998 3.5 9 -19.5
6.93233e-05 3 9.5 -19
0.000110667 3.5 9 -19
4.98167e-05 3.5 9.5 -18.5
0.000170974 4 9 -19.5
0.00029602 4 9 -20
0.000139697 3 10 -19.5
0.000236677 4 9 -21.5
0.000354612 3 10 -21
0.00100938 3.5 9.5 -21
4.09952e-05 4 9 -22.5
0.000142647 3.5 9.5 -22.5
0.000144531 3 10 -22
0.000461795 3.5 9.5 -22
0.000280175 3 10 -21.5
0.000127909 4 9 -22
0.000806779 3.5 9.5 -21.5
0.000343259 3 10 -20.5
0.000315117 4 9 -21
0.00108226 3.5 9.5 -20.5
0.000262208 3 10 -20
0.000336105 4 9 -20.5
0.000976219 3.5 9.5 -20
0.000640652 3.5 9.5 -19.5
5.23751e-05 3 10 -19
0.000253011 3.5 9.5 -19
5.30152e-05 4 9 -19
3.35698e-05 3 10.5 -19
6.94555e-05 3 10.5 -19.5
0.000107514 3 10.5 -20
0.000134088 3 10.5 -20.5
0.000128651 3 10.5 -21
8.17394e-05 3 10.5 -21.5
5.64293e-05 3.5 10 -22.5
4.5502e-05 4 9.5 -22.5
0.000292313 3.5 10 -22
0.000192804 4 9.5 -22
0.000649806 3.5 10 -21.5
0.000412243 4 9.5 -21.5
0.00092689 3.5 10 -21
0.000556229 4 9.5 -21
0.00103778 3.5 10 -20.5
0.000626416 4 9.5 -20.5
0.000968716 3.5 10 -20
0.000599418 4 9.5 -20
0.000740779 3.5 10 -19.5
0.000444108 4 9.5 -19.5
0.000411547 3.5 10 -19
0.000200795 4 9.5 -19
0.000141977 3.5 10 -18.5
4.1058e-05 4 9.5 -18.5
6.27779e-05 4.5 9.5 -20
2.30787e-05 3 11 -19.5
5.52971e-05 4.5 9.5 -20.5
3.53995e-05 3 11 -20
4.10057e-05 4.5 9.5 -21
4.0277e-05 3 11 -20.5
2.93567e-05 4 10 -22.5
0.000120233 3.5 10.5 -22
0.000174555 4 10 -22
0.000398964 3.5 10.5 -21.5
0.000433498 4 10 -21.5
0.000690286 3.5 10.5 -21
0.000725215 4 10 -21
0.000836246 3.5 10.5 -20.5
0.000895418 4 10 -20.5
0.000785011 3.5 10.5 -20
0.000854757 4 10 -20
0.000633481 3.5 10.5 -19.5
0.000700354 4 10 -19.5
0.00038827 3.5 10.5 -19
5.77746e-05 4.5 9.5 -19.5
0.000408771 4 10 -19
0.000155788 3.5 10.5 -18.5
3.67272e-05 4.5 9.5 -19
0.000158464 4 10 -18.5
3.86709e-05 3.5 10.5 -18
2.29465e-05 4 10 -18
3.96427e-05 3.5 11 -18
0.000130335 3.5 11 -18.5
0.00028133 3.5 11 -19
0.000418055 3.5 11 -19.5
6.42611e-05 4.5 10 -21.5
0.000106828 4 10.5 -22
0.000151407 3.5 11 -21.5
0.000366197 4 10.5 -21.5
0.000355588 3.5 11 -21
0.000679528 4 10.5 -21
0.000497727 3.5 11 -20.5
0.000140374 4.5 10 -21
0.000899753 4 10.5 -20.5
0.000492996 3.5 11 -20
0.000219672 4.5 10 -20.5
0.00105262 4 10.5 -20
0.000249622 4.5 10 -20
0.000967196 4 10.5 -19.5
0.000234367 4.5 10 -19.5
0.000682333 4 10.5 -19
0.000164699 4.5 10 -19
0.000347789 4 10.5 -18.5
7.24429e-05 4.5 10 -18.5
0.000101717 4 10.5 -18
3.18658e-05 3.5 11.5 -18
7.91865e-05 3.5 11.5 -18.5
0.000145059 3.5 11.5 -19
0.000201105 3.5 11.5 -19.5
0.000223895 3.5 11.5 -20
0.000205333 3.5 11.5 -20.5
0.000106719 3.5 11.5 -21
3.96319e-05 4 11 -22
2.21159e-05 4.5 10.5 -22
0.000228013 4 11 -21.5
0.000118593 4.5 10.5 -21.5
0.000542137 4 11 -21
0.000283069 4.5 10.5 -21
0.000837735 4 11 -20.5
0.000421453 4.5 10.5 -20.5
0.00102431 4 11 -20
0.000519649 4.5 10.5 -20
0.000982883 4 11 -19.5
0.00050701 4.5 10.5 -19.5
0.000859267 4 11 -19
0.00041793 4.5 10.5 -19
0.000573844 4 11 -18.5
0.000244017 4.5 10.5 -18.5
0.000271031 4 11 -18
8.39516e-05 4.5 10.5 -18
6.06474e-05 4 11 -17.5
2.06646e-05 4 11.5 -17
0.000127661 4 11.5 -17.5
0.000303677 4 11.5 -18
2.06121e-05 3.5 12 -18
4.08775e-05 3.5 12 -18.5
3.71504e-05 5 10.5 -19.5
5.96388e-05 3.5 12 -19
2.48738e-05 5 10.5 -20
7.00478e-05 3.5 12 -19.5
6.86181e-05 3.5 12 -20
3.73285e-05 3.5 12 -20.5
8.71702e-05 4 11.5 -21.5
0.000111324 4.5 11 -21.5
0.000323032 4 11.5 -21
0.000303205 4.5 11 -21
0.00062826 4 11.5 -20.5
0.000558856 4.5 11 -20.5
0.000860504 4 11.5 -20
0.000772235 4.5 11 -20
0.000909062 4 11.5 -19.5
0.000801198 4.5 11 -19.5
0.000788363 4 11.5 -19
0.000708675 4.5 11 -19
0.000553145 4 11.5 -18.5
4.44556e-05 5 10.5 -19
0.000496609 4.5 11 -18.5
3.63788e-05 5 10.5 -18.5
0.000250752 4.5 11 -18
2.20775e-05 5 10.5 -18
6.89513e-05 4.5 11 -17.5
3.69873e-05 4 12 -17
0.000120272 4 12 -17.5
0.000268113 4 12 -18
0.000440979 4 12 -18.5
0.000569945 4 12 -19
2.92161e-05 5 11 -21
6.86268e-05 4.5 11.5 -21.5
0.000112651 4 12 -21
0.000254065 4.5 11.5 -21
0.000317958 4 12 -20.5
0.000529554 4.5 11.5 -20.5
0.000516951 4 12 -20
7.17165e-05 5 11 -20.5
0.000773642 4.5 11.5 -20
0.000633422 4 12 -19.5
0.000126929 5 11 -20
0.000926035 4.5 11.5 -19.5
0.000182533 5 11 -19.5
0.000953018 4.5 11.5 -19
0.000185669 5 11 -19
0.000783095 4.5 11.5 -18.5
0.000157267 5 11 -18.5
0.000493954 4.5 11.5 -18
9.82686e-05 5 11 -18
0.000219003 4.5 11.5 -17.5
3.76431e-05 5 11 -17.5
4.7862e-05 4.5 11.5 -17
2.9183e-05 4.5 12 -16.5
0.000191581 4.5 12 -17
3.33998e-05 4 12.5 -17
9.29439e-05 4 12.5 -17.5
0.000175375 4 12.5 -18
0.000261063 4 12.5 -18.5
0.000311721 4 12.5 -19
0.000311645 4 12.5 -19.5
0.000210035 4 12.5 -20
8.38733e-05 4 12.5 -20.5
0.000144639 4.5 12 -21
5.59623e-05 5 11.5 -21
0.000402087 4.5 12 -20.5
0.000159712 5 11.5 -20.5
0.000698465 4.5 12 -20
0.000272225 5 11.5 -20
0.000904154 4.5 12 -19.5
0.000394695 5 11.5 -19.5
0.00098791 4.5 12 -19
0.000446957 5 11.5 -19
0.000937411 4.5 12 -18.5
0.000406747 5 11.5 -18.5
0.000751479 4.5 12 -18
0.000295457 5 11.5 -18
0.000472189 4.5 12 -17.5
0.000154072 5 11.5 -17.5
4.43885e-05 5 11.5 -17
0.000112304 4.5 12.5 -16.5
2.83487e-05 5.5 11.5 -17.5
0.000287376 4.5 12.5 -17
2.6195e-05 4 13 -17
0.000507623 4.5 12.5 -17.5
5.33227e-05 4 13 -17.5
0.000757154 4.5 12.5 -18
2.73269e-05 5.5 11.5 -18.5
8.38261e-05 4 13 -18
0.000110683 4 13 -18.5
0.000121646 4 13 -19
8.97143e-05 4 13 -19.5
2.99789e-05 4 13 -20
4.42411e-05 4.5 12.5 -21
5.46256e-05 5 12 -21
0.00021122 4.5 12.5 -20.5
0.000181683 5 12 -20.5
0.000487495 4.5 12.5 -20
0.000379157 5 12 -20
0.000756359 4.5 12.5 -19.5
0.000584205 5 12 -19.5
0.000915032 4.5 12.5 -19
0.000721532 5 12 -19
0.000894778 4.5 12.5 -18.5
0.000691504 5 12 -18.5
0.000591387 5 12 -18
3.2703e-05 5.5 11.5 -18
0.000393998 5 12 -17.5
0.000183372 5 12 -17
4.77369e-05 5 12 -16.5
4.267e-05 5 12.5 -16
3.91734e-05 4.5 13 -16
0.000118942 4.5 13 -16.5
0.000270569 4.5 13 -17
0.000452907 4.5 13 -17.5
0.000624001 4.5 13 -18
3.11616e-05 4 13.5 -18
0.000690131 4.5 13 -18.5
3.2723e-05 4 13.5 -18.5
0.000645564 4.5 13 -19
3.00234e-05 5 12.5 -21
5.59361e-05 4.5 13 -20.5
0.000142165 5 12.5 -20.5
0.000223308 4.5 13 -20
0.000353224 5 12.5 -20
0.000458524 4.5 13 -19.5
2.05037e-05 5.5 12 -20
0.000587896 5 12.5 -19.5
6.53379e-05 5.5 12 -19.5
0.000803695 5 12.5 -19
0.000109903 5.5 12 -19
0.000892413 5 12.5 -18.5
0.000139542 5.5 12 -18.5
0.00082734 5 12.5 -18
0.000145108 5.5 12 -18
0.000669833 5 12.5 -17.5
0.00012049 5.5 12 -17.5
0.000418717 5 12.5 -17
7.84394e-05 5.5 12 -17
0.000189045 5 12.5 -16.5
3.13631e-05 5.5 12 -16.5
3.13244e-05 5 13 -15.5
0.000187852 5 13 -16
3.87765e-05 4.5 13.5 -16
0.000424207 5 13 -16.5
0.000105042 4.5 13.5 -16.5
0.000680834 5 13 -17
0.000197464 4.5 13.5 -17
0.000307933 4.5 13.5 -17.5
0.000375967 4.5 13.5 -18
0.000394097 4.5 13.5 -18.5
0.000304822 4.5 13.5 -19
0.000161852 4.5 13.5 -19.5
3.53619e-05 4.5 13.5 -20
6.88385e-05 5 13 -20.5
0.000240048 5 13 -20
6.54779e-05 5.5 12.5 -20
0.000491798 5 13 -19.5
0.000151548 5.5 12.5 -19.5
0.000742589 5 13 -19
0.000254197 5.5 12.5 -19
0.000903067 5 13 -18.5
0.000353822 5.5 12.5 -18.5
0.000966525 5 13 -18
0.000387898 5.5 12.5 -18
0.000885224 5 13 -17.5
0.000346158 5.5 12.5 -17.5
0.000249215 5.5 12.5 -17
0.000135241 5.5 12.5 -16.5
4.30725e-05 5.5 12.5 -16
2.24017e-05 5 13.5 -15
0.000124898 5 13.5 -15.5
0.000304048 5 13.5 -16
2.66908e-05 6 12.5 -16.5
3.23718e-05 4.5 14 -16
0.000529922 5 13.5 -16.5
6.45615e-05 4.5 14 -16.5
0.000753754 5 13.5 -17
0.000103665 4.5 14 -17
0.000869937 5 13.5 -17.5
0.000149816 4.5 14 -17.5
0.000915521 5 13.5 -18
0.000161977 4.5 14 -18
0.000136118 4.5 14 -18.5
6.58081e-05 4.5 14 -19
0.000104097 5 13.5 -20
8.76569e-05 5.5 13 -20
0.000305227 5 13.5 -19.5
0.00021992 5.5 13 -19.5
0.000559701 5 13.5 -19
0.000390926 5.5 13 -19
0.000798594 5 13.5 -18.5
0.000564241 5.5 13 -18.5
0.000651639 5.5 13 -18
0.000622176 5.5 13 -17.5
2.15506e-05 6 12.5 -17.5
0.000531811 5.5 13 -17
2.88598e-05 6 12.5 -17
0.00036704 5.5 13 -16.5
0.000183372 5.5 13 -16
5.77817e-05 5.5 13 -15.5
6.64359e-05 5.5 13.5 -15
5.38816e-05 5 14 -15
0.000216506 5.5 13.5 -15.5
0.000142894 5 14 -15.5
0.00042547 5.5 13.5 -16
0.000293077 5 14 -16
0.000476572 5 14 -16.5
0.000130415 6 13 -17
3.33253e-05 4.5 14.5 -16.5
0.000644371 5 14 -17
0.000117806 6 13 -17.5
4.34544e-05 4.5 14.5 -17
0.000721026 5 14 -17.5
9.16129e-05 6 13 -18
4.66727e-05 4.5 14.5 -17.5
5.44575e-05 6 13 -18.5
0.000704218 5 14 -18
2.89877e-05 4.5 14.5 -18
0.000531922 5 14 -18.5
6.37456e-05 5.5 13.5 -20
0.000109813 5 14 -19.5
0.00019489 5.5 13.5 -19.5
0.000298665 5 14 -19
0.000380582 5.5 13.5 -19
0.000592893 5.5 13.5 -18.5
0.000784402 5.5 13.5 -18
0.000843465 5.5 13.5 -17.5
0.00076342 5.5 13.5 -17
0.000634768 5.5 13.5 -16.5
0.000116361 6 13 -16.5
8.38601e-05 6 13 -16
3.87749e-05 6 13 -15.5
6.85048e-05 5.5 14 -14.5
0.000238734 5.5 14 -15
5.59219e-05 5 14.5 -15
0.000454096 5.5 14 -15.5
0.000126373 5 14.5 -15.5
0.000683154 5.5 14 -16
0.000227747 5 14.5 -16
0.000856816 5.5 14 -16.5
0.000342608 5 14.5 -16.5
0.000415203 5 14.5 -17
0.000440507 5 14.5 -17.5
0.000350247 5 14.5 -18
0.000208869 5 14.5 -18.5
7.2089e-05 5 14.5 -19
0.00010864 5.5 14 -19.5
0.000281332 5.5 14 -19
6.33101e-05 6 13.5 -19
0.000505322 5.5 14 -18.5
0.000138305 6 13.5 -18.5
0.000720049 5.5 14 -18
0.000229622 6 13.5 -18
0.000855424 5.5 14 -17.5
0.000318432 6 13.5 -17.5
0.000923707 5.5 14 -17
0.000359147 6 13.5 -17
0.000330832 6 13.5 -16.5
0.000255842 6 13.5 -16
0.000157221 6 13.5 -15.5
6.55482e-05 6 13.5 -15
6.08892e-05 5.5 14.5 -14
0.000184298 5.5 14.5 -14.5
2.65969e-05 6.5 13.5 -15
0.000361004 5.5 14.5 -15
3.20974e-05 6.5 13.5 -15.5
4.295e-05 5 15 -15
0.000571435 5.5 14.5 -15.5
3.03644e-05 6.5 13.5 -16
7.93188e-05 5 15 -15.5
0.000754272 5.5 14.5 -16
0.000134323 5 15 -16
0.000845427 5.5 14.5 -16.5
0.000172804 5 15 -16.5
0.000881452 5.5 14.5 -17
0.000189239 5 15 -17
0.000765542 5.5 14.5 -17.5
0.000161887 5 15 -17.5
0.000555649 5.5 14.5 -18
8.18918e-05 5 15 -18
2.28704e-05 5.5 14.5 -19.5
3.00987e-05 6 14 -19.5
0.000135619 5.5 14.5 -19
9.57778e-05 6 14 -19
0.000330264 5.5 14.5 -18.5
0.000214854 6 14 -18.5
0.000369315 6 14 -18
0.000520839 6 14 -17.5
0.000607158 6 14 -17
0.000595253 6 14 -16.5
2.07707e-05 6.5 13.5 -16.5
0.000533605 6 14 -16
0.000396616 6 14 -15.5
0.00023428 6 14 -15
0.000105612 6 14 -14.5
2.75989e-05 6 14 -14
3.93021e-05 6 14.5 -13.5
2.50352e-05 5.5 15 -13.5
0.000144436 6 14.5 -14
8.89181e-05 5.5 15 -14
0.000302568 6 14.5 -14.5
0.000190932 5.5 15 -14.5
0.000491508 6 14.5 -15
0.000342617 5.5 15 -15
0.000655113 6 14.5 -15.5
2.64131e-05 5 15.5 -15
0.000512489 5.5 15 -15.5
4.19397e-05 5 15.5 -15.5
0.00065615 5.5 15 -16
0.000113268 6.5 14 -16.5
5.3387e-05 5 15.5 -16
0.000727557 5.5 15 -16.5
8.15135e-05 6.5 14 -17
5.38004e-05 5 15.5 -16.5
0.000681669 5.5 15 -17
3.72664e-05 5 15.5 -17
0.000514241 5.5 15 -17.5
0.000305654 5.5 15 -18
0.000128069 5.5 15 -18.5
7.61499e-05 6 14.5 -19
0.000198339 6 14.5 -18.5
0.000363044 6 14.5 -18
0.000549633 6 14.5 -17.5
4.40531e-05 6.5 14 -17.5
0.000730128 6 14.5 -17
0.000804128 6 14.5 -16.5
0.000745619 6 14.5 -16
0.000135182 6.5 14 -16
0.000130335 6.5 14 -15.5
0.000107975 6.5 14 -15
6.43979e-05 6.5 14 -14.5
2.74729e-05 6.5 14 -14
5.83756e-05 6 15 -13
0.000186553 6 15 -13.5
3.37179e-05 5.5 15.5 -13.5
0.000366164 6 15 -14
8.41528e-05 5.5 15.5 -14
0.000560224 6 15 -14.5
0.000161042 5.5 15.5 -14.5
0.000734825 6 15 -15
0.000262612 5.5 15.5 -15
0.000838566 6 15 -15.5
0.000366362 5.5 15.5 -15.5
0.000875782 6 15 -16
0.000424919 5.5 15.5 -16
0.000791217 6 15 -16.5
0.000436439 5.5 15.5 -16.5
0.000333193 5.5 15.5 -17
0.000120455 6.5 14.5 -17.5
0.000199598 5.5 15.5 -17.5
5.63155e-05 6.5 14.5 -18
7.47394e-05 5.5 15.5 -18
2.77141e-05 6 15 -19
0.0001184 6 15 -18.5
0.000275195 6 15 -18
0.000470714 6 15 -17.5
0.00066079 6 15 -17
0.000201145 6.5 14.5 -17
0.000293656 6.5 14.5 -16.5
0.000353519 6.5 14.5 -16
0.000342443 6.5 14.5 -15.5
0.00030234 6.5 14.5 -15
0.000222123 6.5 14.5 -14.5
0.000127386 6.5 14.5 -14
5.54192e-05 6.5 14.5 -13.5
3.66574e-05 6.5 15 -12.5
5.25118e-05 6 15.5 -12.5
0.000106361 6.5 15 -13
0.000145975 6 15.5 -13
0.000279527 6 15.5 -13.5
3.99283e-05 7 14.5 -14
3.02289e-05 5.5 16 -13.5
0.00043738 6 15.5 -14
4.4092e-05 7 14.5 -14.5
5.83722e-05 5.5 16 -14
0.000612171 6 15.5 -14.5
0.000104645 5.5 16 -14.5
0.000753582 6 15.5 -15
0.000145268 5.5 16 -15
0.000813505 6 15.5 -15.5
0.000174646 5.5 16 -15.5
0.000809666 6 15.5 -16
0.000187164 5.5 16 -16
0.000680976 6 15.5 -16.5
0.00014501 5.5 16 -16.5
0.000495136 6 15.5 -17
6.77867e-05 5.5 16 -17
0.000301553 6 15.5 -17.5
3.14506e-05 6 15.5 -18.5
3.29811e-05 6.5 15 -18.5
0.000131681 6 15.5 -18
8.99774e-05 6.5 15 -18
0.000187833 6.5 15 -17.5
0.000320272 6.5 15 -17
0.000466303 6.5 15 -16.5
0.000570602 6.5 15 -16
0.000604382 6.5 15 -15.5
0.000569593 6.5 15 -15
3.56115e-05 7 14.5 -15
0.000475825 6.5 15 -14.5
0.000342434 6.5 15 -14
0.000208991 6.5 15 -13.5
2.88851e-05 7 14.5 -13.5
6.32614e-05 6.5 15.5 -12
2.40897e-05 6 16 -12
0.00016379 6.5 15.5 -12.5
7.31289e-05 6 16 -12.5
0.000294592 6.5 15.5 -13
0.000145836 6 16 -13
0.000453892 6.5 15.5 -13.5
0.000264281 6 16 -13.5
0.000605628 6.5 15.5 -14
0.00040182 6 16 -14
0.000709034 6.5 15.5 -14.5
3.32511e-05 5.5 16.5 -14
0.000539621 6 16 -14.5
4.47457e-05 5.5 16.5 -14.5
0.000641114 6 16 -15
0.000111808 7 15 -15.5
5.07869e-05 5.5 16.5 -15
0.000683778 6 16 -15.5
7.47169e-05 7 15 -16
4.2793e-05 5.5 16.5 -15.5
0.000582624 6 16 -16
2.06243e-05 5.5 16.5 -16
0.000428521 6 16 -16.5
0.000252873 6 16 -17
0.000107598 6 16 -17.5
7.16446e-05 6.5 15.5 -18
0.000172968 6.5 15.5 -17.5
0.000311109 6.5 15.5 -17
0.000470798 6.5 15.5 -16.5
3.36446e-05 7 15 -16.5
0.000636288 6.5 15.5 -16
0.000746025 6.5 15.5 -15.5
0.000759713 6.5 15.5 -15
0.000145384 7 15 -15
0.000161754 7 15 -14.5
0.000151397 7 15 -14
0.000121339 7 15 -13.5
7.96753e-05 7 15 -13
3.67178e-05 7 15 -12.5
2.50859e-05 6.5 16 -11
8.21964e-05 6.5 16 -11.5
0.000196229 6.5 16 -12
2.8709e-05 6 16.5 -12
0.000368726 6.5 16 -12.5
6.74255e-05 6 16.5 -12.5
0.000523697 6.5 16 -13
0.000123401 6 16.5 -13
0.000665205 6.5 16 -13.5
0.000201413 6 16.5 -13.5
0.000769596 6.5 16 -14
0.000290249 6 16.5 -14
0.000812236 6.5 16 -14.5
0.000355381 6 16.5 -14.5
0.00077661 6.5 16 -15
0.000388443 6 16.5 -15
0.00069393 6.5 16 -15.5
0.00035548 6 16.5 -15.5
0.000555372 6.5 16 -16
0.000254164 6 16.5 -16
0.000139878 6 16.5 -16.5
4.58004e-05 7 15.5 -17
4.22136e-05 6 16.5 -17
2.0108e-05 6.5 16 -18
9.85022e-05 6.5 16 -17.5
0.000224188 6.5 16 -17
0.00038796 6.5 16 -16.5
9.63392e-05 7 15.5 -16.5
0.00016977 7 15.5 -16
0.000260951 7 15.5 -15.5
0.000340828 7 15.5 -15
0.000382634 7 15.5 -14.5
0.000366568 7 15.5 -14
0.000325383 7 15.5 -13.5
0.000251121 7 15.5 -13
0.000161253 7 15.5 -12.5
9.24856e-05 7 15.5 -12
3.99495e-05 7 15.5 -11.5
3.63153e-05 7 16 -10.5
9.39144e-05 7 16 -11
6.13487e-05 6.5 16.5 -11
0.00017465 7 16 -11.5
0.000134599 6.5 16.5 -11.5
0.000272897 7 16 -12
0.000247907 6.5 16.5 -12
2.50466e-05 6 17 -12
0.000376601 6.5 16.5 -12.5
7.41992e-05 7.5 15.5 -13
4.40813e-05 6 17 -12.5
0.000522318 6.5 16.5 -13
6.06731e-05 7.5 15.5 -13.5
7.15801e-05 6 17 -13
0.000656574 6.5 16.5 -13.5
4.22893e-05 7.5 15.5 -14
0.000113224 6 17 -13.5
0.000734679 6.5 16.5 -14
0.000139239 6 17 -14
0.000755489 6.5 16.5 -14.5
0.000151008 6 17 -14.5
0.000682137 6.5 16.5 -15
0.000133292 6 17 -15
0.000543508 6.5 16.5 -15.5
8.12656e-05 6 17 -15.5
0.000382162 6.5 16.5 -16
2.22264e-05 6 17 -16
0.000224055 6.5 16.5 -16.5
9.50346e-05 6.5 16.5 -17
7.11065e-05 7 16 -17
0.00014908 7 16 -16.5
0.000255915 7 16 -16
0.000387463 7 16 -15.5
0.000511008 7 16 -15
0.000595985 7 16 -14.5
0.000622278 7 16 -14
0.00057881 7 16 -13.5
0.000487026 7 16 -13
0.000371507 7 16 -12.5
7.01574e-05 7.5 15.5 -12.5
5.50293e-05 7.5 15.5 -12
3.38836e-05 7.5 15.5 -11.5
3.04197e-05 7 16.5 -9.5
8.05783e-05 7 16.5 -10
0.000159692 7 16.5 -10.5
9.34281e-05 7.5 16 -11
2.85253e-05 6.5 17 -10.5
0.00026132 7 16.5 -11
6.5376e-05 6.5 17 -11
0.000373929 7 16.5 -11.5
0.000127339 6.5 17 -11.5
0.000506021 7 16.5 -12
0.000224825 6.5 17 -12
0.000636773 7 16.5 -12.5
0.000334493 6.5 17 -12.5
0.000707635 7 16.5 -13
0.000442905 6.5 17 -13
0.000730173 7 16.5 -13.5
3.05918e-05 6 17.5 -13
0.000528647 6.5 17 -13.5
3.47858e-05 6 17.5 -13.5
0.000563458 6.5 17 -14
0.000107009 7.5 16 -14.5
2.73505e-05 6 17.5 -14
0.000540439 6.5 17 -14.5
6.10932e-05 7.5 16 -15
0.000432108 6.5 17 -15
0.000291548 6.5 17 -15.5
0.000155258 6.5 17 -16
5.4788e-05 6.5 17 -16.5
5.21703e-05 7 16.5 -17
0.000130046 7 16.5 -16.5
0.00023846 7 16.5 -16
0.000373928 7 16.5 -15.5
0.000512314 7 16.5 -15
0.000638619 7 16.5 -14.5
0.000706002 7 16.5 -14
0.000164748 7.5 16 -14
0.000207208 7.5 16 -13.5
0.000227568 7.5 16 -13
0.000217092 7.5 16 -12.5
0.000189019 7.5 16 -12
0.000144974 7.5 16 -11.5
2.06135e-05 7.5 16.5 -8.5
4.25656e-05 7.5 16.5 -9
2.82695e-05 7 17 -9
8.4343e-05 7.5 16.5 -9.5
7.55759e-05 7 17 -9.5
0.000140272 7 17 -10
3.01638e-05 8 16 -10.5
0.000234998 7 17 -10.5
3.84239e-05 8 16 -11
2.63849e-05 6.5 17.5 -10.5
0.000358742 7 17 -11
4.04853e-05 8 16 -11.5
5.17211e-05 6.5 17.5 -11
0.000506321 7 17 -11.5
3.16158e-05 8 16 -12
9.8262e-05 6.5 17.5 -11.5
0.000629442 7 17 -12
0.000150317 6.5 17.5 -12
0.000693513 7 17 -12.5
0.000209869 6.5 17.5 -12.5
0.000720843 7 17 -13
0.000262138 6.5 17.5 -13
0.000721419 7 17 -13.5
0.000288885 6.5 17.5 -13.5
0.000665576 7 17 -14
0.000273839 6.5 17.5 -14
0.000554309 7 17 -14.5
0.000218644 6.5 17.5 -14.5
0.000413527 7 17 -15
0.000134208 6.5 17.5 -15
5.16635e-05 6.5 17.5 -15.5
3.38911e-05 7.5 16.5 -16
6.31906e-05 7 17 -16.5
0.000148458 7 17 -16
0.000270784 7 17 -15.5
7.03718e-05 7.5 16.5 -15.5
0.000135233 7.5 16.5 -15
0.000214758 7.5 16.5 -14.5
0.000313005 7.5 16.5 -14
0.000393646 7.5 16.5 -13.5
0.000438255 7.5 16.5 -13
0.000443574 7.5 16.5 -12.5
0.000416861 7.5 16.5 -12
0.000349821 7.5 16.5 -11.5
0.000268343 7.5 16.5 -11
0.000199087 7.5 16.5 -10.5
0.000138032 7.5 16.5 -10
2.04247e-05 7.5 17 -7.5
4.94038e-05 7.5 17 -8
2.15088e-05 8 16.5 -8
9.4084e-05 7.5 17 -8.5
4.88467e-05 8 16.5 -9
0.00015819 7.5 17 -9
3.7656e-05 7 17.5 -9
0.000237679 7.5 17 -9.5
7.66484e-05 7 17.5 -9.5
0.000322467 7.5 17 -10
0.000133821 7 17.5 -10
0.000414804 7.5 17 -10.5
0.000223276 7 17.5 -10.5
0.00050003 7.5 17 -11
0.000339605 7 17.5 -11
0.000562995 7.5 17 -11.5
3.34518e-05 6.5 18 -11
0.000470176 7 17.5 -11.5
4.9551e-05 6.5 18 -11.5
0.0005788 7 17.5 -12
8.799e-05 8 16.5 -12.5
6.53169e-05 6.5 18 -12
0.000633931 7 17.5 -12.5
5.5184e-05 8 16.5 -13
8.53723e-05 6.5 18 -12.5
0.000650598 7 17.5 -13
9.17439e-05 6.5 18 -13
0.000600992 7 17.5 -13.5
7.79731e-05 6.5 18 -13.5
0.000503071 7 17.5 -14
4.62269e-05 6.5 18 -14
0.000370741 7 17.5 -14.5
0.000235728 7 17.5 -15
0.000118912 7 17.5 -15.5
4.43429e-05 7 17.5 -16
4.82338e-05 7.5 17 -16
0.000103538 7.5 17 -15.5
0.000187567 7.5 17 -15
0.000296749 7.5 17 -14.5
0.000413257 7.5 17 -14
0.000521359 7.5 17 -13.5
0.000600781 7.5 17 -13
0.000639674 7.5 17 -12.5
0.000609659 7.5 17 -12
0.000119956 8 16.5 -12
0.000144282 8 16.5 -11.5
2.00368e-05 8 17 -6
3.41203e-05 8 17 -6.5
5.25295e-05 8 17 -7
0.000143817 8 16.5 -11
0.000129241 8 16.5 -10.5
0.000104763 8 16.5 -10
2.07937e-05 7.5 17.5 -7
8.19334e-05 8 17 -7.5
4.54893e-05 7.5 17.5 -7.5
0.000113785 8 17 -8
9.7006e-05 7.5 17.5 -8
0.00016353 7.5 17.5 -8.5
2.5716e-05 8.5 16.5 -9
0.000147737 8 17 -8.5
0.000255732 7.5 17.5 -9
2.80413e-05 8.5 16.5 -9.5
3.40612e-05 7 18 -9
0.000370786 7.5 17.5 -9.5
0.000285518 8 17 -10
2.33441e-05 8.5 16.5 -10
6.62159e-05 7 18 -9.5
0.000489946 7.5 17.5 -10
0.000108475 7 18 -10
0.000578302 7.5 17.5 -10.5
0.000174914 7 18 -10.5
0.000650723 7.5 17.5 -11
0.000259565 7 18 -11
0.000684028 7.5 17.5 -11.5
0.000339038 7 18 -11.5
0.000679466 7.5 17.5 -12
0.000396056 7 18 -12
0.000638973 7.5 17.5 -12.5
0.000415626 7 18 -12.5
0.000590382 7.5 17.5 -13
0.000386895 7 18 -13
0.000321824 7 18 -13.5
4.78162e-05 8 17 -14
0.000227401 7 18 -14
0.000129229 7 18 -14.5
4.93273e-05 7 18 -15
2.43452e-05 10.5 15 4
2.17728e-05 10 15.5 3
2.21578e-05 7.5 17.5 -16
7.37933e-05 7.5 17.5 -15.5
0.000155729 7.5 17.5 -15
0.000263541 7.5 17.5 -14.5
0.000384101 7.5 17.5 -14
0.000499935 7.5 17.5 -13.5
9.51201e-05 8 17 -13.5
0.000161657 8 17 -13
0.000236255 8 17 -12.5
2.67121e-05 8.5 17 -4.5
0.000293309 8 17 -12
3.3014e-05 8.5 17 -5
0.000325912 8 17 -11.5
0.000334952 8 17 -11
3.84081e-05 8.5 17 -5.5
3.27667e-05 8 17.5 -5.5
6.24353e-05 8 17.5 -6
4.53802e-05 8.5 17 -6
0.000321377 8 17 -10.5
5.26245e-05 8.5 17 -6.5
0.000234051 8 17 -9.5
0.000108368 8 17.5 -6.5
6.36296e-05 8.5 17 -7
0.000154466 8 17.5 -7
2.43505e-05 7.5 18 -7
0.000212798 8 17.5 -7.5
7.9139e-05 8.5 17 -7.5
4.75251e-05 7.5 18 -7.5
0.000270445 8 17.5 -8
9.4983e-05 7.5 18 -8
0.000330313 8 17.5 -8.5
0.000159948 7.5 18 -8.5
0.000389974 8 17.5 -9
0.000250344 7.5 18 -9
0.00044115 8 17.5 -9.5
2.35588e-05 7 18.5 -9
0.000356592 7.5 18 -9.5
3.78365e-05 7 18.5 -9.5
0.000465448 7.5 18 -10
7.57571e-05 8.5 17 -10.5
6.11654e-05 7 18.5 -10
0.000563459 7.5 18 -10.5
0.000551154 8 17.5 -11
4.82705e-05 8.5 17 -11
0.000100873 7 18.5 -10.5
0.000624198 7.5 18 -11
0.000132187 7 18.5 -11
0.000645088 7.5 18 -11.5
0.000157506 7 18.5 -11.5
0.000626477 7.5 18 -12
0.000170141 7 18.5 -12
0.000574859 7.5 18 -12.5
0.000152569 7 18.5 -12.5
0.000490403 7.5 18 -13
0.000112175 7 18.5 -13
0.000376441 7.5 18 -13.5
6.20633e-05 7 18.5 -13.5
0.00025682 7.5 18 -14
2.18508e-05 10.5 15.5 4.5
3.17798e-05 11 15 4.5
2.74526e-05 11 15 4
4.75483e-05 10.5 15.5 4
5.65505e-05 10.5 15.5 3.5
3.30348e-05 10 16 3
4.69907e-05 10.5 15.5 3
6.85042e-05 7.5 18 -15
4.40128e-05 10 16 2.5
2.44359e-05 10.5 15.5 2.5
4.69844e-05 10 16 2
4.2324e-05 10 16 1.5
2.82965e-05 9.5 16.5 1
2.1783e-05 10 16 1
0.000152019 7.5 18 -14.5
3.45343e-05 9.5 16.5 0.5
3.67688e-05 9.5 16.5 0
5.26899e-05 8 17.5 -14.5
3.7475e-05 9.5 16.5 -0.5
2.28438e-05 9 17 -1
2.39282e-05 9.5 16.5 -1
0.000107167 8 17.5 -14
3.10285e-05 9 17 -1.5
3.68019e-05 9 17 -2
0.000180196 8 17.5 -13.5
4.12389e-05 9 17 -2.5
0.000272785 8 17.5 -13
3.89141e-05 9 17 -3
0.000378238 8 17.5 -12.5
2.39276e-05 8.5 17.5 -3
3.53797e-05 9 17 -3.5
0.000461097 8 17.5 -12
3.72629e-05 8.5 17.5 -3.5
3.48414e-05 9 17 -4
0.000518111 8 17.5 -11.5
5.6995e-05 8.5 17.5 -4
8.45059e-05 8.5 17.5 -4.5
3.44125e-05 9 17 -4.5
3.57856e-05 9 17 -5
2.39068e-05 8.5 17 -11.5
0.000533058 8 17.5 -10.5
0.000108984 8.5 17.5 -5
3.52887e-05 9 17 -5.5
0.000138136 8.5 17.5 -5.5
2.11418e-05 8 18 -5
0.000484423 8 17.5 -10
3.73214e-05 8 18 -5.5
0.000162658 8.5 17.5 -6
3.56497e-05 9 17 -6
6.84245e-05 8 18 -6
0.000188186 8.5 17.5 -6.5
0.000128586 8 18 -6.5
3.54953e-05 9 17 -7
0.000200855 8 18 -7
3.35874e-05 9 17 -7.5
0.000209839 8.5 17.5 -7
2.22336e-05 7.5 18.5 -7
0.000291628 8 18 -7.5
2.84494e-05 9 17 -8
0.000229988 8.5 17.5 -7.5
4.13989e-05 7.5 18.5 -7.5
0.000393588 8 18 -8
2.06465e-05 9 17 -8.5
7.89015e-05 7.5 18.5 -8
0.000481676 8 18 -8.5
0.00012847 7.5 18.5 -8.5
0.000546758 8 18 -9
0.000288199 8.5 17.5 -9
0.000198884 7.5 18.5 -9
0.000597312 8 18 -9.5
0.000277044 7.5 18.5 -9.5
0.000620913 8 18 -10
0.000359067 7.5 18.5 -10
0.000615998 8 18 -10.5
0.000431341 7.5 18.5 -10.5
2.6512e-05 7 19 -10.5
0.00047316 7.5 18.5 -11
0.000111384 8.5 17.5 -11.5
2.83714e-05 7 19 -11
0.000489741 7.5 18.5 -11.5
0.000477211 8 18 -12
6.51406e-05 8.5 17.5 -12
2.17558e-05 7 19 -11.5
0.000436126 7.5 18.5 -12
0.00036426 7.5 18.5 -12.5
0.000273237 7.5 18.5 -13
0.000177555 7.5 18.5 -13.5
9.06817e-05 7.5 18.5 -14
2.35103e-05 7.5 18.5 -14.5
2.65124e-05 11 15.5 5
6.16584e-05 11 15.5 4.5
5.70076e-05 10.5 16 4
6.6378e-05 11 15.5 4
5.00673e-05 11 15.5 3.5
2.66056e-05 11 15.5 3
8.7479e-05 10.5 16 3.5
9.82511e-05 10.5 16 3
3.44439e-05 10 16.5 3
5.73648e-05 10 16.5 2.5
8.20843e-05 10.5 16 2.5
7.72833e-05 10 16.5 2
5.65078e-05 10.5 16 2
3.02403e-05 10.5 16 1.5
9.36393e-05 10 16.5 1.5
5.36149e-05 8 18 -14.5
9.13112e-05 10 16.5 1
3.42574e-05 9.5 17 1
0.000111064 8 18 -14
5.15538e-05 9.5 17 0.5
7.06263e-05 10 16.5 0.5
7.20514e-05 9.5 17 0
5.0804e-05 10 16.5 0
0.000188674 8 18 -13.5
3.11037e-05 10 16.5 -0.5
8.9494e-05 9.5 17 -0.5
9.16293e-05 9.5 17 -1
0.000281889 8 18 -13
2.89747e-05 9 17.5 -1
7.86191e-05 9.5 17 -1.5
0.00038247 8 18 -12.5
4.66043e-05 9 17.5 -1.5
6.40327e-05 9.5 17 -2
7.2431e-05 9 17.5 -2
4.89987e-05 9.5 17 -2.5
0.000555255 8 18 -11.5
0.000104579 9 17.5 -2.5
3.7347e-05 9.5 17 -3
0.000123381 9 17.5 -3
0.000598108 8 18 -11
2.24417e-05 8.5 18 -3
0.000134394 9 17.5 -3.5
2.95351e-05 9.5 17 -3.5
3.84908e-05 8.5 18 -3.5
0.000137884 9 17.5 -4
2.44511e-05 9.5 17 -4
6.96696e-05 8.5 18 -4
0.000139754 9 17.5 -4.5
0.000123522 8.5 18 -4.5
0.000167642 8.5 17.5 -11
0.000139814 9 17.5 -5
0.000220572 8.5 17.5 -10.5
0.000175939 8.5 18 -5
0.000138627 9 17.5 -5.5
0.00023999 8.5 18 -5.5
0.000260363 8.5 17.5 -10
3.55283e-05 8 18.5 -5.5
0.000307151 8.5 18 -6
0.000146699 9 17.5 -6
6.4948e-05 8 18.5 -6
0.000345845 8.5 18 -6.5
0.000148736 9 17.5 -6.5
0.000120518 8 18.5 -6.5
0.000386382 8.5 18 -7
0.000142693 9 17.5 -7
0.000189751 8 18.5 -7
0.000420896 8.5 18 -7.5
0.000277515 8 18.5 -7.5
2.7405e-05 7.5 19 -7.5
0.000372852 8 18.5 -8
8.68316e-05 9 17.5 -8.5
4.45915e-05 7.5 19 -8
0.000462813 8 18.5 -8.5
6.03328e-05 9 17.5 -9
7.55227e-05 7.5 19 -8.5
0.000537859 8 18.5 -9
3.48551e-05 9 17.5 -9.5
0.000106907 7.5 19 -9
0.000579451 8 18.5 -9.5
0.00014551 7.5 19 -9.5
0.000596859 8 18.5 -10
0.000182918 7.5 19 -10
0.000589311 8 18.5 -10.5
0.000210499 7.5 19 -10.5
0.000552983 8 18.5 -11
0.000222733 7.5 19 -11
0.000479851 8 18.5 -11.5
0.000205468 7.5 19 -11.5
0.000402796 8 18.5 -12
0.000161457 7.5 19 -12
0.000106119 7.5 19 -12.5
3.54561e-05 8.5 18 -13
5.14372e-05 7.5 19 -13
2.52112e-05 11 16 5
2.50441e-05 11.5 15.5 5
7.90558e-05 11 16 4.5
4.07805e-05 11.5 15.5 4.5
3.74963e-05 11.5 15.5 4
9.98029e-05 11 16 4
4.38584e-05 10.5 16.5 4
9.73162e-05 10.5 16.5 3.5
0.000101044 11 16 3.5
2.23797e-05 8 18.5 -14.5
7.74206e-05 11 16 3
0.000128122 10.5 16.5 3
4.58621e-05 11 16 2.5
0.000137533 10.5 16.5 2.5
6.78881e-05 8 18.5 -14
4.902e-05 10 17 2.5
0.000131276 10.5 16.5 2
8.37051e-05 10 17 2
0.000136426 8 18.5 -13.5
0.000121546 10 17 1.5
0.000104757 10.5 16.5 1.5
0.000144359 10 17 1
7.60434e-05 10.5 16.5 1
0.000221074 8 18.5 -13
2.96913e-05 9.5 17.5 1
4.64888e-05 10.5 16.5 0.5
0.000148741 10 17 0.5
5.16681e-05 9.5 17.5 0.5
2.21929e-05 10.5 16.5 0
0.000133709 10 17 0
0.0003133 8 18.5 -12.5
8.31658e-05 9.5 17.5 0
0.00011209 10 17 -0.5
0.000123847 9.5 17.5 -0.5
0.000152183 9.5 17.5 -1
8.71347e-05 10 17 -1
2.57226e-05 9 18 -1
6.49448e-05 10 17 -1.5
0.000167851 9.5 17.5 -1.5
7.24412e-05 8.5 18 -12.5
4.55429e-05 9 18 -1.5
4.22369e-05 10 17 -2
0.000169762 9.5 17.5 -2
0.000131088 8.5 18 -12
7.87986e-05 9 18 -2
2.32974e-05 10 17 -2.5
0.00016157 9.5 17.5 -2.5
0.000204188 8.5 18 -11.5
0.000129334 9 18 -2.5
0.000173166 9 18 -3
0.000145433 9.5 17.5 -3
0.000287032 8.5 18 -11
0.00021797 9 18 -3.5
0.000130072 9.5 17.5 -3.5
0.000363489 8.5 18 -10.5
3.60863e-05 8.5 18.5 -3.5
0.000256166 9 18 -4
0.000117357 9.5 17.5 -4
6.43787e-05 8.5 18.5 -4
0.000275619 9 18 -4.5
0.00010093 9.5 17.5 -4.5
0.000114629 8.5 18.5 -4.5
8.3996e-05 9.5 17.5 -5
0.000169538 8.5 18.5 -5
6.91814e-05 9.5 17.5 -5.5
0.000293487 9 18 -5
0.000423467 8.5 18 -10
0.000236906 8.5 18.5 -5.5
5.37265e-05 9.5 17.5 -6
0.000304296 9 18 -5.5
0.000307392 9 18 -6
0.000467048 8.5 18 -9.5
0.00048534 8.5 18 -9
0.000466264 8.5 18 -8.5
0.000443296 8.5 18 -8
2.73163e-05 8 19 -5.5
0.000318717 8.5 18.5 -6
0.000318007 9 18 -6.5
3.74326e-05 9.5 17.5 -6.5
4.87713e-05 8 19 -6
0.000411396 8.5 18.5 -6.5
8.9816e-05 8 19 -6.5
0.000483402 8.5 18.5 -7
0.000143049 8 19 -7
0.000528118 8.5 18.5 -7.5
0.000211995 8 19 -7.5
0.000555684 8.5 18.5 -8
0.000284205 8 19 -8
0.000563845 8.5 18.5 -8.5
0.000355596 8 19 -8.5
0.000418313 8 19 -9
0.000124743 9 18 -9.5
3.06715e-05 7.5 19.5 -9
0.000462392 8 19 -9.5
7.49433e-05 9 18 -10
3.68542e-05 7.5 19.5 -9.5
0.00047477 8 19 -10
3.4537e-05 9 18 -10.5
4.13254e-05 7.5 19.5 -10
0.000446346 8 19 -10.5
3.80919e-05 7.5 19.5 -10.5
0.00038998 8 19 -11
3.05292e-05 7.5 19.5 -11
0.000318466 8 19 -11.5
0.000242893 8 19 -12
0.000165258 8 19 -12.5
9.51144e-05 8 19 -13
2.86883e-05 11.5 16 5
6.33962e-05 11 16.5 4.5
6.05495e-05 11.5 16 4.5
0.000112181 11 16.5 4
6.65511e-05 11.5 16 4
4.93826e-05 11.5 16 3.5
6.21534e-05 10.5 17 3.5
2.49995e-05 11.5 16 3
0.000127908 11 16.5 3.5
4.35201e-05 8 19 -13.5
0.000131081 11 16.5 3
0.00012318 10.5 17 3
0.000162776 10.5 17 2.5
0.000114184 11 16.5 2.5
0.000174741 10.5 17 2
8.3183e-05 11 16.5 2
6.14467e-05 10 17.5 2
4.84328e-05 11 16.5 1.5
0.00017595 10.5 17 1.5
0.000116456 10 17.5 1.5
2.19137e-05 11 16.5 1
0.000153619 10.5 17 1
5.68945e-05 8.5 18.5 -13
0.000162084 10 17.5 1
0.000194773 10 17.5 0.5
0.000128956 10.5 17 0.5
3.65756e-05 9.5 18 0.5
0.000209243 10 17.5 0
9.66911e-05 10.5 17 0
0.000109228 8.5 18.5 -12.5
7.00111e-05 9.5 18 0
0.000209298 10 17.5 -0.5
6.33723e-05 10.5 17 -0.5
0.000176531 8.5 18.5 -12
0.000123919 9.5 18 -0.5
0.000188283 10 17.5 -1
3.44821e-05 10.5 17 -1
0.000173201 9.5 18 -1
0.000260523 8.5 18.5 -11.5
0.000221267 9.5 18 -1.5
0.000164028 10 17.5 -1.5
0.000349909 8.5 18.5 -11
3.43801e-05 9 18.5 -1.5
0.00026021 9.5 18 -2
0.000142226 10 17.5 -2
0.000430823 8.5 18.5 -10.5
6.01465e-05 9 18.5 -2
0.000273253 9.5 18 -2.5
0.000112955 10 17.5 -2.5
0.000497039 8.5 18.5 -10
0.000106187 9 18.5 -2.5
0.000277089 9.5 18 -3
8.38377e-05 10 17.5 -3
0.000158228 9 18.5 -3
5.85949e-05 10 17.5 -3.5
0.000537529 8.5 18.5 -9.5
0.000270151 9.5 18 -3.5
0.000223173 9 18.5 -3.5
3.62854e-05 10 17.5 -4
0.000253275 9.5 18 -4
0.000544273 8.5 18.5 -9
2.63736e-05 8.5 19 -3.5
0.000297096 9 18.5 -4
0.00024417 9.5 18 -4.5
4.73317e-05 8.5 19 -4
0.000365877 9 18.5 -4.5
8.66051e-05 8.5 19 -4.5
0.000408757 9 18.5 -5
0.000225857 9.5 18 -5
0.000138081 8.5 19 -5
0.000442124 9 18.5 -5.5
0.000206954 8.5 19 -5.5
0.000288336 8.5 19 -6
0.000130032 9.5 18 -6.5
0.000462337 9 18.5 -6
2.55333e-05 8 19.5 -6
0.000374386 8.5 19 -6.5
9.14065e-05 9.5 18 -7
0.000467374 9 18.5 -6.5
4.32877e-05 8 19.5 -6.5
0.000451916 8.5 19 -7
5.64489e-05 9.5 18 -7.5
7.39539e-05 8 19.5 -7
0.000500859 8.5 19 -7.5
2.81651e-05 9.5 18 -8
0.000105857 8 19.5 -7.5
0.000527876 8.5 19 -8
0.000142757 8 19.5 -8
0.000536743 8.5 19 -8.5
0.000368267 9 18.5 -8.5
0.000177907 8 19.5 -8.5
0.000522848 8.5 19 -9
0.000207983 8 19.5 -9
0.000490519 8.5 19 -9.5
0.000223395 8 19.5 -9.5
0.000445253 8.5 19 -10
0.00021626 8 19.5 -10
0.000187717 8 19.5 -10.5
4.59271e-05 9 18.5 -11
0.000148258 8 19.5 -11
0.000105192 8 19.5 -11.5
6.05972e-05 8 19.5 -12
6.40165e-05 11.5 16.5 4.5
8.17374e-05 11.5 16.5 4
8.31471e-05 11 17 4
0.000135935 11 17 3.5
8.21838e-05 11.5 16.5 3.5
5.8714e-05 11.5 16.5 3
0.000151149 11 17 3
7.34076e-05 10.5 17.5 3
3.00899e-05 11.5 16.5 2.5
0.000155024 11 17 2.5
4.34531e-05 8.5 19 -13
0.000141423 10.5 17.5 2.5
0.000144411 11 17 2
0.000191014 10.5 17.5 2
9.00111e-05 8.5 19 -12.5
2.26269e-05 10 18 2
0.000208772 10.5 17.5 1.5
0.000111208 11 17 1.5
7.16045e-05 10 18 1.5
0.000217028 10.5 17.5 1
7.25129e-05 11 17 1
0.000150418 8.5 19 -12
0.000134715 10 18 1
3.69112e-05 11 17 0.5
0.000205758 10.5 17.5 0.5
0.000224584 8.5 19 -11.5
0.000194685 10 18 0.5
0.000243777 10 18 0
0.000184713 10.5 17.5 0
0.000307967 8.5 19 -11
4.43286e-05 9.5 18.5 0
0.000268453 10 18 -0.5
0.000153248 10.5 17.5 -0.5
0.000384783 8.5 19 -10.5
8.21192e-05 9.5 18.5 -0.5
0.000278802 10 18 -1
0.000113376 10.5 17.5 -1
0.000144821 9.5 18.5 -1
0.000276372 10 18 -1.5
7.55803e-05 10.5 17.5 -1.5
0.000206834 9.5 18.5 -1.5
0.000254854 10 18 -2
4.28624e-05 10.5 17.5 -2
0.000270732 9.5 18.5 -2
2.00212e-05 10.5 17.5 -2.5
9.87279e-05 9 18.5 -10.5
3.67912e-05 9 19 -2
0.000326755 9.5 18.5 -2.5
0.000237375 10 18 -2.5
6.80885e-05 9 19 -2.5
0.000360121 9.5 18.5 -3
0.000127273 9 19 -3
0.000169619 10 18 -3.5
0.000382411 9.5 18.5 -3.5
0.000207184 10 18 -3
0.000159395 9 18.5 -10
0.000228998 9 18.5 -9.5
0.000194325 9 19 -3.5
0.000388197 9.5 18.5 -4
0.000129332 10 18 -4
0.000267774 9 19 -4
0.000376958 9.5 18.5 -4.5
8.89697e-05 10 18 -4.5
0.000301428 9 18.5 -9
2.46955e-05 8.5 19.5 -4
0.00033952 9 19 -4.5
0.000369303 9.5 18.5 -5
5.46323e-05 10 18 -5
4.396e-05 8.5 19.5 -4.5
0.000401687 9 19 -5
7.97457e-05 8.5 19.5 -5
0.000446401 9 19 -5.5
0.000350845 9.5 18.5 -5.5
0.000124727 8.5 19.5 -5.5
0.000479222 9 19 -6
0.000184993 8.5 19.5 -6
0.000492899 9 19 -6.5
0.00025115 8.5 19.5 -6.5
0.000487131 9 19 -7
0.000221022 9.5 18.5 -7
0.000315066 8.5 19.5 -7
0.0003706 8.5 19.5 -7.5
0.000104502 9.5 18.5 -8
2.03984e-05 8 20 -7.5
0.000403878 8.5 19.5 -8
0.000420883 9 19 -8.5
5.14901e-05 9.5 18.5 -8.5
2.97259e-05 8 20 -8
0.000409985 8.5 19.5 -8.5
3.85365e-05 8 20 -8.5
0.000390484 8.5 19.5 -9
3.98796e-05 8 20 -9
0.000353195 8.5 19.5 -9.5
3.26573e-05 8 20 -9.5
0.000305836 8.5 19.5 -10
2.04432e-05 8 20 -10
0.000245629 8.5 19.5 -10.5
0.000180093 8.5 19.5 -11
2.77782e-05 11.5 17 4.5
7.8756e-05 11.5 17 4
2.23221e-05 11 17.5 4
2.31082e-05 8.5 19.5 -12.5
9.32068e-05 11 17.5 3.5
9.44512e-05 11.5 17 3.5
0.000149715 11 17.5 3
9.17128e-05 11.5 17 3
6.61062e-05 8.5 19.5 -12
0.00017169 11 17.5 2.5
6.70603e-05 11.5 17 2.5
0.000118245 8.5 19.5 -11.5
7.53155e-05 10.5 18 2.5
0.000175159 11 17.5 2
3.64038e-05 11.5 17 2
0.00014968 10.5 18 2
0.00021152 10.5 18 1.5
0.000173095 11 17.5 1.5
2.68622e-05 10 18.5 1.5
0.000238602 10.5 18 1
0.000143295 11 17.5 1
7.31284e-05 10 18.5 1
0.000247786 10.5 18 0.5
0.000103459 11 17.5 0.5
4.71609e-05 9 19 -11.5
0.000142681 10 18.5 0.5
0.000249047 10.5 18 0
6.25714e-05 11 17.5 0
0.000211816 10 18.5 0
0.000242703 10.5 18 -0.5
2.96558e-05 11 17.5 -0.5
9.08061e-05 9 19 -11
0.000273859 10 18.5 -0.5
4.35834e-05 9.5 19 -0.5
0.000309702 10 18.5 -1
0.000213094 10.5 18 -1
0.000148258 9 19 -10.5
0.00021839 9 19 -10
8.39498e-05 9.5 19 -1
0.000331222 10 18.5 -1.5
0.000170616 10.5 18 -1.5
0.000150719 9.5 19 -1.5
0.000218643 9.5 19 -2
7.83385e-05 10.5 18 -2.5
0.000337674 10 18.5 -2
0.00012368 10.5 18 -2
0.000293687 9 19 -9.5
0.000362615 9 19 -9
0.00033135 10 18.5 -2.5
0.00028956 9.5 19 -2.5
0.000324454 10 18.5 -3
4.14465e-05 10.5 18 -3
3.56532e-05 9 19.5 -2.5
0.000349367 9.5 19 -3
7.07544e-05 9 19.5 -3
0.00038606 9.5 19 -3.5
0.000297012 10 18.5 -3.5
0.000116512 9 19.5 -3.5
0.00041339 9.5 19 -4
0.000176346 9 19.5 -4
0.000204931 10 18.5 -4.5
0.000244798 9 19.5 -4.5
0.000147643 10 18.5 -5
0.000427727 9.5 19 -4.5
0.000316289 9 19.5 -5
9.53764e-05 10 18.5 -5.5
0.000429206 9.5 19 -5
0.000429224 9.5 19 -5.5
0.000255855 10 18.5 -4
0.000459826 9 19 -8
0.000478374 9 19 -7.5
2.11811e-05 8.5 20 -5
0.000381984 9 19.5 -5.5
0.000412425 9.5 19 -6
5.21455e-05 10 18.5 -6
4.79473e-05 8.5 20 -5.5
0.000423836 9 19.5 -6
7.30688e-05 8.5 20 -6
0.000444096 9 19.5 -6.5
0.000376898 9.5 19 -6.5
0.000103029 8.5 20 -6.5
0.00044949 9 19.5 -7
0.000134152 8.5 20 -7
0.000433016 9 19.5 -7.5
0.000159248 8.5 20 -7.5
0.000172854 8.5 20 -8
0.000116095 9.5 19 -8.5
0.000175515 8.5 20 -8.5
6.8135e-05 9.5 19 -9
0.000164125 8.5 20 -9
0.000262281 9 19.5 -9.5
3.29943e-05 9.5 19 -9.5
0.000145631 8.5 20 -9.5
0.000114799 8.5 20 -10
7.23335e-05 8.5 20 -10.5
3.45437e-05 8.5 20 -11
4.04363e-05 11.5 17.5 4
8.57448e-05 11.5 17.5 3.5
2.32041e-05 11 18 3.5
9.10993e-05 11 18 3
0.00010234 11.5 17.5 3
0.000150407 11 18 2.5
9.73228e-05 11.5 17.5 2.5
0.000184333 11 18 2
7.39422e-05 11.5 17.5 2
7.00158e-05 10.5 18.5 2
0.000191201 11 18 1.5
4.34412e-05 11.5 17.5 1.5
4.37886e-05 9 19.5 -11.5
0.000142922 10.5 18.5 1.5
0.000190804 11 18 1
8.42341e-05 9 19.5 -11
0.000211189 10.5 18.5 1
0.000254514 10.5 18.5 0.5
0.000168179 11 18 0.5
0.000135549 9 19.5 -10.5
6.36491e-05 10 19 0.5
0.000272861 10.5 18.5 0
0.000132073 11 18 0
0.0001963 9 19.5 -10
0.000131737 10 19 0
0.000276524 10.5 18.5 -0.5
8.67995e-05 11 18 -0.5
0.000202846 10 19 -0.5
0.000278486 10.5 18.5 -1
4.57565e-05 11 18 -1
0.000324364 9 19.5 -9
0.000270068 10 19 -1
0.000258352 10.5 18.5 -1.5
3.186e-05 9.5 19.5 -1
0.000315742 10 19 -1.5
0.000373004 9 19.5 -8.5
0.000402378 9 19.5 -8
6.61446e-05 9.5 19.5 -1.5
0.00034514 10 19 -2
0.000222574 10.5 18.5 -2
0.000127036 9.5 19.5 -2
0.000195305 9.5 19.5 -2.5
0.000125415 10.5 18.5 -3
0.000356866 10 19 -2.5
0.000357135 10 19 -3
0.000177293 10.5 18.5 -2.5
0.000268096 9.5 19.5 -3
0.00035767 10 19 -3.5
7.71911e-05 10.5 18.5 -3.5
0.00033236 9.5 19.5 -3.5
0.000335795 10 19 -4
4.40671e-05 9 20 -3.5
0.000371725 9.5 19.5 -4
7.17616e-05 9 20 -4
0.000398489 9.5 19.5 -4.5
0.000297307 10 19 -4.5
0.000109559 9 20 -4.5
0.000409778 9.5 19.5 -5
0.000158357 9 20 -5
0.000210344 9 20 -5.5
0.000139597 10 19 -6
0.000408193 9.5 19.5 -5.5
0.00025508 9 20 -6
8.81213e-05 10 19 -6.5
0.000369664 9.5 19.5 -6.5
0.000395117 9.5 19.5 -6
0.000286125 9 20 -6.5
0.000325111 9.5 19.5 -7
4.23919e-05 10 19 -7
0.000294243 9 20 -7
0.000285482 9 20 -7.5
0.000268193 9 20 -8
0.000239589 9 20 -8.5
0.000198171 9 20 -9
3.20297e-05 9.5 19.5 -10
3.7476e-05 11.5 18 3.5
8.35783e-05 11.5 18 3
7.45137e-05 11 18.5 2.5
0.000103133 11.5 18 2.5
3.70273e-05 9 20 -11
0.000133126 11 18.5 2
0.00010165 11.5 18 2
6.57996e-05 9 20 -10.5
0.000104772 9 20 -10
0.000176959 11 18.5 1.5
7.98169e-05 11.5 18 1.5
4.79046e-05 10.5 19 1.5
0.000198259 11 18.5 1
5.47456e-05 11.5 18 1
0.000150038 9 20 -9.5
0.000116253 10.5 19 1
0.000202934 11 18.5 0.5
2.85437e-05 11.5 18 0.5
0.000184787 10.5 19 0.5
0.000234711 10.5 19 0
0.000183421 11 18.5 0
4.01052e-05 10 19.5 0
0.000266662 10.5 19 -0.5
0.000153862 11 18.5 -0.5
9.76024e-05 10 19.5 -0.5
0.000280022 10.5 19 -1
0.000111331 11 18.5 -1
6.46841e-05 9.5 19.5 -9.5
0.000110412 9.5 19.5 -9
0.000163704 10 19.5 -1
0.000287071 10.5 19 -1.5
6.8918e-05 11 18.5 -1.5
0.00023021 10 19.5 -1.5
0.000276716 10.5 19 -2
3.3871e-05 11 18.5 -2
0.00028204 10 19.5 -2
0.000164379 9.5 19.5 -8.5
0.000224292 9.5 19.5 -8
4.43978e-05 9.5 20 -2
0.000316708 10 19.5 -2.5
0.000244594 10.5 19 -2.5
8.20874e-05 9.5 20 -2.5
0.000332426 10 19.5 -3
0.000132558 9.5 20 -3
0.000149689 10.5 19 -3.5
0.000186647 9.5 20 -3.5
9.71924e-05 10.5 19 -4
0.000334896 10 19.5 -3.5
0.000337965 10 19.5 -4
0.000201866 10.5 19 -3
0.000277633 9.5 19.5 -7.5
0.000236201 9.5 20 -4
0.000326822 10 19.5 -4.5
5.24798e-05 10.5 19 -4.5
0.000275357 9.5 20 -4.5
0.000298744 9.5 20 -5
0.000298284 10 19.5 -5
3.70734e-05 9 20.5 -5
0.000307435 9.5 20 -5.5
5.52601e-05 9 20.5 -5.5
0.000303984 9.5 20 -6
7.28355e-05 9 20.5 -6
8.57682e-05 9 20.5 -6.5
8.68333e-05 10 19.5 -7
9.18061e-05 9 20.5 -7
4.39987e-05 10 19.5 -7.5
9.26486e-05 9 20.5 -7.5
0.00019034 9.5 20 -8
8.62369e-05 9 20.5 -8
7.27281e-05 9 20.5 -8.5
5.16329e-05 9 20.5 -9
2.29093e-05 9 20.5 -9.5
2.49615e-05 11.5 18.5 3
6.79383e-05 11.5 18.5 2.5
9.44371e-05 11.5 18.5 2
4.96619e-05 11 19 2
0.000103663 11 19 1.5
9.8983e-05 11.5 18.5 1.5
0.000146773 11 19 1
8.19737e-05 11.5 18.5 1
3.10535e-05 9.5 20 -10
2.30038e-05 10.5 19.5 1
0.00017568 11 19 0.5
5.82578e-05 11.5 18.5 0.5
7.22407e-05 10.5 19.5 0.5
0.000190507 11 19 0
3.21874e-05 11.5 18.5 0
6.02031e-05 9.5 20 -9.5
0.000136453 10.5 19.5 0
0.00018407 11 19 -0.5
0.00018741 10.5 19.5 -0.5
0.000224386 10.5 19.5 -1
0.000155735 11 19 -1
9.87769e-05 9.5 20 -9
4.58905e-05 10 20 -1
0.000119229 11 19 -1.5
0.00014439 9.5 20 -8.5
9.63995e-05 10 20 -1.5
7.83901e-05 11 19 -2
0.000245367 10.5 19.5 -1.5
0.000232179 9.5 20 -7.5
0.000264056 9.5 20 -7
0.000255671 10.5 19.5 -2
0.000282326 9.5 20 -6.5
0.000150121 10 20 -2
0.000254956 10.5 19.5 -2.5
4.1572e-05 11 19 -2.5
0.000198609 10 20 -2.5
0.000229623 10.5 19.5 -3
0.000234497 10 20 -3
2.42811e-05 9.5 20.5 -3
0.000256982 10 20 -3.5
0.000194257 10.5 19.5 -3.5
5.23491e-05 9.5 20.5 -3.5
0.000265614 10 20 -4
7.47364e-05 9.5 20.5 -4
0.000104291 10.5 19.5 -4.5
9.79602e-05 9.5 20.5 -4.5
6.84606e-05 10.5 19.5 -5
0.0002661 10 20 -4.5
0.000255139 10 20 -5
0.000123756 9.5 20.5 -5
0.000227303 10 20 -5.5
3.43093e-05 10.5 19.5 -5.5
0.000140327 9.5 20.5 -5.5
0.000144395 9.5 20.5 -6
0.000141811 9.5 20.5 -6.5
0.000132281 9.5 20.5 -7
3.95205e-05 10 20 -8
4.56126e-05 11.5 19 2
7.45358e-05 11.5 19 1.5
2.01131e-05 11 19.5 1.5
2.06175e-05 9.5 20.5 -9.5
5.4482e-05 11 19.5 1
8.35123e-05 11.5 19 1
4.13288e-05 9.5 20.5 -9
6.27172e-05 9.5 20.5 -8.5
9.87073e-05 11 19.5 0.5
7.71157e-05 11.5 19 0.5
8.68118e-05 9.5 20.5 -8
0.000134005 11 19.5 0
5.50048e-05 11.5 19 0
0.000113379 9.5 20.5 -7.5
2.49799e-05 10.5 20 0
0.000155199 11 19.5 -0.5
3.26934e-05 11.5 19 -0.5
6.74928e-05 10.5 20 -0.5
0.00015874 11 19.5 -1
0.000109652 10.5 20 -1
0.000147798 10.5 20 -1.5
0.000140627 11 19.5 -1.5
0.000173029 10.5 20 -2
0.000110605 11 19.5 -2
6.98388e-05 10 20 -7.5
3.03113e-05 10 20.5 -2
0.000188115 10.5 20 -2.5
7.55652e-05 11 19.5 -2.5
6.07757e-05 10 20.5 -2.5
0.000193583 10.5 20 -3
9.10004e-05 10 20.5 -3
0.000117752 10 20.5 -3.5
0.000180587 10.5 20 -3.5
0.00013302 10 20.5 -4
0.000159038 10.5 20 -4
0.000139497 10 20.5 -4.5
0.000130016 10.5 20 -4.5
5.34477e-05 10.5 20 -5.5
2.01219e-05 10.5 20 -6
0.000100406 10 20.5 -6.5
2.07759e-05 11.5 19.5 1.5
3.96741e-05 11.5 19.5 1
5.71319e-05 11.5 19.5 0.5
4.91878e-05 11 20 0
6.02611e-05 11.5 19.5 0
7.41665e-05 11 20 -0.5
4.73969e-05 11.5 19.5 -0.5
9.43118e-05 11 20 -1
3.01019e-05 11.5 19.5 -1
2.83396e-05 10 20.5 -8
4.98226e-05 10 20.5 -7.5
2.86225e-05 10.5 20.5 -1.5
0.00010514 11 20 -1.5
6.24053e-05 10.5 20.5 -2
8.59377e-05 11 20 -2.5
6.25213e-05 11 20 -3
8.29883e-05 10.5 20.5 -2.5
3.82541e-05 11 20 -3.5
9.69543e-05 10.5 20.5 -3
0.000104791 10.5 20.5 -3.5
0.000103248 11 20 -2
7.62491e-05 10 20.5 -7
0.000119095 10 20.5 -6
0.000130206 10 20.5 -5.5
0.000139374 10 20.5 -5
0.000105277 10.5 20.5 -4
2.09944e-05 10 21 -4.5
2.31562e-05 10 21 -5
2.78921e-05 10 21 -5.5
2.09355e-05 10 21 -6.5
2.36764e-05 10 21 -6
2.74817e-05 11.5 20 0
3.24537e-05 11.5 20 -0.5
3.01209e-05 11.5 20 -1
2.89271e-05 11 20.5 -1.5
4.5301e-05 11 20.5 -2
4.92899e-05 11 20.5 -2.5
3.438e-05 11 20.5 -3.5
4.71446e-05 11 20.5 -3
3.23955e-05 10.5 20.5 -6
5.1413e-05 10.5 20.5 -5.5
7.23505e-05 10.5 20.5 -5
9.11107e-05 10.5 20.5 -4.5
9.18167e-05 10.5 20 -5
4.22285e-05 11 19.5 -3
0.000105353 10 20 -7
0.000144546 10 20 -6.5
0.00018751 10 20 -6
0.000148133 10.5 19.5 -4
0.000140136 10 19.5 -6.5
0.000199212 10 19.5 -6
0.000254793 10 19.5 -5.5
0.00019672 10 19 -5.5
0.00025063 10 19 -5
3.8052e-05 10.5 18.5 -4
0.000176742 9.5 19 -8
0.000249305 9.5 19 -7.5
0.000321511 9.5 19 -7
0.000162771 9.5 18.5 -7.5
0.000273281 9.5 18.5 -6.5
0.000316782 9.5 18.5 -6
2.7648e-05 10 18 -5.5
0.000427759 9 18.5 -8
0.000463825 9 18.5 -7.5
0.000465948 9 18.5 -7
0.000168076 9.5 18 -6
0.000199467 9.5 18 -5.5
0.000181491 9 18 -9
0.000231532 9 18 -8.5
0.000269123 9 18 -8
0.000297075 9 18 -7.5
0.000319117 9 18 -7
2.19055e-05 9.5 17.5 -7
0.000112996 9 17.5 -8
0.000132314 9 17.5 -7.5
0.000281296 8.5 17.5 -9.5
0.000279913 8.5 17.5 -8.5
0.000257185 8.5 17.5 -8
3.55144e-05 9 17 -6.5
0.000101088 8.5 17 -10
0.000117707 8.5 17 -9.5
0.000114899 8.5 17 -9
0.000108255 8.5 17 -8.5
9.6533e-05 8.5 17 -8
0.00018702 8 17 -9
2.16648e-05 8.5 16.5 -8.5
7.5328e-05 8 16.5 -9.5
3.2095e-05 8 16.5 -8.5
2.1347e-05 8 16 -10
5.18649e-05 7.5 16 -10.5
2.81213e-05 7.5 16 -10
