0.306304
2.71955e-05 -4.5 0.5 -6
4.17243e-05 -4.5 0.5 -6.5
4.08854e-05 -4.5 0.5 -7
3.15027e-05 -4.5 0.5 -7.5
5.34322e-05 -4 0.5 -6
2.8249e-05 -4.5 1 -5.5
0.000100436 -4 0.5 -6.5
5.58267e-05 -4.5 1 -6
9.13901e-05 -4 0.5 -7
7.47288e-05 -4.5 1 -6.5
4.88779e-05 -4 0.5 -7.5
7.72628e-05 -4.5 1 -7
4.45901e-05 -4.5 1 -7.5
2.61177e-05 -4 1 -4.5
0.000134337 -4 1 -5
3.43189e-05 -3.5 0.5 -6
0.000306065 -4 1 -5.5
0.000102294 -3.5 0.5 -6.5
0.000380361 -4 1 -6
2.55607e-05 -4.5 1.5 -5.5
9.68671e-05 -3.5 0.5 -7
0.000349982 -4 1 -6.5
4.91583e-05 -4.5 1.5 -6
5.02159e-05 -3.5 0.5 -7.5
0.000224169 -4 1 -7
7.22871e-05 -4.5 1.5 -6.5
7.17003e-05 -4 1 -7.5
7.80027e-05 -4.5 1.5 -7
5.13957e-05 -4.5 1.5 -7.5
3.29684e-05 -3.5 1 -4.5
0.000297114 -3.5 1 -5
5.95065e-05 -4 1.5 -4.5
3.30568e-05 -3 0.5 -6
0.000617161 -3.5 1 -5.5
0.000249508 -4 1.5 -5
7.20567e-05 -3 0.5 -6.5
0.000710003 -3.5 1 -6
0.000464659 -4 1.5 -5.5
7.11674e-05 -3 0.5 -7
0.000603614 -3.5 1 -6.5
0.000560543 -4 1.5 -6
2.97606e-05 -3 0.5 -7.5
0.000327464 -3.5 1 -7
0.000560785 -4 1.5 -6.5
8.48407e-05 -3.5 1 -7.5
0.000334543 -4 1.5 -7
3.2788e-05 -4.5 2 -6.5
8.79012e-05 -4 1.5 -7.5
4.60516e-05 -4.5 2 -7.5
4.72212e-05 -4.5 2 -7
3.14491e-05 -3.5 1.5 -3.5
0.000287313 -3.5 1.5 -4
0.000216212 -3 1 -5
0.00105462 -3.5 1.5 -4.5
0.000504688 -3 1 -5.5
0.00194595 -3.5 1.5 -5
4.12851e-05 -4 2 -4.5
2.63538e-05 -2.5 0.5 -6.5
0.000642368 -3 1 -6
0.00224305 -3.5 1.5 -5.5
0.000194996 -4 2 -5
2.62103e-05 -2.5 0.5 -7
0.000556599 -3 1 -6.5
0.00215656 -3.5 1.5 -6
0.000366803 -4 2 -5.5
0.000294888 -3 1 -7
0.00145704 -3.5 1.5 -6.5
0.000479144 -4 2 -6
8.34276e-05 -3 1 -7.5
0.000609053 -3.5 1.5 -7
0.000512566 -4 2 -6.5
0.000105026 -3.5 1.5 -7.5
0.000365563 -4 2 -7
8.69104e-05 -4 2 -7.5
2.21908e-05 -4.5 2.5 -7.5
9.96765e-05 -3 1.5 -3.5
0.000662952 -3 1.5 -4
2.66722e-05 -3.5 2 -3.5
0.000128907 -2.5 1 -5
0.00181527 -3 1.5 -4.5
0.000354777 -3.5 2 -4
0.000273314 -2.5 1 -5.5
0.00283248 -3 1.5 -5
0.0014495 -3.5 2 -4.5
0.000362702 -2.5 1 -6
0.00304586 -3 1.5 -5.5
0.00253462 -3.5 2 -5
0.000327143 -2.5 1 -6.5
0.00274788 -3 1.5 -6
0.00287986 -3.5 2 -5.5
3.86394e-05 -4 2.5 -5
0.000180353 -2.5 1 -7
0.00172241 -3 1.5 -6.5
0.00284708 -3.5 2 -6
0.000127872 -4 2.5 -5.5
5.37204e-05 -2.5 1 -7.5
0.000675924 -3 1.5 -7
0.00203814 -3.5 2 -6.5
0.000193913 -4 2.5 -6
0.000118757 -3 1.5 -7.5
0.000779504 -3.5 2 -7
0.000256136 -4 2.5 -6.5
0.000101956 -3.5 2 -7.5
0.000264659 -4 2.5 -7
7.51589e-05 -4 2.5 -7.5
6.84243e-05 -2.5 1.5 -3.5
7.39683e-05 -3 2 -3
2.71665e-05 -2 1 -4.5
0.000588411 -2.5 1.5 -4
0.000730576 -3 2 -3.5
6.35964e-05 -2 1 -5
0.00157978 -2.5 1.5 -4.5
0.00281279 -3 2 -4
9.84194e-05 -2 1 -5.5
0.00240635 -2.5 1.5 -5
0.00536869 -3 2 -4.5
0.000119334 -3.5 2.5 -4
0.000113053 -2 1 -6
0.00257366 -2.5 1.5 -5.5
0.0067651 -3 2 -5
0.000955732 -3.5 2.5 -4.5
0.000108427 -2 1 -6.5
0.00228688 -2.5 1.5 -6
0.00681443 -3 2 -5.5
0.00196387 -3.5 2.5 -5
6.45989e-05 -2 1 -7
0.0013935 -2.5 1.5 -6.5
0.00577064 -3 2 -6
0.00233988 -3.5 2.5 -5.5
2.31394e-05 -2 1 -7.5
0.000537815 -2.5 1.5 -7
0.00329033 -3 2 -6.5
0.00244234 -3.5 2.5 -6
0.000104224 -2.5 1.5 -7.5
0.00108809 -3 2 -7
0.00195654 -3.5 2.5 -6.5
0.00013658 -3 2 -7.5
0.000766242 -3.5 2.5 -7
3.09726e-05 -4 3 -6.5
8.01027e-05 -3.5 2.5 -7.5
5.78865e-05 -4 3 -7.5
8.04546e-05 -4 3 -7
3.01594e-05 -2.5 2 -2.5
2.94146e-05 -2 1.5 -3.5
0.000237208 -2.5 2 -3
0.000259168 -2 1.5 -4
0.00126261 -2.5 2 -3.5
4.53973e-05 -3 2.5 -3
2.15911e-05 -1.5 1 -5
0.000673839 -2 1.5 -4.5
0.00342119 -2.5 2 -4
0.000725121 -3 2.5 -3.5
2.20488e-05 -1.5 1 -5.5
0.00106864 -2 1.5 -5
0.00587821 -2.5 2 -4.5
0.00333865 -3 2.5 -4
0.00118945 -2 1.5 -5.5
0.00711241 -2.5 2 -5
0.0066259 -3 2.5 -4.5
0.00108523 -2 1.5 -6
0.00708013 -2.5 2 -5.5
0.00801394 -3 2.5 -5
0.000165498 -3.5 3 -4.5
0.000695428 -2 1.5 -6.5
0.00577278 -2.5 2 -6
0.00807379 -3 2.5 -5.5
0.000610543 -3.5 3 -5
0.000289798 -2 1.5 -7
0.00317235 -2.5 2 -6.5
0.00701414 -3 2.5 -6
0.000855629 -3.5 3 -5.5
6.6231e-05 -2 1.5 -7.5
0.00104669 -2.5 2 -7
0.00402852 -3 2.5 -6.5
0.00100005 -3.5 3 -6
0.000144582 -2.5 2 -7.5
0.00125395 -3 2.5 -7
0.00106764 -3.5 3 -6.5
0.000124664 -3 2.5 -7.5
0.0004962 -3.5 3 -7
4.58734e-05 -3.5 3 -7.5
2.63649e-05 -2 2 -2.5
2.51879e-05 -1.5 1.5 -3.5
0.000215308 -2 2 -3
5.8219e-05 -2.5 2.5 -2.5
5.51579e-05 -1.5 1.5 -4
0.0010283 -2 2 -3.5
0.000578193 -2.5 2.5 -3
9.75555e-05 -1.5 1.5 -4.5
0.00250494 -2 2 -4
0.00293698 -2.5 2.5 -3.5
0.000154931 -1.5 1.5 -5
0.00410945 -2 2 -4.5
0.00690559 -2.5 2.5 -4
0.000169417 -3 3 -3.5
0.000207863 -1.5 1.5 -5.5
0.00489249 -2 2 -5
0.0105996 -2.5 2.5 -4.5
0.00229476 -3 3 -4
0.00021568 -1.5 1.5 -6
0.00481847 -2 2 -5.5
0.0116473 -2.5 2.5 -5
0.00518951 -3 3 -4.5
0.000182431 -1.5 1.5 -6.5
0.00379809 -2 2 -6
0.011348 -2.5 2.5 -5.5
0.00643102 -3 3 -5
9.78633e-05 -1.5 1.5 -7
0.00209648 -2 2 -6.5
0.00882424 -2.5 2.5 -6
0.00655869 -3 3 -5.5
2.80403e-05 -3.5 3.5 -5
2.98881e-05 -1.5 1.5 -7.5
0.000733818 -2 2 -7
0.0047339 -2.5 2.5 -6.5
0.00598596 -3 3 -6
9.35743e-05 -3.5 3.5 -5.5
0.000122085 -2 2 -7.5
0.00142683 -2.5 2.5 -7
0.00351209 -3 3 -6.5
0.000113727 -3.5 3.5 -6
0.000168871 -2.5 2.5 -7.5
0.000980126 -3 3 -7
6.93296e-05 -3 3 -7.5
2.99266e-05 -3.5 3.5 -7.5
0.000188955 -3.5 3.5 -7
0.000164815 -3.5 3.5 -6.5
5.81776e-05 -1.5 2 -3
0.000135041 -2 2.5 -2.5
0.000209387 -1.5 2 -3.5
0.00082245 -2 2.5 -3
2.87138e-05 -2.5 3 -2.5
0.000522593 -1.5 2 -4
0.00300979 -2 2.5 -3.5
0.00048761 -2.5 3 -3
0.000984138 -1.5 2 -4.5
0.00636916 -2 2.5 -4
0.00337382 -2.5 3 -3.5
0.00142764 -1.5 2 -5
0.00940842 -2 2.5 -4.5
0.00810703 -2.5 3 -4
0.00151196 -1.5 2 -5.5
0.0102529 -2 2.5 -5
0.0120364 -2.5 3 -4.5
0.000293074 -3 3.5 -4
0.00133444 -1.5 2 -6
0.00987462 -2 2.5 -5.5
0.012781 -2.5 3 -5
0.00164786 -3 3.5 -4.5
0.00084587 -1.5 2 -6.5
0.00745502 -2 2.5 -6
0.0123802 -2.5 3 -5.5
0.00225731 -3 3.5 -5
0.000353404 -1.5 2 -7
0.00394623 -2 2.5 -6.5
0.00949399 -2.5 3 -6
0.00239512 -3 3.5 -5.5
7.60814e-05 -1.5 2 -7.5
0.00124199 -2 2.5 -7
0.00506142 -2.5 3 -6.5
0.00244973 -3 3.5 -6
0.00015861 -2 2.5 -7.5
0.00145876 -2.5 3 -7
0.00162661 -3 3.5 -6.5
0.000119884 -2.5 3 -7.5
2.86385e-05 -3 3.5 -7.5
0.000423672 -3 3.5 -7
9.97488e-05 -1.5 2.5 -2.5
2.33929e-05 -2 3 -2
0.000461217 -1.5 2.5 -3
0.000220508 -2 3 -2.5
0.00123561 -1.5 2.5 -3.5
0.001422 -2 3 -3
2.68988e-05 -1 2 -4.5
0.00244289 -1.5 2.5 -4
0.00464016 -2 3 -3.5
0.000100443 -2.5 3.5 -3
5.05002e-05 -1 2 -5
0.00376764 -1.5 2.5 -4.5
0.00911682 -2 3 -4
0.00189703 -2.5 3.5 -3.5
8.43132e-05 -1 2 -5.5
0.00453268 -1.5 2.5 -5
0.0125085 -2 3 -4.5
0.00622375 -2.5 3.5 -4
0.000132767 -1 2 -6
0.00442948 -1.5 2.5 -5.5
0.0129995 -2 3 -5
0.00946572 -2.5 3.5 -4.5
0.000135578 -1 2 -6.5
0.00352555 -1.5 2.5 -6
0.0123711 -2 3 -5.5
0.00982028 -2.5 3.5 -5
5.28065e-05 -3 4 -4.5
9.16209e-05 -1 2 -7
0.00204653 -1.5 2.5 -6.5
0.00911152 -2 3 -6
0.00946068 -2.5 3.5 -5.5
0.000222819 -3 4 -5
2.80275e-05 -1 2 -7.5
0.000774868 -1.5 2.5 -7
0.0047678 -2 3 -6.5
0.00701294 -2.5 3.5 -6
0.000260241 -3 4 -5.5
0.000133851 -1.5 2.5 -7.5
0.00142554 -2 3 -7
0.00353508 -2.5 3.5 -6.5
0.000158735 -2 3 -7.5
4.40452e-05 -2.5 3.5 -7.5
0.000103528 -3 4 -7
0.000807035 -2.5 3.5 -7
0.000290773 -3 4 -6.5
0.000276208 -3 4 -6
3.79277e-05 -1.5 3 -2
2.26338e-05 -1 2.5 -3
0.000259362 -1.5 3 -2.5
3.29103e-05 -1 2.5 -3.5
0.00126369 -1.5 3 -3
0.000154251 -2 3.5 -2.5
8.08507e-05 -1 2.5 -4
0.00328544 -1.5 3 -3.5
0.00141152 -2 3.5 -3
0.000216475 -1 2.5 -4.5
0.00593284 -1.5 3 -4
0.00490304 -2 3.5 -3.5
0.000405664 -1 2.5 -5
0.00808592 -1.5 3 -4.5
0.00957551 -2 3.5 -4
6.4303e-05 -2.5 4 -3.5
0.000583958 -1 2.5 -5.5
0.00853958 -1.5 3 -5
0.0125896 -2 3.5 -4.5
0.00158676 -2.5 4 -4
0.000660214 -1 2.5 -6
0.00794687 -1.5 3 -5.5
0.0128041 -2 3.5 -5
0.00298884 -2.5 4 -4.5
0.000551061 -1 2.5 -6.5
0.00579317 -1.5 3 -6
0.0118126 -2 3.5 -5.5
0.00313599 -2.5 4 -5
0.000292822 -1 2.5 -7
0.00312544 -1.5 3 -6.5
0.00836129 -2 3.5 -6
0.00308312 -2.5 4 -5.5
8.04232e-05 -1 2.5 -7.5
0.00108005 -1.5 3 -7
0.00416691 -2 3.5 -6.5
0.00228568 -2.5 4 -6
0.000147557 -1.5 3 -7.5
0.00109463 -2 3.5 -7
8.2804e-05 -2 3.5 -7.5
0.000200207 -2.5 4 -7
2.08148e-05 -3 4.5 -6.5
0.00109633 -2.5 4 -6.5
8.46784e-05 -1 3 -2.5
5.28339e-05 -1.5 3.5 -2
0.000189216 -1 3 -3
0.000355998 -1.5 3.5 -2.5
0.000393778 -1 3 -3.5
0.00170315 -1.5 3.5 -3
0.000777229 -1 3 -4
0.00461483 -1.5 3.5 -3.5
0.00054807 -2 4 -3
0.0013306 -1 3 -4.5
0.00805007 -1.5 3.5 -4
0.00325644 -2 4 -3.5
0.00176236 -1 3 -5
0.0101826 -1.5 3.5 -4.5
0.00671324 -2 4 -4
0.00193367 -1 3 -5.5
0.0103156 -1.5 3.5 -5
0.00811563 -2 4 -4.5
2.8652e-05 -2.5 4.5 -4
2.64766e-05 -0.5 2.5 -6.5
0.0017483 -1 3 -6
0.00930947 -1.5 3.5 -5.5
0.00804226 -2 4 -5
0.000242995 -2.5 4.5 -4.5
3.61063e-05 -0.5 2.5 -7
0.00119332 -1 3 -6.5
0.00648899 -1.5 3.5 -6
0.00686762 -2 4 -5.5
0.000322474 -2.5 4.5 -5
2.0721e-05 -0.5 2.5 -7.5
0.000547801 -1 3 -7
0.00334294 -1.5 3.5 -6.5
0.00437898 -2 4 -6
0.000125225 -1 3 -7.5
0.00103644 -1.5 3.5 -7
2.67137e-05 -2.5 4.5 -7
0.000106924 -1.5 3.5 -7.5
0.000379943 -2 4 -7
0.000158683 -2.5 4.5 -6.5
0.00195387 -2 4 -6.5
0.000317783 -2.5 4.5 -6
0.00034395 -2.5 4.5 -5.5
5.66643e-05 -1 3.5 -2
0.000283366 -1 3.5 -2.5
2.95842e-05 -1.5 4 -2
0.000792755 -1 3.5 -3
0.000303872 -1.5 4 -2.5
0.00153931 -1 3.5 -3.5
0.00164365 -1.5 4 -3
0.00257618 -1 3.5 -4
0.00434104 -1.5 4 -3.5
2.9264e-05 -0.5 3 -5
0.00346372 -1 3.5 -4.5
0.00744771 -1.5 4 -4
0.000587874 -2 4.5 -3.5
4.13277e-05 -0.5 3 -5.5
0.00381979 -1 3.5 -5
0.00867546 -1.5 4 -4.5
0.0018278 -2 4.5 -4
7.46669e-05 -0.5 3 -6
0.00353788 -1 3.5 -5.5
0.00853228 -1.5 4 -5
0.00219224 -2 4.5 -4.5
0.000134418 -0.5 3 -6.5
0.00268078 -1 3.5 -6
0.00712601 -1.5 4 -5.5
0.0021739 -2 4.5 -5
0.000119594 -0.5 3 -7
0.00159083 -1 3.5 -6.5
0.00451002 -1.5 4 -6
0.00172899 -2 4.5 -5.5
5.16661e-05 -0.5 3 -7.5
0.000662589 -1 3.5 -7
0.00204515 -1.5 4 -6.5
0.000121104 -1 3.5 -7.5
3.55489e-05 -1.5 4 -7.5
4.80356e-05 -2 4.5 -7
0.00049638 -1.5 4 -7
0.00036991 -2 4.5 -6.5
0.000974701 -2 4.5 -6
6.83185e-05 -1 4 -2
0.000383941 -1 4 -2.5
0.00128249 -1 4 -3
8.34453e-05 -1.5 4.5 -2.5
2.78751e-05 -0.5 3.5 -4
0.00267696 -1 4 -3.5
0.000854176 -1.5 4.5 -3
9.38529e-05 -0.5 3.5 -4.5
0.00410693 -1 4 -4
0.00247039 -1.5 4.5 -3.5
0.000173609 -0.5 3.5 -5
0.00494258 -1 4 -4.5
0.00387151 -1.5 4.5 -4
0.000257929 -0.5 3.5 -5.5
0.00490174 -1 4 -5
0.00404774 -1.5 4.5 -4.5
0.000347157 -0.5 3.5 -6
0.00416094 -1 4 -5.5
0.000324286 -0.5 3.5 -6.5
0.00280014 -1 4 -6
0.00271577 -1.5 4.5 -5.5
0.00021969 -0.5 3.5 -7
0.0014411 -1 4 -6.5
7.5805e-05 -0.5 3.5 -7.5
4.88604e-05 -1 4 -7.5
8.52352e-05 -1.5 4.5 -7
4.0013e-05 -2 5 -6.5
0.000465117 -1 4 -7
0.000543161 -1.5 4.5 -6.5
0.000118893 -2 5 -6
0.00145738 -1.5 4.5 -6
0.000202543 -2 5 -5.5
0.000213381 -2 5 -5
0.00378041 -1.5 4.5 -5
0.000201309 -2 5 -4.5
0.000131961 -2 5 -4
4.49258e-05 -0.5 4 -2
0.000113386 -0.5 4 -2.5
5.11734e-05 -1 4.5 -2
0.000164612 -0.5 4 -3
0.000326692 -1 4.5 -2.5
0.000244249 -0.5 4 -3.5
0.00114048 -1 4.5 -3
0.000409994 -0.5 4 -4
0.0024604 -1 4.5 -3.5
0.000622938 -0.5 4 -4.5
0.00355762 -1 4.5 -4
0.000731 -0.5 4 -5
0.00370774 -1 4.5 -4.5
0.000795975 -1.5 5 -4
0.000751391 -0.5 4 -5.5
0.00342385 -1 4.5 -5
0.000662347 -0.5 4 -6
0.0024642 -1 4.5 -5.5
0.000722815 -1.5 5 -5
0.000479861 -0.5 4 -6.5
0.00135288 -1 4.5 -6
6.0347e-05 -0.5 4 -7.5
0.000113074 -1 4.5 -7
6.79536e-05 -1.5 5 -6.5
0.000246701 -0.5 4 -7
0.000532368 -1 4.5 -6.5
0.000228129 -1.5 5 -6
0.000469893 -1.5 5 -5.5
0.000811064 -1.5 5 -4.5
0.000564595 -1.5 5 -3.5
0.000137187 -1.5 5 -3
6.51124e-05 -0.5 4.5 -2
0.000236386 -0.5 4.5 -2.5
0.000504623 -0.5 4.5 -3
0.000149372 -1 5 -2.5
0.00079145 -0.5 4.5 -3.5
0.000557886 -1 5 -3
0.00110821 -0.5 4.5 -4
0.00104477 -1 5 -3.5
0.00129264 -0.5 4.5 -4.5
0.00123946 -0.5 4.5 -5
0.00116885 -1 5 -4.5
5.64286e-05 -1.5 5.5 -4
0.00101251 -0.5 4.5 -5.5
0.000564197 -1 5 -5.5
3.03471e-05 0 4 -6.5
3.81443e-05 -1.5 5.5 -5.5
3.72743e-05 0 4 -7
2.04126e-05 -1.5 5.5 -6
0.000322359 -0.5 4.5 -6.5
0.00010332 -0.5 4.5 -7
8.19488e-05 -1 5 -6.5
0.000260943 -1 5 -6
0.000658834 -0.5 4.5 -6
5.6914e-05 -1.5 5.5 -5
0.000931509 -1 5 -5
6.25917e-05 -1.5 5.5 -4.5
0.0012045 -1 5 -4
2.69628e-05 -1.5 5.5 -3.5
4.22285e-05 -0.5 5 -2
0.000198867 -0.5 5 -2.5
0.000489945 -0.5 5 -3
0.000796733 -0.5 5 -3.5
3.38614e-05 0 4.5 -4.5
0.000929255 -0.5 5 -4
0.000156349 -1 5.5 -3.5
5.57231e-05 0 4.5 -5
0.000897381 -0.5 5 -4.5
7.48199e-05 0 4.5 -5.5
0.000721489 -0.5 5 -5
8.46127e-05 0 4.5 -6
6.16934e-05 -1 5.5 -5.5
3.52669e-05 0 4.5 -7
6.89692e-05 -0.5 5 -6.5
2.64342e-05 -1 5.5 -6
7.38048e-05 0 4.5 -6.5
0.000213593 -0.5 5 -6
0.000448074 -0.5 5 -5.5
0.000115557 -1 5.5 -5
0.000164721 -1 5.5 -4.5
0.000166661 -1 5.5 -4
8.54033e-05 -1 5.5 -3
2.47545e-05 0 5 -2
5.49443e-05 0 5 -2.5
8.96963e-05 0 5 -3
6.39952e-05 -0.5 5.5 -2.5
0.000134785 0 5 -3.5
0.00015844 -0.5 5.5 -3
0.000174577 0 5 -4
0.000208377 -0.5 5.5 -3.5
0.000189332 0 5 -4.5
0.00020839 -0.5 5.5 -4
0.00017494 0 5 -5
2.07636e-05 -0.5 5.5 -6
8.07537e-05 0 5 -6
2.96208e-05 0 5 -6.5
6.03248e-05 -0.5 5.5 -5.5
0.000137545 0 5 -5.5
0.000125181 -0.5 5.5 -5
0.000186157 -0.5 5.5 -4.5
4.82633e-05 0 5.5 -2.5
0.000104895 0 5.5 -3
0.000139298 0 5.5 -3.5
0.000140285 0 5.5 -4
2.08765e-05 0 5.5 -6
3.33338e-05 0 5.5 -5.5
7.41847e-05 0 5.5 -5
0.00011919 0 5.5 -4.5
