0.835784
2.81982e-05 -5 -10.5 -20
4.10309e-05 -5 -10.5 -19.5
4.2546e-05 -5 -10.5 -19
3.69351e-05 -5 -10.5 -18.5
2.35743e-05 -5 -10.5 -18
4.33825e-05 -4.5 -10 -21.5
0.000106789 -4.5 -10 -21
0.000176039 -4.5 -10 -20.5
0.00022705 -4.5 -10 -20
0.000214688 -4.5 -10 -19.5
0.000161337 -4.5 -10 -19
7.6708e-05 -4.5 -10 -18.5
3.30791e-05 -5 -11 -17.5
2.53917e-05 -5.5 -11.5 -17.5
2.93418e-05 -5.5 -11.5 -18
2.52118e-05 -5.5 -11.5 -18.5
0.000156675 -5 -11 -19
0.000149451 -5 -11 -19.5
5.03073e-05 -5 -11 -20.5
6.67842e-05 -4.5 -10.5 -21.5
0.000177085 -4.5 -10.5 -21
0.000306612 -4.5 -10.5 -20.5
9.6114e-05 -5 -11 -20
0.00038821 -4.5 -10.5 -20
0.000398112 -4.5 -10.5 -19.5
0.0003463 -4.5 -10.5 -19
0.000136515 -5 -11 -18.5
0.000210141 -4.5 -10.5 -18.5
8.95721e-05 -5 -11 -18
7.51862e-05 -4.5 -10.5 -18
2.11826e-05 -4 -10 -18
0.000365834 -4 -10 -19
8.37477e-05 -4 -10 -22
0.000257121 -4 -10 -21.5
4.08085e-05 -4.5 -9.5 -21
0.000463214 -4 -10 -21
5.97851e-05 -4.5 -9.5 -20.5
0.00062854 -4 -10 -20.5
6.91186e-05 -4.5 -9.5 -20
0.000655702 -4 -10 -20
6.48104e-05 -4.5 -9.5 -19.5
0.000559644 -4 -10 -19.5
4.37747e-05 -4.5 -9.5 -19
0.000147641 -4 -10 -18.5
3.25192e-05 -5 -11.5 -17
2.12242e-05 -5.5 -12 -16.5
2.21805e-05 -6 -12.5 -16.5
2.42498e-05 -6 -12.5 -17
0.000115429 -5.5 -12 -18
0.000115795 -5.5 -12 -18.5
4.67491e-05 -5.5 -12 -19.5
3.47374e-05 -5 -11.5 -21
4.73178e-05 -4 -10.5 -22
5.98939e-05 -4.5 -11 -21.5
0.000188057 -4 -10.5 -21.5
0.000172264 -4.5 -11 -21
9.68685e-05 -5 -11.5 -20.5
0.000405996 -4 -10.5 -21
0.000332363 -4.5 -11 -20.5
0.000188313 -5 -11.5 -20
0.000604379 -4 -10.5 -20.5
0.000492666 -4.5 -11 -20
0.000273335 -5 -11.5 -19.5
7.88215e-05 -5.5 -12 -19
0.000696201 -4 -10.5 -20
0.000569373 -4.5 -11 -19.5
0.000319362 -5 -11.5 -19
0.000670056 -4 -10.5 -19.5
0.000502438 -4.5 -11 -19
0.000296763 -5 -11.5 -18.5
0.000535303 -4 -10.5 -19
0.000360375 -4.5 -11 -18.5
0.000225686 -5 -11.5 -18
9.58413e-05 -5.5 -12 -17.5
0.000275343 -4 -10.5 -18.5
0.000189608 -4.5 -11 -18
0.000121664 -5 -11.5 -17.5
5.86281e-05 -5.5 -12 -17
8.59884e-05 -4 -10.5 -18
5.43132e-05 -4.5 -11 -17.5
9.79684e-05 -3.5 -10 -18.5
0.000273994 -3.5 -10 -19
0.000523982 -3.5 -10 -19.5
0.000674292 -3.5 -10 -20
0.000708749 -3.5 -10 -20.5
0.000591149 -3.5 -10 -21
0.000364105 -3.5 -10 -21.5
0.000133469 -3.5 -10 -22
2.65684e-05 -3.5 -10 -22.5
9.91562e-05 -4 -9.5 -22
0.000269441 -4 -9.5 -21.5
0.000440014 -4 -9.5 -21
0.000524457 -4 -9.5 -20.5
0.000509208 -4 -9.5 -20
0.000402684 -4 -9.5 -19.5
0.000206207 -4 -9.5 -19
5.08915e-05 -4 -9.5 -18.5
2.02043e-05 -6 -13 -15.5
5.02713e-05 -6 -13 -16
2.2225e-05 -6.5 -13.5 -15.5
2.49704e-05 -3.5 -10.5 -18
8.41343e-05 -5.5 -12.5 -16.5
8.20985e-05 -6 -13 -16.5
2.40866e-05 -6.5 -13.5 -16
0.000168295 -5.5 -12.5 -17
9.52422e-05 -3.5 -10.5 -18.5
0.000391254 -5 -12 -18
8.64291e-05 -6 -13 -17.5
0.000415088 -3.5 -10.5 -19.5
0.000459533 -5 -12 -18.5
0.000486311 -3.5 -10.5 -20
0.000469956 -3.5 -10.5 -20.5
0.000638269 -4 -11 -20
0.000374819 -3.5 -10.5 -21
0.000494647 -4 -11 -20.5
0.000193045 -3.5 -10.5 -21.5
5.17139e-05 -3.5 -10.5 -22
2.1723e-05 -4 -11 -22
3.17974e-05 -4.5 -11.5 -21.5
3.36627e-05 -5 -12 -21
0.000105931 -4 -11 -21.5
0.000128876 -4.5 -11.5 -21
9.65275e-05 -5 -12 -20.5
4.04251e-05 -5.5 -12.5 -20
0.000288953 -4 -11 -21
0.000288996 -4.5 -11.5 -20.5
0.000210712 -5 -12 -20
9.65829e-05 -5.5 -12.5 -19.5
0.000460574 -4.5 -11.5 -20
0.000349168 -5 -12 -19.5
0.000163297 -5.5 -12.5 -19
3.78411e-05 -6 -13 -18.5
0.000571927 -4.5 -11.5 -19.5
0.000466361 -5 -12 -19
0.000235299 -5.5 -12.5 -18.5
6.60124e-05 -6 -13 -18
0.000649713 -4 -11 -19.5
0.000620798 -4.5 -11.5 -19
0.000261706 -5.5 -12.5 -18
0.000557314 -4 -11 -19
0.000537283 -4.5 -11.5 -18.5
0.000235218 -5.5 -12.5 -17.5
9.55609e-05 -6 -13 -17
0.000242258 -3.5 -10.5 -19
0.000379689 -4 -11 -18.5
0.000341841 -4.5 -11.5 -18
0.0002578 -5 -12 -17.5
0.00018144 -4 -11 -18
0.000153222 -4.5 -11.5 -17.5
0.000116599 -5 -12 -17
3.49415e-05 -4 -11 -17.5
2.62348e-05 -4.5 -11.5 -17
2.44632e-05 -5 -12 -16.5
2.28291e-05 -5.5 -12.5 -16
3.759e-05 -3 -10 -19
9.19685e-05 -3 -10 -19.5
0.000258825 -3.5 -9.5 -19
0.000143541 -3 -10 -20
0.000530824 -3.5 -9.5 -19.5
0.000201273 -4 -9 -19.5
0.000178429 -3 -10 -20.5
0.000197499 -3 -10 -21
0.000145038 -3 -10 -21.5
6.24099e-05 -3 -10 -22
0.000234822 -3.5 -9.5 -22
0.000184146 -4 -9 -21.5
0.000520167 -3.5 -9.5 -21.5
0.000275958 -4 -9 -21
0.000712578 -3.5 -9.5 -21
5.40665e-05 -3.5 -9.5 -22.5
8.04994e-05 -4 -9 -22
0.000323806 -4 -9 -20.5
0.000799375 -3.5 -9.5 -20.5
0.000305617 -4 -9 -20
0.000725749 -3.5 -9.5 -20
7.46412e-05 -4 -9 -19
5.55954e-05 -3.5 -9.5 -18.5
2.14915e-05 -7 -14.5 -14
2.66681e-05 -6.5 -14 -14.5
2.50623e-05 -6 -13.5 -15
2.77213e-05 -7 -14.5 -14.5
5.56321e-05 -6.5 -14 -15
9.35951e-05 -5.5 -13 -16
2.22814e-05 -3.5 -11 -18
2.47426e-05 -7 -14.5 -15
7.93098e-05 -6.5 -14 -15.5
0.00020914 -5.5 -13 -16.5
0.000149508 -6 -13.5 -16
7.64398e-05 -3.5 -11 -18.5
8.68585e-05 -6.5 -14 -16
0.000204991 -6 -13.5 -16.5
3.98277e-05 -3 -10.5 -19.5
7.54763e-05 -6.5 -14 -16.5
0.000164036 -3.5 -11 -19
0.00022423 -6 -13.5 -17
5.26213e-05 -3 -10.5 -20
0.00024425 -3.5 -11 -19.5
0.000476042 -4 -11.5 -19
5.74607e-05 -3 -10.5 -20.5
0.000270347 -3.5 -11 -20
0.000545376 -4 -11.5 -19.5
6.01594e-05 -3 -10.5 -21
0.000237966 -3.5 -11 -20.5
8.43052e-05 -6 -13.5 -18.5
0.000477191 -4 -11.5 -20
3.38402e-05 -3 -10.5 -21.5
0.000165303 -3.5 -11 -21
0.000323299 -4 -11.5 -20.5
6.38207e-05 -3.5 -11 -21.5
0.000153335 -4 -11.5 -21
3.87324e-05 -4 -11.5 -21.5
7.06805e-05 -4.5 -12 -21
7.39466e-05 -5 -12.5 -20.5
4.93982e-05 -5.5 -13 -20
0.000199695 -4.5 -12 -20.5
0.000182026 -5 -12.5 -20
0.000118137 -5.5 -13 -19.5
4.01129e-05 -6 -13.5 -19
0.000370872 -4.5 -12 -20
0.000327967 -5 -12.5 -19.5
0.000220154 -5.5 -13 -19
0.000529212 -4.5 -12 -19.5
0.000461811 -5 -12.5 -19
0.000328983 -5.5 -13 -18.5
0.000138726 -6 -13.5 -18
2.8661e-05 -6.5 -14 -17.5
0.000607396 -4.5 -12 -19
0.000527347 -5 -12.5 -18.5
0.000411629 -5.5 -13 -18
0.000198205 -6 -13.5 -17.5
5.73784e-05 -6.5 -14 -17
0.000561763 -4.5 -12 -18.5
0.000526221 -5 -12.5 -18
0.000386975 -5.5 -13 -17.5
0.000344934 -4 -11.5 -18.5
0.000456246 -4.5 -12 -18
0.000423194 -5 -12.5 -17.5
0.000320975 -5.5 -13 -17
0.000182515 -4 -11.5 -18
0.000285152 -4.5 -12 -17.5
0.000253712 -5 -12.5 -17
6.40548e-05 -4 -11.5 -17.5
0.000113706 -4.5 -12 -17
0.000100397 -5 -12.5 -16.5
7.88003e-05 -6 -13.5 -15.5
2.05907e-05 -5.5 -13 -15.5
5.93426e-05 -3 -9.5 -19
0.000174602 -3 -9.5 -19.5
0.000309971 -3 -9.5 -20
0.00037932 -3.5 -9 -19.5
0.000405283 -3 -9.5 -20.5
0.000442393 -3 -9.5 -21
0.000354236 -3 -9.5 -21.5
0.000191183 -3 -9.5 -22
5.60565e-05 -3 -9.5 -22.5
0.000321212 -3.5 -9 -22
7.46956e-05 -4 -8.5 -21.5
0.000586606 -3.5 -9 -21.5
0.00010789 -4 -8.5 -21
0.000738794 -3.5 -9 -21
2.30211e-05 -3 -9.5 -23
9.419e-05 -3.5 -9 -22.5
3.76103e-05 -4 -8.5 -22
0.00012571 -4 -8.5 -20.5
2.14147e-05 -3.5 -9 -23
0.000809213 -3.5 -9 -20.5
0.000116706 -4 -8.5 -20
0.000677436 -3.5 -9 -20
6.39392e-05 -4 -8.5 -19.5
0.000126198 -3.5 -9 -19
2.40681e-05 -7.5 -15.5 -12.5
2.0941e-05 -7 -15 -13
3.32032e-05 -7.5 -15.5 -13
4.44996e-05 -7 -15 -13.5
4.07013e-05 -6.5 -14.5 -14
3.0355e-05 -6 -14 -14.5
3.49123e-05 -7.5 -15.5 -13.5
7.32834e-05 -7 -15 -14
9.57366e-05 -6.5 -14.5 -14.5
2.77297e-05 -7.5 -15.5 -14
8.49905e-05 -7 -15 -14.5
0.000152234 -6.5 -14.5 -15
0.00019404 -6 -14 -15.5
8.72745e-05 -7 -15 -15
6.1384e-05 -4 -12 -17.5
0.000187245 -6.5 -14.5 -15.5
0.000287507 -6 -14 -16
4.37886e-05 -3.5 -11.5 -18.5
6.99414e-05 -7 -15 -15.5
0.000148375 -4 -12 -18
0.000198893 -6.5 -14.5 -16
7.88713e-05 -3.5 -11.5 -19
4.77888e-05 -7 -15 -16
0.000249658 -4 -12 -18.5
0.00016906 -6.5 -14.5 -16.5
9.98101e-05 -3.5 -11.5 -19.5
0.000312765 -4 -12 -19
0.000118392 -6.5 -14.5 -17
0.000102141 -3.5 -11.5 -20
0.000339882 -4 -12 -19.5
7.1252e-05 -6.5 -14.5 -17.5
7.85584e-05 -3.5 -11.5 -20.5
0.000255243 -4 -12 -20
3.52636e-05 -6.5 -14.5 -18
3.92797e-05 -3.5 -11.5 -21
0.000143143 -4 -12 -20.5
0.000233404 -4.5 -12.5 -20
4.85067e-05 -4 -12 -21
3.88364e-05 -5.5 -13.5 -20
2.41933e-05 -4.5 -12.5 -21
3.99611e-05 -5 -13 -20.5
2.43493e-05 -6 -14 -19.5
9.94814e-05 -4.5 -12.5 -20.5
0.000117759 -5 -13 -20
9.69446e-05 -5.5 -13.5 -19.5
5.51175e-05 -6 -14 -19
0.000247686 -5 -13 -19.5
0.00020244 -5.5 -13.5 -19
0.000118482 -6 -14 -18.5
0.000393158 -4.5 -12.5 -19.5
0.000406012 -5 -13 -19
0.000324489 -5.5 -13.5 -18.5
0.000202116 -6 -14 -18
0.000518868 -4.5 -12.5 -19
0.000511243 -5 -13 -18.5
0.000429098 -5.5 -13.5 -18
0.000290561 -6 -14 -17.5
0.000520405 -4.5 -12.5 -18.5
0.000542272 -5 -13 -18
0.000472638 -5.5 -13.5 -17.5
0.000357491 -6 -14 -17
0.000433647 -4.5 -12.5 -18
0.00050479 -5 -13 -17.5
0.000445542 -5.5 -13.5 -17
0.000340685 -6 -14 -16.5
0.000283544 -4.5 -12.5 -17.5
0.00038816 -5 -13 -17
0.000361047 -5.5 -13.5 -16.5
0.000151044 -4.5 -12.5 -17
0.000231316 -5 -13 -16.5
0.000220611 -5.5 -13.5 -16
4.38519e-05 -4.5 -12.5 -16.5
7.71222e-05 -5 -13 -16
9.14509e-05 -5.5 -13.5 -15.5
9.84604e-05 -6 -14 -15
2.14931e-05 -11 -19.5 -0.5
3.46057e-05 -11 -19.5 -1
2.91981e-05 -10.5 -19 -2
3.61536e-05 -11 -19.5 -1.5
6.84941e-05 -3 -9 -19
3.1356e-05 -10.5 -19 -2.5
3.25173e-05 -11 -19.5 -2
0.000232238 -3 -9 -19.5
2.57739e-05 -11 -19.5 -2.5
3.23879e-05 -10.5 -19 -3
2.22424e-05 -2.5 -9.5 -20.5
0.000455629 -3 -9 -20
0.000220388 -3.5 -8.5 -19.5
3.06158e-05 -10.5 -19 -3.5
2.78352e-05 -2.5 -9.5 -21
0.000650934 -3 -9 -20.5
0.00046423 -3.5 -8.5 -20
2.18105e-05 -10 -18.5 -4.5
2.65855e-05 -10.5 -19 -4
0.000725764 -3 -9 -21
0.000642149 -3.5 -8.5 -20.5
2.46512e-05 -10 -18.5 -5
2.0515e-05 -2.5 -9.5 -22
0.000636621 -3 -9 -21.5
0.000698084 -3.5 -8.5 -21
0.000385391 -3 -9 -22
2.557e-05 -10 -18.5 -5.5
0.00012832 -3 -9 -22.5
0.000349285 -3.5 -8.5 -22
2.24925e-05 -9.5 -18 -6.5
0.000115798 -3.5 -8.5 -22.5
2.28641e-05 -9.5 -18 -7
0.000590817 -3.5 -8.5 -21.5
2.59856e-05 -4 -8 -20.5
2.0806e-05 -9 -17.5 -8
2.25982e-05 -4 -8 -20
2.30859e-05 -9 -17.5 -8.5
2.10203e-05 -9 -17.5 -9
2.56605e-05 -8.5 -17 -9.5
3.06822e-05 -8.5 -17 -10
2.4808e-05 -8 -16.5 -10.5
3.07265e-05 -8.5 -17 -10.5
3.58391e-05 -8 -16.5 -11
2.9318e-05 -7.5 -16 -11.5
2.34578e-05 -8.5 -17 -11
4.61836e-05 -8 -16.5 -11.5
5.3763e-05 -7.5 -16 -12
3.74487e-05 -7 -15.5 -12.5
5.0013e-05 -8 -16.5 -12
7.91081e-05 -7.5 -16 -12.5
7.94903e-05 -7 -15.5 -13
6.01826e-05 -6.5 -15 -13.5
4.45032e-05 -8 -16.5 -12.5
9.37684e-05 -7.5 -16 -13
0.000129106 -7 -15.5 -13.5
0.000125311 -6.5 -15 -14
3.10079e-05 -8 -16.5 -13
9.93047e-05 -7.5 -16 -13.5
0.00016765 -7 -15.5 -14
0.000207207 -6.5 -15 -14.5
0.000222201 -6 -14.5 -15
8.4625e-05 -7.5 -16 -14
0.0001842 -7 -15.5 -14.5
0.000276299 -6.5 -15 -15
5.26668e-05 -4.5 -13 -16.5
4.31934e-05 -4 -12.5 -17.5
6.29357e-05 -7.5 -16 -14.5
0.000175885 -7 -15.5 -15
0.000308364 -6.5 -15 -15.5
0.000134289 -4.5 -13 -17
2.04804e-05 -3.5 -12 -18.5
3.72944e-05 -7.5 -16 -15
9.27446e-05 -4 -12.5 -18
0.000142273 -7 -15.5 -15.5
0.000301107 -6.5 -15 -16
0.000238698 -4.5 -13 -17.5
3.02012e-05 -3.5 -12 -19
0.00013411 -4 -12.5 -18.5
9.37764e-05 -7 -15.5 -16
0.000380822 -6 -14.5 -17
3.34398e-05 -3.5 -12 -19.5
0.000154451 -4 -12.5 -19
5.48967e-05 -7 -15.5 -16.5
0.000289622 -6 -14.5 -17.5
2.70885e-05 -3.5 -12 -20
0.00014941 -4 -12.5 -19.5
0.000103786 -6.5 -15 -17.5
2.91011e-05 -7 -15.5 -17
0.000191418 -6 -14.5 -18
8.85014e-05 -4 -12.5 -20
5.41904e-05 -6.5 -15 -18
0.000208542 -4.5 -13 -19.5
2.98776e-05 -4 -12.5 -20.5
9.54285e-05 -4.5 -13 -20
2.11139e-05 -5.5 -14 -20
2.56181e-05 -4.5 -13 -20.5
5.21819e-05 -5 -13.5 -20
5.77678e-05 -5.5 -14 -19.5
4.5814e-05 -6 -14.5 -19
2.52526e-05 -6.5 -15 -18.5
0.000142302 -5 -13.5 -19.5
0.000137958 -5.5 -14 -19
0.000105109 -6 -14.5 -18.5
0.000278326 -5 -13.5 -19
0.000259855 -5.5 -14 -18.5
0.000316598 -4.5 -13 -19
0.000418017 -5 -13.5 -18.5
0.000386013 -5.5 -14 -18
0.000172031 -6.5 -15 -17
0.000371037 -4.5 -13 -18.5
0.000499161 -5 -13.5 -18
0.000465498 -5.5 -14 -17.5
0.000246053 -6.5 -15 -16.5
0.000329933 -4.5 -13 -18
0.000477352 -5 -13.5 -17.5
0.00048723 -5.5 -14 -17
0.000418841 -6 -14.5 -16.5
0.000386786 -5 -13.5 -17
0.000450917 -5.5 -14 -16.5
0.000392478 -6 -14.5 -16
0.000252575 -5 -13.5 -16.5
0.000348973 -5.5 -14 -16
0.000328672 -6 -14.5 -15.5
0.00013236 -5 -13.5 -16
0.000213057 -5.5 -14 -15.5
3.8707e-05 -5 -13.5 -15.5
8.00146e-05 -5.5 -14 -15
0.000112336 -6 -14.5 -14.5
2.90427e-05 -6 -14.5 -14
5.27506e-05 -3.5 -8.5 -19
2.257e-05 -11 -20 -0.5
3.06085e-05 -10.5 -19.5 -1
3.69947e-05 -11 -20 -1
4.77134e-05 -10.5 -19.5 -1.5
5.95624e-05 -3 -8.5 -19
3.85796e-05 -11 -20 -1.5
2.99655e-05 -10 -19 -2.5
5.37224e-05 -10.5 -19.5 -2
4.23322e-05 -2.5 -9 -20
0.000243029 -3 -8.5 -19.5
3.77009e-05 -11 -20 -2
5.71099e-05 -10.5 -19.5 -2.5
4.22401e-05 -10 -19 -3
7.91968e-05 -2.5 -9 -20.5
0.000530255 -3 -8.5 -20
9.79676e-05 -3.5 -8 -19.5
3.24216e-05 -11 -20 -2.5
5.7847e-05 -10.5 -19.5 -3
5.04218e-05 -10 -19 -3.5
0.000108482 -2.5 -9 -21
0.000793288 -3 -8.5 -20.5
2.54894e-05 -11 -20 -3
5.3873e-05 -10.5 -19.5 -3.5
2.36556e-05 -9.5 -18.5 -4.5
6.02498e-05 -10 -19 -4
0.000112647 -2.5 -9 -21.5
4.63805e-05 -10.5 -19.5 -4
6.27655e-05 -10 -19 -4.5
3.98137e-05 -9.5 -18.5 -5
8.97014e-05 -2.5 -9 -22
0.000825437 -3 -8.5 -21.5
0.000436859 -3.5 -8 -21
3.00274e-05 -2.5 -9 -22.5
3.64377e-05 -10.5 -19.5 -4.5
6.16377e-05 -10 -19 -5
5.46325e-05 -9.5 -18.5 -5.5
2.41117e-05 -10.5 -19.5 -5
0.000239129 -3 -8.5 -22.5
5.43745e-05 -10 -19 -5.5
0.000267554 -3.5 -8 -22
2.06559e-05 -9 -18 -6
6.03184e-05 -9.5 -18.5 -6
0.000569777 -3 -8.5 -22
0.000395881 -3.5 -8 -21.5
3.94102e-05 -3 -8.5 -23
0.000114238 -3.5 -8 -22.5
4.36256e-05 -10 -19 -6
6.29286e-05 -9.5 -18.5 -6.5
3.47875e-05 -9 -18 -6.5
4.70117e-05 -9 -18 -7
2.08248e-05 -3.5 -8 -23
2.95416e-05 -10 -19 -6.5
5.86943e-05 -9.5 -18.5 -7
5.7614e-05 -9 -18 -7.5
2.96944e-05 -8.5 -17.5 -8
0.000892245 -3 -8.5 -21
4.86539e-05 -9.5 -18.5 -7.5
6.40531e-05 -9 -18 -8
4.43456e-05 -8.5 -17.5 -8.5
0.00041886 -3.5 -8 -20.5
0.000276106 -3.5 -8 -20
6.55714e-05 -9 -18 -8.5
6.17185e-05 -8.5 -17.5 -9
3.60631e-05 -8 -17 -9.5
3.42585e-05 -9.5 -18.5 -8
5.76463e-05 -9 -18 -9
7.63161e-05 -8.5 -17.5 -9.5
5.94278e-05 -8 -17 -10
2.87522e-05 -7.5 -16.5 -10.5
4.61737e-05 -9 -18 -9.5
8.18895e-05 -8.5 -17.5 -10
8.45139e-05 -8 -17 -10.5
5.52001e-05 -7.5 -16.5 -11
2.59457e-05 -7 -16 -11.5
3.25419e-05 -9 -18 -10
7.99032e-05 -8.5 -17.5 -10.5
0.000104597 -8 -17 -11
9.46409e-05 -7.5 -16.5 -11.5
6.4278e-05 -7 -16 -12
2.32649e-05 -6.5 -15.5 -12.5
6.7842e-05 -8.5 -17.5 -11
0.000114953 -8 -17 -11.5
0.000137583 -7.5 -16.5 -12
0.000117626 -7 -16 -12.5
7.93304e-05 -6.5 -15.5 -13
5.05134e-05 -8.5 -17.5 -11.5
0.000119327 -8 -17 -12
0.000169556 -7.5 -16.5 -12.5
0.000173681 -7 -16 -13
0.000158054 -6.5 -15.5 -13.5
3.27827e-05 -8.5 -17.5 -12
0.000104758 -8 -17 -12.5
0.000181772 -7.5 -16.5 -13
0.000231535 -7 -16 -13.5
0.000228643 -6 -15 -14.5
7.92609e-05 -8 -17 -13
0.000176562 -7.5 -16.5 -13.5
0.000266002 -7 -16 -14
0.000324403 -6.5 -15.5 -14.5
5.39711e-05 -5 -14 -15.5
5.06948e-05 -8 -17 -13.5
0.000150238 -7.5 -16.5 -14
4.29317e-05 -4.5 -13.5 -16.5
0.000279529 -7 -16 -14.5
0.000350545 -6.5 -15.5 -15
0.000126481 -5 -14 -16
2.49254e-05 -4 -13 -17.5
2.83017e-05 -8 -17 -14
0.000111939 -7.5 -16.5 -14.5
9.81767e-05 -4.5 -13.5 -17
0.000246746 -7 -16 -15
0.000356501 -6.5 -15.5 -15.5
0.000227132 -5 -14 -16.5
4.12787e-05 -4 -13 -18
7.34132e-05 -7.5 -16.5 -15
0.000153625 -4.5 -13.5 -17.5
0.000195352 -7 -16 -15.5
5.08707e-05 -4 -13 -18.5
4.29025e-05 -7.5 -16.5 -15.5
0.000184287 -4.5 -13.5 -18
0.000135166 -7 -16 -16
0.000241808 -6.5 -15.5 -16.5
5.35534e-05 -4 -13 -19
8.23097e-05 -7 -16 -16.5
0.000190351 -4.5 -13.5 -18.5
3.48517e-05 -4 -13 -19.5
4.51074e-05 -7 -16 -17
0.000131208 -4.5 -13.5 -19
6.55504e-05 -4.5 -13.5 -19.5
2.16384e-05 -5.5 -14.5 -19.5
2.65508e-05 -6 -15 -19
4.95004e-05 -5 -14 -19.5
6.97575e-05 -5.5 -14.5 -19
6.63042e-05 -6 -15 -18.5
4.35181e-05 -6.5 -15.5 -18
0.000134081 -5 -14 -19
0.000159283 -5.5 -14.5 -18.5
0.000135688 -6 -15 -18
9.29648e-05 -6.5 -15.5 -17.5
0.00024796 -5 -14 -18.5
0.000276599 -5.5 -14.5 -18
0.000234123 -6 -15 -17.5
0.000162236 -6.5 -15.5 -17
0.000342457 -5 -14 -18
0.000388589 -5.5 -14.5 -17.5
0.000336747 -6 -15 -17
0.000357336 -5 -14 -17.5
0.000451909 -5.5 -14.5 -17
0.000407107 -6 -15 -16.5
0.00031497 -6.5 -15.5 -16
0.000321437 -5 -14 -17
0.000431923 -5.5 -14.5 -16.5
0.000424023 -6 -15 -16
0.000353161 -5.5 -14.5 -16
0.000399517 -6 -15 -15.5
0.000239839 -5.5 -14.5 -15.5
0.00032925 -6 -15 -15
0.000135471 -5.5 -14.5 -15
0.000245925 -6.5 -15.5 -14
5.35414e-05 -5.5 -14.5 -14.5
0.000118681 -6 -15 -14
3.41897e-05 -6 -15 -13.5
2.72625e-05 -10.5 -20 -1
3.11144e-05 -2.5 -8.5 -19.5
2.15117e-05 -3 -8 -19
3.14696e-05 -10 -19.5 -2
4.53193e-05 -10.5 -20 -1.5
9.7956e-05 -2.5 -8.5 -20
0.000148313 -3 -8 -19.5
3.03959e-05 -11 -20.5 -1.5
5.20325e-05 -10.5 -20 -2
4.65787e-05 -10 -19.5 -2.5
0.000216149 -2.5 -8.5 -20.5
3.22629e-05 -11 -20.5 -2
5.69062e-05 -10.5 -20 -2.5
2.88798e-05 -9.5 -19 -3.5
6.84147e-05 -10 -19.5 -3
0.000305208 -2.5 -8.5 -21
0.0007965 -3 -8 -20.5
3.2237e-05 -11 -20.5 -2.5
5.85479e-05 -10.5 -20 -3
7.74271e-05 -10 -19.5 -3.5
4.86394e-05 -9.5 -19 -4
0.000317704 -2.5 -8.5 -21.5
0.000933483 -3 -8 -21
2.85134e-05 -11 -20.5 -3
5.92354e-05 -10.5 -20 -3.5
8.12116e-05 -10 -19.5 -4
7.57355e-05 -9.5 -19 -4.5
0.000272213 -2.5 -8.5 -22
2.29964e-05 -11 -20.5 -3.5
5.37006e-05 -10.5 -20 -4
8.2228e-05 -10 -19.5 -4.5
8.85933e-05 -9.5 -19 -5
0.000149638 -2.5 -8.5 -22.5
4.11513e-05 -9 -18.5 -5.5
3.33827e-05 -2.5 -8.5 -23
4.50078e-05 -10.5 -20 -4.5
8.22046e-05 -10 -19.5 -5
0.000328143 -3 -8 -22.5
9.66657e-05 -9.5 -19 -5.5
0.000129205 -3.5 -7.5 -22
7.06286e-05 -9 -18.5 -6
7.76774e-05 -3 -8 -23
5.58016e-05 -3.5 -7.5 -22.5
3.40755e-05 -10.5 -20 -5
7.39908e-05 -10 -19.5 -5.5
0.000100314 -9.5 -19 -6
0.000664888 -3 -8 -22
8.82321e-05 -9 -18.5 -6.5
4.27678e-05 -8.5 -18 -7
2.36778e-05 -10.5 -20 -5.5
6.23445e-05 -10 -19.5 -6
0.000102108 -9.5 -19 -6.5
0.0001022 -9 -18.5 -7
6.62437e-05 -8.5 -18 -7.5
4.81071e-05 -10 -19.5 -6.5
9.33563e-05 -9.5 -19 -7
0.000112054 -9 -18.5 -7.5
8.87078e-05 -8.5 -18 -8
0.000188723 -3.5 -7.5 -21.5
3.84054e-05 -8 -17.5 -8.5
0.000888102 -3 -8 -21.5
3.35985e-05 -10 -19.5 -7
8.13349e-05 -9.5 -19 -7.5
0.000118202 -9 -18.5 -8
0.000109309 -8.5 -18 -8.5
6.93919e-05 -8 -17.5 -9
0.000204415 -3.5 -7.5 -21
2.09914e-05 -7.5 -17 -9.5
6.52411e-05 -9.5 -19 -8
0.000114488 -9 -18.5 -8.5
0.000127861 -8.5 -18 -9
0.000101561 -8 -17.5 -9.5
4.74412e-05 -7.5 -17 -10
4.77432e-05 -9.5 -19 -8.5
0.000103762 -9 -18.5 -9
0.00014092 -8.5 -18 -9.5
0.000132567 -8 -17.5 -10
9.47731e-05 -7.5 -17 -10.5
3.52417e-05 -7 -16.5 -11
3.10841e-05 -9.5 -19 -9
8.73845e-05 -9 -18.5 -9.5
0.0001439 -8.5 -18 -10
0.000161329 -8 -17.5 -10.5
0.000141616 -7.5 -17 -11
8.77465e-05 -7 -16.5 -11.5
6.47148e-05 -9 -18.5 -10
0.000133307 -8.5 -18 -10.5
0.000186884 -8 -17.5 -11
0.000185956 -7.5 -17 -11.5
0.000151628 -7 -16.5 -12
4.19921e-05 -9 -18.5 -10.5
0.000115849 -8.5 -18 -11
0.000196838 -8 -17.5 -11.5
0.000217762 -7.5 -17 -12
0.000217779 -7 -16.5 -12.5
8.89309e-05 -8.5 -18 -11.5
0.000184286 -8 -17.5 -12
0.00024272 -7.5 -17 -12.5
0.000277232 -7 -16.5 -13
2.18229e-05 -5.5 -15 -14
6.05758e-05 -8.5 -18 -12
0.00015958 -8 -17.5 -12.5
0.000250375 -7.5 -17 -13
0.000301261 -7 -16.5 -13.5
0.000313508 -6.5 -16 -14
3.80363e-05 -8.5 -18 -12.5
0.000123944 -8 -17.5 -13
0.000228316 -7.5 -17 -13.5
4.45999e-05 -5 -14.5 -15.5
0.000299756 -7 -16.5 -14
0.000344494 -6.5 -16 -14.5
8.53172e-05 -8 -17.5 -13.5
2.86991e-05 -4.5 -14 -16.5
0.000189306 -7.5 -17 -14
0.000283561 -7 -16.5 -14.5
0.000101323 -5 -14.5 -16
4.95901e-05 -4.5 -14 -17
5.43573e-05 -8 -17.5 -14
0.000143128 -7.5 -17 -14.5
0.000158699 -5 -14.5 -16.5
0.000244186 -7 -16.5 -15
6.49429e-05 -4.5 -14 -17.5
3.32254e-05 -8 -17.5 -14.5
9.67167e-05 -7.5 -17 -15
0.000185669 -7 -16.5 -15.5
0.000193292 -5 -14.5 -17
0.00026973 -6.5 -16 -16
6.94046e-05 -4.5 -14 -18
5.86081e-05 -7.5 -17 -15.5
0.00020105 -5 -14.5 -17.5
5.46032e-05 -4.5 -14 -18.5
3.29016e-05 -7.5 -17 -16
0.000113163 -6.5 -16 -17
2.32806e-05 -4.5 -14 -19
3.6277e-05 -7 -16.5 -17
2.7755e-05 -6 -15.5 -18.5
2.56953e-05 -6.5 -16 -18
2.94493e-05 -5 -14.5 -19
6.02986e-05 -5.5 -15 -18.5
7.01205e-05 -6 -15.5 -18
5.91159e-05 -6.5 -16 -17.5
8.72832e-05 -5 -14.5 -18.5
0.000140879 -5.5 -15 -18
0.000144539 -6 -15.5 -17.5
7.26238e-05 -7 -16.5 -16.5
0.000154047 -5 -14.5 -18
0.000242609 -5.5 -15 -17.5
0.000240914 -6 -15.5 -17
0.000188759 -6.5 -16 -16.5
0.000124393 -7 -16.5 -16
0.000327702 -5.5 -15 -17
0.000330695 -6 -15.5 -16.5
0.000332389 -5.5 -15 -16.5
0.000389152 -6 -15.5 -16
0.000331879 -6.5 -16 -15.5
0.000298661 -5.5 -15 -16
0.000377577 -6 -15.5 -15.5
0.000356777 -6.5 -16 -15
0.000218495 -5.5 -15 -15.5
0.000328797 -6 -15.5 -15
0.00013113 -5.5 -15 -15
0.000239196 -6 -15.5 -14.5
6.227e-05 -5.5 -15 -14.5
0.000156069 -6 -15.5 -14
0.000251806 -6.5 -16 -13.5
7.92934e-05 -6 -15.5 -13.5
0.0001773 -6.5 -16 -13
2.15223e-05 -6 -15.5 -13
8.38448e-05 -6.5 -16 -12.5
2.55106e-05 -6.5 -16 -12
0.000187437 -3.5 -7.5 -20.5
0.000100104 -3.5 -7.5 -20
0.000473487 -3 -8 -20
2.57254e-05 -3.5 -7.5 -19.5
4.69582e-05 -2.5 -8 -19.5
0.000182955 -2.5 -8 -20
7.30299e-05 -3 -7.5 -19.5
2.7434e-05 -10 -20 -2
2.16716e-05 -10.5 -20.5 -1.5
0.00042838 -2.5 -8 -20.5
3.6855e-05 -10.5 -20.5 -2
2.14001e-05 -9.5 -19.5 -3
4.1865e-05 -10 -20 -2.5
0.000605597 -2.5 -8 -21
0.000597232 -3 -7.5 -20.5
4.30635e-05 -10.5 -20.5 -2.5
4.35152e-05 -9.5 -19.5 -3.5
6.32151e-05 -10 -20 -3
0.000626215 -2.5 -8 -21.5
0.000787264 -3 -7.5 -21
2.01451e-05 -11 -21 -2.5
4.64864e-05 -10.5 -20.5 -3
7.25418e-05 -10 -20 -3.5
6.95748e-05 -9.5 -19.5 -4
0.00054246 -2.5 -8 -22
2.1544e-05 -11 -21 -3
4.77099e-05 -10.5 -20.5 -3.5
7.76297e-05 -10 -20 -4
4.73673e-05 -9 -19 -5
8.62835e-05 -9.5 -19.5 -4.5
0.000331239 -2.5 -8 -22.5
2.23279e-05 -11 -21 -3.5
4.7901e-05 -10.5 -20.5 -4
9.35044e-05 -2.5 -8 -23
7.8872e-05 -10 -20 -4.5
9.81649e-05 -9.5 -19.5 -5
2.07293e-05 -11 -21 -4
0.000111162 -3 -7.5 -23
4.35286e-05 -10.5 -20.5 -4.5
7.95421e-05 -10 -20 -5
7.93095e-05 -9 -19 -5.5
0.000105748 -9.5 -19.5 -5.5
0.000105206 -9 -19 -6
0.000374511 -3 -7.5 -22.5
3.77288e-05 -10.5 -20.5 -5
7.50917e-05 -10 -20 -5.5
0.000108434 -9.5 -19.5 -6
4.86536e-05 -8.5 -18.5 -6.5
0.000123576 -9 -19 -6.5
8.70584e-05 -8.5 -18.5 -7
2.97934e-05 -3.5 -7 -22
3.03434e-05 -10.5 -20.5 -5.5
6.86555e-05 -10 -20 -6
0.000110984 -9.5 -19.5 -6.5
0.000136753 -9 -19 -7
0.000119689 -8.5 -18.5 -7.5
2.15007e-05 -8 -18 -7.5
4.78354e-05 -8 -18 -8
0.000675072 -3 -7.5 -22
2.23613e-05 -10.5 -20.5 -6
5.92398e-05 -10 -20 -6.5
0.000108754 -9.5 -19.5 -7
0.000142363 -9 -19 -7.5
0.000145166 -8.5 -18.5 -8
3.97685e-05 -3.5 -7 -21.5
9.38961e-05 -8 -18 -8.5
0.000796409 -3 -7.5 -21.5
2.31911e-05 -7.5 -17.5 -9
4.67573e-05 -10 -20 -7
9.86236e-05 -9.5 -19.5 -7.5
0.000143802 -9 -19 -8
0.000165014 -8.5 -18.5 -8.5
0.000136118 -8 -18 -9
6.14232e-05 -7.5 -17.5 -9.5
3.28978e-05 -10 -20 -7.5
8.46783e-05 -9.5 -19.5 -8
0.000142 -9 -19 -8.5
0.000173915 -8.5 -18.5 -9
0.000170068 -8 -18 -9.5
0.000113171 -7.5 -17.5 -10
6.69145e-05 -9.5 -19.5 -8.5
0.000129949 -9 -19 -9
0.000175554 -8.5 -18.5 -9.5
0.000198012 -8 -18 -10
0.000167644 -7.5 -17.5 -10.5
4.68176e-05 -9.5 -19.5 -9
0.000112029 -9 -19 -9.5
0.000176892 -8.5 -18.5 -10
0.000212758 -8 -18 -10.5
0.000211745 -7.5 -17.5 -11
0.000143214 -7 -17 -11.5
2.95176e-05 -9.5 -19.5 -9.5
8.96508e-05 -9 -19 -10
0.00016328 -8.5 -18.5 -10.5
0.000215397 -8 -18 -11
0.000245575 -7.5 -17.5 -11.5
0.000208691 -7 -17 -12
6.49184e-05 -9 -19 -10.5
0.000140471 -8.5 -18.5 -11
0.000214462 -8 -18 -11.5
0.000258614 -7.5 -17.5 -12
0.000256376 -7 -17 -12.5
4.38338e-05 -9 -19 -11
0.000111624 -8.5 -18.5 -11.5
0.000193656 -8 -18 -12
0.000251192 -7.5 -17.5 -12.5
2.16154e-05 -5.5 -15.5 -14
0.000284027 -7 -17 -13
2.6871e-05 -9 -19 -11.5
8.14076e-05 -8.5 -18.5 -12
0.000160827 -8 -18 -12.5
0.000244005 -7.5 -17.5 -13
5.07546e-05 -5.5 -15.5 -14.5
0.000297389 -7 -17 -13.5
5.58325e-05 -8.5 -18.5 -12.5
0.000125134 -8 -18 -13
3.14504e-05 -5 -15 -15.5
0.000217026 -7.5 -17.5 -13.5
0.000286027 -7 -17 -14
0.000105427 -5.5 -15.5 -15
3.62684e-05 -8.5 -18.5 -13
9.07984e-05 -8 -18 -13.5
5.31925e-05 -5 -15 -16
0.000175269 -7.5 -17.5 -14
0.000251472 -7 -17 -14.5
0.000155954 -5.5 -15.5 -15.5
6.10877e-05 -8 -18 -14
7.54657e-05 -5 -15 -16.5
0.000127128 -7.5 -17.5 -14.5
0.00019488 -7 -17 -15
2.14467e-05 -4.5 -14.5 -17.5
3.71983e-05 -8 -18 -14.5
7.93858e-05 -5 -15 -17
8.15955e-05 -7.5 -17.5 -15
2.31593e-05 -8 -18 -15
6.39252e-05 -5 -15 -17.5
4.68703e-05 -7.5 -17.5 -15.5
8.18517e-05 -7 -17 -16
2.82649e-05 -7.5 -17.5 -16
2.99973e-05 -5 -15 -18
4.58917e-05 -7 -17 -16.5
2.37856e-05 -6.5 -16.5 -17.5
2.23468e-05 -7 -17 -17
3.39913e-05 -5.5 -15.5 -18
5.36464e-05 -6 -16 -17.5
5.67795e-05 -6.5 -16.5 -17
8.79105e-05 -5.5 -15.5 -17.5
0.000118145 -6 -16 -17
0.000111192 -6.5 -16.5 -16.5
0.000148166 -5.5 -15.5 -17
0.000197598 -6 -16 -16.5
0.00018293 -6.5 -16.5 -16
0.000133524 -7 -17 -15.5
0.000186389 -5.5 -15.5 -16.5
0.000270569 -6 -16 -16
0.000253743 -6.5 -16.5 -15.5
0.000182679 -5.5 -15.5 -16
0.000291719 -6 -16 -15.5
0.000309324 -6.5 -16.5 -15
0.000270155 -6 -16 -15
0.000319116 -6.5 -16.5 -14.5
0.000213372 -6 -16 -14.5
0.000301135 -6.5 -16.5 -14
0.00014301 -6 -16 -14
0.000247576 -6.5 -16.5 -13.5
8.04591e-05 -6 -16 -13.5
0.000178917 -6.5 -16.5 -13
4.10107e-05 -6 -16 -13
0.000113795 -6.5 -16.5 -12.5
5.84579e-05 -6.5 -16.5 -12
8.05093e-05 -7 -17 -11
3.33141e-05 -7 -17 -10.5
4.69956e-05 -3.5 -7 -21
4.1903e-05 -3.5 -7 -20.5
0.000298374 -3 -7.5 -20
5.2718e-05 -2.5 -7.5 -19.5
2.13033e-05 -2 -8 -20.5
0.000226344 -2.5 -7.5 -20
3.64555e-05 -2 -8 -21
0.000581958 -2.5 -7.5 -20.5
4.70952e-05 -2 -8 -21.5
2.3907e-05 -10 -20.5 -2.5
4.52225e-05 -2 -8 -22
0.000907332 -2.5 -7.5 -21.5
0.000573001 -3 -7 -21
3.70758e-05 -9.5 -20 -3.5
3.98116e-05 -10 -20.5 -3
4.05333e-05 -2 -8 -22.5
0.000814376 -2.5 -7.5 -22
2.21502e-05 -10.5 -21 -3
5.02762e-05 -10 -20.5 -3.5
2.8963e-05 -9 -19.5 -4.5
5.95813e-05 -9.5 -20 -4
0.000519287 -2.5 -7.5 -22.5
2.91842e-05 -10.5 -21 -3.5
5.80806e-05 -10 -20.5 -4
3.10347e-05 -10.5 -21 -4
2.06867e-05 -2.5 -7.5 -23.5
0.000119359 -3 -7 -23
6.11818e-05 -10 -20.5 -4.5
4.7838e-05 -9 -19.5 -5
7.70647e-05 -9.5 -20 -4.5
8.90883e-05 -9.5 -20 -5
0.000188952 -2.5 -7.5 -23
3.1024e-05 -10.5 -21 -4.5
6.17819e-05 -10 -20.5 -5
3.02737e-05 -8.5 -19 -6
9.63834e-05 -9.5 -20 -5.5
7.85458e-05 -9 -19.5 -5.5
0.000102937 -9 -19.5 -6
0.000324828 -3 -7 -22.5
2.9241e-05 -10.5 -21 -5
6.05223e-05 -10 -20.5 -5.5
9.96037e-05 -9.5 -20 -6
0.000120387 -9 -19.5 -6.5
5.41364e-05 -8.5 -19 -6.5
9.14202e-05 -8.5 -19 -7
2.65294e-05 -10.5 -21 -5.5
5.75075e-05 -10 -20.5 -6
9.87254e-05 -9.5 -20 -6.5
0.0001324 -9 -19.5 -7
3.27862e-05 -8 -18.5 -7.5
0.000122994 -8.5 -19 -7.5
2.29606e-05 -10.5 -21 -6
5.11679e-05 -10 -20.5 -6.5
9.6101e-05 -9.5 -20 -7
0.000137414 -9 -19.5 -7.5
0.000149269 -8.5 -19 -8
6.13367e-05 -8 -18.5 -8
0.000106478 -8 -18.5 -8.5
0.000495524 -3 -7 -22
3.85693e-05 -7.5 -18 -9
4.29533e-05 -10 -20.5 -7
8.92492e-05 -9.5 -20 -7.5
0.000135753 -9 -19.5 -8
0.000165616 -8.5 -19 -8.5
0.000144998 -8 -18.5 -9
7.77716e-05 -7.5 -18 -9.5
3.44248e-05 -10 -20.5 -7.5
7.73902e-05 -9.5 -20 -8
0.000131562 -9 -19.5 -8.5
0.000172183 -8.5 -19 -9
0.000177543 -8 -18.5 -9.5
0.000119343 -7.5 -18 -10
2.74851e-05 -10 -20.5 -8
6.2867e-05 -9.5 -20 -8.5
0.000121203 -9 -19.5 -9
0.000170422 -8.5 -19 -9.5
0.000197352 -8 -18.5 -10
0.000167288 -7.5 -18 -10.5
4.89405e-05 -9.5 -20 -9
0.000104465 -9 -19.5 -9.5
0.000163325 -8.5 -19 -10
0.000206424 -8 -18.5 -10.5
0.000210487 -7.5 -18 -11
2.51134e-05 -6.5 -17 -11.5
3.78169e-05 -9.5 -20 -9.5
8.42719e-05 -9 -19.5 -10
0.000150143 -8.5 -19 -10.5
0.000207362 -8 -18.5 -11
0.000234089 -7.5 -18 -11.5
2.71551e-05 -9.5 -20 -10
6.39116e-05 -9 -19.5 -10.5
0.00012742 -8.5 -19 -11
0.000190189 -8 -18.5 -11.5
0.000241385 -7.5 -18 -12
3.32387e-05 -6 -16.5 -13
4.7399e-05 -9 -19.5 -11
9.98238e-05 -8.5 -19 -11.5
0.000165321 -8 -18.5 -12
0.000228636 -7.5 -18 -12.5
3.29323e-05 -9 -19.5 -11.5
7.31438e-05 -8.5 -19 -12
0.000134577 -8 -18.5 -12.5
3.48305e-05 -5.5 -16 -14.5
0.000202983 -7.5 -18 -13
2.31479e-05 -9 -19.5 -12
5.0387e-05 -8.5 -19 -12.5
0.000102104 -8 -18.5 -13
6.11352e-05 -5.5 -16 -15
0.000165688 -7.5 -18 -13.5
2.17498e-05 -5 -15.5 -16
3.40829e-05 -8.5 -19 -13
7.15021e-05 -8 -18.5 -13.5
7.36667e-05 -5.5 -16 -15.5
0.000122403 -7.5 -18 -14
2.56013e-05 -8.5 -19 -13.5
2.19904e-05 -5 -15.5 -16.5
4.52148e-05 -8 -18.5 -14
8.18219e-05 -7.5 -18 -14.5
7.4972e-05 -5.5 -16 -16
2.7196e-05 -8 -18.5 -14.5
4.92104e-05 -7.5 -18 -15
5.57459e-05 -5.5 -16 -16.5
6.95829e-05 -7 -17.5 -15.5
2.04729e-05 -8 -18.5 -15
2.69387e-05 -7.5 -18 -15.5
2.10993e-05 -6 -16.5 -17
3.59409e-05 -6.5 -17 -16.5
3.58818e-05 -7 -17.5 -16
2.57836e-05 -5.5 -16 -17
6.37627e-05 -6 -16.5 -16.5
7.82662e-05 -6.5 -17 -16
0.000111528 -6 -16.5 -16
0.00013373 -6.5 -17 -15.5
0.00011598 -7 -17.5 -15
0.000148958 -6 -16.5 -15.5
0.000188062 -6.5 -17 -15
0.000169272 -7 -17.5 -14.5
0.000159117 -6 -16.5 -15
0.00022589 -6.5 -17 -14.5
0.000217747 -7 -17.5 -14
0.000141763 -6 -16.5 -14.5
0.000222421 -6.5 -17 -14
0.000249255 -7 -17.5 -13.5
0.000108089 -6 -16.5 -14
0.000200189 -6.5 -17 -13.5
0.000255527 -7 -17.5 -13
6.06588e-05 -6 -16.5 -13.5
0.000153958 -6.5 -17 -13
0.000237366 -7 -17.5 -12.5
0.000102713 -6.5 -17 -12.5
0.000193219 -7 -17.5 -12
5.83944e-05 -6.5 -17 -12
0.00013958 -7 -17.5 -11.5
8.55801e-05 -7 -17.5 -11
4.71016e-05 -7 -17.5 -10.5
0.000570789 -3 -7 -21.5
0.0008654 -2.5 -7.5 -21
0.000402359 -3 -7 -20.5
0.000156918 -3 -7 -20
2.68454e-05 -3 -7 -19.5
2.04078e-05 -2 -7.5 -20
4.02493e-05 -2.5 -7 -19.5
6.65154e-05 -2 -7.5 -20.5
0.000128689 -2 -7.5 -21
0.000604262 -2.5 -7 -20.5
0.000163581 -2 -7.5 -21.5
0.000172693 -2 -7.5 -22
0.00099116 -2.5 -7 -21.5
0.00015029 -2 -7.5 -22.5
0.000909656 -2.5 -7 -22
7.6796e-05 -2 -7.5 -23
0.000633089 -2.5 -7 -22.5
2.96936e-05 -9.5 -20.5 -4
0.000287934 -2.5 -7 -23
5.08862e-05 -2.5 -7 -23.5
4.5876e-05 -9.5 -20.5 -4.5
3.06029e-05 -10 -21 -4.5
5.50838e-05 -9.5 -20.5 -5
3.84225e-05 -9 -20 -5
3.3575e-05 -10 -21 -5
6.34524e-05 -9.5 -20.5 -5.5
2.79565e-05 -8.5 -19.5 -6
6.00598e-05 -9 -20 -5.5
7.61433e-05 -9 -20 -6
7.99428e-05 -3 -6.5 -23
3.43494e-05 -10 -21 -5.5
6.73695e-05 -9.5 -20.5 -6
9.37213e-05 -9 -20 -6.5
4.84833e-05 -8.5 -19.5 -6.5
8.00771e-05 -8.5 -19.5 -7
3.3968e-05 -10 -21 -6
6.81582e-05 -9.5 -20.5 -6.5
0.000103402 -9 -20 -7
0.000104891 -8.5 -19.5 -7.5
3.13041e-05 -8 -19 -7.5
3.17049e-05 -10 -21 -6.5
6.57406e-05 -9.5 -20.5 -7
0.000106281 -9 -20 -7.5
0.000129608 -8.5 -19.5 -8
9.61243e-05 -8 -19 -8.5
5.67155e-05 -8 -19 -8
2.93205e-05 -10 -21 -7
6.01444e-05 -9.5 -20.5 -7.5
0.000104032 -9 -20 -8
0.000139809 -8.5 -19.5 -8.5
0.000127718 -8 -19 -9
2.70365e-05 -10 -21 -7.5
5.12631e-05 -9.5 -20.5 -8
9.76395e-05 -9 -20 -8.5
0.000142481 -8.5 -19.5 -9
0.00015445 -8 -19 -9.5
2.32195e-05 -10 -21 -8
4.36887e-05 -9.5 -20.5 -8.5
8.65377e-05 -9 -20 -9
0.000136209 -8.5 -19.5 -9.5
0.000166304 -8 -19 -10
0.000139312 -7.5 -18.5 -10.5
3.95015e-05 -7 -18 -10.5
3.7064e-05 -9.5 -20.5 -9
7.17086e-05 -9 -20 -9.5
0.0001242 -8.5 -19.5 -10
0.000168986 -8 -19 -10.5
2.30603e-05 -6.5 -17.5 -11.5
2.92608e-05 -9.5 -20.5 -9.5
5.81666e-05 -9 -20 -10
0.000107406 -8.5 -19.5 -10.5
0.000156108 -8 -19 -11
0.000138866 -7 -18 -12
2.33989e-05 -9.5 -20.5 -10
4.60086e-05 -9 -20 -10.5
8.65724e-05 -8.5 -19.5 -11
0.00013367 -8 -19 -11.5
0.0001749 -7.5 -18.5 -12
3.59531e-05 -9 -20 -11
6.53157e-05 -8.5 -19.5 -11.5
0.00010883 -8 -19 -12
3.61314e-05 -6 -17 -13.5
0.000151757 -7.5 -18.5 -12.5
2.72717e-05 -9 -20 -11.5
4.63752e-05 -8.5 -19.5 -12
8.27069e-05 -8 -19 -12.5
0.000121069 -7.5 -18.5 -13
5.44925e-05 -6 -17 -14
3.25165e-05 -8.5 -19.5 -12.5
2.16758e-05 -5.5 -16.5 -15
5.86799e-05 -8 -19 -13
8.82555e-05 -7.5 -18.5 -13.5
5.9712e-05 -6 -17 -14.5
2.34937e-05 -8.5 -19.5 -13
3.85299e-05 -8 -19 -13.5
5.69638e-05 -7.5 -18.5 -14
2.08929e-05 -8 -19 -14
3.20979e-05 -7.5 -18.5 -14.5
2.78667e-05 -6.5 -17.5 -15.5
3.69258e-05 -7 -18 -15
3.26035e-05 -6 -17 -15.5
6.0086e-05 -6.5 -17.5 -15
6.70296e-05 -7 -18 -14.5
5.17469e-05 -6 -17 -15
9.23459e-05 -6.5 -17.5 -14.5
0.000103352 -7 -18 -14
0.000110602 -6.5 -17.5 -14
0.000135981 -7 -18 -13.5
0.00011279 -6.5 -17.5 -13.5
0.000157509 -7 -18 -13
9.97359e-05 -6.5 -17.5 -13
0.000157624 -7 -18 -12.5
7.46174e-05 -6.5 -17.5 -12.5
0.00018057 -7.5 -18.5 -11.5
4.24795e-05 -6.5 -17.5 -12
0.000107769 -7 -18 -11.5
0.000167842 -7.5 -18.5 -11
7.58743e-05 -7 -18 -11
0.000103865 -7.5 -18.5 -10
7.16639e-05 -7.5 -18.5 -9.5
3.78438e-05 -7.5 -18.5 -9
0.000185757 -3 -6.5 -22.5
0.000271627 -3 -6.5 -22
0.000299503 -3 -6.5 -21.5
0.000288838 -3 -6.5 -21
0.000937842 -2.5 -7 -21
0.000171315 -3 -6.5 -20.5
5.07921e-05 -3 -6.5 -20
0.000226284 -2.5 -7 -20
4.38432e-05 -2 -7 -20
0.000152772 -2 -7 -20.5
0.000322046 -2 -7 -21
0.000415433 -2 -7 -21.5
0.000834574 -2.5 -6.5 -21
0.000435011 -2 -7 -22
0.000966355 -2.5 -6.5 -21.5
0.000379459 -2 -7 -22.5
0.000905741 -2.5 -6.5 -22
0.000202665 -2 -7 -23
0.000657359 -2.5 -6.5 -22.5
5.17312e-05 -2 -7 -23.5
0.000341084 -2.5 -6.5 -23
8.76396e-05 -2.5 -6.5 -23.5
2.10079e-05 -9.5 -21 -5.5
3.73044e-05 -9 -20.5 -6
2.08813e-05 -9.5 -21 -6
4.43307e-05 -9 -20.5 -6.5
2.79949e-05 -8.5 -20 -6.5
4.17938e-05 -8.5 -20 -7
2.70219e-05 -9.5 -21 -6.5
4.86272e-05 -9 -20.5 -7
6.24435e-05 -8.5 -20 -7.5
2.01143e-05 -8 -19.5 -7.5
2.74304e-05 -9.5 -21 -7
5.07712e-05 -9 -20.5 -7.5
7.12513e-05 -8.5 -20 -8
3.96525e-05 -8 -19.5 -8
6.32634e-05 -8 -19.5 -8.5
2.55585e-05 -9.5 -21 -7.5
5.1716e-05 -9 -20.5 -8
7.47645e-05 -8.5 -20 -8.5
7.7607e-05 -8 -19.5 -9
2.72757e-05 -7.5 -19 -9
2.29089e-05 -9.5 -21 -8
4.76199e-05 -9 -20.5 -8.5
7.61553e-05 -8.5 -20 -9
8.74706e-05 -8 -19.5 -9.5
4.11902e-05 -9 -20.5 -9
7.2488e-05 -8.5 -20 -9.5
9.04612e-05 -8 -19.5 -10
2.63827e-05 -7 -18.5 -10.5
3.40545e-05 -9 -20.5 -9.5
6.25968e-05 -8.5 -20 -10
8.37179e-05 -8 -19.5 -10.5
8.62328e-05 -7.5 -19 -11
2.73533e-05 -9 -20.5 -10
4.96179e-05 -8.5 -20 -10.5
7.1377e-05 -8 -19.5 -11
2.02523e-05 -6.5 -18 -12
8.67241e-05 -7.5 -19 -11.5
3.67135e-05 -8.5 -20 -11
5.67112e-05 -8 -19.5 -11.5
3.20077e-05 -6.5 -18 -12.5
2.53246e-05 -8.5 -20 -11.5
4.07686e-05 -8 -19.5 -12
2.68614e-05 -8 -19.5 -12.5
3.60818e-05 -7.5 -19 -13
2.06744e-05 -6.5 -18 -14
3.2971e-05 -7 -18.5 -13.5
3.20554e-05 -6.5 -18 -13.5
5.11372e-05 -7 -18.5 -13
5.48828e-05 -7.5 -19 -12.5
3.57191e-05 -6.5 -18 -13
6.36752e-05 -7 -18.5 -12.5
7.3545e-05 -7.5 -19 -12
6.71195e-05 -7 -18.5 -12
6.02759e-05 -7 -18.5 -11.5
4.04405e-05 -7 -18.5 -11
7.88775e-05 -7.5 -19 -10.5
6.53664e-05 -7.5 -19 -10
4.1809e-05 -7.5 -19 -9.5
3.22024e-05 -3 -6 -23
5.70025e-05 -3 -6 -22.5
6.94752e-05 -3 -6 -22
7.53736e-05 -3 -6 -21.5
7.20937e-05 -3 -6 -21
4.0363e-05 -3 -6 -20.5
0.000436668 -2.5 -6.5 -20.5
0.000121371 -2.5 -6.5 -20
6.96465e-05 -2 -6.5 -20
0.000272104 -2 -6.5 -20.5
5.89191e-05 -2.5 -6 -20
0.000548557 -2 -6.5 -21
0.000719096 -2 -6.5 -21.5
0.000532746 -2.5 -6 -21
0.000739802 -2 -6.5 -22
0.000387085 -2 -6.5 -23
0.00010771 -2 -6.5 -23.5
2.10408e-05 -8 -20 -8.5
2.28057e-05 -8 -20 -9
2.15272e-05 -8 -20 -9.5
2.12998e-05 -7.5 -19.5 -10
2.0787e-05 -7.5 -19.5 -10.5
0.000112002 -2.5 -6 -23.5
0.000348762 -2.5 -6 -23
0.000572207 -2.5 -6 -22.5
0.00066125 -2 -6.5 -22.5
0.000661687 -2.5 -6 -22
0.000673652 -2.5 -6 -21.5
0.000254663 -2.5 -6 -20.5
7.2111e-05 -2 -6 -20
2.62989e-05 -1.5 -6.5 -21
0.000309781 -2 -6 -20.5
4.48337e-05 -1.5 -6.5 -21.5
0.000654902 -2 -6 -21
0.000113606 -2.5 -5.5 -20.5
5.77358e-05 -1.5 -6.5 -22
5.79655e-05 -1.5 -6.5 -22.5
0.000927069 -2 -6 -22
4.7174e-05 -1.5 -6.5 -23
0.00055644 -2 -6 -23
0.000217532 -2 -6 -23.5
2.90886e-05 -2 -6 -24
0.000107829 -2.5 -5.5 -23.5
0.000232938 -2.5 -5.5 -23
0.000340592 -2.5 -5.5 -22.5
0.000842919 -2 -6 -22.5
0.000390723 -2.5 -5.5 -22
0.000395626 -2.5 -5.5 -21.5
0.000901758 -2 -6 -21.5
0.000286917 -2.5 -5.5 -21
2.89953e-05 -1.5 -6 -20.5
8.60736e-05 -1.5 -6 -21
0.000158866 -1.5 -6 -21.5
0.000614674 -2 -5.5 -21
2.7592e-05 -2.5 -5 -20.5
0.000199834 -1.5 -6 -22
0.00019949 -1.5 -6 -22.5
0.000165455 -1.5 -6 -23
8.13328e-05 -1.5 -6 -23.5
0.000317093 -2 -5.5 -23.5
6.48817e-05 -2 -5.5 -24
5.18696e-05 -2.5 -5 -23.5
0.00010384 -2.5 -5 -23
0.000646652 -2 -5.5 -23
0.000138933 -2.5 -5 -22.5
0.000894867 -2 -5.5 -22.5
0.000147096 -2.5 -5 -22
0.000960273 -2 -5.5 -22
0.000145236 -2.5 -5 -21.5
0.000913699 -2 -5.5 -21.5
8.46639e-05 -2.5 -5 -21
0.000229554 -2 -5.5 -20.5
3.89758e-05 -2 -5.5 -20
6.17696e-05 -1.5 -5.5 -20.5
0.000199102 -1.5 -5.5 -21
0.000401852 -1.5 -5.5 -21.5
0.00050643 -1.5 -5.5 -22
0.000504156 -1.5 -5.5 -22.5
0.000787063 -2 -5 -22
0.000416004 -1.5 -5.5 -23
0.000224161 -1.5 -5.5 -23.5
0.000655924 -2 -5 -23
5.68808e-05 -1.5 -5.5 -24
0.000356728 -2 -5 -23.5
0.00010154 -2 -5 -24
2.32081e-05 -2.5 -4.5 -22.5
0.000775214 -2 -5 -22.5
2.55015e-05 -2.5 -4.5 -22
2.47529e-05 -2.5 -4.5 -21.5
0.000658215 -2 -5 -21.5
0.000373739 -2 -5 -21
0.000118879 -2 -5 -20.5
9.35914e-05 -1.5 -5 -20.5
0.000668821 -1.5 -5 -21.5
0.000867265 -1.5 -5 -22.5
0.000594596 -2 -4.5 -22
0.000443232 -1.5 -5 -23.5
0.000146417 -1.5 -5 -24
0.000331963 -2 -4.5 -23.5
0.000113728 -2 -4.5 -24
0.000507616 -2 -4.5 -23
0.000746105 -1.5 -5 -23
0.000587157 -2 -4.5 -22.5
0.00086686 -1.5 -5 -22
0.000457079 -2 -4.5 -21.5
0.000217249 -2 -4.5 -21
0.000331718 -1.5 -5 -21
5.5372e-05 -2 -4.5 -20.5
2.79237e-05 -1 -5 -22
3.70996e-05 -1 -5 -22.5
3.48272e-05 -1 -5 -23
0.0011291 -1.5 -4.5 -22.5
2.15861e-05 -1 -5 -23.5
0.000677608 -1.5 -4.5 -23.5
2.50949e-05 -1.5 -4.5 -24.5
7.33293e-05 -2 -4 -24
0.000262328 -1.5 -4.5 -24
0.000186985 -2 -4 -23.5
0.000278164 -2 -4 -23
0.00102468 -1.5 -4.5 -23
0.000307224 -2 -4 -22.5
0.000305333 -2 -4 -22
0.0010973 -1.5 -4.5 -22
0.000214509 -2 -4 -21.5
0.000762098 -1.5 -4.5 -21.5
8.65436e-05 -2 -4 -21
0.00036217 -1.5 -4.5 -21
9.60106e-05 -1.5 -4.5 -20.5
4.26089e-05 -1 -4.5 -21
0.000117668 -1 -4.5 -21.5
0.000201216 -1 -4.5 -22
0.000236145 -1 -4.5 -22.5
0.000230974 -1 -4.5 -23
0.00123238 -1.5 -4 -22.5
0.000186327 -1 -4.5 -23.5
0.00113413 -1.5 -4 -23
0.000102448 -1 -4.5 -24
2.51427e-05 -1 -4.5 -24.5
4.39002e-05 -1.5 -4 -24.5
0.00034387 -1.5 -4 -24
5.1055e-05 -2 -3.5 -23.5
0.0007957 -1.5 -4 -23.5
7.10961e-05 -2 -3.5 -23
7.62223e-05 -2 -3.5 -22.5
7.60245e-05 -2 -3.5 -22
0.0011764 -1.5 -4 -22
5.21569e-05 -2 -3.5 -21.5
0.000769781 -1.5 -4 -21.5
2.15882e-05 -2 -3.5 -21
0.00029446 -1.5 -4 -21
6.19e-05 -1.5 -4 -20.5
2.74094e-05 -1 -4 -20.5
0.000130639 -1 -4 -21
0.00062099 -1 -4 -22
0.000729339 -1 -4 -22.5
0.000714772 -1 -4 -23
0.000571254 -1 -4 -23.5
0.00104941 -1.5 -3.5 -23
0.000301968 -1 -4 -24
6.93078e-05 -1 -4 -24.5
4.98754e-05 -1.5 -3.5 -24.5
0.00036384 -1.5 -3.5 -24
0.00080578 -1.5 -3.5 -23.5
0.00107228 -1.5 -3.5 -22.5
0.000974264 -1.5 -3.5 -22
0.000579423 -1.5 -3.5 -21.5
0.000358719 -1 -4 -21.5
0.000213895 -1.5 -3.5 -21
4.42443e-05 -1.5 -3.5 -20.5
4.97078e-05 -1 -3.5 -20.5
0.000251797 -1 -3.5 -21
0.00124065 -1 -3.5 -22
0.000660142 -1.5 -3 -23
3.16259e-05 -1.5 -3 -24.5
0.000115465 -1 -3.5 -24.5
0.000221142 -1.5 -3 -24
0.000578094 -1 -3.5 -24
0.00047998 -1.5 -3 -23.5
0.00113994 -1 -3.5 -23.5
0.00143096 -1 -3.5 -23
0.000701435 -1.5 -3 -22.5
0.00146727 -1 -3.5 -22.5
0.000638929 -1.5 -3 -22
0.00037474 -1.5 -3 -21.5
0.000711571 -1 -3.5 -21.5
0.000133034 -1.5 -3 -21
2.67449e-05 -1.5 -3 -20.5
0.000131933 -1.5 -2.5 -21.5
0.000251378 -1.5 -2.5 -22.5
0.000168127 -1.5 -2.5 -23.5
2.56708e-05 -0.5 -3.5 -24.5
0.000145331 -1 -3 -24.5
7.2201e-05 -1.5 -2.5 -24
0.000759742 -1 -3 -24
0.00152719 -1 -3 -23.5
0.000235013 -1.5 -2.5 -23
0.00196383 -1 -3 -23
0.00202982 -1 -3 -22.5
0.000231114 -1.5 -2.5 -22
0.00172484 -1 -3 -22
0.000955584 -1 -3 -21.5
4.45915e-05 -1.5 -2.5 -21
0.000318807 -1 -3 -21
6.25399e-05 -1 -3 -20.5
2.10076e-05 -0.5 -3 -21
8.71459e-05 -0.5 -3 -21.5
0.000222021 -0.5 -3 -22
0.000362774 -0.5 -3 -22.5
2.08103e-05 -1.5 -2 -22.5
0.000434499 -0.5 -3 -23
0.000419217 -0.5 -3 -23.5
0.000128737 -0.5 -3 -24.5
0.000126691 -1 -2.5 -24.5
0.000756162 -1 -2.5 -24
0.000308633 -0.5 -3 -24
0.00153936 -1 -2.5 -23.5
0.00203542 -1 -2.5 -23
0.00213016 -1 -2.5 -22.5
2.00186e-05 -1.5 -2 -22
0.00188744 -1 -2.5 -22
0.0010466 -1 -2.5 -21.5
0.000344199 -1 -2.5 -21
6.6239e-05 -1 -2.5 -20.5
3.54538e-05 -0.5 -2.5 -20.5
0.00155429 -0.5 -2.5 -23.5
0.000213732 -0.5 -2.5 -24.5
5.94654e-05 -1 -2 -24.5
0.000370538 -1 -2 -24
0.000881835 -0.5 -2.5 -24
0.000786948 -1 -2 -23.5
0.00105006 -1 -2 -23
0.00178154 -0.5 -2.5 -23
0.00110421 -1 -2 -22.5
0.00177674 -0.5 -2.5 -22.5
0.000999178 -1 -2 -22
0.00133767 -0.5 -2.5 -22
0.000554309 -1 -2 -21.5
0.000666275 -0.5 -2.5 -21.5
0.000170281 -1 -2 -21
0.000191828 -0.5 -2.5 -21
3.13766e-05 -1 -2 -20.5
0.000206858 -0.5 -2 -24.5
8.96301e-05 -1 -1.5 -24
0.00110059 -0.5 -2 -24
0.000195568 -1 -1.5 -23.5
0.0021166 -0.5 -2 -23.5
0.000269445 -1 -1.5 -23
0.00262849 -0.5 -2 -23
0.000285313 -1 -1.5 -22.5
0.00270412 -0.5 -2 -22.5
0.000258436 -1 -1.5 -22
0.00226631 -0.5 -2 -22
0.000139197 -1 -1.5 -21.5
0.00119521 -0.5 -2 -21.5
4.01275e-05 -1 -1.5 -21
0.000358116 -0.5 -2 -21
6.60377e-05 -0.5 -2 -20.5
2.26461e-05 -1 -1 -23
0.00010908 -0.5 -1.5 -24.5
0.000832589 -0.5 -1.5 -24
0.00181431 -0.5 -1.5 -23.5
0.00239106 -0.5 -1.5 -23
2.42573e-05 -1 -1 -22.5
0.00249246 -0.5 -1.5 -22.5
2.23516e-05 -1 -1 -22
0.00218699 -0.5 -1.5 -22
0.00116905 -0.5 -1.5 -21.5
0.000345745 -0.5 -1.5 -21
6.06356e-05 -0.5 -1.5 -20.5
2.07668e-05 -0.5 -1 -24.5
0.00018001 -0.5 -1 -24
0.00041844 -0.5 -1 -23.5
0.000587823 -0.5 -1 -23
0.00062788 -0.5 -1 -22.5
0.000585396 -0.5 -1 -22
0.000320548 -0.5 -1 -21.5
8.37148e-05 -0.5 -1 -21
3.16958e-05 -0.5 -0.5 -23.5
4.22343e-05 -0.5 -0.5 -23
4.43445e-05 -0.5 -0.5 -22.5
3.89536e-05 -0.5 -0.5 -22
4.94404e-05 0 0 -25
0.00083158 0 0 -24.5
0.00232916 0 0 -24
0.00361547 0 0 -23.5
0.00402556 0 0 -23
0.00399822 0 0 -22.5
0.00293551 0 0 -22
0.00138722 0 0 -21.5
0.000375885 0 0 -21
7.02808e-05 0 0 -20.5
4.87374e-05 0 0.5 -25
0.00117892 0 0.5 -24.5
0.00364024 0 0.5 -24
0.00588347 0 0.5 -23.5
0.00668757 0 0.5 -23
0.00669462 0 0.5 -22.5
0.00506781 0 0.5 -22
0.00246046 0 0.5 -21.5
0.000684369 0 0.5 -21
0.000127734 0 0.5 -20.5
0.000246162 0 1 -24.5
6.37362e-05 0.5 0.5 -24.5
0.000846451 0 1 -24
0.000196129 0.5 0.5 -24
0.00141555 0 1 -23.5
0.000318805 0.5 0.5 -23.5
0.00162958 0 1 -23
0.00036702 0.5 0.5 -23
0.0016365 0 1 -22.5
0.000370055 0.5 0.5 -22.5
0.00124316 0 1 -22
0.000283835 0.5 0.5 -22
0.000591422 0 1 -21.5
0.000138715 0.5 0.5 -21.5
0.000151821 0 1 -21
3.90853e-05 0.5 0.5 -21
2.3714e-05 0 1 -20.5
0.000177688 0.5 1 -24.5
0.000560929 0.5 1 -24
0.000928547 0.5 1 -23.5
2.0201e-05 0 1.5 -23
0.00108623 0.5 1 -23
0.00110242 0.5 1 -22.5
0.000874707 0.5 1 -22
0.000434971 0.5 1 -21.5
0.000123173 0.5 1 -21
2.25248e-05 0.5 1 -20.5
0.000165896 0.5 1.5 -24.5
0.000726982 0.5 1.5 -24
0.00134024 0.5 1.5 -23.5
0.00164079 0.5 1.5 -23
0.00168443 0.5 1.5 -22.5
0.00142511 0.5 1.5 -22
0.000746035 0.5 1.5 -21.5
0.000208476 0.5 1.5 -21
3.6986e-05 0.5 1.5 -20.5
7.66629e-05 1 1.5 -21.5
0.000131026 1 1.5 -23.5
0.000138886 0.5 2 -24.5
0.000672561 0.5 2 -24
7.3581e-05 1 1.5 -24
0.00127326 0.5 2 -23.5
0.00157558 0.5 2 -23
0.000159834 1 1.5 -23
0.00161994 0.5 2 -22.5
0.000164838 1 1.5 -22.5
0.00138543 0.5 2 -22
0.000140947 1 1.5 -22
0.000750864 0.5 2 -21.5
0.000241082 0.5 2 -21
2.37629e-05 1 1.5 -21
4.57437e-05 0.5 2 -20.5
0.000530051 1 2 -22
0.00056421 1 2 -23
0.000222994 1 2 -24
9.32479e-05 0.5 2.5 -24.5
4.49162e-05 1 2 -24.5
0.000513567 0.5 2.5 -24
0.00103 0.5 2.5 -23.5
0.000437914 1 2 -23.5
0.00130931 0.5 2.5 -23
0.00135206 0.5 2.5 -22.5
0.000588586 1 2 -22.5
0.00117425 0.5 2.5 -22
0.000653139 0.5 2.5 -21.5
0.000298424 1 2 -21.5
0.000212239 0.5 2.5 -21
9.7124e-05 1 2 -21
4.00895e-05 0.5 2.5 -20.5
3.70549e-05 1 2.5 -20.5
4.85038e-05 0.5 3 -24.5
6.72325e-05 1 2.5 -24.5
0.000237875 0.5 3 -24
0.000402027 1 2.5 -24
0.000451649 0.5 3 -23.5
0.000814973 1 2.5 -23.5
0.000546065 0.5 3 -23
0.00106585 1 2.5 -23
0.000552853 0.5 3 -22.5
0.0011137 1 2.5 -22.5
0.000445779 0.5 3 -22
0.0010143 1 2.5 -22
0.000237871 0.5 3 -21.5
0.00058266 1 2.5 -21.5
7.62046e-05 0.5 3 -21
0.000193673 1 2.5 -21
2.12944e-05 1.5 2.5 -21
5.8068e-05 1.5 2.5 -21.5
8.99856e-05 1.5 2.5 -22
9.15321e-05 1.5 2.5 -22.5
8.38007e-05 1.5 2.5 -23
5.92338e-05 1.5 2.5 -23.5
3.15171e-05 1.5 2.5 -24
5.42648e-05 1 3 -24.5
4.88323e-05 0.5 3.5 -24
0.000445832 1 3 -24
7.7378e-05 0.5 3.5 -23.5
0.00104951 1 3 -23.5
8.30856e-05 0.5 3.5 -23
0.00147249 1 3 -23
7.40938e-05 0.5 3.5 -22.5
0.00156689 1 3 -22.5
4.521e-05 0.5 3.5 -22
0.00148748 1 3 -22
0.000946732 1 3 -21.5
0.000357429 1 3 -21
6.84485e-05 1 3 -20.5
2.15828e-05 1.5 3 -20.5
0.000109031 1.5 3 -21
0.000280113 1.5 3 -21.5
0.000414612 1.5 3 -22
0.000419499 1.5 3 -22.5
0.000380757 1.5 3 -23
0.000257898 1.5 3 -23.5
0.000112689 1.5 3 -24
3.44631e-05 1 3.5 -24.5
0.000365663 1 3.5 -24
0.000912291 1 3.5 -23.5
0.00132235 1 3.5 -23
0.00141768 1 3.5 -22.5
0.00135578 1 3.5 -22
0.000892872 1 3.5 -21.5
0.00036422 1 3.5 -21
8.55122e-05 1 3.5 -20.5
6.1259e-05 1.5 3.5 -20.5
0.000264919 1.5 3.5 -21
0.000602921 1.5 3.5 -21.5
0.000838179 1.5 3.5 -22
0.000221295 1 4 -24
0.000199811 1.5 3.5 -24
0.000593962 1 4 -23.5
0.000514842 1.5 3.5 -23.5
0.000859931 1 4 -23
0.000762722 1.5 3.5 -23
0.000923434 1 4 -22.5
0.000842433 1.5 3.5 -22.5
0.000897728 1 4 -22
0.000633504 1 4 -21.5
0.00028803 1 4 -21
6.83798e-05 1 4 -20.5
3.87113e-05 2 3.5 -21.5
4.62436e-05 2 3.5 -22
4.45801e-05 2 3.5 -22.5
3.71601e-05 2 3.5 -23
2.30761e-05 2 3.5 -23.5
0.00111656 1.5 4 -23
0.000638751 1.5 4 -23.5
0.000194921 1.5 4 -24
9.65834e-05 1 4.5 -24
0.000257146 1 4.5 -23.5
0.000361781 1 4.5 -23
0.000378545 1 4.5 -22.5
0.00132107 1.5 4 -22.5
0.000361018 1 4.5 -22
0.00133253 1.5 4 -22
0.000262616 1 4.5 -21.5
0.00100338 1.5 4 -21.5
0.00012785 1 4.5 -21
0.00046368 1.5 4 -21
3.31192e-05 1 4.5 -20.5
0.000115083 1.5 4 -20.5
2.73286e-05 2 4 -20.5
0.000111433 2 4 -21
0.000237804 2 4 -21.5
0.000287109 2 4 -22
0.000277905 2 4 -22.5
0.00137794 1.5 4.5 -22
0.000226191 2 4 -23
0.000125132 2 4 -23.5
3.65561e-05 2 4 -24
2.15121e-05 1 5 -24
0.000148332 1.5 4.5 -24
6.83608e-05 1 5 -23.5
0.000602825 1.5 4.5 -23.5
9.66683e-05 1 5 -23
0.00109552 1.5 4.5 -23
9.99548e-05 1 5 -22.5
0.00133892 1.5 4.5 -22.5
9.2294e-05 1 5 -22
6.7984e-05 1 5 -21.5
0.00122031 1.5 4.5 -21.5
3.43372e-05 1 5 -21
0.000680534 1.5 4.5 -21
0.000209521 1.5 4.5 -20.5
3.34424e-05 1.5 4.5 -20
0.00011073 2 4.5 -20.5
0.000356065 2 4.5 -21
0.000669423 2 4.5 -22
0.000486332 2 4.5 -23
0.000255788 2 4.5 -23.5
5.59613e-05 2 4.5 -24
8.22676e-05 1.5 5 -24
0.000452988 1.5 5 -23.5
0.000915751 1.5 5 -23
0.00118203 1.5 5 -22.5
0.00063456 2 4.5 -22.5
0.00122508 1.5 5 -22
0.0011137 1.5 5 -21.5
0.000618426 2 4.5 -21.5
0.000664643 1.5 5 -21
0.000238737 1.5 5 -20.5
4.65336e-05 1.5 5 -20
2.26185e-05 2.5 4.5 -21.5
2.31258e-05 2.5 4.5 -22
3.62103e-05 1.5 5.5 -24
4.7073e-05 2 5 -24
0.000245055 1.5 5.5 -23.5
0.000323599 2 5 -23.5
0.000543398 1.5 5.5 -23
0.000733613 2 5 -23
0.000745901 1.5 5.5 -22.5
0.000964374 2 5 -22.5
0.00078078 1.5 5.5 -22
0.00101448 2 5 -22
0.000731763 1.5 5.5 -21.5
0.000968971 2 5 -21.5
0.00047921 1.5 5.5 -21
0.00061244 2 5 -21
0.000189469 1.5 5.5 -20.5
0.000225128 2 5 -20.5
3.75973e-05 1.5 5.5 -20
4.24928e-05 2 5 -20
4.41581e-05 2.5 5 -20.5
0.000112133 2.5 5 -21
0.000406842 2 5.5 -20.5
0.000155577 2.5 5 -21.5
0.000964753 2 5.5 -21
0.000151831 2.5 5 -22
0.000133937 2.5 5 -22.5
0.00130989 2 5.5 -22
9.07658e-05 2.5 5 -23
3.85305e-05 2.5 5 -23.5
0.000745384 2 5.5 -23
2.52513e-05 2 5.5 -24
9.22419e-05 1.5 6 -23.5
0.000285327 2 5.5 -23.5
0.000226806 1.5 6 -23
0.000317528 1.5 6 -22.5
0.0011667 2 5.5 -22.5
0.000329968 1.5 6 -22
0.000308518 1.5 6 -21.5
0.0013077 2 5.5 -21.5
0.000213569 1.5 6 -21
9.21754e-05 1.5 6 -20.5
8.75841e-05 2 5.5 -20
3.84878e-05 2.5 5.5 -20
0.000181188 2.5 5.5 -20.5
0.000395701 2.5 5.5 -21
0.000482152 2.5 5.5 -21.5
0.000466227 2.5 5.5 -22
0.000389929 2.5 5.5 -22.5
0.000243512 2.5 5.5 -23
8.80602e-05 2.5 5.5 -23.5
0.000195966 2 6 -23.5
6.32128e-05 1.5 6.5 -23
0.000654757 2 6 -23
9.6728e-05 1.5 6.5 -22.5
0.00109559 2 6 -22.5
0.000101801 1.5 6.5 -22
0.00127143 2 6 -22
9.40452e-05 1.5 6.5 -21.5
0.00128051 2 6 -21.5
6.70319e-05 1.5 6.5 -21
0.00102934 2 6 -21
3.03418e-05 1.5 6.5 -20.5
0.000568345 2 6 -20.5
0.000175847 2 6 -20
2.67364e-05 2 6 -19.5
0.000131888 2.5 6 -20
0.000845721 2.5 6 -21.5
0.000690116 2.5 6 -22.5
0.000379983 2.5 6 -23
9.05936e-05 2.5 6 -23.5
9.42183e-05 2 6.5 -23.5
0.000440534 2 6.5 -23
0.000851932 2 6.5 -22.5
0.00105182 2 6.5 -22
0.000822642 2.5 6 -22
0.0010528 2 6.5 -21.5
0.000865828 2 6.5 -21
0.00074712 2.5 6 -21
0.00050507 2 6.5 -20.5
0.000424574 2.5 6 -20.5
0.000175425 2 6.5 -20
3.47008e-05 2 6.5 -19.5
5.21148e-05 3 6 -20.5
7.91408e-05 3 6 -21
7.82275e-05 3 6 -21.5
7.11886e-05 3 6 -22
5.80531e-05 3 6 -22.5
2.9329e-05 3 6 -23
2.9532e-05 2 7 -23.5
6.80239e-05 2.5 6.5 -23.5
0.000211325 2 7 -23
0.000368104 2.5 6.5 -23
0.000476837 2 7 -22.5
0.00077885 2.5 6.5 -22.5
0.000625922 2 7 -22
0.00107584 2.5 6.5 -22
0.00062536 2 7 -21.5
0.00114396 2.5 6.5 -21.5
0.000516204 2 7 -21
0.00108878 2.5 6.5 -21
0.0003153 2 7 -20.5
0.000700603 2.5 6.5 -20.5
0.000127167 2 7 -20
0.000270989 2.5 6.5 -20
2.62254e-05 2 7 -19.5
5.0292e-05 2.5 6.5 -19.5
9.42804e-05 3 6.5 -20
0.000235094 3 6.5 -20.5
0.000337649 3 6.5 -21
0.000337242 3 6.5 -21.5
0.000301577 3 6.5 -22
0.000194622 3 6.5 -22.5
7.67961e-05 3 6.5 -23
0.000733096 2.5 7 -22.5
3.04252e-05 2.5 7 -23.5
6.27467e-05 2 7.5 -23
0.000290781 2.5 7 -23
0.000185102 2 7.5 -22.5
0.000252041 2 7.5 -22
0.00108847 2.5 7 -22
0.000252747 2 7.5 -21.5
0.00125686 2.5 7 -21.5
0.000210874 2 7.5 -21
0.00125952 2.5 7 -21
0.000140124 2 7.5 -20.5
0.00097699 2.5 7 -20.5
6.39747e-05 2 7.5 -20
0.000481262 2.5 7 -20
0.000118752 2.5 7 -19.5
0.000306141 3 7 -20
2.51457e-05 2 8 -20
4.87592e-05 2 8 -20.5
6.65312e-05 2 8 -21
0.000665013 3 7 -21.5
0.000354106 3 7 -22.5
0.000163906 2.5 7.5 -23
3.99638e-05 2 8 -22.5
0.000109849 3 7 -23
0.000567624 2.5 7.5 -22.5
7.44727e-05 2 8 -22
0.000974041 2.5 7.5 -22
7.75483e-05 2 8 -21.5
0.000557796 3 7 -22
0.00115985 2.5 7.5 -21.5
0.00117108 2.5 7.5 -21
0.000694604 3 7 -21
0.000963035 2.5 7.5 -20.5
0.000578483 3 7 -20.5
0.000565587 2.5 7.5 -20
0.000208083 2.5 7.5 -19.5
7.93622e-05 3 7 -19.5
4.03123e-05 2.5 7.5 -19
3.017e-05 3.5 7 -20
0.00019148 2.5 8 -19.5
4.72907e-05 3.5 7 -20.5
4.59571e-05 3.5 7 -21
3.91909e-05 3.5 7 -21.5
0.000843608 2.5 8 -21
2.88041e-05 3.5 7 -22
6.04835e-05 2.5 8 -23
9.27415e-05 3 7.5 -23
0.000327963 2.5 8 -22.5
0.000377022 3 7.5 -22.5
0.000669098 2.5 8 -22
0.000758153 3 7.5 -22
0.000835502 2.5 8 -21.5
0.000971763 3 7.5 -21.5
0.000987598 3 7.5 -21
0.000754336 2.5 8 -20.5
0.000886484 3 7.5 -20.5
0.000479485 2.5 8 -20
0.000541329 3 7.5 -20
0.000203077 3 7.5 -19.5
4.00888e-05 2.5 8 -19
3.46557e-05 3 7.5 -19
6.41536e-05 3.5 7.5 -19.5
0.000164066 3.5 7.5 -20
0.000229949 3.5 7.5 -20.5
0.000854254 3 8 -20
0.000218233 3.5 7.5 -21
0.00019402 3.5 7.5 -21.5
0.000122492 3.5 7.5 -22
0.00105679 3 8 -21.5
5.19495e-05 3.5 7.5 -22.5
5.0327e-05 3 8 -23
0.000126063 2.5 8.5 -22.5
0.000316142 3 8 -22.5
0.00032567 2.5 8.5 -22
0.000720494 3 8 -22
0.000446684 2.5 8.5 -21.5
0.000458367 2.5 8.5 -21
0.00121376 3 8 -21
0.000422381 2.5 8.5 -20.5
0.00118992 3 8 -20.5
0.00029171 2.5 8.5 -20
0.000126022 2.5 8.5 -19.5
0.000397569 3 8 -19.5
2.97746e-05 2.5 8.5 -19
9.55576e-05 3 8 -19
5.80696e-05 3.5 8 -19
6.2801e-05 2.5 9 -19.5
0.000454304 3.5 8 -20
0.000544833 3.5 8 -20.5
0.000127646 2.5 9 -20
0.00043265 3.5 8 -21.5
9.84413e-05 3.5 8 -22.5
0.000198592 3 8.5 -22.5
9.76089e-05 2.5 9 -22
0.000584638 3 8.5 -22
0.000163225 2.5 9 -21.5
0.000274789 3.5 8 -22
0.000983629 3 8.5 -21.5
0.000177289 2.5 9 -21
0.00118047 3 8.5 -21
0.000166479 2.5 9 -20.5
0.000520903 3.5 8 -21
0.00118618 3 8.5 -20.5
0.00101611 3 8.5 -20
0.000619453 3 8.5 -19.5
0.00023249 3.5 8 -19.5
0.000232375 3 8.5 -19
3.63584e-05 3 8.5 -18.5
3.15087e-05 3.5 8.5 -18.5
0.000585248 3 9 -19.5
2.93807e-05 4 8 -20
0.000508081 3.5 8.5 -19.5
4.26995e-05 2.5 9.5 -20
5.11468e-05 2.5 9.5 -20.5
0.000863443 3.5 8.5 -21
0.000652023 3.5 8.5 -21.5
5.10886e-05 2.5 9.5 -21
2.9866e-05 2.5 9.5 -21.5
0.000329989 3.5 8.5 -22
9.16614e-05 3.5 8.5 -22.5
7.70893e-05 3 9 -22.5
0.000367076 3 9 -22
0.000755049 3 9 -21.5
0.00100244 3 9 -21
0.00104296 3 9 -20.5
0.000880066 3.5 8.5 -20.5
0.000894881 3 9 -20
0.000791829 3.5 8.5 -20
0.00025264 3 9 -19
2.09689e-05 4 8 -19.5
0.000195555 3.5 8.5 -19
7.52298e-05 3 9 -18.5
6.89402e-05 3 9.5 -18.5
5.08918e-05 4 8.5 -19
0.000112818 3.5 9 -18.5
0.000114289 4 8.5 -19.5
0.000143266 4 8.5 -20
0.000133552 4 8.5 -20.5
0.00109222 3.5 9 -20
0.000425854 3 9.5 -19.5
0.00011245 4 8.5 -21
7.24313e-05 4 8.5 -21.5
2.94134e-05 4 8.5 -22
0.000646896 3.5 9 -21.5
0.000623166 3 9.5 -21
0.000151401 3 9.5 -22
5.56462e-05 3.5 9 -22.5
0.000288185 3.5 9 -22
0.000404875 3 9.5 -21.5
0.000954746 3.5 9 -21
0.000695122 3 9.5 -20.5
0.00110986 3.5 9 -20.5
0.00061396 3 9.5 -20
0.000820557 3.5 9 -19.5
0.000212556 3 9.5 -19
0.000408229 3.5 9 -19
0.000294849 3.5 9.5 -18.5
6.126e-05 4 9 -18.5
4.80082e-05 3 10 -18.5
0.000368283 4 9 -19.5
0.000431938 4 9 -20
0.000210534 3 10 -19.5
0.000180303 4 9 -21.5
0.000278398 3 10 -21
0.000910955 3.5 9.5 -21
0.000183845 3.5 9.5 -22
0.000146047 3 10 -21.5
5.89773e-05 4 9 -22
0.000550399 3.5 9.5 -21.5
0.000341757 3 10 -20.5
0.000307783 4 9 -21
0.00111653 3.5 9.5 -20.5
0.000301667 3 10 -20
0.000403122 4 9 -20.5
0.0011857 3.5 9.5 -20
0.00104965 3.5 9.5 -19.5
0.000124771 3 10 -19
0.000694691 3.5 9.5 -19
0.000207405 4 9 -19
5.95085e-05 3.5 9.5 -18
2.90109e-05 3 10.5 -18.5
5.9732e-05 3 10.5 -19
8.64383e-05 3 10.5 -19.5
0.00010961 3 10.5 -20
0.00011778 3 10.5 -20.5
7.4723e-05 3 10.5 -21
7.4877e-05 3.5 10 -22
6.45169e-05 4 9.5 -22
0.000344134 3.5 10 -21.5
0.000254393 4 9.5 -21.5
0.000728582 3.5 10 -21
0.000508622 4 9.5 -21
0.00100875 3.5 10 -20.5
0.000674626 4 9.5 -20.5
0.00111118 3.5 10 -20
0.000751231 4 9.5 -20
0.00101533 3.5 10 -19.5
0.000708228 4 9.5 -19.5
0.000738795 3.5 10 -19
0.000514626 4 9.5 -19
0.000388634 3.5 10 -18.5
0.000234121 4 9.5 -18.5
0.000135765 3.5 10 -18
4.93412e-05 4 9.5 -18
2.13291e-05 3.5 10 -17.5
3.74272e-05 3.5 10.5 -17.5
4.93174e-05 4.5 9.5 -18.5
8.23092e-05 4.5 9.5 -20
6.57413e-05 4.5 9.5 -20.5
3.56053e-05 4.5 9.5 -21
4.52331e-05 4 10 -22
0.00013788 3.5 10.5 -21.5
0.000225815 4 10 -21.5
0.000433261 3.5 10.5 -21
0.000519655 4 10 -21
0.000710402 3.5 10.5 -20.5
0.000833939 4 10 -20.5
0.000827749 3.5 10.5 -20
0.00100971 4 10 -20
0.000776983 3.5 10.5 -19.5
0.000958966 4 10 -19.5
0.000626987 3.5 10.5 -19
8.83238e-05 4.5 9.5 -19.5
0.000789549 4 10 -19
0.000354437 3.5 10.5 -18.5
8.04387e-05 4.5 9.5 -19
0.00048651 4 10 -18.5
0.000139167 3.5 10.5 -18
0.000186844 4 10 -18
2.89769e-05 4 10 -17.5
3.66912e-05 3.5 11 -17.5
0.000116165 3.5 11 -18
0.000243498 3.5 11 -18.5
0.000392622 3.5 11 -19
0.000450526 3.5 11 -19.5
2.98605e-05 4.5 10 -21.5
0.000134145 4 10.5 -21.5
0.000154911 3.5 11 -21
0.000428804 4 10.5 -21
0.000347988 3.5 11 -20.5
9.74106e-05 4.5 10 -21
0.000775758 4 10.5 -20.5
0.00045473 3.5 11 -20
0.000199174 4.5 10 -20.5
0.00102308 4 10.5 -20
0.000288346 4.5 10 -20
0.00114457 4 10.5 -19.5
0.000328034 4.5 10 -19.5
0.00105588 4 10.5 -19
0.000305941 4.5 10 -19
0.000777627 4 10.5 -18.5
0.000212202 4.5 10 -18.5
0.000396569 4 10.5 -18
9.31912e-05 4.5 10 -18
0.000124846 4 10.5 -17.5
2.17599e-05 4.5 10 -17.5
2.81168e-05 3.5 11.5 -17.5
6.87838e-05 3.5 11.5 -18
0.000122946 3.5 11.5 -18.5
0.000168406 3.5 11.5 -19
0.00018424 3.5 11.5 -19.5
0.000160871 3.5 11.5 -20
9.12689e-05 3.5 11.5 -20.5
5.112e-05 4 11 -21.5
3.94503e-05 4.5 10.5 -21.5
0.000260184 4 11 -21
0.000159103 4.5 10.5 -21
0.000601862 4 11 -20.5
0.000358892 4.5 10.5 -20.5
0.000927995 4 11 -20
0.000524473 4.5 10.5 -20
0.0010996 4 11 -19.5
0.000630948 4.5 10.5 -19.5
0.0010535 4 11 -19
0.000616708 4.5 10.5 -19
0.000910394 4 11 -18.5
0.000516969 4.5 10.5 -18.5
0.000608612 4 11 -18
0.000303061 4.5 10.5 -18
0.000300224 4 11 -17.5
0.000108797 4.5 10.5 -17.5
6.90341e-05 4 11 -17
2.05112e-05 4 11.5 -16.5
0.000119815 4 11.5 -17
0.000306841 4 11.5 -17.5
0.000565637 4 11.5 -18
3.35582e-05 3.5 12 -18
5.07365e-05 3.5 12 -18.5
4.85892e-05 5 10.5 -19.5
5.79944e-05 3.5 12 -19
5.45526e-05 3.5 12 -19.5
2.09066e-05 3.5 12 -20
2.3377e-05 4.5 11 -21.5
9.48267e-05 4 11.5 -21
0.000142191 4.5 11 -21
0.000345077 4 11.5 -20.5
0.000363316 4.5 11 -20.5
0.000662822 4 11.5 -20
0.000659452 4.5 11 -20
0.000889459 4 11.5 -19.5
0.000885404 4.5 11 -19.5
0.000927089 4 11.5 -19
0.000931093 4.5 11 -19
0.000790177 4 11.5 -18.5
6.2232e-05 5 10.5 -19
0.000812084 4.5 11 -18.5
6.45197e-05 5 10.5 -18.5
0.000568963 4.5 11 -18
5.27317e-05 5 10.5 -18
0.000297414 4.5 11 -17.5
3.19341e-05 5 10.5 -17.5
9.85567e-05 4.5 11 -17
3.2615e-05 4 12 -16.5
0.000109418 4 12 -17
0.000255873 4 12 -17.5
0.000417563 4 12 -18
0.000540383 4 12 -18.5
0.000609412 4 12 -19
8.16534e-05 4.5 11.5 -21
0.000110567 4 12 -20.5
0.000294868 4.5 11.5 -20.5
0.000311497 4 12 -20
4.56081e-05 5 11 -20.5
0.00059988 4.5 11.5 -20
0.00050732 4 12 -19.5
0.000101825 5 11 -20
0.000862738 4.5 11.5 -19.5
0.000180125 5 11 -19.5
0.00102279 4.5 11.5 -19
0.000262161 5 11 -19
0.00106843 4.5 11.5 -18.5
0.000254724 5 11 -18.5
0.000898337 4.5 11.5 -18
0.000214648 5 11 -18
0.000573877 4.5 11.5 -17.5
0.000138396 5 11 -17.5
0.000274538 4.5 11.5 -17
5.60078e-05 5 11 -17
7.33677e-05 4.5 11.5 -16.5
4.44665e-05 4.5 12 -16
0.000243662 4.5 12 -16.5
2.86619e-05 4 12.5 -16.5
0.000522462 4.5 12 -17
8.08426e-05 4 12.5 -17
0.000155906 4 12.5 -17.5
0.000224835 4 12.5 -18
0.00026691 4 12.5 -18.5
0.000283733 4 12.5 -19
0.000188752 4 12.5 -19.5
6.57639e-05 4 12.5 -20
2.04289e-05 4.5 12 -21
0.000161192 4.5 12 -20.5
8.28926e-05 5 11.5 -20.5
0.000436499 4.5 12 -20
0.000209804 5 11.5 -20
0.000748634 4.5 12 -19.5
0.0003626 5 11.5 -19.5
0.00097708 4.5 12 -19
0.000502437 5 11.5 -19
0.00106855 4.5 12 -18.5
0.000553367 5 11.5 -18.5
0.00100097 4.5 12 -18
0.000507777 5 11.5 -18
0.000809037 4.5 12 -17.5
0.000380906 5 11.5 -17.5
0.000216874 5 11.5 -17
7.16047e-05 5 11.5 -16.5
0.00011398 4.5 12.5 -16
0.000290955 4.5 12.5 -16.5
4.48808e-05 5.5 11.5 -17
2.1459e-05 4 13 -16.5
5.34392e-05 5.5 11.5 -17.5
0.000519855 4.5 12.5 -17
4.43539e-05 4 13 -17
0.000766176 4.5 12.5 -17.5
6.96418e-05 4 13 -17.5
0.000926096 4.5 12.5 -18
3.49041e-05 5.5 11.5 -18.5
8.77427e-05 4 13 -18
9.41497e-05 4 13 -18.5
6.89671e-05 4 13 -19
4.47618e-05 4.5 12.5 -20.5
7.43374e-05 5 12 -20.5
0.0002188 4.5 12.5 -20
0.000215715 5 12 -20
0.000500457 4.5 12.5 -19.5
0.00044771 5 12 -19.5
0.000782015 4.5 12.5 -19
0.000681003 5 12 -19
0.000965278 4.5 12.5 -18.5
0.000861661 5 12 -18.5
0.000813244 5 12 -18
4.82503e-05 5.5 11.5 -18
0.000690075 5 12 -17.5
0.000472853 5 12 -17
0.000239892 5 12 -16.5
2.81568e-05 5.5 11.5 -16.5
7.59069e-05 5 12 -16
6.59809e-05 5 12.5 -15.5
3.58139e-05 4.5 13 -15.5
0.000241715 5 12.5 -16
0.000112088 4.5 13 -16
0.000258577 4.5 13 -16.5
0.000433974 4.5 13 -17
0.000590304 4.5 13 -17.5
0.000671712 4.5 13 -18
0.000609005 4.5 13 -18.5
0.000425882 4.5 13 -19
3.63808e-05 5 12.5 -20.5
4.88523e-05 4.5 13 -20
0.000165538 5 12.5 -20
0.000205879 4.5 13 -19.5
0.000396567 5 12.5 -19.5
4.81074e-05 5.5 12 -19.5
0.000659428 5 12.5 -19
9.65369e-05 5.5 12 -19
0.000877023 5 12.5 -18.5
0.000164548 5.5 12 -18.5
0.000981375 5 12.5 -18
0.000215028 5.5 12 -18
0.000976619 5 12.5 -17.5
0.00021167 5.5 12 -17.5
0.00079045 5 12.5 -17
0.000179337 5.5 12 -17
0.000501758 5 12.5 -16.5
0.000116595 5.5 12 -16.5
4.91818e-05 5.5 12 -16
5.59486e-05 5 13 -15
0.000242308 5 13 -15.5
3.63753e-05 4.5 13.5 -15.5
0.000501493 5 13 -16
9.15179e-05 4.5 13.5 -16
0.000761298 5 13 -16.5
0.00017348 4.5 13.5 -16.5
0.000957503 5 13 -17
0.000260544 4.5 13.5 -17
0.000324583 4.5 13.5 -17.5
0.000350624 4.5 13.5 -18
0.000254759 4.5 13.5 -18.5
0.000130701 4.5 13.5 -19
2.20424e-05 4.5 13.5 -19.5
7.44309e-05 5 13 -20
2.82585e-05 5.5 12.5 -20
0.000257704 5 13 -19.5
0.000100349 5.5 12.5 -19.5
0.000528997 5 13 -19
0.000206872 5.5 12.5 -19
0.000807228 5 13 -18.5
0.000334207 5.5 12.5 -18.5
0.000965477 5 13 -18
0.000456458 5.5 12.5 -18
0.001021 5 13 -17.5
0.000497312 5.5 12.5 -17.5
0.000450408 5.5 12.5 -17
0.000334945 5.5 12.5 -16.5
0.00019574 5.5 12.5 -16
7.35648e-05 5.5 12.5 -15.5
3.10872e-05 5 13.5 -14.5
0.000139168 5 13.5 -15
3.16889e-05 6 12.5 -15.5
0.000310379 5 13.5 -15.5
4.58038e-05 6 12.5 -16
2.77536e-05 4.5 14 -15.5
0.000513784 5 13.5 -16
5.05424e-05 6 12.5 -16.5
5.3245e-05 4.5 14 -16
0.000744687 5 13.5 -16.5
8.41461e-05 4.5 14 -16.5
0.000907243 5 13.5 -17
0.000110542 4.5 14 -17
0.000945593 5 13.5 -17.5
0.000121569 4.5 14 -17.5
0.000815221 5 13.5 -18
9.99786e-05 4.5 14 -18
3.82063e-05 4.5 14 -18.5
2.16641e-05 5.5 13 -20
0.000102758 5 13.5 -19.5
0.00010225 5.5 13 -19.5
0.00030541 5 13.5 -19
0.000259649 5.5 13 -19
0.000571895 5 13.5 -18.5
0.000459489 5.5 13 -18.5
0.000656217 5.5 13 -18
0.000798791 5.5 13 -17.5
2.86265e-05 6 12.5 -17.5
0.000754629 5.5 13 -17
4.28642e-05 6 12.5 -17
0.000637233 5.5 13 -16.5
0.000451013 5.5 13 -16
0.000245126 5.5 13 -15.5
9.74635e-05 5.5 13 -15
0.000111379 5.5 13.5 -14.5
5.51318e-05 5 14 -14.5
0.000282576 5.5 13.5 -15
0.00013626 5 14 -15
0.000514947 5.5 13.5 -15.5
0.000281491 5 14 -15.5
0.000762204 5.5 13.5 -16
0.000450434 5 14 -16
0.000604591 5 14 -16.5
0.000188363 6 13 -17
2.9215e-05 4.5 14.5 -16.5
0.000675437 5 14 -17
0.000148022 6 13 -17.5
2.66448e-05 4.5 14.5 -17
0.000645269 5 14 -17.5
8.68616e-05 6 13 -18
3.99616e-05 6 13 -18.5
0.000482523 5 14 -18
0.000262773 5 14 -18.5
7.16341e-05 5.5 13.5 -19.5
9.24799e-05 5 14 -19
0.000214779 5.5 13.5 -19
0.000427671 5.5 13.5 -18.5
0.000654103 5.5 13.5 -18
0.000844818 5.5 13.5 -17.5
0.000924038 5.5 13.5 -17
0.000905377 5.5 13.5 -16.5
0.000200696 6 13 -16.5
0.000177679 6 13 -16
0.000127342 6 13 -15.5
6.51146e-05 6 13 -15
2.33207e-05 6 13 -14.5
2.00817e-05 5.5 14 -13.5
0.000116386 5.5 14 -14
0.00032124 5.5 14 -14.5
5.26856e-05 5 14.5 -14.5
0.000545477 5.5 14 -15
0.000111822 5 14.5 -15
0.000758164 5.5 14 -15.5
0.000193147 5 14.5 -15.5
0.000916506 5.5 14 -16
0.000287507 5 14.5 -16
0.000966211 5.5 14 -16.5
0.000346925 5 14.5 -16.5
0.000362696 5 14.5 -17
0.000279496 5 14.5 -17.5
0.000157805 5 14.5 -18
4.21764e-05 5 14.5 -18.5
0.000113531 5.5 14 -19
3.591e-05 6 13.5 -19
0.000294094 5.5 14 -18.5
0.000101285 6 13.5 -18.5
0.000539131 5.5 14 -18
0.000187613 6 13.5 -18
0.000778135 5.5 14 -17.5
0.000301286 6 13.5 -17.5
0.000913926 5.5 14 -17
0.000416456 6 13.5 -17
0.000472194 6 13.5 -16.5
0.000438148 6 13.5 -16
0.000347768 6 13.5 -15.5
0.000231811 6 13.5 -15
0.000112415 6 13.5 -14.5
3.76256e-05 6 13.5 -14
6.43446e-05 6 14 -13.5
7.74291e-05 5.5 14.5 -13.5
0.000198537 5.5 14.5 -14
4.61692e-05 6.5 13.5 -14.5
0.000359715 5.5 14.5 -14.5
5.59622e-05 6.5 13.5 -15
3.69611e-05 5 15 -14.5
0.000550301 5.5 14.5 -15
5.58075e-05 6.5 13.5 -15.5
6.37276e-05 5 15 -15
0.000743615 5.5 14.5 -15.5
4.31509e-05 6.5 13.5 -16
9.36763e-05 5 15 -15.5
0.000865075 5.5 14.5 -16
0.000127072 5 15 -16
0.00089182 5.5 14.5 -16.5
0.000134147 5 15 -16.5
0.000771088 5.5 14.5 -17
0.00010403 5 15 -17
0.000558279 5.5 14.5 -17.5
4.0749e-05 5 15 -17.5
0.0003219 5.5 14.5 -18
2.03752e-05 5.5 14.5 -19
3.67143e-05 6 14 -19
0.000127191 5.5 14.5 -18.5
0.000114219 6 14 -18.5
0.000253642 6 14 -18
0.000427985 6 14 -17.5
0.000603864 6 14 -17
0.000739031 6 14 -16.5
2.59792e-05 6.5 13.5 -16.5
0.000724151 6 14 -16
0.000643674 6 14 -15.5
0.000492246 6 14 -15
0.000315213 6 14 -14.5
0.000171177 6 14 -14
2.59959e-05 6.5 13.5 -14
2.01809e-05 6 14.5 -12.5
8.97325e-05 6 14.5 -13
3.28662e-05 5.5 15 -13
0.000220684 6 14.5 -13.5
8.47327e-05 5.5 15 -13.5
0.000395522 6 14.5 -14
0.000186384 5.5 15 -14
0.000596034 6 14.5 -14.5
0.000325259 5.5 15 -14.5
0.000789408 6 14.5 -15
0.000476509 5.5 15 -15
0.000871115 6 14.5 -15.5
2.68702e-05 5 15.5 -15
0.000595496 5.5 15 -15.5
3.28213e-05 5 15.5 -15.5
0.000642931 5.5 15 -16
0.000129741 6.5 14 -16.5
2.03171e-05 5 15.5 -16
0.000604763 5.5 15 -16.5
7.27415e-05 6.5 14 -17
0.000451185 5.5 15 -17
0.000255326 5.5 15 -17.5
0.000100709 5.5 15 -18
8.12267e-05 6 14.5 -18.5
0.000216328 6 14.5 -18
0.000401219 6 14.5 -17.5
2.70683e-05 6.5 14 -17.5
0.000599145 6 14.5 -17
0.000769687 6 14.5 -16.5
0.000854154 6 14.5 -16
0.000182306 6.5 14 -16
0.000212676 6.5 14 -15.5
0.00020148 6.5 14 -15
0.000168049 6.5 14 -14.5
0.000113538 6.5 14 -14
5.60724e-05 6.5 14 -13.5
2.35169e-05 6.5 14 -13
2.53061e-05 6 15 -12
9.51675e-05 6 15 -12.5
0.000236109 6 15 -13
3.14757e-05 5.5 15.5 -13
0.000436921 6 15 -13.5
7.55432e-05 5.5 15.5 -13.5
0.000627542 6 15 -14
0.000138613 5.5 15.5 -14
0.000779858 6 15 -14.5
0.00021699 5.5 15.5 -14.5
0.000864252 6 15 -15
0.000296675 5.5 15.5 -15
0.000889391 6 15 -15.5
0.000339062 5.5 15.5 -15.5
0.000826836 6 15 -16
0.00032431 5.5 15.5 -16
0.000687881 6 15 -16.5
0.000244202 5.5 15.5 -16.5
0.000133829 5.5 15.5 -17
7.78959e-05 6.5 14.5 -17.5
3.35358e-05 5.5 15.5 -17.5
3.09149e-05 6.5 14.5 -18
2.19599e-05 6 15 -18.5
0.000116577 6 15 -18
0.000273841 6 15 -17.5
0.000479565 6 15 -17
0.0001626 6.5 14.5 -17
0.000261406 6.5 14.5 -16.5
0.000377807 6.5 14.5 -16
0.000454216 6.5 14.5 -15.5
0.000456411 6.5 14.5 -15
0.000412523 6.5 14.5 -14.5
0.000321488 6.5 14.5 -14
0.000209364 6.5 14.5 -13.5
0.000109664 6.5 14.5 -13
4.21074e-05 6.5 14.5 -12.5
2.71728e-05 6.5 15 -11.5
8.86607e-05 6.5 15 -12
6.03312e-05 6 15.5 -12
0.000185327 6.5 15 -12.5
0.000142012 6 15.5 -12.5
0.000309547 6.5 15 -13
0.000272369 6 15.5 -13
2.58454e-05 5.5 16 -13
0.000434057 6 15.5 -13.5
8.32812e-05 7 14.5 -14
4.62665e-05 5.5 16 -13.5
0.000605633 6 15.5 -14
6.77927e-05 7 14.5 -14.5
6.97835e-05 5.5 16 -14
0.000749966 6 15.5 -14.5
0.000103482 5.5 16 -14.5
0.00080395 6 15.5 -15
0.000123317 5.5 16 -15
0.000791609 6 15.5 -15.5
0.000117624 5.5 16 -15.5
0.00065956 6 15.5 -16
7.2121e-05 5.5 16 -16
0.000468315 6 15.5 -16.5
0.000273202 6 15.5 -17
0.000113261 6 15.5 -17.5
3.73075e-05 6.5 15 -18
0.00010504 6.5 15 -17.5
0.000220055 6.5 15 -17
0.000367511 6.5 15 -16.5
0.000523931 6.5 15 -16
0.000657909 6.5 15 -15.5
0.000723613 6.5 15 -15
4.69791e-05 7 14.5 -15
0.000677215 6.5 15 -14.5
0.000579392 6.5 15 -14
0.000437797 6.5 15 -13.5
8.02693e-05 7 14.5 -13.5
6.16105e-05 7 14.5 -13
5.38524e-05 6.5 15.5 -11
0.000136398 6.5 15.5 -11.5
2.90348e-05 6 16 -11.5
0.000258112 6.5 15.5 -12
6.31209e-05 6 16 -12
0.000398262 6.5 15.5 -12.5
0.000132276 6 16 -12.5
0.00055931 6.5 15.5 -13
0.000243347 6 16 -13
0.000722836 6.5 15.5 -13.5
0.000368199 6 16 -13.5
0.000802219 6.5 15.5 -14
0.000482062 6 16 -14
0.000806739 6.5 15.5 -14.5
0.000550928 6 16 -14.5
0.000568594 6 16 -15
0.000110805 7 15 -15.5
0.000487098 6 16 -15.5
5.98566e-05 7 15 -16
0.000346122 6 16 -16
0.000187242 6 16 -16.5
6.99366e-05 6 16 -17
7.33881e-05 6.5 15.5 -17.5
0.000182591 6.5 15.5 -17
0.000334656 6.5 15.5 -16.5
0.000504772 6.5 15.5 -16
0.00065971 6.5 15.5 -15.5
0.000758705 6.5 15.5 -15
0.000187477 7 15 -15
0.00023299 7 15 -14.5
0.000255227 7 15 -14
0.000242716 7 15 -13.5
0.000204185 7 15 -13
0.00014673 7 15 -12.5
8.47997e-05 7 15 -12
3.97084e-05 7 15 -11.5
4.78484e-05 7 15.5 -10.5
5.56971e-05 6.5 16 -10.5
0.000125983 6.5 16 -11
2.38582e-05 7.5 15 -11.5
0.000231484 6.5 16 -11.5
3.27776e-05 7.5 15 -12
2.49965e-05 6 16.5 -11.5
0.000369482 6.5 16 -12
3.6087e-05 7.5 15 -12.5
5.02462e-05 6 16.5 -12
0.000542107 6.5 16 -12.5
9.95791e-05 6 16.5 -12.5
0.000687178 6.5 16 -13
0.000157916 6 16.5 -13
0.00076727 6.5 16 -13.5
0.000219579 6 16.5 -13.5
0.000803638 6.5 16 -14
0.000263452 6 16.5 -14
0.000782606 6.5 16 -14.5
0.00028024 6 16.5 -14.5
0.000704629 6.5 16 -15
0.000239915 6 16.5 -15
0.000554349 6.5 16 -15.5
0.000158991 6 16.5 -15.5
0.000374846 6.5 16 -16
6.86675e-05 6 16.5 -16
9.02045e-05 6.5 16 -17
0.000210608 6.5 16 -16.5
6.57703e-05 7 15.5 -16.5
0.000135495 7 15.5 -16
0.000223172 7 15.5 -15.5
0.000335754 7 15.5 -15
0.000433397 7 15.5 -14.5
0.000492233 7 15.5 -14
0.000484349 7 15.5 -13.5
0.000448966 7 15.5 -13
2.90823e-05 7.5 15 -13
0.000363428 7 15.5 -12.5
0.000259664 7 15.5 -12
0.000171703 7 15.5 -11.5
0.000100961 7 15.5 -11
3.99342e-05 7 16 -9.5
9.3593e-05 7 16 -10
2.62635e-05 7.5 15.5 -10
2.80021e-05 6.5 16.5 -10
0.000177959 7 16 -10.5
6.60482e-05 6.5 16.5 -10.5
0.000275302 7 16 -11
0.00012434 6.5 16.5 -11
0.000391961 7 16 -11.5
0.000223663 6.5 16.5 -11.5
0.000505437 7 16 -12
0.00035137 6.5 16.5 -12
3.2813e-05 6 17 -12
0.000500974 6.5 16.5 -12.5
0.000117474 7.5 15.5 -13
5.05522e-05 6 17 -12.5
0.000632121 6.5 16.5 -13
8.76838e-05 7.5 15.5 -13.5
6.94014e-05 6 17 -13
0.000697429 6.5 16.5 -13.5
5.69054e-05 7.5 15.5 -14
8.14382e-05 6 17 -13.5
0.000705252 6.5 16.5 -14
8.22562e-05 6 17 -14
0.000626569 6.5 16.5 -14.5
5.99749e-05 6 17 -14.5
0.000495977 6.5 16.5 -15
2.0081e-05 6 17 -15
0.000330261 6.5 16.5 -15.5
0.00018035 6.5 16.5 -16
7.1126e-05 6.5 16.5 -16.5
2.68347e-05 7 16 -17
7.54199e-05 7 16 -16.5
0.000167227 7 16 -16
0.00028888 7 16 -15.5
0.000426722 7 16 -15
0.000558916 7 16 -14.5
0.000662302 7 16 -14
0.000703945 7 16 -13.5
0.000658297 7 16 -13
0.000591201 7 16 -12.5
0.000137168 7.5 15.5 -12.5
0.000128983 7.5 15.5 -12
0.000105912 7.5 15.5 -11.5
2.54073e-05 7.5 16 -8.5
5.52236e-05 7 16.5 -9
0.000114935 7 16.5 -9.5
0.000213506 7 16.5 -10
2.83635e-05 6.5 17 -10
0.000343732 7 16.5 -10.5
0.000240856 7.5 16 -11
6.03991e-05 6.5 17 -10.5
0.000476697 7 16.5 -11
0.000105666 6.5 17 -11
0.000593594 7 16.5 -11.5
0.000176895 6.5 17 -11.5
0.000692928 7 16.5 -12
0.000271153 6.5 17 -12
0.000739546 7 16.5 -12.5
0.000361239 6.5 17 -12.5
0.00075329 7 16.5 -13
0.000430182 6.5 17 -13
0.000702335 7 16.5 -13.5
0.000454559 6.5 17 -13.5
0.000400258 6.5 17 -14
9.75019e-05 7.5 16 -14.5
0.000310685 6.5 17 -14.5
4.74565e-05 7.5 16 -15
0.000195156 6.5 17 -15
9.31926e-05 6.5 17 -15.5
4.85568e-05 7 16.5 -16.5
0.000124505 7 16.5 -16
0.000240511 7 16.5 -15.5
0.000383405 7 16.5 -15
0.000524842 7 16.5 -14.5
0.000641628 7 16.5 -14
0.00016971 7.5 16 -14
0.000248312 7.5 16 -13.5
0.000302174 7.5 16 -13
0.000331361 7.5 16 -12.5
0.000319722 7.5 16 -12
0.000292258 7.5 16 -11.5
3.20924e-05 7.5 16.5 -7.5
6.20745e-05 7.5 16.5 -8
0.000109623 7.5 16.5 -8.5
3.13954e-05 7 17 -8.5
0.0001684 7.5 16.5 -9
6.87458e-05 7 17 -9
0.00023529 7.5 16.5 -9.5
0.000130704 7 17 -9.5
0.000228634 7 17 -10
8.3169e-05 8 16 -10.5
2.2664e-05 6.5 17.5 -10
0.000343233 7 17 -10.5
7.72473e-05 8 16 -11
3.80052e-05 6.5 17.5 -10.5
0.000468132 7 17 -11
6.03734e-05 8 16 -11.5
6.2842e-05 6.5 17.5 -11
0.000589612 7 17 -11.5
4.13026e-05 8 16 -12
0.000105607 6.5 17.5 -11.5
0.000678324 7 17 -12
0.000141807 6.5 17.5 -12
0.000710001 7 17 -12.5
0.00017282 6.5 17.5 -12.5
0.000694299 7 17 -13
0.000188735 6.5 17.5 -13
0.000628008 7 17 -13.5
0.000165872 6.5 17.5 -13.5
0.000518771 7 17 -14
0.000110777 6.5 17.5 -14
0.000381255 7 17 -14.5
5.01931e-05 6.5 17.5 -14.5
0.000241255 7 17 -15
4.62715e-05 7 17 -16
0.000122728 7 17 -15.5
4.66431e-05 7.5 16.5 -15.5
0.000103796 7.5 16.5 -15
0.000184607 7.5 16.5 -14.5
0.000288755 7.5 16.5 -14
0.000406376 7.5 16.5 -13.5
0.00049413 7.5 16.5 -13
0.00054355 7.5 16.5 -12.5
0.000557754 7.5 16.5 -12
2.45109e-05 8 16.5 -6
0.000527956 7.5 16.5 -11.5
3.59003e-05 8 16.5 -6.5
0.00045792 7.5 16.5 -11
0.000381177 7.5 16.5 -10.5
0.000309529 7.5 16.5 -10
5.20101e-05 8 16.5 -7
4.25212e-05 7.5 17 -7
8.02801e-05 7.5 17 -7.5
7.17566e-05 8 16.5 -7.5
0.000138663 7.5 17 -8
9.727e-05 8 16.5 -8
0.000224575 7.5 17 -8.5
0.000161726 8 16.5 -9
3.1048e-05 7 17.5 -8.5
0.00033277 7.5 17 -9
6.55422e-05 7 17.5 -9
0.000432128 7.5 17 -9.5
0.000119254 7 17.5 -9.5
0.000518481 7.5 17 -10
0.00020045 7 17.5 -10
0.000597206 7.5 17 -10.5
0.000291441 7 17.5 -10.5
0.000649328 7.5 17 -11
0.000388633 7 17.5 -11
0.000668487 7.5 17 -11.5
2.59554e-05 6.5 18 -11
0.00047833 7 17.5 -11.5
3.5692e-05 6.5 18 -11.5
0.000538675 7 17.5 -12
0.000106903 8 16.5 -12.5
3.85801e-05 6.5 18 -12
0.000560983 7 17.5 -12.5
6.33414e-05 8 16.5 -13
3.16641e-05 6.5 18 -12.5
0.000492841 7 17.5 -13
0.000400349 7 17.5 -13.5
0.000285065 7 17.5 -14
0.000172662 7 17.5 -14.5
7.90229e-05 7 17.5 -15
4.41938e-05 7.5 17 -15.5
0.000104173 7.5 17 -15
0.000189623 7.5 17 -14.5
0.000296168 7.5 17 -14
0.000413828 7.5 17 -13.5
0.000527501 7.5 17 -13
2.02379e-05 8.5 16.5 -4
0.000619043 7.5 17 -12.5
2.29358e-05 8.5 16.5 -4.5
0.000664043 7.5 17 -12
2.5809e-05 8.5 16.5 -5
3.08248e-05 8 17 -5
5.60224e-05 8 17 -5.5
2.99659e-05 8.5 16.5 -5.5
3.44127e-05 8.5 16.5 -6
0.000156149 8 16.5 -12
0.000202402 8 16.5 -11.5
7.98786e-05 8 17 -6
0.000115795 8 17 -6.5
4.00879e-05 8.5 16.5 -6.5
2.17696e-05 7.5 17.5 -6.5
0.000160741 8 17 -7
4.85616e-05 8.5 16.5 -7
0.00022829 8 16.5 -11
0.0002343 8 16.5 -10.5
0.000223086 8 16.5 -10
4.20009e-05 7.5 17.5 -7
0.000203974 8 17 -7.5
5.8541e-05 8.5 16.5 -7.5
8.45702e-05 7.5 17.5 -7.5
0.000254901 8 17 -8
0.000146602 7.5 17.5 -8
0.000234149 7.5 17.5 -8.5
6.45263e-05 8.5 16.5 -9
0.000306042 8 17 -8.5
2.53848e-05 7 18 -8.5
0.000335498 7.5 17.5 -9
5.62431e-05 8.5 16.5 -9.5
4.54801e-05 7 18 -9
0.000446343 7.5 17.5 -9.5
0.000432974 8 17 -10
4.29995e-05 8.5 16.5 -10
8.14918e-05 7 18 -9.5
0.000553114 7.5 17.5 -10
0.000121599 7 18 -10
0.000611321 7.5 17.5 -10.5
0.000171037 7 18 -10.5
0.000646226 7.5 17.5 -11
0.00022005 7 18 -11
0.000661082 7.5 17.5 -11.5
0.000259142 7 18 -11.5
0.000627152 7.5 17.5 -12
0.000276806 7 18 -12
0.000547962 7.5 17.5 -12.5
0.000254628 7 18 -12.5
0.000453593 7.5 17.5 -13
0.000196705 7 18 -13
0.000127042 7 18 -13.5
3.61146e-05 8 17 -14
5.92463e-05 7 18 -14
6.13572e-05 7.5 17.5 -15
0.000136005 7.5 17.5 -14.5
2.1572e-05 9 16.5 -1.5
0.000232759 7.5 17.5 -14
2.55329e-05 9 16.5 -2
0.000343649 7.5 17.5 -13.5
2.93182e-05 9 16.5 -2.5
2.84789e-05 9 16.5 -3
2.59619e-05 8.5 17 -3
7.43936e-05 8 17 -13.5
2.57137e-05 9 16.5 -3.5
0.000138308 8 17 -13
4.11517e-05 8.5 17 -3.5
2.37695e-05 9 16.5 -4
6.47139e-05 8.5 17 -4
0.000216441 8 17 -12.5
8.59712e-05 8.5 17 -4.5
2.2899e-05 9 16.5 -4.5
0.00030279 8 17 -12
0.000108467 8.5 17 -5
2.28463e-05 9 16.5 -5
0.000373994 8 17 -11.5
0.000417269 8 17 -11
3.38435e-05 8 17.5 -5
0.000122429 8.5 17 -5.5
2.25577e-05 9 16.5 -5.5
6.6295e-05 8 17.5 -5.5
0.000114769 8 17.5 -6
2.24367e-05 9 16.5 -6.5
0.000136329 8.5 17 -6
2.24604e-05 9 16.5 -6
0.000442126 8 17 -10.5
0.000150621 8.5 17 -6.5
2.57269e-05 8.5 16.5 -10.5
0.000399513 8 17 -9.5
0.000178513 8 17.5 -6.5
0.000165605 8.5 17 -7
0.000258714 8 17.5 -7
3.86058e-05 7.5 18 -7
0.00035152 8 17.5 -7.5
0.00018773 8.5 17 -7.5
7.73176e-05 7.5 18 -7.5
0.000424434 8 17.5 -8
0.000131542 7.5 18 -8
0.000489952 8 17.5 -8.5
0.000209358 7.5 18 -8.5
0.000545989 8 17.5 -9
0.000300233 7.5 18 -9
0.000572892 8 17.5 -9.5
2.0283e-05 7 18.5 -9
0.000395672 7.5 18 -9.5
3.53147e-05 7 18.5 -9.5
0.000480502 7.5 18 -10
0.000104054 8.5 17 -10.5
4.48477e-05 7 18.5 -10
0.000542341 7.5 18 -10.5
0.000544146 8 17.5 -11
5.69839e-05 8.5 17 -11
6.04531e-05 7 18.5 -10.5
0.000561746 7.5 18 -11
7.17402e-05 7 18.5 -11
0.000539824 7.5 18 -11.5
6.89528e-05 7 18.5 -11.5
0.00047617 7.5 18 -12
5.55888e-05 7 18.5 -12
0.000387439 7.5 18 -12.5
2.47119e-05 7 18.5 -12.5
0.00029005 7.5 18 -13
0.000191172 7.5 18 -13.5
0.000104292 7.5 18 -14
3.15402e-05 10 16 2
3.62461e-05 10 16 1.5
2.58578e-05 9.5 16.5 1
2.90386e-05 10 16 1
4.47756e-05 7.5 18 -14.5
3.91666e-05 9.5 16.5 0.5
4.89982e-05 9.5 16.5 0
5.58296e-05 9.5 16.5 -0.5
2.8862e-05 9 17 -1
5.08008e-05 9.5 16.5 -1
6.08977e-05 8 17.5 -14
4.5529e-05 9 17 -1.5
4.44276e-05 9.5 16.5 -1.5
6.6144e-05 9 17 -2
3.7095e-05 9.5 16.5 -2
0.000118596 8 17.5 -13.5
2.94968e-05 9.5 16.5 -2.5
9.11195e-05 9 17 -2.5
0.000197784 8 17.5 -13
2.42626e-05 9.5 16.5 -3
0.000100908 9 17 -3
0.000295903 8 17.5 -12.5
3.17102e-05 8.5 17.5 -3
0.000103435 9 17 -3.5
0.000396589 8 17.5 -12
5.7823e-05 8.5 17.5 -3.5
0.000105003 9 17 -4
0.000483775 8 17.5 -11.5
0.000103371 8.5 17.5 -4
0.000149844 8.5 17.5 -4.5
0.000104933 9 17 -4.5
0.000103926 9 17 -5
0.000579557 8 17.5 -10.5
0.000201081 8.5 17.5 -5
0.000105269 9 17 -5.5
3.14374e-05 8 18 -5
0.000242609 8.5 17.5 -5.5
0.000575915 8 17.5 -10
5.73279e-05 8 18 -5.5
0.000272717 8.5 17.5 -6
0.000101946 9 17 -6
0.00010846 8 18 -6
0.000308446 8.5 17.5 -6.5
0.000173348 8 18 -6.5
8.47446e-05 9 17 -7
0.000254209 8 18 -7
6.84587e-05 9 17 -7.5
0.000338015 8.5 17.5 -7
2.73085e-05 7.5 18.5 -7
0.000344298 8 18 -7.5
5.21788e-05 9 17 -8
0.000357944 8.5 17.5 -7.5
4.78288e-05 7.5 18.5 -7.5
0.000433085 8 18 -8
3.28646e-05 9 17 -8.5
8.57329e-05 7.5 18.5 -8
0.000515903 8 18 -8.5
0.000130382 7.5 18.5 -8.5
0.000561715 8 18 -9
0.000385169 8.5 17.5 -9
0.000188995 7.5 18.5 -9
0.000583785 8 18 -9.5
0.000247022 7.5 18.5 -9.5
0.000591549 8 18 -10
0.000290215 7.5 18.5 -10
0.000563032 8 18 -10.5
0.000312045 7.5 18.5 -10.5
0.00031062 7.5 18.5 -11
9.64022e-05 8.5 17.5 -11.5
0.00027322 7.5 18.5 -11.5
0.000367025 8 18 -12
4.8851e-05 8.5 17.5 -12
0.000219756 7.5 18.5 -12
0.000156701 7.5 18.5 -12.5
9.06687e-05 7.5 18.5 -13
3.27218e-05 7.5 18.5 -13.5
3.56179e-05 10.5 16 3
5.23334e-05 10.5 16 2.5
4.92462e-05 10 16.5 2
5.02394e-05 10.5 16 2
3.26924e-05 10.5 16 1.5
7.54449e-05 10 16.5 1.5
8.98761e-05 10 16.5 1
2.55028e-05 9.5 17 1
4.72761e-05 8 18 -14
4.78199e-05 9.5 17 0.5
8.76497e-05 10 16.5 0.5
7.25793e-05 9.5 17 0
7.23192e-05 10 16.5 0
0.000101638 8 18 -13.5
5.60058e-05 10 16.5 -0.5
0.000104547 9.5 17 -0.5
4.19708e-05 10 16.5 -1
0.000120992 9.5 17 -1
0.000177184 8 18 -13
2.93983e-05 9 17.5 -1
2.85799e-05 10 16.5 -1.5
0.000123583 9.5 17 -1.5
0.000268595 8 18 -12.5
5.05119e-05 9 17.5 -1.5
0.000122435 9.5 17 -2
8.39865e-05 9 17.5 -2
0.000110792 9.5 17 -2.5
0.000456306 8 18 -11.5
0.000130903 9 17.5 -2.5
9.70478e-05 9.5 17 -3
0.000169713 9 17.5 -3
0.000521158 8 18 -11
2.89836e-05 8.5 18 -3
0.000202986 9 17.5 -3.5
8.54814e-05 9.5 17 -3.5
5.21289e-05 8.5 18 -3.5
0.00022188 9 17.5 -4
7.15972e-05 9.5 17 -4
9.38085e-05 8.5 18 -4
0.000235828 9 17.5 -4.5
5.92224e-05 9.5 17 -4.5
0.000142486 8.5 18 -4.5
4.61967e-05 9.5 17 -5
0.00015814 8.5 17.5 -11
0.000239349 9 17.5 -5
0.000232852 8.5 17.5 -10.5
0.000205805 8.5 18 -5
0.000239138 9 17.5 -5.5
3.2492e-05 9.5 17 -5.5
2.42938e-05 8 18.5 -5
0.000285437 8.5 18 -5.5
2.01305e-05 9.5 17 -6
0.000301166 8.5 17.5 -10
4.46718e-05 8 18.5 -5.5
0.00036684 8.5 18 -6
0.00024368 9 17.5 -6
8.44013e-05 8 18.5 -6
0.000423854 8.5 18 -6.5
0.000239503 9 17.5 -6.5
0.000137463 8 18.5 -6.5
0.000469176 8.5 18 -7
0.000224952 9 17.5 -7
0.000208286 8 18.5 -7
0.000502027 8.5 18 -7.5
0.000289233 8 18.5 -7.5
0.000377169 8 18.5 -8
0.000119495 9 17.5 -8.5
3.42577e-05 7.5 19 -8
0.000455843 8 18.5 -8.5
7.86858e-05 9 17.5 -9
5.01077e-05 7.5 19 -8.5
0.000502391 8 18.5 -9
4.16745e-05 9 17.5 -9.5
7.36124e-05 7.5 19 -9
0.000517367 8 18.5 -9.5
8.7466e-05 7.5 19 -9.5
0.000504943 8 18.5 -10
9.51168e-05 7.5 19 -10
0.000466728 8 18.5 -10.5
8.86159e-05 7.5 19 -10.5
0.000412286 8 18.5 -11
6.92139e-05 7.5 19 -11
0.00033563 8 18.5 -11.5
4.46988e-05 7.5 19 -11.5
0.000246156 8 18.5 -12
3.43463e-05 11 16 3
4.21128e-05 10.5 16.5 3
3.46713e-05 11 16 2.5
8.47003e-05 10.5 16.5 2.5
9.92439e-05 10.5 16.5 2
4.37447e-05 10 17 2
4.17351e-05 8 18.5 -13.5
8.34659e-05 10 17 1.5
9.92217e-05 10.5 16.5 1.5
0.000120058 10 17 1
8.23364e-05 10.5 16.5 1
9.11002e-05 8 18.5 -13
6.29696e-05 10.5 16.5 0.5
0.000140172 10 17 0.5
3.82166e-05 9.5 17.5 0.5
3.99214e-05 10.5 16.5 0
0.000145518 10 17 0
0.000161551 8 18.5 -12.5
7.13924e-05 9.5 17.5 0
2.14626e-05 10.5 16.5 -0.5
0.000137442 10 17 -0.5
0.000117625 9.5 17.5 -0.5
0.000156232 9.5 17.5 -1
0.000119767 10 17 -1
0.000105453 10 17 -1.5
0.000189937 9.5 17.5 -1.5
5.59856e-05 8.5 18 -12.5
4.10039e-05 9 18 -1.5
8.44466e-05 10 17 -2
0.000205443 9.5 17.5 -2
0.000107706 8.5 18 -12
7.1886e-05 9 18 -2
6.13106e-05 10 17 -2.5
0.000210635 9.5 17.5 -2.5
0.00017467 8.5 18 -11.5
0.000124815 9 18 -2.5
4.02458e-05 10 17 -3
0.000181011 9 18 -3
2.26223e-05 10 17 -3.5
0.000208564 9.5 17.5 -3
0.000254545 8.5 18 -11
0.000245832 9 18 -3.5
0.00019753 9.5 17.5 -3.5
0.000340449 8.5 18 -10.5
3.5987e-05 8.5 18.5 -3.5
0.00030523 9 18 -4
0.000189902 9.5 17.5 -4
6.45252e-05 8.5 18.5 -4
0.000341165 9 18 -4.5
0.000172036 9.5 17.5 -4.5
0.00012028 8.5 18.5 -4.5
0.000147327 9.5 17.5 -5
0.000186453 8.5 18.5 -5
0.000118525 9.5 17.5 -5.5
0.000369036 9 18 -5
0.000414698 8.5 18 -10
0.000262997 8.5 18.5 -5.5
8.69515e-05 9.5 17.5 -6
0.000383785 9 18 -5.5
0.000386461 9 18 -6
0.000473175 8.5 18 -9.5
0.000506478 8.5 18 -9
0.000511994 8.5 18 -8.5
0.000514129 8.5 18 -8
2.51547e-05 8 19 -5.5
0.00034225 8.5 18.5 -6
0.000390374 9 18 -6.5
5.72988e-05 9.5 17.5 -6.5
4.39814e-05 8 19 -6
0.000412891 8.5 18.5 -6.5
7.73365e-05 8 19 -6.5
0.000462255 8.5 18.5 -7
0.000115466 8 19 -7
0.000498288 8.5 18.5 -7.5
0.000164946 8 19 -7.5
0.000513124 8.5 18.5 -8
0.000220054 8 19 -8
0.000508204 8.5 18.5 -8.5
0.000265428 8 19 -8.5
0.000294794 8 19 -9
0.000121339 9 18 -9.5
0.000306788 8 19 -9.5
6.50186e-05 9 18 -10
0.00029613 8 19 -10
0.000258153 8 19 -10.5
0.000206058 8 19 -11
0.000146564 8 19 -11.5
8.48519e-05 8 19 -12
3.56467e-05 8 19 -12.5
5.80754e-05 11 16.5 3
2.36644e-05 10.5 17 3
8.25073e-05 10.5 17 2.5
7.40969e-05 11 16.5 2.5
0.000119443 10.5 17 2
7.25287e-05 11 16.5 2
4.99726e-05 11 16.5 1.5
0.00013311 10.5 17 1.5
5.88101e-05 10 17.5 1.5
2.6614e-05 11 16.5 1
0.000137446 10.5 17 1
2.45192e-05 8.5 18.5 -13
0.000112505 10 17.5 1
0.000157103 10 17.5 0.5
0.000128059 10.5 17 0.5
0.000183548 10 17.5 0
0.000108506 10.5 17 0
5.77639e-05 8.5 18.5 -12.5
4.69649e-05 9.5 18 0
0.000198022 10 17.5 -0.5
8.05675e-05 10.5 17 -0.5
0.000110348 8.5 18.5 -12
8.61555e-05 9.5 18 -0.5
0.00020039 10 17.5 -1
5.25014e-05 10.5 17 -1
0.00014478 9.5 18 -1
2.81003e-05 10.5 17 -1.5
0.00017591 8.5 18.5 -11.5
0.000197956 9.5 18 -1.5
0.000188655 10 17.5 -1.5
0.000250893 8.5 18.5 -11
2.6256e-05 9 18.5 -1.5
0.000247974 9.5 18 -2
0.000177106 10 17.5 -2
0.00032884 8.5 18.5 -10.5
5.1945e-05 9 18.5 -2
0.000280775 9.5 18 -2.5
0.000153955 10 17.5 -2.5
0.000400775 8.5 18.5 -10
9.81222e-05 9 18.5 -2.5
0.00030088 9.5 18 -3
0.000124091 10 17.5 -3
0.000152553 9 18.5 -3
9.1073e-05 10 17.5 -3.5
0.000456648 8.5 18.5 -9.5
0.000305519 9.5 18 -3.5
0.000216774 9 18.5 -3.5
5.84611e-05 10 17.5 -4
0.000300922 9.5 18 -4
0.000488349 8.5 18.5 -9
0.000282521 9 18.5 -4
0.000301798 9.5 18 -4.5
3.18133e-05 10 17.5 -4.5
3.71617e-05 8.5 19 -4
0.000343261 9 18.5 -4.5
7.30338e-05 8.5 19 -4.5
0.000389317 9 18.5 -5
0.000281399 9.5 18 -5
0.000119471 8.5 19 -5
0.000422352 9 18.5 -5.5
0.000180664 8.5 19 -5.5
0.000248496 8.5 19 -6
0.000161624 9.5 18 -6.5
0.000435775 9 18.5 -6
0.000316473 8.5 19 -6.5
0.000108953 9.5 18 -7
0.000436487 9 18.5 -6.5
0.000376436 8.5 19 -7
6.63289e-05 9.5 18 -7.5
3.42285e-05 8 19.5 -7
0.000415091 8.5 19 -7.5
3.09998e-05 9.5 18 -8
5.54729e-05 8 19.5 -7.5
0.000428 8.5 19 -8
6.82624e-05 8 19.5 -8
0.000421893 8.5 19 -8.5
0.000338394 9 18.5 -8.5
7.80124e-05 8 19.5 -8.5
0.000396996 8.5 19 -9
8.40571e-05 8 19.5 -9
0.000352415 8.5 19 -9.5
8.25277e-05 8 19.5 -9.5
0.000292137 8.5 19 -10
6.86992e-05 8 19.5 -10
4.70073e-05 8 19.5 -10.5
3.75908e-05 9 18.5 -11
2.03287e-05 11.5 16.5 3
5.71733e-05 11 17 3
8.84844e-05 11 17 2.5
3.68971e-05 10.5 17.5 2.5
9.56714e-05 11 17 2
9.81579e-05 10.5 17.5 2
2.87938e-05 8.5 19 -12.5
0.000142216 10.5 17.5 1.5
9.3299e-05 11 17 1.5
0.000160356 10.5 17.5 1
6.8661e-05 11 17 1
6.48867e-05 8.5 19 -12
6.40277e-05 10 18 1
4.02743e-05 11 17 0.5
0.00016685 10.5 17.5 0.5
0.000118988 8.5 19 -11.5
0.000124785 10 18 0.5
0.000180093 10 18 0
0.000168351 10.5 17.5 0
0.00017758 8.5 19 -11
0.000217051 10 18 -0.5
0.000152482 10.5 17.5 -0.5
0.000236748 8.5 19 -10.5
4.76326e-05 9.5 18.5 -0.5
0.000239763 10 18 -1
0.000123716 10.5 17.5 -1
9.9268e-05 9.5 18.5 -1
0.000249314 10 18 -1.5
9.03236e-05 10.5 17.5 -1.5
0.000159937 9.5 18.5 -1.5
0.000249761 10 18 -2
5.64177e-05 10.5 17.5 -2
0.000219127 9.5 18.5 -2
2.90896e-05 10.5 17.5 -2.5
7.72574e-05 9 18.5 -10.5
2.12474e-05 9 19 -2
0.000272904 9.5 18.5 -2.5
0.000249991 10 18 -2.5
4.83915e-05 9 19 -2.5
0.000311851 9.5 18.5 -3
9.1527e-05 9 19 -3
0.000195014 10 18 -3.5
0.000344137 9.5 18.5 -3.5
0.00022851 10 18 -3
0.000128334 9 18.5 -10
0.000195175 9 18.5 -9.5
0.000144207 9 19 -3.5
0.000360475 9.5 18.5 -4
0.000154105 10 18 -4
0.000211586 9 19 -4
0.000362669 9.5 18.5 -4.5
0.000109249 10 18 -4.5
0.000269988 9 18.5 -9
0.000284645 9 19 -4.5
0.000364516 9.5 18.5 -5
6.88003e-05 10 18 -5
2.1158e-05 8.5 19.5 -4.5
0.000348042 9 19 -5
5.07865e-05 8.5 19.5 -5
0.000384203 9 19 -5.5
0.000348008 9.5 18.5 -5.5
8.04886e-05 8.5 19.5 -5.5
0.000407475 9 19 -6
0.000114257 8.5 19.5 -6
0.000417196 9 19 -6.5
0.000150099 8.5 19.5 -6.5
0.000412126 9 19 -7
0.000205167 9.5 18.5 -7
0.000184875 8.5 19.5 -7
0.000212629 8.5 19.5 -7.5
9.31737e-05 9.5 18.5 -8
0.000228515 8.5 19.5 -8
0.000319827 9 19 -8.5
4.55402e-05 9.5 18.5 -8.5
0.000232054 8.5 19.5 -8.5
0.000207286 8.5 19.5 -9
0.000174183 8.5 19.5 -9.5
0.000134803 8.5 19.5 -10
9.67683e-05 8.5 19.5 -10.5
6.0708e-05 8.5 19.5 -11
2.31145e-05 11.5 17 3
6.87536e-05 11 17.5 2.5
3.11391e-05 11.5 17 2.5
2.07171e-05 8.5 19.5 -11.5
0.000103371 11 17.5 2
2.54776e-05 11.5 17 2
3.54197e-05 10.5 18 2
9.82346e-05 10.5 18 1.5
0.000112484 11 17.5 1.5
0.000149284 10.5 18 1
0.000109838 11 17.5 1
0.000178572 10.5 18 0.5
8.97922e-05 11 17.5 0.5
5.97375e-05 10 18.5 0.5
0.000188441 10.5 18 0
6.07657e-05 11 17.5 0
0.000121427 10 18.5 0
0.000193232 10.5 18 -0.5
3.21582e-05 11 17.5 -0.5
5.24442e-05 9 19 -11
0.000180866 10 18.5 -0.5
0.000226361 10 18.5 -1
0.000186662 10.5 18 -1
9.24955e-05 9 19 -10.5
0.000139943 9 19 -10
3.95612e-05 9.5 19 -1
0.000255851 10 18.5 -1.5
0.000160944 10.5 18 -1.5
8.16865e-05 9.5 19 -1.5
0.000146684 9.5 19 -2
8.72186e-05 10.5 18 -2.5
0.000272459 10 18.5 -2
0.000127536 10.5 18 -2
0.000195541 9 19 -9.5
0.000259228 9 19 -9
0.000279094 10 18.5 -2.5
0.00020959 9.5 19 -2.5
0.000284615 10 18.5 -3
4.87283e-05 10.5 18 -3
0.000269562 9.5 19 -3
3.26044e-05 9 19.5 -3
0.000310969 9.5 19 -3.5
0.000271883 10 18.5 -3.5
6.16673e-05 9 19.5 -3.5
0.00034035 9.5 19 -4
0.000100875 9 19.5 -4
0.000201849 10 18.5 -4.5
0.00015361 9 19.5 -4.5
0.000152894 10 18.5 -5
0.000351724 9.5 19 -4.5
0.000209819 9 19.5 -5
0.000100989 10 18.5 -5.5
0.000350463 9.5 19 -5
0.000347558 9.5 19 -5.5
0.000241075 10 18.5 -4
0.000367787 9 19 -8
0.000395657 9 19 -7.5
0.000257943 9 19.5 -5.5
0.000331279 9.5 19 -6
5.48336e-05 10 18.5 -6
0.000289951 9 19.5 -6
0.000300951 9 19.5 -6.5
0.000302398 9.5 19 -6.5
2.42588e-05 8.5 20 -6.5
0.000301602 9 19.5 -7
3.53809e-05 8.5 20 -7
0.000285084 9 19.5 -7.5
3.93918e-05 8.5 20 -7.5
4.32004e-05 8.5 20 -8
9.39095e-05 9.5 19 -8.5
4.09557e-05 8.5 20 -8.5
4.91019e-05 9.5 19 -9
2.46983e-05 8.5 20 -9
0.000139341 9 19.5 -9.5
3.21428e-05 11.5 17.5 2.5
6.53499e-05 11 18 2
3.80655e-05 11.5 17.5 2
0.000104047 11 18 1.5
2.94381e-05 11.5 17.5 1.5
2.47258e-05 10.5 18.5 1.5
0.000119413 11 18 1
3.01375e-05 9 19.5 -11
8.3899e-05 10.5 18.5 1
0.000136698 10.5 18.5 0.5
0.000118548 11 18 0.5
5.73559e-05 9 19.5 -10.5
0.000174537 10.5 18.5 0
9.90877e-05 11 18 0
9.62006e-05 9 19.5 -10
4.20266e-05 10 19 0
0.000194929 10.5 18.5 -0.5
7.20495e-05 11 18 -0.5
9.72558e-05 10 19 -0.5
0.000203743 10.5 18.5 -1
4.25237e-05 11 18 -1
0.00018082 9 19.5 -9
0.00015553 10 19 -1
0.000203795 10.5 18.5 -1.5
0.000204417 10 19 -1.5
0.000218303 9 19.5 -8.5
0.000256454 9 19.5 -8
2.24517e-05 9.5 19.5 -1.5
0.000240195 10 19 -2
0.000183174 10.5 18.5 -2
5.95031e-05 9.5 19.5 -2
0.000100705 9.5 19.5 -2.5
0.000114292 10.5 18.5 -3
0.000262281 10 19 -2.5
0.0002711 10 19 -3
0.000153653 10.5 18.5 -2.5
0.000150786 9.5 19.5 -3
0.000278844 10 19 -3.5
7.35566e-05 10.5 18.5 -3.5
0.000200266 9.5 19.5 -3.5
0.000274875 10 19 -4
0.000242158 9.5 19.5 -4
0.000271164 9.5 19.5 -4.5
0.00024685 10 19 -4.5
4.33856e-05 9 20 -4.5
0.000284807 9.5 19.5 -5
6.84229e-05 9 20 -5
8.9598e-05 9 20 -5.5
0.000104814 10 19 -6
0.000287118 9.5 19.5 -5.5
0.000106136 9 20 -6
6.89406e-05 10 19 -6.5
0.000261439 9.5 19.5 -6.5
0.000277643 9.5 19.5 -6
0.000118466 9 20 -6.5
0.000229184 9.5 19.5 -7
3.52324e-05 10 19 -7
0.000126232 9 20 -7
0.000117256 9 20 -7.5
0.000101959 9 20 -8
8.35512e-05 9 20 -8.5
6.26297e-05 9 20 -9
3.19717e-05 11.5 18 2
4.74642e-05 11 18.5 1.5
4.02115e-05 11.5 18 1.5
8.81812e-05 11 18.5 1
3.07527e-05 11.5 18 1
4.14543e-05 9 20 -9.5
0.000112538 11 18.5 0.5
5.37547e-05 10.5 19 0.5
0.000103119 10.5 19 0
0.00011769 11 18.5 0
0.000144646 10.5 19 -0.5
0.000103144 11 18.5 -0.5
0.000170547 10.5 19 -1
8.07549e-05 11 18.5 -1
3.24424e-05 9.5 19.5 -9.5
5.65534e-05 9.5 19.5 -9
5.03868e-05 10 19.5 -1
0.000186362 10.5 19 -1.5
5.6137e-05 11 18.5 -1.5
0.000101188 10 19.5 -1.5
0.000190818 10.5 19 -2
3.08559e-05 11 18.5 -2
0.000146055 10 19.5 -2
9.30597e-05 9.5 19.5 -8.5
0.000138743 9.5 19.5 -8
0.00018193 10 19.5 -2.5
0.000177897 10.5 19 -2.5
0.000207866 10 19.5 -3
4.14164e-05 9.5 20 -3
0.000118429 10.5 19 -3.5
6.54076e-05 9.5 20 -3.5
7.97554e-05 10.5 19 -4
0.000221116 10 19.5 -3.5
0.000225509 10 19.5 -4
0.000154012 10.5 19 -3
0.000185372 9.5 19.5 -7.5
9.21677e-05 9.5 20 -4
0.0002214 10 19.5 -4.5
4.42452e-05 10.5 19 -4.5
0.000124893 9.5 20 -4.5
0.000147779 9.5 20 -5
0.000196108 10 19.5 -5
0.000157496 9.5 20 -5.5
0.000159025 9.5 20 -6
5.8545e-05 10 19.5 -7
3.12411e-05 10 19.5 -7.5
8.03036e-05 9.5 20 -8
2.21026e-05 11.5 18.5 1.5
2.58276e-05 11 19 1
3.27974e-05 11.5 18.5 1
5.70229e-05 11 19 0.5
2.95857e-05 11.5 18.5 0.5
8.61306e-05 11 19 0
9.73347e-05 11 19 -0.5
5.57903e-05 10.5 19.5 -0.5
8.99686e-05 10.5 19.5 -1
9.45015e-05 11 19 -1
3.15872e-05 9.5 20 -9
7.42733e-05 11 19 -1.5
5.28238e-05 9.5 20 -8.5
5.32858e-05 11 19 -2
0.00011891 10.5 19.5 -1.5
0.000104445 9.5 20 -7.5
0.000123942 9.5 20 -7
0.000137126 10.5 19.5 -2
0.00014543 9.5 20 -6.5
3.21854e-05 10 20 -2
0.000146481 10.5 19.5 -2.5
3.19209e-05 11 19 -2.5
6.47722e-05 10 20 -2.5
0.000143563 10.5 19.5 -3
8.99345e-05 10 20 -3
0.00010927 10 20 -3.5
0.000126187 10.5 19.5 -3.5
0.000122085 10 20 -4
7.05977e-05 10.5 19.5 -4.5
4.13519e-05 10.5 19.5 -5
0.000127921 10 20 -4.5
0.0001309 10 20 -5
2.09326e-05 9.5 20.5 -5
0.000123464 10 20 -5.5
2.70732e-05 9.5 20.5 -5.5
2.886e-05 9.5 20.5 -6
2.21928e-05 9.5 20.5 -6.5
2.26426e-05 11 19.5 0
4.81735e-05 11 19.5 -0.5
6.2048e-05 11 19.5 -1
2.6106e-05 10.5 20 -1.5
6.66568e-05 11 19.5 -1.5
4.93295e-05 10.5 20 -2
5.76639e-05 11 19.5 -2
3.04501e-05 10 20 -7.5
6.54934e-05 10.5 20 -2.5
4.00377e-05 11 19.5 -2.5
7.76518e-05 10.5 20 -3
8.13512e-05 10.5 20 -3.5
2.05131e-05 10 20.5 -4
7.54936e-05 10.5 20 -4
2.91306e-05 10 20.5 -4.5
6.15181e-05 10.5 20 -4.5
2.14802e-05 10.5 20 -5.5
2.69808e-05 11 20 -2.5
2.08788e-05 11 20 -3
2.36266e-05 11 20 -2
2.76418e-05 10 20.5 -6
3.21725e-05 10 20.5 -5.5
3.26309e-05 10 20.5 -5
4.14541e-05 10.5 20 -5
2.56159e-05 11 19.5 -3
5.11884e-05 10 20 -7
7.62233e-05 10 20 -6.5
0.000102178 10 20 -6
0.00010208 10.5 19.5 -4
9.58531e-05 10 19.5 -6.5
0.00013538 10 19.5 -6
0.000167897 10 19.5 -5.5
0.000153067 10 19 -5.5
0.000206275 10 19 -5
3.8393e-05 10.5 18.5 -4
0.000145794 9.5 19 -8
0.000204484 9.5 19 -7.5
0.000258936 9.5 19 -7
0.000146952 9.5 18.5 -7.5
0.000259667 9.5 18.5 -6.5
0.000309682 9.5 18.5 -6
3.55794e-05 10 18 -5.5
0.000393135 9 18.5 -8
0.000428488 9 18.5 -7.5
0.000443071 9 18.5 -7
0.000211776 9.5 18 -6
0.000251004 9.5 18 -5.5
0.000184846 9 18 -9
0.000251129 9 18 -8.5
0.000305535 9 18 -8
0.000346932 9 18 -7.5
0.000375764 9 18 -7
3.16838e-05 9.5 17.5 -7
0.000162553 9 17.5 -8
0.00020049 9 17.5 -7.5
0.000351787 8.5 17.5 -9.5
0.0004003 8.5 17.5 -8.5
0.000387418 8.5 17.5 -8
9.59126e-05 9 17 -6.5
0.000144876 8.5 17 -10
0.000179967 8.5 17 -9.5
0.000203516 8.5 17 -9
0.000210761 8.5 17 -8.5
0.000205006 8.5 17 -8
0.000350115 8 17 -9
6.92226e-05 8.5 16.5 -8.5
6.63856e-05 8.5 16.5 -8
0.000197655 8 16.5 -9.5
0.000126466 8 16.5 -8.5
7.45122e-05 8 16 -10
5.85976e-05 8 16 -9.5
4.17644e-05 8 16 -9
2.89012e-05 8 16 -8.5
0.000175491 7.5 16 -10.5
0.000121836 7.5 16 -10
7.88234e-05 7.5 16 -9.5
4.5937e-05 7.5 16 -9
7.69971e-05 7.5 15.5 -11
4.47123e-05 7.5 15.5 -10.5
3.50852e-05 7 14.5 -12.5
