0.553
2.73917e-05 -4.5 -8.5 -12.5
3.80323e-05 -4.5 -8.5 -13
3.32386e-05 -4.5 -8.5 -13.5
2.63251e-05 -4.5 -8.5 -14
2.61043e-05 -4.5 -8 -12.5
2.21845e-05 -4 -8.5 -13.5
3.25367e-05 -4.5 -8 -13
2.10381e-05 -4 -8.5 -14
2.90108e-05 -4.5 -8 -13.5
2.31185e-05 -4.5 -8 -14
2.41142e-05 -4 -8 -12.5
4.11011e-05 -4 -8 -13
2.00927e-05 -4.5 -7.5 -12.5
4.67277e-05 -4 -8 -13.5
4.3008e-05 -4 -8 -14
2.10476e-05 -4 -8 -14.5
2.09705e-05 -4.5 -7.5 -13.5
2.5321e-05 -4.5 -7.5 -13
3.71516e-05 -4 -7.5 -12.5
5.91701e-05 -4 -7.5 -13
7.00454e-05 -4 -7.5 -13.5
2.45077e-05 -3.5 -8 -14.5
6.46984e-05 -4 -7.5 -14
2.14046e-05 -4 -7.5 -15
3.87713e-05 -4 -7.5 -14.5
2.40036e-05 -3.5 -7.5 -13
3.9738e-05 -4 -7 -12.5
4.49879e-05 -3.5 -7.5 -13.5
6.51076e-05 -4 -7 -13
5.48862e-05 -3.5 -7.5 -14
8.00113e-05 -4 -7 -13.5
4.76225e-05 -3.5 -7.5 -14.5
3.44522e-05 -3.5 -7.5 -15
2.14813e-05 -4 -7 -15
4.80796e-05 -4 -7 -14.5
7.46585e-05 -4 -7 -14
2.75347e-05 -3.5 -7 -12.5
6.9081e-05 -3.5 -7 -13
3.01251e-05 -4 -6.5 -12.5
0.000110545 -3.5 -7 -13.5
0.000123919 -3.5 -7 -14
5.82175e-05 -3.5 -7 -15
2.00524e-05 -3.5 -7 -15.5
4.02195e-05 -4 -6.5 -14.5
0.000102076 -3.5 -7 -14.5
5.68538e-05 -4 -6.5 -14
6.6212e-05 -4 -6.5 -13.5
5.64838e-05 -4 -6.5 -13
4.83635e-05 -3.5 -6.5 -12.5
0.000113871 -3.5 -6.5 -13
3.08961e-05 -3 -7 -14
0.00016701 -3.5 -6.5 -13.5
3.7864e-05 -3 -7 -14.5
0.000181484 -3.5 -6.5 -14
3.75588e-05 -3 -7 -15
2.60793e-05 -3 -7 -15.5
2.53451e-05 -3.5 -6.5 -15.5
8.40458e-05 -3.5 -6.5 -15
0.000149215 -3.5 -6.5 -14.5
2.33711e-05 -4 -6 -13.5
2.32309e-05 -4 -6 -13
3.17928e-05 -3 -6.5 -13
5.31632e-05 -3.5 -6 -12.5
7.20105e-05 -3 -6.5 -13.5
0.000124783 -3.5 -6 -13
0.000116018 -3 -6.5 -14
0.000180839 -3.5 -6 -13.5
0.000138148 -3 -6.5 -14.5
0.000112698 -3 -6.5 -15
3.13935e-05 -3 -6.5 -16
2.52483e-05 -3.5 -6 -15.5
6.09084e-05 -3 -6.5 -15.5
9.30529e-05 -3.5 -6 -15
0.000167908 -3.5 -6 -14.5
0.000200597 -3.5 -6 -14
2.93419e-05 -3 -6 -12.5
9.22496e-05 -3 -6 -13
3.15853e-05 -3.5 -5.5 -12.5
0.000209923 -3 -6 -13.5
9.4268e-05 -3.5 -5.5 -13
0.00029065 -3 -6 -14
0.000294494 -3 -6 -14.5
2.34464e-05 -2.5 -6.5 -15.5
0.000217976 -3 -6 -15
2.32582e-05 -2.5 -6.5 -16
2.65828e-05 -3 -6 -16
0.000103975 -3 -6 -15.5
6.40044e-05 -3.5 -5.5 -15
0.00011707 -3.5 -5.5 -14.5
0.000142794 -3.5 -5.5 -14
0.000142361 -3.5 -5.5 -13.5
5.10314e-05 -3 -5.5 -12.5
0.000173998 -3 -5.5 -13
0.000339868 -3 -5.5 -13.5
3.07031e-05 -3.5 -5 -13
5.68328e-05 -2.5 -6 -14.5
0.000431229 -3 -5.5 -14
8.65691e-05 -2.5 -6 -15
2.8909e-05 -3.5 -5 -14.5
8.26629e-05 -2.5 -6 -15.5
4.61121e-05 -2.5 -6 -16
3.10745e-05 -3 -5.5 -16
0.000136019 -3 -5.5 -15.5
0.000300846 -3 -5.5 -15
0.000428767 -3 -5.5 -14.5
3.92593e-05 -3.5 -5 -14
4.62128e-05 -3.5 -5 -13.5
5.18052e-05 -3 -5 -12.5
8.19833e-05 -2.5 -5.5 -13.5
0.000195536 -3 -5 -13
0.000197703 -2.5 -5.5 -14
0.000380236 -3 -5 -13.5
0.000283904 -2.5 -5.5 -14.5
0.000460324 -3 -5 -14
0.000297024 -2.5 -5.5 -15
0.000213192 -2.5 -5.5 -15.5
2.20217e-05 -2.5 -5.5 -16.5
2.03925e-05 -3 -5 -16
8.69736e-05 -2.5 -5.5 -16
0.000135534 -3 -5 -15.5
0.000322482 -3 -5 -15
0.00045172 -3 -5 -14.5
2.74706e-05 -2.5 -5 -12.5
0.00012459 -2.5 -5 -13
2.18139e-05 -3 -4.5 -12.5
0.000336023 -2.5 -5 -13.5
0.000129286 -3 -4.5 -13
0.000599129 -2.5 -5 -14
0.000678145 -2.5 -5 -14.5
0.000615879 -2.5 -5 -15
2.87476e-05 -2 -5.5 -16
2.83769e-05 -2 -5.5 -16.5
2.12864e-05 -2.5 -5 -16.5
0.000127103 -2.5 -5 -16
7.60283e-05 -3 -4.5 -15.5
0.000372379 -2.5 -5 -15.5
0.000198668 -3 -4.5 -15
0.00029989 -3 -4.5 -14.5
0.000314135 -3 -4.5 -14
0.000263305 -3 -4.5 -13.5
4.46906e-05 -2.5 -4.5 -12.5
0.000248208 -2.5 -4.5 -13
0.000619298 -2.5 -4.5 -13.5
0.000924846 -2.5 -4.5 -14
5.46347e-05 -2 -5 -15
0.000987421 -2.5 -4.5 -14.5
0.000143034 -2 -5 -15.5
4.55903e-05 -3 -4 -15
0.000127483 -2 -5 -16
2.26604e-05 -2.5 -4.5 -16.5
5.39056e-05 -2 -5 -16.5
0.000146689 -2.5 -4.5 -16
0.000465177 -2.5 -4.5 -15.5
0.000860884 -2.5 -4.5 -15
7.58877e-05 -3 -4 -14.5
9.03613e-05 -3 -4 -14
7.9435e-05 -3 -4 -13.5
3.18029e-05 -3 -4 -13
4.38891e-05 -2.5 -4 -12.5
0.000274549 -2.5 -4 -13
0.000118211 -2 -4.5 -14
0.000690337 -2.5 -4 -13.5
0.000355195 -2 -4.5 -14.5
0.000995823 -2.5 -4 -14
0.000541963 -2 -4.5 -15
0.000508841 -2 -4.5 -15.5
0.000306056 -2 -4.5 -16
6.97777e-05 -2 -4.5 -16.5
0.000120511 -2.5 -4 -16
0.000457356 -2.5 -4 -15.5
0.000873943 -2.5 -4 -15
0.00102176 -2.5 -4 -14.5
2.7397e-05 -2 -4 -12.5
0.000118762 -2 -4 -13
0.000425635 -2 -4 -13.5
0.000956065 -2 -4 -14
0.00142479 -2 -4 -14.5
0.00140354 -2 -4 -15
6.06137e-05 -2.5 -3.5 -16
2.21443e-05 -1.5 -4.5 -17
2.10388e-05 -2 -4 -17
7.17979e-05 -2 -4 -16.5
0.000433558 -2 -4 -16
0.00025634 -2.5 -3.5 -15.5
0.00106106 -2 -4 -15.5
0.000518645 -2.5 -3.5 -15
0.000603892 -2.5 -3.5 -14.5
0.000591564 -2.5 -3.5 -14
0.000415827 -2.5 -3.5 -13.5
0.000145647 -2.5 -3.5 -13
5.51502e-05 -2 -3.5 -12.5
0.000344674 -2 -3.5 -13
0.00110998 -2 -3.5 -13.5
0.00195363 -2 -3.5 -14
0.00222619 -2 -3.5 -14.5
0.000110825 -1.5 -4 -16
6.39422e-05 -2.5 -3 -15.5
0.000111967 -1.5 -4 -16.5
4.17557e-05 -1.5 -4 -17
7.58631e-05 -2 -3.5 -16.5
0.000484051 -2 -3.5 -16
0.00137215 -2 -3.5 -15.5
0.000138989 -2.5 -3 -15
0.0021011 -2 -3.5 -15
0.000147771 -2.5 -3 -14.5
0.000145168 -2.5 -3 -14
9.16124e-05 -2.5 -3 -13.5
2.13778e-05 -2.5 -3 -13
5.10313e-05 -2 -3 -12.5
0.000394511 -2 -3 -13
0.0012644 -2 -3 -13.5
0.000101952 -1.5 -3.5 -14.5
0.00216966 -2 -3 -14
0.00036605 -1.5 -3.5 -15
0.000606882 -1.5 -3.5 -15.5
0.000547837 -1.5 -3.5 -16
3.25606e-05 -1.5 -3.5 -17
4.70906e-05 -2 -3 -16.5
0.000263211 -1.5 -3.5 -16.5
0.000370585 -2 -3 -16
0.00127919 -2 -3 -15.5
0.0021567 -2 -3 -15
0.00234606 -2 -3 -14.5
4.89876e-05 -1.5 -3 -13
0.000262205 -1.5 -3 -13.5
0.000971926 -1.5 -3 -14
0.00181507 -1.5 -3 -14.5
0.00219579 -1.5 -3 -15
0.000172392 -2 -2.5 -16
2.00053e-05 -2 -2.5 -16.5
2.19215e-05 -1.5 -3 -17
0.000319127 -1.5 -3 -16.5
0.00118974 -1.5 -3 -16
0.000612464 -2 -2.5 -15.5
0.00204257 -1.5 -3 -15.5
0.0010609 -2 -2.5 -15
0.0011663 -2 -2.5 -14.5
0.00114594 -2 -2.5 -14
0.000740468 -2 -2.5 -13.5
0.000159937 -2 -2.5 -13
7.61504e-05 -1.5 -2.5 -12.5
0.000468715 -1.5 -2.5 -13
0.00160216 -1.5 -2.5 -13.5
0.00335096 -1.5 -2.5 -14
0.00434616 -1.5 -2.5 -14.5
4.51417e-05 -1 -3 -16.5
4.08187e-05 -1 -3 -17
2.3785e-05 -1.5 -2.5 -17
0.000254676 -1.5 -2.5 -16.5
3.742e-05 -2 -2 -16
0.0015255 -1.5 -2.5 -16
0.000118404 -2 -2 -15.5
0.00326533 -1.5 -2.5 -15.5
0.000159259 -2 -2 -15
0.0042774 -1.5 -2.5 -15
0.000163316 -2 -2 -14.5
0.000149986 -2 -2 -14
6.13032e-05 -2 -2 -13.5
7.84613e-05 -1.5 -2 -12.5
0.000628716 -1.5 -2 -13
0.0022113 -1.5 -2 -13.5
0.000202653 -1 -2.5 -15.5
0.000377617 -1 -2.5 -16
0.000310615 -1 -2.5 -16.5
0.000104882 -1 -2.5 -17
0.000118555 -1.5 -2 -16.5
0.0012452 -1.5 -2 -16
0.0034535 -1.5 -2 -15.5
0.004774 -1.5 -2 -15
0.00494347 -1.5 -2 -14.5
0.00422187 -1.5 -2 -14
5.39839e-05 -1 -2 -13.5
0.000283551 -1.5 -1.5 -13
0.000524797 -1 -2 -14
0.00137518 -1 -2 -14.5
0.00208525 -1 -2 -15
9.29767e-05 -1 -2 -17
5.06082e-05 -1.5 -1.5 -16.5
0.000686523 -1 -2 -16.5
0.000464154 -1.5 -1.5 -16
0.00167407 -1 -2 -16
0.00168247 -1.5 -1.5 -15.5
0.00209839 -1 -2 -15.5
0.00263732 -1.5 -1.5 -15
0.00282869 -1.5 -1.5 -14.5
0.00272599 -1.5 -1.5 -14
0.00159819 -1.5 -1.5 -13.5
9.31303e-05 -1 -1.5 -12.5
0.000564425 -1 -1.5 -13
0.00200169 -1 -1.5 -13.5
0.00429954 -1 -1.5 -14
0.000105836 -1.5 -1 -16
6.76433e-05 -1 -1.5 -17
0.000771124 -1 -1.5 -16.5
0.00283584 -1 -1.5 -16
0.000270277 -1.5 -1 -15.5
0.00521848 -1 -1.5 -15.5
0.000343249 -1.5 -1 -15
0.00618001 -1 -1.5 -15
0.000353112 -1.5 -1 -14.5
0.00604176 -1 -1.5 -14.5
0.000330577 -1.5 -1 -14
9.15662e-05 -1.5 -1 -13.5
0.000131865 -1 -1 -12.5
0.000989229 -1 -1 -13
0.00346582 -1 -1 -13.5
7.42295e-05 -0.5 -1.5 -16
0.000102497 -0.5 -1.5 -16.5
6.4364e-05 -0.5 -1.5 -17
3.10384e-05 -1 -1 -17
0.000481169 -1 -1 -16.5
0.00295286 -1 -1 -16
0.0062751 -1 -1 -15.5
0.00786955 -1 -1 -15
0.00797233 -1 -1 -14.5
0.00658635 -1 -1 -14
0.000636281 -1 -0.5 -13
0.000277073 -0.5 -1 -14
0.000765739 -0.5 -1 -14.5
0.00120851 -0.5 -1 -15
0.00132874 -0.5 -1 -15.5
0.000139634 -0.5 -1 -17
0.000113431 -1 -0.5 -16.5
0.000598481 -0.5 -1 -16.5
0.0014394 -1 -0.5 -16
0.00114148 -0.5 -1 -16
0.0038307 -1 -0.5 -15.5
0.00539725 -1 -0.5 -15
0.00561618 -1 -0.5 -14.5
0.00520709 -1 -0.5 -14
0.00291719 -1 -0.5 -13.5
3.93471e-05 -1 -0.5 -12.5
0.000120085 -0.5 -0.5 -12.5
0.000696251 -0.5 -0.5 -13
0.00235529 -0.5 -0.5 -13.5
0.00468801 -0.5 -0.5 -14
0.000376692 -1 0 -16
3.70072e-05 -1 0 -16.5
0.000115468 -0.5 -0.5 -17
0.00105996 -0.5 -0.5 -16.5
0.00327723 -0.5 -0.5 -16
0.000885518 -1 0 -15.5
0.0056221 -0.5 -0.5 -15.5
0.00104445 -1 0 -15
0.00648237 -0.5 -0.5 -15
0.00105745 -1 0 -14.5
0.00634694 -0.5 -0.5 -14.5
0.000967294 -1 0 -14
0.000332806 -1 0 -13.5
2.29546e-05 -0.5 0 -12
0.000213912 -0.5 0 -12.5
0.00147358 -0.5 0 -13
0.00472046 -0.5 0 -13.5
5.90745e-05 -1 0.5 -15
5.93856e-05 -1 0.5 -16
2.41303e-05 -1 0.5 -16.5
6.15169e-05 -0.5 0 -17
0.000861003 -0.5 0 -16.5
0.00395591 -0.5 0 -16
5.90188e-05 -1 0.5 -15.5
0.00784219 -0.5 0 -15.5
0.00971729 -0.5 0 -15
5.34916e-05 -1 0.5 -14.5
0.00982408 -0.5 0 -14.5
0.00840997 -0.5 0 -14
2.3891e-05 0 0 -12.5
0.000133335 0 0 -13
0.000406789 0 0 -13.5
0.00122947 -0.5 0.5 -13
0.000775018 0 0 -14
0.00106047 0 0 -14.5
5.20763e-05 0 0 -17
0.000302517 -0.5 0.5 -16.5
0.000254722 0 0 -16.5
0.00236716 -0.5 0.5 -16
0.000630248 0 0 -16
0.00570062 -0.5 0.5 -15.5
0.000981497 0 0 -15.5
0.00763735 -0.5 0.5 -15
0.00109817 0 0 -15
0.00787925 -0.5 0.5 -14.5
0.00722734 -0.5 0.5 -14
0.00427697 -0.5 0.5 -13.5
0.000122684 -0.5 0.5 -12.5
2.11038e-05 0 0.5 -12
0.000173886 0 0.5 -12.5
0.00103182 0 0.5 -13
0.00293668 0 0.5 -13.5
0.00508797 0 0.5 -14
0.000710968 -0.5 1 -16
9.93759e-05 0 0.5 -17
6.72352e-05 -0.5 1 -16.5
0.000844468 0 0.5 -16.5
0.00273412 0 0.5 -16
0.00178669 -0.5 1 -15.5
0.00492372 0 0.5 -15.5
0.00224158 -0.5 1 -15
0.00601226 0 0.5 -15
0.00226562 -0.5 1 -14.5
0.00606646 0 0.5 -14.5
0.00211764 -0.5 1 -14
0.00103227 -0.5 1 -13.5
6.72612e-05 -0.5 1 -13
3.56632e-05 0 1 -12
0.000329179 0 1 -12.5
6.16213e-05 0.5 0.5 -14
0.000107154 0.5 0.5 -14.5
0.000131907 0.5 0.5 -15
0.000165704 -0.5 1.5 -15.5
3.49607e-05 -0.5 1.5 -16.5
6.37519e-05 0 1 -17
0.000771681 0 1 -16.5
0.000138694 -0.5 1.5 -16
5.45248e-05 0.5 0.5 -16.5
0.00364804 0 1 -16
0.000117004 0.5 0.5 -16
0.00756516 0 1 -15.5
0.000168163 -0.5 1.5 -15
0.000134487 0.5 0.5 -15.5
0.00987472 0 1 -15
0.000162046 -0.5 1.5 -14.5
0.0101413 0 1 -14.5
6.39127e-05 -0.5 1.5 -14
0.00924173 0 1 -14
0.00576892 0 1 -13.5
0.00209538 0 1 -13
7.69601e-05 0.5 1 -12.5
0.000408214 0.5 1 -13
0.00102706 0.5 1 -13.5
0.00171292 0.5 1 -14
0.00199708 0.5 1 -14.5
2.2315e-05 0 1.5 -17
3.41513e-05 0.5 1 -17
0.000333972 0 1.5 -16.5
0.000322744 0.5 1 -16.5
0.0024489 0 1.5 -16
0.000947728 0.5 1 -16
0.0059078 0 1.5 -15.5
0.001635 0.5 1 -15.5
0.00818203 0 1.5 -15
0.00197154 0.5 1 -15
0.00848573 0 1.5 -14.5
0.00802574 0 1.5 -14
0.00529268 0 1.5 -13.5
0.00195439 0 1.5 -13
0.00029426 0 1.5 -12.5
2.59167e-05 0 1.5 -12
3.79529e-05 0.5 1.5 -12
0.000321589 0.5 1.5 -12.5
0.00168058 0.5 1.5 -13
4.36903e-05 0.5 1.5 -17
6.84177e-05 0 2 -16.5
0.000463585 0.5 1.5 -16.5
0.000757201 0 2 -16
0.00211273 0.5 1.5 -16
0.00223229 0 2 -15.5
0.0044008 0.5 1.5 -15.5
0.00315113 0 2 -15
0.00598431 0.5 1.5 -15
0.00323334 0 2 -14.5
0.00622707 0.5 1.5 -14.5
0.00308511 0 2 -14
0.00586468 0.5 1.5 -14
0.0019496 0 2 -13.5
0.00395089 0.5 1.5 -13.5
0.000467653 0 2 -13
2.42092e-05 0 2 -12.5
4.53663e-05 1 1.5 -13
0.000666965 0.5 2 -12.5
0.000130949 1 1.5 -13.5
0.00025119 1 1.5 -14
0.000328504 1 1.5 -14.5
0.00032222 0 2.5 -14.5
0.000328442 1 1.5 -15
0.000327745 0 2.5 -15
0.000315412 0 2.5 -15.5
0.000219949 1 1.5 -16
0.00017307 0 2.5 -16
2.22722e-05 0 2.5 -16.5
3.6032e-05 0.5 2 -17
0.00031756 0.5 2 -16.5
9.33129e-05 1 1.5 -16.5
0.00219037 0.5 2 -16
0.00559886 0.5 2 -15.5
0.000294857 1 1.5 -15.5
0.0084663 0.5 2 -15
0.00910782 0.5 2 -14.5
0.00022523 0 2.5 -14
0.00889849 0.5 2 -14
4.56616e-05 0 2.5 -13.5
0.00661406 0.5 2 -13.5
0.00311322 0.5 2 -13
7.22595e-05 0.5 2 -12
2.25313e-05 1 2 -12
0.000181951 1 2 -12.5
0.000746609 1 2 -13
0.00231657 1 2 -14
2.0076e-05 0 3 -16
2.37954e-05 1 2 -17
0.000172808 0.5 2.5 -16.5
0.000177917 1 2 -16.5
0.0013762 0.5 2.5 -16
0.00082529 1 2 -16
0.00412757 0.5 2.5 -15.5
0.0016868 1 2 -15.5
0.00655557 0.5 2.5 -15
0.00229902 1 2 -15
0.00715851 0.5 2.5 -14.5
0.00241524 1 2 -14.5
0.0070555 0.5 2.5 -14
0.0055376 0.5 2.5 -13.5
0.00162715 1 2 -13.5
0.00272396 0.5 2.5 -13
0.0006442 0.5 2.5 -12.5
7.404e-05 0.5 2.5 -12
8.28981e-05 1 2.5 -12
0.005041 1 2.5 -15
3.03699e-05 1.5 2 -16
5.52825e-05 0.5 3 -16.5
0.000167218 1 2.5 -16.5
0.000490232 0.5 3 -16
0.00112196 1 2.5 -16
0.00175166 0.5 3 -15.5
0.00317642 1 2.5 -15.5
0.00300635 0.5 3 -15
0.00326196 0.5 3 -14.5
0.00552301 1 2.5 -14.5
0.0031985 0.5 3 -14
0.00548921 1 2.5 -14
0.00251958 0.5 3 -13.5
0.00456769 1 2.5 -13.5
0.00112692 0.5 3 -13
0.0024646 1 2.5 -13
0.000163315 0.5 3 -12.5
0.000689797 1 2.5 -12.5
5.84868e-05 1.5 2.5 -12.5
0.000142846 1.5 2.5 -13
0.00027194 1.5 2.5 -13.5
0.000395428 1.5 2.5 -14
0.00670513 1 3 -13.5
0.000408487 1.5 2.5 -14.5
0.000393546 1.5 2.5 -15
0.00721358 1 3 -14.5
0.00034484 1.5 2.5 -15.5
0.000217359 1.5 2.5 -16
5.67615e-05 1.5 2.5 -16.5
0.000121838 1 3 -16.5
2.2468e-05 0.5 3.5 -16.5
0.000164019 0.5 3.5 -16
0.000921551 1 3 -16
0.000445272 0.5 3.5 -15.5
0.00304979 1 3 -15.5
0.000561744 0.5 3.5 -15
0.00564731 1 3 -15
0.000562124 0.5 3.5 -14.5
0.000486704 0.5 3.5 -14
0.00734783 1 3 -14
0.000259144 0.5 3.5 -13.5
4.44326e-05 0.5 3.5 -13
0.00426353 1 3 -13
0.00157136 1 3 -12.5
0.000233477 1 3 -12
2.14645e-05 1 3 -11.5
8.96726e-05 1.5 3 -12
0.000540778 1.5 3 -12.5
0.00139852 1.5 3 -13
0.00220447 1.5 3 -13.5
0.00235223 1.5 3 -14.5
2.30344e-05 0.5 4 -15
0.00115218 1.5 3 -15.5
5.53041e-05 1.5 3 -16.5
6.67683e-05 1 3.5 -16.5
3.19064e-05 0.5 4 -16
0.00050538 1 3.5 -16
3.74408e-05 0.5 4 -15.5
0.000404818 1.5 3 -16
0.00214234 1 3.5 -15.5
0.00439358 1 3.5 -15
0.00193686 1.5 3 -15
0.00562317 1 3.5 -14.5
0.00572806 1 3.5 -14
0.00240347 1.5 3 -14
0.00523006 1 3.5 -13.5
0.00340057 1 3.5 -13
0.00135298 1 3.5 -12.5
0.000212299 1 3.5 -12
2.02771e-05 1 3.5 -11.5
2.44904e-05 1.5 3.5 -11.5
0.0030982 1.5 3.5 -13
0.00484891 1.5 3.5 -14
2.5708e-05 2 3 -15
4.43805e-05 2 3 -15.5
0.0032796 1.5 3.5 -15
3.81983e-05 2 3 -16
0.000373286 1.5 3.5 -16
3.05415e-05 1 4 -16.5
5.17304e-05 1.5 3.5 -16.5
0.000220804 1 4 -16
0.000927977 1 4 -15.5
0.0015269 1.5 3.5 -15.5
0.00196814 1 4 -15
0.00251115 1 4 -14.5
0.0046327 1.5 3.5 -14.5
0.0025215 1 4 -14
0.00220499 1 4 -13.5
0.00458327 1.5 3.5 -13.5
0.0013818 1 4 -13
0.00050714 1 4 -12.5
0.00137368 1.5 3.5 -12.5
8.10714e-05 1 4 -12
0.000273906 1.5 3.5 -12
4.08858e-05 2 3.5 -12
0.000113418 1.5 4 -11.5
0.000147718 2 3.5 -12.5
0.000812852 1.5 4 -12
0.000280429 2 3.5 -13
5.4911e-05 1 4.5 -12.5
0.000459545 2 3.5 -14
0.000432937 2 3.5 -14.5
0.00041571 2 3.5 -15
0.000290413 2 3.5 -15.5
9.99219e-05 2 3.5 -16
0.00131529 1.5 4 -15.5
3.71321e-05 1.5 4 -16.5
6.70524e-05 1 4.5 -16
0.000265656 1.5 4 -16
0.000274688 1 4.5 -15.5
0.000505462 1 4.5 -15
0.00306387 1.5 4 -15
0.000557579 1 4.5 -14.5
0.00452652 1.5 4 -14.5
0.000543909 1 4.5 -14
0.00487749 1.5 4 -14
0.000419297 1 4.5 -13.5
0.00478256 1.5 4 -13.5
0.000224607 1 4.5 -13
0.000414559 2 3.5 -13.5
0.0040433 1.5 4 -13
0.00237858 1.5 4 -12.5
5.04593e-05 2 4 -11.5
0.000377133 2 4 -12
0.000988084 2 4 -12.5
0.00161069 2 4 -13
0.00171006 2 4 -14.5
0.00383652 1.5 4.5 -14
0.000532932 2 4 -15.5
0.00200554 1.5 4.5 -15
4.40208e-05 1 5 -15.5
2.13901e-05 2 4 -16.5
2.36872e-05 1.5 4.5 -16.5
3.10399e-05 1 5 -16
0.000142509 1.5 4.5 -16
0.000112853 2 4 -16
0.000781818 1.5 4.5 -15.5
3.49427e-05 1 5 -15
0.00120037 2 4 -15
0.00329093 1.5 4.5 -14.5
0.00187977 2 4 -14
0.00380834 1.5 4.5 -13.5
0.00187019 2 4 -13.5
0.00328014 1.5 4.5 -13
0.00202416 1.5 4.5 -12.5
0.00070312 1.5 4.5 -12
9.5391e-05 1.5 4.5 -11.5
3.35141e-05 1.5 5 -11.5
0.00308017 2 4.5 -13
0.00327964 2 4.5 -13.5
2.35962e-05 2.5 4 -14.5
0.00319794 2 4.5 -14
3.8612e-05 2.5 4 -15
4.09826e-05 2.5 4 -15.5
0.0013762 2 4.5 -15
2.17334e-05 2.5 4 -16
9.54017e-05 2 4.5 -16
7.18843e-05 1.5 5 -16
0.000339908 1.5 5 -15.5
0.000514507 2 4.5 -15.5
0.000866096 1.5 5 -15
0.00141702 1.5 5 -14.5
0.00247209 2 4.5 -14.5
0.00165405 1.5 5 -14
0.00163571 1.5 5 -13.5
0.00134089 1.5 5 -13
0.000785778 1.5 5 -12.5
0.00215063 2 4.5 -12.5
0.000268421 1.5 5 -12
0.00102622 2 4.5 -12
0.000244237 2 4.5 -11.5
5.51611e-05 2.5 4.5 -11.5
0.000212236 2.5 4.5 -12
0.000442859 2 5 -11.5
0.000387492 2.5 4.5 -12.5
5.95516e-05 1.5 5.5 -12.5
0.000452945 2.5 4.5 -13
0.00227785 2 5 -12.5
0.000454939 2.5 4.5 -13.5
0.000412983 2.5 4.5 -14
0.000361332 2.5 4.5 -14.5
0.000256229 2.5 4.5 -15
0.00220827 2 5 -14.5
0.000115642 2.5 4.5 -15.5
2.15311e-05 2.5 4.5 -16
0.000341741 2 5 -15.5
2.24751e-05 1.5 5.5 -16
6.40762e-05 2 5 -16
0.000109793 1.5 5.5 -15.5
0.000255451 1.5 5.5 -15
0.00112369 2 5 -15
0.00036259 1.5 5.5 -14.5
0.000364897 1.5 5.5 -14
0.00304564 2 5 -14
0.000307967 1.5 5.5 -13.5
0.00318864 2 5 -13.5
0.000191473 1.5 5.5 -13
0.00304625 2 5 -13
0.00126007 2 5 -12
6.97424e-05 2 5 -11
0.000317235 2.5 5 -11.5
5.21441e-05 2 5.5 -11
0.00120971 2.5 5 -12.5
0.000955627 2 5.5 -12
0.00141318 2.5 5 -13
0.00132899 2.5 5 -14
0.000920331 2.5 5 -14.5
0.000137525 2.5 5 -15.5
0.000658688 2 5.5 -15
2.83745e-05 2 5.5 -16
2.41368e-05 1.5 6 -15.5
0.000184266 2 5.5 -15.5
3.22542e-05 1.5 6 -15
0.000453153 2.5 5 -15
0.0014015 2 5.5 -14.5
0.00208583 2 5.5 -14
0.00225967 2 5.5 -13.5
0.0014219 2.5 5 -13.5
0.00215631 2 5.5 -13
0.00167912 2 5.5 -12.5
0.000767541 2.5 5 -12
0.000338872 2 5.5 -11.5
4.31563e-05 2.5 5 -11
0.000228685 2.5 5.5 -11
0.000653955 2.5 5.5 -11.5
0.00118063 2.5 5.5 -12
3.0674e-05 3 5 -13
2.22449e-05 3 5 -13.5
2.91785e-05 3 5 -14
0.0019395 2.5 5.5 -13.5
0.000808765 2 6 -13
3.11374e-05 3 5 -14.5
0.00158506 2.5 5.5 -14
2.70626e-05 3 5 -15
0.000433664 2.5 5.5 -15
7.68486e-05 2 6 -15.5
0.00011318 2.5 5.5 -15.5
0.000286162 2 6 -15
0.000577244 2 6 -14.5
0.000967965 2.5 5.5 -14.5
0.000816949 2 6 -14
0.000877834 2 6 -13.5
0.00194223 2.5 5.5 -13
0.00060266 2 6 -12.5
0.00169247 2.5 5.5 -12.5
0.00035259 2 6 -12
0.000134003 2 6 -11.5
2.12527e-05 2 6 -11
2.40788e-05 2.5 5.5 -10.5
7.18451e-05 3 5.5 -11
0.000192846 3 5.5 -11.5
0.000260032 2.5 6 -11
0.000334794 3 5.5 -12
0.00157338 2.5 6 -12.5
0.000336454 3 5.5 -13.5
9.02185e-05 2 6.5 -13
0.00173239 2.5 6 -13
0.00012387 2 6.5 -13.5
0.000269122 3 5.5 -14
0.000179604 3 5.5 -14.5
8.44702e-05 3 5.5 -15
0.000742268 2.5 6 -14.5
2.33622e-05 3 5.5 -15.5
3.19706e-05 2 6.5 -15.5
6.39575e-05 2.5 6 -15.5
8.7557e-05 2 6.5 -15
0.000289069 2.5 6 -15
0.000135477 2 6.5 -14.5
0.000139143 2 6.5 -14
0.00130661 2.5 6 -14
0.0016917 2.5 6 -13.5
4.19216e-05 2 6.5 -12.5
0.000388372 3 5.5 -13
0.000397311 3 5.5 -12.5
0.00113883 2.5 6 -12
0.000652915 2.5 6 -11.5
5.11748e-05 2.5 6 -10.5
0.000539514 3 6 -11.5
0.000180407 2.5 6.5 -11
0.000799707 3 6 -12
0.000917623 3 6 -12.5
0.000716813 2.5 6.5 -12
0.000914551 3 6 -13
0.000969323 2.5 6.5 -13.5
0.000796734 3 6 -13.5
0.00029996 3 6 -14.5
0.000101165 3 6 -15
2.50671e-05 3 6 -15.5
0.000144845 2.5 6.5 -15
3.58239e-05 2.5 6.5 -15.5
0.000396463 2.5 6.5 -14.5
0.000729058 2.5 6.5 -14
0.000557258 3 6 -14
0.00101008 2.5 6.5 -13
0.000931657 2.5 6.5 -12.5
3.35181e-05 3.5 6 -11
0.000157686 3 6.5 -10.5
3.17822e-05 3 6.5 -10
3.84238e-05 3.5 6 -11.5
5.11457e-05 2.5 7 -11
0.000378909 3 6.5 -11
0.000114079 2.5 7 -11.5
3.94327e-05 3.5 6 -12
3.53301e-05 3.5 6 -12.5
0.000227013 2.5 7 -12
0.000813174 3 6.5 -12
2.34073e-05 3.5 6 -13
0.000302859 2.5 7 -12.5
0.000330134 2.5 7 -13.5
0.000800464 3 6.5 -13.5
0.000252152 2.5 7 -14
7.80497e-05 3 6.5 -15
5.83243e-05 2.5 7 -15
0.000147726 2.5 7 -14.5
0.000268424 3 6.5 -14.5
0.000539699 3 6.5 -14
0.00033876 2.5 7 -13
0.000916329 3 6.5 -13
0.000913047 3 6.5 -12.5
8.42776e-05 3.5 6.5 -10.5
0.000164108 3.5 6.5 -11
0.000148697 3 7 -10.5
0.00052212 3 7 -11.5
0.000235533 3.5 6.5 -11.5
0.000267269 3.5 6.5 -12.5
0.000227141 3.5 6.5 -13
0.000736252 3 7 -12.5
2.51617e-05 2.5 7.5 -13
3.62123e-05 2.5 7.5 -13.5
0.000100626 3.5 6.5 -14
3.48276e-05 2.5 7.5 -14
4.83824e-05 3.5 6.5 -14.5
0.000366486 3 7 -14
2.42596e-05 2.5 7.5 -14.5
4.62785e-05 3 7 -15
0.000160982 3 7 -14.5
0.00059627 3 7 -13.5
0.000161118 3.5 6.5 -13.5
0.000729518 3 7 -13
6.38572e-05 3.5 7 -10
0.000158686 3.5 7 -10.5
0.000288091 3.5 7 -11
6.55897e-05 3 7.5 -10.5
0.000149589 3 7.5 -11
0.000237953 3 7.5 -11.5
0.000397259 3.5 7 -11.5
0.000319763 3 7.5 -12
0.000372226 3 7.5 -12.5
0.000441117 3.5 7 -12.5
0.000272176 3.5 7 -13.5
0.000149882 3.5 7 -14
5.6666e-05 3.5 7 -14.5
6.36574e-05 3 7.5 -14.5
2.10122e-05 3 7.5 -15
0.000161466 3 7.5 -14
0.000276935 3 7.5 -13.5
0.000361292 3 7.5 -13
0.00038221 3.5 7 -13
4.25585e-05 4 7 -10.5
6.23848e-05 3.5 7.5 -10
4.58851e-05 4 7 -11
0.000163068 3.5 7.5 -10.5
3.91015e-05 3 8 -11.5
3.70716e-05 4 7 -12
0.000371892 3.5 7.5 -11.5
6.42645e-05 3 8 -12
2.10112e-05 4 7 -12.5
8.34924e-05 3 8 -12.5
7.88694e-05 3 8 -13
0.000333516 3.5 7.5 -13
6.53557e-05 3 8 -13.5
3.10892e-05 3 8 -14
3.51231e-05 3.5 7.5 -14.5
0.000116958 3.5 7.5 -14
0.000230069 3.5 7.5 -13.5
2.47564e-05 3.5 8 -10
0.00010075 4 7.5 -10.5
0.000140102 4 7.5 -11
0.000102668 3.5 8 -10.5
0.000155881 4 7.5 -11.5
0.00025723 3.5 8 -12
0.000150701 4 7.5 -12
8.95953e-05 4 7.5 -13
4.82184e-05 4 7.5 -13.5
5.44453e-05 3.5 8 -14
0.000125662 3.5 8 -13.5
0.000197258 3.5 8 -13
0.000246748 3.5 8 -12.5
4.48361e-05 4 8 -10
0.000129188 4 7.5 -12.5
0.00022971 3.5 8 -11.5
9.98293e-05 4 8 -10.5
3.96937e-05 3.5 8.5 -11
7.10941e-05 3.5 8.5 -11.5
8.70069e-05 3.5 8.5 -12
0.000169542 4 8 -12
9.80245e-05 4 8 -13
8.57194e-05 3.5 8.5 -12.5
5.24911e-05 4 8 -13.5
3.20565e-05 3.5 8.5 -13.5
6.27733e-05 3.5 8.5 -13
6.76631e-05 4 8.5 -10.5
3.13427e-05 4.5 8 -10.5
0.000106812 4 8.5 -11
0.000127334 4 8.5 -11.5
0.000101707 4 8.5 -12.5
3.02459e-05 4 8.5 -13.5
3.62082e-05 4.5 8.5 -10.5
4.90567e-05 4.5 8.5 -11.5
2.89185e-05 4 9 -11
4.36417e-05 4.5 8.5 -12
4.75055e-05 4 9 -12
4.63687e-05 4 9 -11.5
3.09964e-05 4 9 -12.5
2.63295e-05 4.5 8.5 -12.5
2.00621e-05 4.5 9 -10.5
3.15815e-05 4.5 9 -11
2.08504e-05 4.5 9 -12.5
2.92875e-05 4.5 9 -12
3.20238e-05 4.5 9 -11.5
4.89069e-05 4.5 8.5 -11
6.29081e-05 4 8.5 -13
0.000126739 4 8.5 -12
2.39084e-05 4.5 8 -11.5
3.07464e-05 4.5 8 -11
0.000143803 4 8 -12.5
0.000170128 4 8 -11.5
0.000145471 4 8 -11
0.000174052 3.5 8 -11
4.6934e-05 4 7.5 -10
0.000391453 3.5 7.5 -12.5
0.00040589 3.5 7.5 -12
4.37486e-05 4 7 -11.5
0.000280018 3.5 7.5 -11
0.000444601 3.5 7 -12
0.000667757 3 7 -12
0.000273383 3.5 6.5 -12
0.000327708 3 7 -11
3.25086e-05 3 7 -10
2.09098e-05 3.5 6.5 -10
0.000622588 3 6.5 -11.5
0.00042151 2.5 6.5 -11.5
0.000247087 3 6 -11
3.9299e-05 2.5 6.5 -10.5
6.68811e-05 3 6 -10.5
