0.634227
2.13097e-05 -5.5 -10.5 -14.5
3.72493e-05 -5.5 -10.5 -14
4.08127e-05 -5.5 -10.5 -13.5
3.75994e-05 -5.5 -10.5 -13
2.43678e-05 -5.5 -10.5 -12.5
2.01576e-05 -5.5 -10 -13.5
2.02756e-05 -5.5 -10 -13
5.31953e-05 -5 -10 -13
8.02401e-05 -5 -10 -13.5
3.58485e-05 -5 -10 -15.5
6.57252e-05 -5 -10 -15
9.16691e-05 -5 -10 -14.5
3.70989e-05 -5.5 -11 -12.5
2.3259e-05 -6 -11.5 -12.5
4.81755e-05 -5.5 -11 -13
2.02534e-05 -6 -11.5 -13
5.21231e-05 -5.5 -11 -13.5
4.454e-05 -5.5 -11 -14
3.01324e-05 -5.5 -11 -14.5
3.12214e-05 -5 -10.5 -15.5
5.75533e-05 -5 -10.5 -15
8.1931e-05 -5 -10.5 -14.5
9.30815e-05 -5 -10.5 -14
8.23049e-05 -5 -10.5 -13.5
6.12802e-05 -5 -10.5 -13
3.15795e-05 -5 -10.5 -12.5
9.67361e-05 -5 -10 -14
4.50479e-05 -4.5 -10 -13
8.59582e-05 -4.5 -10 -13.5
3.13023e-05 -5 -9.5 -13
0.00012526 -4.5 -10 -14
5.65104e-05 -5 -9.5 -13.5
0.000141675 -4.5 -10 -14.5
0.000121548 -4.5 -10 -15
8.38561e-05 -4.5 -10 -15.5
2.05184e-05 -4.5 -10 -16.5
4.41297e-05 -4.5 -10 -16
2.80495e-05 -5 -9.5 -15.5
5.11702e-05 -5 -9.5 -15
2.46543e-05 -5.5 -11.5 -12
3.51315e-05 -5 -11 -12.5
2.33332e-05 -6 -12 -12
3.96074e-05 -5.5 -11.5 -12.5
5.70911e-05 -5 -11 -13
2.70943e-05 -6 -12 -12.5
4.63967e-05 -5.5 -11.5 -13
7.15724e-05 -5 -11 -13.5
2.59386e-05 -6 -12 -13
4.60519e-05 -5.5 -11.5 -13.5
2.18872e-05 -6 -12 -13.5
3.85149e-05 -5.5 -11.5 -14
5.93909e-05 -5 -11 -14.5
2.64264e-05 -5.5 -11.5 -14.5
4.04407e-05 -5 -11 -15
2.40569e-05 -5 -11 -15.5
2.40923e-05 -4.5 -10.5 -16
4.77977e-05 -4.5 -10.5 -15.5
7.2998e-05 -4.5 -10.5 -15
9.20427e-05 -4.5 -10.5 -14.5
7.40525e-05 -5 -11 -14
8.21871e-05 -4.5 -10.5 -14
6.23216e-05 -4.5 -10.5 -13.5
3.22271e-05 -4.5 -10.5 -13
6.93058e-05 -5 -9.5 -14.5
7.01158e-05 -5 -9.5 -14
4.14341e-05 -4.5 -9.5 -13
4.1469e-05 -4 -10 -14
9.27538e-05 -4.5 -9.5 -13.5
5.69285e-05 -4 -10 -14.5
0.000140005 -4.5 -9.5 -14
7.44307e-05 -4 -10 -15
0.000166718 -4.5 -9.5 -14.5
6.3637e-05 -4 -10 -15.5
4.23447e-05 -4 -10 -16
2.13501e-05 -4 -10 -16.5
2.48516e-05 -4.5 -9.5 -16.5
2.59067e-05 -5.5 -12 -12
2.43514e-05 -6 -12.5 -12
3.49627e-05 -5.5 -12 -12.5
2.62954e-05 -6 -12.5 -12.5
3.79599e-05 -5.5 -12 -13
2.95876e-05 -4.5 -11 -13.5
2.64493e-05 -6 -12.5 -13
3.37838e-05 -5.5 -12 -13.5
2.32661e-05 -4 -10.5 -14.5
4.33013e-05 -5 -11.5 -14
2.81614e-05 -5.5 -12 -14
2.12019e-05 -4 -10.5 -15.5
2.76477e-05 -4.5 -11 -15
3.2326e-05 -5 -11.5 -14.5
2.39966e-05 -4 -10.5 -15
3.60799e-05 -4.5 -11 -14.5
3.44335e-05 -4.5 -11 -14
4.54992e-05 -5 -11.5 -13.5
3.98506e-05 -5 -11.5 -13
2.4403e-05 -5 -11.5 -12.5
6.6949e-05 -4.5 -9.5 -16
0.000119091 -4.5 -9.5 -15.5
0.000158765 -4.5 -9.5 -15
2.79088e-05 -5 -9 -14.5
3.37973e-05 -5 -9 -14
2.49177e-05 -5 -9 -13.5
4.03293e-05 -4 -9.5 -13.5
9.57398e-05 -4 -9.5 -14
7.23144e-05 -4.5 -9 -13.5
0.000136125 -4 -9.5 -14.5
0.000127493 -4.5 -9 -14
0.000162585 -4 -9.5 -15
0.000138355 -4 -9.5 -15.5
4.57894e-05 -4 -9.5 -16.5
2.06063e-05 -5.5 -12.5 -12.5
2.53834e-05 -4 -9.5 -17
3.10144e-05 -4.5 -9 -16.5
7.65924e-05 -4.5 -9 -16
9.27502e-05 -4 -9.5 -16
0.000133768 -4.5 -9 -15.5
0.000172061 -4.5 -9 -15
0.000166015 -4.5 -9 -14.5
5.51478e-05 -4 -9 -13.5
0.000134153 -4 -9 -14
3.61379e-05 -4.5 -8.5 -13.5
0.000210206 -4 -9 -14.5
2.05411e-05 -3.5 -9.5 -15.5
0.000254731 -4 -9 -15
2.07405e-05 -3.5 -9.5 -16
2.638e-05 -3.5 -9.5 -16.5
0.000165532 -4 -9 -16
2.47194e-05 -4 -9 -17
2.06137e-05 -4.5 -8.5 -16.5
8.10721e-05 -4 -9 -16.5
5.62984e-05 -4.5 -8.5 -16
9.81797e-05 -4.5 -8.5 -15.5
0.000232826 -4 -9 -15.5
0.000119369 -4.5 -8.5 -15
0.000115322 -4.5 -8.5 -14.5
8.38684e-05 -4.5 -8.5 -14
2.40762e-05 -3.5 -9 -14
5.10427e-05 -4 -8.5 -13.5
5.58815e-05 -3.5 -9 -14.5
0.000141784 -4 -8.5 -14
8.99693e-05 -3.5 -9 -15
0.000232378 -4 -8.5 -14.5
0.000114747 -3.5 -9 -15.5
0.000107796 -3.5 -9 -16
0.000286346 -4 -8.5 -15.5
4.71615e-05 -4.5 -8 -15
7.40353e-05 -3.5 -9 -16.5
0.000225304 -4 -8.5 -16
3.04875e-05 -3.5 -9 -17
4.49017e-05 -4 -8.5 -17
0.000123142 -4 -8.5 -16.5
3.23597e-05 -4.5 -8 -15.5
0.000292025 -4 -8.5 -15
5.30467e-05 -4.5 -8 -14.5
3.46643e-05 -4.5 -8 -14
5.05502e-05 -3.5 -8.5 -14
0.000142602 -3.5 -8.5 -14.5
0.000108332 -4 -8 -14
0.000218652 -3.5 -8.5 -15
0.000208968 -4 -8 -14.5
0.000268475 -3.5 -8.5 -15.5
0.000285903 -4 -8 -15
0.000253212 -3.5 -8.5 -16
0.000164811 -3.5 -8.5 -16.5
7.74947e-05 -3.5 -8.5 -17
3.05113e-05 -3.5 -8.5 -17.5
5.18442e-05 -4 -8 -17
0.000139364 -4 -8 -16.5
0.000242896 -4 -8 -16
0.000294788 -4 -8 -15.5
2.37113e-05 -4 -8 -13.5
7.76357e-05 -3.5 -8 -14
0.00021412 -3.5 -8 -14.5
5.24479e-05 -4 -7.5 -14
3.01003e-05 -3 -8.5 -15.5
0.000345312 -3.5 -8 -15
4.11238e-05 -3 -8.5 -16
0.000422107 -3.5 -8 -15.5
0.000191417 -4 -7.5 -15
3.53184e-05 -3 -8.5 -16.5
0.000405996 -3.5 -8 -16
2.62879e-05 -3 -8.5 -17
0.000104896 -4 -7.5 -16.5
2.03119e-05 -3 -8.5 -17.5
4.48722e-05 -3.5 -8 -17.5
3.583e-05 -4 -7.5 -17
0.000143422 -3.5 -8 -17
0.000284786 -3.5 -8 -16.5
0.000167776 -4 -7.5 -16
0.000196942 -4 -7.5 -15.5
0.000132604 -4 -7.5 -14.5
2.98759e-05 -3 -8 -14.5
7.94071e-05 -3.5 -7.5 -14
6.95316e-05 -3 -8 -15
0.00023063 -3.5 -7.5 -14.5
0.000120567 -3 -8 -15.5
0.000385316 -3.5 -7.5 -15
0.000149963 -3 -8 -16
0.000489207 -3.5 -7.5 -15.5
0.000160629 -3 -8 -16.5
0.000491527 -3.5 -7.5 -16
0.000119833 -3 -8 -17
0.000375582 -3.5 -7.5 -16.5
5.27002e-05 -3 -8 -17.5
6.98992e-05 -3.5 -7.5 -17.5
0.000208088 -3.5 -7.5 -17
3.42877e-05 -4 -7 -16.5
5.5587e-05 -4 -7 -16
7.56063e-05 -4 -7 -15.5
8.16138e-05 -4 -7 -15
4.88965e-05 -4 -7 -14.5
7.09231e-05 -3 -7.5 -14.5
4.13106e-05 -3.5 -7 -14
0.000200716 -3 -7.5 -15
0.000331175 -3 -7.5 -15.5
0.000352508 -3.5 -7 -15
0.000391029 -3 -7.5 -16
0.000387784 -3 -7.5 -16.5
0.000265655 -3 -7.5 -17
0.000118181 -3 -7.5 -17.5
3.61809e-05 -3 -7.5 -18
7.67885e-05 -3.5 -7 -17.5
0.000229605 -3.5 -7 -17
0.0004053 -3.5 -7 -16.5
0.000496566 -3.5 -7 -16
0.000484767 -3.5 -7 -15.5
0.000182218 -3.5 -7 -14.5
2.2905e-05 -3 -7 -14
0.000125574 -3 -7 -14.5
0.000348709 -3 -7 -15
0.000575803 -3 -7 -15.5
3.74367e-05 -2.5 -7.5 -16.5
0.000679146 -3 -7 -16
4.83422e-05 -2.5 -7.5 -17
0.00064941 -3 -7 -16.5
3.82321e-05 -2.5 -7.5 -17.5
2.80319e-05 -2.5 -7.5 -18
0.000207189 -3 -7 -17.5
5.52185e-05 -3 -7 -18
5.09584e-05 -3.5 -6.5 -17.5
0.000169531 -3.5 -6.5 -17
0.000444045 -3 -7 -17
0.000277473 -3.5 -6.5 -16.5
0.000331151 -3.5 -6.5 -16
0.00033015 -3.5 -6.5 -15.5
0.000225094 -3.5 -6.5 -15
8.72416e-05 -3.5 -6.5 -14.5
3.11496e-05 -2.5 -7 -15
0.000140358 -3 -6.5 -14.5
8.49385e-05 -2.5 -7 -15.5
0.000396592 -3 -6.5 -15
0.000154511 -2.5 -7 -16
0.00019611 -2.5 -7 -16.5
0.000815121 -3 -6.5 -16
0.000202651 -2.5 -7 -17
0.000155865 -2.5 -7 -17.5
5.79035e-05 -3.5 -6 -17
6.99241e-05 -2.5 -7 -18
7.3817e-05 -3 -6.5 -18
0.000284633 -3 -6.5 -17.5
0.000581004 -3 -6.5 -17
9.80735e-05 -3.5 -6 -16.5
0.000798566 -3 -6.5 -16.5
0.000127214 -3.5 -6 -16
0.000138617 -3.5 -6 -15.5
0.000672893 -3 -6.5 -15.5
8.55776e-05 -3.5 -6 -15
2.45517e-05 -3.5 -6 -14.5
2.16601e-05 -3 -6.5 -14
2.55025e-05 -2.5 -6.5 -14.5
0.000110735 -2.5 -6.5 -15
8.78203e-05 -3 -6 -14.5
0.000281669 -2.5 -6.5 -15.5
0.000356937 -3 -6 -15
0.000498827 -2.5 -6.5 -16
0.000565267 -2.5 -6.5 -16.5
0.00053741 -2.5 -6.5 -17
0.000344247 -2.5 -6.5 -17.5
2.93509e-05 -2.5 -6.5 -18.5
8.02466e-05 -3 -6 -18
0.000134664 -2.5 -6.5 -18
0.000308779 -3 -6 -17.5
0.00062175 -3 -6 -17
0.000809313 -3 -6 -16.5
0.000817609 -3 -6 -16
0.000655107 -3 -6 -15.5
4.55014e-05 -2.5 -6 -14.5
0.000236991 -2.5 -6 -15
0.000601516 -2.5 -6 -15.5
0.000947179 -2.5 -6 -16
2.02954e-05 -2 -6.5 -17
0.00103503 -2.5 -6 -16.5
0.000548703 -3 -5.5 -16.5
4.02649e-05 -2 -6.5 -17.5
3.91507e-05 -2 -6.5 -18
2.58153e-05 -2 -6.5 -18.5
4.4548e-05 -2.5 -6 -18.5
5.73527e-05 -3 -5.5 -18
0.000228625 -2.5 -6 -18
0.000225869 -3 -5.5 -17.5
0.0005778 -2.5 -6 -17.5
0.000429136 -3 -5.5 -17
0.000931885 -2.5 -6 -17
0.000558387 -3 -5.5 -16
0.000418394 -3 -5.5 -15.5
0.000187819 -3 -5.5 -15
3.6035e-05 -3 -5.5 -14.5
5.85387e-05 -2.5 -5.5 -14.5
2.11673e-05 -2 -6 -15.5
0.00029359 -2.5 -5.5 -15
7.36943e-05 -2 -6 -16
0.000746439 -2.5 -5.5 -15.5
0.000156897 -2 -6 -16.5
0.000196562 -2 -6 -17
0.000199623 -2 -6 -17.5
0.000149729 -2 -6 -18
6.2538e-05 -2 -6 -18.5
2.33119e-05 -2 -6 -19
6.09257e-05 -2.5 -5.5 -18.5
2.32456e-05 -3 -5 -18
0.000316707 -2.5 -5.5 -18
8.41941e-05 -3 -5 -17.5
0.000769784 -2.5 -5.5 -17.5
0.000166961 -3 -5 -17
0.00116878 -2.5 -5.5 -17
0.000222158 -3 -5 -16.5
0.00126107 -2.5 -5.5 -16.5
0.000226977 -3 -5 -16
0.00118898 -2.5 -5.5 -16
0.000164184 -3 -5 -15.5
6.39256e-05 -3 -5 -15
4.35403e-05 -2 -5.5 -15
3.88047e-05 -2.5 -5 -14.5
0.000165353 -2 -5.5 -15.5
0.000250475 -2.5 -5 -15
0.000376938 -2 -5.5 -16
0.00058805 -2 -5.5 -16.5
0.000668164 -2 -5.5 -17
0.000601186 -2 -5.5 -17.5
0.000367054 -2 -5.5 -18
0.000124771 -2 -5.5 -18.5
0.000349003 -2.5 -5 -18
2.26805e-05 -2 -5.5 -19
6.65748e-05 -2.5 -5 -18.5
0.000830007 -2.5 -5 -17.5
0.00119346 -2.5 -5 -17
0.0012588 -2.5 -5 -16.5
0.00119491 -2.5 -5 -16
0.000728601 -2.5 -5 -15.5
0.000109224 -2 -5 -15
0.000442942 -2 -5 -15.5
0.00092533 -2 -5 -16
0.00139028 -2 -5 -17
3.82956e-05 -1.5 -5.5 -18.5
2.71511e-05 -1.5 -5.5 -19
2.8959e-05 -2 -5 -19
5.03825e-05 -2.5 -4.5 -18.5
0.000189761 -2 -5 -18.5
0.000262011 -2.5 -4.5 -18
0.000666636 -2 -5 -18
0.000607325 -2.5 -4.5 -17.5
0.00119244 -2 -5 -17.5
0.000841067 -2.5 -4.5 -17
0.000875871 -2.5 -4.5 -16.5
0.00134039 -2 -5 -16.5
0.000761193 -2.5 -4.5 -16
0.000412205 -2.5 -4.5 -15.5
0.000101947 -2.5 -4.5 -15
2.24327e-05 -2 -4.5 -14.5
0.000161219 -2 -4.5 -15
0.000673404 -2 -4.5 -15.5
0.00143001 -2 -4.5 -16
5.50899e-05 -1.5 -5 -17
0.000126385 -1.5 -5 -17.5
0.000177631 -1.5 -5 -18
0.000139827 -1.5 -5 -18.5
4.68127e-05 -1.5 -5 -19
3.1253e-05 -2 -4.5 -19
2.35213e-05 -2.5 -4 -18.5
0.000233004 -2 -4.5 -18.5
0.00010681 -2.5 -4 -18
0.000901295 -2 -4.5 -18
0.000256274 -2.5 -4 -17.5
0.00165455 -2 -4.5 -17.5
0.000346395 -2.5 -4 -17
0.00198472 -2 -4.5 -17
0.000360119 -2.5 -4 -16.5
0.00196231 -2 -4.5 -16.5
0.000312074 -2.5 -4 -16
0.000158806 -2.5 -4 -15.5
3.34859e-05 -2.5 -4 -15
4.17739e-05 -1.5 -4.5 -15.5
0.000159734 -2 -4 -15
0.000179507 -1.5 -4.5 -16
0.000448746 -1.5 -4.5 -16.5
3.91549e-05 -2.5 -3.5 -16.5
0.000686228 -1.5 -4.5 -17
0.00072352 -1.5 -4.5 -17.5
0.000599488 -1.5 -4.5 -18
0.000287518 -1.5 -4.5 -18.5
5.29051e-05 -1.5 -4.5 -19
3.45207e-05 -2 -4 -19
0.000234339 -2 -4 -18.5
0.000951814 -2 -4 -18
3.10153e-05 -2.5 -3.5 -17.5
0.00171894 -2 -4 -17.5
3.86764e-05 -2.5 -3.5 -17
0.00209173 -2 -4 -17
0.00211029 -2 -4 -16.5
3.38125e-05 -2.5 -3.5 -16
0.00156181 -2 -4 -16
0.000707261 -2 -4 -15.5
2.08637e-05 -2 -4 -14.5
5.72147e-05 -1.5 -4 -15
0.000302338 -1.5 -4 -15.5
0.000924242 -1.5 -4 -16
0.00156843 -1.5 -4 -16.5
0.00123134 -1.5 -4 -18
0.000171873 -2 -3.5 -18.5
2.49533e-05 -2 -3.5 -19
7.48957e-05 -1.5 -4 -19
0.000469701 -1.5 -4 -18.5
0.000679599 -2 -3.5 -18
0.00121274 -2 -3.5 -17.5
0.00177222 -1.5 -4 -17.5
0.00140566 -2 -3.5 -17
0.00180171 -1.5 -4 -17
0.00140326 -2 -3.5 -16.5
0.00100833 -2 -3.5 -16
0.000390291 -2 -3.5 -15.5
6.84214e-05 -2 -3.5 -15
0.000104416 -1.5 -3.5 -15
0.000584131 -1.5 -3.5 -15.5
0.00162589 -1.5 -3.5 -16
7.41039e-05 -2 -3 -18.5
5.17062e-05 -1 -4 -19
3.03096e-05 -1 -4 -19.5
0.000107183 -1.5 -3.5 -19
0.000680555 -1.5 -3.5 -18.5
0.000277739 -2 -3 -18
0.00174817 -1.5 -3.5 -18
0.000469678 -2 -3 -17.5
0.00262897 -1.5 -3.5 -17.5
0.000545301 -2 -3 -17
0.00281278 -1.5 -3.5 -17
0.000547148 -2 -3 -16.5
0.00262023 -1.5 -3.5 -16.5
0.000379741 -2 -3 -16
0.000124238 -2 -3 -15.5
0.000106539 -1.5 -3 -15
7.86258e-05 -2 -2.5 -16.5
8.85331e-05 -1 -3.5 -17.5
5.80803e-05 -2 -2.5 -17.5
0.000250485 -1 -3.5 -18
0.000309054 -1 -3.5 -18.5
4.88035e-05 -1 -3.5 -19.5
9.86579e-05 -1.5 -3 -19
0.000201383 -1 -3.5 -19
0.000763912 -1.5 -3 -18.5
3.09284e-05 -2 -2.5 -18
0.00196861 -1.5 -3 -18
0.0029733 -1.5 -3 -17.5
7.31716e-05 -2 -2.5 -17
0.00316717 -1.5 -3 -17
0.00290147 -1.5 -3 -16.5
7.29149e-05 -2 -2.5 -16
0.00177522 -1.5 -3 -16
2.02793e-05 -2 -2.5 -15.5
0.000625716 -1.5 -3 -15.5
4.91539e-05 -1 -3 -15.5
0.000215629 -1 -3 -16
0.000704692 -1 -3 -16.5
0.00131562 -1 -3 -17
0.00167777 -1 -3 -17.5
2.24697e-05 -1 -3 -19.5
6.03828e-05 -1.5 -2.5 -19
0.000335564 -1 -3 -19
0.000557754 -1.5 -2.5 -18.5
0.00103832 -1 -3 -18.5
0.0013742 -1.5 -2.5 -18
0.00157307 -1 -3 -18
0.00202459 -1.5 -2.5 -17.5
0.00218011 -1.5 -2.5 -17
0.00207627 -1.5 -2.5 -16.5
0.0012705 -1.5 -2.5 -16
0.000366805 -1.5 -2.5 -15.5
5.28446e-05 -1.5 -2.5 -15
8.67832e-05 -1 -2.5 -15
0.000484199 -1 -2.5 -15.5
0.00165773 -1 -2.5 -16
0.0032869 -1 -2.5 -16.5
2.9845e-05 -1.5 -2 -19
0.000301493 -1 -2.5 -19
0.00022552 -1.5 -2 -18.5
0.00166731 -1 -2.5 -18.5
0.000512042 -1.5 -2 -18
0.00343275 -1 -2.5 -18
0.000673307 -1.5 -2 -17.5
0.00422573 -1 -2.5 -17.5
0.000695388 -1.5 -2 -17
0.00428674 -1 -2.5 -17
0.000620601 -1.5 -2 -16.5
0.000329982 -1.5 -2 -16
8.95853e-05 -1.5 -2 -15.5
0.000119884 -1.5 -1.5 -17
8.35086e-05 -1.5 -1.5 -18
2.39098e-05 -1 -2 -19.5
0.00026286 -1 -2 -19
2.75643e-05 -1.5 -1.5 -18.5
0.0018363 -1 -2 -18.5
0.00409507 -1 -2 -18
0.000114063 -1.5 -1.5 -17.5
0.00535139 -1 -2 -17.5
0.00553595 -1 -2 -17
0.000107113 -1.5 -1.5 -16.5
0.00480797 -1 -2 -16.5
5.75008e-05 -1.5 -1.5 -16
0.00261363 -1 -2 -16
0.000766645 -1 -2 -15.5
0.000120942 -1 -2 -15
6.54277e-05 -0.5 -2 -18
0.000185367 -0.5 -2 -18.5
0.000189058 -0.5 -2 -19
2.12907e-05 -1 -1.5 -19.5
9.51672e-05 -0.5 -2 -19.5
0.000144076 -1 -1.5 -19
0.00127335 -1 -1.5 -18.5
0.0033081 -1 -1.5 -18
0.00467035 -1 -1.5 -17.5
0.00488134 -1 -1.5 -17
0.0044136 -1 -1.5 -16.5
0.00242525 -1 -1.5 -16
0.000641585 -1 -1.5 -15.5
8.86741e-05 -1 -1.5 -15
6.61538e-05 -0.5 -1.5 -15.5
0.000305488 -0.5 -1.5 -16
0.00087268 -0.5 -1.5 -16.5
0.00158646 -0.5 -1.5 -17
0.000129517 -0.5 -1.5 -19.5
4.44393e-05 -1 -1 -19
0.000740702 -0.5 -1.5 -19
0.000331023 -1 -1 -18.5
0.00159964 -0.5 -1.5 -18.5
0.000771024 -1 -1 -18
0.00203249 -0.5 -1.5 -18
0.00106622 -1 -1 -17.5
0.0020722 -0.5 -1.5 -17.5
0.00112572 -1 -1 -17
0.0010398 -1 -1 -16.5
0.000512134 -1 -1 -16
9.37225e-05 -1 -1 -15.5
6.30995e-05 -0.5 -1 -19.5
0.00105639 -0.5 -1 -19
0.00345758 -0.5 -1 -18.5
4.23692e-05 -1 -0.5 -18
0.00596857 -0.5 -1 -18
5.059e-05 -1 -0.5 -17.5
0.00690376 -0.5 -1 -17.5
5.17055e-05 -1 -0.5 -17
0.00685856 -0.5 -1 -17
3.68184e-05 -1 -0.5 -16.5
0.00513568 -0.5 -1 -16.5
0.00254598 -0.5 -1 -16
0.0007209 -0.5 -1 -15.5
0.000124134 -0.5 -1 -15
3.58863e-05 -0.5 -0.5 -19.5
0.00074998 -0.5 -0.5 -19
0.00371959 -0.5 -0.5 -18.5
0.00711307 -0.5 -0.5 -18
0.00866476 -0.5 -0.5 -17.5
0.00882334 -0.5 -0.5 -17
0.00731559 -0.5 -0.5 -16.5
0.00380295 -0.5 -0.5 -16
0.00107465 -0.5 -0.5 -15.5
0.000176372 -0.5 -0.5 -15
2.18633e-05 -0.5 -0.5 -14.5
0.000222004 -0.5 0 -19
0.00159551 -0.5 0 -18.5
0.0034507 -0.5 0 -18
0.00444511 -0.5 0 -17.5
0.00458653 -0.5 0 -17
0.00406037 -0.5 0 -16.5
0.00209145 -0.5 0 -16
0.000490126 -0.5 0 -15.5
6.57296e-05 -0.5 0 -15
4.29676e-05 -0.5 0.5 -19
4.53513e-05 0 0 -19.5
0.000488378 0 0 -19
0.000221475 -0.5 0.5 -18.5
0.00138682 0 0 -18.5
0.000414705 -0.5 0.5 -18
0.00226826 0 0 -18
0.000495945 -0.5 0.5 -17.5
0.00260902 0 0 -17.5
0.00050447 -0.5 0.5 -17
0.00260804 0 0 -17
0.000400247 -0.5 0.5 -16.5
0.002019 0 0 -16.5
0.000146942 -0.5 0.5 -16
0.00102108 0 0 -16
0.00029526 0 0 -15.5
5.13185e-05 0 0 -15
2.06132e-05 -0.5 1 -18
6.3803e-05 0 0.5 -19.5
0.00103873 0 0.5 -19
0.0037649 0 0.5 -18.5
0.00666372 0 0.5 -18
2.12736e-05 -0.5 1 -17.5
0.00793702 0 0.5 -17.5
0.00804566 0 0.5 -17
0.00670816 0 0.5 -16.5
0.00358479 0 0.5 -16
0.00107419 0 0.5 -15.5
0.000181259 0 0.5 -15
2.28887e-05 0 0.5 -14.5
2.52615e-05 0 1 -19.5
0.000572289 0 1 -19
8.28811e-05 0.5 0.5 -19
0.00289434 0 1 -18.5
0.000239972 0.5 0.5 -18.5
0.00570077 0 1 -18
0.000400295 0.5 0.5 -18
0.00709515 0 1 -17.5
0.000471755 0.5 0.5 -17.5
0.00725906 0 1 -17
0.000477298 0.5 0.5 -17
0.00639531 0 1 -16.5
0.000382729 0.5 0.5 -16.5
0.00355801 0 1 -16
0.000200779 0.5 0.5 -16
0.00104141 0 1 -15.5
6.14428e-05 0.5 0.5 -15.5
0.000172605 0 1 -15
2.11036e-05 0 1 -14.5
2.11389e-05 0.5 1 -19.5
0.000143282 0 1.5 -19
0.000345966 0.5 1 -19
0.000972541 0 1.5 -18.5
0.0012367 0.5 1 -18.5
0.00210515 0 1.5 -18
0.00222097 0.5 1 -18
0.00268506 0 1.5 -17.5
0.00271948 0.5 1 -17.5
0.00275254 0 1.5 -17
0.00278435 0.5 1 -17
0.0024227 0 1.5 -16.5
0.00240657 0.5 1 -16.5
0.00129228 0 1.5 -16
0.00131851 0.5 1 -16
0.000328404 0 1.5 -15.5
0.000406108 0.5 1 -15.5
3.8902e-05 0 1.5 -15
7.02469e-05 0.5 1 -15
0.000187877 0 2 -17.5
0.000171896 0 2 -18
0.000104081 0 2 -18.5
2.70382e-05 0 2 -19
2.34034e-05 0.5 1.5 -19.5
0.00038996 0.5 1.5 -19
0.00216512 0.5 1.5 -18.5
0.00444623 0.5 1.5 -18
0.00564325 0.5 1.5 -17.5
0.000186639 0 2 -17
0.00578539 0.5 1.5 -17
0.000134594 0 2 -16.5
0.00527711 0.5 1.5 -16.5
4.74484e-05 0 2 -16
0.00317352 0.5 1.5 -16
0.00110218 0.5 1.5 -15.5
0.000194496 0.5 1.5 -15
2.39589e-05 0.5 1.5 -14.5
2.08448e-05 1 1.5 -15
0.000335973 1 1.5 -16
0.000587726 1 1.5 -17.5
0.000259408 0.5 2 -19
7.86594e-05 1 1.5 -19
0.00176755 0.5 2 -18.5
0.000270484 1 1.5 -18.5
0.00398323 0.5 2 -18
0.000479608 1 1.5 -18
0.00551482 0.5 2 -17.5
0.00583826 0.5 2 -17
0.000606471 1 1.5 -17
0.00562767 0.5 2 -16.5
0.000553343 1 1.5 -16.5
0.00378541 0.5 2 -16
0.00148025 0.5 2 -15.5
0.000119133 1 1.5 -15.5
0.000282157 0.5 2 -15
3.49054e-05 0.5 2 -14.5
0.00167376 1 2 -18
0.000105317 0.5 2.5 -19
0.000139341 1 2 -19
0.00106274 0.5 2.5 -18.5
0.000790954 1 2 -18.5
0.00281712 0.5 2.5 -18
0.00408698 0.5 2.5 -17.5
0.00233944 1 2 -17.5
0.00438791 0.5 2.5 -17
0.00251749 1 2 -17
0.0042376 0.5 2.5 -16.5
0.00246443 1 2 -16.5
0.00288389 0.5 2.5 -16
0.00168477 1 2 -16
0.00115633 0.5 2.5 -15.5
0.000671317 1 2 -15.5
0.000220902 0.5 2.5 -15
0.000132097 1 2 -15
2.7852e-05 0.5 2.5 -14.5
0.00030307 1 2.5 -15
2.37757e-05 1.5 2 -16
4.40441e-05 1.5 2 -16.5
5.16619e-05 1.5 2 -17
4.91075e-05 1.5 2 -17.5
0.00447489 1 2.5 -17
4.21196e-05 1.5 2 -18
2.59588e-05 1.5 2 -18.5
0.00104535 1 2.5 -18.5
5.39701e-05 0.5 3 -19
0.000114691 1 2.5 -19
0.000396209 0.5 3 -18.5
0.000922907 0.5 3 -18
0.00290075 1 2.5 -18
0.0012131 0.5 3 -17.5
0.00428085 1 2.5 -17.5
0.00123863 0.5 3 -17
0.00109819 0.5 3 -16.5
0.00439536 1 2.5 -16.5
0.000696896 0.5 3 -16
0.00323362 1 2.5 -16
0.000277397 0.5 3 -15.5
0.00143552 1 2.5 -15.5
5.43068e-05 0.5 3 -15
3.85203e-05 1 2.5 -14.5
4.40112e-05 1.5 2.5 -15
0.000199564 1.5 2.5 -15.5
0.000435559 1.5 2.5 -16
0.00061577 1.5 2.5 -16.5
0.000637249 1.5 2.5 -17
0.00527128 1 3 -16.5
0.000612803 1.5 2.5 -17.5
0.000450279 1.5 2.5 -18
0.000197569 1.5 2.5 -18.5
2.89665e-05 1.5 2.5 -19
2.97604e-05 0.5 3.5 -19
7.21388e-05 1 3 -19
7.86554e-05 0.5 3.5 -18.5
0.000915764 1 3 -18.5
0.000104468 0.5 3.5 -18
0.00275847 1 3 -18
0.000100972 0.5 3.5 -17.5
0.00449112 1 3 -17.5
6.56261e-05 0.5 3.5 -17
0.00524941 1 3 -17
0.0042334 1 3 -16
0.00220704 1 3 -15.5
0.000619384 1 3 -15
9.58839e-05 1 3 -14.5
4.07866e-05 1.5 3 -14.5
0.000961918 1.5 3 -15.5
0.00212964 1.5 3 -16.5
0.00183005 1.5 3 -17.5
0.000407279 1.5 3 -18.5
2.9488e-05 1.5 3 -19
4.98137e-05 1 3.5 -19
0.000532923 1 3.5 -18.5
0.00191707 1 3.5 -18
0.00116013 1.5 3 -18
0.00346465 1 3.5 -17.5
0.0041609 1 3.5 -17
0.00209843 1.5 3 -17
0.00420769 1 3.5 -16.5
0.00358384 1 3.5 -16
0.00180671 1.5 3 -16
0.00198875 1 3.5 -15.5
0.000593352 1 3.5 -15
0.000270609 1.5 3 -15
9.24005e-05 1 3.5 -14.5
0.000665216 1.5 3.5 -15
2.78271e-05 2 3 -16
3.88236e-05 2 3 -16.5
0.00337184 1.5 3.5 -16
4.11164e-05 2 3 -17
4.13379e-05 2 3 -17.5
3.66387e-05 2 3 -18
2.01343e-05 2 3 -18.5
0.0015864 1.5 3.5 -18
3.37411e-05 1.5 3.5 -19
0.000231214 1 4 -18.5
0.000388156 1.5 3.5 -18.5
0.000859457 1 4 -18
0.00160549 1 4 -17.5
0.00306427 1.5 3.5 -17.5
0.00192829 1 4 -17
0.00372173 1.5 3.5 -17
0.0019346 1 4 -16.5
0.00374137 1.5 3.5 -16.5
0.00163211 1 4 -16
0.000849172 1 4 -15.5
0.00199551 1.5 3.5 -15.5
0.000272667 1 4 -15
4.41044e-05 1 4 -14.5
0.000103488 1.5 3.5 -14.5
2.00416e-05 2 3.5 -14.5
0.000118408 2 3.5 -15
0.000332663 2 3.5 -15.5
0.000518599 2 3.5 -16
0.00312315 1.5 4 -15.5
0.000537473 2 3.5 -17
0.0045519 1.5 4 -16.5
0.000424711 2 3.5 -17.5
0.0042215 1.5 4 -17
0.000232797 2 3.5 -18
8.07493e-05 2 3.5 -18.5
0.000276666 1.5 4 -18.5
2.1413e-05 1.5 4 -19
8.53569e-05 1 4.5 -18.5
0.000244926 1 4.5 -18
0.00143393 1.5 4 -18
0.000399475 1 4.5 -17.5
0.00302199 1.5 4 -17.5
0.000451942 1 4.5 -17
0.000437159 1 4.5 -16.5
0.000311693 1 4.5 -16
0.000544925 2 3.5 -16.5
0.00440045 1.5 4 -16
0.000149854 1 4.5 -15.5
4.03646e-05 1 4.5 -15
0.00140837 1.5 4 -15
0.000313843 1.5 4 -14.5
4.1071e-05 1.5 4 -14
0.000136864 2 4 -14.5
4.26944e-05 1.5 4.5 -14
0.00141176 2 4 -15.5
0.00135584 1.5 4.5 -15
0.00181372 2 4 -16.5
0.0016485 2 4 -17
0.00115747 2 4 -17.5
0.000547961 2 4 -18
0.00237525 1.5 4.5 -17.5
0.000101406 2 4 -18.5
2.16375e-05 1 5 -18.5
0.000142105 1.5 4.5 -18.5
3.10953e-05 1 5 -18
0.00096725 1.5 4.5 -18
0.00355255 1.5 4.5 -17
0.00386419 1.5 4.5 -16.5
0.00377922 1.5 4.5 -16
0.00181744 2 4 -16
0.00281073 1.5 4.5 -15.5
0.000645834 2 4 -15
0.000324024 1.5 4.5 -14.5
4.66892e-05 2 4.5 -14
2.45397e-05 2.5 4 -15.5
0.00134784 2 4.5 -15
3.33187e-05 2.5 4 -16
3.39392e-05 2.5 4 -16.5
0.00319646 2 4.5 -16
3.22104e-05 2.5 4 -17
2.72223e-05 2.5 4 -17.5
0.00172159 2 4.5 -17.5
7.69547e-05 2 4.5 -18.5
7.30154e-05 1.5 5 -18.5
0.00047999 1.5 5 -18
0.000603527 2 4.5 -18
0.00123168 1.5 5 -17.5
0.00187599 1.5 5 -17
0.00284588 2 4.5 -17
0.0020417 1.5 5 -16.5
0.0032107 2 4.5 -16.5
0.00198052 1.5 5 -16
0.00150334 1.5 5 -15.5
0.00259477 2 4.5 -15.5
0.000774387 1.5 5 -15
0.00020182 1.5 5 -14.5
0.000369188 2 4.5 -14.5
2.47173e-05 1.5 5 -14
7.83934e-05 2.5 4.5 -14.5
0.000270152 2.5 4.5 -15
0.000949548 2 5 -14.5
0.000461124 2.5 4.5 -15.5
0.00047355 2.5 4.5 -16
0.00335155 2 5 -15.5
0.000450987 2.5 4.5 -16.5
0.000340789 2.5 4.5 -17
0.00021271 2.5 4.5 -17.5
9.26131e-05 2.5 4.5 -18
0.000477865 2 5 -18
2.7933e-05 1.5 5.5 -18.5
5.83767e-05 2 5 -18.5
0.000186121 1.5 5.5 -18
0.000432853 1.5 5.5 -17.5
0.00160559 2 5 -17.5
0.000582173 1.5 5.5 -17
0.00285598 2 5 -17
0.000619335 1.5 5.5 -16.5
0.00355023 2 5 -16.5
0.000583587 1.5 5.5 -16
0.00366244 2 5 -16
0.000427677 1.5 5.5 -15.5
0.000226081 1.5 5.5 -15
0.00219609 2 5 -15
6.89729e-05 1.5 5.5 -14.5
0.000192413 2 5 -14
8.99285e-05 2.5 5 -14
0.00046718 2.5 5 -14.5
0.00144801 2.5 5 -15.5
0.00208517 2 5.5 -15
0.00146703 2.5 5 -16
0.00137168 2.5 5 -16.5
0.0032034 2 5.5 -16
0.00103611 2.5 5 -17
0.00057466 2.5 5 -17.5
0.00234585 2 5.5 -17
0.000149113 2.5 5 -18
3.41974e-05 2 5.5 -18.5
5.13168e-05 1.5 6 -18
0.000274617 2 5.5 -18
7.68745e-05 1.5 6 -17.5
0.00114992 2 5.5 -17.5
8.09867e-05 1.5 6 -17
5.80591e-05 1.5 6 -16.5
0.00308616 2 5.5 -16.5
3.31187e-05 1.5 6 -16
0.00299323 2 5.5 -15.5
0.0010634 2.5 5 -15
0.000980823 2 5.5 -14.5
0.000235012 2 5.5 -14
3.21341e-05 2 5.5 -13.5
4.03092e-05 2.5 5.5 -13.5
0.000338699 2.5 5.5 -14
2.38955e-05 3 5 -15
2.6495e-05 3 5 -15.5
0.0019257 2.5 5.5 -15
2.59903e-05 3 5 -16
0.00253941 2.5 5.5 -16
0.00232677 2.5 5.5 -16.5
0.00155549 2.5 5.5 -17
0.000131429 2.5 5.5 -18
0.000131459 2 6 -18
0.000614459 2 6 -17.5
0.000668722 2.5 5.5 -17.5
0.00133159 2 6 -17
0.00177646 2 6 -16.5
0.00182583 2 6 -16
0.00171719 2 6 -15.5
0.00248932 2.5 5.5 -15.5
0.00129362 2 6 -15
0.000679882 2 6 -14.5
0.00103189 2.5 5.5 -14.5
0.000173649 2 6 -14
2.20996e-05 2 6 -13.5
8.45328e-05 3 5.5 -14
0.000259302 3 5.5 -14.5
0.000391529 3 5.5 -15
0.00169368 2.5 6 -14.5
0.000382683 3 5.5 -15.5
0.000343689 3 5.5 -16
0.000258443 3 5.5 -16.5
0.000167923 3 5.5 -17
0.00231618 2.5 6 -16.5
8.4556e-05 3 5.5 -17.5
0.000558651 2.5 6 -17.5
5.43304e-05 2 6.5 -18
8.6948e-05 2.5 6 -18
0.000232255 2 6.5 -17.5
0.000494709 2 6.5 -17
0.0014139 2.5 6 -17
0.000652993 2 6.5 -16.5
0.000655547 2 6.5 -16
0.00274335 2.5 6 -16
0.000570276 2 6.5 -15.5
0.00279438 2.5 6 -15.5
0.000440783 2 6.5 -15
0.00251157 2.5 6 -15
0.00024929 2 6.5 -14.5
8.02115e-05 2 6.5 -14
0.000814658 2.5 6 -14
0.000201132 2.5 6 -13.5
0.000237706 2.5 6.5 -13.5
0.000110569 3 6 -13.5
0.000887959 3 6 -14.5
0.00113231 3 6 -15
0.00113827 3 6 -15.5
0.00229288 2.5 6.5 -15
9.2193e-05 2 7 -15.5
0.00105407 3 6 -16
0.000819616 3 6 -16.5
0.000485918 3 6 -17
0.000154667 3 6 -17.5
0.00101584 2.5 6.5 -17
5.82141e-05 2 7 -17.5
4.77506e-05 2.5 6.5 -18
2.35993e-05 3 6 -18
0.000342573 2.5 6.5 -17.5
9.43463e-05 2 7 -17
0.000112697 2 7 -16.5
0.00188271 2.5 6.5 -16.5
0.000107822 2 7 -16
0.00241799 2.5 6.5 -16
0.00248677 2.5 6.5 -15.5
5.73702e-05 2 7 -15
2.46085e-05 2 7 -14.5
0.00163692 2.5 6.5 -14.5
0.000832443 2.5 6.5 -14
0.000453977 3 6 -14
3.71926e-05 2.5 6.5 -13
2.06383e-05 3.5 6 -14
0.000183053 2.5 7 -13.5
0.000390747 3 6.5 -13.5
2.88451e-05 3.5 6 -14.5
0.000592914 2.5 7 -14
2.53948e-05 3.5 6 -15
0.00191094 3 6.5 -15
0.00172859 3 6.5 -16
0.00150828 2.5 7 -15.5
0.000554407 3 6.5 -17
0.00109185 2.5 7 -16.5
0.000147734 3 6.5 -17.5
0.000159432 2.5 7 -17.5
0.000539243 2.5 7 -17
0.00118108 3 6.5 -16.5
0.00149369 2.5 7 -16
0.00193618 3 6.5 -15.5
0.00139936 2.5 7 -15
0.00106135 2.5 7 -14.5
0.00152494 3 6.5 -14.5
0.00092121 3 6.5 -14
2.79046e-05 2.5 7 -13
6.4239e-05 3 6.5 -13
2.56794e-05 3.5 6.5 -13
3.65692e-05 3 7 -12.5
8.49128e-05 2.5 7.5 -13.5
0.000270131 3.5 6.5 -14
0.000225843 2.5 7.5 -14
0.000349503 3.5 6.5 -14.5
0.00132326 3 7 -14
0.000387012 2.5 7.5 -14.5
0.000316163 3.5 6.5 -15
0.000253741 3.5 6.5 -15.5
0.000190186 3.5 6.5 -16
0.000604698 2.5 7.5 -15.5
0.00201924 3 7 -15.5
0.000123108 3.5 6.5 -16.5
5.70531e-05 3.5 6.5 -17
0.00104933 3 7 -16.5
5.57601e-05 2.5 7.5 -17.5
0.000104564 3 7 -17.5
0.000195489 2.5 7.5 -17
0.000460338 3 7 -17
0.000418097 2.5 7.5 -16.5
0.000598335 2.5 7.5 -16
0.00167368 3 7 -16
0.000531481 2.5 7.5 -15
0.00206141 3 7 -15
0.00185625 3 7 -14.5
0.000726739 3 7 -13.5
0.000120009 3.5 6.5 -13.5
0.000247697 3 7 -13
5.82558e-05 3 7.5 -12.5
2.55345e-05 3.5 7 -12.5
0.000451642 3.5 7 -13.5
0.000744553 3.5 7 -14
4.09428e-05 2.5 8 -14
0.000888707 3.5 7 -14.5
6.65117e-05 2.5 8 -14.5
0.000872367 3.5 7 -15
0.00167899 3 7.5 -14.5
9.52284e-05 2.5 8 -15
0.000778509 3.5 7 -15.5
0.00059315 3.5 7 -16
0.000339846 3.5 7 -16.5
0.00131993 3 7.5 -16
0.000114261 3.5 7 -17
0.000277782 3 7.5 -17
8.09328e-05 2.5 8 -16.5
5.16918e-05 3 7.5 -17.5
3.85243e-05 2.5 8 -17
0.000734487 3 7.5 -16.5
0.000116863 2.5 8 -16
0.000119984 2.5 8 -15.5
0.00176387 3 7.5 -15.5
0.00183533 3 7.5 -15
0.00124772 3 7.5 -14
0.00070548 3 7.5 -13.5
0.000260056 3 7.5 -13
0.000163244 3.5 7 -13
4.36579e-05 3 8 -12.5
0.000197209 3 8 -13
3.45628e-05 4 7 -13.5
0.000438107 3.5 7.5 -13
3.78415e-05 4 7 -14
0.000480499 3 8 -13.5
0.00079822 3 8 -14
0.00102887 3 8 -14.5
0.0014063 3.5 7.5 -14.5
0.00112831 3 8 -15
0.000795345 3.5 7.5 -16
0.000113146 3.5 7.5 -17
0.000119383 3 8 -17
0.000379083 3 8 -16.5
0.000377661 3.5 7.5 -16.5
0.000750574 3 8 -16
0.00108998 3 8 -15.5
0.00119596 3.5 7.5 -15.5
0.00139551 3.5 7.5 -15
2.52311e-05 4 7 -14.5
0.00118077 3.5 7.5 -14
0.000803448 3.5 7.5 -13.5
8.16874e-05 3.5 8 -12
2.54916e-05 3 8.5 -12.5
0.000160912 4 7.5 -13
8.59114e-05 3 8.5 -13
0.000261282 4 7.5 -13.5
0.000184879 3 8.5 -13.5
0.00129605 3.5 8 -14
0.000302613 4 7.5 -14
0.000307778 3 8.5 -14
0.000400703 3 8.5 -14.5
0.000191628 4 7.5 -15
0.000455026 3 8.5 -15
0.000133477 4 7.5 -15.5
0.00138629 3.5 8 -15
0.000425267 3 8.5 -15.5
7.86505e-05 4 7.5 -16
2.99918e-05 4 7.5 -16.5
0.000306584 3.5 8 -16.5
2.68877e-05 3 8.5 -17
7.94842e-05 3.5 8 -17
0.000124259 3 8.5 -16.5
0.000279891 3 8.5 -16
0.000683216 3.5 8 -16
0.00109777 3.5 8 -15.5
0.00143444 3.5 8 -14.5
0.000248344 4 7.5 -14.5
0.000988672 3.5 8 -13.5
0.000625668 3.5 8 -13
0.000291308 3.5 8 -12.5
5.88112e-05 4 7.5 -12.5
9.08846e-05 3.5 8.5 -12
7.03197e-05 4 8 -12
0.000427465 4 8 -13
0.000276364 3.5 8.5 -12.5
0.000598431 4 8 -13.5
3.92137e-05 3 9 -13.5
0.000673176 4 8 -14
0.000898074 3.5 8.5 -13.5
5.06243e-05 3 9 -14
0.000633368 4 8 -14.5
7.10952e-05 3 9 -14.5
0.000550272 4 8 -15
0.00123808 3.5 8.5 -14.5
0.000397551 4 8 -15.5
8.56012e-05 3 9 -15
7.56066e-05 3 9 -15.5
0.00020635 4 8 -16
0.000806472 3.5 8.5 -15.5
6.58321e-05 4 8 -16.5
4.07298e-05 3 9 -16
3.37778e-05 3.5 8.5 -17
0.00017345 3.5 8.5 -16.5
0.000454628 3.5 8.5 -16
0.00113542 3.5 8.5 -15
0.00115687 3.5 8.5 -14
0.000575485 3.5 8.5 -13
6.10704e-05 4 8.5 -11.5
6.1824e-05 3.5 9 -12
3.37972e-05 4.5 8 -12.5
0.000180165 3.5 9 -12.5
4.62363e-05 4.5 8 -13
0.000441626 4 8.5 -12.5
0.000363096 3.5 9 -13
4.47581e-05 4.5 8 -13.5
0.000543643 3.5 9 -13.5
2.00751e-05 4.5 8 -14
0.000847537 4 8.5 -13.5
0.000716528 3.5 9 -14.5
0.000912671 4 8.5 -14.5
0.000425393 3.5 9 -15.5
0.000461905 4 8.5 -15.5
6.58451e-05 4 8.5 -16.5
6.06424e-05 3.5 9 -16.5
0.000212289 3.5 9 -16
0.000218443 4 8.5 -16
0.000641856 3.5 9 -15
0.00073983 4 8.5 -15
0.000667629 3.5 9 -14
0.000956726 4 8.5 -14
4.49273e-05 4.5 8.5 -11.5
2.45905e-05 4 9 -11
0.00010875 4.5 8.5 -12
0.000286058 4 9 -12
0.000127375 4 9 -11.5
2.86207e-05 3.5 9.5 -12
0.00048466 4 9 -12.5
0.00017662 4.5 8.5 -12.5
6.96383e-05 3.5 9.5 -12.5
0.000671206 4 9 -13
0.000131171 3.5 9.5 -13
0.000198016 3.5 9.5 -13.5
0.000181318 4.5 8.5 -14
0.000849916 4 9 -13.5
0.000239958 3.5 9.5 -14
8.54047e-05 4.5 8.5 -15
0.000627176 4 9 -15
0.000223727 3.5 9.5 -15
3.77831e-05 4 9 -16.5
4.95724e-05 3.5 9.5 -16
0.000166701 4 9 -16
0.000132664 3.5 9.5 -15.5
0.000376603 4 9 -15.5
4.34138e-05 4.5 8.5 -15.5
0.000261098 3.5 9.5 -14.5
0.000849645 4 9 -14.5
0.000134444 4.5 8.5 -14.5
0.000928799 4 9 -14
2.32313e-05 4 9.5 -11
5.06895e-05 4.5 9 -11
0.000114273 4 9.5 -11.5
0.00023906 4 9.5 -12
0.000448784 4.5 9 -13
0.000578475 4 9.5 -13
0.000693611 4 9.5 -13.5
0.000470216 4.5 9 -13.5
2.23263e-05 3.5 10 -13.5
0.000713584 4 9.5 -14
3.16934e-05 3.5 10 -14
3.29708e-05 3.5 10 -14.5
0.00022359 4.5 9 -15
2.20517e-05 3.5 10 -15
0.000105663 4.5 9 -15.5
0.000414205 4 9.5 -15
7.69467e-05 4 9.5 -16
2.54181e-05 4.5 9 -16
0.000222535 4 9.5 -15.5
0.000607621 4 9.5 -14.5
0.000347411 4.5 9 -14.5
0.000429433 4.5 9 -14
0.000423249 4 9.5 -12.5
3.81949e-05 4.5 9.5 -10.5
0.00010948 4.5 9.5 -11
0.000223233 4.5 9.5 -11.5
5.99456e-05 4 10 -11.5
0.000133788 4 10 -12
5.41867e-05 5 9 -12.5
0.000355542 4.5 9.5 -12
0.000230254 4 10 -12.5
4.47631e-05 5 9 -13
0.000313172 4 10 -13
0.000359326 4 10 -13.5
0.000299302 4 10 -14.5
0.000380484 4.5 9.5 -14.5
0.000184879 4 10 -15
2.29426e-05 4.5 9.5 -16
7.65375e-05 4 10 -15.5
0.000101902 4.5 9.5 -15.5
0.000227815 4.5 9.5 -15
0.000362001 4 10 -14
0.000505949 4.5 9.5 -14
0.000564441 4.5 9.5 -13.5
0.000525574 4.5 9.5 -13
4.22683e-05 4.5 10 -10.5
0.000128443 5 9.5 -11.5
0.000229176 4.5 10 -11.5
0.000117213 4.5 10 -11
0.000344492 4.5 10 -12
0.000165773 5 9.5 -12
4.07586e-05 4 10.5 -12
7.06486e-05 4 10.5 -12.5
0.000487377 4.5 10 -13
0.000157758 5 9.5 -13
9.65417e-05 4 10.5 -13
0.00011235 4 10.5 -13.5
0.000105101 4 10.5 -14
4.63317e-05 5 9.5 -14.5
7.2231e-05 4 10.5 -14.5
2.70269e-05 4 10.5 -15
5.90146e-05 4.5 10 -15.5
0.000167529 4.5 10 -15
0.000300726 4.5 10 -14.5
0.000429545 4.5 10 -14
7.91661e-05 5 9.5 -14
0.000505493 4.5 10 -13.5
0.00011523 5 9.5 -13.5
0.000423231 4.5 10 -12.5
3.64169e-05 4.5 10.5 -10.5
7.75678e-05 5 10 -10.5
9.45477e-05 4.5 10.5 -11
0.000169276 4.5 10.5 -11.5
0.000245357 4.5 10.5 -12
0.000316575 4.5 10.5 -12.5
0.000353458 4.5 10.5 -13
0.000340108 4.5 10.5 -13.5
0.000101882 5 10 -14.5
4.29043e-05 5 10 -15
7.11963e-05 4.5 10.5 -15
0.000165831 4.5 10.5 -14.5
0.000268573 4.5 10.5 -14
0.000172727 5 10 -14
0.000236337 5 10 -13.5
3.30181e-05 5 10.5 -10
9.66469e-05 5 10.5 -10.5
3.59901e-05 5.5 10 -10.5
0.000166284 5 10.5 -11
5.10543e-05 5.5 10 -11
4.02333e-05 4.5 11 -11
7.61348e-05 4.5 11 -11.5
4.53416e-05 5.5 10 -12
0.000236408 5 10.5 -11.5
0.000111355 4.5 11 -12
3.19152e-05 5.5 10 -12.5
0.000145322 4.5 11 -12.5
0.000159341 4.5 11 -13
0.000140928 4.5 11 -13.5
9.60042e-05 4.5 11 -14
3.15622e-05 4.5 11 -14.5
2.8188e-05 5 10.5 -15
8.9958e-05 5 10.5 -14.5
3.37618e-05 5.5 10.5 -10
2.09297e-05 5 11 -10
0.00016651 5 10.5 -14
0.000237073 5 10.5 -13.5
0.00028045 5 10.5 -13
8.61597e-05 5 11 -10.5
7.89841e-05 5.5 10.5 -10.5
0.000127068 5.5 10.5 -11.5
0.000148721 5 11 -11
0.00012251 5.5 10.5 -12
9.8105e-05 5.5 10.5 -12.5
2.38464e-05 4.5 11.5 -12.5
6.64362e-05 5.5 10.5 -13
2.27845e-05 4.5 11.5 -13
4.05903e-05 5 11 -14.5
0.000103459 5 11 -14
0.000177419 5 11 -13.5
4.89306e-05 5.5 11 -10
4.8874e-05 5 11.5 -10.5
9.45798e-05 5.5 11 -10.5
3.81675e-05 5.5 10.5 -13.5
0.00022699 5 11 -13
0.00023894 5 11 -12.5
0.000231192 5 11 -12
8.21086e-05 5 11.5 -11
0.000132699 5.5 11 -11
0.000110276 5 11.5 -11.5
0.00012862 5 11.5 -12
0.000128233 5 11.5 -12.5
6.10403e-05 5.5 11 -13.5
2.29608e-05 5.5 11 -14
2.16373e-05 5 11.5 -14
6.93317e-05 5 11.5 -13.5
0.000108812 5 11.5 -13
2.15517e-05 6 11 -10
4.32234e-05 5.5 11.5 -10
8.71246e-05 5.5 11.5 -10.5
4.05949e-05 6 11 -10.5
0.000120004 5.5 11.5 -11
3.8715e-05 6 11 -11
0.000136227 5.5 11.5 -11.5
2.14776e-05 5 12 -11.5
2.43539e-05 5 12 -12
2.14983e-05 5 12 -12.5
3.93429e-05 5.5 11.5 -13.5
7.77132e-05 5.5 11.5 -13
3.00111e-05 6 11.5 -10
5.89766e-05 6 11.5 -11
4.5075e-05 5.5 12 -10.5
5.53413e-05 6 11.5 -11.5
4.48044e-05 6 11.5 -12
4.54966e-05 5.5 12 -12.5
2.01374e-05 6 11.5 -12.5
2.28051e-05 5.5 12 -13
2.04243e-05 6 12 -10
6.60448e-05 5.5 12 -12
7.71079e-05 5.5 12 -11.5
3.97122e-05 6 12 -10.5
3.46063e-05 6 12 -12
4.8344e-05 6 12 -11.5
4.92171e-05 6 12 -11
6.89701e-05 5.5 12 -11
5.23572e-05 6 11.5 -10.5
0.000108533 5.5 11.5 -12.5
0.00012906 5.5 11.5 -12
2.77164e-05 6 11 -11.5
0.000101157 5.5 11 -13
0.000133485 5.5 11 -12.5
0.000156277 5.5 11 -12
0.000155046 5.5 11 -11.5
0.000205311 5 11 -11.5
0.000109372 5.5 10.5 -11
0.000288914 5 10.5 -12.5
0.000273432 5 10.5 -12
5.84079e-05 5.5 10 -11.5
0.000277082 5 10 -13
0.00029182 5 10 -12.5
0.00027356 5 10 -12
0.000214515 5 10 -11.5
0.000141034 5 10 -11
0.000177492 5 9.5 -12.5
8.01585e-05 5 9.5 -11
3.27515e-05 5 9.5 -10.5
0.000443065 4.5 9.5 -12.5
5.62543e-05 5 9 -12
4.25369e-05 5 9 -11.5
2.34265e-05 5 9 -11
0.000380671 4.5 9 -12.5
0.000242753 4.5 9 -12
0.00012416 4.5 9 -11.5
0.00023751 4.5 8.5 -13.5
0.000229912 4.5 8.5 -13
0.000649149 4 8.5 -13
0.000205959 4 8.5 -12
2.0157e-05 4.5 8 -12
0.000223946 4 8 -12.5
0.000130833 3.5 7.5 -12.5
