0.197104
3.60825e-05 -6 1.5 1.5
3.75325e-05 -6 1.5 1
3.83668e-05 -6.5 2 1
2.95699e-05 -6.5 2 0.5
2.06273e-05 -5.5 1.5 2.5
7.47884e-05 -5.5 1.5 2
0.000103037 -5.5 1.5 1.5
0.000130554 -6 2 2
9.32424e-05 -5.5 1.5 1
0.00022032 -6 2 1.5
3.97702e-05 -5.5 1.5 0.5
0.000225995 -6 2 1
0.00011402 -6.5 2.5 1.5
0.000114605 -6 2 0.5
0.000189851 -6.5 2.5 1
0.000182229 -6.5 2.5 0.5
6.51997e-05 -7 3 1
4.06112e-05 -6.5 2.5 0
8.60477e-05 -7 3 0.5
7.36545e-05 -7 3 0
2.16329e-05 -7.5 3.5 0
2.14067e-05 -7.5 3.5 -0.5
2.78816e-05 -5 1.5 2.5
8.10647e-05 -5 1.5 2
0.000152575 -5.5 2 2.5
0.000112943 -5 1.5 1.5
0.000439018 -5.5 2 2
7.71526e-05 -6 2.5 2.5
0.000109328 -5 1.5 1
0.000562286 -5.5 2 1.5
0.000718848 -6 2.5 2
6.16886e-05 -5 1.5 0.5
0.000526513 -5.5 2 1
0.00108428 -6 2.5 1.5
0.00015025 -6.5 3 2
0.000253903 -5.5 2 0.5
0.00110659 -6 2.5 1
0.000640491 -6.5 3 1.5
2.69472e-05 -5.5 2 0
0.00060033 -6 2.5 0.5
0.000829245 -6.5 3 1
9.12557e-05 -7 3.5 1.5
7.61432e-05 -6 2.5 0
0.000775516 -6.5 3 0.5
0.000188079 -7 3.5 1
0.000216772 -6.5 3 0
0.000224222 -7 3.5 0.5
3.7113e-05 -6.5 3 -0.5
0.00024866 -7 3.5 0
9.4202e-05 -7 3.5 -0.5
2.19122e-05 -7.5 4 0
2.31239e-05 -7 3.5 -1
2.72196e-05 -7.5 4 -0.5
3.41053e-05 -7.5 4 -1
2.44877e-05 -5 2 3
3.92504e-05 -4.5 1.5 2
0.000194651 -5 2 2.5
4.27791e-05 -5.5 2.5 3
7.17126e-05 -4.5 1.5 1.5
0.000474938 -5 2 2
0.000850305 -5.5 2.5 2.5
7.39579e-05 -4.5 1.5 1
0.000609679 -5 2 1.5
0.00198263 -5.5 2.5 2
0.000971653 -6 3 2.5
5.04681e-05 -4.5 1.5 0.5
0.000596029 -5 2 1
0.00237181 -5.5 2.5 1.5
0.00300384 -6 3 2
5.74591e-05 -6.5 3.5 2.5
0.000359044 -5 2 0.5
0.00225754 -5.5 2.5 1
0.00368757 -6 3 1.5
0.00104338 -6.5 3.5 2
7.3309e-05 -5 2 0
0.0011952 -5.5 2.5 0.5
0.00368689 -6 3 1
0.00170571 -6.5 3.5 1.5
0.00021398 -5.5 2.5 0
0.0023369 -6 3 0.5
0.00194332 -6.5 3.5 1
7.37919e-05 -7 4 1.5
0.000528243 -6 3 0
0.00195911 -6.5 3.5 0.5
0.000216117 -7 4 1
6.59101e-05 -6 3 -0.5
0.00102716 -6.5 3.5 0
0.000278946 -7 4 0.5
0.000168232 -6.5 3.5 -0.5
0.000330114 -7 4 0
3.98909e-05 -6.5 3.5 -1
0.000309748 -7 4 -0.5
7.58558e-05 -7 4 -1
2.20654e-05 -7.5 4.5 -1.5
2.35711e-05 -7 4 -1.5
2.96665e-05 -7.5 4.5 -1
2.17983e-05 -4.5 2 3
0.000117067 -4.5 2 2.5
0.000185212 -5 2.5 3
0.000285678 -4.5 2 2
0.000994625 -5 2.5 2.5
0.000668906 -5.5 3 3
0.000421175 -4.5 2 1.5
0.00206011 -5 2.5 2
0.00327065 -5.5 3 2.5
0.000456062 -6 3.5 3
0.000424098 -4.5 2 1
0.00244939 -5 2.5 1.5
0.00577465 -5.5 3 2
0.00353619 -6 3.5 2.5
0.000299511 -4.5 2 0.5
0.00231754 -5 2.5 1
0.00644156 -5.5 3 1.5
0.00654618 -6 3.5 2
2.10875e-05 -6.5 4 2.5
0.000107719 -4.5 2 0
0.00145305 -5 2.5 0.5
0.0061763 -5.5 3 1
0.00731238 -6 3.5 1.5
0.000812952 -6.5 4 2
0.000419471 -5 2.5 0
0.00391967 -5.5 3 0.5
0.00727209 -6 3.5 1
0.0018685 -6.5 4 1.5
3.38766e-05 -5 2.5 -0.5
0.00116089 -5.5 3 0
0.00547182 -6 3.5 0.5
0.00227904 -6.5 4 1
0.000129501 -5.5 3 -0.5
0.00234515 -6 3.5 0
0.00243413 -6.5 4 0.5
0.000153182 -7 4.5 1
0.000386295 -6 3.5 -0.5
0.00205222 -6.5 4 0
0.000218746 -7 4.5 0.5
7.07654e-05 -6 3.5 -1
0.000800723 -6.5 4 -0.5
0.000254204 -7 4.5 0
0.000132257 -6.5 4 -1
0.000297256 -7 4.5 -0.5
3.23232e-05 -6.5 4 -1.5
0.000166352 -7 4.5 -1
2.64407e-05 -7 4.5 -1.5
0.000146234 -4.5 2.5 3
7.64495e-05 -5 3 3.5
0.000548554 -4.5 2.5 2.5
0.000976193 -5 3 3
0.000164487 -5.5 3.5 3.5
7.57015e-05 -4 2 1.5
0.00113323 -4.5 2.5 2
0.0033546 -5 3 2.5
0.00244571 -5.5 3.5 3
0.000132276 -4 2 1
0.00155871 -4.5 2.5 1.5
0.00563593 -5 3 2
0.00684768 -5.5 3.5 2.5
0.000264126 -6 4 3
0.000130084 -4 2 0.5
0.00154077 -4.5 2.5 1
0.00631664 -5 3 1.5
0.010521 -5.5 3.5 2
0.00303654 -6 4 2.5
7.57293e-05 -4 2 0
0.00113377 -4.5 2.5 0.5
0.00602366 -5 3 1
0.0113275 -5.5 3.5 1.5
0.00660591 -6 4 2
2.43969e-05 -4 2 -0.5
0.000490471 -4.5 2.5 0
0.00404075 -5 3 0.5
0.0109372 -5.5 3.5 1
0.00799066 -6 4 1.5
7.67705e-05 -4.5 2.5 -0.5
0.00162183 -5 3 0
0.00793125 -5.5 3.5 0.5
0.0081727 -6 4 1
0.00143947 -6.5 4.5 1.5
0.000238272 -5 3 -0.5
0.00368655 -5.5 3.5 0
0.00734668 -6 4 0.5
0.00188197 -6.5 4.5 1
2.24e-05 -5 3 -1
0.000755172 -5.5 3.5 -0.5
0.0043806 -6 4 0
0.00202787 -6.5 4.5 0.5
5.03945e-05 -7 5 1
0.000107894 -5.5 3.5 -1
0.00155902 -6 4 -0.5
0.00194182 -6.5 4.5 0
0.000119856 -7 5 0.5
0.000237506 -6 4 -1
0.00108895 -6.5 4.5 -0.5
0.000143768 -7 5 0
4.21797e-05 -6 4 -1.5
0.000357796 -6.5 4.5 -1
5.71907e-05 -6.5 4.5 -1.5
4.53571e-05 -7 5 -1.5
0.000136722 -7 5 -1
0.000161755 -7 5 -0.5
0.000368309 -6.5 4.5 2
9.25096e-05 -4.5 3 3.5
0.000567999 -4.5 3 3
0.000404198 -5 3.5 3.5
7.97445e-05 -4 2.5 2
0.00159565 -4.5 3 2.5
0.00264275 -5 3.5 3
0.000234774 -5.5 4 3.5
0.000254358 -4 2.5 1.5
0.00294156 -4.5 3 2
0.0066541 -5 3.5 2.5
0.00270142 -5.5 4 3
0.000451074 -4 2.5 1
0.00378745 -4.5 3 1.5
0.0100699 -5 3.5 2
0.00745015 -5.5 4 2.5
0.000448807 -4 2.5 0.5
0.00371146 -4.5 3 1
0.010884 -5 3.5 1.5
0.0116973 -5.5 4 2
0.00194217 -6 4.5 2.5
0.000308078 -4 2.5 0
0.0028834 -4.5 3 0.5
0.0104455 -5 3.5 1
0.0127511 -5.5 4 1.5
9.53731e-05 -4 2.5 -0.5
0.00141535 -4.5 3 0
0.00759605 -5 3.5 0.5
0.0125279 -5.5 4 1
0.00695384 -6 4.5 1.5
3.8526e-05 -6.5 5 2
0.000365774 -4.5 3 -0.5
0.00380733 -5 3.5 0
0.00999304 -5.5 4 0.5
0.00714877 -6 4.5 1
3.34479e-05 -4.5 3 -1
0.00102477 -5 3.5 -0.5
0.00581372 -5.5 4 0
0.00660958 -6 4.5 0.5
0.00014199 -5 3.5 -1
0.00220671 -5.5 4 -0.5
0.00441053 -6 4.5 0
0.0012219 -6.5 5 0.5
0.000363717 -5.5 4 -1
0.00211718 -6 4.5 -0.5
0.0011868 -6.5 5 0
5.3343e-05 -5.5 4 -1.5
0.000608322 -6 4.5 -1
0.000105216 -6 4.5 -1.5
8.95077e-05 -6.5 5 -1.5
2.30727e-05 -7 5.5 -1.5
3.71096e-05 -7 5.5 -1
0.000363465 -6.5 5 -1
2.87692e-05 -7 5.5 -0.5
0.00077043 -6.5 5 -0.5
2.66818e-05 -7 5.5 0
0.00110556 -6.5 5 1
0.000691862 -6.5 5 1.5
0.00542235 -6 4.5 2
3.12522e-05 -4.5 3.5 4
0.000314652 -4.5 3.5 3.5
7.05478e-05 -5 4 4
2.05917e-05 -4 3 2.5
0.00137496 -4.5 3.5 3
0.000677064 -5 4 3.5
0.000230318 -4 3 2
0.00335859 -4.5 3.5 2.5
0.00331514 -5 4 3
0.000129452 -5.5 4.5 3.5
0.000617813 -4 3 1.5
0.00558879 -4.5 3.5 2
0.00782412 -5 4 2.5
0.00207411 -5.5 4.5 3
4.35481e-05 -3.5 2.5 0.5
0.00101868 -4 3 1
0.00658354 -4.5 3.5 1.5
0.0117128 -5 4 2
0.00645108 -5.5 4.5 2.5
7.25126e-05 -3.5 2.5 0
0.00102421 -4 3 0.5
0.0063574 -4.5 3.5 1
0.012622 -5 4 1.5
0.00291514 -6 5 2
0.0105082 -5.5 4.5 2
4.42905e-05 -3.5 2.5 -0.5
0.000780189 -4 3 0
0.0050011 -4.5 3.5 0.5
0.0122617 -5 4 1
0.000318388 -4 3 -0.5
0.00285756 -4.5 3.5 0
0.00949837 -5 4 0.5
0.0114195 -5.5 4.5 1
4.65435e-05 -4 3 -1
0.00100181 -4.5 3.5 -0.5
0.00546113 -5 4 0
0.00917457 -5.5 4.5 0.5
0.000149172 -4.5 3.5 -1
0.00214447 -5 4 -0.5
0.00569413 -5.5 4.5 0
0.000432203 -5 4 -1
0.00264268 -5.5 4.5 -0.5
0.00274514 -6 5 0
5.78879e-05 -5 4 -1.5
0.000782922 -5.5 4.5 -1
0.000137758 -5.5 4.5 -1.5
0.000151468 -6 5 -1.5
5.12034e-05 -6.5 5.5 -1.5
0.000110421 -6.5 5.5 -1
0.000631649 -6 5 -1
0.000201592 -6.5 5.5 -0.5
0.00149984 -6 5 -0.5
0.000293354 -6.5 5.5 0
0.000304292 -6.5 5.5 0.5
0.00402446 -6 5 0.5
0.000239928 -6.5 5.5 1
0.00436676 -6 5 1
0.00420115 -6 5 1.5
0.0116229 -5.5 4.5 1.5
0.000602579 -6 5 2.5
7.7982e-05 -4.5 4 4
0.000618856 -4.5 4 3.5
5.4349e-05 -5 4.5 4
0.000143413 -4 3.5 2.5
0.00238848 -4.5 4 3
0.000592336 -5 4.5 3.5
0.000685487 -4 3.5 2
0.00506778 -4.5 4 2.5
0.00297732 -5 4.5 3
0.0012996 -4 3.5 1.5
0.00760937 -4.5 4 2
0.00708563 -5 4.5 2.5
0.000875279 -5.5 5 3
7.90724e-05 -3.5 3 0.5
0.00177726 -4 3.5 1
0.0084279 -4.5 4 1.5
0.0108383 -5 4.5 2
0.00390918 -5.5 5 2.5
0.000161741 -3.5 3 0
0.0017297 -4 3.5 0.5
0.00803933 -4.5 4 1
0.0117182 -5 4.5 1.5
0.000127682 -3.5 3 -0.5
0.00131285 -4 3.5 0
0.00618982 -4.5 4 0.5
0.0113552 -5 4.5 1
3.78549e-05 -3.5 3 -1
0.000644913 -4 3.5 -0.5
0.0036986 -4.5 4 0
0.0088435 -5 4.5 0.5
0.00709409 -5.5 5 1
0.00102573 -6 5.5 1.5
0.000154707 -4 3.5 -1
0.00161364 -4.5 4 -0.5
0.00530794 -5 4.5 0
0.000394176 -4.5 4 -1
0.0024197 -5 4.5 -0.5
0.0034035 -5.5 5 0
0.00108468 -6 5.5 0.5
4.71408e-05 -4.5 4 -1.5
0.000732916 -5 4.5 -1
0.000134951 -5 4.5 -1.5
0.000707294 -5.5 5 -1
0.000184823 -5.5 5 -1.5
2.0692e-05 -6 5.5 -2
2.3053e-05 -5.5 5 -2
7.5894e-05 -6 5.5 -1.5
0.000183864 -6 5.5 -1
0.000409464 -6 5.5 -0.5
0.0017303 -5.5 5 -0.5
0.000735369 -6 5.5 0
0.00547783 -5.5 5 0.5
0.00115906 -6 5.5 1
0.00738549 -5.5 5 1.5
0.0002971 -6 5.5 2
0.00671574 -5.5 5 2
6.92145e-05 -4 4 3.5
8.8595e-05 -4.5 4.5 4
0.000225135 -4 4 3
0.000687514 -4.5 4.5 3.5
2.32776e-05 -5 5 4
0.000682502 -4 4 2.5
0.00266313 -4.5 4.5 3
0.000413548 -5 5 3.5
0.00155074 -4 4 2
0.00549548 -4.5 4.5 2.5
0.00219212 -5 5 3
0.00228939 -4 4 1.5
0.00779838 -4.5 4.5 2
0.00500489 -5 5 2.5
0.000126839 -3.5 3.5 0.5
0.00255684 -4 4 1
0.00833609 -4.5 4.5 1.5
0.00725877 -5 5 2
0.000240851 -3.5 3.5 0
0.00229445 -4 4 0.5
0.00785555 -4.5 4.5 1
0.00762835 -5 5 1.5
0.00192119 -5.5 5.5 2
0.00020718 -3.5 3.5 -0.5
0.00160164 -4 4 0
0.00586044 -4.5 4.5 0.5
0.00714277 -5 5 1
8.74044e-05 -3.5 3.5 -1
0.000827471 -4 4 -0.5
0.00346624 -4.5 4.5 0
0.00527279 -5 5 0.5
0.00206442 -5.5 5.5 1
0.000266616 -4 4 -1
0.00160602 -4.5 4.5 -0.5
4.62336e-05 -4 4 -1.5
0.000530864 -4.5 4.5 -1
0.00150739 -5 5 -0.5
9.77606e-05 -4.5 4.5 -1.5
0.000597467 -5 5 -1
2.00219e-05 -4.5 4.5 -2
2.28257e-05 -5.5 5.5 -2
2.26262e-05 -5 5 -2
7.77123e-05 -5.5 5.5 -1.5
0.00016611 -5 5 -1.5
0.000198576 -5.5 5.5 -1
0.000461059 -5.5 5.5 -0.5
0.00089259 -5.5 5.5 0
0.00310886 -5 5 0
0.00147674 -5.5 5.5 0.5
0.0021934 -5.5 5.5 1.5
0.000801502 -5.5 5.5 2.5
6.48915e-05 -4 4.5 4
0.000264917 -4 4.5 3.5
7.79641e-05 -4.5 5 4
0.000607927 -4 4.5 3
0.000568602 -4.5 5 3.5
0.00136396 -4 4.5 2.5
0.00219766 -4.5 5 3
8.44935e-05 -5 5.5 3.5
0.00231469 -4 4.5 2
0.00442408 -4.5 5 2.5
9.25963e-05 -3.5 4 1
0.00289103 -4 4.5 1.5
0.00580336 -4.5 5 2
0.00189576 -5 5.5 2.5
0.00022438 -3.5 4 0.5
0.002812 -4 4.5 1
0.00589445 -4.5 5 1.5
0.0025023 -5 5.5 2
0.000288996 -3.5 4 0
0.00229574 -4 4.5 0.5
0.00512691 -4.5 5 1
2.12024e-05 -3 3.5 -1
0.000233674 -3.5 4 -0.5
0.00145386 -4 4.5 0
3.64092e-05 -5.5 6 1
0.000108685 -3.5 4 -1
0.000723018 -4 4.5 -0.5
3.79389e-05 -5.5 6 0.5
0.0019428 -4.5 5 0
2.77445e-05 -3.5 4 -1.5
0.000273238 -4 4.5 -1
3.6003e-05 -5.5 6 0
0.000896565 -4.5 5 -0.5
2.43899e-05 -5.5 6 -0.5
6.00024e-05 -4 4.5 -1.5
0.000348294 -4.5 5 -1
5.88635e-05 -5 5.5 -1.5
0.000110131 -4.5 5 -1.5
0.000156665 -5 5.5 -1
0.00038815 -5 5.5 -0.5
0.000808014 -5 5.5 0
0.00144905 -5 5.5 0.5
0.00348303 -4.5 5 0.5
0.00215126 -5 5.5 1
0.00251503 -5 5.5 1.5
7.80851e-05 -4 5 4
0.000401524 -4 5 3.5
4.21903e-05 -4.5 5.5 4
0.001009 -4 5 3
0.000351164 -4.5 5.5 3.5
0.00179724 -4 5 2.5
0.00109954 -4.5 5.5 3
0.00011961 -3.5 4.5 1.5
0.00241286 -4 5 2
0.00197445 -4.5 5.5 2.5
0.000237486 -3.5 4.5 1
0.000308856 -3.5 4.5 0.5
0.00214225 -4 5 1
0.00222301 -4.5 5.5 1.5
0.000107914 -5 6 1.5
0.000274241 -3.5 4.5 0
0.00146141 -4 5 0.5
0.00167686 -4.5 5.5 1
2.20958e-05 -3 4 -1
7.28909e-05 -5 6 0.5
0.000181343 -3.5 4.5 -0.5
0.0007966 -4 5 0
0.000996047 -4.5 5.5 0.5
8.46695e-05 -3.5 4.5 -1
0.000355559 -4 5 -0.5
4.25794e-05 -5 6 0
3.00076e-05 -5 6 -0.5
2.77313e-05 -3.5 4.5 -1.5
3.84136e-05 -4 5 -1.5
2.84076e-05 -4.5 5.5 -1.5
7.86442e-05 -4.5 5.5 -1
0.000138762 -4 5 -1
0.000215698 -4.5 5.5 -0.5
0.000499978 -4.5 5.5 0
0.000108544 -5 6 1
3.7811e-05 -5 6 2
0.00247502 -4 5 1.5
5.03348e-05 -4 5.5 4
0.000333015 -4 5.5 3.5
5.80598e-05 -3.5 5 2.5
0.000837908 -4 5.5 3
0.000208189 -3.5 5 2
0.000322859 -3.5 5 1.5
0.00134346 -4 5.5 2
0.000228857 -4.5 6 2.5
0.000349277 -3.5 5 1
0.000198002 -4.5 6 1.5
0.00122141 -4 5.5 1.5
0.00029424 -3.5 5 0.5
0.000176884 -3.5 5 0
7.35498e-05 -4.5 6 0.5
0.000468143 -4 5.5 0.5
2.97953e-05 -3.5 5 -1
2.03715e-05 -4 5.5 -1.5
2.5446e-05 -4 5.5 -1
2.55828e-05 -4.5 6 -0.5
7.32351e-05 -4 5.5 -0.5
3.55684e-05 -4.5 6 0
8.73661e-05 -3.5 5 -0.5
0.000210566 -4 5.5 0
0.000125393 -4.5 6 1
0.000848706 -4 5.5 1
0.000246751 -4.5 6 2
0.00126821 -4 5.5 2.5
2.0407e-05 -3.5 5.5 4
7.35226e-05 -3.5 5.5 3.5
0.000176873 -3.5 5.5 3
0.000112987 -4 6 3.5
0.000305816 -3.5 5.5 2.5
0.000239198 -4 6 3
0.000377164 -3.5 5.5 2
0.00028068 -4 6 2.5
0.000354246 -3.5 5.5 1.5
0.000264457 -4 6 2
0.000258926 -3.5 5.5 1
0.000100905 -4 6 1
5.66811e-05 -3.5 5.5 0
2.11026e-05 -3.5 5.5 -0.5
2.56701e-05 -4 6 0
4.37399e-05 -4 6 0.5
0.000144501 -3.5 5.5 0.5
6.72133e-05 -3.5 6 3.5
0.000188716 -4 6 1.5
0.000145165 -3.5 6 3
2.08873e-05 -3 5.5 1.5
2.43782e-05 -3 5.5 1
0.000101951 -3.5 6 1.5
2.06926e-05 -3.5 6 0.5
5.22625e-05 -3.5 6 1
2.64179e-05 -3 6 2.5
2.89168e-05 -3 6 2
2.35414e-05 -3 6 1.5
0.000157647 -3.5 6 2
0.000173556 -3.5 6 2.5
0.00012863 -4.5 6 3
0.00230353 -4.5 5.5 2
0.000837775 -5 5.5 3
