0.815153
4.56081e-05 -5 -10.5 -19.5
6.15376e-05 -5 -10.5 -19
6.60387e-05 -5 -10.5 -18.5
5.76382e-05 -5 -10.5 -18
3.72618e-05 -5 -10.5 -17.5
5.01639e-05 -4.5 -10 -21
0.000126965 -4.5 -10 -20.5
0.000207527 -4.5 -10 -20
0.00027322 -4.5 -10 -19.5
0.000276955 -4.5 -10 -19
0.000216673 -4.5 -10 -18.5
0.000110509 -4.5 -10 -18
2.91297e-05 -4.5 -10 -17.5
2.59277e-05 -5.5 -11.5 -16.5
0.000132186 -5 -11 -17.5
4.33691e-05 -5.5 -11.5 -17
4.96264e-05 -5.5 -11.5 -17.5
4.40157e-05 -5.5 -11.5 -18
3.3899e-05 -5.5 -11.5 -18.5
0.000186222 -5 -11 -19
0.000121183 -5 -11 -19.5
2.11911e-05 -5 -11 -20.5
6.48045e-05 -4.5 -10.5 -21
0.000178288 -4.5 -10.5 -20.5
6.12453e-05 -5 -11 -20
0.000325339 -4.5 -10.5 -20
0.000434078 -4.5 -10.5 -19.5
0.000468833 -4.5 -10.5 -19
0.000210711 -5 -11 -18.5
0.000415033 -4.5 -10.5 -18.5
0.000190978 -5 -11 -18
0.00027321 -4.5 -10.5 -18
0.000115737 -4.5 -10.5 -17.5
5.64781e-05 -5 -11 -17
3.85466e-05 -4 -10 -17.5
0.000190143 -4 -10 -18
0.000639161 -4 -10 -19
2.45938e-05 -4 -10 -22
8.2527e-05 -4 -10 -21.5
2.4436e-05 -4.5 -9.5 -21
0.000243472 -4 -10 -21
5.38512e-05 -4.5 -9.5 -20.5
0.000456376 -4 -10 -20.5
8.34869e-05 -4.5 -9.5 -20
0.000619157 -4 -10 -20
0.00010364 -4.5 -9.5 -19.5
0.000697298 -4 -10 -19.5
0.000102287 -4.5 -9.5 -19
6.89042e-05 -4.5 -9.5 -18.5
0.000427869 -4 -10 -18.5
2.89212e-05 -4.5 -9.5 -18
2.14015e-05 -6 -12.5 -15.5
3.47004e-05 -5.5 -12 -16
5.30436e-05 -5 -11.5 -16.5
0.000173662 -5 -11.5 -17
9.25944e-05 -5.5 -12 -16.5
3.75577e-05 -6 -12.5 -16
4.21039e-05 -6 -12.5 -16.5
3.66594e-05 -6 -12.5 -17
2.74352e-05 -6 -12.5 -17.5
0.000157081 -5.5 -12 -18
0.000105973 -5.5 -12 -18.5
2.45702e-05 -5.5 -12 -19.5
4.19147e-05 -4 -10.5 -21.5
5.29387e-05 -4.5 -11 -21
3.42327e-05 -5 -11.5 -20.5
0.000166205 -4 -10.5 -21
0.000161012 -4.5 -11 -20.5
9.98672e-05 -5 -11.5 -20
0.00038161 -4 -10.5 -20.5
0.000324587 -4.5 -11 -20
0.000204988 -5 -11.5 -19.5
5.74759e-05 -5.5 -12 -19
0.00058391 -4 -10.5 -20
0.000496966 -4.5 -11 -19.5
0.000319496 -5 -11.5 -19
0.000694805 -4 -10.5 -19.5
0.000603261 -4.5 -11 -19
0.000376064 -5 -11.5 -18.5
0.000690862 -4 -10.5 -19
0.000552234 -4.5 -11 -18.5
0.000362898 -5 -11.5 -18
0.000168751 -5.5 -12 -17.5
0.000575019 -4 -10.5 -18.5
0.000440889 -4.5 -11 -18
0.000301301 -5 -11.5 -17.5
0.000145596 -5.5 -12 -17
0.000351293 -4 -10.5 -18
0.000257009 -4.5 -11 -17.5
0.000128012 -4 -10.5 -17.5
8.61126e-05 -4.5 -11 -17
0.000112001 -3.5 -10 -18
0.000280303 -3.5 -10 -18.5
0.000506577 -3.5 -10 -19
0.000660542 -3.5 -10 -19.5
0.000666271 -3.5 -10 -20
0.000538496 -3.5 -10 -20.5
0.000313992 -3.5 -10 -21
0.000115514 -3.5 -10 -21.5
2.16752e-05 -4 -9.5 -22
0.00010312 -4 -9.5 -21.5
0.000273382 -4 -9.5 -21
0.00046491 -4 -9.5 -20.5
0.000597081 -4 -9.5 -20
0.000570503 -4 -9.5 -19.5
2.1819e-05 -4.5 -9 -19
0.000455047 -4 -9.5 -19
0.000247049 -4 -9.5 -18.5
7.92067e-05 -4 -9.5 -18
2.48579e-05 -6.5 -13.5 -14.5
3.19983e-05 -6 -13 -15
3.87682e-05 -5.5 -12.5 -15.5
3.7536e-05 -6.5 -13.5 -15
7.98709e-05 -6 -13 -15.5
2.23312e-05 -3.5 -10.5 -17.5
0.000121843 -6 -13 -16
4.15302e-05 -6.5 -13.5 -15.5
0.000101449 -3.5 -10.5 -18
0.000223456 -5.5 -12.5 -16.5
0.000139853 -6 -13 -16.5
3.47619e-05 -6.5 -13.5 -16
0.000294008 -5.5 -12.5 -17
0.00022408 -3.5 -10.5 -18.5
0.000520649 -5 -12 -18
9.42255e-05 -6 -13 -17.5
0.000450405 -3.5 -10.5 -19.5
0.000484462 -5 -12 -18.5
0.000412389 -3.5 -10.5 -20
0.000298108 -3.5 -10.5 -20.5
0.000453477 -4 -11 -20
0.000147316 -3.5 -10.5 -21
0.000244088 -4 -11 -20.5
3.91868e-05 -3.5 -10.5 -21.5
2.6395e-05 -4.5 -11.5 -21
2.32319e-05 -5 -12 -20.5
8.58194e-05 -4 -11 -21
0.000104638 -4.5 -11.5 -20.5
9.05456e-05 -5 -12 -20
4.60471e-05 -5.5 -12.5 -19.5
0.000261387 -4.5 -11.5 -20
0.000204217 -5 -12 -19.5
0.000108996 -5.5 -12.5 -19
0.000443621 -4.5 -11.5 -19.5
0.0003523 -5 -12 -19
0.000197588 -5.5 -12.5 -18.5
5.24642e-05 -6 -13 -18
0.000610261 -4 -11 -19.5
0.00059671 -4.5 -11.5 -19
0.000280355 -5.5 -12.5 -18
0.000650537 -4 -11 -19
0.000639952 -4.5 -11.5 -18.5
0.000319588 -5.5 -12.5 -17.5
0.000131278 -6 -13 -17
0.000363944 -3.5 -10.5 -19
0.000567191 -4 -11 -18.5
0.000579304 -4.5 -11.5 -18
0.000448687 -5 -12 -17.5
0.000370567 -4 -11 -18
0.000413719 -4.5 -11.5 -17.5
0.000314634 -5 -12 -17
0.000185359 -4 -11 -17.5
0.000204045 -4.5 -11.5 -17
0.000165872 -5 -12 -16.5
0.000124868 -5.5 -12.5 -16
5.05525e-05 -4 -11 -17
5.00245e-05 -4.5 -11.5 -16.5
4.55025e-05 -5 -12 -16
3.05633e-05 -3 -10 -18.5
8.44876e-05 -3.5 -9.5 -18
7.61136e-05 -3 -10 -19
0.000120076 -3 -10 -19.5
0.000558466 -3.5 -9.5 -19
0.000134421 -3 -10 -20
0.000732121 -3.5 -9.5 -19.5
0.000360105 -4 -9 -19.5
0.000133723 -3 -10 -20.5
0.000103636 -3 -10 -21
4.44389e-05 -3 -10 -21.5
4.90211e-05 -3.5 -9.5 -22
0.000100419 -4 -9 -21.5
0.000221863 -3.5 -9.5 -21.5
0.000221662 -4 -9 -21
0.000479676 -3.5 -9.5 -21
2.07711e-05 -4 -9 -22
0.000324448 -4 -9 -20.5
0.000702845 -3.5 -9.5 -20.5
0.000378828 -4 -9 -20
0.000800165 -3.5 -9.5 -20
0.000256161 -4 -9 -19
0.000107087 -4 -9 -18.5
0.000283672 -3.5 -9.5 -18.5
2.09845e-05 -7 -14.5 -13
3.65639e-05 -7 -14.5 -13.5
4.42036e-05 -6.5 -14 -14
4.53572e-05 -6 -13.5 -14.5
3.81384e-05 -5.5 -13 -15
4.32797e-05 -7 -14.5 -14
8.39047e-05 -6.5 -14 -14.5
0.000113591 -6 -13.5 -15
2.1065e-05 -3.5 -11 -17.5
4.3716e-05 -7 -14.5 -14.5
0.000113199 -6.5 -14 -15
0.000244958 -5.5 -13 -16
6.60594e-05 -3.5 -11 -18
3.28401e-05 -7 -14.5 -15
0.000124593 -6.5 -14 -15.5
0.00036339 -5.5 -13 -16.5
0.000248778 -6 -13.5 -16
3.05593e-05 -3 -10.5 -19
0.000133891 -3.5 -11 -18.5
0.000111236 -6.5 -14 -16
0.000268706 -6 -13.5 -16.5
4.0873e-05 -3 -10.5 -19.5
7.80558e-05 -6.5 -14 -16.5
0.000195345 -3.5 -11 -19
0.000236855 -6 -13.5 -17
4.25773e-05 -3 -10.5 -20
0.000230978 -3.5 -11 -19.5
0.000489411 -4 -11.5 -19
3.6377e-05 -3 -10.5 -20.5
0.000188619 -3.5 -11 -20
0.00042352 -4 -11.5 -19.5
0.000112444 -3.5 -11 -20.5
4.86706e-05 -6 -13.5 -18.5
0.000267945 -4 -11.5 -20
3.87433e-05 -3.5 -11 -21
0.000110539 -4 -11.5 -20.5
2.73191e-05 -4 -11.5 -21
5.14762e-05 -4.5 -12 -20.5
5.99683e-05 -5 -12.5 -20
4.59481e-05 -5.5 -13 -19.5
0.000162615 -4.5 -12 -20
0.000162588 -5 -12.5 -19.5
0.000109972 -5.5 -13 -19
0.00033329 -4.5 -12 -19.5
0.000307736 -5 -12.5 -19
0.000213576 -5.5 -13 -18.5
0.000101237 -6 -13.5 -18
0.000511329 -4.5 -12 -19
0.000454115 -5 -12.5 -18.5
0.000339703 -5.5 -13 -18
0.000171978 -6 -13.5 -17.5
4.59149e-05 -6.5 -14 -17
0.000605702 -4.5 -12 -18.5
0.000533868 -5 -12.5 -18
0.000437891 -5.5 -13 -17.5
0.000445237 -4 -11.5 -18.5
0.00057098 -4.5 -12 -18
0.000555361 -5 -12.5 -17.5
0.000432312 -5.5 -13 -17
0.000323425 -4 -11.5 -18
0.000473862 -4.5 -12 -17.5
0.000474025 -5 -12.5 -17
0.000172158 -4 -11.5 -17.5
0.000296089 -4.5 -12 -17
0.000301586 -5 -12.5 -16.5
0.000192156 -6 -13.5 -15.5
5.64679e-05 -4 -11.5 -17
0.000123194 -4.5 -12 -16.5
0.000139825 -5 -12.5 -16
0.000131451 -5.5 -13 -15.5
2.69502e-05 -5 -12.5 -15.5
4.63935e-05 -3 -9.5 -18.5
2.18666e-05 -3.5 -9 -18
0.000153018 -3 -9.5 -19
0.000160583 -3.5 -9 -18.5
0.000280352 -3 -9.5 -19.5
0.000337224 -3 -9.5 -20
0.000724149 -3.5 -9 -19.5
9.47373e-05 -4 -8.5 -19
0.000355096 -3 -9.5 -20.5
0.000298608 -3 -9.5 -21
0.000155985 -3 -9.5 -21.5
4.30518e-05 -3 -9.5 -22
9.48996e-05 -3.5 -9 -22
4.76746e-05 -4 -8.5 -21.5
0.000320273 -3.5 -9 -21.5
0.00010115 -4 -8.5 -21
0.000586194 -3.5 -9 -21
2.01803e-05 -3.5 -9 -22.5
0.000155095 -4 -8.5 -20.5
0.000756441 -3.5 -9 -20.5
0.000174714 -4 -8.5 -20
0.00083073 -3.5 -9 -20
0.000162254 -4 -8.5 -19.5
0.000435396 -3.5 -9 -19
2.50374e-05 -8 -16 -11
2.54949e-05 -7.5 -15.5 -11.5
2.85764e-05 -8 -16 -11.5
4.19682e-05 -7.5 -15.5 -12
3.65672e-05 -7 -15 -12.5
2.46004e-05 -6.5 -14.5 -13
2.1809e-05 -8 -16 -12
5.16955e-05 -7.5 -15.5 -12.5
7.51906e-05 -7 -15 -13
7.15359e-05 -6.5 -14.5 -13.5
5.51293e-05 -6 -14 -14
5.26818e-05 -7.5 -15.5 -13
0.000103939 -7 -15 -13.5
0.000133167 -6.5 -14.5 -14
0.000135971 -6 -14 -14.5
4.75691e-05 -7.5 -15.5 -13.5
0.000117571 -7 -15 -14
0.000188331 -6.5 -14.5 -14.5
4.3846e-05 -4.5 -12.5 -16
3.37873e-05 -7.5 -15.5 -14
0.000116843 -7 -15 -14.5
5.33036e-05 -4 -12 -17
0.000219625 -6.5 -14.5 -15
0.000312439 -6 -14 -15.5
3.53346e-05 -3.5 -11.5 -18
9.56071e-05 -7 -15 -15
0.000127973 -4 -12 -17.5
0.000229767 -6.5 -14.5 -15.5
0.000366709 -6 -14 -16
5.82498e-05 -3.5 -11.5 -18.5
6.29603e-05 -7 -15 -15.5
0.000216466 -4 -12 -18
0.000196431 -6.5 -14.5 -16
7.46018e-05 -3.5 -11.5 -19
3.62046e-05 -7 -15 -16
0.000262073 -4 -12 -18.5
0.000142169 -6.5 -14.5 -16.5
8.04871e-05 -3.5 -11.5 -19.5
0.000272516 -4 -12 -19
8.62979e-05 -6.5 -14.5 -17
5.34175e-05 -3.5 -11.5 -20
0.00020505 -4 -12 -19.5
4.41428e-05 -6.5 -14.5 -17.5
0.000101856 -4 -12 -20
2.52429e-05 -4 -12 -20.5
6.85567e-05 -4.5 -12.5 -20
2.83812e-05 -5 -13 -20
2.9629e-05 -5.5 -13.5 -19.5
9.44315e-05 -5 -13 -19.5
8.59953e-05 -5.5 -13.5 -19
4.89757e-05 -6 -14 -18.5
0.000189884 -4.5 -12.5 -19.5
0.000215648 -5 -13 -19
0.000182625 -5.5 -13.5 -18.5
0.000111793 -6 -14 -18
0.0003429 -4.5 -12.5 -19
0.0003651 -5 -13 -18.5
0.000307724 -5.5 -13.5 -18
0.000200686 -6 -14 -17.5
0.00047278 -4.5 -12.5 -18.5
0.000493429 -5 -13 -18
0.00042045 -5.5 -13.5 -17.5
0.000293775 -6 -14 -17
0.000480377 -4.5 -12.5 -18
0.000540654 -5 -13 -17.5
0.000458791 -5.5 -13.5 -17
0.000368867 -6 -14 -16.5
0.00040941 -4.5 -12.5 -17.5
0.000487148 -5 -13 -17
0.000464849 -5.5 -13.5 -16.5
0.000273413 -4.5 -12.5 -17
0.000388658 -5 -13 -16.5
0.000394139 -5.5 -13.5 -16
0.000129961 -4.5 -12.5 -16.5
0.000243366 -5 -13 -16
0.000255044 -5.5 -13.5 -15.5
0.000221236 -6 -14 -15
9.41198e-05 -5 -13 -15.5
0.000124743 -5.5 -13.5 -15
2.9841e-05 -5.5 -13.5 -14.5
2.75692e-05 -4 -8.5 -18.5
5.52362e-05 -3 -9 -18.5
0.000227029 -3 -9 -19
7.28823e-05 -3.5 -8.5 -18.5
0.000452283 -3 -9 -19.5
0.000592456 -3 -9 -20
0.00052535 -3.5 -8.5 -19.5
2.11153e-05 -10.5 -19 -3.5
0.000640984 -3 -9 -20.5
0.00069558 -3.5 -8.5 -20
0.000576595 -3 -9 -21
0.000738259 -3.5 -8.5 -20.5
2.4575e-05 -10 -18.5 -5
0.000350569 -3 -9 -21.5
0.000622295 -3.5 -8.5 -21
0.000118249 -3 -9 -22
2.57577e-05 -10 -18.5 -5.5
2.54968e-05 -9.5 -18 -6
2.41136e-05 -3 -9 -22.5
0.000130384 -3.5 -8.5 -22
3.14637e-05 -9.5 -18 -6.5
2.20272e-05 -9 -17.5 -7
2.16652e-05 -3.5 -8.5 -22.5
2.76674e-05 -9.5 -18 -7
3.28798e-05 -9 -17.5 -7.5
0.000370712 -3.5 -8.5 -21.5
2.30962e-05 -4 -8 -21
3.36647e-05 -4 -8 -20.5
3.59665e-05 -9 -17.5 -8
2.95168e-05 -8.5 -17 -8.5
4.01662e-05 -4 -8 -20
3.49163e-05 -9 -17.5 -8.5
3.86477e-05 -8.5 -17 -9
2.7012e-05 -8 -16.5 -9.5
3.65389e-05 -4 -8 -19.5
2.62672e-05 -9 -17.5 -9
4.58135e-05 -8.5 -17 -9.5
4.23006e-05 -8 -16.5 -10
2.39909e-05 -7.5 -16 -10.5
4.78958e-05 -8.5 -17 -10
6.23764e-05 -8 -16.5 -10.5
4.8982e-05 -7.5 -16 -11
2.88087e-05 -7 -15.5 -11.5
3.98606e-05 -8.5 -17 -10.5
7.25709e-05 -8 -16.5 -11
8.41918e-05 -7.5 -16 -11.5
6.86203e-05 -7 -15.5 -12
3.52439e-05 -6.5 -15 -12.5
2.863e-05 -8.5 -17 -11
7.6373e-05 -8 -16.5 -11.5
0.000111089 -7.5 -16 -12
0.000112997 -7 -15.5 -12.5
9.75481e-05 -6.5 -15 -13
5.84828e-05 -6 -14.5 -13.5
6.5206e-05 -8 -16.5 -12
0.000122684 -7.5 -16 -12.5
0.000164963 -7 -15.5 -13
0.000167589 -6.5 -15 -13.5
4.84763e-05 -8 -16.5 -12.5
0.000126394 -7.5 -16 -13
0.000198484 -7 -15.5 -13.5
0.000230051 -6.5 -15 -14
3.0104e-05 -8 -16.5 -13
0.000109149 -7.5 -16 -13.5
0.00021011 -7 -15.5 -14
4.09762e-05 -4.5 -13 -16
0.00028533 -6.5 -15 -14.5
0.000346889 -6 -14.5 -15
3.56668e-05 -4 -12.5 -17
7.92956e-05 -7.5 -16 -14
0.00019684 -7 -15.5 -14.5
0.00031522 -6.5 -15 -15
0.000113253 -4.5 -13 -16.5
6.67109e-05 -4 -12.5 -17.5
4.83769e-05 -7.5 -16 -14.5
0.000162095 -7 -15.5 -15
0.00029532 -6.5 -15 -15.5
0.000196921 -4.5 -13 -17
2.06622e-05 -3.5 -12 -18.5
2.67732e-05 -7.5 -16 -15
0.000102889 -4 -12.5 -18
0.000112437 -7 -15.5 -15.5
0.000234933 -6.5 -15 -16
0.000271974 -4.5 -13 -17.5
2.25973e-05 -3.5 -12 -19
0.000110911 -4 -12.5 -18.5
6.79285e-05 -7 -15.5 -16
0.000270217 -6 -14.5 -17
9.55071e-05 -4 -12.5 -19
3.57825e-05 -7 -15.5 -16.5
0.00017304 -6 -14.5 -17.5
5.45289e-05 -4 -12.5 -19.5
4.92594e-05 -6.5 -15 -17.5
9.02069e-05 -6 -14.5 -18
2.51406e-05 -6.5 -15 -18
6.49967e-05 -4.5 -13 -19.5
3.3287e-05 -5 -13.5 -19.5
4.36625e-05 -5.5 -14 -19
3.71583e-05 -6 -14.5 -18.5
0.000109639 -5 -13.5 -19
0.000115752 -5.5 -14 -18.5
0.00015409 -4.5 -13 -19
0.000227115 -5 -13.5 -18.5
0.000224394 -5.5 -14 -18
9.7183e-05 -6.5 -15 -17
0.000253097 -4.5 -13 -18.5
0.000358444 -5 -13.5 -18
0.000347745 -5.5 -14 -17.5
0.000164271 -6.5 -15 -16.5
0.000301445 -4.5 -13 -18
0.000454678 -5 -13.5 -17.5
0.000431483 -5.5 -14 -17
0.000354635 -6 -14.5 -16.5
0.000436163 -5 -13.5 -17
0.000457298 -5.5 -14 -16.5
0.000379522 -6 -14.5 -16
0.000355225 -5 -13.5 -16.5
0.000416417 -5.5 -14 -16
0.000390606 -6 -14.5 -15.5
0.000234724 -5 -13.5 -16
0.000336332 -5.5 -14 -15.5
0.000119825 -5 -13.5 -15.5
0.000224578 -5.5 -14 -15
0.000249595 -6 -14.5 -14.5
4.26233e-05 -5 -13.5 -15
9.95586e-05 -5.5 -14 -14.5
0.000148743 -6 -14.5 -14
2.27722e-05 -5.5 -14 -14
0.000266383 -3.5 -8.5 -19
3.61296e-05 -2.5 -9 -19.5
0.000255973 -3 -8.5 -19
5.73909e-05 -2.5 -9 -20
0.000542719 -3 -8.5 -19.5
7.18341e-05 -2.5 -9 -20.5
0.000800612 -3 -8.5 -20
0.000339789 -3.5 -8 -19.5
2.99483e-05 -10.5 -19.5 -3
3.13564e-05 -10 -19 -3.5
7.89309e-05 -2.5 -9 -21
0.000878801 -3 -8.5 -20.5
3.31617e-05 -10.5 -19.5 -3.5
2.01261e-05 -9.5 -18.5 -4.5
4.13121e-05 -10 -19 -4
5.59337e-05 -2.5 -9 -21.5
3.08392e-05 -10.5 -19.5 -4
4.83031e-05 -10 -19 -4.5
4.05351e-05 -9.5 -18.5 -5
2.15592e-05 -2.5 -9 -22
0.000569573 -3 -8.5 -21.5
0.000466707 -3.5 -8 -21
2.04699e-05 -2.5 -9 -22.5
2.31679e-05 -10.5 -19.5 -4.5
4.86986e-05 -10 -19 -5
5.58955e-05 -9.5 -18.5 -5.5
4.91679e-05 -3 -8.5 -22.5
4.16983e-05 -10 -19 -5.5
0.000134906 -3.5 -8 -22
3.13242e-05 -9 -18 -6
6.06353e-05 -9.5 -18.5 -6
0.000244377 -3 -8.5 -22
0.000328524 -3.5 -8 -21.5
2.26531e-05 -3.5 -8 -22.5
3.37127e-05 -10 -19 -6
6.09793e-05 -9.5 -18.5 -6.5
5.18318e-05 -9 -18 -6.5
6.41521e-05 -9 -18 -7
4.21607e-05 -8.5 -17.5 -7.5
2.41513e-05 -10 -19 -6.5
5.3883e-05 -9.5 -18.5 -7
7.3536e-05 -9 -18 -7.5
6.10763e-05 -8.5 -17.5 -8
3.10568e-05 -8 -17 -8.5
0.000812976 -3 -8.5 -21
4.46669e-05 -9.5 -18.5 -7.5
7.56689e-05 -9 -18 -8
7.8625e-05 -8.5 -17.5 -8.5
5.47311e-05 -8 -17 -9
0.000516233 -3.5 -8 -20.5
0.000496418 -3.5 -8 -20
6.93114e-05 -9 -18 -8.5
9.39684e-05 -8.5 -17.5 -9
8.26367e-05 -8 -17 -9.5
4.47278e-05 -7.5 -16.5 -10
3.18021e-05 -9.5 -18.5 -8
5.86149e-05 -9 -18 -9
9.91968e-05 -8.5 -17.5 -9.5
0.000106206 -8 -17 -10
8.35039e-05 -7.5 -16.5 -10.5
3.94411e-05 -7 -16 -11
4.49083e-05 -9 -18 -9.5
9.50457e-05 -8.5 -17.5 -10
0.000127831 -8 -17 -10.5
0.000121232 -7.5 -16.5 -11
9.39968e-05 -7 -16 -11.5
2.9693e-05 -9 -18 -10
8.30319e-05 -8.5 -17.5 -10.5
0.000135456 -8 -17 -11
0.000158372 -7.5 -16.5 -11.5
0.000152698 -7 -16 -12
0.000113555 -6.5 -15.5 -12.5
6.35989e-05 -8.5 -17.5 -11
0.000131294 -8 -17 -11.5
0.00018919 -7.5 -16.5 -12
0.000207013 -7 -16 -12.5
0.00019208 -6.5 -15.5 -13
4.15562e-05 -8.5 -17.5 -11.5
0.000115356 -8 -17 -12
0.000203172 -7.5 -16.5 -12.5
0.000246532 -7 -16 -13
0.0002661 -6.5 -15.5 -13.5
8.90087e-05 -8 -17 -12.5
0.000191777 -7.5 -16.5 -13
0.000266127 -7 -16 -13.5
4.12208e-05 -5 -14 -15
0.000307735 -6 -15 -14.5
5.97572e-05 -8 -17 -13
3.25904e-05 -4.5 -13.5 -16
0.000161761 -7.5 -16.5 -13.5
0.000263312 -7 -16 -14
0.000331846 -6.5 -15.5 -14.5
0.000108771 -5 -14 -15.5
3.6022e-05 -8 -17 -13.5
0.000119716 -7.5 -16.5 -14
6.61558e-05 -4.5 -13.5 -16.5
0.000226857 -7 -16 -14.5
0.00031298 -6.5 -15.5 -15
0.000185199 -5 -14 -16
2.74757e-05 -4 -13 -17.5
7.9521e-05 -7.5 -16.5 -14.5
0.000108864 -4.5 -13.5 -17
0.0001727 -7 -16 -15
0.000278121 -6.5 -15.5 -15.5
0.000255259 -5 -14 -16.5
3.20989e-05 -4 -13 -18
4.83616e-05 -7.5 -16.5 -15
0.000127754 -4.5 -13.5 -17.5
0.000119765 -7 -16 -15.5
2.86394e-05 -4 -13 -18.5
2.78836e-05 -7.5 -16.5 -15.5
0.000132323 -4.5 -13.5 -18
7.36126e-05 -7 -16 -16
0.000139224 -6.5 -15.5 -16.5
3.97456e-05 -7 -16 -16.5
8.54867e-05 -4.5 -13.5 -18.5
2.01555e-05 -7 -16 -17
3.21897e-05 -4.5 -13.5 -19
2.08919e-05 -6.5 -15.5 -18
2.73812e-05 -5 -14 -19
4.72057e-05 -5.5 -14.5 -18.5
5.08799e-05 -6 -15 -18
3.87707e-05 -6.5 -15.5 -17.5
8.82637e-05 -5 -14 -18.5
0.000119802 -5.5 -14.5 -18
0.000111707 -6 -15 -17.5
7.77145e-05 -6.5 -15.5 -17
0.000175263 -5 -14 -18
0.000220492 -5.5 -14.5 -17.5
0.000196449 -6 -15 -17
0.000258422 -5 -14 -17.5
0.000323643 -5.5 -14.5 -17
0.000289793 -6 -15 -16.5
0.000210991 -6.5 -15.5 -16
0.000289959 -5 -14 -17
0.000391622 -5.5 -14.5 -16.5
0.000354785 -6 -15 -16
0.00037839 -5.5 -14.5 -16
0.000380852 -6 -15 -15.5
0.000313851 -5.5 -14.5 -15.5
0.00035551 -6 -15 -15
0.00021753 -5.5 -14.5 -15
0.000313154 -6.5 -15.5 -14
0.000123217 -5.5 -14.5 -14.5
0.000229787 -6 -15 -14
5.29244e-05 -5.5 -14.5 -14
0.000130768 -6 -15 -13.5
4.91884e-05 -6 -15 -13
4.27517e-05 -6.5 -15.5 -12
0.0001342 -3.5 -8 -19
5.44986e-05 -3 -8.5 -18.5
2.89018e-05 -2.5 -8.5 -19
8.69681e-05 -2.5 -8.5 -19.5
0.000188 -3 -8 -19
0.000160645 -2.5 -8.5 -20
0.000527039 -3 -8 -19.5
0.000227661 -2.5 -8.5 -20.5
2.28019e-05 -10 -19.5 -3
0.000258622 -2.5 -8.5 -21
0.000950107 -3 -8 -20.5
2.96521e-05 -10.5 -20 -3
4.38504e-05 -10 -19.5 -3.5
3.18534e-05 -9.5 -19 -4
0.000223149 -2.5 -8.5 -21.5
0.000908444 -3 -8 -21
3.13164e-05 -10.5 -20 -3.5
5.06254e-05 -10 -19.5 -4
5.66622e-05 -9.5 -19 -4.5
0.000132743 -2.5 -8.5 -22
3.09457e-05 -10.5 -20 -4
5.26605e-05 -10 -19.5 -4.5
6.84334e-05 -9.5 -19 -5
2.58737e-05 -2.5 -8.5 -22.5
4.50677e-05 -9 -18.5 -5.5
2.77503e-05 -10.5 -20 -4.5
5.36765e-05 -10 -19.5 -5
9.0398e-05 -3 -8 -22.5
7.53683e-05 -9.5 -19 -5.5
7.79213e-05 -3.5 -7.5 -22
7.46641e-05 -9 -18.5 -6
2.25015e-05 -10.5 -20 -5
4.98003e-05 -10 -19.5 -5.5
7.70232e-05 -9.5 -19 -6
2.71282e-05 -8.5 -18 -6.5
0.000360458 -3 -8 -22
8.93503e-05 -9 -18.5 -6.5
6.32727e-05 -8.5 -18 -7
4.28715e-05 -10 -19.5 -6
7.77474e-05 -9.5 -19 -6.5
9.83927e-05 -9 -18.5 -7
8.85195e-05 -8.5 -18 -7.5
3.30785e-05 -10 -19.5 -6.5
7.17126e-05 -9.5 -19 -7
0.000101552 -9 -18.5 -7.5
3.95975e-05 -8 -17.5 -8
0.000111112 -8.5 -18 -8
0.000176449 -3.5 -7.5 -21.5
8.09443e-05 -8 -17.5 -8.5
0.000716046 -3 -8 -21.5
2.5968e-05 -7.5 -17 -9
2.31029e-05 -10 -19.5 -7
6.18403e-05 -9.5 -19 -7.5
0.000104044 -9 -18.5 -8
0.000126025 -8.5 -18 -8.5
0.000114925 -8 -17.5 -9
0.000254742 -3.5 -7.5 -21
6.48875e-05 -7.5 -17 -9.5
4.70366e-05 -9.5 -19 -8
9.70882e-05 -9 -18.5 -8.5
0.000134089 -8.5 -18 -9
0.000145639 -8 -17.5 -9.5
0.000111732 -7.5 -17 -10
4.59182e-05 -7 -16.5 -10.5
3.17967e-05 -9.5 -19 -8.5
8.50738e-05 -9 -18.5 -9
0.000138088 -8.5 -18 -9.5
0.000164188 -8 -17.5 -10
0.000153768 -7.5 -17 -10.5
0.000103555 -7 -16.5 -11
6.75281e-05 -9 -18.5 -9.5
0.000129986 -8.5 -18 -10
0.000171583 -8 -17.5 -10.5
0.000192723 -7.5 -17 -11
0.000165983 -7 -16.5 -11.5
4.62385e-05 -9 -18.5 -10
0.00011418 -8.5 -18 -10.5
0.000176995 -8 -17.5 -11
0.000214438 -7.5 -17 -11.5
0.000217543 -7 -16.5 -12
2.98363e-05 -9 -18.5 -10.5
9.23356e-05 -8.5 -18 -11
0.000166738 -8 -17.5 -11.5
0.000220148 -7.5 -17 -12
0.000256414 -7 -16.5 -12.5
6.67048e-05 -8.5 -18 -11.5
0.000144529 -8 -17.5 -12
0.000218884 -7.5 -17 -12.5
0.000271365 -7 -16.5 -13
5.58452e-05 -5.5 -15 -14
4.43263e-05 -8.5 -18 -12
0.000114234 -8 -17.5 -12.5
0.000196512 -7.5 -17 -13
3.37485e-05 -5 -14.5 -15
0.000266843 -7 -16.5 -13.5
0.000304231 -6.5 -16 -14
2.78184e-05 -8.5 -18 -12.5
8.25472e-05 -8 -17.5 -13
0.000160161 -7.5 -17 -13.5
6.55748e-05 -5 -14.5 -15.5
0.000243988 -7 -16.5 -14
0.000312055 -6.5 -16 -14.5
5.41882e-05 -8 -17.5 -13.5
3.2237e-05 -4.5 -14 -16.5
0.000117715 -7.5 -17 -14
0.000200734 -7 -16.5 -14.5
0.000109282 -5 -14.5 -16
4.05872e-05 -4.5 -14 -17
3.23554e-05 -8 -17.5 -14
7.84592e-05 -7.5 -17 -14.5
0.000130725 -5 -14.5 -16.5
0.00014783 -7 -16.5 -15
3.9256e-05 -4.5 -14 -17.5
4.90777e-05 -7.5 -17 -15
9.75491e-05 -7 -16.5 -15.5
0.000134114 -5 -14.5 -17
0.000147615 -6.5 -16 -16
2.6822e-05 -4.5 -14 -18
2.84816e-05 -7.5 -17 -15.5
9.11193e-05 -5 -14.5 -17.5
4.32262e-05 -6.5 -16 -17
2.07216e-05 -7 -16.5 -17
3.36952e-05 -5.5 -15 -18
4.68856e-05 -6 -15.5 -17.5
3.18636e-05 -7 -16.5 -16.5
4.1804e-05 -5 -14.5 -18
8.70944e-05 -5.5 -15 -17.5
0.000103637 -6 -15.5 -17
8.73389e-05 -6.5 -16 -16.5
5.71386e-05 -7 -16.5 -16
0.000159945 -5.5 -15 -17
0.000178446 -6 -15.5 -16.5
0.000224545 -5.5 -15 -16.5
0.00025598 -6 -15.5 -16
0.000215375 -6.5 -16 -15.5
0.000254243 -5.5 -15 -16
0.000311861 -6 -15.5 -15.5
0.000274439 -6.5 -16 -15
0.000228776 -5.5 -15 -15.5
0.000321662 -6 -15.5 -15
0.000173864 -5.5 -15 -15
0.000284343 -6 -15.5 -14.5
0.000112757 -5.5 -15 -14.5
0.00021553 -6 -15.5 -14
0.000277931 -6.5 -16 -13.5
0.000135451 -6 -15.5 -13.5
0.000228938 -6.5 -16 -13
7.12226e-05 -6 -15.5 -13
0.000156869 -6.5 -16 -12.5
2.0664e-05 -6 -15.5 -12.5
8.7565e-05 -6.5 -16 -12
2.94188e-05 -6.5 -16 -11.5
0.000275994 -3.5 -7.5 -20.5
0.000243764 -3.5 -7.5 -20
0.000848058 -3 -8 -20
0.000135885 -3.5 -7.5 -19.5
3.60477e-05 -3.5 -7.5 -19
3.25174e-05 -3 -8 -18.5
4.55162e-05 -2.5 -8 -19
0.000169656 -2.5 -8 -19.5
0.000351338 -2.5 -8 -20
0.000348017 -3 -7.5 -19.5
0.000538516 -2.5 -8 -20.5
0.000581991 -2.5 -8 -21
0.000905269 -3 -7.5 -20.5
0.000511261 -2.5 -8 -21.5
0.000901902 -3 -7.5 -21
3.55796e-05 -10 -20 -3.5
3.57361e-05 -9.5 -19.5 -4
0.000313217 -2.5 -8 -22
2.02687e-05 -10.5 -20.5 -3.5
4.23422e-05 -10 -20 -4
3.26537e-05 -9 -19 -5
5.52932e-05 -9.5 -19.5 -4.5
0.000103002 -2.5 -8 -22.5
2.29837e-05 -10.5 -20.5 -4
4.44142e-05 -10 -20 -4.5
6.47834e-05 -9.5 -19.5 -5
2.28721e-05 -10.5 -20.5 -4.5
4.4509e-05 -10 -20 -5
5.95085e-05 -9 -19 -5.5
7.07475e-05 -9.5 -19.5 -5.5
8.02815e-05 -9 -19 -6
0.000131345 -3 -7.5 -22.5
2.16621e-05 -10.5 -20.5 -5
4.34774e-05 -10 -20 -5.5
7.22734e-05 -9.5 -19.5 -6
4.72079e-05 -8.5 -18.5 -6.5
9.18575e-05 -9 -19 -6.5
7.94075e-05 -8.5 -18.5 -7
2.88746e-05 -3.5 -7 -22
3.96029e-05 -10 -20 -6
7.25957e-05 -9.5 -19.5 -6.5
9.91228e-05 -9 -19 -7
0.000105252 -8.5 -18.5 -7.5
3.07765e-05 -8 -18 -7.5
5.99485e-05 -8 -18 -8
0.000419011 -3 -7.5 -22
3.41013e-05 -10 -20 -6.5
6.79875e-05 -9.5 -19.5 -7
0.000101218 -9 -19 -7.5
0.000122403 -8.5 -18.5 -8
5.04435e-05 -3.5 -7 -21.5
0.000105759 -8 -18 -8.5
0.000754522 -3 -7.5 -21.5
4.68772e-05 -7.5 -17.5 -9
2.79435e-05 -10 -20 -7
5.95279e-05 -9.5 -19.5 -7.5
0.000102214 -9 -19 -8
0.000132455 -8.5 -18.5 -8.5
0.000139824 -8 -18 -9
9.06551e-05 -7.5 -17.5 -9.5
2.13777e-05 -10 -20 -7.5
4.98441e-05 -9.5 -19.5 -8
9.56598e-05 -9 -19 -8.5
0.000134481 -8.5 -18.5 -9
0.000158971 -8 -18 -9.5
0.000135185 -7.5 -17.5 -10
4.04279e-05 -9.5 -19.5 -8.5
8.36191e-05 -9 -19 -9
0.000135901 -8.5 -18.5 -9.5
0.000169859 -8 -18 -10
0.000173926 -7.5 -17.5 -10.5
2.98685e-05 -9.5 -19.5 -9
6.88175e-05 -9 -19 -9.5
0.000126868 -8.5 -18.5 -10
0.000172606 -8 -18 -10.5
0.000195349 -7.5 -17.5 -11
0.000165926 -7 -17 -11.5
3.96338e-05 -6.5 -16.5 -11.5
5.48889e-05 -9 -19 -10
0.000110339 -8.5 -18.5 -10.5
0.000169104 -8 -18 -11
0.000210172 -7.5 -17.5 -11.5
0.000214212 -7 -17 -12
2.80602e-05 -6 -16 -12.5
3.99759e-05 -9 -19 -10.5
8.92155e-05 -8.5 -18.5 -11
0.000157148 -8 -18 -11.5
0.000213856 -7.5 -17.5 -12
0.000240629 -7 -17 -12.5
2.76109e-05 -9 -19 -11
6.72887e-05 -8.5 -18.5 -11.5
0.000133492 -8 -18 -12
0.000195085 -7.5 -17.5 -12.5
4.00501e-05 -5.5 -15.5 -14
0.000248786 -7 -17 -13
4.94377e-05 -8.5 -18.5 -12
0.000102525 -8 -18 -12.5
0.000164069 -7.5 -17.5 -13
6.69521e-05 -5.5 -15.5 -14.5
0.00022833 -7 -17 -13.5
3.39029e-05 -8.5 -18.5 -12.5
7.31152e-05 -8 -18 -13
3.26651e-05 -5 -15 -15.5
0.000127361 -7.5 -17.5 -13.5
0.000188048 -7 -17 -14
0.000104828 -5.5 -15.5 -15
2.02469e-05 -8.5 -18.5 -13
4.81656e-05 -8 -18 -13.5
4.11673e-05 -5 -15 -16
8.9601e-05 -7.5 -17.5 -14
0.000140345 -7 -17 -14.5
0.000119575 -5.5 -15.5 -15.5
2.73581e-05 -8 -18 -14
4.17269e-05 -5 -15 -16.5
5.74434e-05 -7.5 -17.5 -14.5
9.37837e-05 -7 -17 -15
2.78385e-05 -5 -15 -17
3.59069e-05 -7.5 -17.5 -15
2.32472e-05 -7.5 -17.5 -15.5
3.0342e-05 -7 -17 -16
2.55135e-05 -6 -16 -17
3.31457e-05 -6.5 -16.5 -16.5
3.61401e-05 -5.5 -15.5 -17
6.47561e-05 -6 -16 -16.5
7.14929e-05 -6.5 -16.5 -16
5.61503e-05 -7 -17 -15.5
7.6264e-05 -5.5 -15.5 -16.5
0.000117514 -6 -16 -16
0.00012211 -6.5 -16.5 -15.5
0.000112106 -5.5 -15.5 -16
0.00016937 -6 -16 -15.5
0.000178322 -6.5 -16.5 -15
0.000205555 -6 -16 -15
0.000228026 -6.5 -16.5 -14.5
0.000194233 -6 -16 -14.5
0.000256526 -6.5 -16.5 -14
0.000161826 -6 -16 -14
0.000244084 -6.5 -16.5 -13.5
0.000118982 -6 -16 -13.5
0.000202598 -6.5 -16.5 -13
6.83235e-05 -6 -16 -13
0.000147072 -6.5 -16.5 -12.5
8.86882e-05 -6.5 -16.5 -12
0.000114022 -7 -17 -11
6.96717e-05 -7 -17 -10.5
2.77064e-05 -7 -17 -10
6.07967e-05 -3.5 -7 -21
6.69206e-05 -3.5 -7 -20.5
5.80623e-05 -3.5 -7 -20
0.000711527 -3 -7.5 -20
3.23271e-05 -3.5 -7 -19.5
9.11614e-05 -3 -7.5 -19
5.26313e-05 -2.5 -7.5 -19
0.000234472 -2.5 -7.5 -19.5
2.08212e-05 -2 -8 -20.5
0.000533315 -2.5 -7.5 -20
2.77213e-05 -2 -8 -21
0.000854927 -2.5 -7.5 -20.5
3.10394e-05 -2 -8 -21.5
0.000853792 -2.5 -7.5 -21.5
0.000697308 -3 -7 -21
0.000552042 -2.5 -7.5 -22
2.14383e-05 -9.5 -20 -4
0.000203238 -2.5 -7.5 -22.5
2.19215e-05 -10 -20.5 -4.5
2.91053e-05 -9 -19.5 -5
3.92152e-05 -9.5 -20 -4.5
4.58079e-05 -9.5 -20 -5
2.18587e-05 -2.5 -7.5 -23
2.77175e-05 -10 -20.5 -5
2.60753e-05 -8.5 -19 -6
5.1259e-05 -9.5 -20 -5.5
5.12461e-05 -9 -19.5 -5.5
6.786e-05 -9 -19.5 -6
0.000143882 -3 -7 -22.5
2.84234e-05 -10 -20.5 -5.5
5.37762e-05 -9.5 -20 -6
7.85635e-05 -9 -19.5 -6.5
4.45676e-05 -8.5 -19 -6.5
7.34184e-05 -8.5 -19 -7
2.80961e-05 -10 -20.5 -6
5.35861e-05 -9.5 -20 -6.5
8.47234e-05 -9 -19.5 -7
3.1648e-05 -8 -18.5 -7.5
9.65072e-05 -8.5 -19 -7.5
2.65749e-05 -10 -20.5 -6.5
4.8931e-05 -9.5 -20 -7
8.66496e-05 -9 -19.5 -7.5
0.000110847 -8.5 -19 -8
5.75736e-05 -8 -18.5 -8
9.82059e-05 -8 -18.5 -8.5
0.00040584 -3 -7 -22
4.63221e-05 -7.5 -18 -9
2.34022e-05 -10 -20.5 -7
4.51753e-05 -9.5 -20 -7.5
8.24283e-05 -9 -19.5 -8
0.000117677 -8.5 -19 -8.5
0.000128425 -8 -18.5 -9
8.60365e-05 -7.5 -18 -9.5
4.03348e-05 -9.5 -20 -8
7.40222e-05 -9 -19.5 -8.5
0.000119585 -8.5 -19 -9
0.000144624 -8 -18.5 -9.5
0.000123204 -7.5 -18 -10
3.22754e-05 -7 -17.5 -10
2.0265e-05 -10 -20.5 -8
3.30154e-05 -9.5 -20 -8.5
6.56301e-05 -9 -19.5 -9
0.000111959 -8.5 -19 -9.5
0.000150967 -8 -18.5 -10
0.000155504 -7.5 -18 -10.5
2.4732e-05 -9.5 -20 -9
5.56641e-05 -9 -19.5 -9.5
9.7922e-05 -8.5 -19 -10
0.000148151 -8 -18.5 -10.5
0.000172191 -7.5 -18 -11
3.77817e-05 -6.5 -17 -11.5
2.0646e-05 -9.5 -20 -9.5
4.49176e-05 -9 -19.5 -10
8.24859e-05 -8.5 -19 -10.5
0.000135678 -8 -18.5 -11
2.43902e-05 -6 -16.5 -12.5
0.000177161 -7.5 -18 -11.5
3.43687e-05 -9 -19.5 -10.5
6.64722e-05 -8.5 -19 -11
0.000118159 -8 -18.5 -11.5
0.000164745 -7.5 -18 -12
4.2615e-05 -6 -16.5 -13
2.27644e-05 -9 -19.5 -11
5.06446e-05 -8.5 -19 -11.5
9.32532e-05 -8 -18.5 -12
0.000136002 -7.5 -18 -12.5
3.64203e-05 -8.5 -19 -12
6.71819e-05 -8 -18.5 -12.5
3.17463e-05 -5.5 -16 -14.5
0.000104599 -7.5 -18 -13
2.73711e-05 -8.5 -19 -12.5
4.58508e-05 -8 -18.5 -13
3.83258e-05 -5.5 -16 -15
7.4263e-05 -7.5 -18 -13.5
3.09892e-05 -8 -18.5 -13.5
3.40647e-05 -5.5 -16 -15.5
4.83779e-05 -7.5 -18 -14
2.77987e-05 -7.5 -18 -14.5
3.52564e-05 -6.5 -17 -15.5
3.45991e-05 -7 -17.5 -15
4.81866e-05 -6 -16.5 -15.5
6.71641e-05 -6.5 -17 -15
6.54457e-05 -7 -17.5 -14.5
7.63868e-05 -6 -16.5 -15
0.000104307 -6.5 -17 -14.5
0.000102919 -7 -17.5 -14
9.28995e-05 -6 -16.5 -14.5
0.000138191 -6.5 -17 -14
0.000139842 -7 -17.5 -13.5
8.7317e-05 -6 -16.5 -14
0.000149581 -6.5 -17 -13.5
0.000170541 -7 -17.5 -13
6.25561e-05 -6 -16.5 -13.5
0.000134782 -6.5 -17 -13
0.00017892 -7 -17.5 -12.5
0.000108517 -6.5 -17 -12.5
0.000166568 -7 -17.5 -12
7.7942e-05 -6.5 -17 -12
0.000139122 -7 -17.5 -11.5
0.000101616 -7 -17.5 -11
6.65033e-05 -7 -17.5 -10.5
0.000626373 -3 -7 -21.5
0.000938197 -2.5 -7.5 -21
0.000678653 -3 -7 -20.5
0.000465195 -3 -7 -20
0.000196302 -3 -7 -19.5
3.87277e-05 -3 -7 -19
4.87748e-05 -2 -7.5 -20
0.000247382 -2.5 -7 -19.5
9.8143e-05 -2 -7.5 -20.5
0.000136361 -2 -7.5 -21
0.000985453 -2.5 -7 -20.5
0.000144378 -2 -7.5 -21.5
0.000128647 -2 -7.5 -22
0.0010415 -2.5 -7 -21.5
7.31451e-05 -2 -7.5 -22.5
0.000723916 -2.5 -7 -22
0.000316018 -2.5 -7 -22.5
4.95349e-05 -2.5 -7 -23
2.09673e-05 -9 -20 -5.5
3.75478e-05 -9 -20 -6
2.3563e-05 -9.5 -20.5 -6
4.34187e-05 -9 -20 -6.5
3.02285e-05 -8.5 -19.5 -6.5
5.04913e-05 -8.5 -19.5 -7
2.41436e-05 -9.5 -20.5 -6.5
4.87257e-05 -9 -20 -7
6.26219e-05 -8.5 -19.5 -7.5
2.58337e-05 -8 -19 -7.5
2.36939e-05 -9.5 -20.5 -7
4.96409e-05 -9 -20 -7.5
7.09614e-05 -8.5 -19.5 -8
7.01285e-05 -8 -19 -8.5
4.4611e-05 -8 -19 -8
2.34121e-05 -9.5 -20.5 -7.5
4.68249e-05 -9 -20 -8
7.54921e-05 -8.5 -19.5 -8.5
8.20444e-05 -8 -19 -9
2.12697e-05 -9.5 -20.5 -8
4.27626e-05 -9 -20 -8.5
7.25054e-05 -8.5 -19.5 -9
9.08211e-05 -8 -19 -9.5
2.54047e-05 -7 -18 -10
3.68074e-05 -9 -20 -9
6.46058e-05 -8.5 -19.5 -9.5
9.44044e-05 -8 -19 -10
9.60099e-05 -7.5 -18.5 -10.5
4.16287e-05 -7 -18 -10.5
2.97462e-05 -9 -20 -9.5
5.49277e-05 -8.5 -19.5 -10
8.80029e-05 -8 -19 -10.5
2.62606e-05 -6.5 -17.5 -11.5
2.40457e-05 -9 -20 -10
4.48894e-05 -8.5 -19.5 -10.5
7.51845e-05 -8 -19 -11
8.53798e-05 -7 -18 -12
3.42491e-05 -8.5 -19.5 -11
5.90218e-05 -8 -19 -11.5
7.71876e-05 -7.5 -18.5 -12
2.45628e-05 -8.5 -19.5 -11.5
4.08191e-05 -8 -19 -12
2.46927e-05 -6 -17 -13.5
5.67572e-05 -7.5 -18.5 -12.5
2.58047e-05 -8 -19 -12.5
3.76743e-05 -7.5 -18.5 -13
2.58226e-05 -6 -17 -14
2.16405e-05 -7 -18 -14
3.40479e-05 -6.5 -17.5 -14
4.43758e-05 -7 -18 -13.5
5.16525e-05 -6.5 -17.5 -13.5
6.5215e-05 -7 -18 -13
5.85264e-05 -6.5 -17.5 -13
8.03831e-05 -7 -18 -12.5
5.30268e-05 -6.5 -17.5 -12.5
9.35349e-05 -7.5 -18.5 -11.5
3.80432e-05 -6.5 -17.5 -12
7.92284e-05 -7 -18 -11.5
0.000100834 -7.5 -18.5 -11
6.58681e-05 -7 -18 -11
8.31678e-05 -7.5 -18.5 -10
6.50382e-05 -7.5 -18.5 -9.5
3.74316e-05 -7.5 -18.5 -9
0.000104731 -3 -6.5 -22.5
0.000242559 -3 -6.5 -22
0.000355154 -3 -6.5 -21.5
0.00039461 -3 -6.5 -21
0.00110474 -2.5 -7 -21
0.000383738 -3 -6.5 -20.5
0.000239684 -3 -6.5 -20
0.00062172 -2.5 -7 -20
7.68853e-05 -3 -6.5 -19.5
5.10201e-05 -2.5 -7 -19
3.55209e-05 -2 -7 -19.5
0.000135414 -2 -7 -20
0.000279977 -2 -7 -20.5
0.000395648 -2 -7 -21
0.000409641 -2 -7 -21.5
0.00113171 -2.5 -6.5 -21
0.000373705 -2 -7 -22
0.00108093 -2.5 -6.5 -21.5
0.000211414 -2 -7 -22.5
0.000770446 -2.5 -6.5 -22
5.15099e-05 -2 -7 -23
0.000383706 -2.5 -6.5 -22.5
8.51741e-05 -2.5 -6.5 -23
2.1318e-05 -8.5 -20 -7.5
2.29403e-05 -8.5 -20 -8
2.1189e-05 -8 -19.5 -8
2.4542e-05 -8 -19.5 -8.5
2.23867e-05 -8.5 -20 -8.5
2.98318e-05 -8 -19.5 -9
3.07895e-05 -8 -19.5 -9.5
2.98133e-05 -8 -19.5 -10
2.21151e-05 -8 -19.5 -10.5
2.68592e-05 -7.5 -19 -11
2.22727e-05 -7 -18.5 -11.5
2.25373e-05 -7 -18.5 -11
2.97402e-05 -7.5 -19 -10.5
2.74527e-05 -7.5 -19 -10
2.55271e-05 -7.5 -19 -9.5
4.34238e-05 -3 -6 -22.5
8.35181e-05 -3 -6 -22
0.000109711 -3 -6 -21.5
0.000121776 -3 -6 -21
0.000123468 -3 -6 -20.5
0.000980025 -2.5 -6.5 -20.5
6.94908e-05 -3 -6 -20
0.000523764 -2.5 -6.5 -20
0.000150507 -2.5 -6.5 -19.5
6.03687e-05 -2 -6.5 -19.5
0.000273519 -2 -6.5 -20
0.000586591 -2 -6.5 -20.5
0.000319404 -2.5 -6 -20
0.000783736 -2 -6.5 -21
0.000795183 -2 -6.5 -21.5
0.000872994 -2.5 -6 -21
0.000714542 -2 -6.5 -22
0.000115918 -2 -6.5 -23
0.000105386 -2.5 -6 -23
0.000399939 -2.5 -6 -22.5
0.000414602 -2 -6.5 -22.5
0.000730401 -2.5 -6 -22
0.00085544 -2.5 -6 -21.5
0.000684944 -2.5 -6 -20.5
7.58872e-05 -2.5 -6 -19.5
7.7169e-05 -2 -6 -19.5
0.000340664 -2 -6 -20
3.39462e-05 -1.5 -6.5 -21
0.000783958 -2 -6 -20.5
0.00017103 -2.5 -5.5 -20
4.80311e-05 -1.5 -6.5 -21.5
0.00109531 -2 -6 -21
0.000409129 -2.5 -5.5 -20.5
5.08172e-05 -1.5 -6.5 -22
4.14723e-05 -1.5 -6.5 -22.5
0.000974771 -2 -6 -22
2.44249e-05 -1.5 -6.5 -23
0.000207408 -2 -6 -23
0.000103684 -2.5 -5.5 -23
0.000270651 -2.5 -5.5 -22.5
0.000608295 -2 -6 -22.5
0.000446477 -2.5 -5.5 -22
0.000537948 -2.5 -5.5 -21.5
0.0011135 -2 -6 -21.5
0.000550187 -2.5 -5.5 -21
3.13722e-05 -2.5 -5.5 -19.5
2.80827e-05 -1.5 -6 -20
8.54164e-05 -1.5 -6 -20.5
0.00015337 -1.5 -6 -21
0.000198619 -1.5 -6 -21.5
0.00115847 -2 -5.5 -21
0.000137829 -2.5 -5 -20.5
0.000201178 -1.5 -6 -22
0.000168081 -1.5 -6 -22.5
8.39739e-05 -1.5 -6 -23
4.20843e-05 -2 -5.5 -23.5
5.46656e-05 -2.5 -5 -23
0.00029902 -2 -5.5 -23
0.000123922 -2.5 -5 -22.5
0.000696036 -2 -5.5 -22.5
0.000196609 -2.5 -5 -22
0.00105026 -2 -5.5 -22
0.000219603 -2.5 -5 -21.5
0.00118169 -2 -5.5 -21.5
0.000218095 -2.5 -5 -21
0.000800008 -2 -5.5 -20.5
4.47956e-05 -2.5 -5 -20
0.00031919 -2 -5.5 -20
5.78011e-05 -2 -5.5 -19.5
6.95989e-05 -1.5 -5.5 -20
0.000215892 -1.5 -5.5 -20.5
0.000398065 -1.5 -5.5 -21
2.19972e-05 -2.5 -4.5 -20.5
0.000517365 -1.5 -5.5 -21.5
0.00052358 -1.5 -5.5 -22
0.00043252 -1.5 -5.5 -22.5
0.000891881 -2 -5 -22
0.000214649 -1.5 -5.5 -23
4.22443e-05 -1.5 -5.5 -23.5
0.000339184 -2 -5 -23
7.87782e-05 -2 -5 -23.5
2.28962e-05 -2.5 -4.5 -22.5
0.000695898 -2 -5 -22.5
3.23048e-05 -2.5 -4.5 -22
3.58133e-05 -2.5 -4.5 -21.5
0.000945564 -2 -5 -21.5
3.61386e-05 -2.5 -4.5 -21
0.000893859 -2 -5 -21
0.00053662 -2 -5 -20.5
0.000175228 -2 -5 -20
2.42055e-05 -2 -5 -19.5
0.000117556 -1.5 -5 -20
0.000393124 -1.5 -5 -20.5
0.000909674 -1.5 -5 -21.5
0.000765614 -1.5 -5 -22.5
0.000641397 -2 -4.5 -22
0.000115899 -1.5 -5 -23.5
9.65616e-05 -2 -4.5 -23.5
0.000322813 -2 -4.5 -23
0.000413892 -1.5 -5 -23
0.000532368 -2 -4.5 -22.5
0.000912431 -1.5 -5 -22
0.000655532 -2 -4.5 -21.5
0.000549504 -2 -4.5 -21
0.000728813 -1.5 -5 -21
0.000291703 -2 -4.5 -20.5
8.42474e-05 -2 -4.5 -20
2.36295e-05 -1 -5 -21.5
3.39162e-05 -1 -5 -22
3.34289e-05 -1 -5 -22.5
2.03456e-05 -1 -5 -23
0.00101517 -1.5 -4.5 -22.5
0.000222314 -1.5 -4.5 -23.5
2.06362e-05 -1.5 -4.5 -24
7.47902e-05 -2 -4 -23.5
0.000188933 -2 -4 -23
0.000628782 -1.5 -4.5 -23
0.000289757 -2 -4 -22.5
0.000331077 -2 -4 -22
0.00115779 -1.5 -4.5 -22
0.000335623 -2 -4 -21.5
0.00114941 -1.5 -4.5 -21.5
0.000255837 -2 -4 -21
0.00086576 -1.5 -4.5 -21
0.000113898 -2 -4 -20.5
0.000452912 -1.5 -4.5 -20.5
2.40782e-05 -2 -4 -20
0.000128261 -1.5 -4.5 -20
4.02164e-05 -1 -4.5 -20.5
0.000111258 -1 -4.5 -21
0.000189067 -1 -4.5 -21.5
0.000217279 -1 -4.5 -22
0.000209643 -1 -4.5 -22.5
0.000159797 -1 -4.5 -23
0.00111246 -1.5 -4 -22.5
8.04823e-05 -1 -4.5 -23.5
0.000753319 -1.5 -4 -23
4.05845e-05 -1.5 -4 -24
2.42675e-05 -2 -3.5 -23.5
0.000318454 -1.5 -4 -23.5
5.69827e-05 -2 -3.5 -23
7.88395e-05 -2 -3.5 -22.5
8.45764e-05 -2 -3.5 -22
0.00123514 -1.5 -4 -22
8.53441e-05 -2 -3.5 -21.5
0.00120829 -1.5 -4 -21.5
5.97236e-05 -2 -3.5 -21
0.000842267 -1.5 -4 -21
2.46446e-05 -2 -3.5 -20.5
0.000349484 -1.5 -4 -20.5
7.70592e-05 -1.5 -4 -20
2.64149e-05 -1 -4 -20
0.000125007 -1 -4 -20.5
0.000339176 -1 -4 -21
0.000665041 -1 -4 -22
0.000643632 -1 -4 -22.5
0.000492507 -1 -4 -23
0.00024829 -1 -4 -23.5
0.00077654 -1.5 -3.5 -23
5.80747e-05 -1 -4 -24
5.33212e-05 -1.5 -3.5 -24
0.000352209 -1.5 -3.5 -23.5
0.00101441 -1.5 -3.5 -22.5
0.00104602 -1.5 -3.5 -22
0.000959114 -1.5 -3.5 -21.5
0.000583308 -1 -4 -21.5
0.000575069 -1.5 -3.5 -21
0.000213097 -1.5 -3.5 -20.5
4.42338e-05 -1.5 -3.5 -20
0.00024695 -1 -3.5 -20.5
0.000684249 -1 -3.5 -21
0.00135482 -1 -3.5 -22
0.000519394 -1.5 -3 -23
4.50243e-05 -1.5 -3 -24
0.000116152 -1 -3.5 -24
0.000247072 -1.5 -3 -23.5
0.000527924 -1 -3.5 -23.5
0.00103314 -1 -3.5 -23
0.000687579 -1.5 -3 -22.5
0.00131468 -1 -3.5 -22.5
0.000721728 -1.5 -3 -22
0.00065322 -1.5 -3 -21.5
0.00117688 -1 -3.5 -21.5
0.000383656 -1.5 -3 -21
0.000136912 -1.5 -3 -20.5
2.77144e-05 -1.5 -3 -20
5.06152e-05 -1 -3.5 -20
4.86987e-05 -1.5 -2.5 -20.5
0.000254436 -1.5 -2.5 -21.5
0.000271902 -1.5 -2.5 -22.5
9.16586e-05 -1.5 -2.5 -23.5
0.000165202 -1 -3 -24
0.00079743 -1 -3 -23.5
0.000204791 -1.5 -2.5 -23
0.0015543 -1 -3 -23
0.00193619 -1 -3 -22.5
0.000284807 -1.5 -2.5 -22
0.0019761 -1 -3 -22
0.00165845 -1 -3 -21.5
0.000144107 -1.5 -2.5 -21
0.000923739 -1 -3 -21
0.00031328 -1 -3 -20.5
6.11949e-05 -1 -3 -20
2.89355e-05 -0.5 -3 -21
0.00010466 -0.5 -3 -21.5
2.78205e-05 -1.5 -2 -21.5
0.000206957 -0.5 -3 -22
0.000281791 -0.5 -3 -22.5
2.77405e-05 -1.5 -2 -22.5
0.000288743 -0.5 -3 -23
0.000243359 -0.5 -3 -23.5
2.01074e-05 -0.5 -3 -24.5
0.000157611 -1 -2.5 -24
0.000122568 -0.5 -3 -24
0.000849911 -1 -2.5 -23.5
0.00170823 -1 -2.5 -23
0.00219991 -1 -2.5 -22.5
2.95542e-05 -1.5 -2 -22
0.00227558 -1 -2.5 -22
0.00194572 -1 -2.5 -21.5
0.00107631 -1 -2.5 -21
0.000356046 -1 -2.5 -20.5
6.83748e-05 -1 -2.5 -20
3.13494e-05 -0.5 -2.5 -20
0.000167735 -0.5 -2.5 -20.5
0.000904691 -0.5 -2.5 -23.5
8.18313e-05 -1 -2 -24
0.000248405 -0.5 -2.5 -24
0.000492127 -1 -2 -23.5
0.00102448 -1 -2 -23
0.00151452 -0.5 -2.5 -23
0.00134621 -1 -2 -22.5
0.00169677 -0.5 -2.5 -22.5
0.00140903 -1 -2 -22
0.00167904 -0.5 -2.5 -22
0.00126167 -1 -2 -21.5
0.0012228 -0.5 -2.5 -21.5
0.000699855 -1 -2 -21
0.000591194 -0.5 -2.5 -21
0.000221586 -1 -2 -20.5
4.18954e-05 -1 -2 -20
0.000256849 -0.5 -2 -24
0.000129624 -1 -1.5 -23.5
0.00129285 -0.5 -2 -23.5
0.000285317 -1 -1.5 -23
0.00248072 -0.5 -2 -23
0.000394784 -1 -1.5 -22.5
0.00310554 -0.5 -2 -22.5
0.000419701 -1 -1.5 -22
0.00319556 -0.5 -2 -22
0.00038409 -1 -1.5 -21.5
0.0026703 -0.5 -2 -21.5
0.000210204 -1 -1.5 -21
0.00140942 -0.5 -2 -21
5.99764e-05 -1 -1.5 -20.5
0.000427096 -0.5 -2 -20.5
7.91657e-05 -0.5 -2 -20
2.99799e-05 -1 -1 -23
0.000174994 -0.5 -1.5 -24
0.00118751 -0.5 -1.5 -23.5
0.00248155 -0.5 -1.5 -23
4.22199e-05 -1 -1 -22.5
0.00318279 -0.5 -1.5 -22.5
4.50788e-05 -1 -1 -22
0.00330047 -0.5 -1.5 -22
4.10974e-05 -1 -1 -21.5
0.00285727 -0.5 -1.5 -21.5
0.0015308 -0.5 -1.5 -21
0.000462416 -0.5 -1.5 -20.5
8.32201e-05 -0.5 -1.5 -20
4.08848e-05 -0.5 -1 -24
0.000367638 -0.5 -1 -23.5
0.000852506 -0.5 -1 -23
0.00118663 -0.5 -1 -22.5
0.00125974 -0.5 -1 -22
0.00116449 -0.5 -1 -21.5
0.000644254 -0.5 -1 -21
0.000180194 -0.5 -1 -20.5
2.24574e-05 -0.5 -1 -20
3.14579e-05 -0.5 -0.5 -23.5
7.4006e-05 -0.5 -0.5 -23
9.96759e-05 -0.5 -0.5 -22.5
0.000104884 -0.5 -0.5 -22
9.32495e-05 -0.5 -0.5 -21.5
4.60774e-05 -0.5 -0.5 -21
4.07219e-05 0 0 -24.5
0.000757368 0 0 -24
0.00219048 0 0 -23.5
0.00345798 0 0 -23
0.00388728 0 0 -22.5
0.00387758 0 0 -22
0.00290451 0 0 -21.5
0.00140154 0 0 -21
0.000389317 0 0 -20.5
7.2672e-05 0 0 -20
4.02275e-05 0 0.5 -24.5
0.00110768 0 0.5 -24
0.00358477 0 0.5 -23.5
0.00591737 0 0.5 -23
0.00680774 0 0.5 -22.5
0.00684766 0 0.5 -22
0.00530285 0 0.5 -21.5
0.0026358 0 0.5 -21
0.000756427 0 0.5 -20.5
0.000140817 0 0.5 -20
0.000259845 0 1 -24
5.98755e-05 0.5 0.5 -24
0.000956541 0 1 -23.5
0.000191628 0.5 0.5 -23.5
0.001645 0 1 -23
0.000316483 0.5 0.5 -23
0.00192233 0 1 -22.5
0.000368437 0.5 0.5 -22.5
0.00194137 0 1 -22
0.000373279 0.5 0.5 -22
0.00151456 0 1 -21.5
0.000292899 0.5 0.5 -21.5
0.000743817 0 1 -21
0.000146535 0.5 0.5 -21
0.000201654 0 1 -20.5
4.25344e-05 0.5 0.5 -20.5
2.76059e-05 0 1 -20
0.000179353 0.5 1 -24
2.28132e-05 0 1.5 -23.5
0.000599369 0.5 1 -23.5
3.13015e-05 0 1.5 -23
0.00101756 0.5 1 -23
3.38977e-05 0 1.5 -22.5
0.00120665 0.5 1 -22.5
3.07743e-05 0 1.5 -22
0.00123021 0.5 1 -22
0.00100084 0.5 1 -21.5
0.000511067 0.5 1 -21
0.000150273 0.5 1 -20.5
2.78965e-05 0.5 1 -20
0.000168215 0.5 1.5 -24
0.000799136 0.5 1.5 -23.5
0.00151704 0.5 1.5 -23
0.0018877 0.5 1.5 -22.5
0.00194457 0.5 1.5 -22
0.00168537 0.5 1.5 -21.5
0.000899824 0.5 1.5 -21
0.000267473 0.5 1.5 -20.5
4.68588e-05 0.5 1.5 -20
0.000168823 1 1.5 -21.5
8.31411e-05 1 1.5 -23.5
0.000142735 0.5 2 -24
0.000739049 0.5 2 -23.5
0.00144063 0.5 2 -23
0.000150946 1 1.5 -23
0.00181183 0.5 2 -22.5
0.000186522 1 1.5 -22.5
0.00186922 0.5 2 -22
0.000192973 1 1.5 -22
0.00163167 0.5 2 -21.5
0.000905686 0.5 2 -21
9.4107e-05 1 1.5 -21
0.000298112 0.5 2 -20.5
3.02371e-05 1 1.5 -20.5
5.74051e-05 0.5 2 -20
0.000703875 1 2 -22
0.000510037 1 2 -23
4.80734e-05 1 2 -24
9.16818e-05 0.5 2.5 -24
0.000553779 0.5 2.5 -23.5
0.000252714 1 2 -23.5
0.00114398 0.5 2.5 -23
0.00147756 0.5 2.5 -22.5
0.000670933 1 2 -22.5
0.00153094 0.5 2.5 -22
0.00135155 0.5 2.5 -21.5
0.000644026 1 2 -21.5
0.000764924 0.5 2.5 -21
0.000369873 1 2 -21
0.000251063 0.5 2.5 -20.5
0.00012264 1 2 -20.5
4.70307e-05 0.5 2.5 -20
2.32745e-05 1 2 -20
4.92244e-05 1 2.5 -20
0.00024831 1 2.5 -20.5
4.91561e-05 0.5 3 -24
6.65534e-05 1 2.5 -24
0.000245023 0.5 3 -23.5
0.000451715 1 2.5 -23.5
0.000472812 0.5 3 -23
0.000941343 1 2.5 -23
0.000575207 0.5 3 -22.5
0.00124716 1 2.5 -22.5
0.000582784 0.5 3 -22
0.00130851 1 2.5 -22
0.000472509 0.5 3 -21.5
0.00120965 1 2.5 -21.5
0.000256335 0.5 3 -21
0.000715132 1 2.5 -21
8.29342e-05 0.5 3 -20.5
3.07287e-05 1.5 2.5 -20.5
7.87041e-05 1.5 2.5 -21
0.000116744 1.5 2.5 -21.5
0.000117867 1.5 2.5 -22
0.000107083 1.5 2.5 -22.5
7.68401e-05 1.5 2.5 -23
3.52068e-05 1.5 2.5 -23.5
5.38929e-05 1 3 -24
4.60388e-05 0.5 3.5 -23.5
0.000474111 1 3 -23.5
6.95527e-05 0.5 3.5 -23
0.00116014 1 3 -23
7.34279e-05 0.5 3.5 -22.5
0.00166645 1 3 -22.5
6.22821e-05 0.5 3.5 -22
0.00178672 1 3 -22
3.61772e-05 0.5 3.5 -21.5
0.00171861 1 3 -21.5
0.00113319 1 3 -21
0.000453656 1 3 -20.5
9.15777e-05 1 3 -20
3.05392e-05 1.5 3 -20
0.000149593 1.5 3 -20.5
0.000360007 1.5 3 -21
0.000508405 1.5 3 -21.5
0.000509777 1.5 3 -22
0.000457656 1.5 3 -22.5
0.000308845 1.5 3 -23
0.000124959 1.5 3 -23.5
3.23071e-05 1 3.5 -24
0.000375546 1 3.5 -23.5
0.000984001 1 3.5 -23
0.00146873 1 3.5 -22.5
0.00159388 1 3.5 -22
0.0015476 1 3.5 -21.5
0.00106225 1 3.5 -21
0.000458156 1 3.5 -20.5
0.000111649 1 3.5 -20
0.00034533 1.5 3.5 -20.5
0.000751105 1.5 3.5 -21
0.00100387 1.5 3.5 -21.5
0.00100142 1.5 3.5 -22
0.000216672 1 4 -23.5
0.000214498 1.5 3.5 -23.5
0.000610841 1 4 -23
0.000593995 1.5 3.5 -23
0.000918606 1 4 -22.5
0.000893352 1.5 3.5 -22.5
0.00100782 1 4 -22
0.000992327 1 4 -21.5
0.00072982 1 4 -21
0.000339946 1 4 -20.5
8.66223e-05 1 4 -20
8.41551e-05 1.5 3.5 -20
2.67761e-05 2 3.5 -20.5
5.35272e-05 2 3.5 -21
6.23416e-05 2 3.5 -21.5
6.01063e-05 2 3.5 -22
4.97057e-05 2 3.5 -22.5
3.2121e-05 2 3.5 -23
0.00070363 1.5 4 -23
0.000199126 1.5 4 -23.5
9.00611e-05 1 4.5 -23.5
0.000250006 1 4.5 -23
0.000366596 1 4.5 -22.5
0.00127484 1.5 4 -22.5
0.000392192 1 4.5 -22
0.00153837 1.5 4 -22
0.000383257 1 4.5 -21.5
0.00157491 1.5 4 -21.5
0.000290921 1 4.5 -21
0.00127601 1.5 4 -21
0.00014707 1 4.5 -20.5
0.000611062 1.5 4 -20.5
4.01069e-05 1 4.5 -20
0.000157966 1.5 4 -20
2.06832e-05 1.5 4 -19.5
4.01268e-05 2 4 -20
0.000157793 2 4 -20.5
0.000316489 2 4 -21
0.000360054 2 4 -21.5
0.000345884 2 4 -22
0.000275437 2 4 -22.5
0.0015332 1.5 4.5 -22
0.000151344 2 4 -23
3.60875e-05 2 4 -23.5
0.000141313 1.5 4.5 -23.5
6.01504e-05 1 5 -23
0.000650808 1.5 4.5 -23
8.90005e-05 1 5 -22.5
0.00123481 1.5 4.5 -22.5
9.35289e-05 1 5 -22
8.85993e-05 1 5 -21.5
0.001577 1.5 4.5 -21.5
6.61615e-05 1 5 -21
0.00142054 1.5 4.5 -21
3.45575e-05 1 5 -20.5
0.000846222 1.5 4.5 -20.5
0.000288786 1.5 4.5 -20
5.05536e-05 1.5 4.5 -19.5
2.56385e-05 2 4.5 -19.5
0.000470707 2 4.5 -20.5
0.00077121 2 4.5 -21
0.000764823 2 4.5 -22
0.000296324 2 4.5 -23
5.36648e-05 2 4.5 -23.5
7.31836e-05 1.5 5 -23.5
0.000464153 1.5 5 -23
0.000992903 1.5 5 -22.5
0.000575521 2 4.5 -22.5
0.00132271 1.5 5 -22
0.00138175 1.5 5 -21.5
0.000813561 2 4.5 -21.5
0.00128008 1.5 5 -21
0.000801016 1.5 5 -20.5
0.000291354 1.5 5 -20
0.000159234 2 4.5 -20
5.40764e-05 1.5 5 -19.5
2.28881e-05 2.5 4.5 -20.5
3.22943e-05 2.5 4.5 -21
3.1871e-05 2.5 4.5 -21.5
2.77729e-05 2.5 4.5 -22
3.03037e-05 1.5 5.5 -23.5
4.219e-05 2 5 -23.5
0.000237039 1.5 5.5 -23
0.000342887 2 5 -23
0.000564901 1.5 5.5 -22.5
0.000827916 2 5 -22.5
0.000805599 1.5 5.5 -22
0.0011345 2 5 -22
0.000850935 1.5 5.5 -21.5
0.00119802 2 5 -21.5
0.000803776 1.5 5.5 -21
0.00116154 2 5 -21
0.00052891 1.5 5.5 -20.5
0.000774147 2 5 -20.5
0.000210003 1.5 5.5 -20
0.000313039 2 5 -20
4.12836e-05 1.5 5.5 -19.5
6.54228e-05 2 5 -19.5
6.92232e-05 2.5 5 -20
0.000167969 2.5 5 -20.5
0.000213734 2.5 5 -21
0.0011752 2 5.5 -20.5
0.000207804 2.5 5 -21.5
0.00150469 2 5.5 -21
0.000186465 2.5 5 -22
0.000116206 2.5 5 -22.5
0.00130803 2 5.5 -22
4.60809e-05 2.5 5 -23
0.000296074 2 5.5 -23
2.24903e-05 2 5.5 -23.5
8.42211e-05 1.5 6 -23
0.000222029 1.5 6 -22.5
0.000820029 2 5.5 -22.5
0.000322001 1.5 6 -22
0.000339748 1.5 6 -21.5
0.00149791 2 5.5 -21.5
0.000318655 1.5 6 -21
0.000214813 1.5 6 -20.5
9.12594e-05 1.5 6 -20
0.000562854 2 5.5 -20
0.000134465 2 5.5 -19.5
6.68944e-05 2.5 5.5 -19.5
0.000272066 2.5 5.5 -20
0.000522211 2.5 5.5 -20.5
0.000600121 2.5 5.5 -21
0.000575835 2.5 5.5 -21.5
0.00047743 2.5 5.5 -22
0.000287477 2.5 5.5 -22.5
9.22051e-05 2.5 5.5 -23
0.000188399 2 6 -23
5.42572e-05 1.5 6.5 -22.5
0.000689689 2 6 -22.5
8.90852e-05 1.5 6.5 -22
0.00120525 2 6 -22
9.50207e-05 1.5 6.5 -21.5
0.00142995 2 6 -21.5
8.61185e-05 1.5 6.5 -21
0.00144653 2 6 -21
5.71439e-05 1.5 6.5 -20.5
0.0011831 2 6 -20.5
2.53876e-05 1.5 6.5 -20
0.000688604 2 6 -20
0.000241321 2 6 -19.5
3.93208e-05 2 6 -19
3.16147e-05 2.5 6 -19
0.000556135 2.5 6 -20
0.000991647 2.5 6 -21.5
0.000414558 2.5 6 -22.5
8.84963e-05 2.5 6 -23
8.3096e-05 2 6.5 -23
0.000440223 2 6.5 -22.5
0.000899017 2 6.5 -22
0.0008193 2.5 6 -22
0.00111265 2 6.5 -21.5
0.00109718 2 6.5 -21
0.0010117 2.5 6 -21
0.000948031 2 6.5 -20.5
0.000923521 2.5 6 -20.5
0.000583547 2 6.5 -20
0.000229077 2 6.5 -19.5
0.000195391 2.5 6 -19.5
4.5778e-05 2 6.5 -19
3.27617e-05 3 6 -19.5
8.23676e-05 3 6 -20
0.000110986 3 6 -20.5
0.000107259 3 6 -21
0.000100517 3 6 -21.5
7.74632e-05 3 6 -22
3.73449e-05 3 6 -22.5
2.36511e-05 2 7 -23
5.90723e-05 2.5 6.5 -23
0.000199657 2 7 -22.5
0.0003847 2.5 6.5 -22.5
0.000474631 2 7 -22
0.00084246 2.5 6.5 -22
0.000620692 2 7 -21.5
0.00124374 2.5 6.5 -21.5
0.00060918 2 7 -21
0.00140509 2.5 6.5 -21
0.000531989 2 7 -20.5
0.00136341 2.5 6.5 -20.5
0.000343094 2 7 -20
0.00090207 2.5 6.5 -20
0.000143942 2 7 -19.5
0.000379092 2.5 6.5 -19.5
3.59269e-05 2 7 -19
7.78037e-05 2.5 6.5 -19
3.02991e-05 3 6.5 -19
0.000148732 3 6.5 -19.5
0.000342936 3 6.5 -20
0.000445113 3 6.5 -20.5
0.000433977 3 6.5 -21
0.000372215 3 6.5 -21.5
0.000236069 3 6.5 -22
9.27703e-05 3 6.5 -22.5
0.000284076 2.5 7 -22.5
2.50046e-05 2.5 7 -23
5.22379e-05 2 7.5 -22.5
0.000167428 2 7.5 -22
0.000775896 2.5 7 -22
0.000231663 2 7.5 -21.5
0.00121215 2.5 7 -21.5
0.000233573 2 7.5 -21
0.00141377 2.5 7 -21
0.000205405 2 7.5 -20.5
0.00142255 2.5 7 -20.5
0.000144168 2 7.5 -20
0.00117834 2.5 7 -20
6.9519e-05 2 7.5 -19.5
0.000645184 2.5 7 -19.5
0.000195853 2.5 7 -19
2.44112e-05 2.5 7 -18.5
0.000129443 3 7 -19
2.49219e-05 2 8 -19.5
0.000765451 3 7 -20
4.52028e-05 2 8 -20
5.86773e-05 2 8 -20.5
6.47999e-05 2 8 -21
0.000662588 3 7 -21.5
0.000110444 3 7 -22.5
0.000147691 2.5 7.5 -22.5
2.2161e-05 2 8 -22
0.000562695 2.5 7.5 -22
5.53291e-05 2 8 -21.5
0.000394442 3 7 -22
0.0010254 2.5 7.5 -21.5
0.00127902 2.5 7.5 -21
0.000817536 3 7 -21
0.00130117 2.5 7.5 -20.5
0.000857945 3 7 -20.5
0.00112278 2.5 7.5 -20
0.000651419 2.5 7.5 -19.5
0.000431091 3 7 -19.5
0.000239634 2.5 7.5 -19
4.87533e-05 2.5 7.5 -18.5
4.73952e-05 2.5 8 -18.5
4.96703e-05 3.5 7 -19.5
7.37186e-05 3.5 7 -20
0.000528265 2.5 8 -19.5
6.82705e-05 3.5 7 -20.5
5.8964e-05 3.5 7 -21
4.56747e-05 3.5 7 -21.5
0.000853256 2.5 8 -21
4.54989e-05 2.5 8 -22.5
8.72077e-05 3 7.5 -22.5
0.000297865 2.5 8 -22
0.000394813 3 7.5 -22
0.000637015 2.5 8 -21.5
0.000833721 3 7.5 -21.5
0.00113653 3 7.5 -21
0.000893155 2.5 8 -20.5
0.00116962 3 7.5 -20.5
0.000817699 2.5 8 -20
0.00108818 3 7.5 -20
0.000735741 3 7.5 -19.5
0.00020469 2.5 8 -19
0.000309307 3 7.5 -19
6.05903e-05 3 7.5 -18.5
2.20392e-05 3.5 7.5 -18.5
0.000105117 3.5 7.5 -19
0.000244673 3.5 7.5 -19.5
0.000320263 3.5 7.5 -20
0.000306781 3.5 7.5 -20.5
0.00136413 3 8 -20
0.000265344 3.5 7.5 -21
0.000160421 3.5 7.5 -21.5
6.29389e-05 3.5 7.5 -22
0.000775109 3 8 -21.5
4.15983e-05 3 8 -22.5
0.000100281 2.5 8.5 -22
0.000309389 3 8 -22
0.000281369 2.5 8.5 -21.5
0.000413851 2.5 8.5 -21
0.00117065 3 8 -21
0.000445671 2.5 8.5 -20.5
0.00136975 3 8 -20.5
0.000413711 2.5 8.5 -20
0.000278804 2.5 8.5 -19.5
0.00109698 3 8 -19.5
0.000121179 2.5 8.5 -19
0.000572173 3 8 -19
3.73461e-05 2.5 8.5 -18.5
0.00015937 3 8 -18.5
2.1379e-05 2.5 9 -18.5
0.000357235 3.5 8 -19
5.8432e-05 2.5 9 -19
0.000106496 2.5 9 -19.5
0.000684358 3.5 8 -20
0.00065441 3.5 8 -20.5
0.000147943 2.5 9 -20
0.000322798 3.5 8 -21.5
0.000173687 3 8.5 -22
6.72885e-05 2.5 9 -21.5
0.000102429 3.5 8 -22
0.000589423 3 8.5 -21.5
0.000136754 2.5 9 -21
0.00105524 3 8.5 -21
0.000158739 2.5 9 -20.5
0.000535146 3.5 8 -21
0.0013002 3 8.5 -20.5
0.00132697 3 8.5 -20
0.00113991 3 8.5 -19.5
0.000608644 3.5 8 -19.5
0.000756627 3 8.5 -19
0.000330931 3 8.5 -18.5
0.000107421 3.5 8 -18.5
8.16333e-05 3 8.5 -18
3.62455e-05 4 8 -19
0.000297288 3.5 8.5 -18.5
9.07003e-05 3 9 -18
0.000948294 3 9 -19.5
3.84303e-05 4 8 -20
0.000962843 3.5 8.5 -19.5
2.81098e-05 4 8 -20.5
3.47443e-05 2.5 9.5 -20
3.31544e-05 2.5 9.5 -20.5
0.000731897 3.5 8.5 -21
0.000340707 3.5 8.5 -21.5
8.80302e-05 3.5 8.5 -22
5.71403e-05 3 9 -22
0.000332969 3 9 -21.5
0.000747286 3 9 -21
0.00103879 3 9 -20.5
0.00102088 3.5 8.5 -20.5
0.00107859 3 9 -20
0.00105033 3.5 8.5 -20
0.000665448 3 9 -19
4.76703e-05 4 8 -19.5
0.000670819 3.5 8.5 -19
0.000328095 3 9 -18.5
6.94464e-05 3.5 8.5 -18
2.53429e-05 4 8.5 -18
0.000247312 3 9.5 -18.5
0.000186759 4 8.5 -19
0.000573564 3.5 9 -18.5
0.000225391 4 8.5 -19.5
0.000203234 4 8.5 -20
0.000161256 4 8.5 -20.5
0.00126709 3.5 9 -20
0.000586372 3 9.5 -19.5
9.38954e-05 4 8.5 -21
3.73763e-05 4 8.5 -21.5
0.000281026 3.5 9 -21.5
0.000362504 3 9.5 -21
4.57028e-05 3.5 9 -22
0.000116435 3 9.5 -21.5
0.000687323 3.5 9 -21
0.000596164 3 9.5 -20.5
0.001026 3.5 9 -20.5
0.000661376 3 9.5 -20
0.00130465 3.5 9 -19.5
0.00044222 3 9.5 -19
0.00103914 3.5 9 -19
7.85727e-05 3 9.5 -18
9.3529e-05 4 8.5 -18.5
0.000194113 3.5 9 -18
2.75706e-05 3.5 9 -17.5
0.00012336 3.5 9.5 -17.5
2.1933e-05 4 9 -17.5
0.000867074 3.5 9.5 -18.5
5.46368e-05 3 10 -18
0.000324065 4 9 -18.5
0.000129681 3 10 -18.5
0.000565947 4 9 -19.5
0.000512872 4 9 -20
0.000248734 3 10 -19.5
6.86439e-05 4 9 -21.5
0.000103805 3 10 -21
0.000528841 3.5 9.5 -21
0.000161255 3.5 9.5 -21.5
0.000239514 3 10 -20.5
0.00022268 4 9 -21
0.000954817 3.5 9.5 -20.5
0.000286461 3 10 -20
0.000388201 4 9 -20.5
0.00122912 3.5 9.5 -20
0.00131073 3.5 9.5 -19.5
0.000205627 3 10 -19
0.00120122 3.5 9.5 -19
0.00051269 4 9 -19
0.000437815 3.5 9.5 -18
0.000121053 4 9 -18
2.7145e-05 4.5 9 -18.5
2.93869e-05 3 10.5 -18
2.5237e-05 4.5 9 -19
5.61363e-05 3 10.5 -18.5
7.68138e-05 3 10.5 -19
8.51622e-05 3 10.5 -19.5
8.41426e-05 3 10.5 -20
4.36609e-05 3 10.5 -20.5
5.03427e-05 3.5 10 -21.5
6.34905e-05 4 9.5 -21.5
0.000297331 3.5 10 -21
0.000254035 4 9.5 -21
0.00070151 3.5 10 -20.5
0.000564174 4 9.5 -20.5
0.00103762 3.5 10 -20
0.000827068 4 9.5 -20
0.00118918 3.5 10 -19.5
0.000937407 4 9.5 -19.5
0.00110473 3.5 10 -19
0.000888552 4 9.5 -19
0.000832756 3.5 10 -18.5
0.000682134 4 9.5 -18.5
0.000460331 3.5 10 -18
0.000361176 4 9.5 -18
0.000197673 3.5 10 -17.5
0.000112352 4 9.5 -17.5
4.36418e-05 3.5 10 -17
5.09696e-05 3.5 10.5 -17
0.0001759 3.5 10.5 -17.5
0.000139845 4.5 9.5 -18.5
9.80221e-05 4.5 9.5 -20
5.16138e-05 4.5 9.5 -20.5
3.30604e-05 4 10 -21.5
9.6842e-05 3.5 10.5 -21
0.000208727 4 10 -21
0.000354668 3.5 10.5 -20.5
0.000543946 4 10 -20.5
0.000639808 3.5 10.5 -20
0.000883372 4 10 -20
0.000795768 3.5 10.5 -19.5
0.00113745 4 10 -19.5
0.000789665 3.5 10.5 -19
0.000128981 4.5 9.5 -19.5
0.00117497 4 10 -19
0.000642587 3.5 10.5 -18.5
0.000150112 4.5 9.5 -19
0.00102135 4 10 -18.5
0.000396793 3.5 10.5 -18
0.000679229 4 10 -18
9.50442e-05 4.5 9.5 -18
0.000308954 4 10 -17.5
4.02122e-05 4.5 9.5 -17.5
7.32694e-05 4 10 -17
4.36812e-05 3.5 11 -17
0.000124789 3.5 11 -17.5
0.000239417 3.5 11 -18
0.000355551 3.5 11 -18.5
0.000424335 3.5 11 -19
0.000387861 3.5 11 -19.5
0.000114863 4 10.5 -21
9.5256e-05 3.5 11 -20.5
3.3554e-05 4.5 10 -21
0.000408127 4 10.5 -20.5
0.000268421 3.5 11 -20
0.000123828 4.5 10 -20.5
0.000805259 4 10.5 -20
0.000247652 4.5 10 -20
0.00111351 4 10.5 -19.5
0.000374921 4.5 10 -19.5
0.0012506 4 10.5 -19
0.000456599 4.5 10 -19
0.00122368 4 10.5 -18.5
0.000437287 4.5 10 -18.5
0.00100272 4 10.5 -18
0.000338873 4.5 10 -18
0.000607186 4 10.5 -17.5
0.000173675 4.5 10 -17.5
0.000243713 4 10.5 -17
5.06e-05 4.5 10 -17
4.61021e-05 4 10.5 -16.5
0.000131699 4 11 -16.5
3.07898e-05 3.5 11.5 -17
6.61492e-05 3.5 11.5 -17.5
0.000105974 3.5 11.5 -18
0.000141017 3.5 11.5 -18.5
0.000157552 3.5 11.5 -19
0.000118373 3.5 11.5 -19.5
4.54612e-05 3.5 11.5 -20
3.13644e-05 4 11 -21
3.36955e-05 4.5 10.5 -21
0.000210498 4 11 -20.5
0.000161456 4.5 10.5 -20.5
0.000573908 4 11 -20
0.000390383 4.5 10.5 -20
0.000931599 4 11 -19.5
0.000634884 4.5 10.5 -19.5
0.00115337 4 11 -19
0.000768663 4.5 10.5 -19
0.0011761 4 11 -18.5
0.000803004 4.5 10.5 -18.5
0.00101663 4 11 -18
0.000708912 4.5 10.5 -18
0.000700418 4 11 -17.5
0.000474134 4.5 10.5 -17.5
0.000365871 4 11 -17
0.000212726 4.5 10.5 -17
4.63012e-05 4.5 10.5 -16.5
3.71615e-05 4 11.5 -16
0.000136612 4 11.5 -16.5
0.000343627 4 11.5 -17
0.000611314 4 11.5 -17.5
2.68316e-05 3.5 12 -17.5
0.000828919 4 11.5 -18
3.77021e-05 3.5 12 -18
4.28997e-05 3.5 12 -18.5
4.59417e-05 5 10.5 -19.5
2.75866e-05 3.5 12 -19
5.75264e-05 4 11.5 -20.5
0.000127899 4.5 11 -20.5
0.000276443 4 11.5 -20
0.000375508 4.5 11 -20
0.000594934 4 11.5 -19.5
0.000678892 4.5 11 -19.5
0.000844225 4 11.5 -19
0.000963821 4.5 11 -19
0.000915391 4 11.5 -18.5
8.16181e-05 5 10.5 -19
0.00110029 4.5 11 -18.5
0.000102956 5 10.5 -18.5
0.000989209 4.5 11 -18
0.000109379 5 10.5 -18
0.000791471 4.5 11 -17.5
9.79208e-05 5 10.5 -17.5
0.000487047 4.5 11 -17
6.21926e-05 5 10.5 -17
0.000197868 4.5 11 -16.5
2.57858e-05 5 10.5 -16.5
3.41902e-05 4.5 11 -16
2.17043e-05 4.5 11.5 -15.5
0.000165456 4.5 11.5 -16
3.6653e-05 4 12 -16
0.000117046 4 12 -16.5
0.000243187 4 12 -17
0.000404909 4 12 -17.5
0.000497341 4 12 -18
0.000529946 4 12 -18.5
0.00042385 4 12 -19
6.24023e-05 4.5 11.5 -20.5
5.84011e-05 4 12 -20
0.000263419 4.5 11.5 -20
0.000235083 4 12 -19.5
5.42209e-05 5 11 -20
0.000576546 4.5 11.5 -19.5
0.000135709 5 11 -19.5
0.000906639 4.5 11.5 -19
0.000245375 5 11 -19
0.00112454 4.5 11.5 -18.5
0.000346932 5 11 -18.5
0.00120222 4.5 11.5 -18
0.00037867 5 11 -18
0.00109381 4.5 11.5 -17.5
0.000345678 5 11 -17.5
0.000800321 4.5 11.5 -17
0.000246995 5 11 -17
0.000441297 4.5 11.5 -16.5
0.000119521 5 11 -16.5
3.21972e-05 5 11 -16
0.000107388 4.5 12 -15.5
0.000315352 4.5 12 -16
3.02855e-05 4 12.5 -16
0.000635355 4.5 12 -16.5
6.9995e-05 4 12.5 -16.5
0.000934319 4.5 12 -17
0.000132008 4 12.5 -17
0.000190656 4 12.5 -17.5
0.000212546 4 12.5 -18
0.000198131 4 12.5 -18.5
0.000115281 4 12.5 -19
2.45938e-05 4 12.5 -19.5
0.000118808 4.5 12 -20
8.47491e-05 5 11.5 -20
0.000380618 4.5 12 -19.5
0.000230827 5 11.5 -19.5
0.000715944 4.5 12 -19
0.000439609 5 11.5 -19
0.00101828 4.5 12 -18.5
0.000610311 5 11.5 -18.5
0.0011586 4.5 12 -18
0.000708552 5 11.5 -18
0.0010932 4.5 12 -17.5
0.00068577 5 11.5 -17.5
0.000582231 5 11.5 -17
0.000366921 5 11.5 -16.5
0.000154412 5 11.5 -16
3.48414e-05 5 11.5 -15.5
3.74192e-05 5 12 -15
4.08041e-05 4.5 12.5 -15
0.000138395 4.5 12.5 -15.5
5.6366e-05 5.5 11.5 -16
0.00031574 4.5 12.5 -16
0.000574017 4.5 12.5 -16.5
9.41988e-05 5.5 11.5 -17
3.49782e-05 4 13 -16.5
8.69969e-05 5.5 11.5 -17.5
0.000806112 4.5 12.5 -17
5.07693e-05 4 13 -17
0.000939432 4.5 12.5 -17.5
6.11211e-05 4 13 -17.5
0.000941166 4.5 12.5 -18
3.69492e-05 5.5 11.5 -18.5
5.21961e-05 4 13 -18
2.02725e-05 4 13 -18.5
6.51725e-05 5 12 -20
0.000156967 4.5 12.5 -19.5
0.00021702 5 12 -19.5
0.000418466 4.5 12.5 -19
0.00044647 5 12 -19
0.000719811 4.5 12.5 -18.5
0.000736134 5 12 -18.5
0.000956684 5 12 -18
6.95196e-05 5.5 11.5 -18
0.00100883 5 12 -17.5
0.000883502 5 12 -17
0.000655165 5 12 -16.5
8.69418e-05 5.5 11.5 -16.5
0.000406152 5 12 -16
0.000174186 5 12 -15.5
2.39263e-05 5.5 11.5 -15.5
3.38828e-05 5 12.5 -14.5
0.000174395 5 12.5 -15
4.55388e-05 4.5 13 -15
0.000406647 5 12.5 -15.5
0.000122998 4.5 13 -15.5
0.000703236 5 12.5 -16
0.000254561 4.5 13 -16
0.000408576 4.5 13 -16.5
0.000532045 4.5 13 -17
0.000594308 4.5 13 -17.5
0.000509063 4.5 13 -18
0.000323563 4.5 13 -18.5
0.00013525 4.5 13 -19
2.20119e-05 5 12.5 -20
0.00013594 5 12.5 -19.5
0.000364195 5 12.5 -19
6.05783e-05 5.5 12 -19
0.000656338 5 12.5 -18.5
0.000131375 5.5 12 -18.5
0.000916716 5 12.5 -18
0.000227152 5.5 12 -18
0.00106764 5 12.5 -17.5
0.000320463 5.5 12 -17.5
0.00111652 5 12.5 -17
0.000338774 5.5 12 -17
0.000985436 5 12.5 -16.5
0.000303732 5.5 12 -16.5
0.000218749 5.5 12 -16
0.000115355 5.5 12 -15.5
3.67359e-05 5.5 12 -15
2.82531e-05 5 13 -14
0.000134849 5 13 -14.5
0.000334655 5 13 -15
3.73002e-05 4.5 13.5 -15
0.000618053 5 13 -15.5
8.72203e-05 4.5 13.5 -15.5
0.0008648 5 13 -16
0.00015048 4.5 13.5 -16
0.0010089 5 13 -16.5
0.000210776 4.5 13.5 -16.5
0.00109139 5 13 -17
0.000244353 4.5 13.5 -17
0.000250587 4.5 13.5 -17.5
0.000163711 4.5 13.5 -18
5.56859e-05 4.5 13.5 -18.5
4.53413e-05 5 13 -19.5
3.27992e-05 5.5 12.5 -19.5
0.000201866 5 13 -19
0.000109734 5.5 12.5 -19
0.00046562 5 13 -18.5
0.000245117 5.5 12.5 -18.5
0.000758064 5 13 -18
0.000425937 5.5 12.5 -18
0.000993933 5 13 -17.5
0.000574909 5.5 12.5 -17.5
0.000652704 5.5 12.5 -17
0.000617496 5.5 12.5 -16.5
0.000522322 5.5 12.5 -16
0.000349445 5.5 12.5 -15.5
2.01014e-05 6 12 -15.5
0.000167961 5.5 12.5 -15
5.31091e-05 5.5 12.5 -14.5
7.40685e-05 5.5 13 -14
6.05099e-05 5 13.5 -14
0.00016385 5 13.5 -14.5
6.87063e-05 6 12.5 -15
0.000336381 5 13.5 -15
9.54968e-05 6 12.5 -15.5
2.49316e-05 4.5 14 -15
0.000571447 5 13.5 -15.5
9.69419e-05 6 12.5 -16
4.41004e-05 4.5 14 -15.5
0.000774413 5 13.5 -16
8.14445e-05 6 12.5 -16.5
6.30225e-05 4.5 14 -16
0.000904738 5 13.5 -16.5
7.44464e-05 4.5 14 -16.5
0.000914839 5 13.5 -17
6.92232e-05 4.5 14 -17
0.000730808 5 13.5 -17.5
3.78758e-05 4.5 14 -17.5
0.000468628 5 13.5 -18
5.74401e-05 5 13.5 -19
9.79606e-05 5.5 13 -19
0.000220309 5 13.5 -18.5
0.000245445 5.5 13 -18.5
0.000459118 5.5 13 -18
0.000708063 5.5 13 -17.5
3.05386e-05 6 12.5 -17.5
0.00089409 5.5 13 -17
6.22121e-05 6 12.5 -17
0.000921758 5.5 13 -16.5
0.000813745 5.5 13 -16
0.000621029 5.5 13 -15.5
0.000421155 5.5 13 -15
0.000221122 5.5 13 -14.5
3.5001e-05 6 12.5 -14.5
8.95933e-05 5.5 13.5 -13.5
0.000250561 5.5 13.5 -14
6.14096e-05 5 14 -14
0.000465579 5.5 13.5 -14.5
0.000144126 5 14 -14.5
0.000710485 5.5 13.5 -15
0.000276443 5 14 -15
0.000929282 5.5 13.5 -15.5
0.000418788 5 14 -15.5
0.00102838 5.5 13.5 -16
0.000533128 5 14 -16
0.000590782 5 14 -16.5
0.000205123 6 13 -17
0.000505083 5 14 -17
0.000118876 6 13 -17.5
0.000340134 5 14 -17.5
5.74674e-05 6 13 -18
0.000162356 5 14 -18
3.59804e-05 5 14 -18.5
4.99087e-05 5.5 13.5 -19
0.000179055 5.5 13.5 -18.5
0.000388153 5.5 13.5 -18
0.000642274 5.5 13.5 -17.5
0.000861315 5.5 13.5 -17
0.000966275 5.5 13.5 -16.5
0.000293354 6 13 -16.5
0.000325782 6 13 -16
0.00030142 6 13 -15.5
0.000240256 6 13 -15
0.000150331 6 13 -14.5
6.64524e-05 6 13 -14
2.15144e-05 6 13 -13.5
8.01763e-05 5.5 14 -13
0.000205948 5.5 14 -13.5
2.28841e-05 6.5 13 -14
2.00081e-05 5 14.5 -13.5
0.000394366 5.5 14 -14
4.775e-05 5 14.5 -14
0.000638679 5.5 14 -14.5
0.000100195 5 14.5 -14.5
0.000832618 5.5 14 -15
0.000160936 5 14.5 -15
0.000942496 5.5 14 -15.5
0.000217519 5 14.5 -15.5
0.00100266 5.5 14 -16
0.000256241 5 14.5 -16
0.000903739 5.5 14 -16.5
0.000250652 5 14.5 -16.5
0.000161296 5 14.5 -17
6.16306e-05 5 14.5 -17.5
7.32562e-05 5.5 14 -18.5
4.08796e-05 6 13.5 -18.5
0.000231286 5.5 14 -18
0.000112912 6 13.5 -18
0.000461132 5.5 14 -17.5
0.000230135 6 13.5 -17.5
0.000711308 5.5 14 -17
0.000381934 6 13.5 -17
0.00052698 6 13.5 -16.5
0.000610164 6 13.5 -16
0.000592535 6 13.5 -15.5
0.000533916 6 13.5 -15
2.17671e-05 6.5 13 -15
0.000399865 6 13.5 -14.5
2.6959e-05 6.5 13 -14.5
0.000242095 6 13.5 -14
0.0001143 6 13.5 -13.5
3.522e-05 6 13.5 -13
6.1847e-05 6 14 -12.5
3.27646e-05 5.5 14.5 -12.5
0.000169322 6 14 -13
9.70083e-05 5.5 14.5 -13
0.000327017 6 14 -13.5
0.000210472 5.5 14.5 -13.5
0.000379316 5.5 14.5 -14
0.00011848 6.5 13.5 -14.5
3.05716e-05 5 15 -14
0.000578888 5.5 14.5 -14.5
0.000110699 6.5 13.5 -15
4.87262e-05 5 15 -14.5
0.000744272 5.5 14.5 -15
8.66312e-05 6.5 13.5 -15.5
6.45301e-05 5 15 -15
0.00084931 5.5 14.5 -15.5
6.07854e-05 6.5 13.5 -16
7.42996e-05 5 15 -15.5
0.000818761 5.5 14.5 -16
6.62577e-05 5 15 -16
0.000659035 5.5 14.5 -16.5
3.16752e-05 5 15 -16.5
0.000432856 5.5 14.5 -17
0.000221279 5.5 14.5 -17.5
7.19194e-05 5.5 14.5 -18
3.13571e-05 6 14 -18.5
0.000105344 6 14 -18
0.000235663 6 14 -17.5
0.000419958 6 14 -17
0.000630422 6 14 -16.5
0.000803626 6 14 -16
0.000862747 6 14 -15.5
0.000786943 6 14 -15
0.000662784 6 14 -14.5
0.000510505 6 14 -14
0.000101979 6.5 13.5 -14
6.46931e-05 6.5 13.5 -13.5
3.12374e-05 6.5 13.5 -13
8.69394e-05 6 14.5 -12
0.000229226 6 14.5 -12.5
3.63699e-05 5.5 15 -12.5
0.000403212 6 14.5 -13
9.05818e-05 5.5 15 -13
0.000593062 6 14.5 -13.5
0.000176107 5.5 15 -13.5
0.000771274 6 14.5 -14
0.00029529 5.5 15 -14
0.000890126 6 14.5 -14.5
0.000415037 5.5 15 -14.5
0.000941504 6 14.5 -15
0.00049755 5.5 15 -15
0.00086115 6 14.5 -15.5
0.000530653 5.5 15 -15.5
0.000430759 5.5 15 -16
0.000104179 6.5 14 -16.5
0.000290868 5.5 15 -16.5
5.05875e-05 6.5 14 -17
0.000141209 5.5 15 -17
3.31609e-05 5.5 15 -17.5
5.87383e-05 6 14.5 -18
0.000175449 6 14.5 -17.5
0.000352429 6 14.5 -17
0.000564272 6 14.5 -16.5
0.000758973 6 14.5 -16
0.000184871 6.5 14 -16
0.000277394 6.5 14 -15.5
0.000326141 6.5 14 -15
0.000333317 6.5 14 -14.5
0.000299873 6.5 14 -14
0.000227665 6.5 14 -13.5
0.000142634 6.5 14 -13
7.0141e-05 6.5 14 -12.5
2.82983e-05 6.5 14 -12
6.06806e-05 6.5 14.5 -11.5
7.1162e-05 6 15 -11.5
0.000165757 6 15 -12
3.26699e-05 7 14 -12.5
0.000297581 6 15 -12.5
3.93638e-05 7 14 -13
3.18773e-05 5.5 15.5 -12.5
0.000460423 6 15 -13
3.88859e-05 7 14 -13.5
6.08661e-05 5.5 15.5 -13
0.000650484 6 15 -13.5
0.000111765 5.5 15.5 -13.5
0.000799601 6 15 -14
0.000160756 5.5 15.5 -14
0.00086714 6 15 -14.5
0.000202694 5.5 15.5 -14.5
0.000887161 6 15 -15
0.000227184 5.5 15.5 -15
0.000771774 6 15 -15.5
0.000195851 5.5 15.5 -15.5
0.00059406 6 15 -16
0.000114105 5.5 15.5 -16
0.000389977 6 15 -16.5
3.59539e-05 5.5 15.5 -16.5
3.56933e-05 6.5 14.5 -17.5
7.13108e-05 6 15 -17.5
0.000203378 6 15 -17
9.67417e-05 6.5 14.5 -17
0.000197227 6.5 14.5 -16.5
0.000332403 6.5 14.5 -16
0.000481521 6.5 14.5 -15.5
0.000569737 6.5 14.5 -15
0.000606412 6.5 14.5 -14.5
0.000575614 6.5 14.5 -14
2.8961e-05 7 14 -14
0.000493013 6.5 14.5 -13.5
0.000370592 6.5 14.5 -13
0.000238031 6.5 14.5 -12.5
0.000137754 6.5 14.5 -12
3.73058e-05 6.5 15 -10.5
0.000104856 6.5 15 -11
2.98092e-05 6 15.5 -11
0.000208823 6.5 15 -11.5
7.81309e-05 6 15.5 -11.5
0.000338743 6.5 15 -12
0.000158568 6 15.5 -12
0.000490811 6.5 15 -12.5
0.000276069 6 15.5 -12.5
0.000635665 6.5 15 -13
0.000419629 6 15.5 -13
3.34449e-05 5.5 16 -13
0.000569914 6 15.5 -13.5
0.000133245 7 14.5 -14
4.72214e-05 5.5 16 -13.5
0.000690519 6 15.5 -14
9.83048e-05 7 14.5 -14.5
5.54285e-05 5.5 16 -14
0.000741897 6 15.5 -14.5
5.35909e-05 5.5 16 -14.5
0.000657177 6 15.5 -15
3.96235e-05 5.5 16 -15
0.000512244 6 15.5 -15.5
0.000331133 6 15.5 -16
0.000163959 6 15.5 -16.5
5.027e-05 6 15.5 -17
2.34089e-05 6.5 15 -17.5
8.79947e-05 6.5 15 -17
0.00019739 6.5 15 -16.5
0.000343453 6.5 15 -16
0.000512501 6.5 15 -15.5
0.000682562 6.5 15 -15
6.03281e-05 7 14.5 -15
0.000780157 6.5 15 -14.5
0.000783658 6.5 15 -14
0.000732975 6.5 15 -13.5
0.000154214 7 14.5 -13.5
0.00015163 7 14.5 -13
4.37176e-05 6.5 15.5 -10
0.000117428 6.5 15.5 -10.5
0.00012766 7 15 -11
0.000231984 6.5 15.5 -11
2.98097e-05 6 16 -11
0.000391274 6.5 15.5 -11.5
6.90725e-05 6 16 -11.5
0.000548054 6.5 15.5 -12
0.000123902 6 16 -12
0.000680925 6.5 15.5 -12.5
0.000202104 6 16 -12.5
0.000784283 6.5 15.5 -13
0.000293893 6 16 -13
0.000831445 6.5 15.5 -13.5
0.000370749 6 16 -13.5
0.000807686 6.5 15.5 -14
0.000414288 6 16 -14
0.000734471 6.5 15.5 -14.5
0.000398072 6 16 -14.5
0.000301737 6 16 -15
8.70037e-05 7 15 -15.5
0.000188813 6 16 -15.5
4.20877e-05 7 15 -16
8.02914e-05 6 16 -16
4.54969e-05 6.5 15.5 -17
0.000135834 6.5 15.5 -16.5
0.00027371 6.5 15.5 -16
0.000439904 6.5 15.5 -15.5
0.000607203 6.5 15.5 -15
0.000162406 7 15 -15
0.000252646 7 15 -14.5
0.000332801 7 15 -14
0.000377729 7 15 -13.5
0.000375462 7 15 -13
0.000345223 7 15 -12.5
0.000280277 7 15 -12
0.000199317 7 15 -11.5
3.45639e-05 7 15.5 -9
7.78807e-05 7 15.5 -9.5
2.55768e-05 6.5 16 -9.5
0.000145372 7 15.5 -10
5.9537e-05 6.5 16 -10
0.000228516 7 15.5 -10.5
0.000135257 6.5 16 -10.5
0.000247125 6.5 16 -11
8.23985e-05 7.5 15 -11.5
2.38804e-05 6 16.5 -11
0.000386546 6.5 16 -11.5
7.23153e-05 7.5 15 -12
4.11522e-05 6 16.5 -11.5
0.000531539 6.5 16 -12
5.86634e-05 7.5 15 -12.5
6.688e-05 6 16.5 -12
0.000662597 6.5 16 -12.5
0.000107168 6 16.5 -12.5
0.00074175 6.5 16 -13
0.000135197 6 16.5 -13
0.000768701 6.5 16 -13.5
0.000150859 6 16.5 -13.5
0.000710965 6.5 16 -14
0.000143564 6 16.5 -14
0.0005845 6.5 16 -14.5
9.90493e-05 6 16.5 -14.5
0.000432091 6.5 16 -15
4.53743e-05 6 16.5 -15
0.00027264 6.5 16 -15.5
0.000133694 6.5 16 -16
4.40122e-05 6.5 16 -16.5
2.11797e-05 7 15.5 -16.5
7.3843e-05 7 15.5 -16
0.000153731 7 15.5 -15.5
0.000263169 7 15.5 -15
0.000394103 7 15.5 -14.5
0.000517213 7 15.5 -14
0.000597691 7 15.5 -13.5
0.000631607 7 15.5 -13
3.81571e-05 7.5 15 -13
0.000592809 7 15.5 -12.5
0.000512483 7 15.5 -12
0.000414902 7 15.5 -11.5
4.62244e-05 7 16 -8.5
3.38338e-05 7.5 15.5 -8.5
0.000323255 7 15.5 -11
5.51122e-05 7.5 15.5 -9
0.000110982 7 16 -9
9.16383e-05 7.5 15.5 -9.5
0.000203342 7 16 -9.5
2.64432e-05 6.5 16.5 -9.5
0.000322062 7 16 -10
0.000137809 7.5 15.5 -10
5.69371e-05 6.5 16.5 -10
0.000433197 7 16 -10.5
0.000124118 6.5 16.5 -10.5
0.000544574 7 16 -11
0.000216674 6.5 16.5 -11
0.000652509 7 16 -11.5
0.000320413 6.5 16.5 -11.5
0.00070351 7 16 -12
0.000424454 6.5 16.5 -12
0.000510169 6.5 16.5 -12.5
0.000159796 7.5 15.5 -13
2.62535e-05 6 17 -12.5
0.000544483 6.5 16.5 -13
9.9288e-05 7.5 15.5 -13.5
2.0851e-05 6 17 -13
0.000544071 6.5 16.5 -13.5
5.37804e-05 7.5 15.5 -14
0.000450864 6.5 16.5 -14
0.000323292 6.5 16.5 -14.5
0.000191056 6.5 16.5 -15
8.4705e-05 6.5 16.5 -15.5
6.10439e-05 7 16 -16
0.000143023 7 16 -15.5
0.000254156 7 16 -15
0.00038734 7 16 -14.5
0.000522057 7 16 -14
0.000642802 7 16 -13.5
0.000702585 7 16 -13
0.000715576 7 16 -12.5
0.00020678 7.5 15.5 -12.5
2.59461e-05 7.5 16 -7
5.33649e-05 7.5 16 -7.5
9.0685e-05 7.5 16 -8
0.000232134 7.5 15.5 -12
0.000238527 7.5 15.5 -11.5
2.96134e-05 7 16.5 -8
0.000137143 7.5 16 -8.5
2.91736e-05 8 15.5 -8.5
6.40695e-05 7 16.5 -8.5
0.000136862 7 16.5 -9
4.59855e-05 8 15.5 -9.5
0.000224448 7 16.5 -9.5
5.09099e-05 8 15.5 -10
2.30122e-05 6.5 17 -9.5
0.00033245 7 16.5 -10
4.5715e-05 8 15.5 -10.5
4.49681e-05 6.5 17 -10
0.000466063 7 16.5 -10.5
0.000442803 7.5 16 -11
8.62202e-05 6.5 17 -10.5
0.000597134 7 16.5 -11
0.000131572 6.5 17 -11
0.000665383 7 16.5 -11.5
0.000182948 6.5 17 -11.5
0.000698607 7 16.5 -12
0.000231243 6.5 17 -12
0.00069947 7 16.5 -12.5
0.000256785 6.5 17 -12.5
0.000657048 7 16.5 -13
0.000254505 6.5 17 -13
0.000553654 7 16.5 -13.5
0.000213803 6.5 17 -13.5
0.000144106 6.5 17 -14
6.5166e-05 7.5 16 -14.5
6.77549e-05 6.5 17 -14.5
2.05872e-05 7.5 16 -15
7.6571e-05 7 16.5 -15.5
0.000170604 7 16.5 -15
0.00029152 7 16.5 -14.5
0.000425531 7 16.5 -14
0.000131836 7.5 16 -14
0.000207312 7.5 16 -13.5
0.000302122 7.5 16 -13
2.77016e-05 8 16 -6
0.000384893 7.5 16 -12.5
4.28416e-05 8 16 -6.5
0.00043599 7.5 16 -12
3.39621e-05 7.5 16.5 -6.5
5.64733e-05 8 16 -7
0.000459011 7.5 16 -11.5
7.5279e-05 7.5 16.5 -7
7.27692e-05 8 16 -7.5
0.000129309 7.5 16.5 -7.5
3.3606e-05 8 15.5 -11
0.000206802 7.5 16.5 -8
9.52165e-05 8 16 -8
2.96022e-05 7 17 -8
0.000293675 7.5 16.5 -8.5
6.08947e-05 7 17 -8.5
0.000369937 7.5 16.5 -9
0.000124744 7 17 -9
0.000452492 7.5 16.5 -9.5
0.000205039 7 17 -9.5
0.00030589 7 17 -10
0.000155406 8 16 -10.5
2.39064e-05 6.5 17.5 -10
0.000422235 7 17 -10.5
0.000127411 8 16 -11
3.90446e-05 6.5 17.5 -10.5
0.000527141 7 17 -11
9.20263e-05 8 16 -11.5
5.1823e-05 6.5 17.5 -11
0.00058737 7 17 -11.5
5.37139e-05 8 16 -12
6.05263e-05 6.5 17.5 -11.5
0.000604566 7 17 -12
6.85075e-05 6.5 17.5 -12
0.000566734 7 17 -12.5
5.79932e-05 6.5 17.5 -12.5
0.000483547 7 17 -13
3.50394e-05 6.5 17.5 -13
0.00036648 7 17 -13.5
0.0002445 7 17 -14
0.000136412 7 17 -14.5
5.8974e-05 7 17 -15
4.97255e-05 7.5 16.5 -15
0.000104922 7.5 16.5 -14.5
0.000188419 7.5 16.5 -14
0.000293015 7.5 16.5 -13.5
2.15138e-05 8 16.5 -4.5
0.000401208 7.5 16.5 -13
3.71983e-05 8 16.5 -5
0.000500535 7.5 16.5 -12.5
6.37562e-05 8 16.5 -5.5
2.20742e-05 8.5 16 -5.5
0.00057792 7.5 16.5 -12
9.593e-05 8 16.5 -6
2.86644e-05 8.5 16 -6
0.000619034 7.5 16.5 -11.5
3.8331e-05 8.5 16 -6.5
0.00013609 8 16.5 -6.5
0.000600766 7.5 16.5 -11
0.000584435 7.5 16.5 -10.5
0.000533164 7.5 16.5 -10
3.85294e-05 7.5 17 -6.5
0.000171143 8 16.5 -7
4.10781e-05 8.5 16 -7
7.91054e-05 7.5 17 -7
0.000139157 7.5 17 -7.5
4.57955e-05 8.5 16 -8
0.000210602 8 16.5 -7.5
0.000217308 7.5 17 -8
4.3204e-05 8.5 16 -8.5
0.000248304 8 16.5 -8
2.50358e-05 7 17.5 -8
0.00031316 7.5 17 -8.5
0.00032996 8 16.5 -9
3.4141e-05 8.5 16 -9
4.6499e-05 7 17.5 -8.5
0.000428313 7.5 17 -9
8.65066e-05 7 17.5 -9
0.000525846 7.5 17 -9.5
0.000136163 7 17.5 -9.5
0.000583718 7.5 17 -10
0.000204375 7 17.5 -10
0.000619878 7.5 17 -10.5
0.00027541 7 17.5 -10.5
0.000631565 7.5 17 -11
0.000325713 7 17.5 -11
0.0006028 7.5 17 -11.5
0.000346234 7 17.5 -11.5
0.000329145 7 17.5 -12
9.05922e-05 8 16.5 -12.5
0.000279873 7 17.5 -12.5
4.44111e-05 8 16.5 -13
0.000205178 7 17.5 -13
0.00012441 7 17.5 -13.5
5.40314e-05 7 17.5 -14
3.10177e-05 7.5 17 -15
7.97431e-05 7.5 17 -14.5
0.000159463 7.5 17 -14
0.000260405 7.5 17 -13.5
3.56552e-05 8.5 16.5 -3.5
0.000370943 7.5 17 -13
6.35872e-05 8.5 16.5 -4
0.000474234 7.5 17 -12.5
8.42095e-05 8.5 16.5 -4.5
0.000554856 7.5 17 -12
2.46204e-05 8 17 -4.5
9.56601e-05 8.5 16.5 -5
4.87521e-05 8 17 -5
9.69547e-05 8 17 -5.5
0.000107922 8.5 16.5 -5.5
0.000121417 8.5 16.5 -6
0.000155082 8 16.5 -12
0.00023187 8 16.5 -11.5
0.00015388 8 17 -6
0.000226079 8 17 -6.5
0.000134111 8.5 16.5 -6.5
3.46072e-05 7.5 17.5 -6.5
0.000303265 8 17 -7
0.000149018 8.5 16.5 -7
0.000295346 8 16.5 -11
0.000334871 8 16.5 -10.5
0.000359678 8 16.5 -10
6.57393e-05 7.5 17.5 -7
0.000359048 8 17 -7.5
0.000155109 8.5 16.5 -7.5
0.000127463 7.5 17.5 -7.5
0.00041406 8 17 -8
0.000199246 7.5 17.5 -8
0.000286857 7.5 17.5 -8.5
0.000123097 8.5 16.5 -9
0.000460504 8 17 -8.5
2.49497e-05 7 18 -8.5
0.00038686 7.5 17.5 -9
9.14195e-05 8.5 16.5 -9.5
3.73643e-05 7 18 -9
0.000479855 7.5 17.5 -9.5
0.000518157 8 17 -10
5.88423e-05 8.5 16.5 -10
5.93832e-05 7 18 -9.5
0.000538608 7.5 17.5 -10
8.71301e-05 7 18 -10
0.00056248 7.5 17.5 -10.5
0.0001055 7 18 -10.5
0.000552255 7.5 17.5 -11
0.000115289 7 18 -11
0.000502762 7.5 17.5 -11.5
0.0001044 7 18 -11.5
0.000437616 7.5 17.5 -12
7.38621e-05 7 18 -12
0.000347328 7.5 17.5 -12.5
3.92808e-05 7 18 -12.5
0.000244841 7.5 17.5 -13
2.18714e-05 7.5 17.5 -14.5
2.93379e-05 9 16.5 -1.5
7.14952e-05 7.5 17.5 -14
4.27197e-05 9 16.5 -2
0.000149368 7.5 17.5 -13.5
5.93945e-05 9 16.5 -2.5
6.85979e-05 9 16.5 -3
3.57348e-05 8.5 17 -3
5.23043e-05 8 17 -13.5
7.62075e-05 9 16.5 -3.5
0.000103414 8 17 -13
6.47408e-05 8.5 17 -3.5
8.06266e-05 9 16.5 -4
0.000109601 8.5 17 -4
0.000171215 8 17 -12.5
0.000151662 8.5 17 -4.5
8.06121e-05 9 16.5 -4.5
0.000255913 8 17 -12
2.39657e-05 8 17.5 -4.5
0.000190064 8.5 17 -5
8.05849e-05 9 16.5 -5
0.000350764 8 17 -11.5
0.000430747 8 17 -11
4.67076e-05 8 17.5 -5
0.000219829 8.5 17 -5.5
7.36073e-05 9 16.5 -5.5
9.14876e-05 8 17.5 -5.5
0.000148098 8 17.5 -6
5.92443e-05 9 16.5 -6.5
0.000250586 8.5 17 -6
6.73537e-05 9 16.5 -6
0.000489191 8 17 -10.5
0.00027457 8.5 17 -6.5
3.07876e-05 8.5 16.5 -10.5
0.000504707 8 17 -9.5
0.000220598 8 17.5 -6.5
0.000292541 8.5 17 -7
4.54399e-05 9 16.5 -7
2.26873e-05 7.5 18 -6.5
0.000301745 8 17.5 -7
2.90711e-05 9 16.5 -7.5
4.60152e-05 7.5 18 -7
0.000387103 8 17.5 -7.5
0.000312546 8.5 17 -7.5
8.44517e-05 7.5 18 -7.5
0.000455644 8 17.5 -8
0.000131053 7.5 18 -8
0.000500598 8 17.5 -8.5
0.000192228 7.5 18 -8.5
0.000525086 8 17.5 -9
0.000255662 7.5 18 -9
0.000530238 8 17.5 -9.5
0.000310012 7.5 18 -9.5
0.000348027 7.5 18 -10
0.000112526 8.5 17 -10.5
0.000364924 7.5 18 -10.5
0.00042478 8 17.5 -11
5.91323e-05 8.5 17 -11
0.000341221 7.5 18 -11
0.000287425 7.5 18 -11.5
0.000220592 7.5 18 -12
0.000147573 7.5 18 -12.5
8.08363e-05 7.5 18 -13
2.18749e-05 7.5 18 -13.5
2.84338e-05 9.5 16.5 0
4.77786e-05 9.5 16.5 -0.5
2.12153e-05 9 17 -1
6.19864e-05 9.5 16.5 -1
4.55018e-05 9 17 -1.5
6.39008e-05 9.5 16.5 -1.5
7.3481e-05 9 17 -2
6.32701e-05 9.5 16.5 -2
5.29703e-05 8 17.5 -13.5
5.99476e-05 9.5 16.5 -2.5
0.000113183 9 17 -2.5
0.000105852 8 17.5 -13
5.98251e-05 9.5 16.5 -3
0.000142337 9 17 -3
0.000173875 8 17.5 -12.5
3.29256e-05 8.5 17.5 -3
5.25827e-05 9.5 16.5 -3.5
0.000160989 9 17 -3.5
0.000255051 8 17.5 -12
5.91976e-05 8.5 17.5 -3.5
4.39705e-05 9.5 16.5 -4
0.000176028 9 17 -4
0.000342443 8 17.5 -11.5
0.000105745 8.5 17.5 -4
3.259e-05 9.5 16.5 -4.5
0.000158171 8.5 17.5 -4.5
2.04072e-05 9.5 16.5 -5
0.000182414 9 17 -4.5
0.000184601 9 17 -5
0.000487442 8 17.5 -10.5
0.00022621 8.5 17.5 -5
0.000188799 9 17 -5.5
3.45998e-05 8 18 -5
0.000296697 8.5 17.5 -5.5
0.00051792 8 17.5 -10
6.26313e-05 8 18 -5.5
0.000346245 8.5 17.5 -6
0.000183301 9 17 -6
0.000118171 8 18 -6
0.000388004 8.5 17.5 -6.5
0.000182437 8 18 -6.5
0.000143281 9 17 -7
0.000262196 8 18 -7
0.000109524 9 17 -7.5
0.000416255 8.5 17.5 -7
0.000343474 8 18 -7.5
7.49738e-05 9 17 -8
0.000427087 8.5 17.5 -7.5
3.37414e-05 7.5 18.5 -7.5
0.000414848 8 18 -8
4.1987e-05 9 17 -8.5
5.68312e-05 7.5 18.5 -8
0.000456606 8 18 -8.5
8.01144e-05 7.5 18.5 -8.5
0.000475402 8 18 -9
0.000395452 8.5 17.5 -9
0.000100392 7.5 18.5 -9
0.000481953 8 18 -9.5
0.000114287 7.5 18.5 -9.5
0.000455025 8 18 -10
0.000121981 7.5 18.5 -10
0.000398535 8 18 -10.5
0.000116437 7.5 18.5 -10.5
9.58355e-05 7.5 18.5 -11
6.38971e-05 8.5 17.5 -11.5
6.22745e-05 7.5 18.5 -11.5
0.000184237 8 18 -12
2.89178e-05 8.5 17.5 -12
2.20558e-05 7.5 18.5 -12
2.12033e-05 10 16.5 1
4.92502e-05 10 16.5 0.5
4.058e-05 9.5 17 0
6.09351e-05 10 16.5 0
2.15644e-05 8 18 -13.5
6.16074e-05 10 16.5 -0.5
6.95166e-05 9.5 17 -0.5
5.47404e-05 10 16.5 -1
0.000107 9.5 17 -1
6.20685e-05 8 18 -13
4.50178e-05 10 16.5 -1.5
0.000129277 9.5 17 -1.5
0.00011771 8 18 -12.5
3.85508e-05 9 17.5 -1.5
3.35744e-05 10 16.5 -2
0.000140134 9.5 17 -2
6.91758e-05 9 17.5 -2
2.25804e-05 10 16.5 -2.5
0.000142753 9.5 17 -2.5
0.000256047 8 18 -11.5
0.000118024 9 17.5 -2.5
0.000139505 9.5 17 -3
0.000166708 9 17.5 -3
0.000326102 8 18 -11
2.02252e-05 8.5 18 -3
0.000215363 9 17.5 -3.5
0.000137769 9.5 17 -3.5
4.66088e-05 8.5 18 -3.5
0.000247952 9 17.5 -4
0.000123771 9.5 17 -4
8.90602e-05 8.5 18 -4
0.000274732 9 17.5 -4.5
0.00010473 9.5 17 -4.5
0.000140979 8.5 18 -4.5
8.16606e-05 9.5 17 -5
0.000121732 8.5 17.5 -11
0.000291227 9 17.5 -5
0.000193712 8.5 17.5 -10.5
0.000205698 8.5 18 -5
0.000296843 9 17.5 -5.5
5.63898e-05 9.5 17 -5.5
0.000275705 8.5 18 -5.5
3.34563e-05 9.5 17 -6
0.000276714 8.5 17.5 -10
3.29849e-05 8 18.5 -5.5
0.000340079 8.5 18 -6
0.00030683 9 17.5 -6
6.18794e-05 8 18.5 -6
0.00038654 8.5 18 -6.5
0.000295116 9 17.5 -6.5
0.000106475 8 18.5 -6.5
0.00042006 8.5 18 -7
0.00026723 9 17.5 -7
0.000155178 8 18.5 -7
0.000434795 8.5 18 -7.5
0.000210223 8 18.5 -7.5
0.000259573 8 18.5 -8
0.000127855 9 17.5 -8.5
0.000296732 8 18.5 -8.5
7.99282e-05 9 17.5 -9
0.000316062 8 18.5 -9
4.1071e-05 9 17.5 -9.5
0.000305885 8 18.5 -9.5
0.000271745 8 18.5 -10
0.000222654 8 18.5 -10.5
0.000167176 8 18.5 -11
0.000116248 8 18.5 -11.5
6.80258e-05 8 18.5 -12
2.38762e-05 10 17 1
2.79162e-05 10.5 16.5 1
3.98617e-05 10.5 16.5 0.5
7.15206e-05 10 17 0.5
3.87907e-05 10.5 16.5 0
0.000100346 10 17 0
2.17011e-05 8 18.5 -12.5
2.8639e-05 9.5 17.5 0
2.62257e-05 10.5 16.5 -0.5
0.000112829 10 17 -0.5
6.3868e-05 9.5 17.5 -0.5
0.000109332 9.5 17.5 -1
0.000115228 10 17 -1
0.000113559 10 17 -1.5
0.000148749 9.5 17.5 -1.5
2.15433e-05 9 18 -1.5
0.000100828 10 17 -2
0.000178752 9.5 17.5 -2
4.89383e-05 8.5 18 -12
5.1605e-05 9 18 -2
8.21089e-05 10 17 -2.5
0.000201099 9.5 17.5 -2.5
9.22131e-05 8.5 18 -11.5
9.55236e-05 9 18 -2.5
6.01917e-05 10 17 -3
0.000144759 9 18 -3
3.63689e-05 10 17 -3.5
0.000210234 9.5 17.5 -3
0.000151013 8.5 18 -11
0.000199874 9 18 -3.5
0.000211411 9.5 17.5 -3.5
0.0002183 8.5 18 -10.5
2.10842e-05 8.5 18.5 -3.5
0.000248396 9 18 -4
0.00021462 9.5 17.5 -4
4.67983e-05 8.5 18.5 -4
0.000286886 9 18 -4.5
0.000202521 9.5 17.5 -4.5
8.81862e-05 8.5 18.5 -4.5
0.000181085 9.5 17.5 -5
0.000137732 8.5 18.5 -5
0.000151097 9.5 17.5 -5.5
0.000320034 9 18 -5
0.000284673 8.5 18 -10
0.000198498 8.5 18.5 -5.5
0.000111616 9.5 17.5 -6
0.000341555 9 18 -5.5
0.000350541 9 18 -6
0.000348039 8.5 18 -9.5
0.000397829 8.5 18 -9
0.000424639 8.5 18 -8.5
0.00043334 8.5 18 -8
0.000263689 8.5 18.5 -6
0.000359621 9 18 -6.5
7.19234e-05 9.5 17.5 -6.5
0.000322584 8.5 18.5 -6.5
3.06214e-05 8 19 -6.5
0.000358567 8.5 18.5 -7
5.4663e-05 8 19 -7
0.000376702 8.5 18.5 -7.5
7.22116e-05 8 19 -7.5
0.000381648 8.5 18.5 -8
8.97459e-05 8 19 -8
0.000361175 8.5 18.5 -8.5
0.000102071 8 19 -8.5
0.000105043 8 19 -9
9.12093e-05 9 18 -9.5
8.94528e-05 8 19 -9.5
4.58578e-05 9 18 -10
6.39522e-05 8 19 -10
3.87339e-05 8 19 -10.5
4.6559e-05 10.5 17 1
5.61691e-05 10 17.5 0.5
7.30218e-05 10.5 17 0.5
0.000102593 10 17.5 0
7.9545e-05 10.5 17 0
0.000130294 10 17.5 -0.5
7.28892e-05 10.5 17 -0.5
3.14193e-05 8.5 18.5 -12
3.4473e-05 9.5 18 -0.5
0.000146228 10 17.5 -1
5.30035e-05 10.5 17 -1
7.14116e-05 9.5 18 -1
3.22783e-05 10.5 17 -1.5
6.42875e-05 8.5 18.5 -11.5
0.000123418 9.5 18 -1.5
0.000153729 10 17.5 -1.5
0.000113836 8.5 18.5 -11
0.00016787 9.5 18 -2
0.00015833 10 17.5 -2
0.000170595 8.5 18.5 -10.5
0.000201016 9.5 18 -2.5
0.000150394 10 17.5 -2.5
0.000228911 8.5 18.5 -10
4.80669e-05 9 18.5 -2.5
0.000228902 9.5 18 -3
0.000128432 10 17.5 -3
9.21227e-05 9 18.5 -3
0.000100996 10 17.5 -3.5
0.000280993 8.5 18.5 -9.5
0.000247033 9.5 18 -3.5
0.000142684 9 18.5 -3.5
6.92962e-05 10 17.5 -4
0.00025514 9.5 18 -4
0.000322378 8.5 18.5 -9
0.000201971 9 18.5 -4
0.000262268 9.5 18 -4.5
4.02386e-05 10 17.5 -4.5
0.00025492 9 18.5 -4.5
3.25398e-05 8.5 19 -4.5
0.000290933 9 18.5 -5
0.000258238 9.5 18 -5
6.20094e-05 8.5 19 -5
0.000319085 9 18.5 -5.5
9.13957e-05 8.5 19 -5.5
0.000125005 8.5 19 -6
0.000147172 9.5 18 -6.5
0.000334048 9 18.5 -6
0.000161811 8.5 19 -6.5
9.94768e-05 9.5 18 -7
0.000335858 9 18.5 -6.5
0.000197367 8.5 19 -7
5.65849e-05 9.5 18 -7.5
0.000219205 8.5 19 -7.5
2.04448e-05 9.5 18 -8
0.000222671 8.5 19 -8
0.000204968 8.5 19 -8.5
0.000217507 9 18.5 -8.5
0.000178673 8.5 19 -9
0.000144649 8.5 19 -9.5
0.000106671 8.5 19 -10
3.10666e-05 10.5 17.5 1
2.01619e-05 11 17 1
2.29328e-05 11 17 0.5
7.72335e-05 10.5 17.5 0.5
5.97019e-05 10 18 0
9.42648e-05 10.5 17.5 0
3.48151e-05 8.5 19 -11
0.000106726 10 18 -0.5
9.92289e-05 10.5 17.5 -0.5
6.64811e-05 8.5 19 -10.5
0.00013932 10 18 -1
9.36671e-05 10.5 17.5 -1
2.72212e-05 9.5 18.5 -1
0.000160553 10 18 -1.5
7.74112e-05 10.5 17.5 -1.5
6.20516e-05 9.5 18.5 -1.5
0.000171603 10 18 -2
5.48807e-05 10.5 17.5 -2
0.000113819 9.5 18.5 -2
3.10212e-05 10.5 17.5 -2.5
3.78304e-05 9 18.5 -10.5
0.000163087 9.5 18.5 -2.5
0.000179243 10 18 -2.5
0.000201203 9.5 18.5 -3
3.27472e-05 9 19 -3
0.000159179 10 18 -3.5
0.000229814 9.5 18.5 -3.5
0.000178672 10 18 -3
7.10947e-05 9 18.5 -10
0.000117315 9 18.5 -9.5
6.34253e-05 9 19 -3.5
0.000246373 9.5 18.5 -4
0.000135246 10 18 -4
9.8837e-05 9 19 -4
0.000252275 9.5 18.5 -4.5
0.000103726 10 18 -4.5
0.000169906 9 18.5 -9
0.000146419 9 19 -4.5
0.000257543 9.5 18.5 -5
6.87568e-05 10 18 -5
0.000191962 9 19 -5
0.000222326 9 19 -5.5
0.000249823 9.5 18.5 -5.5
0.00023991 9 19 -6
0.00024625 9 19 -6.5
3.19358e-05 8.5 19.5 -6.5
0.000242153 9 19 -7
0.000150321 9.5 18.5 -7
4.41752e-05 8.5 19.5 -7
5.05186e-05 8.5 19.5 -7.5
5.76788e-05 9.5 18.5 -8
4.86921e-05 8.5 19.5 -8
0.000167907 9 19 -8.5
2.84326e-05 9.5 18.5 -8.5
4.08873e-05 8.5 19.5 -8.5
2.43726e-05 8.5 19.5 -9
3.62227e-05 10.5 18 0.5
3.29751e-05 11 17.5 0.5
7.56171e-05 10.5 18 0
3.20585e-05 11 17.5 0
9.9266e-05 10.5 18 -0.5
4.28814e-05 10 18.5 -0.5
8.86439e-05 10 18.5 -1
0.000107303 10.5 18 -1
2.2546e-05 9 19 -10.5
5.13691e-05 9 19 -10
0.00012508 10 18.5 -1.5
0.00010559 10.5 18 -1.5
4.31157e-05 9.5 19 -2
6.62505e-05 10.5 18 -2.5
0.000151099 10 18.5 -2
8.95186e-05 10.5 18 -2
8.78636e-05 9 19 -9.5
0.000128803 9 19 -9
0.000166394 10 18.5 -2.5
7.70206e-05 9.5 19 -2.5
0.000177477 10 18.5 -3
4.06595e-05 10.5 18 -3
0.000117235 9.5 19 -3
0.000152412 9.5 19 -3.5
0.000179669 10 18.5 -3.5
0.000179536 9.5 19 -4
0.000141096 10 18.5 -4.5
3.77796e-05 9 19.5 -4.5
0.000107481 10 18.5 -5
0.000198592 9.5 19 -4.5
6.24341e-05 9 19.5 -5
7.24716e-05 10 18.5 -5.5
0.000206679 9.5 19 -5
0.000208859 9.5 19 -5.5
0.000165387 10 18.5 -4
0.000199233 9 19 -8
0.000221499 9 19 -7.5
7.95042e-05 9 19.5 -5.5
0.000199276 9.5 19 -6
4.12438e-05 10 18.5 -6
9.36326e-05 9 19.5 -6
0.000101083 9 19.5 -6.5
0.000174819 9.5 19 -6.5
0.000103322 9 19.5 -7
9.6126e-05 9 19.5 -7.5
4.46015e-05 9.5 19 -8.5
2.01899e-05 9 19.5 -9.5
2.08965e-05 11 18 0.5
2.03933e-05 10.5 18.5 0
3.4254e-05 11 18 0
5.61154e-05 10.5 18.5 -0.5
3.42062e-05 11 18 -0.5
8.25725e-05 10.5 18.5 -1
2.46573e-05 11 18 -1
4.29571e-05 9 19.5 -9
9.66296e-05 10.5 18.5 -1.5
4.93939e-05 10 19 -1.5
6.36422e-05 9 19.5 -8.5
8.31748e-05 9 19.5 -8
8.34669e-05 10 19 -2
9.85254e-05 10.5 18.5 -2
6.78156e-05 10.5 18.5 -3
0.000110852 10 19 -2.5
0.000130115 10 19 -3
8.77725e-05 10.5 18.5 -2.5
2.25779e-05 9.5 19.5 -3
0.000140617 10 19 -3.5
4.4188e-05 10.5 18.5 -3.5
4.78191e-05 9.5 19.5 -3.5
0.000143288 10 19 -4
6.94573e-05 9.5 19.5 -4
8.89403e-05 9.5 19.5 -4.5
0.000131104 10 19 -4.5
0.000102747 9.5 19.5 -5
6.26929e-05 10 19 -6
0.000107625 9.5 19.5 -5.5
3.72466e-05 10 19 -6.5
9.49348e-05 9.5 19.5 -6.5
0.000103882 9.5 19.5 -6
8.41898e-05 9.5 19.5 -7
2.37095e-05 11 18.5 -0.5
2.0153e-05 10.5 19 -1
2.8179e-05 11 18.5 -1
4.93454e-05 10.5 19 -1.5
2.02675e-05 11 18.5 -1.5
6.60807e-05 10.5 19 -2
2.779e-05 9.5 19.5 -8.5
4.63003e-05 9.5 19.5 -8
2.44265e-05 10 19.5 -2.5
7.08243e-05 10.5 19 -2.5
4.50643e-05 10 19.5 -3
5.56273e-05 10.5 19 -3.5
3.76924e-05 10.5 19 -4
6.068e-05 10 19.5 -3.5
6.97829e-05 10 19.5 -4
6.82009e-05 10.5 19 -3
6.7794e-05 9.5 19.5 -7.5
7.47328e-05 10 19.5 -4.5
7.30234e-05 10 19.5 -5
2.01988e-05 10.5 19.5 -2.5
2.79842e-05 10.5 19.5 -3
3.02947e-05 10.5 19.5 -3.5
2.80395e-05 10.5 19.5 -4
3.18349e-05 10 19.5 -6.5
4.59872e-05 10 19.5 -6
6.11e-05 10 19.5 -5.5
8.9911e-05 10 19 -5.5
0.000112693 10 19 -5
2.08853e-05 10.5 18.5 -4
7.48006e-05 9.5 19 -8
0.000106107 9.5 19 -7.5
0.000141254 9.5 19 -7
0.000101986 9.5 18.5 -7.5
0.000196256 9.5 18.5 -6.5
0.000230229 9.5 18.5 -6
3.56624e-05 10 18 -5.5
0.000265373 9 18.5 -8
0.000305905 9 18.5 -7.5
0.00032864 9 18.5 -7
0.000192214 9.5 18 -6
0.00022939 9.5 18 -5.5
0.00014654 9 18 -9
0.000210306 9 18 -8.5
0.000269875 9 18 -8
0.00031607 9 18 -7.5
0.000348382 9 18 -7
3.77362e-05 9.5 17.5 -7
0.000181798 9 17.5 -8
0.00023055 9 17.5 -7.5
0.00034526 8.5 17.5 -9.5
0.000426168 8.5 17.5 -8.5
0.000432332 8.5 17.5 -8
0.000168476 9 17 -6.5
0.000171297 8.5 17 -10
0.000224022 8.5 17 -9.5
0.000268212 8.5 17 -9
0.000298653 8.5 17 -8.5
0.000317881 8.5 17 -8
0.00048856 8 17 -9
0.000145928 8.5 16.5 -8.5
0.00015578 8.5 16.5 -8
0.000353672 8 16.5 -9.5
2.191e-05 8.5 16 -9.5
0.00028697 8 16.5 -8.5
4.34454e-05 8.5 16 -7.5
0.000172314 8 16 -10
0.000165596 8 16 -9.5
0.000149113 8 16 -9
0.000125019 8 16 -8.5
0.000391781 7.5 16 -10.5
0.000318143 7.5 16 -10
0.00025683 7.5 16 -9.5
0.00019517 7.5 16 -9
3.7293e-05 8 15.5 -9
0.000221572 7.5 15.5 -11
0.000184962 7.5 15.5 -10.5
7.24339e-05 7.5 15 -11
5.0806e-05 7.5 15 -10.5
3.13157e-05 7.5 15 -10
6.94702e-05 7 15 -10.5
3.45274e-05 7 15 -10
0.00013326 7 14.5 -12.5
9.54851e-05 7 14.5 -12
5.32368e-05 7 14.5 -11.5
2.74512e-05 7 14.5 -11
