0.738456
3.093e-05 -5 -10 -18
5.41555e-05 -5 -10 -17.5
7.88542e-05 -5 -10 -17
8.8782e-05 -5 -10 -16.5
7.22904e-05 -5 -10 -16
3.89148e-05 -5 -10 -15.5
2.59848e-05 -5.5 -11 -14.5
5.12427e-05 -5.5 -11 -15
6.76116e-05 -5.5 -11 -15.5
6.39036e-05 -5.5 -11 -16
4.81462e-05 -5.5 -11 -16.5
2.63831e-05 -5.5 -11 -17
2.90638e-05 -5 -10.5 -18.5
7.53917e-05 -5 -10.5 -18
0.000137037 -5 -10.5 -17.5
0.000196684 -5 -10.5 -17
0.000224384 -5 -10.5 -16.5
0.000196331 -5 -10.5 -16
0.000127288 -5 -10.5 -15.5
5.33306e-05 -5 -10.5 -15
9.51341e-05 -4.5 -10 -15.5
7.60976e-05 -4.5 -10 -19
0.00019681 -4.5 -10 -18.5
0.000338308 -4.5 -10 -18
0.000448468 -4.5 -10 -17.5
0.000472951 -4.5 -10 -17
0.000383801 -4.5 -10 -16.5
0.000231268 -4.5 -10 -16
2.34303e-05 -6 -12 -13.5
2.98736e-05 -5.5 -11.5 -14
4.21789e-05 -5 -11 -14.5
4.28316e-05 -6 -12 -14
8.48864e-05 -5.5 -11.5 -14.5
0.000133693 -5 -11 -15
5.31601e-05 -6 -12 -14.5
0.000138133 -5.5 -11.5 -15
0.000247075 -5 -11 -15.5
5.59615e-05 -6 -12 -15
0.000166532 -5.5 -11.5 -15.5
0.000331998 -5 -11 -16
4.35584e-05 -6 -12 -15.5
0.000118927 -5.5 -11.5 -16.5
0.000203409 -5 -11 -17.5
6.87537e-05 -5.5 -11.5 -17
3.27702e-05 -5.5 -11.5 -17.5
6.35073e-05 -4.5 -10.5 -19
4.00599e-05 -5 -11 -18.5
0.000173302 -4.5 -10.5 -18.5
0.000104575 -5 -11 -18
0.000324928 -4.5 -10.5 -18
0.000451685 -4.5 -10.5 -17.5
0.000302079 -5 -11 -17
0.000518087 -4.5 -10.5 -17
0.000366685 -5 -11 -16.5
0.000161301 -5.5 -11.5 -16
0.000502893 -4.5 -10.5 -16.5
0.000383092 -4.5 -10.5 -16
0.000199299 -4.5 -10.5 -15.5
6.41431e-05 -4.5 -10.5 -15
8.71409e-05 -4 -10 -15.5
0.000253912 -4 -10 -16
0.000462231 -4 -10 -16.5
0.000595027 -4 -10 -17
0.00064879 -4 -10 -17.5
0.000567443 -4 -10 -18
0.000187323 -4 -10 -19
5.45803e-05 -4 -10 -19.5
5.86164e-05 -4.5 -9.5 -19
0.000148566 -4.5 -9.5 -18.5
0.000396129 -4 -10 -18.5
0.000235648 -4.5 -9.5 -18
0.000293563 -4.5 -9.5 -17.5
0.000284888 -4.5 -9.5 -17
0.000222806 -4.5 -9.5 -16.5
2.62567e-05 -6.5 -13 -12.5
2.91457e-05 -6 -12.5 -13
3.05238e-05 -5.5 -12 -13.5
2.7175e-05 -5 -11.5 -14
4.21178e-05 -6.5 -13 -13
7.19727e-05 -6 -12.5 -13.5
8.94423e-05 -5.5 -12 -14
4.88923e-05 -6.5 -13 -13.5
0.000108598 -6 -12.5 -14
0.00016974 -5.5 -12 -14.5
5.03289e-05 -6.5 -13 -14
0.000127194 -6 -12.5 -14.5
0.000240065 -5.5 -12 -15
0.000358158 -5 -11.5 -15.5
3.74191e-05 -6.5 -13 -14.5
0.000126882 -6 -12.5 -15
0.000271799 -5.5 -12 -15.5
9.95606e-05 -6 -12.5 -15.5
0.000247103 -5.5 -12 -16
0.000388367 -5 -11.5 -16.5
0.000303348 -5 -11.5 -17
0.000182511 -5.5 -12 -16.5
5.97249e-05 -6 -12.5 -16
3.16013e-05 -6 -12.5 -16.5
2.40328e-05 -4 -10.5 -19.5
3.30273e-05 -4.5 -11 -19
3.30582e-05 -5 -11.5 -18.5
9.93402e-05 -4 -10.5 -19
0.000108146 -4.5 -11 -18.5
9.06585e-05 -5 -11.5 -18
4.96361e-05 -5.5 -12 -17.5
0.000243611 -4 -10.5 -18.5
0.000247478 -4.5 -11 -18
0.000192848 -5 -11.5 -17.5
0.000107566 -5.5 -12 -17
0.000408712 -4 -10.5 -18
0.000402932 -4.5 -11 -17.5
0.000518265 -4 -10.5 -17.5
0.000497707 -4.5 -11 -17
0.000523296 -4 -10.5 -17
0.000502065 -4.5 -11 -16.5
0.000394845 -5 -11.5 -16
0.00041284 -4 -10.5 -16.5
0.0004276 -4.5 -11 -16
0.000240162 -4 -10.5 -16
0.000289376 -4.5 -11 -15.5
0.000240336 -5 -11.5 -15
9.25073e-05 -4 -10.5 -15.5
0.000141201 -4.5 -11 -15
0.000117031 -5 -11.5 -14.5
2.07873e-05 -4 -10.5 -15
2.60832e-05 -4.5 -11 -14.5
0.000110999 -4.5 -9.5 -16
2.72586e-05 -4.5 -9.5 -15.5
4.13342e-05 -3.5 -10 -16
3.02201e-05 -4 -9.5 -15.5
0.000136941 -3.5 -10 -16.5
0.000250374 -3.5 -10 -17
0.00038285 -4 -9.5 -16.5
0.000323181 -3.5 -10 -17.5
0.000353975 -3.5 -10 -18
0.00027832 -3.5 -10 -18.5
0.000157721 -3.5 -10 -19
5.51637e-05 -3.5 -10 -19.5
9.82954e-05 -4 -9.5 -19.5
2.60217e-05 -4.5 -9 -19
0.000274952 -4 -9.5 -19
5.96452e-05 -4.5 -9 -18.5
0.00049535 -4 -9.5 -18.5
9.32603e-05 -4.5 -9 -18
0.00062547 -4 -9.5 -18
0.000126764 -4.5 -9 -17.5
0.000684152 -4 -9.5 -17.5
0.000120718 -4.5 -9 -17
2.14122e-05 -7.5 -14.5 -11
3.08673e-05 -7 -14 -11.5
3.52159e-05 -6.5 -13.5 -12
3.37266e-05 -6 -13 -12.5
2.49771e-05 -5.5 -12.5 -13
4.26317e-05 -7 -14 -12
7.0828e-05 -6.5 -13.5 -12.5
8.10791e-05 -6 -13 -13
8.94941e-05 -5.5 -12.5 -13.5
4.82462e-05 -7 -14 -12.5
9.43188e-05 -6.5 -13.5 -13
0.000134747 -6 -13 -13.5
0.000173116 -5.5 -12.5 -14
0.00019482 -5 -12 -14.5
4.43193e-05 -7 -14 -13
2.69512e-05 -3.5 -10.5 -16
0.000103744 -6.5 -13.5 -13.5
0.00018225 -6 -13 -14
0.000299683 -5 -12 -15
3.22514e-05 -7 -14 -13.5
9.92234e-05 -6.5 -13.5 -14
6.7224e-05 -3.5 -10.5 -16.5
0.000203446 -6 -13 -14.5
7.79309e-05 -6.5 -13.5 -14.5
0.000185922 -6 -13 -15
0.000104946 -3.5 -10.5 -17
0.000297467 -5.5 -12.5 -15.5
4.68888e-05 -6.5 -13.5 -15
0.000145344 -6 -13 -15.5
0.000124097 -3.5 -10.5 -17.5
9.34679e-05 -6 -13 -16
2.54944e-05 -6.5 -13.5 -15.5
0.000138511 -3.5 -10.5 -18
0.000175916 -5.5 -12.5 -16.5
4.96544e-05 -6 -13 -16.5
9.85907e-05 -5.5 -12.5 -17
9.7154e-05 -3.5 -10.5 -18.5
5.69546e-05 -5 -12 -18
2.42769e-05 -5 -12 -18.5
3.81065e-05 -4 -11 -19
5.58124e-05 -4.5 -11.5 -18.5
4.43582e-05 -5.5 -12.5 -17.5
4.57716e-05 -3.5 -10.5 -19
0.000109771 -4 -11 -18.5
0.000145454 -4.5 -11.5 -18
0.000136674 -5 -12 -17.5
0.000215161 -4 -11 -18
0.000276901 -4.5 -11.5 -17.5
0.00024953 -5 -12 -17
0.000299858 -4 -11 -17.5
0.000395079 -4.5 -11.5 -17
0.000355301 -5 -12 -16.5
0.000249723 -5.5 -12.5 -16
0.000332939 -4 -11 -17
0.000444659 -4.5 -11.5 -16.5
0.00038968 -5 -12 -16
0.000275748 -4 -11 -16.5
0.000394737 -4.5 -11.5 -16
0.000361978 -5 -12 -15.5
0.000286802 -5.5 -12.5 -15
0.00018154 -4 -11 -16
0.000272352 -4.5 -11.5 -15.5
0.000255009 -5.5 -12.5 -14.5
8.11287e-05 -4 -11 -15.5
0.00014419 -4.5 -11.5 -15
5.15111e-05 -4.5 -11.5 -14.5
8.97664e-05 -5 -12 -14
0.000594712 -4 -9.5 -17
7.96636e-05 -4.5 -9 -16.5
2.83217e-05 -4.5 -9 -16
0.000157605 -4 -9.5 -16
4.778e-05 -3.5 -9.5 -16
0.000197735 -3.5 -9.5 -16.5
6.67369e-05 -4 -9 -16
2.06776e-05 -3 -10 -17.5
0.000392943 -3.5 -9.5 -17
2.38957e-05 -3 -10 -18
0.000556669 -3.5 -9.5 -17.5
0.000628555 -3.5 -9.5 -18
2.3358e-05 -4.5 -8.5 -17.5
0.000584338 -4 -9 -17.5
2.08973e-05 -3 -10 -19
0.000343178 -3.5 -9.5 -19
0.000142684 -3.5 -9.5 -19.5
0.000121169 -4 -9 -19.5
2.69905e-05 -4 -9 -20
3.25904e-05 -3.5 -9.5 -20
0.000309227 -4 -9 -19
0.00051739 -4 -9 -18.5
0.000550928 -3.5 -9.5 -18.5
2.49028e-05 -7.5 -15 -10
2.2119e-05 -7 -14.5 -10.5
2.47281e-05 -8 -15.5 -10
3.84201e-05 -7.5 -15 -10.5
4.44347e-05 -7 -14.5 -11
4.39217e-05 -6.5 -14 -11.5
3.04324e-05 -6 -13.5 -12
4.49373e-05 -7.5 -15 -11
6.84339e-05 -7 -14.5 -11.5
8.14327e-05 -6.5 -14 -12
8.45717e-05 -6 -13.5 -12.5
4.40969e-05 -7.5 -15 -11.5
8.29637e-05 -7 -14.5 -12
0.000115074 -6.5 -14 -12.5
0.000145203 -6 -13.5 -13
3.56738e-05 -7.5 -15 -12
8.76927e-05 -7 -14.5 -12.5
0.000142422 -6.5 -14 -13
0.000188846 -6 -13.5 -13.5
5.0288e-05 -4.5 -12 -14.5
2.41771e-05 -7.5 -15 -12.5
7.82634e-05 -7 -14.5 -13
4.7162e-05 -4 -11.5 -15.5
0.000150488 -6.5 -14 -13.5
0.000205983 -6 -13.5 -14
0.000260924 -5.5 -13 -14.5
5.86554e-05 -7 -14.5 -13.5
0.000133137 -6.5 -14 -14
8.77878e-05 -4 -11.5 -16
0.000212775 -6 -13.5 -14.5
0.000283294 -5.5 -13 -15
3.39293e-05 -3.5 -11 -17
3.5319e-05 -7 -14.5 -14
0.000104924 -6.5 -14 -14.5
0.000133919 -4 -11.5 -16.5
0.000185478 -6 -13.5 -15
3.70539e-05 -3.5 -11 -17.5
6.99729e-05 -6.5 -14 -15
0.000208464 -5.5 -13 -16
3.0656e-05 -3.5 -11 -18
3.9821e-05 -6.5 -14 -15.5
0.00012902 -5.5 -13 -16.5
8.57504e-05 -6 -13.5 -16
4.16529e-05 -6 -13.5 -16.5
2.49252e-05 -5 -12.5 -18
2.12295e-05 -5.5 -13 -17.5
2.88111e-05 -4 -11.5 -18.5
6.07671e-05 -4.5 -12 -18
7.459e-05 -5 -12.5 -17.5
6.2973e-05 -5.5 -13 -17
7.5474e-05 -4 -11.5 -18
0.000139499 -4.5 -12 -17.5
0.000156808 -5 -12.5 -17
0.000121496 -4 -11.5 -17.5
0.000227705 -4.5 -12 -17
0.000253638 -5 -12.5 -16.5
0.000138618 -6 -13.5 -15.5
0.000152211 -4 -11.5 -17
0.000279124 -4.5 -12 -16.5
0.000324144 -5 -12.5 -16
0.000274279 -5.5 -13 -15.5
0.000264906 -4.5 -12 -16
0.000327763 -5 -12.5 -15.5
0.000207263 -4.5 -12 -15.5
0.000286079 -5 -12.5 -15
0.00012358 -4.5 -12 -15
0.000189555 -5 -12.5 -14.5
0.000215634 -5.5 -13 -14
9.74626e-05 -5 -12.5 -14
0.000147776 -5.5 -13 -13.5
3.90041e-05 -5 -12.5 -13.5
6.92417e-05 -5.5 -13 -13
0.000630774 -4 -9 -18
2.26929e-05 -4.5 -8.5 -17
0.000429793 -4 -9 -17
0.000223419 -4 -9 -16.5
4.67535e-05 -3.5 -9 -16
3.80954e-05 -3 -9.5 -17
0.000220029 -3.5 -9 -16.5
7.32126e-05 -3 -9.5 -17.5
0.000464915 -3.5 -9 -17
0.000100344 -3 -9.5 -18
0.000704737 -3.5 -9 -17.5
0.000259921 -4 -8.5 -17
0.00010823 -3 -9.5 -18.5
0.000816845 -3.5 -9 -18
0.000383464 -4 -8.5 -17.5
9.13925e-05 -3 -9.5 -19
0.000768359 -3.5 -9 -18.5
4.80432e-05 -3 -9.5 -19.5
0.000266311 -3.5 -9 -19.5
0.000244258 -4 -8.5 -19
2.64285e-05 -4 -8.5 -20
7.17457e-05 -3.5 -9 -20
0.000111813 -4 -8.5 -19.5
0.000539659 -3.5 -9 -19
0.000363314 -4 -8.5 -18.5
3.59201e-05 -8 -16 -9.5
5.05663e-05 -7.5 -15.5 -10
5.36097e-05 -7 -15 -10.5
3.95029e-05 -6.5 -14.5 -11
3.95373e-05 -8 -16 -10
6.34442e-05 -7.5 -15.5 -10.5
7.95949e-05 -7 -15 -11
8.42282e-05 -6.5 -14.5 -11.5
6.35282e-05 -6 -14 -12
3.47595e-05 -8 -16 -10.5
6.84321e-05 -7.5 -15.5 -11
9.7092e-05 -7 -15 -11.5
0.000120076 -6.5 -14.5 -12
0.000119474 -6 -14 -12.5
2.65741e-05 -8 -16 -11
6.49388e-05 -7.5 -15.5 -11.5
0.0001062 -7 -15 -12
0.000140966 -6.5 -14.5 -12.5
0.000159126 -6 -14 -13
3.50667e-05 -5 -13 -13.5
5.43116e-05 -7.5 -15.5 -12
0.000104429 -7 -15 -12.5
3.53492e-05 -4.5 -12.5 -14.5
0.000144673 -6.5 -14.5 -13
0.000204823 -5.5 -13.5 -14
2.21595e-05 -4 -12 -15.5
3.90126e-05 -7.5 -15.5 -12.5
8.83816e-05 -7 -15 -13
0.000148237 -6.5 -14.5 -13.5
7.61333e-05 -4.5 -12.5 -15
0.000200157 -6 -14 -14
2.60975e-05 -7.5 -15.5 -13
6.857e-05 -7 -15 -13.5
3.39829e-05 -4 -12 -16
0.000127238 -6.5 -14.5 -14
0.000192382 -6 -14 -14.5
0.000112303 -4.5 -12.5 -15.5
4.24306e-05 -4 -12 -16.5
4.76668e-05 -7 -15 -14
9.60178e-05 -6.5 -14.5 -14.5
0.000128649 -4.5 -12.5 -16
2.80422e-05 -7 -15 -14.5
4.26833e-05 -4 -12 -17
6.23237e-05 -6.5 -14.5 -15
0.000100183 -6 -14 -15.5
2.52293e-05 -4 -12 -17.5
3.56021e-05 -6.5 -14.5 -15.5
5.70088e-05 -6 -14 -16
2.46869e-05 -5 -13 -17.5
3.17725e-05 -5.5 -13.5 -17
2.78079e-05 -6 -14 -16.5
4.06811e-05 -4.5 -12.5 -17.5
6.84173e-05 -5 -13 -17
7.22432e-05 -5.5 -13.5 -16.5
8.35822e-05 -4.5 -12.5 -17
0.000130299 -5 -13 -16.5
0.000132107 -5.5 -13.5 -16
0.000117992 -4.5 -12.5 -16.5
0.000191565 -5 -13 -16
0.000194843 -5.5 -13.5 -15.5
0.000150981 -6 -14 -15
0.000216764 -5 -13 -15.5
0.000238139 -5.5 -13.5 -15
0.000201658 -5 -13 -15
0.000233029 -5.5 -13.5 -14.5
0.000149289 -5 -13 -14.5
0.000188224 -6 -14 -13.5
9.05929e-05 -5 -13 -14
0.000141674 -5.5 -13.5 -13.5
7.5133e-05 -5.5 -13.5 -13
2.55298e-05 -5.5 -13.5 -12.5
0.000415265 -4 -8.5 -18
0.000103412 -4 -8.5 -16.5
2.57837e-05 -3 -9 -16.5
8.72443e-05 -3 -9 -17
0.000148159 -3.5 -8.5 -16.5
0.000203581 -3 -9 -17.5
0.000428866 -3.5 -8.5 -17
0.000297699 -3 -9 -18
0.000326897 -3 -9 -18.5
0.000877163 -3.5 -8.5 -18
0.000171762 -4 -8 -17.5
0.000309075 -3 -9 -19
0.000846203 -3.5 -8.5 -18.5
0.000165415 -4 -8 -18.5
0.000188151 -3 -9 -19.5
7.05379e-05 -3 -9 -20
0.00037403 -3.5 -8.5 -19.5
0.000128284 -3.5 -8.5 -20
3.93569e-05 -8 -16.5 -9
4.70586e-05 -7.5 -16 -9.5
3.30043e-05 -7 -15.5 -10
2.60173e-05 -8.5 -17 -9
4.47416e-05 -8 -16.5 -9.5
6.13959e-05 -7.5 -16 -10
5.02893e-05 -4 -8 -19.5
7.04109e-05 -7 -15.5 -10.5
5.85769e-05 -6.5 -15 -11
2.51286e-05 -8.5 -17 -9.5
4.60241e-05 -8 -16.5 -10
6.5984e-05 -7.5 -16 -10.5
8.75913e-05 -7 -15.5 -11
8.86217e-05 -6.5 -15 -11.5
4.10673e-05 -8 -16.5 -10.5
6.91686e-05 -7.5 -16 -11
9.78426e-05 -7 -15.5 -11.5
0.00011825 -6.5 -15 -12
2.72989e-05 -5.5 -14 -12.5
3.44086e-05 -8 -16.5 -11
6.42273e-05 -7.5 -16 -11.5
0.000101042 -7 -15.5 -12
2.64897e-05 -5 -13.5 -13.5
0.000132401 -6.5 -15 -12.5
2.62304e-05 -8 -16.5 -11.5
5.31822e-05 -7.5 -16 -12
9.25663e-05 -7 -15.5 -12.5
0.000135587 -6.5 -15 -13
5.29825e-05 -5 -13.5 -14
0.000161382 -6 -14.5 -13.5
4.00253e-05 -7.5 -16 -12.5
3.12068e-05 -4.5 -13 -15
7.73775e-05 -7 -15.5 -13
0.000121493 -6.5 -15 -13.5
2.66926e-05 -7.5 -16 -13
3.83679e-05 -4.5 -13 -15.5
5.83995e-05 -7 -15.5 -13.5
9.59939e-05 -6.5 -15 -14
4.06135e-05 -7 -15.5 -14
3.86958e-05 -4.5 -13 -16
6.61383e-05 -6.5 -15 -14.5
9.11806e-05 -6 -14.5 -15
2.39399e-05 -7 -15.5 -14.5
4.10298e-05 -6.5 -15 -15
2.47913e-05 -4.5 -13 -16.5
2.39286e-05 -6.5 -15 -15.5
2.39018e-05 -5.5 -14 -16.5
2.75666e-05 -6 -14.5 -16
3.6527e-05 -5 -13.5 -16.5
5.47589e-05 -5.5 -14 -16
5.44932e-05 -6 -14.5 -15.5
6.93786e-05 -5 -13.5 -16
9.5632e-05 -5.5 -14 -15.5
9.4744e-05 -5 -13.5 -15.5
0.000135089 -5.5 -14 -15
0.000129479 -6 -14.5 -14.5
9.81169e-05 -5 -13.5 -15
0.000151885 -5.5 -14 -14.5
0.000158541 -6 -14.5 -14
8.57365e-05 -5 -13.5 -14.5
0.000142349 -5.5 -14 -14
0.000110426 -5.5 -14 -13.5
0.000146694 -6 -14.5 -13
7.02659e-05 -5.5 -14 -13
0.000107847 -6 -14.5 -12.5
6.6189e-05 -6 -14.5 -12
2.62248e-05 -6 -14.5 -11.5
0.000104344 -4 -8 -19
0.000665217 -3.5 -8.5 -19
0.000194874 -4 -8 -18
0.000715468 -3.5 -8.5 -17.5
9.13488e-05 -4 -8 -17
2.35925e-05 -4 -8 -16.5
2.13367e-05 -3.5 -8.5 -16
3.49882e-05 -3 -8.5 -16.5
0.000157933 -3 -8.5 -17
0.00039534 -3 -8.5 -17.5
0.000596725 -3 -8.5 -18
0.000660371 -3 -8.5 -18.5
0.000767583 -3.5 -8 -18
3.02556e-05 -4 -7.5 -18.5
0.000627456 -3 -8.5 -19
0.000412962 -3 -8.5 -19.5
0.000161319 -3 -8.5 -20
0.000426546 -3.5 -8 -19.5
3.14309e-05 -3 -8.5 -20.5
2.06508e-05 -8.5 -17.5 -8.5
3.83194e-05 -8 -17 -9
3.21529e-05 -3.5 -8 -20.5
4.78567e-05 -7.5 -16.5 -9.5
0.000162576 -3.5 -8 -20
3.61317e-05 -7 -16 -10
2.51629e-05 -8.5 -17.5 -9
4.1304e-05 -8 -17 -9.5
5.77293e-05 -7.5 -16.5 -10
6.55258e-05 -7 -16 -10.5
5.09395e-05 -6.5 -15.5 -11
2.34884e-05 -8.5 -17.5 -9.5
3.94962e-05 -8 -17 -10
6.13673e-05 -7.5 -16.5 -10.5
7.85508e-05 -7 -16 -11
7.59957e-05 -6.5 -15.5 -11.5
2.32201e-05 -6 -15 -11.5
2.07401e-05 -8.5 -17.5 -10
3.59661e-05 -8 -17 -10.5
5.99767e-05 -7.5 -16.5 -11
8.3961e-05 -7 -16 -11.5
2.10094e-05 -8.5 -17.5 -10.5
3.0404e-05 -8 -17 -11
5.15272e-05 -7.5 -16.5 -11.5
7.84828e-05 -7 -16 -12
4.03307e-05 -5.5 -14.5 -13
0.000100997 -6.5 -15.5 -12.5
2.42058e-05 -8 -17 -11.5
4.12062e-05 -7.5 -16.5 -12
2.39774e-05 -5 -14 -14
6.66444e-05 -7 -16 -12.5
9.26668e-05 -6.5 -15.5 -13
3.218e-05 -7.5 -16.5 -12.5
5.18094e-05 -7 -16 -13
2.99114e-05 -5 -14 -14.5
7.29841e-05 -6.5 -15.5 -13.5
2.23988e-05 -7.5 -16.5 -13
3.58658e-05 -7 -16 -13.5
2.76295e-05 -5 -14 -15
5.47893e-05 -6 -15 -14.5
2.08522e-05 -7 -16 -14
3.01195e-05 -6.5 -15.5 -14.5
2.1582e-05 -5.5 -14.5 -15.5
3.21756e-05 -6 -15 -15
4.34404e-05 -5.5 -14.5 -15
5.09313e-05 -6.5 -15.5 -14
6.08779e-05 -5.5 -14.5 -14.5
7.91125e-05 -6 -15 -14
6.65025e-05 -5.5 -14.5 -14
9.40499e-05 -6 -15 -13.5
6.02369e-05 -5.5 -14.5 -13.5
9.34489e-05 -6 -15 -13
8.05066e-05 -6 -15 -12.5
9.54815e-05 -6.5 -15.5 -12
4.84168e-05 -6 -15 -12
0.000699867 -3.5 -8 -19
0.000812638 -3.5 -8 -18.5
3.70422e-05 -4 -7.5 -18
3.38765e-05 -4 -7.5 -17.5
0.000537211 -3.5 -8 -17.5
0.000256855 -3.5 -8 -17
5.73366e-05 -3.5 -8 -16.5
2.47127e-05 -2.5 -8.5 -17.5
0.000185947 -3 -8 -17
4.49867e-05 -2.5 -8.5 -18
0.000521145 -3 -8 -17.5
6.52729e-05 -2.5 -8.5 -18.5
0.000848788 -3 -8 -18
7.13258e-05 -2.5 -8.5 -19
0.000969058 -3 -8 -18.5
6.33333e-05 -2.5 -8.5 -19.5
0.000919541 -3 -8 -19
3.14465e-05 -2.5 -8.5 -20
0.00066552 -3 -8 -19.5
7.14541e-05 -3 -8 -20.5
2.86066e-05 -8 -17.5 -9
3.79195e-05 -7.5 -17 -9.5
3.02634e-05 -7 -16.5 -10
2.9207e-05 -8 -17.5 -9.5
4.1735e-05 -7.5 -17 -10
4.56029e-05 -7 -16.5 -10.5
2.6076e-05 -8 -17.5 -10
4.25063e-05 -7.5 -17 -10.5
4.92114e-05 -7 -16.5 -11
2.30919e-05 -8 -17.5 -10.5
3.7293e-05 -7.5 -17 -11
4.83648e-05 -7 -16.5 -11.5
2.62615e-05 -6 -15.5 -12
3.04556e-05 -7.5 -17 -11.5
4.07622e-05 -7 -16.5 -12
2.08406e-05 -7.5 -17 -12
3.11707e-05 -7 -16.5 -12.5
2.19865e-05 -6.5 -16 -13.5
2.77301e-05 -6 -15.5 -13.5
3.61988e-05 -6.5 -16 -13
3.40265e-05 -6 -15.5 -13
4.6871e-05 -6.5 -16 -12.5
3.27118e-05 -6 -15.5 -12.5
5.04343e-05 -6.5 -16 -12
4.63979e-05 -6.5 -16 -11.5
2.94002e-05 -6.5 -16 -11
3.17004e-05 -3.5 -7.5 -20.5
0.000162106 -3.5 -7.5 -20
0.000306981 -3 -8 -20
0.000352617 -3.5 -7.5 -19.5
0.000507484 -3.5 -7.5 -19
0.000558638 -3.5 -7.5 -18.5
0.000530609 -3.5 -7.5 -18
0.000343323 -3.5 -7.5 -17.5
0.000119713 -3.5 -7.5 -17
3.76007e-05 -3 -8 -16.5
6.82389e-05 -2.5 -8 -17.5
0.000176004 -3 -7.5 -17
0.000147122 -2.5 -8 -18
0.000529606 -3 -7.5 -17.5
0.000227139 -2.5 -8 -18.5
0.000248283 -3.5 -7 -18
0.000271705 -2.5 -8 -19
0.000252731 -2.5 -8 -19.5
0.00102436 -3 -7.5 -19
0.000163592 -2.5 -8 -20
0.000831873 -3 -7.5 -19.5
4.82765e-05 -2.5 -8 -20.5
0.00013531 -3 -7.5 -20.5
2.00468e-05 -3 -7.5 -21
2.07229e-05 -3.5 -7 -20.5
8.24751e-05 -3.5 -7 -20
0.000441844 -3 -7.5 -20
0.000178181 -3.5 -7 -19.5
0.000257099 -3.5 -7 -19
0.000280164 -3.5 -7 -18.5
0.00105807 -3 -7.5 -18.5
0.000912974 -3 -7.5 -18
0.000132918 -3.5 -7 -17.5
2.95637e-05 -3.5 -7 -17
2.39956e-05 -3 -7.5 -16.5
3.30582e-05 -2.5 -7.5 -17
0.000141114 -2.5 -7.5 -17.5
0.000347746 -2.5 -7.5 -18
0.000355094 -3 -7 -17.5
0.000575426 -2.5 -7.5 -18.5
0.00064869 -2.5 -7.5 -19
0.000591821 -2.5 -7.5 -19.5
0.00100207 -3 -7 -19
0.000390743 -2.5 -7.5 -20
0.000152216 -2.5 -7.5 -20.5
2.88632e-05 -3 -7 -21
3.54347e-05 -2.5 -7.5 -21
0.00018937 -3 -7 -20.5
2.3206e-05 -3.5 -6.5 -20
0.000510711 -3 -7 -20
4.02372e-05 -3.5 -6.5 -19.5
0.000866206 -3 -7 -19.5
5.09287e-05 -3.5 -6.5 -19
5.73209e-05 -3.5 -6.5 -18.5
0.000988681 -3 -7 -18.5
5.01259e-05 -3.5 -6.5 -18
0.000768477 -3 -7 -18
2.54613e-05 -3.5 -6.5 -17.5
7.74603e-05 -3 -7 -17
4.24723e-05 -2.5 -7 -17
0.00022583 -2.5 -7 -17.5
0.000554132 -2.5 -7 -18
2.51788e-05 -2 -7.5 -19
0.00093941 -2.5 -7 -18.5
2.98588e-05 -2 -7.5 -19.5
0.0010652 -2.5 -7 -19
0.000999238 -2.5 -7 -19.5
2.20549e-05 -2 -7.5 -20.5
0.00030935 -2.5 -7 -20.5
3.2428e-05 -3 -6.5 -21
6.73987e-05 -2.5 -7 -21
0.0002001 -3 -6.5 -20.5
0.000478569 -3 -6.5 -20
0.000695073 -2.5 -7 -20
0.000681297 -3 -6.5 -19.5
0.000740047 -3 -6.5 -19
0.000702625 -3 -6.5 -18.5
0.000462111 -3 -6.5 -18
0.00018466 -3 -6.5 -17.5
3.05592e-05 -3 -6.5 -17
4.27485e-05 -2 -7 -18
0.000239489 -2.5 -6.5 -17.5
9.39992e-05 -2 -7 -18.5
0.000141495 -2 -7 -19
0.0010694 -2.5 -6.5 -18.5
0.000164854 -2 -7 -19.5
0.001267 -2.5 -6.5 -19
0.000155021 -2 -7 -20
0.000106303 -2 -7 -20.5
3.83273e-05 -2 -7 -21
0.000129076 -2.5 -6.5 -21
2.33629e-05 -3 -6 -21
0.000126693 -3 -6 -20.5
0.000478991 -2.5 -6.5 -20.5
0.000271628 -3 -6 -20
0.000922809 -2.5 -6.5 -20
0.000367648 -3 -6 -19.5
0.0012263 -2.5 -6.5 -19.5
0.000389918 -3 -6 -19
0.000358243 -3 -6 -18.5
0.000208554 -3 -6 -18
0.000644662 -2.5 -6.5 -18
6.26715e-05 -3 -6 -17.5
4.29272e-05 -2.5 -6.5 -17
2.85345e-05 -2 -6.5 -17.5
0.000123125 -2 -6.5 -18
0.000279298 -2 -6.5 -18.5
0.000418124 -2 -6.5 -19
0.000494453 -2 -6.5 -19.5
0.00130257 -2.5 -6 -19
0.000477443 -2 -6.5 -20
0.00031752 -2 -6.5 -20.5
0.000983396 -2.5 -6 -20
0.000129393 -2 -6.5 -21
2.12383e-05 -2 -6.5 -21.5
0.00019009 -2.5 -6 -21
4.14242e-05 -3 -5.5 -20.5
2.05102e-05 -2.5 -6 -21.5
0.000577245 -2.5 -6 -20.5
7.43082e-05 -3 -5.5 -20
9.15838e-05 -3 -5.5 -19.5
0.00127494 -2.5 -6 -19.5
9.66323e-05 -3 -5.5 -19
8.72736e-05 -3 -5.5 -18.5
0.00104027 -2.5 -6 -18.5
4.54011e-05 -3 -5.5 -18
0.000515146 -2.5 -6 -18
0.000135038 -2.5 -6 -17.5
5.11416e-05 -2 -6 -17.5
0.000257298 -2 -6 -18
0.000610274 -2 -6 -18.5
0.000909265 -2 -6 -19
0.000991946 -2 -6 -19.5
0.000992882 -2.5 -5.5 -19
0.000970372 -2 -6 -20
0.000670284 -2 -6 -20.5
0.000937787 -2.5 -5.5 -20
0.000274398 -2 -6 -21
0.000591925 -2.5 -5.5 -20.5
4.44556e-05 -2 -6 -21.5
0.000209926 -2.5 -5.5 -21
0.00100623 -2.5 -5.5 -19.5
0.000701904 -2.5 -5.5 -18.5
0.000288524 -2.5 -5.5 -18
5.70154e-05 -2.5 -5.5 -17.5
6.79847e-05 -2 -5.5 -17.5
0.000329345 -2 -5.5 -18
0.000862982 -2 -5.5 -18.5
0.000145411 -2.5 -5 -18
3.08077e-05 -1.5 -6 -19.5
4.73235e-05 -1.5 -6 -20
0.00148581 -2 -5.5 -19.5
5.82163e-05 -1.5 -6 -20.5
5.11906e-05 -1.5 -6 -21
2.83809e-05 -1.5 -6 -21.5
0.000453961 -2 -5.5 -21
0.000358205 -2.5 -5 -20.5
8.0281e-05 -2 -5.5 -21.5
0.000152893 -2.5 -5 -21
0.00102502 -2 -5.5 -20.5
0.000533638 -2.5 -5 -20
0.00141052 -2 -5.5 -20
0.000607467 -2.5 -5 -19.5
0.000605292 -2.5 -5 -19
0.00135375 -2 -5.5 -19
0.000404068 -2.5 -5 -18.5
2.30944e-05 -2.5 -5 -17.5
2.22471e-05 -1.5 -5.5 -18
7.89951e-05 -1.5 -5.5 -18.5
0.000181754 -1.5 -5.5 -19
0.000291292 -1.5 -5.5 -19.5
0.000324239 -1.5 -5.5 -20
0.00031085 -1.5 -5.5 -20.5
0.000186498 -2.5 -4.5 -20
0.000219938 -1.5 -5.5 -21
0.000117888 -2.5 -4.5 -20.5
8.73755e-05 -1.5 -5.5 -21.5
0.00010899 -2 -5 -21.5
5.49355e-05 -2.5 -4.5 -21
0.000563352 -2 -5 -21
0.00119525 -2 -5 -20.5
0.00157571 -2 -5 -20
0.000211947 -2.5 -4.5 -19.5
0.00164784 -2 -5 -19.5
0.000218769 -2.5 -4.5 -19
0.00147847 -2 -5 -19
0.000125148 -2.5 -4.5 -18.5
0.000912137 -2 -5 -18.5
3.49714e-05 -2.5 -4.5 -18
0.00031613 -2 -5 -18
4.95132e-05 -2 -5 -17.5
6.98684e-05 -1.5 -5 -18
0.000260957 -1.5 -5 -18.5
0.000599892 -1.5 -5 -19
0.000979249 -1.5 -5 -20
0.00149337 -2 -4.5 -19.5
0.000873777 -1.5 -5 -20.5
0.00147504 -2 -4.5 -20
0.000163501 -1.5 -5 -21.5
0.000115894 -2 -4.5 -21.5
0.000588093 -2 -4.5 -21
0.00053866 -1.5 -5 -21
0.00118933 -2 -4.5 -20.5
2.05347e-05 -2.5 -4 -19.5
0.000936668 -1.5 -5 -19.5
0.00120872 -2 -4.5 -19
0.000667538 -2 -4.5 -18.5
0.000181426 -2 -4.5 -18
2.20763e-05 -2 -4.5 -17.5
0.000141905 -1.5 -4.5 -18
0.00056062 -1.5 -4.5 -18.5
0.00125671 -1.5 -4.5 -19
0.000904181 -2 -4 -20
2.09978e-05 -1 -5 -21.5
2.07199e-05 -1.5 -4.5 -22
9.11432e-05 -2 -4 -21.5
0.000238856 -1.5 -4.5 -21.5
0.000378509 -2 -4 -21
0.000888281 -1.5 -4.5 -21
0.000722315 -2 -4 -20.5
0.00154303 -1.5 -4.5 -20.5
0.00178102 -1.5 -4.5 -20
0.000934447 -2 -4 -19.5
0.00175669 -1.5 -4.5 -19.5
0.000763535 -2 -4 -19
0.000371149 -2 -4 -18.5
9.66794e-05 -2 -4 -18
0.000168648 -1.5 -4 -18
0.000131484 -2 -3.5 -18.5
5.15041e-05 -1 -4.5 -19.5
0.000358311 -2 -3.5 -19.5
0.000102112 -1 -4.5 -20
0.000144161 -1 -4.5 -20.5
0.000138058 -1 -4.5 -21
9.56102e-05 -1 -4.5 -21.5
3.22805e-05 -1 -4.5 -22
2.75637e-05 -1.5 -4 -22
4.63662e-05 -2 -3.5 -21.5
0.000285593 -1.5 -4 -21.5
0.000157696 -2 -3.5 -21
0.00104464 -1.5 -4 -21
0.000285013 -2 -3.5 -20.5
0.00182442 -1.5 -4 -20.5
0.000348102 -2 -3.5 -20
0.00213589 -1.5 -4 -20
0.00212909 -1.5 -4 -19.5
0.000286592 -2 -3.5 -19
0.00154669 -1.5 -4 -19
0.000699105 -1.5 -4 -18.5
2.87299e-05 -2 -3.5 -18
2.16204e-05 -1.5 -4 -17.5
0.000102358 -1 -4 -18.5
0.000305873 -1 -4 -19
0.000531794 -1 -4 -19.5
4.01751e-05 -2 -3 -19.5
0.000643709 -1 -4 -20
0.000631804 -1 -4 -20.5
0.000495453 -1 -4 -21
3.81167e-05 -1 -4 -22
3.62872e-05 -1.5 -3.5 -22
0.000300234 -1.5 -3.5 -21.5
0.000227139 -1 -4 -21.5
0.00101019 -1.5 -3.5 -21
3.44027e-05 -2 -3 -20.5
0.00173853 -1.5 -3.5 -20.5
3.99184e-05 -2 -3 -20
0.00203564 -1.5 -3.5 -20
0.00204313 -1.5 -3.5 -19.5
2.99818e-05 -2 -3 -19
0.00150216 -1.5 -3.5 -19
0.000645807 -1.5 -3.5 -18.5
0.000134362 -1.5 -3.5 -18
5.87074e-05 -1 -3.5 -18
0.000313399 -1 -3.5 -18.5
0.00140097 -1 -3.5 -19.5
0.00139984 -1 -3.5 -20.5
0.00098699 -1 -3.5 -21
5.10547e-05 -1 -3.5 -22
3.93285e-05 -1.5 -3 -22
0.000263085 -1.5 -3 -21.5
0.000391568 -1 -3.5 -21.5
0.000663753 -1.5 -3 -21
0.00100727 -1.5 -3 -20.5
0.00111156 -1.5 -3 -20
0.00148377 -1 -3.5 -20
0.00109449 -1.5 -3 -19.5
0.000728598 -1.5 -3 -19
0.000859252 -1 -3.5 -19
0.000271648 -1.5 -3 -18.5
4.95852e-05 -1.5 -3 -18
0.000425168 -1.5 -2.5 -20.5
0.000136279 -1.5 -2.5 -21.5
2.03029e-05 -1 -3 -22.5
2.84501e-05 -1.5 -2.5 -22
0.00011665 -1 -3 -22
0.000621197 -1 -3 -21.5
0.000301018 -1.5 -2.5 -21
0.0013902 -1 -3 -21
0.00197479 -1 -3 -20.5
0.000459669 -1.5 -2.5 -20
0.00209655 -1 -3 -20
0.000444126 -1.5 -2.5 -19.5
0.0019588 -1 -3 -19.5
0.000273619 -1.5 -2.5 -19
0.00118682 -1 -3 -19
9.38644e-05 -1.5 -2.5 -18.5
0.000435817 -1 -3 -18.5
8.34988e-05 -1 -3 -18
4.82569e-05 -1.5 -2 -19
7.06394e-05 -1.5 -2 -20.5
2.38401e-05 -1.5 -2 -21.5
3.74431e-05 -0.5 -3 -22
2.67041e-05 -0.5 -3 -22.5
0.000200067 -1 -2.5 -22
0.000857161 -1 -2.5 -21.5
5.37961e-05 -1.5 -2 -21
0.00165594 -1 -2.5 -21
0.00217751 -1 -2.5 -20.5
7.63738e-05 -1.5 -2 -20
0.00226119 -1 -2.5 -20
7.57324e-05 -1.5 -2 -19.5
0.00201363 -1 -2.5 -19.5
0.00120118 -1 -2.5 -19
0.000416853 -1 -2.5 -18.5
7.60396e-05 -1 -2.5 -18
2.17978e-05 -0.5 -2.5 -19
0.000117561 -0.5 -2.5 -19.5
0.000288917 -0.5 -2.5 -20
0.00042478 -0.5 -2.5 -20.5
5.68101e-05 -0.5 -2.5 -22.5
0.000204609 -1 -2 -22
0.00025618 -0.5 -2.5 -22
0.000895818 -1 -2 -21.5
0.000453675 -0.5 -2.5 -21.5
0.00163474 -1 -2 -21
0.000504351 -0.5 -2.5 -21
0.00186803 -1 -2 -20.5
0.00187385 -1 -2 -20
0.00151868 -1 -2 -19.5
0.000799418 -1 -2 -19
0.000236588 -1 -2 -18.5
4.12882e-05 -1 -2 -18
5.01425e-05 -0.5 -2 -18
0.000271881 -0.5 -2 -18.5
0.000968418 -0.5 -2 -19
2.12664e-05 -0.5 -2 -22.5
8.44975e-05 -1 -1.5 -22
0.000520379 -0.5 -2 -22
0.000364737 -1 -1.5 -21.5
0.00166106 -0.5 -2 -21.5
0.000697592 -1 -1.5 -21
0.00271813 -0.5 -2 -21
0.000889265 -1 -1.5 -20.5
0.00303548 -0.5 -2 -20.5
0.000923798 -1 -1.5 -20
0.0029496 -0.5 -2 -20
0.000790424 -1 -1.5 -19.5
0.00205499 -0.5 -2 -19.5
0.0004124 -1 -1.5 -19
0.000118356 -1 -1.5 -18.5
2.0189e-05 -1 -1.5 -18
0.000548664 -0.5 -1.5 -22
6.36118e-05 -1 -1 -21.5
0.00239758 -0.5 -1.5 -21.5
0.000128463 -1 -1 -21
0.00441039 -0.5 -1.5 -21
0.000163335 -1 -1 -20.5
0.00542033 -0.5 -1.5 -20.5
0.000169651 -1 -1 -20
0.00554275 -0.5 -1.5 -20
0.000146869 -1 -1 -19.5
0.0045508 -0.5 -1.5 -19.5
7.65456e-05 -1 -1 -19
0.00237444 -0.5 -1.5 -19
0.000707032 -0.5 -1.5 -18.5
0.00012702 -0.5 -1.5 -18
0.000340104 -0.5 -1 -22
0.00213197 -0.5 -1 -21.5
0.0043826 -0.5 -1 -21
0.00553015 -0.5 -1 -20.5
0.00570529 -0.5 -1 -20
0.00489128 -0.5 -1 -19.5
0.00259283 -0.5 -1 -19
0.000765332 -0.5 -1 -18.5
0.000134991 -0.5 -1 -18
6.46675e-05 -0.5 -0.5 -22
0.000551777 -0.5 -0.5 -21.5
0.00125619 -0.5 -0.5 -21
0.00170878 -0.5 -0.5 -20.5
0.00179957 -0.5 -0.5 -20
0.00164104 -0.5 -0.5 -19.5
0.000878007 -0.5 -0.5 -19
0.00023152 -0.5 -0.5 -18.5
3.67338e-05 -0.5 -0.5 -18
4.10761e-05 -0.5 0 -21.5
8.25698e-05 -0.5 0 -21
0.000100474 -0.5 0 -20.5
0.000102967 -0.5 0 -20
8.25942e-05 -0.5 0 -19.5
3.43393e-05 -0.5 0 -19
3.09284e-05 0 0 -22.5
0.000618525 0 0 -22
0.00186619 0 0 -21.5
0.00301928 0 0 -21
0.00344488 0 0 -20.5
0.00345569 0 0 -20
0.00267222 0 0 -19.5
0.00133059 0 0 -19
0.000380883 0 0 -18.5
6.87492e-05 0 0 -18
3.78542e-05 0 0.5 -22.5
0.00100988 0 0.5 -22
0.00360313 0 0.5 -21.5
0.00622578 0 0.5 -21
0.00733544 0 0.5 -20.5
0.007436 0 0.5 -20
0.00603123 0 0.5 -19.5
0.00313432 0 0.5 -19
0.000936942 0 0.5 -18.5
0.000168642 0 0.5 -18
0.000358139 0 1 -22
6.30864e-05 0.5 0.5 -22
0.00156265 0 1 -21.5
0.000206989 0.5 0.5 -21.5
0.00287903 0 1 -21
0.000352349 0.5 0.5 -21
0.00348625 0 1 -20.5
0.000418496 0.5 0.5 -20.5
0.0035587 0 1 -20
0.000426872 0.5 0.5 -20
0.00294992 0 1 -19.5
0.000348853 0.5 0.5 -19.5
0.00154387 0 1 -19
0.000182385 0.5 0.5 -19
0.000453004 0 1 -18.5
5.53743e-05 0.5 0.5 -18.5
7.88838e-05 0 1 -18
3.33685e-05 0 1.5 -22
0.000225239 0.5 1 -22
0.000120088 0 1.5 -21.5
0.000841503 0.5 1 -21.5
0.000201923 0 1.5 -21
0.00149573 0.5 1 -21
0.000228792 0 1.5 -20.5
0.00181597 0.5 1 -20.5
0.000227226 0 1.5 -20
0.00186196 0.5 1 -20
0.000162215 0 1.5 -19.5
0.001585 0.5 1 -19.5
6.46446e-05 0 1.5 -19
0.000847795 0.5 1 -19
0.000261847 0.5 1 -18.5
4.81548e-05 0.5 1 -18
2.0019e-05 1 1 -19.5
2.51883e-05 1 1 -20
2.46152e-05 1 1 -20.5
0.000229656 0.5 1.5 -22
0.00126896 0.5 1.5 -21.5
0.00256322 0.5 1.5 -21
0.00328965 0.5 1.5 -20.5
0.00340855 0.5 1.5 -20
0.0030544 0.5 1.5 -19.5
0.00171989 0.5 1.5 -19
0.000528842 0.5 1.5 -18.5
8.83119e-05 0.5 1.5 -18
0.000147988 1 1.5 -21.5
0.000175991 0.5 2 -22
3.23237e-05 1 1.5 -22
0.00112004 0.5 2 -21.5
0.0023535 0.5 2 -21
0.00028341 1 1.5 -21
0.00306907 0.5 2 -20.5
0.000361395 1 1.5 -20.5
0.00318625 0.5 2 -20
0.00037517 1 1.5 -20
0.0028882 0.5 2 -19.5
0.000333043 1 1.5 -19.5
0.00169905 0.5 2 -19
0.000187245 1 1.5 -19
0.000596727 0.5 2 -18.5
6.24278e-05 1 1.5 -18.5
0.000114754 0.5 2 -18
4.88924e-05 1 2 -18
0.00125538 1 2 -19.5
7.48064e-05 1 2 -22
0.000110107 0.5 2.5 -22
0.000725412 0.5 2.5 -21.5
0.000442087 1 2 -21.5
0.00157918 0.5 2.5 -21
0.000922922 1 2 -21
0.00212208 0.5 2.5 -20.5
0.00125516 1 2 -20.5
0.00222152 0.5 2.5 -20
0.00133231 1 2 -20
0.00201558 0.5 2.5 -19.5
0.00118283 0.5 2.5 -19
0.000754969 1 2 -19
0.000418559 0.5 2.5 -18.5
0.000260194 1 2 -18.5
8.14059e-05 0.5 2.5 -18
0.000611502 1 2.5 -18.5
2.43958e-05 1.5 2 -19.5
2.58419e-05 1.5 2 -20
2.33034e-05 1.5 2 -20.5
0.0023128 1 2.5 -20
0.00220703 1 2.5 -20.5
5.50419e-05 0.5 3 -22
7.77265e-05 1 2.5 -22
0.000264507 0.5 3 -21.5
0.000689758 1 2.5 -21.5
0.000518888 0.5 3 -21
0.00163971 1 2.5 -21
0.000651751 0.5 3 -20.5
0.000672046 0.5 3 -20
0.000591658 0.5 3 -19.5
0.00225461 1 2.5 -19.5
0.000345076 0.5 3 -19
0.00154278 1 2.5 -19
0.000121336 0.5 3 -18.5
2.2854e-05 0.5 3 -18
0.000119777 1 2.5 -18
8.22576e-05 1.5 2.5 -18.5
0.000196075 1.5 2.5 -19
0.000282656 1.5 2.5 -19.5
0.000288618 1.5 2.5 -20
0.000276132 1.5 2.5 -20.5
0.000206275 1.5 2.5 -21
8.68527e-05 1.5 2.5 -21.5
5.65034e-05 1 3 -22
4.15893e-05 0.5 3.5 -21.5
0.000640125 1 3 -21.5
5.26097e-05 0.5 3.5 -21
0.00169048 1 3 -21
5.17698e-05 0.5 3.5 -20.5
0.00262771 1 3 -20.5
3.8338e-05 0.5 3.5 -20
0.00290494 1 3 -20
0.00288049 1 3 -19.5
0.00213198 1 3 -19
0.000987683 1 3 -18.5
0.000239752 1 3 -18
3.52853e-05 1 3 -17.5
0.000387213 1.5 3 -18.5
0.000813245 1.5 3 -19
0.00104727 1.5 3 -19.5
0.00103588 1.5 3 -20
0.00090952 1.5 3 -20.5
0.000587237 1.5 3 -21
0.000219978 1.5 3 -21.5
2.59889e-05 1 3.5 -22
0.000438216 1 3.5 -21.5
0.00135063 1 3.5 -21
0.00219639 1 3.5 -20.5
0.00249234 1 3.5 -20
0.00249122 1 3.5 -19.5
0.00192297 1 3.5 -19
0.000940064 1 3.5 -18.5
0.000252028 1 3.5 -18
9.76377e-05 1.5 3 -18
4.28728e-05 1 3.5 -17.5
0.000219909 1.5 3.5 -18
0.00192645 1.5 3.5 -19.5
0.0016432 1.5 3.5 -20.5
0.000999857 1.5 3.5 -21
0.000281466 1.5 3.5 -21.5
0.000211865 1 4 -21.5
0.000722244 1 4 -21
0.00122783 1 4 -20.5
0.0014122 1 4 -20
0.00189636 1.5 3.5 -20
0.00141829 1 4 -19.5
0.00109026 1 4 -19
0.00158223 1.5 3.5 -19
0.000561423 1 4 -18.5
0.000797331 1.5 3.5 -18.5
0.00016165 1 4 -18
2.7765e-05 1 4 -17.5
3.76165e-05 1.5 3.5 -17.5
2.89943e-05 2 3.5 -18
9.26313e-05 2 3.5 -18.5
0.000162504 2 3.5 -19
0.00145879 1.5 4 -18.5
0.000171475 2 3.5 -19.5
0.00245908 1.5 4 -19
0.000164137 2 3.5 -20
0.000135553 2 3.5 -20.5
8.54894e-05 2 3.5 -21
2.80566e-05 2 3.5 -21.5
8.05624e-05 1 4.5 -21.5
0.000225579 1.5 4 -21.5
0.000244715 1 4.5 -21
0.00102553 1.5 4 -21
0.000403583 1 4.5 -20.5
0.00203062 1.5 4 -20.5
0.000463831 1 4.5 -20
0.00260351 1.5 4 -20
0.000461135 1 4.5 -19.5
0.00269794 1.5 4 -19.5
0.000361917 1 4.5 -19
0.000190973 1 4.5 -18.5
5.61624e-05 1 4.5 -18
0.000459035 1.5 4 -18
7.63421e-05 1.5 4 -17.5
2.62049e-05 2 4 -17.5
0.000162182 2 4 -18
0.000478733 2 4 -18.5
0.000759602 2 4 -19
0.000784104 2 4 -19.5
0.000731892 2 4 -20
0.00255727 1.5 4.5 -19.5
0.000550933 2 4 -20.5
0.000289914 2 4 -21
6.49038e-05 2 4 -21.5
0.000138159 1.5 4.5 -21.5
4.03034e-05 1 5 -21
0.00085898 1.5 4.5 -21
5.5463e-05 1 5 -20.5
0.00184176 1.5 4.5 -20.5
5.86329e-05 1 5 -20
0.00244973 1.5 4.5 -20
4.9454e-05 1 5 -19.5
2.8479e-05 1 5 -19
0.00237768 1.5 4.5 -19
0.00151794 1.5 4.5 -18.5
0.000636894 1.5 4.5 -18
0.000137036 1.5 4.5 -17.5
9.43112e-05 2 4.5 -17.5
0.00106546 2 4.5 -18.5
0.0015326 2 4.5 -19
0.00156233 2 4.5 -19.5
0.00110697 2 4.5 -20.5
0.000467132 2 4.5 -21
6.33874e-05 1.5 5 -21.5
6.09897e-05 2 4.5 -21.5
0.000519839 1.5 5 -21
0.00127787 1.5 5 -20.5
0.00176417 1.5 5 -20
0.0014815 2 4.5 -20
0.00180936 1.5 5 -19.5
0.00169465 1.5 5 -19
0.0011729 1.5 5 -18.5
0.000528593 1.5 5 -18
0.000446882 2 4.5 -18
0.000126589 1.5 5 -17.5
4.10395e-05 2.5 4.5 -18
8.90124e-05 2.5 4.5 -18.5
0.000865741 2 5 -18
0.000108408 2.5 4.5 -19
0.000105329 2.5 4.5 -19.5
0.00237006 2 5 -19
9.28862e-05 2.5 4.5 -20
6.69555e-05 2.5 4.5 -20.5
3.58414e-05 2.5 4.5 -21
2.4634e-05 1.5 5.5 -21.5
3.94308e-05 2 5 -21.5
0.000229307 1.5 5.5 -21
0.000437073 2 5 -21
0.000607062 1.5 5.5 -20.5
0.00119237 2 5 -20.5
0.000853741 1.5 5.5 -20
0.00196686 2 5 -20
0.000870236 1.5 5.5 -19.5
0.00233623 2 5 -19.5
0.000796746 1.5 5.5 -19
0.000536147 1.5 5.5 -18.5
0.00184709 2 5 -18.5
0.000254829 1.5 5.5 -18
7.16414e-05 1.5 5.5 -17.5
0.000213775 2 5 -17.5
2.75637e-05 2 5 -17
6.49749e-05 2.5 5 -17.5
0.000262394 2.5 5 -18
0.000529059 2.5 5 -18.5
0.000612843 2.5 5 -19
0.00212562 2 5.5 -18.5
0.00059165 2.5 5 -19.5
0.000485623 2.5 5 -20
0.00233062 2 5.5 -19.5
0.000283277 2.5 5 -20.5
9.44395e-05 2.5 5 -21
0.00109078 2 5.5 -20.5
0.000312956 2 5.5 -21
2.31365e-05 2 5.5 -21.5
7.10006e-05 1.5 6 -21
0.000181617 1.5 6 -20.5
0.000259194 1.5 6 -20
0.00190792 2 5.5 -20
0.000267601 1.5 6 -19.5
0.000237491 1.5 6 -19
0.0023795 2 5.5 -19
0.000169202 1.5 6 -18.5
8.54559e-05 1.5 6 -18
0.00129087 2 5.5 -18
2.73034e-05 1.5 6 -17.5
0.000469902 2 5.5 -17.5
8.28564e-05 2 5.5 -17
4.88543e-05 2.5 5.5 -17
0.000779924 2.5 5.5 -18
0.0012428 2.5 5.5 -18.5
0.00121414 2 6 -18
0.0012401 2.5 5.5 -19.5
0.00209638 2 6 -19
0.000965986 2.5 5.5 -20
0.000521085 2.5 5.5 -20.5
0.000114565 2.5 5.5 -21
0.000160975 2 6 -21
0.000766912 2 6 -20.5
0.00153788 2 6 -20
0.00201847 2 6 -19.5
0.00130677 2.5 5.5 -19
0.00191732 2 6 -18.5
0.000468071 2 6 -17.5
0.000276025 2.5 5.5 -17.5
0.000107334 2 6 -17
2.28932e-05 3 5.5 -17.5
5.63731e-05 3 5.5 -18
0.00062599 2.5 6 -17.5
7.36637e-05 3 5.5 -18.5
6.89795e-05 3 5.5 -19
5.81656e-05 3 5.5 -19.5
0.0018753 2.5 6 -19
4.39931e-05 3 5.5 -20
0.00125693 2.5 6 -20
6.1697e-05 2 6.5 -21
9.01023e-05 2.5 6 -21
0.000380696 2 6.5 -20.5
0.000533201 2.5 6 -20.5
0.00084911 2 6.5 -20
0.00120743 2 6.5 -19.5
0.00179695 2.5 6 -19.5
0.00127931 2 6.5 -19
0.00119056 2 6.5 -18.5
0.00180615 2.5 6 -18.5
0.000781568 2 6.5 -18
0.00132026 2.5 6 -18
0.000327024 2 6.5 -17.5
7.81417e-05 2 6.5 -17
0.000135752 2.5 6 -17
4.23912e-05 3 6 -17
0.000178842 3 6 -17.5
0.000364518 2.5 6.5 -17
0.000148019 2 7 -17.5
0.00043944 3 6 -18.5
0.000426968 3 6 -19
0.000464261 2 7 -18.5
0.000360195 3 6 -19.5
0.000213412 3 6 -20
8.17608e-05 3 6 -20.5
4.70374e-05 2.5 6.5 -21
0.000125883 2 7 -20.5
0.00042162 2.5 6.5 -20.5
0.000322481 2 7 -20
0.00117048 2.5 6.5 -20
0.00047529 2 7 -19.5
0.00183965 2.5 6.5 -19.5
0.000501341 2 7 -19
0.00218211 2.5 6.5 -19
0.00220711 2.5 6.5 -18.5
0.000314981 2 7 -18
0.00187674 2.5 6.5 -18
0.000373666 3 6 -18
0.00113544 2.5 6.5 -17.5
4.59847e-05 2 7 -17
5.52086e-05 2.5 6.5 -16.5
0.0002236 3 6.5 -17
0.000126695 2.5 7 -16.5
0.000640361 3 6.5 -17.5
0.000995344 3 6.5 -18
0.00105296 3 6.5 -18.5
0.000999216 3 6.5 -19
0.000799385 3 6.5 -19.5
0.000468212 3 6.5 -20
0.00013666 3 6.5 -20.5
2.08382e-05 2.5 7 -21
0.000236191 2.5 7 -20.5
7.30503e-05 2 7.5 -20
0.000864135 2.5 7 -20
0.000128025 2 7.5 -19.5
0.00160641 2.5 7 -19.5
0.000139746 2 7.5 -19
0.00201877 2.5 7 -19
0.000127564 2 7.5 -18.5
0.00207356 2.5 7 -18.5
8.94944e-05 2 7.5 -18
0.00182665 2.5 7 -18
4.81616e-05 2 7.5 -17.5
0.00119728 2.5 7 -17.5
0.000549006 2.5 7 -17
3.22939e-05 3 6.5 -16.5
2.07625e-05 3.5 6.5 -17
0.000126734 3 7 -16.5
4.37926e-05 3.5 6.5 -17.5
5.32236e-05 3.5 6.5 -18
4.18537e-05 3.5 6.5 -18.5
0.00157705 3 7 -18
3.14915e-05 3.5 6.5 -19
0.00159754 3 7 -19
0.000512559 3 7 -20
8.85295e-05 2.5 7.5 -20.5
0.000115516 3 7 -20.5
0.000475485 2.5 7.5 -20
0.00105811 2.5 7.5 -19.5
0.00113028 3 7 -19.5
0.00143277 2.5 7.5 -19
0.0014652 2.5 7.5 -18.5
0.0016492 3 7 -18.5
0.0013576 2.5 7.5 -18
0.000964104 2.5 7.5 -17.5
0.00113198 3 7 -17.5
0.000462829 2.5 7.5 -17
0.000522238 3 7 -17
0.00011398 2.5 7.5 -16.5
4.33473e-05 3.5 7 -16.5
0.00015474 3.5 7 -17
0.000301299 3.5 7 -17.5
0.000988115 3 7.5 -17
7.2173e-05 2.5 8 -16.5
0.00050448 2.5 8 -17.5
0.000324836 3.5 7 -18
0.000294576 3.5 7 -18.5
0.000733761 2.5 8 -18.5
0.000234513 3.5 7 -19
0.000139091 3.5 7 -19.5
5.94903e-05 3.5 7 -20
0.000476414 2.5 8 -19.5
6.47165e-05 3 7.5 -20.5
0.000173022 2.5 8 -20
0.000424731 3 7.5 -20
0.00104182 3 7.5 -19.5
0.000710356 2.5 8 -19
0.00163266 3 7.5 -19
0.00201082 3 7.5 -18.5
0.00067993 2.5 8 -18
0.00203745 3 7.5 -18
0.00171267 3 7.5 -17.5
0.000258753 2.5 8 -17
0.000357684 3 7.5 -16.5
5.45048e-05 3 7.5 -16
3.824e-05 3.5 7.5 -16
3.82874e-05 2.5 8.5 -16.5
0.0005554 3.5 7.5 -17
0.000828914 3.5 7.5 -17.5
0.000860456 3.5 7.5 -18
0.000178291 2.5 8.5 -17.5
0.000801966 3.5 7.5 -18.5
0.000613113 3.5 7.5 -19
0.00035868 3.5 7.5 -19.5
0.000112516 3.5 7.5 -20
0.000252241 3 8 -20
2.2088e-05 3 8 -20.5
2.19914e-05 2.5 8.5 -20
0.000121806 2.5 8.5 -19.5
0.000801194 3 8 -19.5
0.000226837 2.5 8.5 -19
0.0014717 3 8 -19
0.000248615 2.5 8.5 -18.5
0.00189973 3 8 -18.5
0.000229877 2.5 8.5 -18
0.00197072 3 8 -18
0.00174957 3 8 -17.5
0.000102872 2.5 8.5 -17
0.00124812 3 8 -17
0.000627014 3 8 -16.5
0.000223813 3.5 7.5 -16.5
0.000192204 3 8 -16
2.37472e-05 3 8 -15.5
3.51284e-05 3 8.5 -15.5
2.34841e-05 4 7.5 -16.5
3.95995e-05 4 7.5 -17
0.000558455 3.5 8 -16.5
3.25036e-05 4 7.5 -17.5
2.06435e-05 4 7.5 -18
3.30695e-05 2.5 9 -17.5
4.46492e-05 2.5 9 -18
4.41294e-05 2.5 9 -18.5
0.000907606 3.5 8 -19
2.61651e-05 2.5 9 -19
0.000104384 3.5 8 -20
9.43653e-05 3 8.5 -20
0.000461892 3 8.5 -19.5
0.000417585 3.5 8 -19.5
0.00102229 3 8.5 -19
0.00147686 3 8.5 -18.5
0.00134072 3.5 8 -18.5
0.00161102 3 8.5 -18
0.00150079 3.5 8 -18
0.0014397 3 8.5 -17.5
0.0013876 3.5 8 -17.5
0.00105427 3 8.5 -17
0.00104754 3.5 8 -17
0.000580812 3 8.5 -16.5
0.000202223 3 8.5 -16
0.000170068 3.5 8 -16
2.12292e-05 3.5 8 -15.5
3.24131e-05 3 9 -15.5
5.65406e-05 4 8 -16
0.000104661 3.5 8.5 -15.5
0.000156253 4 8 -16.5
0.000157013 3 9 -16
0.000244449 4 8 -17
0.000643318 3 9 -17
0.000213234 4 8 -18
0.000156678 4 8 -18.5
8.90713e-05 4 8 -19
0.00136464 3.5 8.5 -18.5
0.00093377 3 9 -18
0.000169503 3 9 -19.5
0.000352549 3.5 8.5 -19.5
6.16331e-05 3.5 8.5 -20
0.000480112 3 9 -19
3.25812e-05 4 8 -19.5
0.000866459 3.5 8.5 -19
0.000802154 3 9 -18.5
0.0016721 3.5 8.5 -18
0.000840868 3 9 -17.5
0.00182441 3.5 8.5 -17.5
0.000234543 4 8 -17.5
0.001592 3.5 8.5 -17
0.000380549 3 9 -16.5
0.00101448 3.5 8.5 -16.5
0.000434971 3.5 8.5 -16
0.00031473 3.5 9 -15.5
7.59453e-05 4 8.5 -15.5
2.5062e-05 3 9.5 -15.5
8.18156e-05 3 9.5 -16
0.000539063 4 8.5 -16.5
0.00017284 3 9.5 -16.5
0.000707304 4 8.5 -17
0.000711415 4 8.5 -17.5
0.000261983 3 9.5 -17
0.000331853 3 9.5 -17.5
0.000619404 4 8.5 -18
0.000293984 3 9.5 -18.5
0.000230976 4 8.5 -19
0.00124033 3.5 9 -18.5
6.89126e-05 4 8.5 -19.5
0.000207517 3.5 9 -19.5
0.000131334 3 9.5 -19
0.000662206 3.5 9 -19
0.000368148 3 9.5 -18
0.000435171 4 8.5 -18.5
0.00160696 3.5 9 -18
0.00179309 3.5 9 -17.5
0.00165488 3.5 9 -17
0.00130313 3.5 9 -16.5
0.00076666 3.5 9 -16
0.000265035 4 8.5 -16
7.45858e-05 3.5 9 -15
6.8643e-05 4 9 -15
0.000107538 3.5 9.5 -15
2.82677e-05 4.5 8.5 -16
3.2728e-05 4.5 8.5 -16.5
3.34877e-05 3 10 -16
0.00103058 4 9 -16.5
0.000725484 3.5 9.5 -16
6.08668e-05 3 10 -16.5
7.93022e-05 3 10 -17
0.00152692 3.5 9.5 -17.5
0.00124108 4 9 -17.5
8.4369e-05 3 10 -17.5
0.000859304 3.5 9.5 -18.5
8.02078e-05 3 10 -18
0.00066488 4 9 -18.5
3.88999e-05 3 10 -18.5
6.97299e-05 4 9 -19.5
6.70958e-05 3.5 9.5 -19.5
0.000361094 3.5 9.5 -19
0.000293371 4 9 -19
0.00130749 3.5 9.5 -18
0.00102662 4 9 -18
0.00148868 3.5 9.5 -17
0.00124836 4 9 -17
0.00115454 3.5 9.5 -16.5
0.000642311 4 9 -16
0.00033397 3.5 9.5 -15.5
0.000279823 4 9 -15.5
3.21121e-05 4.5 9 -15
8.58204e-05 3.5 10 -15
9.33743e-05 4.5 9 -15.5
0.000237928 4 9.5 -15
0.000270508 3.5 10 -15.5
0.000524696 3.5 10 -16
0.000203584 4.5 9 -16.5
0.00111499 4 9.5 -16
0.000101789 4.5 9 -18
4.30119e-05 4.5 9 -18.5
4.12864e-05 4 9.5 -19.5
0.000117838 3.5 10 -19
0.00023939 4 9.5 -19
0.000399663 3.5 10 -18.5
0.000635289 4 9.5 -18.5
0.000724405 3.5 10 -18
0.00106659 4 9.5 -18
0.000920585 3.5 10 -17.5
0.00140471 4 9.5 -17.5
0.000955559 3.5 10 -17
0.00015094 4.5 9 -17.5
0.00153863 4 9.5 -17
0.000784698 3.5 10 -16.5
0.000184842 4.5 9 -17
0.00147836 4 9.5 -16.5
0.000168107 4.5 9 -16
0.000616934 4 9.5 -15.5
5.08046e-05 4 9.5 -14.5
0.000202735 4 10 -14.5
4.57121e-05 4.5 9.5 -14.5
0.0005156 4 10 -15
5.90208e-05 3.5 10.5 -15
0.000144985 3.5 10.5 -15.5
0.000540358 4.5 9.5 -16
0.000259551 3.5 10.5 -16
0.000360942 3.5 10.5 -16.5
0.000426562 3.5 10.5 -17
0.000388727 3.5 10.5 -17.5
0.000120561 4.5 9.5 -18.5
0.000126728 4 10 -19
9.48767e-05 3.5 10.5 -18.5
3.07966e-05 4.5 9.5 -19
0.000455388 4 10 -18.5
0.000260091 3.5 10.5 -18
0.000935086 4 10 -18
0.00027381 4.5 9.5 -18
0.00132546 4 10 -17.5
0.000442142 4.5 9.5 -17.5
0.00151721 4 10 -17
0.000570281 4.5 9.5 -17
0.00151386 4 10 -16.5
0.00061729 4.5 9.5 -16.5
0.00132653 4 10 -16
0.000949843 4 10 -15.5
0.000359142 4.5 9.5 -15.5
0.000166099 4.5 9.5 -15
3.2228e-05 4 10 -14
7.25238e-05 4 10.5 -14
0.000241614 4 10.5 -14.5
0.000516297 4 10.5 -15
3.23954e-05 5 9.5 -15.5
3.23793e-05 3.5 11 -15
2.25166e-05 5 9.5 -16
0.000890058 4 10.5 -15.5
6.11298e-05 3.5 11 -15.5
8.94235e-05 3.5 11 -16
0.000112057 3.5 11 -16.5
0.000122468 3.5 11 -17
8.52323e-05 3.5 11 -17.5
2.46561e-05 3.5 11 -18
3.40751e-05 4 10.5 -19
3.62929e-05 4.5 10 -19
0.000222081 4 10.5 -18.5
0.000169626 4.5 10 -18.5
0.000605509 4 10.5 -18
0.000430088 4.5 10 -18
0.00101987 4 10.5 -17.5
0.000735102 4.5 10 -17.5
0.0012953 4 10.5 -17
0.00095694 4.5 10 -17
0.00138537 4 10.5 -16.5
0.00106356 4.5 10 -16.5
0.00122609 4 10.5 -16
0.000988502 4.5 10 -16
0.000768097 4.5 10 -15.5
0.00045147 4.5 10 -15
2.73988e-05 5 9.5 -15
0.000194035 4.5 10 -14.5
5.09512e-05 4.5 10 -14
4.78615e-05 4.5 10.5 -13.5
7.03631e-05 4 11 -14
8.27003e-05 5 10 -14.5
0.0002031 4 11 -14.5
0.000143724 5 10 -15
0.000418509 4 11 -15
0.000659935 4 11 -15.5
0.000846111 4 11 -16
0.000142826 5 10 -16.5
0.0009035 4 11 -16.5
9.83968e-05 5 10 -17
5.18018e-05 4 11 -18.5
0.000133545 4.5 10.5 -18.5
0.000251015 4 11 -18
0.000399516 4.5 10.5 -18
0.000551202 4 11 -17.5
0.000739297 4.5 10.5 -17.5
0.000793369 4 11 -17
4.66483e-05 5 10 -17.5
0.00106916 4.5 10.5 -17
0.00128368 4.5 10.5 -16.5
0.00129128 4.5 10.5 -16
0.000175003 5 10 -16
0.00118218 4.5 10.5 -15.5
0.00018365 5 10 -15.5
0.000839207 4.5 10.5 -15
0.00046332 4.5 10.5 -14.5
0.000191943 4.5 10.5 -14
3.1797e-05 5 10 -14
3.45862e-05 4.5 11 -13
0.00016244 4.5 11 -13.5
0.000420582 4.5 11 -14
5.03268e-05 4 11.5 -14
0.000748183 4.5 11 -14.5
0.000129577 4 11.5 -14.5
0.00106655 4.5 11 -15
0.00022846 4 11.5 -15
0.000335833 4 11.5 -15.5
0.000408705 4 11.5 -16
0.000400259 4 11.5 -16.5
0.00031504 4 11.5 -17
0.000164276 4 11.5 -17.5
3.25724e-05 4 11.5 -18
6.22702e-05 4.5 11 -18.5
0.000254217 4.5 11 -18
5.58395e-05 5 10.5 -18
0.000592198 4.5 11 -17.5
0.000146284 5 10.5 -17.5
0.000960636 4.5 11 -17
0.000274522 5 10.5 -17
0.00122881 4.5 11 -16.5
0.000411152 5 10.5 -16.5
0.00131033 4.5 11 -16
0.000517321 5 10.5 -16
0.00124446 4.5 11 -15.5
0.00053254 5 10.5 -15.5
0.000452279 5 10.5 -15
0.000301759 5 10.5 -14.5
0.000153762 5 10.5 -14
4.74597e-05 5 10.5 -13.5
6.36681e-05 4.5 11.5 -13
0.000193436 4.5 11.5 -13.5
0.000420018 4.5 11.5 -14
2.92396e-05 4 12 -14
0.000712477 4.5 11.5 -14.5
5.76118e-05 4 12 -14.5
0.00100719 4.5 11.5 -15
8.69792e-05 4 12 -15
0.00114607 4.5 11.5 -15.5
0.000113558 4 12 -15.5
0.00115807 4.5 11.5 -16
0.000125999 4 12 -16
9.41341e-05 4 12 -16.5
4.38562e-05 4 12 -17
0.000100703 4.5 11.5 -18
8.34925e-05 5 11 -18
0.000336067 4.5 11.5 -17.5
0.000233904 5 11 -17.5
0.000669028 4.5 11.5 -17
0.000456038 5 11 -17
0.000971199 4.5 11.5 -16.5
0.0006916 5 11 -16.5
0.0008563 5 11 -16
0.000914494 5 11 -15.5
0.000832734 5 11 -15
2.99449e-05 5.5 10.5 -15
0.000630843 5 11 -14.5
3.85198e-05 5.5 10.5 -14.5
0.000389326 5 11 -14
3.30919e-05 5.5 10.5 -14
0.000194099 5 11 -13.5
2.02444e-05 5.5 10.5 -13.5
6.51445e-05 5 11 -13
7.24452e-05 5 11.5 -12.5
6.15439e-05 4.5 12 -13
9.89241e-05 5.5 11 -13.5
0.000164047 4.5 12 -13.5
0.000152877 5.5 11 -14
0.000343819 4.5 12 -14
0.000184812 5.5 11 -14.5
0.000541668 4.5 12 -14.5
0.000176112 5.5 11 -15
0.000711857 4.5 12 -15
0.000141834 5.5 11 -15.5
0.000781316 4.5 12 -15.5
0.000720086 4.5 12 -16
0.000544433 4.5 12 -16.5
0.000305125 4.5 12 -17
5.86862e-05 5 11.5 -18
0.000101877 4.5 12 -17.5
0.000201827 5 11.5 -17.5
0.000439168 5 11.5 -17
0.000705653 5 11.5 -16.5
4.42565e-05 5.5 11 -16.5
0.000953213 5 11.5 -16
9.73444e-05 5.5 11 -16
0.0010933 5 11.5 -15.5
0.00106615 5 11.5 -15
0.000974161 5 11.5 -14.5
0.000712215 5 11.5 -14
0.000430329 5 11.5 -13.5
0.000211061 5 11.5 -13
5.64095e-05 5 12 -12
0.000173756 5 12 -12.5
0.000383287 5 12 -13
4.48252e-05 4.5 12.5 -13
0.000636736 5 12 -13.5
0.000107337 4.5 12.5 -13.5
0.000871986 5 12 -14
0.000191149 4.5 12.5 -14
0.00101186 5 12 -14.5
0.000284328 4.5 12.5 -14.5
0.00107615 5 12 -15
0.000343372 4.5 12.5 -15
0.000354901 4.5 12.5 -15.5
0.000256296 5.5 11.5 -16
0.000285132 4.5 12.5 -16
0.000168741 4.5 12.5 -16.5
6.39159e-05 5.5 11.5 -17
4.94474e-05 4.5 12.5 -17
0.000107953 5 12 -17.5
0.000306346 5 12 -17
0.000579144 5 12 -16.5
0.000145137 5.5 11.5 -16.5
0.000854619 5 12 -16
0.0010458 5 12 -15.5
0.000377581 5.5 11.5 -15.5
0.000463206 5.5 11.5 -15
0.000480767 5.5 11.5 -14.5
0.000421366 5.5 11.5 -14
0.00030978 5.5 11.5 -13.5
0.000184475 5.5 11.5 -13
6.90857e-05 5 12.5 -12
0.000240973 5.5 12 -12.5
3.40341e-05 6 11.5 -12.5
0.000182453 5 12.5 -12.5
0.000393493 5.5 12 -13
0.000365881 5 12.5 -13
2.64458e-05 4.5 13 -13
0.000588801 5 12.5 -13.5
4.82853e-05 4.5 13 -13.5
0.000813278 5 12.5 -14
7.28721e-05 4.5 13 -14
0.000922182 5 12.5 -14.5
9.46914e-05 4.5 13 -14.5
0.000943661 5 12.5 -15
0.000102034 4.5 13 -15
0.000817471 5 12.5 -15.5
7.4483e-05 4.5 13 -15.5
0.000593661 5 12.5 -16
3.39224e-05 4.5 13 -16
2.20095e-05 5 12.5 -17.5
2.93328e-05 5.5 12 -17.5
0.00013457 5 12.5 -17
0.000104289 5.5 12 -17
0.000340917 5 12.5 -16.5
0.000239029 5.5 12 -16.5
0.00041676 5.5 12 -16
0.000602058 5.5 12 -15.5
0.000738938 5.5 12 -15
0.000800479 5.5 12 -14.5
0.000723008 5.5 12 -14
4.04753e-05 6 11.5 -14
0.000572725 5.5 12 -13.5
5.03717e-05 6 11.5 -13.5
4.75242e-05 6 11.5 -13
0.000113766 5.5 12 -12
3.2509e-05 5.5 12 -11.5
4.18097e-05 5.5 12.5 -11
0.00014142 5.5 12.5 -11.5
2.11999e-05 5 13 -11.5
0.000280032 5.5 12.5 -12
6.50043e-05 5 13 -12
0.000449431 5.5 12.5 -12.5
0.000148931 5 13 -12.5
0.000276857 5 13 -13
0.000206153 6 12 -13.5
0.000422621 5 13 -13.5
0.00018996 6 12 -14
0.000557146 5 13 -14
0.000146475 6 12 -14.5
0.000608211 5 13 -14.5
0.000559219 5 13 -15
0.000432829 5 13 -15.5
0.000260383 5 13 -16
0.000103595 5 13 -16.5
7.91265e-05 5.5 12.5 -17
0.000211144 5.5 12.5 -16.5
0.000398025 5.5 12.5 -16
0.000601813 5.5 12.5 -15.5
4.27811e-05 6 12 -15.5
0.000775455 5.5 12.5 -15
9.54195e-05 6 12 -15
0.000875712 5.5 12.5 -14.5
0.000877165 5.5 12.5 -14
0.000814661 5.5 12.5 -13.5
0.000653504 5.5 12.5 -13
2.43923e-05 6 12.5 -10.5
2.15546e-05 5.5 13 -10.5
7.21288e-05 6 12.5 -11
8.49098e-05 5.5 13 -11
0.000189852 5.5 13 -11.5
0.000345607 5.5 13 -12
4.30997e-05 5 13.5 -12
0.000553396 5.5 13 -12.5
8.96401e-05 5 13.5 -12.5
0.000697937 5.5 13 -13
0.00014532 5 13.5 -13
0.000810709 5.5 13 -13.5
0.000207941 5 13.5 -13.5
0.000860286 5.5 13 -14
0.000249134 5 13.5 -14
0.000257267 5 13.5 -14.5
0.000228388 6 12.5 -15
0.00019795 5 13.5 -15
0.000133786 6 12.5 -15.5
0.000110734 5 13.5 -15.5
6.28371e-05 6 12.5 -16
2.71865e-05 5 13.5 -16
2.31681e-05 5.5 13 -17
0.000114896 5.5 13 -16.5
0.00027343 5.5 13 -16
0.000479787 5.5 13 -15.5
0.000683738 5.5 13 -15
0.000822908 5.5 13 -14.5
0.000335119 6 12.5 -14.5
0.000418543 6 12.5 -14
0.00045271 6 12.5 -13.5
0.000420015 6 12.5 -13
3.72091e-05 6 13 -10
2.90486e-05 5.5 13.5 -10.5
4.42581e-05 6.5 12.5 -11
0.00010159 6 13 -10.5
8.12022e-05 5.5 13.5 -11
6.60077e-05 6.5 12.5 -11.5
0.0001745 5.5 13.5 -11.5
7.4299e-05 6.5 12.5 -12
0.000312814 5.5 13.5 -12
6.74431e-05 6.5 12.5 -12.5
0.000478586 5.5 13.5 -12.5
3.4914e-05 5 14 -12.5
0.00062622 5.5 13.5 -13
4.98234e-05 5 14 -13
0.000698697 5.5 13.5 -13.5
5.99839e-05 5 14 -13.5
0.000703788 5.5 13.5 -14
5.41792e-05 5 14 -14
0.000606534 5.5 13.5 -14.5
3.4805e-05 5 14 -14.5
0.000442583 5.5 13.5 -15
0.000261662 5.5 13.5 -15.5
0.000111982 5.5 13.5 -16
2.05136e-05 5.5 13.5 -16.5
2.65283e-05 6 13 -16.5
9.718e-05 6 13 -16
0.000205356 6 13 -15.5
0.000342733 6 13 -15
0.000487722 6 13 -14.5
0.000606439 6 13 -14
0.000674115 6 13 -13.5
3.5447e-05 6.5 12.5 -13.5
0.000633283 6 13 -13
5.73786e-05 6.5 12.5 -13
3.18263e-05 6 13.5 -9.5
2.25085e-05 6.5 13 -9.5
0.000535278 6 13 -12.5
0.000438434 6 13 -12
9.20278e-05 6 13.5 -10
5.02681e-05 6.5 13 -10
0.000192324 6 13.5 -10.5
2.59206e-05 5.5 14 -10.5
0.000320615 6 13.5 -11
5.79158e-05 5.5 14 -11
0.000450001 6 13.5 -11.5
0.000124992 5.5 14 -11.5
0.000575253 6 13.5 -12
0.000209786 5.5 14 -12
0.000303534 5.5 14 -12.5
0.00020753 6.5 13 -13
0.000381667 5.5 14 -13
0.000157197 6.5 13 -13.5
0.000408916 5.5 14 -13.5
8.8511e-05 6.5 13 -14
0.000361697 5.5 14 -14
0.000271506 5.5 14 -14.5
0.000159155 5.5 14 -15
5.73663e-05 5.5 14 -15.5
6.94804e-05 6 13.5 -16
0.000171073 6 13.5 -15.5
0.000311508 6 13.5 -15
0.00046513 6 13.5 -14.5
4.2922e-05 6.5 13 -14.5
0.00059468 6 13.5 -14
0.000668984 6 13.5 -13.5
0.000688683 6 13.5 -13
4.03762e-05 6.5 13.5 -9
0.000662132 6 13.5 -12.5
3.72779e-05 6 14 -9.5
2.63752e-05 7 13 -10
8.82086e-05 6.5 13.5 -9.5
0.000148382 6.5 13.5 -10
9.73938e-05 6 14 -10
0.000218847 6.5 13.5 -10.5
3.43444e-05 7 13 -10.5
0.000190978 6 14 -10.5
0.000310991 6 14 -11
3.46128e-05 5.5 14.5 -11
0.000445164 6 14 -11.5
5.86584e-05 5.5 14.5 -11.5
0.00055479 6 14 -12
9.5254e-05 5.5 14.5 -12
0.000620773 6 14 -12.5
0.000123556 5.5 14.5 -12.5
0.000640351 6 14 -13
0.00014305 5.5 14.5 -13
0.000581609 6 14 -13.5
0.000135082 5.5 14.5 -13.5
8.60016e-05 5.5 14.5 -14
0.000118814 6.5 13.5 -14.5
3.53943e-05 5.5 14.5 -14.5
5.65242e-05 6.5 13.5 -15
8.18744e-05 6 14 -15.5
0.00019085 6 14 -15
0.000334411 6 14 -14.5
0.000477065 6 14 -14
0.000202359 6.5 13.5 -14
2.33226e-05 7 13.5 -8.5
4.66898e-05 6.5 14 -8.5
0.000303567 6.5 13.5 -13.5
0.000103392 6.5 14 -9
4.18706e-05 7 13.5 -9
0.000381649 6.5 13.5 -13
0.000421621 6.5 13.5 -12.5
0.000179298 6.5 14 -9.5
7.30679e-05 7 13.5 -9.5
3.46129e-05 6 14.5 -9.5
8.33784e-05 6 14.5 -10
0.000113354 7 13.5 -10.5
0.000155307 6 14.5 -10.5
0.000116145 7 13.5 -11
0.000248024 6 14.5 -11
0.00048578 6.5 14 -11.5
9.95113e-05 7 13.5 -11.5
0.000343276 6 14.5 -11.5
0.000417796 6 14.5 -12
0.000466931 6 14.5 -12.5
0.000444773 6 14.5 -13
0.000361787 6 14.5 -13.5
0.000255524 6 14.5 -14
0.000141975 6 14.5 -14.5
5.45256e-05 6 14.5 -15
2.00023e-05 6.5 14 -15.5
6.6685e-05 6.5 14 -15
0.000144299 6.5 14 -14.5
0.00024448 6.5 14 -14
4.44015e-05 7 14 -8
0.000351937 6.5 14 -13.5
8.33036e-05 7 14 -8.5
0.000453831 6.5 14 -13
5.88333e-05 6.5 14.5 -8.5
0.000121961 7 14 -9
0.000109716 6.5 14.5 -9
0.000521571 6.5 14 -12.5
5.03819e-05 7 13.5 -12.5
0.000517779 6.5 14 -12
7.88593e-05 7 13.5 -12
0.000432241 6.5 14 -11
0.000350514 6.5 14 -10.5
0.00018668 6.5 14.5 -9.5
0.000166967 7 14 -9.5
0.000281613 6.5 14.5 -10
4.64777e-05 6 15 -10
0.000364718 6.5 14.5 -10.5
8.79174e-05 6 15 -10.5
0.000435106 6.5 14.5 -11
0.000134408 6 15 -11
0.000485599 6.5 14.5 -11.5
0.000175751 6 15 -11.5
0.000200771 6 15 -12
0.000138363 7 14 -12.5
0.00021159 6 15 -12.5
8.23993e-05 7 14 -13
0.00017339 6 15 -13
4.31322e-05 7 14 -13.5
0.000115215 6 15 -13.5
5.0684e-05 6 15 -14
3.93849e-05 6.5 14.5 -15
0.000102629 6.5 14.5 -14.5
0.000193954 6.5 14.5 -14
4.25026e-05 7 14.5 -7.5
0.00029735 6.5 14.5 -13.5
0.000395785 6.5 14.5 -13
3.71485e-05 7.5 14 -8
5.0944e-05 7.5 14 -8.5
0.000104148 7 14.5 -8
0.000461852 6.5 14.5 -12.5
0.000156942 7 14.5 -8.5
0.000506144 6.5 14.5 -12
4.69551e-05 6.5 15 -8.5
0.0002134 7 14.5 -9
6.0085e-05 7.5 14 -9
9.85921e-05 6.5 15 -9
0.000264635 7 14.5 -9.5
0.000161933 6.5 15 -9.5
0.000300377 7 14.5 -10
5.41296e-05 7.5 14 -10
0.000242331 6.5 15 -10
0.000338997 7 14.5 -10.5
0.000324833 6.5 15 -10.5
2.64436e-05 6 15.5 -10.5
0.00038228 6.5 15 -11
3.7696e-05 6 15.5 -11
0.00040988 6.5 15 -11.5
4.22332e-05 6 15.5 -11.5
0.000394519 6.5 15 -12
4.0549e-05 6 15.5 -12
0.000332571 6.5 15 -12.5
2.34753e-05 6 15.5 -12.5
0.00025803 6.5 15 -13
3.926e-05 7 14.5 -14
2.40889e-05 6.5 15 -14.5
8.91536e-05 6.5 15 -14
2.64241e-05 7.5 14.5 -7
0.000171324 6.5 15 -13.5
5.51919e-05 7 15 -7.5
6.67842e-05 7.5 14.5 -7.5
8.52423e-05 7 14.5 -13.5
0.000149935 7 14.5 -13
0.000111409 7 15 -8
9.83038e-05 7.5 14.5 -8
0.000177201 7 15 -8.5
0.00012684 7.5 14.5 -8.5
2.92168e-05 6.5 15.5 -8.5
0.000144802 7.5 14.5 -9
5.44586e-05 6.5 15.5 -9
0.000151608 7.5 14.5 -9.5
0.000234252 7 15 -9
0.000100794 6.5 15.5 -9.5
0.000141154 7.5 14.5 -10
0.000286529 7 15 -9.5
0.000145497 6.5 15.5 -10
0.000116328 7.5 14.5 -10.5
0.000187999 6.5 15.5 -10.5
0.000354581 7 15 -11
8.29574e-05 7.5 14.5 -11
0.000210269 6.5 15.5 -11
0.000217301 6.5 15.5 -11.5
0.000190362 6.5 15.5 -12
0.000145841 6.5 15.5 -12.5
8.98512e-05 6.5 15.5 -13
3.57195e-05 6.5 15.5 -13.5
2.07813e-05 7.5 15 -6.5
3.35076e-05 7 15 -14
8.33951e-05 7.5 15 -7
7.77271e-05 7 15 -13.5
0.000126947 7.5 15 -7.5
3.48698e-05 8 14.5 -7.5
4.94942e-05 7 15.5 -7.5
3.78253e-05 8 14.5 -8
0.000141842 7 15 -13
0.0002155 7 15 -12.5
0.000287347 7 15 -12
0.000161548 7.5 15 -8
9.76327e-05 7 15.5 -8
0.000188458 7.5 15 -8.5
2.95779e-05 8 14.5 -8.5
0.000152601 7 15.5 -8.5
0.000336684 7 15 -11.5
5.09462e-05 7.5 14.5 -11.5
0.000213839 7 15.5 -9
0.000217765 7.5 15 -9
0.000259284 7 15.5 -9.5
3.24732e-05 6.5 16 -9.5
0.000291384 7 15.5 -10
4.61873e-05 6.5 16 -10
0.000304815 7 15.5 -10.5
5.55749e-05 6.5 16 -10.5
5.55378e-05 6.5 16 -11
0.000108904 7.5 15 -11.5
3.97877e-05 6.5 16 -11.5
6.67985e-05 7.5 15 -12
2.23429e-05 6.5 16 -12
3.26547e-05 7.5 15 -12.5
3.59115e-05 7 15.5 -13.5
4.26272e-05 8 15 -6.5
4.55683e-05 7.5 15.5 -6.5
7.9644e-05 7 15.5 -13
0.000141457 7 15.5 -12.5
9.4497e-05 7.5 15.5 -7
7.19522e-05 8 15 -7
0.000208409 7 15.5 -12
0.00013635 7.5 15.5 -7.5
8.80563e-05 8 15 -7.5
2.66684e-05 7 16 -7.5
9.19322e-05 8 15 -8
0.000268122 7 15.5 -11.5
0.00017206 7.5 15.5 -8
5.92525e-05 7 16 -8
8.54688e-05 8 15 -8.5
9.25372e-05 7 16 -8.5
7.22306e-05 8 15 -9
0.000204153 7.5 15.5 -8.5
0.000299381 7 15.5 -11
0.00022192 7.5 15.5 -9
0.000126971 7 16 -9
0.000234442 7.5 15.5 -9.5
5.06749e-05 8 15 -9.5
0.000154471 7 16 -9.5
0.000175488 7 16 -10
0.00023293 7.5 15.5 -10
0.000183362 7 16 -10.5
0.000162918 7 16 -11
0.000129066 7 16 -11.5
8.35958e-05 7 16 -12
4.35174e-05 8 15.5 -6
3.92241e-05 7 16 -12.5
3.89187e-05 7.5 16 -6.5
8.60398e-05 8 15.5 -6.5
0.000111954 8 15.5 -7
4.68499e-05 7.5 15.5 -12.5
7.96736e-05 7.5 16 -7
0.000116167 7.5 16 -7.5
0.000126664 8 15.5 -7.5
0.000137313 8 15.5 -8
0.000151919 7.5 16 -8
8.43197e-05 7.5 15.5 -12
0.000129439 7.5 15.5 -11.5
0.000178857 7.5 16 -8.5
0.000139565 8 15.5 -8.5
2.02941e-05 7 16.5 -8.5
3.30489e-05 7 16.5 -9
9.74534e-05 8 15.5 -9.5
4.3437e-05 7 16.5 -9.5
6.56705e-05 8 15.5 -10
4.64435e-05 7 16.5 -10
4.20217e-05 8 15.5 -10.5
3.93617e-05 7 16.5 -10.5
0.000134051 7.5 16 -11
2.30007e-05 7 16.5 -11
3.39008e-05 8.5 15.5 -6
4.35849e-05 8 16 -6
2.09661e-05 7.5 16 -12.5
8.66188e-05 8 16 -6.5
5.03977e-05 8.5 15.5 -6.5
5.45288e-05 7.5 16 -12
5.25357e-05 8.5 15.5 -7
0.000110855 8 16 -7
9.44522e-05 7.5 16 -11.5
3.33408e-05 7.5 16.5 -7
0.000124376 8 16 -7.5
4.02715e-05 8.5 15.5 -7.5
6.05206e-05 7.5 16.5 -7.5
2.66063e-05 8.5 15.5 -8
8.05235e-05 7.5 16.5 -8
0.000136127 8 16 -8
0.000100374 7.5 16.5 -8.5
0.000107989 7.5 16.5 -9
0.000105394 7.5 16.5 -9.5
5.58418e-05 8 16 -10.5
2.9158e-05 8 16 -11
4.35902e-05 8.5 16 -6
2.18286e-05 7.5 16.5 -11.5
6.48933e-05 8.5 16 -6.5
5.59181e-05 8 16.5 -6.5
5.19021e-05 7.5 16.5 -11
7.33506e-05 7.5 16.5 -10.5
9.15868e-05 7.5 16.5 -10
7.9134e-05 8 16.5 -7
6.96355e-05 8.5 16 -7
5.23168e-05 8.5 16 -8
9.40698e-05 8 16.5 -7.5
3.82664e-05 8.5 16 -8.5
0.000102358 8 16.5 -8
9.61225e-05 8 16.5 -9
2.30158e-05 8.5 16.5 -6
5.06416e-05 8.5 16.5 -6.5
5.83421e-05 8.5 16.5 -7
3.82923e-05 8 16.5 -10.5
6.04575e-05 8 16.5 -10
2.57529e-05 8 17 -7.5
5.83478e-05 8.5 16.5 -7.5
3.32669e-05 8 17 -8
2.25619e-05 8.5 16.5 -9
3.36169e-05 8 17 -8.5
2.03423e-05 8 17 -9.5
2.11191e-05 8.5 17 -7.5
2.00543e-05 8.5 17 -8
2.50643e-05 8 17 -9
3.91149e-05 8.5 16.5 -8.5
4.99106e-05 8.5 16.5 -8
8.19716e-05 8 16.5 -9.5
0.000102993 8 16.5 -8.5
6.55493e-05 8.5 16 -7.5
8.74462e-05 8 16 -10
0.000109957 8 16 -9.5
0.000128497 8 16 -9
0.000140272 8 16 -8.5
0.000165329 7.5 16 -10.5
0.000188485 7.5 16 -10
0.000203595 7.5 16 -9.5
0.000197269 7.5 16 -9
0.000126143 8 15.5 -9
0.000172647 7.5 15.5 -11
0.000208185 7.5 15.5 -10.5
2.71021e-05 8 15 -10
0.000161635 7.5 15 -11
0.00020156 7.5 15 -10.5
0.0002251 7.5 15 -10
0.000232192 7.5 15 -9.5
0.000342178 7 15 -10.5
0.000326593 7 15 -10
0.000226577 7 14.5 -12.5
0.000296549 7 14.5 -12
0.000341143 7 14.5 -11.5
0.000357846 7 14.5 -11
3.75831e-05 7.5 14 -10.5
6.32022e-05 7.5 14 -9.5
0.000194889 7 14 -12
0.000233562 7 14 -11.5
0.000247357 7 14 -11
0.000236343 7 14 -10.5
0.000210582 7 14 -10
0.000259879 6.5 14 -10
9.86035e-05 7 13.5 -10
0.000409241 6.5 13.5 -12
0.00037125 6.5 13.5 -11.5
0.000297124 6.5 13.5 -11
3.07877e-05 7 13 -11
0.000233752 6.5 13 -12.5
0.000225883 6.5 13 -12
0.000197999 6.5 13 -11.5
0.00015196 6.5 13 -11
9.80555e-05 6.5 13 -10.5
0.000310532 6 13 -11.5
0.000190364 6 13 -11
2.32292e-05 6.5 12.5 -10.5
0.000345188 6 12.5 -12.5
0.000245188 6 12.5 -12
0.000142556 6 12.5 -11.5
0.000186171 6 12 -13
0.000138213 6 12 -12.5
8.34678e-05 6 12 -12
3.34902e-05 6 12 -11.5
7.78933e-05 5.5 11.5 -12.5
2.1353e-05 5.5 11.5 -12
4.39507e-05 5.5 11 -13
