0.689615
2.03201e-05 -5.5 -10.5 -15.5
3.58812e-05 -5.5 -10.5 -15
4.3306e-05 -5.5 -10.5 -14.5
3.53564e-05 -5.5 -10.5 -14
2.05707e-05 -5.5 -10.5 -13.5
3.57849e-05 -5 -10 -17
7.55781e-05 -5 -10 -16.5
0.000118283 -5 -10 -16
0.000142129 -5 -10 -15.5
0.000131673 -5 -10 -15
9.5858e-05 -5 -10 -14.5
2.07297e-05 -5.5 -11 -13
2.66935e-05 -6 -11.5 -13
5.73271e-05 -5.5 -11 -13.5
3.26676e-05 -6 -11.5 -13.5
8.62711e-05 -5.5 -11 -14
3.15608e-05 -6 -11.5 -14
0.000100108 -5.5 -11 -14.5
8.95791e-05 -5.5 -11 -15
6.20321e-05 -5.5 -11 -15.5
3.61874e-05 -5.5 -11 -16
5.47601e-05 -5 -10.5 -17
0.000114584 -5 -10.5 -16.5
0.000180087 -5 -10.5 -16
0.00022431 -5 -10.5 -15.5
0.000218845 -5 -10.5 -15
0.000167955 -5 -10.5 -14.5
9.52216e-05 -5 -10.5 -14
3.34691e-05 -5 -10.5 -13.5
4.49304e-05 -5 -10 -14
5.89378e-05 -4.5 -10 -14
0.000160369 -4.5 -10 -14.5
0.000277206 -4.5 -10 -15
0.000344754 -4.5 -10 -15.5
2.64092e-05 -4.5 -10 -18
9.45461e-05 -4.5 -10 -17.5
0.000201119 -4.5 -10 -17
2.60599e-05 -5 -9.5 -16.5
0.000302691 -4.5 -10 -16.5
4.18463e-05 -5 -9.5 -16
0.000353983 -4.5 -10 -16
5.48581e-05 -5 -9.5 -15.5
5.24081e-05 -5 -9.5 -15
2.18769e-05 -6.5 -12.5 -12
3.55218e-05 -6 -12 -12.5
5.43757e-05 -5.5 -11.5 -13
7.98924e-05 -5 -11 -13.5
2.66175e-05 -6.5 -12.5 -12.5
5.88286e-05 -6 -12 -13
9.96285e-05 -5.5 -11.5 -13.5
2.67733e-05 -6.5 -12.5 -13
6.88388e-05 -6 -12 -13.5
0.000139017 -5.5 -11.5 -14
0.000215223 -5 -11 -14.5
6.5026e-05 -6 -12 -14
0.00015283 -5.5 -11.5 -14.5
0.000233522 -5 -11 -15
4.93309e-05 -6 -12 -14.5
0.000132499 -5.5 -11.5 -15
0.000227045 -5 -11 -15.5
3.09641e-05 -6 -12 -15
9.513e-05 -5.5 -11.5 -15.5
0.000175308 -5 -11 -16
2.20764e-05 -5.5 -11.5 -16.5
6.41985e-05 -4.5 -10.5 -17.5
4.72398e-05 -5 -11 -17
0.00014462 -4.5 -10.5 -17
0.000106037 -5 -11 -16.5
5.52057e-05 -5.5 -11.5 -16
0.000253765 -4.5 -10.5 -16.5
0.00032607 -4.5 -10.5 -16
0.000331254 -4.5 -10.5 -15.5
0.000280273 -4.5 -10.5 -15
0.000194578 -4.5 -10.5 -14.5
0.000155986 -5 -11 -14
9.8698e-05 -4.5 -10.5 -14
2.20825e-05 -4.5 -10.5 -13.5
3.37055e-05 -5 -9.5 -14.5
7.60376e-05 -4 -10 -14.5
0.000179581 -4 -10 -15
8.54843e-05 -4.5 -9.5 -14.5
0.000307576 -4 -10 -15.5
0.000376559 -4 -10 -16
0.00036956 -4 -10 -16.5
0.000275588 -4 -10 -17
0.000149939 -4 -10 -17.5
5.7902e-05 -4 -10 -18
2.22842e-05 -4 -10 -18.5
3.46088e-05 -4.5 -9.5 -18
0.000104787 -4.5 -9.5 -17.5
0.000211434 -4.5 -9.5 -17
0.000302823 -4.5 -9.5 -16.5
2.64987e-05 -6.5 -13 -11.5
3.6311e-05 -6 -12.5 -12
4.42243e-05 -5.5 -12 -12.5
2.21125e-05 -7 -13.5 -11.5
4.27042e-05 -6.5 -13 -12
6.43939e-05 -6 -12.5 -12.5
9.24943e-05 -5.5 -12 -13
3.41272e-05 -4.5 -11 -13.5
4.77913e-05 -6.5 -13 -12.5
8.86655e-05 -6 -12.5 -13
0.000131549 -5.5 -12 -13.5
5.3017e-05 -4 -10.5 -14.5
0.00016596 -5 -11.5 -14
4.52343e-05 -6.5 -13 -13
9.88952e-05 -6 -12.5 -13.5
0.000146333 -5.5 -12 -14
3.61295e-05 -6.5 -13 -13.5
8.87634e-05 -6 -12.5 -14
0.000153562 -5.5 -12 -14.5
2.03892e-05 -6.5 -13 -14
6.85724e-05 -6 -12.5 -14.5
0.000128927 -5.5 -12 -15
0.0001973 -5 -11.5 -15.5
4.40782e-05 -6 -12.5 -15
8.9103e-05 -5.5 -12 -15.5
2.40778e-05 -6 -12.5 -15.5
4.889e-05 -5.5 -12 -16
7.01665e-05 -5 -11.5 -16.5
2.43059e-05 -5 -11.5 -17
2.51554e-05 -4 -10.5 -18
2.82149e-05 -4.5 -11 -17.5
6.89921e-05 -4 -10.5 -17.5
8.10843e-05 -4.5 -11 -17
0.000138797 -4 -10.5 -17
0.000160306 -4.5 -11 -16.5
0.000135244 -5 -11.5 -16
0.000195117 -4 -10.5 -16.5
0.000232571 -4.5 -11 -16
0.000216449 -4 -10.5 -16
0.000268107 -4.5 -11 -15.5
0.000222155 -5 -11.5 -15
0.000186302 -4 -10.5 -15.5
0.000243459 -4.5 -11 -15
0.000208543 -5 -11.5 -14.5
0.000121935 -4 -10.5 -15
0.000170631 -4.5 -11 -14.5
9.2237e-05 -4.5 -11 -14
0.000110187 -5 -11.5 -13.5
4.38758e-05 -5 -11.5 -13
0.000344501 -4.5 -9.5 -16
0.000291361 -4.5 -9.5 -15.5
0.000188761 -4.5 -9.5 -15
7.48732e-05 -4 -9.5 -14.5
4.79065e-05 -3.5 -10 -15.5
0.000209612 -4 -9.5 -15
7.38095e-05 -3.5 -10 -16
0.000358637 -4 -9.5 -15.5
9.27375e-05 -3.5 -10 -16.5
9.5161e-05 -3.5 -10 -17
0.000490609 -4 -9.5 -16.5
6.85191e-05 -3.5 -10 -17.5
3.69297e-05 -3.5 -10 -18
2.63095e-05 -4 -9.5 -18.5
2.25451e-05 -4.5 -9 -18
0.000105082 -4 -9.5 -18
7.16856e-05 -4.5 -9 -17.5
0.000252719 -4 -9.5 -17.5
0.000141794 -4.5 -9 -17
2.75115e-05 -6 -13 -11.5
2.69763e-05 -7 -14 -11
4.6521e-05 -6.5 -13.5 -11.5
5.97436e-05 -6 -13 -12
5.92873e-05 -5.5 -12.5 -12.5
3.25733e-05 -7 -14 -11.5
5.65782e-05 -6.5 -13.5 -12
8.12159e-05 -6 -13 -12.5
2.64035e-05 -4.5 -11.5 -13.5
9.81506e-05 -5.5 -12.5 -13
4.73718e-05 -5 -12 -13
3.24833e-05 -7 -14 -12
6.1205e-05 -6.5 -13.5 -12.5
2.81028e-05 -4 -11 -14.5
8.9992e-05 -6 -13 -13
0.000127866 -5.5 -12.5 -13.5
7.06367e-05 -4.5 -11.5 -14
2.47473e-05 -7 -14 -12.5
5.53611e-05 -6.5 -13.5 -13
9.61257e-05 -6 -13 -13.5
5.2352e-05 -4 -11 -15
0.000139245 -5.5 -12.5 -14
0.000171032 -5 -12 -14.5
4.49072e-05 -6.5 -13.5 -13.5
8.41946e-05 -6 -13 -14
0.00016621 -5 -12 -15
3.09256e-05 -6.5 -13.5 -14
2.42724e-05 -3.5 -10.5 -16.5
6.23227e-05 -6 -13 -14.5
3.87864e-05 -6 -13 -15
2.35283e-05 -3.5 -10.5 -17
6.27856e-05 -5.5 -12.5 -15.5
2.1598e-05 -4 -11 -17.5
3.57782e-05 -4.5 -11.5 -17
3.81945e-05 -5 -12 -16.5
3.34965e-05 -5.5 -12.5 -16
4.34613e-05 -4 -11 -17
7.39128e-05 -4.5 -11.5 -16.5
7.91812e-05 -5 -12 -16
6.73803e-05 -4 -11 -16.5
0.000119465 -4.5 -11.5 -16
0.000128434 -5 -12 -15.5
9.98249e-05 -5.5 -12.5 -15
8.25303e-05 -4 -11 -16
0.000151532 -4.5 -11.5 -15.5
0.000132313 -5.5 -12.5 -14.5
6.97106e-05 -4 -11 -15.5
0.000147605 -4.5 -11.5 -15
0.000118101 -4.5 -11.5 -14.5
0.000149518 -5 -12 -14
9.6488e-05 -5 -12 -13.5
0.000410847 -4 -9.5 -17
0.000191911 -4.5 -9 -16.5
0.000210588 -4.5 -9 -16
0.000473347 -4 -9.5 -16
0.000174693 -4.5 -9 -15.5
0.000101798 -4.5 -9 -15
2.90497e-05 -4.5 -9 -14.5
3.83462e-05 -3.5 -9.5 -15
3.39753e-05 -4 -9 -14.5
0.000121111 -3.5 -9.5 -15.5
0.000163288 -4 -9 -15
0.000203182 -3.5 -9.5 -16
0.000266436 -3.5 -9.5 -16.5
0.000494895 -4 -9 -16
0.000275146 -3.5 -9.5 -17
0.000202055 -3.5 -9.5 -17.5
0.000108374 -3.5 -9.5 -18
2.5731e-05 -4.5 -8.5 -17.5
0.000327729 -4 -9 -17.5
4.84209e-05 -4 -9 -18.5
3.55086e-05 -3.5 -9.5 -18.5
3.16011e-05 -6.5 -14 -11
3.86375e-05 -6 -13.5 -11.5
3.22389e-05 -7 -14.5 -11
4.96888e-05 -6.5 -14 -11.5
5.98041e-05 -6 -13.5 -12
2.24358e-05 -5.5 -13 -12
2.11329e-05 -7.5 -15 -11
3.60954e-05 -7 -14.5 -11.5
5.51733e-05 -6.5 -14 -12
7.67159e-05 -6 -13.5 -12.5
3.54066e-05 -5 -12.5 -13
3.36664e-05 -7 -14.5 -12
5.59482e-05 -6.5 -14 -12.5
8.31127e-05 -6 -13.5 -13
3.29702e-05 -4.5 -12 -14
2.84916e-05 -7 -14.5 -12.5
2.1335e-05 -4 -11.5 -15
4.96651e-05 -6.5 -14 -13
7.82925e-05 -6 -13.5 -13.5
5.00101e-05 -4.5 -12 -14.5
2.17945e-05 -7 -14.5 -13
2.28555e-05 -4 -11.5 -15.5
3.92316e-05 -6.5 -14 -13.5
6.31889e-05 -6 -13.5 -14
8.53568e-05 -5.5 -13 -14.5
2.65483e-05 -6.5 -14 -14
2.05445e-05 -4 -11.5 -16
4.43165e-05 -6 -13.5 -14.5
5.8894e-05 -5.5 -13 -15
2.22803e-05 -6.5 -14 -14.5
2.6789e-05 -6 -13.5 -15
3.02993e-05 -5 -12.5 -16
3.2582e-05 -5.5 -13 -15.5
3.63429e-05 -4.5 -12 -16
5.74079e-05 -5 -12.5 -15.5
5.175e-05 -4.5 -12 -15.5
8.42621e-05 -5 -12.5 -15
5.75823e-05 -4.5 -12 -15
9.96786e-05 -5 -12.5 -14.5
0.000104657 -5.5 -13 -14
9.20802e-05 -5 -12.5 -14
0.000102411 -5.5 -13 -13.5
6.87949e-05 -5 -12.5 -13.5
8.81584e-05 -5.5 -13 -13
5.53518e-05 -5.5 -13 -12.5
0.000157859 -4 -9 -18
4.97618e-05 -4.5 -8.5 -17
0.000468003 -4 -9 -17
6.63547e-05 -4.5 -8.5 -16.5
0.000522575 -4 -9 -16.5
8.21834e-05 -4.5 -8.5 -16
6.56038e-05 -4.5 -8.5 -15.5
0.000344473 -4 -9 -15.5
2.96297e-05 -4.5 -8.5 -15
5.5138e-05 -3.5 -9 -15
0.000198179 -3.5 -9 -15.5
0.000364007 -3.5 -9 -16
0.000222623 -4 -8.5 -15.5
2.07553e-05 -3 -9.5 -17
0.000495242 -3.5 -9 -16.5
0.000393805 -4 -8.5 -16
2.17648e-05 -3 -9.5 -17.5
0.000516221 -3.5 -9 -17
0.000406038 -3.5 -9 -17.5
0.000466211 -4 -8.5 -17
2.01772e-05 -3 -9.5 -18.5
0.000229341 -3.5 -9 -18
0.000340777 -4 -8.5 -17.5
8.23314e-05 -3.5 -9 -18.5
2.67061e-05 -3.5 -9 -19
5.92017e-05 -4 -8.5 -18.5
2.70056e-05 -6.5 -14.5 -11
2.77126e-05 -6 -14 -11.5
2.40194e-05 -7.5 -15.5 -10.5
3.01212e-05 -7 -15 -11
4.37077e-05 -6.5 -14.5 -11.5
5.07134e-05 -6 -14 -12
2.3703e-05 -7.5 -15.5 -11
3.19963e-05 -7 -15 -11.5
4.71562e-05 -6.5 -14.5 -12
5.73707e-05 -6 -14 -12.5
2.96517e-05 -7 -15 -12
4.29726e-05 -6.5 -14.5 -12.5
5.74352e-05 -6 -14 -13
2.99352e-05 -5 -13 -13.5
2.41198e-05 -7 -15 -12.5
3.46557e-05 -6.5 -14.5 -13
4.95173e-05 -5.5 -13.5 -14
2.45525e-05 -6.5 -14.5 -13.5
3.30714e-05 -6 -14 -14
2.51553e-05 -5 -13 -15
3.54772e-05 -5.5 -13.5 -14.5
3.41923e-05 -5 -13 -14.5
4.68628e-05 -6 -14 -13.5
3.43822e-05 -5 -13 -14
5.63252e-05 -5.5 -13.5 -13.5
5.37332e-05 -5.5 -13.5 -13
4.11211e-05 -5.5 -13.5 -12.5
0.000175795 -4 -8.5 -18
0.000501722 -4 -8.5 -16.5
8.12992e-05 -4 -8.5 -15
3.82587e-05 -3 -9 -16
0.000232579 -3.5 -8.5 -15.5
2.57784e-05 -4 -8 -15
6.88743e-05 -3 -9 -16.5
0.000459315 -3.5 -8.5 -16
8.95109e-05 -3 -9 -17
0.000651769 -3.5 -8.5 -16.5
9.8331e-05 -3 -9 -17.5
0.000694811 -3.5 -8.5 -17
7.86246e-05 -3 -9 -18
3.55035e-05 -3 -9 -18.5
0.000373899 -3.5 -8.5 -18
0.000229271 -4 -8 -17.5
0.000157214 -3.5 -8.5 -18.5
4.45003e-05 -4 -8 -18.5
2.09573e-05 -6.5 -15 -11
2.71127e-05 -6.5 -15 -11.5
2.43261e-05 -6.5 -15 -12
2.14168e-05 -6 -14.5 -13
2.50261e-05 -6 -14.5 -12.5
2.40879e-05 -6 -14.5 -12
3.7967e-05 -3.5 -8.5 -19
0.000129175 -4 -8 -18
0.00059153 -3.5 -8.5 -17.5
0.000289095 -4 -8 -17
0.000308185 -4 -8 -16.5
0.000240584 -4 -8 -16
0.000120981 -4 -8 -15.5
6.61802e-05 -3.5 -8.5 -15
3.27728e-05 -3 -8.5 -15.5
0.00010288 -3 -8.5 -16
0.000198067 -3.5 -8 -15.5
0.00021357 -3 -8.5 -16.5
0.000455438 -3.5 -8 -16
0.000285156 -3 -8.5 -17
0.000124441 -4 -7.5 -16.5
0.00031364 -3 -8.5 -17.5
0.000250031 -3 -8.5 -18
0.000143081 -3 -8.5 -18.5
0.000478077 -3.5 -8 -18
4.72778e-05 -3 -8.5 -19
6.78906e-05 -3.5 -8 -19
0.000234632 -3.5 -8 -18.5
4.6626e-05 -4 -7.5 -18
8.03638e-05 -4 -7.5 -17.5
0.000667182 -3.5 -8 -17.5
0.00010774 -4 -7.5 -17
0.000752086 -3.5 -8 -17
0.000683749 -3.5 -8 -16.5
8.695e-05 -4 -7.5 -16
3.15741e-05 -4 -7.5 -15.5
3.87919e-05 -3.5 -8 -15
5.3233e-05 -3 -8 -15.5
0.000216121 -3 -8 -16
9.54245e-05 -3.5 -7.5 -15.5
0.000432564 -3 -8 -16.5
0.000302278 -3.5 -7.5 -16
0.000579843 -3 -8 -17
0.000544296 -3.5 -7.5 -16.5
0.00062504 -3 -8 -17.5
0.000526852 -3 -8 -18
0.000302141 -3 -8 -18.5
0.000108838 -3 -8 -19
2.38815e-05 -3 -8 -19.5
8.41486e-05 -3.5 -7.5 -19
0.000266491 -3.5 -7.5 -18.5
0.000507493 -3.5 -7.5 -18
0.000667938 -3.5 -7.5 -17.5
0.000678115 -3.5 -7.5 -17
6.99655e-05 -3 -7.5 -15.5
2.45676e-05 -2.5 -8 -16.5
0.000276769 -3 -7.5 -16
4.6784e-05 -2.5 -8 -17
0.000602966 -3 -7.5 -16.5
6.53798e-05 -2.5 -8 -17.5
0.000842859 -3 -7.5 -17
7.14531e-05 -2.5 -8 -18
0.00090073 -3 -7.5 -17.5
6.07905e-05 -2.5 -8 -18.5
0.000351133 -3.5 -7 -18
3.40948e-05 -2.5 -8 -19
2.58459e-05 -2.5 -8 -19.5
0.00021141 -3 -7.5 -19
4.6239e-05 -3 -7.5 -19.5
6.89144e-05 -3.5 -7 -19
0.000209272 -3.5 -7 -18.5
0.000505857 -3 -7.5 -18.5
0.000810185 -3 -7.5 -18
0.000428617 -3.5 -7 -17.5
0.000440769 -3.5 -7 -17
0.00034414 -3.5 -7 -16.5
0.000160401 -3.5 -7 -16
3.04122e-05 -3.5 -7 -15.5
3.01042e-05 -2.5 -7.5 -16
8.77983e-05 -2.5 -7.5 -16.5
0.000270231 -3 -7 -16
0.000181193 -2.5 -7.5 -17
0.000632972 -3 -7 -16.5
0.000256511 -2.5 -7.5 -17.5
0.000287267 -2.5 -7.5 -18
0.000998428 -3 -7 -17.5
0.000264588 -2.5 -7.5 -18.5
0.000158394 -2.5 -7.5 -19
5.82349e-05 -2.5 -7.5 -19.5
0.000304587 -3 -7 -19
6.91933e-05 -3 -7 -19.5
3.32903e-05 -3.5 -6.5 -19
7.9263e-05 -3.5 -6.5 -18.5
0.000656818 -3 -7 -18.5
0.000137941 -3.5 -6.5 -18
0.000946929 -3 -7 -18
0.000179375 -3.5 -6.5 -17.5
0.000195184 -3.5 -6.5 -17
0.000915304 -3 -7 -17
0.000131385 -3.5 -6.5 -16.5
4.3709e-05 -3.5 -6.5 -16
5.11119e-05 -3 -7 -15.5
6.0401e-05 -2.5 -7 -16
0.000214962 -2.5 -7 -16.5
0.000144204 -3 -6.5 -16
0.000480777 -2.5 -7 -17
0.000670614 -2.5 -7 -17.5
2.45244e-05 -3.5 -6 -17
0.00069538 -2.5 -7 -18
0.000618949 -2.5 -7 -18.5
0.000358541 -2.5 -7 -19
0.000116644 -2.5 -7 -19.5
8.25431e-05 -3 -6.5 -19.5
0.000345194 -3 -6.5 -19
0.00071211 -3 -6.5 -18.5
0.000948365 -3 -6.5 -18
2.02088e-05 -3.5 -6 -17.5
0.000977502 -3 -6.5 -17.5
0.000787565 -3 -6.5 -17
0.000467991 -3 -6.5 -16.5
9.26562e-05 -2.5 -6.5 -16
0.000352358 -2.5 -6.5 -16.5
0.000807529 -2.5 -6.5 -17
2.6458e-05 -2 -7 -18
0.00113499 -2.5 -6.5 -17.5
3.99261e-05 -2 -7 -18.5
5.15446e-05 -2 -7 -19
0.00102166 -2.5 -6.5 -18.5
3.91488e-05 -2 -7 -19.5
0.000602476 -2.5 -6.5 -19
2.84159e-05 -2.5 -6.5 -20
7.43745e-05 -3 -6 -19.5
0.000208036 -2.5 -6.5 -19.5
0.000273982 -3 -6 -19
0.000516991 -3 -6 -18.5
0.000653734 -3 -6 -18
0.00117899 -2.5 -6.5 -18
0.000671987 -3 -6 -17.5
0.000527682 -3 -6 -17
0.00024969 -3 -6 -16.5
5.92419e-05 -3 -6 -16
2.14067e-05 -2 -6.5 -16.5
9.19769e-05 -2.5 -6 -16
7.00759e-05 -2 -6.5 -17
0.000406329 -2.5 -6 -16.5
0.000148686 -2 -6.5 -17.5
0.000227697 -2 -6.5 -18
0.000244261 -2 -6.5 -18.5
0.000222815 -2 -6.5 -19
0.000131609 -2 -6.5 -19.5
0.000798837 -2.5 -6 -19
4.18808e-05 -2 -6.5 -20
4.19371e-05 -2.5 -6 -20
3.96058e-05 -3 -5.5 -19.5
0.000295465 -2.5 -6 -19.5
0.000115338 -3 -5.5 -19
0.000236213 -3 -5.5 -18.5
0.00123912 -2.5 -6 -18.5
0.000303279 -3 -5.5 -18
0.00136951 -2.5 -6 -18
0.00031147 -3 -5.5 -17.5
0.00132647 -2.5 -6 -17.5
0.000226937 -3 -5.5 -17
0.000914463 -2.5 -6 -17
8.88922e-05 -3 -5.5 -16.5
7.57432e-05 -2 -6 -16.5
0.000250831 -2 -6 -17
0.000488892 -2 -6 -17.5
0.000720791 -2 -6 -18
0.00073073 -2 -6 -18.5
0.000594995 -2 -6 -19
0.000308389 -2 -6 -19.5
0.000855401 -2.5 -5.5 -19
7.46507e-05 -2 -6 -20
5.01541e-05 -2.5 -5.5 -20
0.000340425 -2.5 -5.5 -19.5
3.33935e-05 -3 -5 -18.5
0.00125568 -2.5 -5.5 -18.5
4.19678e-05 -3 -5 -18
0.0013517 -2.5 -5.5 -18
4.69986e-05 -3 -5 -17.5
0.00132314 -2.5 -5.5 -17.5
3.52137e-05 -3 -5 -17
0.000854038 -2.5 -5.5 -17
0.000295293 -2.5 -5.5 -16.5
4.29501e-05 -2.5 -5.5 -16
0.000161514 -2 -5.5 -16.5
0.000550688 -2 -5.5 -17
0.00104561 -2 -5.5 -17.5
0.0013841 -2 -5.5 -18
0.00137595 -2 -5.5 -18.5
0.000951538 -2.5 -5 -18
2.24105e-05 -1.5 -6 -20
0.000549807 -2 -5.5 -19.5
2.36984e-05 -2 -5.5 -20.5
5.25115e-05 -2.5 -5 -20
0.000130425 -2 -5.5 -20
0.00029589 -2.5 -5 -19.5
0.000657582 -2.5 -5 -19
0.00108444 -2 -5.5 -19
0.000905265 -2.5 -5 -18.5
0.000859755 -2.5 -5 -17.5
0.000494948 -2.5 -5 -17
0.000142665 -2.5 -5 -16.5
0.000700197 -2 -5 -17
6.70201e-05 -1.5 -5.5 -18
0.000109975 -1.5 -5.5 -18.5
0.000136494 -1.5 -5.5 -19
0.000124432 -1.5 -5.5 -19.5
7.88711e-05 -1.5 -5.5 -20
2.58953e-05 -1.5 -5.5 -20.5
3.55838e-05 -2.5 -4.5 -20
3.73483e-05 -2 -5 -20.5
0.000211117 -2 -5 -20
0.000153043 -2.5 -4.5 -19.5
0.000770414 -2 -5 -19.5
0.000321589 -2.5 -4.5 -19
0.00142856 -2 -5 -19
0.000415242 -2.5 -4.5 -18.5
0.00176244 -2 -5 -18.5
0.000435475 -2.5 -4.5 -18
0.0017711 -2 -5 -18
0.00038516 -2.5 -4.5 -17.5
0.00137533 -2 -5 -17.5
0.000210905 -2.5 -4.5 -17
5.2717e-05 -2.5 -4.5 -16.5
0.000200759 -2 -5 -16.5
2.52628e-05 -2 -5 -16
8.12975e-05 -1.5 -5 -17
0.000241764 -1.5 -5 -17.5
0.000426929 -1.5 -5 -18
0.00052011 -1.5 -5 -18.5
0.000528104 -1.5 -5 -19
0.000214847 -1.5 -5 -20
0.000857508 -2 -4.5 -19.5
5.73032e-05 -2.5 -4 -19
4.75509e-05 -1.5 -5 -20.5
0.000270097 -2 -4.5 -20
3.7315e-05 -2 -4.5 -20.5
3.44956e-05 -2.5 -4 -19.5
0.00042313 -1.5 -5 -19.5
0.00151938 -2 -4.5 -19
7.25171e-05 -2.5 -4 -18.5
0.00182678 -2 -4.5 -18.5
7.62428e-05 -2.5 -4 -18
0.00182181 -2 -4.5 -18
6.55423e-05 -2.5 -4 -17.5
0.00138463 -2 -4.5 -17.5
3.2769e-05 -2.5 -4 -17
0.000665905 -2 -4.5 -17
0.000156974 -2 -4.5 -16.5
4.25109e-05 -1.5 -4.5 -16.5
0.000239393 -1.5 -4.5 -17
0.000678967 -1.5 -4.5 -17.5
0.00113217 -1.5 -4.5 -18
0.00134051 -1.5 -4.5 -18.5
0.00130723 -1.5 -4.5 -19
0.000272629 -2 -4 -20
2.96599e-05 -2 -4 -20.5
8.15967e-05 -1.5 -4.5 -20.5
0.000435488 -1.5 -4.5 -20
0.000804866 -2 -4 -19.5
0.000968199 -1.5 -4.5 -19.5
0.00122087 -2 -4 -19
0.00132691 -2 -4 -18.5
0.00130009 -2 -4 -18
0.00087586 -2 -4 -17.5
0.000333602 -2 -4 -17
6.08387e-05 -2 -4 -16.5
8.09472e-05 -1.5 -4 -16.5
0.00196778 -1.5 -4 -18
0.000696051 -2 -3.5 -18.5
0.000392989 -2 -3.5 -19.5
3.46829e-05 -1 -4.5 -20
4.6629e-05 -1 -4.5 -20.5
2.25278e-05 -1 -4.5 -21
2.18895e-05 -2 -3.5 -20.5
0.000111101 -1.5 -4 -20.5
0.000149112 -2 -3.5 -20
0.000686701 -1.5 -4 -20
0.00154674 -1.5 -4 -19.5
0.00061218 -2 -3.5 -19
0.00210681 -1.5 -4 -19
0.00219461 -1.5 -4 -18.5
0.000686827 -2 -3.5 -18
0.000449489 -2 -3.5 -17.5
0.00118768 -1.5 -4 -17.5
0.000154749 -2 -3.5 -17
0.000425997 -1.5 -4 -17
2.77574e-05 -2 -3.5 -16.5
2.07936e-05 -1 -4 -18
0.000128977 -1 -4 -18.5
0.000154337 -2 -3 -18.5
0.000235505 -1 -4 -19
0.000318121 -1 -4 -19.5
8.6753e-05 -2 -3 -19.5
0.000278244 -1 -4 -20
0.000138129 -1 -4 -20.5
2.15625e-05 -1 -4 -21
0.000110215 -1.5 -3.5 -20.5
3.93489e-05 -2 -3 -20
0.000785476 -1.5 -3.5 -20
0.00181501 -1.5 -3.5 -19.5
0.000130913 -2 -3 -19
0.00250707 -1.5 -3.5 -19
0.00262735 -1.5 -3.5 -18.5
0.000165016 -2 -3 -18
0.00232909 -1.5 -3.5 -18
0.000121144 -2 -3 -17.5
0.00136001 -1.5 -3.5 -17.5
3.68534e-05 -2 -3 -17
0.000471632 -1.5 -3.5 -17
8.82945e-05 -1.5 -3.5 -16.5
8.82561e-05 -1 -3.5 -17
0.000346377 -1 -3.5 -17.5
0.000837855 -1 -3.5 -18
0.00131325 -1 -3.5 -18.5
0.00124915 -1 -3.5 -19.5
0.000199011 -1 -3.5 -20.5
7.68837e-05 -1.5 -3 -20.5
0.000675914 -1.5 -3 -20
0.000739884 -1 -3.5 -20
0.00158907 -1.5 -3 -19.5
0.00214718 -1.5 -3 -19
0.00140131 -1 -3.5 -19
0.00223972 -1.5 -3 -18.5
0.00205141 -1.5 -3 -18
0.00120852 -1.5 -3 -17.5
0.00037752 -1.5 -3 -17
5.90267e-05 -1.5 -3 -16.5
5.33124e-05 -1 -3 -16.5
0.000306836 -1 -3 -17
0.00115731 -1 -3 -17.5
5.26418e-05 -1.5 -2.5 -20.5
0.000206589 -1 -3 -20.5
0.000339775 -1.5 -2.5 -20
0.00114124 -1 -3 -20
0.000732042 -1.5 -2.5 -19.5
0.00228969 -1 -3 -19.5
0.000986019 -1.5 -2.5 -19
0.00287742 -1 -3 -19
0.00103625 -1.5 -2.5 -18.5
0.00293991 -1 -3 -18.5
0.000928984 -1.5 -2.5 -18
0.00234507 -1 -3 -18
0.000482331 -1.5 -2.5 -17.5
0.00012491 -1.5 -2.5 -17
2.0981e-05 -1.5 -2.5 -16.5
6.69762e-05 -1 -2.5 -16.5
0.000241413 -1.5 -2 -19
2.97409e-05 -1 -2.5 -21
0.000277646 -1 -2.5 -20.5
9.11608e-05 -1.5 -2 -20
0.00128942 -1 -2.5 -20
0.000181366 -1.5 -2 -19.5
0.0026096 -1 -2.5 -19.5
0.0033386 -1 -2.5 -19
0.000254208 -1.5 -2 -18.5
0.00343739 -1 -2.5 -18.5
0.00022301 -1.5 -2 -18
0.00293716 -1 -2.5 -18
0.000112454 -1.5 -2 -17.5
0.00151434 -1 -2.5 -17.5
2.72815e-05 -1.5 -2 -17
0.000401765 -1 -2.5 -17
5.4294e-05 -0.5 -2.5 -20
0.000108388 -0.5 -2.5 -20.5
3.20785e-05 -1 -2 -21
7.43996e-05 -0.5 -2.5 -21
0.000318515 -1 -2 -20.5
0.00130613 -1 -2 -20
0.00252683 -1 -2 -19.5
0.00308229 -1 -2 -19
0.00312713 -1 -2 -18.5
0.00255848 -1 -2 -18
0.00128278 -1 -2 -17.5
0.000324386 -1 -2 -17
4.79871e-05 -1 -2 -16.5
2.18564e-05 -0.5 -2 -17
0.000110888 -0.5 -2 -17.5
0.000385403 -0.5 -2 -18
0.000793316 -0.5 -2 -18.5
0.00115874 -0.5 -2 -19
0.000165558 -0.5 -2 -21
0.000203054 -1 -1.5 -20.5
0.000642514 -0.5 -2 -20.5
0.00064038 -1 -1.5 -20
0.0011146 -0.5 -2 -20
0.00106287 -1 -1.5 -19.5
0.00125718 -0.5 -2 -19.5
0.00124152 -1 -1.5 -19
0.00125318 -1 -1.5 -18.5
0.000949194 -1 -1.5 -18
0.0004148 -1 -1.5 -17.5
8.57467e-05 -1 -1.5 -17
0.000112183 -0.5 -1.5 -21
4.029e-05 -1 -1 -20.5
0.00121164 -0.5 -1.5 -20.5
0.000127201 -1 -1 -20
0.00316848 -0.5 -1.5 -20
0.000206079 -1 -1 -19.5
0.00473198 -0.5 -1.5 -19.5
0.00023666 -1 -1 -19
0.00510495 -0.5 -1.5 -19
0.000237547 -1 -1 -18.5
0.00483472 -0.5 -1.5 -18.5
0.000176131 -1 -1 -18
0.0031948 -0.5 -1.5 -18
7.66115e-05 -1 -1 -17.5
0.00138654 -0.5 -1.5 -17.5
0.000337 -0.5 -1.5 -17
5.75372e-05 -0.5 -1.5 -16.5
5.45169e-05 -0.5 -1 -21
0.00125548 -0.5 -1 -20.5
0.00404152 -0.5 -1 -20
0.0065432 -0.5 -1 -19.5
0.00732991 -0.5 -1 -19
0.00726295 -0.5 -1 -18.5
0.00527845 -0.5 -1 -18
0.00239316 -0.5 -1 -17.5
0.000585898 -0.5 -1 -17
9.74224e-05 -0.5 -1 -16.5
2.4631e-05 -0.5 -0.5 -21
0.000548778 -0.5 -0.5 -20.5
0.00250004 -0.5 -0.5 -20
0.00459108 -0.5 -0.5 -19.5
0.00550007 -0.5 -0.5 -19
0.00559814 -0.5 -0.5 -18.5
0.00441431 -0.5 -0.5 -18
0.00200232 -0.5 -0.5 -17.5
0.000450114 -0.5 -0.5 -17
6.91879e-05 -0.5 -0.5 -16.5
9.41652e-05 -0.5 0 -20.5
0.000377994 -0.5 0 -20
0.000660436 -0.5 0 -19.5
0.000774094 -0.5 0 -19
0.000783592 -0.5 0 -18.5
0.00058161 -0.5 0 -18
0.00022206 -0.5 0 -17.5
3.66046e-05 -0.5 0 -17
3.13906e-05 -0.5 0.5 -19
2.11199e-05 -0.5 0.5 -20
9.41559e-05 0 0 -21
0.000823726 0 0 -20.5
0.0019995 0 0 -20
2.96642e-05 -0.5 0.5 -19.5
0.00292828 0 0 -19.5
0.0031639 0 0 -19
2.90547e-05 -0.5 0.5 -18.5
0.0030762 0 0 -18.5
0.0021401 0 0 -18
0.000946132 0 0 -17.5
0.000228206 0 0 -17
3.84616e-05 0 0 -16.5
0.000116372 0 0.5 -21
0.00161342 0 0.5 -20.5
0.00450912 0 0.5 -20
0.00699781 0 0.5 -19.5
0.00775223 0 0.5 -19
0.00768142 0 0.5 -18.5
0.00565849 0 0.5 -18
0.00261757 0 0.5 -17.5
0.000648449 0 0.5 -17
0.000108776 0 0.5 -16.5
3.53198e-05 0 1 -21
0.000776874 0 1 -20.5
0.000108141 0.5 0.5 -20.5
0.00263286 0 1 -20
0.000279085 0.5 0.5 -20
0.00440754 0 1 -19.5
0.000424347 0.5 0.5 -19.5
0.0050466 0 1 -19
0.000469179 0.5 0.5 -19
0.00505933 0 1 -18.5
0.000463598 0.5 0.5 -18.5
0.0038918 0 1 -18
0.000336349 0.5 0.5 -18
0.00183762 0 1 -17.5
0.000158325 0.5 0.5 -17.5
0.000451486 0 1 -17
3.98634e-05 0.5 0.5 -17
7.18672e-05 0 1 -16.5
2.79245e-05 0.5 1 -21
0.000133105 0 1.5 -20.5
0.000444186 0.5 1 -20.5
0.00043911 0 1.5 -20
0.00127839 0.5 1 -20
0.000706176 0 1.5 -19.5
0.00204972 0.5 1 -19.5
0.000777982 0 1.5 -19
0.00234125 0.5 1 -19
0.000762984 0 1.5 -18.5
0.0023558 0.5 1 -18.5
0.000519812 0 1.5 -18
0.00182394 0.5 1 -18
0.000198289 0 1.5 -17.5
0.000868842 0.5 1 -17.5
3.59981e-05 0 1.5 -17
0.000222072 0.5 1 -17
3.73343e-05 0.5 1 -16.5
2.6828e-05 1 1 -18.5
2.78494e-05 1 1 -19
2.61814e-05 0 2 -19
2.54314e-05 1 1 -19.5
2.54105e-05 0 2 -19.5
2.09059e-05 0 2 -20
2.30104e-05 0.5 1.5 -21
0.000558545 0.5 1.5 -20.5
0.00220749 0.5 1.5 -20
0.00392283 0.5 1.5 -19.5
0.00465827 0.5 1.5 -19
0.00473541 0.5 1.5 -18.5
0.00388416 0.5 1.5 -18
0.00193588 0.5 1.5 -17.5
0.000484692 0.5 1.5 -17
7.75477e-05 0.5 1.5 -16.5
0.000213691 1 1.5 -17.5
0.000422183 0.5 2 -20.5
8.60622e-05 1 1.5 -20.5
0.00185637 0.5 2 -20
0.000264374 1 1.5 -20
0.00342426 0.5 2 -19.5
0.000441626 1 1.5 -19.5
0.00413321 0.5 2 -19
0.000514918 1 1.5 -19
0.00421086 0.5 2 -18.5
0.000522096 1 1.5 -18.5
0.003631 0.5 2 -18
0.000419068 1 1.5 -18
0.0019522 0.5 2 -17.5
0.000641163 0.5 2 -17
5.99949e-05 1 1.5 -17
0.000112447 0.5 2 -16.5
0.00164206 1 2 -18
0.00140718 1 2 -19.5
0.000230697 0.5 2.5 -20.5
0.000198541 1 2 -20.5
0.00112741 0.5 2.5 -20
0.000778634 1 2 -20
0.00220395 0.5 2.5 -19.5
0.00284117 0.5 2.5 -19
0.00175985 1 2 -19
0.00294839 0.5 2.5 -18.5
0.00182441 1 2 -18.5
0.00254041 0.5 2.5 -18
0.00138715 0.5 2.5 -17.5
0.000916562 1 2 -17.5
0.000448561 0.5 2.5 -17
0.000288447 1 2 -17
7.63827e-05 0.5 2.5 -16.5
5.00973e-05 1 2 -16.5
0.000711256 1 2.5 -17
3.50236e-05 1.5 2 -18
3.99887e-05 1.5 2 -18.5
3.79126e-05 1.5 2 -19
0.00326826 1 2.5 -18.5
2.9976e-05 1.5 2 -19.5
0.00119124 1 2.5 -20
0.000188061 1 2.5 -20.5
9.72923e-05 0.5 3 -20.5
0.000398584 0.5 3 -20
0.000716623 0.5 3 -19.5
0.00256532 1 2.5 -19.5
0.000859338 0.5 3 -19
0.00321249 1 2.5 -19
0.000875449 0.5 3 -18.5
0.000718744 0.5 3 -18
0.00307743 1 2.5 -18
0.000386852 0.5 3 -17.5
0.0019647 1 2.5 -17.5
0.000119403 0.5 3 -17
0.00012535 1 2.5 -16.5
0.000101526 1.5 2.5 -17
0.000269459 1.5 2.5 -17.5
0.000427746 1.5 2.5 -18
0.000455278 1.5 2.5 -18.5
0.000445249 1.5 2.5 -19
0.000353249 1.5 2.5 -19.5
0.000177781 1.5 2.5 -20
3.20944e-05 1.5 2.5 -20.5
3.27478e-05 0.5 3.5 -20.5
0.000141371 1 3 -20.5
5.92686e-05 0.5 3.5 -20
0.00110547 1 3 -20
6.85443e-05 0.5 3.5 -19.5
0.00255884 1 3 -19.5
5.75095e-05 0.5 3.5 -19
0.00367519 1 3 -19
2.91351e-05 0.5 3.5 -18.5
0.00395045 1 3 -18.5
0.00381986 1 3 -18
0.0026233 1 3 -17.5
0.00111006 1 3 -17
0.000242106 1 3 -16.5
3.49374e-05 1 3 -16
0.000108007 1.5 3 -16.5
0.00110853 1.5 3 -17.5
0.00155566 1.5 3 -18.5
0.00141601 1.5 3 -19
0.000984081 1.5 3 -19.5
0.000428134 1.5 3 -20
5.74796e-05 1.5 3 -20.5
7.88143e-05 1 3.5 -20.5
0.00074789 1 3.5 -20
0.00196769 1 3.5 -19.5
0.00298351 1 3.5 -19
0.00325083 1 3.5 -18.5
0.00318903 1 3.5 -18
0.00154481 1.5 3 -18
0.0023039 1 3.5 -17.5
0.00103658 1 3.5 -17
0.000479956 1.5 3 -17
0.000242643 1 3.5 -16.5
3.70769e-05 1 3.5 -16
3.44769e-05 1.5 3.5 -16
2.85642e-05 2 3 -18
2.9448e-05 2 3 -18.5
0.00270146 1.5 3.5 -18
2.72164e-05 2 3 -19
0.00161753 1.5 3.5 -19.5
4.50157e-05 1.5 3.5 -20.5
3.39545e-05 1 4 -20.5
0.000346246 1 4 -20
0.000541288 1.5 3.5 -20
0.000975165 1 4 -19.5
0.00152425 1 4 -19
0.00248625 1.5 3.5 -19
0.00166203 1 4 -18.5
0.0027011 1.5 3.5 -18.5
0.00163127 1 4 -18
0.00114282 1 4 -17.5
0.00206814 1.5 3.5 -17.5
0.000533986 1 4 -17
0.000953101 1.5 3.5 -17
0.000130854 1 4 -16.5
0.00022237 1.5 3.5 -16.5
2.063e-05 1 4 -16
0.000136391 2 3.5 -17
0.000547652 1.5 4 -16.5
0.000269773 2 3.5 -17.5
0.00176498 1.5 4 -17
0.000311945 2 3.5 -18
0.00030823 2 3.5 -18.5
0.000291913 2 3.5 -19
0.00347027 1.5 4 -18.5
0.00019036 2 3.5 -19.5
0.0028278 1.5 4 -19
6.96771e-05 2 3.5 -20
3.24626e-05 1.5 4 -20.5
0.000116882 1 4.5 -20
0.000454718 1.5 4 -20
0.000287665 1 4.5 -19.5
0.00159611 1.5 4 -19.5
0.000436895 1 4.5 -19
0.000473271 1 4.5 -18.5
0.00044936 1 4.5 -18
0.00354383 1.5 4 -18
0.000316709 1 4.5 -17.5
0.0030868 1.5 4 -17.5
0.000148802 1 4.5 -17
3.66741e-05 1 4.5 -16.5
3.60005e-05 2 3.5 -16.5
8.27793e-05 1.5 4 -16
0.000224773 2 4 -16.5
0.000674874 2 4 -17
0.00112998 2 4 -17.5
0.00121418 2 4 -18
0.00289636 1.5 4.5 -17.5
0.00116839 2 4 -18.5
0.000944661 2 4 -19
0.000541921 2 4 -19.5
0.000147643 2 4 -20
0.0012609 1.5 4.5 -19.5
2.23336e-05 1.5 4.5 -20.5
2.30371e-05 1 5 -20
0.000277496 1.5 4.5 -20
3.29338e-05 1 5 -19.5
3.18894e-05 1 5 -19
0.00246869 1.5 4.5 -19
2.02255e-05 1 5 -18.5
0.00314058 1.5 4.5 -18.5
0.00322989 1.5 4.5 -18
0.00176118 1.5 4.5 -17
0.000692231 1.5 4.5 -16.5
0.000142769 1.5 4.5 -16
3.52314e-05 2 4 -16
0.000109111 2 4.5 -16
0.00219352 2 4.5 -17.5
0.00221006 2 4.5 -18.5
0.00171362 2 4.5 -19
0.000782468 2 4.5 -19.5
0.000130122 1.5 5 -20
0.000136998 2 4.5 -20
0.000709455 1.5 5 -19.5
0.00149789 1.5 5 -19
0.00194207 1.5 5 -18.5
0.00201029 1.5 5 -18
0.00228015 2 4.5 -18
0.0018674 1.5 5 -17.5
0.0012326 1.5 5 -17
0.00144355 2 4.5 -17
0.000514399 1.5 5 -16.5
0.000561662 2 4.5 -16.5
0.000110678 1.5 5 -16
7.90707e-05 2.5 4.5 -16.5
0.000174258 2.5 4.5 -17
0.000208951 2.5 4.5 -17.5
0.000207517 2.5 4.5 -18
0.000192655 2.5 4.5 -18.5
0.00312665 2 5 -18
0.00014822 2.5 4.5 -19
7.9559e-05 2.5 4.5 -19.5
0.00172531 2 5 -19
5.42753e-05 1.5 5.5 -20
9.11292e-05 2 5 -20
0.000282958 1.5 5.5 -19.5
0.000695619 2 5 -19.5
0.000612679 1.5 5.5 -19
0.000777973 1.5 5.5 -18.5
0.00275433 2 5 -18.5
0.00076502 1.5 5.5 -18
0.000695344 1.5 5.5 -17.5
0.00312952 2 5 -17.5
0.000481397 1.5 5.5 -17
0.00247586 2 5 -17
0.000220042 1.5 5.5 -16.5
0.00121643 2 5 -16.5
5.05726e-05 1.5 5.5 -16
0.000292216 2 5 -16
3.59643e-05 2 5 -15.5
0.000120121 2.5 5 -16
0.000466658 2.5 5 -16.5
0.000553267 2 5.5 -16
0.000862608 2.5 5 -17
0.000967663 2.5 5 -17.5
0.00249445 2 5.5 -17
0.000937148 2.5 5 -18
0.000804026 2.5 5 -18.5
0.000519605 2.5 5 -19
0.00252503 2 5.5 -18.5
0.000201575 2.5 5 -19.5
2.26813e-05 2.5 5 -20
0.000478769 2 5.5 -19.5
4.81719e-05 2 5.5 -20
7.7718e-05 1.5 6 -19.5
0.000142343 1.5 6 -19
0.00147112 2 5.5 -19
0.000173635 1.5 6 -18.5
0.000175069 1.5 6 -18
0.00298359 2 5.5 -18
0.000140512 1.5 6 -17.5
0.00300836 2 5.5 -17.5
9.39598e-05 1.5 6 -17
4.72889e-05 1.5 6 -16.5
0.00147471 2 5.5 -16.5
0.000105508 2 5.5 -15.5
0.000412863 2.5 5.5 -16
0.00111834 2.5 5.5 -16.5
0.00176995 2.5 5.5 -17
0.00191202 2.5 5.5 -18
0.00157226 2.5 5.5 -18.5
0.00224018 2 6 -18
0.000210382 2.5 5.5 -19.5
0.000934702 2 6 -19
2.37837e-05 2 6 -20
0.00024249 2 6 -19.5
0.000817363 2.5 5.5 -19
0.00179144 2 6 -18.5
0.00221477 2 6 -17.5
0.00192464 2.5 5.5 -17.5
0.00186827 2 6 -17
0.00117964 2 6 -16.5
0.00048378 2 6 -16
0.000101746 2 6 -15.5
6.99252e-05 2.5 5.5 -15.5
5.5886e-05 3 5.5 -16
0.000127196 3 5.5 -16.5
0.000161223 3 5.5 -17
0.00198106 2.5 6 -16.5
0.000156316 3 5.5 -17.5
0.000145454 3 5.5 -18
0.00267126 2.5 6 -17.5
0.000113643 3 5.5 -18.5
6.26212e-05 3 5.5 -19
0.000776643 2.5 6 -19
9.33763e-05 2 6.5 -19.5
0.00016414 2.5 6 -19.5
0.000415184 2 6.5 -19
0.000865365 2 6.5 -18.5
0.00161434 2.5 6 -18.5
0.00111029 2 6.5 -18
0.00234276 2.5 6 -18
0.00109103 2 6.5 -17.5
0.000890293 2 6.5 -17
0.0026538 2.5 6 -17
0.000585517 2 6.5 -16.5
0.000258075 2 6.5 -16
0.000914143 2.5 6 -16
6.25584e-05 2 6.5 -15.5
0.000216873 2.5 6 -15.5
2.3624e-05 2.5 6 -15
8.99712e-05 3 6 -15.5
2.74706e-05 2 7 -15.5
0.000358804 3 6 -16
0.000679607 3 6 -16.5
0.000798654 3 6 -17
0.000776676 3 6 -17.5
0.00262337 2.5 6.5 -17
0.000337665 2 7 -17.5
0.000419557 3 6 -18.5
0.000172227 3 6 -19
0.00026738 2 7 -18.5
2.6089e-05 3 6 -19.5
2.68582e-05 2 7 -19.5
8.75653e-05 2.5 6.5 -19.5
0.000127933 2 7 -19
0.000575099 2.5 6.5 -19
0.00144494 2.5 6.5 -18.5
0.000341963 2 7 -18
0.00223299 2.5 6.5 -18
0.000665447 3 6 -18
0.00261788 2.5 6.5 -17.5
0.000266984 2 7 -17
0.000181438 2 7 -16.5
0.00215981 2.5 6.5 -16.5
9.00547e-05 2 7 -16
0.00131908 2.5 6.5 -16
0.000508149 2.5 6.5 -15.5
0.00010394 2.5 6.5 -15
6.87539e-05 3 6.5 -15
0.000933401 3 6.5 -16
0.000492716 2.5 7 -15.5
0.00161227 3 6.5 -17
0.00183405 2.5 7 -16.5
0.00156061 3 6.5 -17.5
0.00126612 3 6.5 -18
0.000715647 3 6.5 -18.5
0.000226061 3 6.5 -19
2.33718e-05 3 6.5 -19.5
3.81395e-05 2.5 7 -19.5
0.000310331 2.5 7 -19
3.38222e-05 2 7.5 -18.5
0.000983842 2.5 7 -18.5
4.17485e-05 2 7.5 -18
0.00172987 2.5 7 -18
3.60476e-05 2 7.5 -17.5
0.00214574 2.5 7 -17.5
0.00218563 2.5 7 -17
0.00145621 3 6.5 -16.5
0.00113003 2.5 7 -16
0.000373164 3 6.5 -15.5
0.000120134 2.5 7 -15
5.48109e-05 3.5 6.5 -15.5
0.000108144 3.5 6.5 -16
0.000319576 2.5 7.5 -15.5
0.000839074 3 7 -15.5
0.000133263 3.5 6.5 -16.5
0.000123889 3.5 6.5 -17
0.00213171 3 7 -16.5
0.000110105 3.5 6.5 -17.5
8.09063e-05 3.5 6.5 -18
3.43902e-05 3.5 6.5 -18.5
0.00140425 3 7 -18
0.000185598 3 7 -19
0.000121504 2.5 7.5 -19
0.000472643 2.5 7.5 -18.5
0.000704748 3 7 -18.5
0.000899864 2.5 7.5 -18
0.00118681 2.5 7.5 -17.5
0.00198266 3 7 -17.5
0.00122115 2.5 7.5 -17
0.00215129 3 7 -17
0.00104236 2.5 7.5 -16.5
0.000661139 2.5 7.5 -16
0.00166469 3 7 -16
9.04002e-05 2.5 7.5 -15
0.000246642 3 7 -15
3.10124e-05 3 7 -14.5
0.000113582 3.5 7 -15
0.000151553 3 7.5 -14.5
5.21166e-05 2.5 8 -15
0.000335541 3.5 7 -15.5
0.000574865 3.5 7 -16
0.00065756 3.5 7 -16.5
0.00188075 3 7.5 -16
0.000630087 3.5 7 -17
0.000506301 3.5 7 -17.5
0.00215645 3 7.5 -17
0.000370404 2.5 8 -16.5
0.000432658 2.5 8 -17.5
0.000290189 3.5 7 -18
0.000118871 3.5 7 -18.5
0.000147088 2.5 8 -18.5
2.41255e-05 3.5 7 -19
2.47545e-05 2.5 8 -19
0.000103826 3 7.5 -19
0.000532444 3 7.5 -18.5
0.000315911 2.5 8 -18
0.00125273 3 7.5 -18
0.00189286 3 7.5 -17.5
0.000428605 2.5 8 -17
0.00216601 3 7.5 -16.5
0.000251214 2.5 8 -16
0.000135983 2.5 8 -15.5
0.00125941 3 7.5 -15.5
0.000579458 3 7.5 -15
3.17587e-05 3 8 -14
0.000190469 3 8 -14.5
0.000117804 3.5 7.5 -14.5
0.000571447 3 8 -15
3.52027e-05 2.5 8.5 -15.5
0.00122406 3.5 7.5 -16
5.7844e-05 2.5 8.5 -16
8.10626e-05 2.5 8.5 -16.5
0.00121744 3.5 7.5 -17
0.000968123 3.5 7.5 -17.5
0.000543041 3.5 7.5 -18
7.92623e-05 2.5 8.5 -17.5
0.000189108 3.5 7.5 -18.5
2.43093e-05 3.5 7.5 -19
3.63869e-05 3 8 -19
0.000292034 3 8 -18.5
4.55127e-05 2.5 8.5 -18
0.000851624 3 8 -18
0.00146714 3 8 -17.5
9.22318e-05 2.5 8.5 -17
0.00185142 3 8 -17
0.00190664 3 8 -16.5
0.00129269 3.5 7.5 -16.5
0.00170325 3 8 -16
0.00114738 3 8 -15.5
0.00087266 3.5 7.5 -15.5
0.000431848 3.5 7.5 -15
7.59738e-05 3.5 8 -14
3.06622e-05 3 8.5 -14
0.000151775 3 8.5 -14.5
6.86973e-05 4 7.5 -15
0.000404409 3 8.5 -15
0.00010443 4 7.5 -15.5
0.00090071 3.5 8 -15
0.000760245 3 8.5 -15.5
0.000112774 4 7.5 -16
9.97337e-05 4 7.5 -16.5
7.98095e-05 4 7.5 -17
0.00174304 3.5 8 -16.5
4.12374e-05 4 7.5 -17.5
0.000105243 3 8.5 -18.5
0.000161534 3.5 8 -18.5
0.000409626 3 8.5 -18
0.000539058 3.5 8 -18
0.000812096 3 8.5 -17.5
0.0010742 3.5 8 -17.5
0.00108497 3 8.5 -17
0.00155881 3.5 8 -17
0.00115542 3 8.5 -16.5
0.00107274 3 8.5 -16
0.00170778 3.5 8 -16
0.00145931 3.5 8 -15.5
0.000365847 3.5 8 -14.5
2.99699e-05 4 7.5 -14.5
4.91641e-05 4 8 -14
5.56962e-05 3.5 8.5 -13.5
2.21659e-05 3 9 -14
0.000183064 4 8 -14.5
8.12797e-05 3 9 -14.5
0.00036812 4 8 -15
0.000693909 3.5 8.5 -14.5
0.000512942 4 8 -15.5
0.000179167 3 9 -15
0.000327696 3 9 -15.5
0.000538265 4 8 -16
0.00162529 3.5 8.5 -15.5
0.000475075 4 8 -16.5
0.000435676 3 9 -16
0.000339754 4 8 -17
0.00043556 3 9 -17
7.22673e-05 4 8 -18
8.98088e-05 3.5 8.5 -18.5
0.000115158 3 9 -18
0.000399044 3.5 8.5 -18
0.000298306 3 9 -17.5
0.000921501 3.5 8.5 -17.5
0.000181927 4 8 -17.5
0.00147176 3.5 8.5 -17
0.000479366 3 9 -16.5
0.00173961 3.5 8.5 -16.5
0.00177744 3.5 8.5 -16
0.00123366 3.5 8.5 -15
0.000265794 3.5 8.5 -14
7.52943e-05 3.5 9 -13.5
4.95837e-05 4 8.5 -13.5
0.000661403 3.5 9 -14.5
0.000529882 4 8.5 -14.5
3.13093e-05 3 9.5 -14.5
5.92209e-05 3 9.5 -15
0.00148694 3.5 9 -15.5
0.00102788 4 8.5 -15.5
8.6336e-05 3 9.5 -15.5
0.000106714 3 9.5 -16
0.000926874 4 8.5 -16.5
0.000115097 3 9.5 -16.5
0.000678246 4 8.5 -17
0.000359438 4 8.5 -17.5
8.76602e-05 3 9.5 -17
3.77996e-05 3 9.5 -17.5
0.000124502 4 8.5 -18
2.26542e-05 3.5 9 -18.5
0.000205885 3.5 9 -18
0.000608054 3.5 9 -17.5
0.00110653 3.5 9 -17
0.00147932 3.5 9 -16.5
0.00159601 3.5 9 -16
0.00103171 4 8.5 -16
0.00114848 3.5 9 -15
0.000857811 4 8.5 -15
0.000285049 3.5 9 -14
0.000221509 4 8.5 -14
4.07545e-05 4 9 -13
6.71096e-05 3.5 9.5 -13.5
5.82717e-05 4.5 8.5 -14
0.000191687 4 9 -13.5
0.000226588 3.5 9.5 -14
0.00010659 4.5 8.5 -15
0.0012673 4 9 -15
0.000789907 3.5 9.5 -15
7.73132e-05 4.5 8.5 -16
4.70095e-05 4.5 8.5 -16.5
0.00113614 4 9 -16.5
0.000995366 3.5 9.5 -16
0.000269878 3.5 9.5 -17.5
0.000350364 4 9 -17.5
6.05374e-05 3.5 9.5 -18
0.000103722 4 9 -18
0.000605437 3.5 9.5 -17
0.000723885 4 9 -17
0.000890594 3.5 9.5 -16.5
0.00136792 4 9 -16
0.000960436 3.5 9.5 -15.5
0.00140046 4 9 -15.5
9.90641e-05 4.5 8.5 -15.5
0.000473213 3.5 9.5 -14.5
0.000963852 4 9 -14.5
8.93101e-05 4.5 8.5 -14.5
0.000513243 4 9 -14
3.77841e-05 4.5 9 -13
0.000154415 4 9.5 -13
0.000400013 4 9.5 -13.5
0.000127266 4.5 9 -13.5
4.69329e-05 3.5 10 -13.5
0.000771867 4 9.5 -14
0.000113463 3.5 10 -14
0.000223556 3.5 10 -14.5
0.0004609 4.5 9 -15
0.000354693 3.5 10 -15
0.000425412 4.5 9 -15.5
0.00134733 4 9.5 -15
0.000419458 3.5 10 -15.5
0.000427362 3.5 10 -16
0.00020601 4.5 9 -16.5
0.00132834 4 9.5 -16
5.02163e-05 4 9.5 -18
5.53231e-05 3.5 10 -17.5
0.00024355 4 9.5 -17.5
0.000202906 3.5 10 -17
3.68972e-05 4.5 9 -17.5
0.000588707 4 9.5 -17
0.000352931 3.5 10 -16.5
0.000100349 4.5 9 -17
0.00100469 4 9.5 -16.5
0.000335813 4.5 9 -16
0.00141699 4 9.5 -15.5
0.00113284 4 9.5 -14.5
0.000398476 4.5 9 -14.5
0.000268581 4.5 9 -14
2.24335e-05 4 9.5 -12.5
3.90444e-05 4 10 -12.5
0.000165089 4 10 -13
0.00039274 4 10 -13.5
4.30056e-05 3.5 10.5 -14
0.0010494 4 10 -14.5
0.00079276 4.5 9.5 -14.5
6.97175e-05 3.5 10.5 -14.5
0.00122106 4 10 -15
9.75383e-05 3.5 10.5 -15
0.000114372 3.5 10.5 -15.5
0.000658577 4.5 9.5 -16
0.000100027 3.5 10.5 -16
5.99943e-05 3.5 10.5 -16.5
0.000105034 4 10 -17.5
6.42722e-05 4.5 9.5 -17.5
0.000354094 4 10 -17
0.000205193 4.5 9.5 -17
0.000708675 4 10 -16.5
0.000421456 4.5 9.5 -16.5
0.00105631 4 10 -16
0.00123766 4 10 -15.5
0.000797517 4.5 9.5 -15.5
0.000851753 4.5 9.5 -15
0.00071646 4 10 -14
0.000608919 4.5 9.5 -14
0.00034858 4.5 9.5 -13.5
0.000150222 4.5 9.5 -13
4.50084e-05 4.5 10 -12
3.75062e-05 4 10.5 -12.5
0.000347453 4.5 10 -13
6.33003e-05 5 9.5 -13
0.000132624 4 10.5 -13
0.000291638 4 10.5 -13.5
0.000504859 4 10.5 -14
0.000107564 5 9.5 -14.5
0.000694826 4 10.5 -14.5
0.00077741 4 10.5 -15
5.1867e-05 5 9.5 -15.5
0.000762535 4 10.5 -15.5
4.95916e-05 4.5 10 -17.5
0.000125454 4 10.5 -17
0.000190424 4.5 10 -17
0.000349377 4 10.5 -16.5
0.000424749 4.5 10 -16.5
0.000606484 4 10.5 -16
0.00072267 4.5 10 -16
0.000982557 4.5 10 -15.5
0.00109076 4.5 10 -15
8.7217e-05 5 9.5 -15
0.00104422 4.5 10 -14.5
0.000923911 4.5 10 -14
0.000114135 5 9.5 -14
0.000642741 4.5 10 -13.5
0.000102006 5 9.5 -13.5
0.000149686 4.5 10 -12.5
2.88376e-05 4.5 10.5 -11.5
0.00010326 4.5 10.5 -12
0.000271234 4.5 10.5 -12.5
2.74358e-05 4 11 -12.5
0.000505343 4.5 10.5 -13
7.00623e-05 4 11 -13
0.00075313 4.5 10.5 -13.5
0.000146162 4 11 -13.5
0.00023342 4 11 -14
0.000380967 5 10 -14.5
0.000302169 4 11 -14.5
0.000308588 5 10 -15
0.000335009 4 11 -15
0.000304055 4 11 -15.5
0.000207559 4 11 -16
5.08061e-05 5 10 -16.5
7.94447e-05 4 11 -16.5
0.000110958 4.5 10.5 -17
0.000321523 4.5 10.5 -16.5
0.000596992 4.5 10.5 -16
0.000109447 5 10 -16
0.000883095 4.5 10.5 -15.5
0.000202872 5 10 -15.5
0.00105552 4.5 10.5 -15
0.00105306 4.5 10.5 -14.5
0.000949822 4.5 10.5 -14
0.000384883 5 10 -14
0.000329922 5 10 -13.5
3.18463e-05 4.5 11 -11.5
5.42142e-05 5 10.5 -11.5
0.000104237 4.5 11 -12
2.4903e-05 5.5 10 -12.5
0.00025303 4.5 11 -12.5
2.72676e-05 5.5 10 -13
0.000453495 4.5 11 -13
2.37419e-05 4 11.5 -13
0.000692523 4.5 11 -13.5
4.61808e-05 4 11.5 -13.5
0.000850539 4.5 11 -14
6.57282e-05 4 11.5 -14
0.000910457 4.5 11 -14.5
7.69907e-05 4 11.5 -14.5
0.000831114 4.5 11 -15
7.3179e-05 4 11.5 -15
4.27986e-05 4 11.5 -15.5
2.59929e-05 4.5 11 -17
2.21897e-05 5 10.5 -17
0.000155708 4.5 11 -16.5
9.6271e-05 5 10.5 -16.5
0.00037643 4.5 11 -16
0.000227196 5 10.5 -16
0.000629593 4.5 11 -15.5
0.000396963 5 10.5 -15.5
0.000562704 5 10.5 -15
0.000660812 5 10.5 -14.5
0.000681459 5 10.5 -14
0.000605154 5 10.5 -13.5
0.000444404 5 10.5 -13
3.64833e-05 5.5 10.5 -11.5
6.027e-05 5 11 -11
2.65209e-05 4.5 11.5 -11.5
7.73375e-05 5.5 10.5 -12
8.00972e-05 4.5 11.5 -12
0.000115406 5.5 10.5 -12.5
0.000174941 4.5 11.5 -12.5
0.000135276 5.5 10.5 -13
0.000299944 4.5 11.5 -13
0.000451173 4.5 11.5 -13.5
0.000513679 4.5 11.5 -14
0.000530378 4.5 11.5 -14.5
0.000454403 4.5 11.5 -15
0.000303048 4.5 11.5 -15.5
0.000140428 4.5 11.5 -16
2.49057e-05 4.5 11.5 -16.5
7.98446e-05 5 11 -16.5
0.000214449 5 11 -16
0.000398152 5 11 -15.5
0.000593032 5 11 -15
0.000744052 5 11 -14.5
6.12404e-05 5.5 10.5 -14.5
0.000789984 5 11 -14
9.63569e-05 5.5 10.5 -14
0.000733597 5 11 -13.5
2.23792e-05 5 11.5 -10.5
0.000121469 5.5 10.5 -13.5
0.000638741 5 11 -13
0.000461844 5 11 -12.5
0.000283833 5 11 -12
7.99137e-05 5 11.5 -11
6.12754e-05 5.5 11 -11
0.000179449 5 11.5 -11.5
0.000339492 5 11.5 -12
4.08154e-05 4.5 12 -12
0.000490529 5 11.5 -12.5
7.99638e-05 4.5 12 -12.5
0.000133646 4.5 12 -13
0.000317931 5.5 11 -13.5
0.000182433 4.5 12 -13.5
0.000270136 5.5 11 -14
0.000206434 4.5 12 -14
0.00018683 5.5 11 -14.5
0.000191193 4.5 12 -14.5
0.000106725 5.5 11 -15
0.000135917 4.5 12 -15
5.49017e-05 5.5 11 -15.5
5.58002e-05 4.5 12 -15.5
3.20915e-05 5 11.5 -16.5
0.000131396 5 11.5 -16
0.000297261 5 11.5 -15.5
0.000492853 5 11.5 -15
0.000666017 5 11.5 -14.5
0.000747489 5 11.5 -14
0.000712744 5 11.5 -13.5
0.000635072 5 11.5 -13
2.20054e-05 5.5 11.5 -10
7.41284e-05 5.5 11.5 -10.5
2.35033e-05 5 12 -10.5
0.00015263 5.5 11.5 -11
2.55653e-05 6 11 -11
7.32293e-05 5 12 -11
0.000249187 5.5 11.5 -11.5
0.000158652 5 12 -11.5
0.000284825 5 12 -12
0.000419325 5 12 -12.5
0.000537415 5 12 -13
2.37563e-05 4.5 12.5 -13
0.000584243 5 12 -13.5
3.05139e-05 4.5 12.5 -13.5
0.00055902 5 12 -14
2.62048e-05 4.5 12.5 -14
0.000449911 5 12 -14.5
0.000295412 5 12 -15
3.41832e-05 5.5 11.5 -16
3.85024e-05 5 12 -16
0.000142387 5 12 -15.5
0.000100785 5.5 11.5 -15.5
0.000200971 5.5 11.5 -15
0.000320886 5.5 11.5 -14.5
0.000432944 5.5 11.5 -14
0.00049719 5.5 11.5 -13.5
0.000513498 5.5 11.5 -13
5.77634e-05 5.5 12 -10
2.62445e-05 6 11.5 -10
9.51978e-05 6 11.5 -11
0.00013582 5.5 12 -10.5
4.5832e-05 5 12.5 -11
0.000123648 6 11.5 -11.5
0.000100661 5 12.5 -11.5
0.000138826 6 11.5 -12
0.000169236 5 12.5 -12
0.000488928 5.5 12 -12.5
0.000131196 6 11.5 -12.5
0.000241066 5 12.5 -12.5
0.000517009 5.5 12 -13
0.00028809 5 12.5 -13
0.00030588 5 12.5 -13.5
0.000261582 5 12.5 -14
0.000182798 5 12.5 -14.5
8.91371e-05 5 12.5 -15
8.07887e-05 5.5 12 -15.5
0.000182433 5.5 12 -15
0.000308034 5.5 12 -14.5
0.000427705 5.5 12 -14
2.09885e-05 6 11.5 -14
3.22636e-05 6 12 -9.5
0.000501579 5.5 12 -13.5
8.15645e-05 6 12 -10
6.03579e-05 5.5 12.5 -10
6.53891e-05 6 11.5 -13.5
9.60203e-05 6 11.5 -13
0.000425648 5.5 12 -12
0.000330001 5.5 12 -11.5
0.000128186 5.5 12.5 -10.5
0.000131879 6 12 -10.5
0.000217569 5.5 12.5 -11
0.00031782 5.5 12.5 -11.5
3.93831e-05 5 13 -11.5
0.000402825 5.5 12.5 -12
6.0545e-05 5 13 -12
0.000447255 5.5 12.5 -12.5
7.79472e-05 5 13 -12.5
8.95107e-05 5 13 -13
0.000161336 6 12 -13.5
7.54929e-05 5 13 -13.5
9.73159e-05 6 12 -14
4.3354e-05 5 13 -14
5.346e-05 6 12 -14.5
2.42436e-05 5.5 12.5 -15.5
0.000101818 5.5 12.5 -15
0.000212173 5.5 12.5 -14.5
0.000333107 5.5 12.5 -14
8.04887e-05 6 12.5 -9.5
0.00042659 5.5 12.5 -13.5
0.000463686 5.5 12.5 -13
0.000143271 6 12.5 -10
4.12336e-05 6.5 12 -10
4.39241e-05 5.5 13 -10
0.00020374 6 12.5 -10.5
4.99643e-05 6.5 12 -10.5
9.5339e-05 5.5 13 -10.5
0.000260342 6 12.5 -11
0.000156312 5.5 13 -11
0.000222633 5.5 13 -11.5
0.000283148 5.5 13 -12
0.000316038 5.5 13 -12.5
0.000295386 5.5 13 -13
0.00024348 5.5 13 -13.5
0.000161015 5.5 13 -14
2.09464e-05 6 12.5 -15
7.90196e-05 5.5 13 -14.5
7.47432e-05 6 12.5 -14.5
0.000143819 6 12.5 -14
2.81231e-05 6 13 -9
2.88807e-05 6.5 12.5 -9
6.5454e-05 6.5 12.5 -9.5
8.527e-05 6 13 -9.5
0.000222155 6 12.5 -13.5
0.000292413 6 12.5 -13
0.000151631 6 13 -10
0.000101797 6.5 12.5 -10
4.17289e-05 5.5 13.5 -10.5
0.000126792 6.5 12.5 -11
0.000205805 6 13 -10.5
7.28386e-05 5.5 13.5 -11
0.000113609 6.5 12.5 -11.5
9.99287e-05 5.5 13.5 -11.5
8.73228e-05 6.5 12.5 -12
0.000119796 5.5 13.5 -12
6.14064e-05 6.5 12.5 -12.5
0.000128555 5.5 13.5 -12.5
0.000101692 5.5 13.5 -13
6.0489e-05 5.5 13.5 -13.5
4.57248e-05 6 13 -14.5
0.000109068 6 13 -14
7.03242e-05 6.5 13 -9
0.000187235 6 13 -13.5
2.48905e-05 6 13.5 -9
0.000252989 6 13 -13
3.47341e-05 6.5 12.5 -13
7.44783e-05 6 13.5 -9.5
0.000121362 6.5 13 -9.5
0.000297457 6 13 -12.5
0.000322892 6 13 -12
0.000121399 6 13.5 -10
0.000150047 6.5 13 -10
0.000175265 6 13.5 -10.5
0.000215788 6 13.5 -11
0.000238216 6 13.5 -11.5
0.000238048 6 13.5 -12
7.44484e-05 6.5 13 -13
3.72253e-05 6.5 13 -13.5
4.13939e-05 6 13.5 -14
2.97847e-05 6.5 13.5 -8.5
9.41435e-05 6 13.5 -13.5
4.14168e-05 7 13 -9
0.000154175 6 13.5 -13
8.70883e-05 6.5 13.5 -9
0.000202033 6 13.5 -12.5
5.34325e-05 7 13 -9.5
3.42529e-05 6 14 -9.5
5.6953e-05 7 13 -10
0.000128925 6.5 13.5 -9.5
0.000158323 6.5 13.5 -10
6.47461e-05 6 14 -10
0.000175421 6.5 13.5 -10.5
4.39447e-05 7 13 -10.5
8.97072e-05 6 14 -10.5
0.000106603 6 14 -11
0.000113689 6 14 -11.5
0.000101394 6 14 -12
7.53209e-05 6 14 -12.5
3.87866e-05 6 14 -13
3.45498e-05 7 13.5 -8.5
3.45479e-05 6.5 13.5 -13.5
6.86371e-05 6.5 14 -9
7.61591e-05 7 13.5 -9
7.06082e-05 6.5 13.5 -13
0.000116273 6.5 13.5 -12.5
0.000110684 6.5 14 -9.5
9.39324e-05 7 13.5 -9.5
8.6135e-05 7 13.5 -10.5
6.5155e-05 7 13.5 -11
0.000139577 6.5 14 -11.5
4.47934e-05 7 13.5 -11.5
4.22165e-05 7 14 -8.5
3.62689e-05 6.5 14 -13
7.75914e-05 7 14 -9
2.41687e-05 6.5 14.5 -9
6.80341e-05 6.5 14 -12.5
0.000107004 6.5 14 -12
0.000153836 6.5 14 -11
0.000146207 6.5 14 -10.5
5.09933e-05 6.5 14.5 -9.5
9.42314e-05 7 14 -9.5
6.35415e-05 6.5 14.5 -10
6.99472e-05 6.5 14.5 -10.5
6.71661e-05 6.5 14.5 -11
5.42544e-05 6.5 14.5 -11.5
2.4699e-05 7 14.5 -8.5
2.35107e-05 6.5 14.5 -12
5.32405e-05 7 14.5 -9
3.07902e-05 7.5 14 -9
6.65526e-05 7 14.5 -9.5
6.85039e-05 7 14.5 -10
6.14301e-05 7 14.5 -10.5
2.28739e-05 7.5 14.5 -9
2.38158e-05 7.5 14.5 -9.5
2.10844e-05 7.5 14.5 -10
3.24408e-05 7 14.5 -11.5
4.93426e-05 7 14.5 -11
2.88705e-05 7.5 14 -9.5
3.29819e-05 7 14 -12
5.33478e-05 7 14 -11.5
7.38109e-05 7 14 -11
8.87522e-05 7 14 -10.5
9.86585e-05 7 14 -10
0.000132487 6.5 14 -10
9.81256e-05 7 13.5 -10
0.000158584 6.5 13.5 -12
0.000182981 6.5 13.5 -11.5
0.00018781 6.5 13.5 -11
2.04785e-05 7 13 -11
0.000120291 6.5 13 -12.5
0.00016231 6.5 13 -12
0.000183756 6.5 13 -11.5
0.000189588 6.5 13 -11
0.000177304 6.5 13 -10.5
0.000303842 6 13 -11.5
0.000258912 6 13 -11
0.000118265 6.5 12.5 -10.5
0.000334836 6 12.5 -12.5
0.000340316 6 12.5 -12
0.000308545 6 12.5 -11.5
3.99038e-05 6.5 12 -11.5
5.28373e-05 6.5 12 -11
0.000227605 6 12 -13
0.000258669 6 12 -12.5
0.000259554 6 12 -12
0.000238565 6 12 -11.5
0.000191171 6 12 -11
0.00022704 5.5 12 -11
6.00822e-05 6 11.5 -10.5
0.000449459 5.5 11.5 -12.5
2.98291e-05 6 11 -12.5
0.000336194 5.5 11.5 -12
3.5595e-05 6 11 -12
3.33451e-05 6 11 -11.5
0.000325267 5.5 11 -13
0.000282617 5.5 11 -12.5
0.00021159 5.5 11 -12
0.000130752 5.5 11 -11.5
0.000154359 5 11 -11.5
0.000270252 5 10.5 -12.5
0.000146856 5 10.5 -12
0.000228657 5 10 -13
0.000122328 5 10 -12.5
4.29781e-05 5 10 -12
2.66648e-05 5 9.5 -12.5
4.31559e-05 4.5 9.5 -12.5
2.2581e-05 4.5 8.5 -13.5
