0.191025
3.65399e-05 -6 1.5 2.5
2.27651e-05 -5.5 1 1.5
6.77655e-05 -6 1.5 2
6.90759e-05 -6 1.5 1.5
5.85589e-05 -6.5 2 2
3.40606e-05 -6 1.5 1
8.23909e-05 -6.5 2 1.5
7.10576e-05 -6.5 2 1
3.28824e-05 -7 2.5 1.5
5.11143e-05 -7 2.5 1
3.56975e-05 -7 2.5 0.5
2.05537e-05 -5.5 1.5 3
8.55175e-05 -5.5 1.5 2.5
2.66995e-05 -6 2 3
2.1976e-05 -5 1 1.5
0.000129405 -5.5 1.5 2
0.000252737 -6 2 2.5
0.000128506 -5.5 1.5 1.5
0.000393683 -6 2 2
6.54651e-05 -6.5 2.5 2.5
7.20402e-05 -5.5 1.5 1
0.000396648 -6 2 1.5
0.000362395 -6.5 2.5 2
0.000215549 -6 2 1
0.000448569 -6.5 2.5 1.5
5.6837e-05 -7 3 2
2.39961e-05 -6 2 0.5
0.000378455 -6.5 2.5 1
0.000205815 -7 3 1.5
7.19268e-05 -6.5 2.5 0.5
0.0002258 -7 3 1
2.88164e-05 -7.5 3.5 1.5
0.000148121 -7 3 0.5
4.34888e-05 -7.5 3.5 1
4.98046e-05 -7.5 3.5 0.5
5.29671e-05 -7.5 3.5 0
2.13104e-05 -5 1.5 3
7.70076e-05 -5 1.5 2.5
0.000157864 -5.5 2 3
0.00011982 -5 1.5 2
0.000489974 -5.5 2 2.5
0.000251093 -6 2.5 3
0.000122251 -5 1.5 1.5
0.000691922 -5.5 2 2
0.0013531 -6 2.5 2.5
8.3402e-05 -5 1.5 1
0.000683542 -5.5 2 1.5
0.00183679 -6 2.5 2
0.000917421 -6.5 3 2.5
2.35382e-05 -5 1.5 0.5
0.000412423 -5.5 2 1
0.00182739 -6 2.5 1.5
0.00167207 -6.5 3 2
4.7314e-05 -7 3.5 2.5
7.31043e-05 -5.5 2 0.5
0.00104893 -6 2.5 1
0.0018151 -6.5 3 1.5
0.000378389 -7 3.5 2
0.000164611 -6 2.5 0.5
0.00151381 -6.5 3 1
0.000524708 -7 3.5 1.5
0.000390918 -6.5 3 0.5
0.000579937 -7 3.5 1
3.35256e-05 -7.5 4 1.5
2.99936e-05 -6.5 3 0
0.000534585 -7 3.5 0.5
6.23776e-05 -7.5 4 1
0.000130486 -7 3.5 0
7.05579e-05 -7.5 4 0.5
8.18221e-05 -7.5 4 0
5.84323e-05 -7.5 4 -0.5
0.000163897 -5 2 3
6.52006e-05 -5.5 2.5 3.5
4.50427e-05 -4.5 1.5 2
0.000449012 -5 2 2.5
0.000894877 -5.5 2.5 3
6.03215e-05 -4.5 1.5 1.5
0.000645761 -5 2 2
0.0021985 -5.5 2.5 2.5
0.00210004 -6 3 3
5.2844e-05 -4.5 1.5 1
0.000646134 -5 2 1.5
0.00274852 -5.5 2.5 2
0.00467125 -6 3 2.5
0.000650055 -6.5 3.5 3
2.03484e-05 -4.5 1.5 0.5
0.000452043 -5 2 1
0.00268726 -5.5 2.5 1.5
0.00549667 -6 3 2
0.00287244 -6.5 3.5 2.5
0.000142374 -5 2 0.5
0.00173318 -5.5 2.5 1
0.00541994 -6 3 1.5
0.00377299 -6.5 3.5 2
2.47419e-05 -7 4 2.5
0.000416796 -5.5 2.5 0.5
0.00359079 -6 3 1
0.00393129 -6.5 3.5 1.5
0.000371198 -7 4 2
3.7049e-05 -5.5 2.5 0
0.00101618 -6 3 0.5
0.00359454 -6.5 3.5 1
0.000650228 -7 4 1.5
7.99058e-05 -6 3 0
0.00168567 -6.5 3.5 0.5
0.00075822 -7 4 1
0.000285894 -6.5 3.5 0
0.000858929 -7 4 0.5
4.9596e-05 -7.5 4.5 1
2.94518e-05 -6.5 3.5 -0.5
0.000533847 -7 4 0
5.68353e-05 -7.5 4.5 0.5
9.72594e-05 -7 4 -0.5
7.53574e-05 -7.5 4.5 -0.5
3.34183e-05 -7.5 4.5 -1
6.45464e-05 -7.5 4.5 0
4.44767e-05 -4.5 2 3
0.000138486 -5 2.5 3.5
0.000149158 -4.5 2 2.5
0.000857883 -5 2.5 3
0.00071947 -5.5 3 3.5
0.000287933 -4.5 2 2
0.0018816 -5 2.5 2.5
0.00324419 -5.5 3 3
0.00108308 -6 3.5 3.5
0.00033692 -4.5 2 1.5
0.00242948 -5 2.5 2
0.00601346 -5.5 3 2.5
0.00512862 -6 3.5 3
0.000293898 -4.5 2 1
0.00238626 -5 2.5 1.5
0.00691925 -5.5 3 2
0.0089529 -6 3.5 2.5
0.000425881 -6.5 4 3
0.000146174 -4.5 2 0.5
0.00165751 -5 2.5 1
0.00676674 -5.5 3 1.5
0.0100071 -6 3.5 2
0.00255597 -6.5 4 2.5
2.51652e-05 -4.5 2 0
0.000653702 -5 2.5 0.5
0.00481917 -5.5 3 1
0.00987196 -6 3.5 1.5
0.00409438 -6.5 4 2
7.57518e-05 -5 2.5 0
0.00184218 -5.5 3 0.5
0.00749571 -6 3.5 1
0.00449219 -6.5 4 1.5
0.000224275 -7 4.5 2
0.000198616 -5.5 3 0
0.00349066 -6 3.5 0.5
0.00457862 -6.5 4 1
0.000522475 -7 4.5 1.5
2.38373e-05 -5.5 3 -0.5
0.000675206 -6 3.5 0
0.00321906 -6.5 4 0.5
0.000638338 -7 4.5 1
7.03304e-05 -6 3.5 -0.5
0.00124197 -6.5 4 0
0.000719559 -7 4.5 0.5
2.08966e-05 -7.5 5 1
0.000197994 -6.5 4 -0.5
0.00065752 -7 4.5 0
3.37704e-05 -7.5 5 0.5
2.54236e-05 -6.5 4 -1
0.000257269 -7 4.5 -0.5
5.24519e-05 -7 4.5 -1
3.86105e-05 -7.5 5 -1
4.69571e-05 -7.5 5 -0.5
3.60889e-05 -7.5 5 0
6.06536e-05 -4.5 2.5 3.5
6.71324e-05 -5 3 4
0.000181256 -4.5 2.5 3
0.000786025 -5 3 3.5
0.000222698 -5.5 3.5 4
0.000542247 -4.5 2.5 2.5
0.00270814 -5 3 3
0.00217626 -5.5 3.5 3.5
4.37505e-05 -4 2 1.5
0.00098119 -4.5 2.5 2
0.00490834 -5 3 2.5
0.00643573 -5.5 3.5 3
0.000818056 -6 4 3.5
7.79435e-05 -4 2 1
0.00112308 -4.5 2.5 1.5
0.00586026 -5 3 2
0.0104878 -5.5 3.5 2.5
0.00478719 -6 4 3
6.4916e-05 -4 2 0.5
0.0010082 -4.5 2.5 1
0.00572449 -5 3 1.5
0.0116428 -5.5 3.5 2
0.00914056 -6 4 2.5
4.51603e-05 -6.5 4.5 3
2.18085e-05 -4 2 0
0.000544038 -4.5 2.5 0.5
0.00424864 -5 3 1
0.0113534 -5.5 3.5 1.5
0.0107555 -6 4 2
0.00179878 -6.5 4.5 2.5
0.000147646 -4.5 2.5 0
0.00199783 -5 3 0.5
0.00871091 -5.5 3.5 1
0.0108823 -6 4 1.5
0.000413833 -5 3 0
0.00452366 -5.5 3.5 0.5
0.00944856 -6 4 1
0.00389624 -6.5 4.5 1.5
4.34376e-05 -5 3 -0.5
0.00117194 -5.5 3.5 0
0.0057737 -6 4 0.5
0.00400739 -6.5 4.5 1
0.000272753 -7 5 1.5
0.00012782 -5.5 3.5 -0.5
0.00223233 -6 4 0
0.00316531 -6.5 4.5 0.5
0.000396829 -7 5 1
2.41294e-05 -5.5 3.5 -1
0.000356713 -6 4 -0.5
0.00170982 -6.5 4.5 0
0.000450854 -7 5 0.5
4.14617e-05 -6 4 -1
0.00054721 -6.5 4.5 -0.5
0.000440184 -7 5 0
9.77481e-05 -6.5 4.5 -1
7.43555e-05 -7 5 -1
0.000250398 -7 5 -0.5
3.79291e-05 -7 5 2
0.00346974 -6.5 4.5 2
3.73405e-05 -4.5 3 4
0.000146157 -4.5 3 3.5
0.000279103 -5 3.5 4
0.000539582 -4.5 3 3
0.00199587 -5 3.5 3.5
2.28479e-05 -4 2.5 2
0.00141245 -4.5 3 2.5
0.00526964 -5 3.5 3
0.00254488 -5.5 4 3.5
0.000123269 -4 2.5 1.5
0.0022989 -4.5 3 2
0.008601 -5 3.5 2.5
0.00702386 -5.5 4 3
0.0003817 -6 4.5 3.5
0.000246463 -4 2.5 1
0.00256079 -4.5 3 1.5
0.00975074 -5 3.5 2
0.0115166 -5.5 4 2.5
0.00363056 -6 4.5 3
0.000232022 -4 2.5 0.5
0.00226601 -4.5 3 1
0.0094974 -5 3.5 1.5
0.0129193 -5.5 4 2
0.0078452 -6 4.5 2.5
0.000629295 -6.5 5 2.5
0.000110728 -4 2.5 0
0.00139966 -4.5 3 0.5
0.00734522 -5 3.5 1
0.012741 -5.5 4 1.5
0.00048846 -4.5 3 0
0.00402662 -5 3.5 0.5
0.0105307 -5.5 4 1
0.00973087 -6 4.5 1.5
0.00198446 -6.5 5 2
6.45343e-05 -4.5 3 -0.5
0.00134238 -5 3.5 0
0.00634886 -5.5 4 0.5
0.00853955 -6 4.5 1
0.000174246 -5 3.5 -0.5
0.0026448 -5.5 4 0
0.00561939 -6 4.5 0.5
2.95676e-05 -5 3.5 -1
0.000534782 -5.5 4 -0.5
0.00278395 -6 4.5 0
0.00204467 -6.5 5 0.5
6.19675e-05 -5.5 4 -1
0.000868315 -6 4.5 -0.5
0.00125287 -6.5 5 0
0.000154797 -6 4.5 -1
2.22092e-05 -6 4.5 -1.5
2.02857e-05 -6.5 5 -1.5
4.43504e-05 -7 5.5 -1
0.000159065 -6.5 5 -1
8.4183e-05 -7 5.5 -0.5
0.000579774 -6.5 5 -0.5
0.000119299 -7 5.5 0
0.000117738 -7 5.5 0.5
0.000101317 -7 5.5 1
0.00248553 -6.5 5 1
0.00239564 -6.5 5 1.5
0.00959124 -6 4.5 2
0.000347636 -5.5 4 4
0.000114144 -4.5 3.5 4
5.18109e-05 -5 4 4.5
0.000399562 -4.5 3.5 3.5
0.000464169 -5 4 4
0.000228021 -5.5 4.5 4
0.00136746 -4.5 3.5 3
0.0026223 -5 4 3.5
5.86188e-05 -4 3 2
0.00290199 -4.5 3.5 2.5
0.00653308 -5 4 3
0.00216477 -5.5 4.5 3.5
0.000256788 -4 3 1.5
0.0041241 -4.5 3.5 2
0.0102272 -5 4 2.5
0.00628928 -5.5 4.5 3
2.13549e-05 -3.5 2.5 0.5
0.000505949 -4 3 1
0.00424206 -4.5 3.5 1.5
0.0113891 -5 4 2
0.0104462 -5.5 4.5 2.5
2.49337e-05 -3.5 2.5 0
0.000488794 -4 3 0.5
0.00373865 -4.5 3.5 1
0.0111309 -5 4 1.5
0.00586465 -6 5 2
0.0118088 -5.5 4.5 2
0.000290913 -4 3 0
0.00244174 -4.5 3.5 0.5
0.0088168 -5 4 1
8.04786e-05 -4 3 -0.5
0.00105933 -4.5 3.5 0
0.00532841 -5 4 0.5
0.00957716 -5.5 4.5 1
0.000609379 -6.5 5.5 1.5
0.000211224 -4.5 3.5 -0.5
0.00230244 -5 4 0
0.00605838 -5.5 4.5 0.5
2.63408e-05 -4.5 3.5 -1
0.000558537 -5 4 -0.5
0.00293477 -5.5 4.5 0
6.85077e-05 -5 4 -1
0.00095835 -5.5 4.5 -0.5
0.00189103 -6 5 0
0.000183141 -5.5 4.5 -1
2.66566e-05 -5.5 4.5 -1.5
3.14229e-05 -6 5 -1.5
2.45019e-05 -6.5 5.5 -1.5
8.69378e-05 -6.5 5.5 -1
0.000238455 -6 5 -1
0.000197865 -6.5 5.5 -0.5
0.00082272 -6 5 -0.5
0.000373906 -6.5 5.5 0
0.000593386 -6.5 5.5 0.5
0.00346569 -6 5 0.5
0.000658338 -6.5 5.5 1
0.00516146 -6 5 1
0.00597651 -6 5 1.5
0.000244262 -6.5 5.5 2
0.011612 -5.5 4.5 1.5
0.00455621 -6 5 2.5
0.0016361 -6 5 3
3.66889e-05 -4.5 4 4.5
0.000296626 -4.5 4 4
5.22584e-05 -5 4.5 4.5
0.00110169 -4.5 4 3.5
0.000450771 -5 4.5 4
0.00259423 -4.5 4 3
0.00239557 -5 4.5 3.5
7.99849e-05 -5.5 5 4
0.000220592 -4 3.5 2
0.00440401 -4.5 4 2.5
0.00610479 -5 4.5 3
0.000511669 -4 3.5 1.5
0.00555106 -4.5 4 2
0.00960906 -5 4.5 2.5
0.00405622 -5.5 5 3
3.76544e-05 -3.5 3 0.5
0.000792493 -4 3.5 1
0.00549443 -4.5 4 1.5
0.0106312 -5 4.5 2
0.00673435 -5.5 5 2.5
5.95494e-05 -3.5 3 0
0.000761303 -4 3.5 0.5
0.00456264 -4.5 4 1
0.0103325 -5 4.5 1.5
3.33097e-05 -3.5 3 -0.5
0.000504757 -4 3.5 0
0.00296951 -4.5 4 0.5
0.00811454 -5 4.5 1
0.0001733 -4 3.5 -0.5
0.00144284 -4.5 4 0
0.00497479 -5 4.5 0.5
0.00567803 -5.5 5 1
0.00161023 -6 5.5 1.5
2.31355e-05 -4 3.5 -1
0.000447267 -4.5 4 -0.5
0.00237552 -5 4.5 0
6.11771e-05 -4.5 4 -1
0.000808393 -5 4.5 -0.5
0.00190284 -5.5 5 0
0.000952483 -6 5.5 0.5
0.000162955 -5 4.5 -1
2.42653e-05 -5 4.5 -1.5
0.000240061 -5.5 5 -1
3.58916e-05 -5.5 5 -1.5
3.28235e-05 -6 5.5 -1.5
0.000105384 -6 5.5 -1
0.000253555 -6 5.5 -0.5
0.000803971 -5.5 5 -0.5
0.000543392 -6 5.5 0
0.00363789 -5.5 5 0.5
0.00142382 -6 5.5 1
0.00718435 -5.5 5 1.5
0.0014984 -6 5.5 2
0.00746975 -5.5 5 2
0.000751392 -6 5.5 2.5
0.00131698 -5.5 5 3.5
5.68472e-05 -4.5 4.5 4.5
0.000443132 -4.5 4.5 4
3.84956e-05 -5 5 4.5
0.00154586 -4.5 4.5 3.5
0.000366269 -5 5 4
0.000212219 -4 4 2.5
0.0032514 -4.5 4.5 3
0.00180233 -5 5 3.5
0.000143802 -5.5 5.5 3.5
0.000622545 -4 4 2
0.00499417 -4.5 4.5 2.5
0.00433032 -5 5 3
0.000938982 -4 4 1.5
0.00566713 -4.5 4.5 2
0.0065475 -5 5 2.5
0.00111524 -5.5 5.5 3
4.22492e-05 -3.5 3.5 0.5
0.0010752 -4 4 1
0.00546038 -4.5 4.5 1.5
0.00692019 -5 5 2
8.5287e-05 -3.5 3.5 0
0.000923442 -4 4 0.5
0.00429776 -4.5 4.5 1
0.00648704 -5 5 1.5
0.00227347 -5.5 5.5 2
6.42989e-05 -3.5 3.5 -0.5
0.000573178 -4 4 0
0.0026692 -4.5 4.5 0.5
0.0047798 -5 5 1
0.000235825 -4 4 -0.5
0.00131086 -4.5 4.5 0
0.00283756 -5 5 0.5
0.00155973 -5.5 5.5 1
4.4935e-05 -4 4 -1
2.60485e-05 -6 6 0.5
0.000492312 -4.5 4.5 -0.5
0.000108902 -4.5 4.5 -1
2.23874e-05 -6 6 0
0.000568614 -5 5 -0.5
0.000185548 -5 5 -1
3.11122e-05 -5.5 5.5 -1.5
3.23771e-05 -5 5 -1.5
9.05926e-05 -5.5 5.5 -1
0.000237244 -5.5 5.5 -0.5
0.000524963 -5.5 5.5 0
0.0013927 -5 5 0
0.000982374 -5.5 5.5 0.5
2.24161e-05 -6 6 1
0.0021038 -5.5 5.5 1.5
0.00206944 -5.5 5.5 2.5
4.19488e-05 -4 4.5 4
4.81631e-05 -4.5 5 4.5
8.15966e-05 -4 4.5 3.5
0.000402921 -4.5 5 4
0.000228565 -4 4.5 3
0.00153257 -4.5 5 3.5
0.000642207 -4 4.5 2.5
0.00301581 -4.5 5 3
0.000792789 -5 5.5 3.5
0.00104459 -4 4.5 2
0.00399452 -4.5 5 2.5
0.0012263 -4 4.5 1.5
0.00414539 -4.5 5 2
0.00224248 -5 5.5 2.5
5.92713e-05 -3.5 4 0.5
0.0011481 -4 4.5 1
0.00368764 -4.5 5 1.5
0.00229758 -5 5.5 2
8.60948e-05 -3.5 4 0
0.000832145 -4 4.5 0.5
0.00257179 -4.5 5 1
5.8131e-05 -5.5 6 1.5
6.63757e-05 -3.5 4 -0.5
0.000460227 -4 4.5 0
6.49339e-05 -5.5 6 1
0.000198058 -4 4.5 -0.5
4.77607e-05 -5.5 6 0.5
0.000685139 -4.5 5 0
5.9446e-05 -4 4.5 -1
2.9877e-05 -5.5 6 0
0.000276036 -4.5 5 -0.5
9.11517e-05 -4.5 5 -1
2.35577e-05 -5 5.5 -1.5
2.39368e-05 -4.5 5 -1.5
5.62405e-05 -5 5.5 -1
0.00014574 -5 5.5 -0.5
0.000355922 -5 5.5 0
0.000742375 -5 5.5 0.5
0.00145733 -4.5 5 0.5
0.00134268 -5 5.5 1
0.00199363 -5 5.5 1.5
3.2311e-05 -4 5 4.5
0.000133848 -4 5 4
3.08676e-05 -4.5 5.5 4.5
0.000311269 -4 5 3.5
0.000251558 -4.5 5.5 4
0.000649091 -4 5 3
0.000848074 -4.5 5.5 3.5
0.00105659 -4 5 2.5
0.00155522 -4.5 5.5 3
2.4195e-05 -3.5 4.5 1.5
9.14577e-05 -5 6 2.5
0.00119424 -4 5 2
0.00177363 -4.5 5.5 2.5
6.01971e-05 -3.5 4.5 1
7.55296e-05 -3.5 4.5 0.5
0.000821929 -4 5 1
0.00128225 -4.5 5.5 1.5
0.00012451 -5 6 1.5
6.43948e-05 -3.5 4.5 0
0.000466566 -4 5 0.5
0.000771117 -4.5 5.5 1
4.87944e-05 -5 6 0.5
4.28323e-05 -3.5 4.5 -0.5
0.000215733 -4 5 0
0.000380375 -4.5 5.5 0.5
8.21098e-05 -4 5 -0.5
2.78905e-05 -5 6 0
2.31283e-05 -4.5 5.5 -1
3.49615e-05 -4 5 -1
5.67687e-05 -4.5 5.5 -0.5
0.00015924 -4.5 5.5 0
8.16639e-05 -5 6 1
0.000126681 -5 6 2
0.00111438 -4 5 1.5
2.9422e-05 -4 5.5 4.5
0.000176753 -4 5.5 4
0.00045123 -4 5.5 3.5
4.3972e-05 -4.5 6 4
0.000714033 -4 5.5 3
0.000159244 -4.5 6 3.5
5.21933e-05 -3.5 5 2
8.43339e-05 -3.5 5 1.5
0.000746015 -4 5.5 2
0.00024019 -4.5 6 2.5
9.17315e-05 -3.5 5 1
0.000124774 -4.5 6 1.5
0.000539832 -4 5.5 1.5
7.08354e-05 -3.5 5 0.5
3.35287e-05 -3.5 5 0
3.49925e-05 -4.5 6 0.5
0.000129677 -4 5.5 0.5
2.34864e-05 -3.5 5 -0.5
4.68507e-05 -4 5.5 0
6.98585e-05 -4.5 6 1
0.000302825 -4 5.5 1
0.000188359 -4.5 6 2
0.000802532 -4 5.5 2.5
2.21575e-05 -3.5 5.5 3.5
6.97641e-05 -3.5 5.5 3
0.000169796 -4 6 3.5
0.000122169 -3.5 5.5 2.5
0.000223843 -4 6 3
0.00013396 -3.5 5.5 2
0.000212968 -4 6 2.5
0.000114607 -3.5 5.5 1.5
0.000155307 -4 6 2
6.76353e-05 -3.5 5.5 1
3.35619e-05 -4 6 1
3.74476e-05 -3.5 5.5 0.5
5.91421e-05 -3.5 6 3.5
8.36113e-05 -4 6 1.5
8.57486e-05 -3.5 6 3
2.97926e-05 -3.5 6 1.5
2.28759e-05 -3.5 6 1
6.19826e-05 -3.5 6 2
8.52498e-05 -3.5 6 2.5
6.86889e-05 -4 6 4
0.000233269 -4.5 6 3
0.00170261 -4.5 5.5 2
0.00165946 -5 5.5 3
0.000155822 -5 5.5 4
