0.30282
2.05978e-05 -4.5 0.5 -6
3.68487e-05 -4.5 0.5 -6.5
3.2882e-05 -4.5 0.5 -7
2.54231e-05 -4.5 0.5 -7.5
3.64874e-05 -4 0.5 -6
4.95308e-05 -4.5 1 -5.5
7.48883e-05 -4 0.5 -6.5
8.3341e-05 -4.5 1 -6
6.29109e-05 -4 0.5 -7
9.10582e-05 -4.5 1 -6.5
3.22181e-05 -4 0.5 -7.5
7.61237e-05 -4.5 1 -7
3.10613e-05 -4.5 1 -7.5
3.19769e-05 -4 1 -4.5
0.000159468 -4 1 -5
3.01203e-05 -3.5 0.5 -6
0.00031659 -4 1 -5.5
7.09694e-05 -3.5 0.5 -6.5
0.000342609 -4 1 -6
5.04764e-05 -4.5 1.5 -5.5
5.82775e-05 -3.5 0.5 -7
0.000296622 -4 1 -6.5
8.36701e-05 -4.5 1.5 -6
3.05041e-05 -3.5 0.5 -7.5
0.000161469 -4 1 -7
0.000102734 -4.5 1.5 -6.5
3.56539e-05 -4 1 -7.5
9.61337e-05 -4.5 1.5 -7
3.43827e-05 -4.5 1.5 -7.5
2.12298e-05 -4 1.5 -4
0.000249337 -3.5 1 -5
0.00016481 -4 1.5 -4.5
3.04391e-05 -3 0.5 -6
0.000485082 -3.5 1 -5.5
0.000444872 -4 1.5 -5
4.92383e-05 -3 0.5 -6.5
0.000535811 -3.5 1 -6
0.000653374 -4 1.5 -5.5
4.30285e-05 -3 0.5 -7
0.000424612 -3.5 1 -6.5
0.000698218 -4 1.5 -6
2.75714e-05 -4.5 2 -5.5
0.000198144 -3.5 1 -7
0.000564246 -4 1.5 -6.5
4.90938e-05 -4.5 2 -6
3.87784e-05 -3.5 1 -7.5
0.000246522 -4 1.5 -7
6.73058e-05 -4.5 2 -6.5
4.39956e-05 -4 1.5 -7.5
3.50912e-05 -4.5 2 -7.5
8.09238e-05 -4.5 2 -7
7.79829e-05 -3.5 1.5 -3.5
0.000498943 -3.5 1.5 -4
0.000185739 -3 1 -5
0.0013723 -3.5 1.5 -4.5
0.000394898 -3 1 -5.5
0.00208682 -3.5 1.5 -5
0.000153007 -4 2 -4.5
0.000461221 -3 1 -6
0.0021806 -3.5 1.5 -5.5
0.000404081 -4 2 -5
0.000367986 -3 1 -6.5
0.00187355 -3.5 1.5 -6
0.000606471 -4 2 -5.5
0.000163368 -3 1 -7
0.00108279 -3.5 1.5 -6.5
0.000690104 -4 2 -6
4.07587e-05 -3 1 -7.5
0.000366021 -3.5 1.5 -7
0.000635695 -4 2 -6.5
4.57246e-05 -3.5 1.5 -7.5
0.000293322 -4 2 -7
3.90785e-05 -4 2 -7.5
2.8693e-05 -4.5 2.5 -7.5
3.86741e-05 -4.5 2.5 -7
0.000128514 -3 1.5 -3.5
0.000777678 -3 1.5 -4
0.000114997 -3.5 2 -3.5
0.000112242 -2.5 1 -5
0.00180315 -3 1.5 -4.5
0.000954155 -3.5 2 -4
0.000203246 -2.5 1 -5.5
0.00251026 -3 1.5 -5
0.00234648 -3.5 2 -4.5
0.000246097 -2.5 1 -6
0.00255606 -3 1.5 -5.5
0.00325879 -3.5 2 -5
2.6184e-05 -4 2.5 -4.5
0.000202698 -2.5 1 -6.5
0.00210186 -3 1.5 -6
0.00339509 -3.5 2 -5.5
0.000174519 -4 2.5 -5
9.53052e-05 -2.5 1 -7
0.00114965 -3 1.5 -6.5
0.00305221 -3.5 2 -6
0.000304808 -4 2.5 -5.5
2.32983e-05 -2.5 1 -7.5
0.000372725 -3 1.5 -7
0.00169461 -3.5 2 -6.5
0.00039567 -4 2.5 -6
5.0763e-05 -3 1.5 -7.5
0.000469661 -3.5 2 -7
0.000455798 -4 2.5 -6.5
5.00522e-05 -3.5 2 -7.5
0.000267253 -4 2.5 -7
3.34453e-05 -4 2.5 -7.5
0.000106019 -2.5 1.5 -3.5
0.000206412 -3 2 -3
3.01496e-05 -2 1 -4.5
0.000665685 -2.5 1.5 -4
0.00136563 -3 2 -3.5
5.55349e-05 -2 1 -5
0.0014719 -2.5 1.5 -4.5
0.00364952 -3 2 -4
3.6797e-05 -3.5 2.5 -3.5
7.44679e-05 -2 1 -5.5
0.00200712 -2.5 1.5 -5
0.00591124 -3 2 -4.5
0.000651709 -3.5 2.5 -4
7.83669e-05 -2 1 -6
0.00203363 -2.5 1.5 -5.5
0.00664077 -3 2 -5
0.00207 -3.5 2.5 -4.5
6.56439e-05 -2 1 -6.5
0.00163175 -2.5 1.5 -6
0.0064397 -3 2 -5.5
0.0029786 -3.5 2.5 -5
3.21649e-05 -2 1 -7
0.000864344 -2.5 1.5 -6.5
0.00474465 -3 2 -6
0.00317425 -3.5 2.5 -5.5
0.000278225 -2.5 1.5 -7
0.0023027 -3 2 -6.5
0.00302375 -3.5 2.5 -6
4.14965e-05 -4 3 -5.5
4.72122e-05 -2.5 1.5 -7.5
0.000590234 -3 2 -7
0.00178664 -3.5 2.5 -6.5
7.02155e-05 -4 3 -6
6.44859e-05 -3 2 -7.5
0.000482815 -3.5 2.5 -7
0.00012552 -4 3 -6.5
4.01017e-05 -3.5 2.5 -7.5
2.84859e-05 -4 3 -7.5
0.000145083 -4 3 -7
5.21456e-05 -2.5 2 -2.5
4.85725e-05 -2 1.5 -3.5
0.000383569 -2.5 2 -3
0.000257873 -2 1.5 -4
0.00167565 -2.5 2 -3.5
0.000211538 -3 2.5 -3
0.000573979 -2 1.5 -4.5
0.00385413 -2.5 2 -4
0.00185211 -3 2.5 -3.5
0.000822284 -2 1.5 -5
0.00590939 -2.5 2 -4.5
0.00528171 -3 2.5 -4
0.000858885 -2 1.5 -5.5
0.00650058 -2.5 2 -5
0.0082227 -3 2.5 -4.5
8.55066e-05 -3.5 3 -4
0.000726044 -2 1.5 -6
0.00621852 -2.5 2 -5.5
0.00887447 -3 2.5 -5
0.000787408 -3.5 3 -4.5
0.000413925 -2 1.5 -6.5
0.00440885 -2.5 2 -6
0.00866177 -3 2.5 -5.5
0.00136582 -3.5 3 -5
0.000147154 -2 1.5 -7
0.00208161 -2.5 2 -6.5
0.0064468 -3 2.5 -6
0.0016225 -3.5 3 -5.5
2.8992e-05 -2 1.5 -7.5
0.00054131 -2.5 2 -7
0.00307322 -3 2.5 -6.5
0.00174989 -3.5 3 -6
6.59941e-05 -2.5 2 -7.5
0.00069561 -3 2.5 -7
0.00130529 -3.5 3 -6.5
5.93086e-05 -3 2.5 -7.5
0.000332512 -3.5 3 -7
2.55788e-05 -3.5 3 -7.5
3.09771e-05 -4 3.5 -7
4.16574e-05 -2 2 -2.5
2.62664e-05 -1.5 1.5 -3.5
0.000317173 -2 2 -3
0.000156068 -2.5 2.5 -2.5
4.74864e-05 -1.5 1.5 -4
0.00117103 -2 2 -3.5
0.00117687 -2.5 2.5 -3
7.7299e-05 -1.5 1.5 -4.5
0.00246825 -2 2 -4
0.00408927 -2.5 2.5 -3.5
4.91924e-05 -3 3 -3
0.000111109 -1.5 1.5 -5
0.0036537 -2 2 -4.5
0.0080489 -2.5 2.5 -4
0.00123179 -3 3 -3.5
0.000137987 -1.5 1.5 -5.5
0.00402085 -2 2 -5
0.0108914 -2.5 2.5 -4.5
0.00460096 -3 3 -4
0.000137632 -1.5 1.5 -6
0.00378429 -2 2 -5.5
0.011261 -2.5 2.5 -5
0.00744179 -3 3 -4.5
0.000108586 -1.5 1.5 -6.5
0.00266553 -2 2 -6
0.0104678 -2.5 2.5 -5.5
0.00805483 -3 3 -5
2.30578e-05 -3.5 3.5 -4.5
5.10633e-05 -1.5 1.5 -7
0.00130047 -2 2 -6.5
0.00720832 -2.5 2.5 -6
0.00795207 -3 3 -5.5
0.000183106 -3.5 3.5 -5
0.00037145 -2 2 -7
0.00330996 -2.5 2.5 -6.5
0.0061386 -3 3 -6
0.000254777 -3.5 3.5 -5.5
5.64967e-05 -2 2 -7.5
0.000750075 -2.5 2.5 -7
0.00292467 -3 3 -6.5
0.000321758 -3.5 3.5 -6
7.78691e-05 -2.5 2.5 -7.5
0.000560379 -3 3 -7
3.30219e-05 -3 3 -7.5
0.000162603 -3.5 3.5 -7
0.000413183 -3.5 3.5 -6.5
3.10847e-05 -2 2.5 -2
6.08347e-05 -1.5 2 -3
0.000229152 -2 2.5 -2.5
0.000180773 -1.5 2 -3.5
0.00125782 -2 2.5 -3
0.000133544 -2.5 3 -2.5
0.000421448 -1.5 2 -4
0.00364773 -2 2.5 -3.5
0.00141186 -2.5 3 -3
0.00076301 -1.5 2 -4.5
0.00667544 -2 2.5 -4
0.00531846 -2.5 3 -3.5
0.0010607 -1.5 2 -5
0.00887622 -2 2.5 -4.5
0.0101107 -2.5 3 -4
8.47617e-05 -3 3.5 -3.5
0.00108274 -1.5 2 -5.5
0.00915726 -2 2.5 -5
0.0128837 -2.5 3 -4.5
0.00169403 -3 3.5 -4
0.000904471 -1.5 2 -6
0.00835555 -2 2.5 -5.5
0.0130327 -2.5 3 -5
0.00342166 -3 3.5 -4.5
0.000517469 -1.5 2 -6.5
0.00562232 -2 2.5 -6
0.0118924 -2.5 3 -5.5
0.00377068 -3 3.5 -5
0.000186306 -1.5 2 -7
0.00259568 -2 2.5 -6.5
0.00806893 -2.5 3 -6
0.00385094 -3 3.5 -5.5
3.181e-05 -1.5 2 -7.5
0.000646792 -2 2.5 -7
0.00370871 -2.5 3 -6.5
0.00329718 -3 3.5 -6
7.21616e-05 -2 2.5 -7.5
0.000788868 -2.5 3 -7
0.0015801 -3 3.5 -6.5
5.63718e-05 -2.5 3 -7.5
4.63018e-05 -3.5 4 -7
0.000247151 -3 3.5 -7
2.5552e-05 -3.5 4 -6.5
2.30066e-05 -1.5 2.5 -2
0.000136315 -1.5 2.5 -2.5
5.92135e-05 -2 3 -2
0.000466796 -1.5 2.5 -3
0.000450667 -2 3 -2.5
0.00110892 -1.5 2.5 -3.5
0.0022724 -2 3 -3
2.0163e-05 -2.5 3.5 -2.5
2.02887e-05 -1 2 -4.5
0.00211314 -1.5 2.5 -4
0.00595257 -2 3 -3.5
0.000736987 -2.5 3.5 -3
3.64915e-05 -1 2 -5
0.00312342 -1.5 2.5 -4.5
0.01032 -2 3 -4
0.00434629 -2.5 3.5 -3.5
5.5468e-05 -1 2 -5.5
0.00357765 -1.5 2.5 -5
0.0126081 -2 3 -4.5
0.00910253 -2.5 3.5 -4
8.75746e-05 -1 2 -6
0.00336855 -1.5 2.5 -5.5
0.0126517 -2 3 -5
0.0112764 -2.5 3.5 -4.5
8.59763e-05 -1 2 -6.5
0.00248385 -1.5 2.5 -6
0.0111839 -2 3 -5.5
0.0113108 -2.5 3.5 -5
0.000371347 -3 4 -4.5
4.91491e-05 -1 2 -7
0.00130841 -1.5 2.5 -6.5
0.00733532 -2 3 -6
0.0101302 -2.5 3.5 -5.5
0.000535233 -3 4 -5
0.000416383 -1.5 2.5 -7
0.00331236 -2 3 -6.5
0.00663185 -2.5 3.5 -6
0.000575966 -3 4 -5.5
5.90871e-05 -1.5 2.5 -7.5
0.000758116 -2 3 -7
0.00282278 -2.5 3.5 -6.5
7.30059e-05 -2 3 -7.5
2.09052e-05 -2.5 3.5 -7.5
6.45449e-05 -3 4 -7
0.000445152 -2.5 3.5 -7
0.000377831 -3 4 -6.5
0.000626876 -3 4 -6
6.91016e-05 -1.5 3 -2
0.000433015 -1.5 3 -2.5
4.19775e-05 -2 3.5 -2
0.00151796 -1.5 3 -3
0.000443148 -2 3.5 -2.5
4.27928e-05 -1 2.5 -4
0.00337333 -1.5 3 -3.5
0.00250058 -2 3.5 -3
0.000129103 -1 2.5 -4.5
0.00550668 -1.5 3 -4
0.00650322 -2 3.5 -3.5
0.000246959 -1 2.5 -5
0.00705296 -1.5 3 -4.5
0.0109756 -2 3.5 -4
0.00107947 -2.5 4 -3.5
0.000390482 -1 2.5 -5.5
0.00717458 -1.5 3 -5
0.0128371 -2 3.5 -4.5
0.00361126 -2.5 4 -4
0.00044392 -1 2.5 -6
0.00633583 -1.5 3 -5.5
0.0127412 -2 3.5 -5
0.0045965 -2.5 4 -4.5
0.000353735 -1 2.5 -6.5
0.00427907 -1.5 3 -6
0.0110006 -2 3.5 -5.5
0.0046297 -2.5 4 -5
0.000166632 -1 2.5 -7
0.00209543 -1.5 3 -6.5
0.00703348 -2 3.5 -6
0.00409693 -2.5 4 -5.5
2.79689e-05 -3 4.5 -5
3.56843e-05 -1 2.5 -7.5
0.00059461 -1.5 3 -7
0.00303627 -2 3.5 -6.5
0.00254593 -2.5 4 -6
6.6226e-05 -1.5 3 -7.5
0.000595364 -2 3.5 -7
3.92101e-05 -2 3.5 -7.5
0.000106812 -2.5 4 -7
4.82622e-05 -3 4.5 -6.5
0.000992286 -2.5 4 -6.5
4.19083e-05 -3 4.5 -6
3.66917e-05 -3 4.5 -5.5
6.0731e-05 -1 3 -2.5
0.000105173 -1.5 3.5 -2
0.000118144 -1 3 -3
0.00064272 -1.5 3.5 -2.5
0.000232369 -1 3 -3.5
0.00244313 -1.5 3.5 -3
0.000146652 -2 4 -2.5
0.000496566 -1 3 -4
0.00534335 -1.5 3.5 -3.5
0.00169193 -2 4 -3
0.000890966 -1 3 -4.5
0.0082339 -1.5 3.5 -4
0.0051438 -2 4 -3.5
0.00119093 -1 3 -5
0.00943708 -1.5 3.5 -4.5
0.00834479 -2 4 -4
0.00133796 -1 3 -5.5
0.00928699 -1.5 3.5 -5
0.00902376 -2 4 -4.5
0.000319819 -2.5 4.5 -4
0.00120297 -1 3 -6
0.00771799 -1.5 3.5 -5.5
0.00869209 -2 4 -5
0.000597738 -2.5 4.5 -4.5
2.15515e-05 -0.5 2.5 -7
0.000784733 -1 3 -6.5
0.00495351 -1.5 3.5 -6
0.00675118 -2 4 -5.5
0.000645593 -2.5 4.5 -5
0.000319999 -1 3 -7
0.0023065 -1.5 3.5 -6.5
0.00393192 -2 4 -6
5.70993e-05 -1 3 -7.5
0.000581173 -1.5 3.5 -7
5.05791e-05 -1.5 3.5 -7.5
0.00020778 -2 4 -7
0.000153141 -2.5 4.5 -6.5
0.00151736 -2 4 -6.5
0.000409361 -2.5 4.5 -6
0.000636146 -2.5 4.5 -5.5
9.13798e-05 -1 3.5 -2
0.000310945 -1 3.5 -2.5
8.87215e-05 -1.5 4 -2
0.000657257 -1 3.5 -3
0.000635261 -1.5 4 -2.5
0.00123004 -1 3.5 -3.5
0.00243714 -1.5 4 -3
0.00200951 -1 3.5 -4
0.00544952 -1.5 4 -3.5
0.000256496 -2 4.5 -3
0.00264915 -1 3.5 -4.5
0.0081599 -1.5 4 -4
0.00165947 -2 4.5 -3.5
2.34295e-05 -0.5 3 -5.5
0.00286248 -1 3.5 -5
0.00874629 -1.5 4 -4.5
0.00292101 -2 4.5 -4
4.37275e-05 -0.5 3 -6
0.00259145 -1 3.5 -5.5
0.00835956 -1.5 4 -5
0.00302715 -2 4.5 -4.5
8.74775e-05 -0.5 3 -6.5
0.00190271 -1 3.5 -6
0.00640901 -1.5 4 -5.5
0.00281746 -2 4.5 -5
7.19867e-05 -0.5 3 -7
0.0010664 -1 3.5 -6.5
0.00371858 -1.5 4 -6
0.00193085 -2 4.5 -5.5
2.5097e-05 -0.5 3 -7.5
0.000394147 -1 3.5 -7
0.00149259 -1.5 4 -6.5
5.27351e-05 -1 3.5 -7.5
2.61401e-05 -2 4.5 -7
0.00027828 -1.5 4 -7
0.000301366 -2 4.5 -6.5
3.82763e-05 -2.5 5 -6
0.000962251 -2 4.5 -6
4.59122e-05 -2.5 5 -5.5
3.53619e-05 -2.5 5 -5
2.36775e-05 -2.5 5 -4.5
0.000124151 -1 4 -2
0.000564476 -1 4 -2.5
0.00141918 -1 4 -3
0.000320681 -1.5 4.5 -2.5
2.07543e-05 -0.5 3.5 -4
0.00253664 -1 4 -3.5
0.00155118 -1.5 4.5 -3
4.62375e-05 -0.5 3.5 -4.5
0.00359162 -1 4 -4
0.00332667 -1.5 4.5 -3.5
0.000124814 -2 5 -3.5
7.88442e-05 -0.5 3.5 -5
0.00407999 -1 4 -4.5
0.00439393 -1.5 4.5 -4
0.000141853 -0.5 3.5 -5.5
0.00393238 -1 4 -5
0.00439513 -1.5 4.5 -4.5
0.000219284 -0.5 3.5 -6
0.00317274 -1 4 -5.5
0.000210497 -0.5 3.5 -6.5
0.00204867 -1 4 -6
0.00252566 -1.5 4.5 -5.5
0.000135092 -0.5 3.5 -7
0.000993155 -1 4 -6.5
3.65296e-05 -0.5 3.5 -7.5
2.21268e-05 -1 4 -7.5
4.66438e-05 -1.5 4.5 -7
3.1583e-05 -2 5 -6.5
0.000279606 -1 4 -7
0.000405785 -1.5 4.5 -6.5
0.000123613 -2 5 -6
0.00124041 -1.5 4.5 -6
0.00025304 -2 5 -5.5
0.00035408 -2 5 -5
0.00382796 -1.5 4.5 -5
0.000354021 -2 5 -4.5
0.000319017 -2 5 -4
4.49457e-05 -0.5 4 -2
6.73579e-05 -0.5 4 -2.5
0.000109769 -1 4.5 -2
7.91672e-05 -0.5 4 -3
0.00054007 -1 4.5 -2.5
0.000110807 -0.5 4 -3.5
0.00151557 -1 4.5 -3
4.02171e-05 -1.5 5 -2.5
0.000216428 -0.5 4 -4
0.00271309 -1 4.5 -3.5
0.000353944 -0.5 4 -4.5
0.00350353 -1 4.5 -4
0.000425666 -0.5 4 -5
0.00353101 -1 4.5 -4.5
0.00105142 -1.5 5 -4
0.000466173 -0.5 4 -5.5
0.00306333 -1 4.5 -5
0.000424803 -0.5 4 -6
0.00205513 -1 4.5 -5.5
0.000794538 -1.5 5 -5
0.000317047 -0.5 4 -6.5
0.00105148 -1 4.5 -6
2.99653e-05 -0.5 4 -7.5
6.57458e-05 -1 4.5 -7
4.76042e-05 -1.5 5 -6.5
0.000150195 -0.5 4 -7
0.000377937 -1 4.5 -6.5
0.000198427 -1.5 5 -6
0.000462374 -1.5 5 -5.5
0.00102721 -1.5 5 -4.5
0.00094168 -1.5 5 -3.5
0.000437329 -1.5 5 -3
9.51692e-05 -0.5 4.5 -2
0.000238562 -0.5 4.5 -2.5
4.66605e-05 -1 5 -2
0.000381754 -0.5 4.5 -3
0.000304644 -1 5 -2.5
0.000600174 -0.5 4.5 -3.5
0.000785922 -1 5 -3
0.000823835 -0.5 4.5 -4
0.00122919 -1 5 -3.5
0.00092525 -0.5 4.5 -4.5
0.000881004 -0.5 4.5 -5
0.00121753 -1 5 -4.5
9.14595e-05 -1.5 5.5 -4
0.000714184 -0.5 4.5 -5.5
0.00049546 -1 5 -5.5
4.02012e-05 -1.5 5.5 -5.5
2.0822e-05 0 4 -7
2.06038e-05 -1.5 5.5 -6
0.000214546 -0.5 4.5 -6.5
6.40704e-05 -0.5 4.5 -7
5.50375e-05 -1 5 -6.5
0.000208381 -1 5 -6
0.000453337 -0.5 4.5 -6
7.46116e-05 -1.5 5.5 -5
0.000889289 -1 5 -5
9.4606e-05 -1.5 5.5 -4.5
0.00130076 -1 5 -4
7.01543e-05 -1.5 5.5 -3.5
7.741e-05 -0.5 5 -2
0.000263766 -0.5 5 -2.5
0.000528339 -0.5 5 -3
5.15935e-05 -1 5.5 -2.5
0.000766474 -0.5 5 -3.5
0.000831474 -0.5 5 -4
0.000202601 -1 5.5 -3.5
2.44574e-05 0 4.5 -5
0.000783651 -0.5 5 -4.5
3.43356e-05 0 4.5 -5.5
0.000589025 -0.5 5 -5
4.64656e-05 0 4.5 -6
5.35274e-05 -1 5.5 -5.5
4.32462e-05 -0.5 5 -6.5
2.23942e-05 -1 5.5 -6
4.69157e-05 0 4.5 -6.5
0.00015438 -0.5 5 -6
0.000346612 -0.5 5 -5.5
0.000113268 -1 5.5 -5
0.00018012 -1 5.5 -4.5
0.000203682 -1 5.5 -4
0.000155403 -1 5.5 -3
2.25033e-05 0 5 -2
3.4805e-05 0 5 -2.5
2.43078e-05 -0.5 5.5 -2
5.43979e-05 0 5 -3
0.000102541 -0.5 5.5 -2.5
7.83065e-05 0 5 -3.5
0.000197945 -0.5 5.5 -3
0.000102657 0 5 -4
0.000227299 -0.5 5.5 -3.5
0.000112215 0 5 -4.5
0.000222424 -0.5 5.5 -4
0.000106592 0 5 -5
4.83648e-05 0 5 -6
4.70821e-05 -0.5 5.5 -5.5
8.57597e-05 0 5 -5.5
0.00010793 -0.5 5.5 -5
0.000182564 -0.5 5.5 -4.5
5.59131e-05 0 5.5 -2.5
9.98848e-05 0 5.5 -3
0.000120638 0 5.5 -3.5
0.000116502 0 5.5 -4
2.24075e-05 0 5.5 -5.5
5.14063e-05 0 5.5 -5
9.01887e-05 0 5.5 -4.5
