0.100216
4.72771e-05 -9.5 -1.5 8.5
2.39805e-05 -9.5 -1.5 9
2.11116e-05 -8.5 -2 8.5
0.00013823 -9 -1.5 9
0.000432548 -9.5 -1 9
0.000214358 -9 -1.5 8.5
0.000166239 -10 -0.5 9
0.000572699 -9.5 -1 8.5
0.00013572 -9 -1.5 8
0.000328714 -9.5 -1 8
0.000281329 -10 -0.5 8.5
3.22906e-05 -10.5 0 8.5
0.000223953 -10 -0.5 8
3.59231e-05 -10.5 0 8
0.000208537 -9 -1 9.5
0.00120974 -9 -1 9
0.00131813 -9.5 -0.5 9.5
0.000207474 -8.5 -1.5 8.5
0.000110156 -8.5 -1.5 9
0.000194493 -8.5 -1.5 8
0.000704083 -10 0 9.5
0.00158373 -9 -1 8.5
0.00422926 -9.5 -0.5 9
0.00241099 -10 0 9
7.14229e-05 -8.5 -1.5 7.5
0.00133065 -9 -1 8
0.00447427 -9.5 -0.5 8.5
0.000203191 -10.5 0.5 9
0.000152722 -9 -1 7.5
0.00294587 -9.5 -0.5 8
0.00255056 -10 0 8.5
0.000286381 -10.5 0.5 8.5
0.00180172 -10 0 8
0.00028563 -10.5 0.5 8
4.75945e-05 -10 0 7.5
3.71795e-05 -10.5 0.5 7.5
0.000186738 -8.5 -1 9.5
2.13086e-05 -8 -1.5 8.5
0.00206305 -9 -0.5 9.5
0.000786802 -8.5 -1 9
9.4005e-05 -8 -1.5 8
0.00142388 -8.5 -1 8.5
0.00509981 -9.5 0 9.5
0.000110084 -9 -0.5 10
0.00599502 -9 -0.5 9
0.0118132 -9.5 0 9
6.64444e-05 -8 -1.5 7.5
0.00156027 -10 0.5 9.5
0.00130557 -8.5 -1 8
0.000464368 -9.5 0 10
0.0051397 -10 0.5 9
0.0123471 -9.5 0 8.5
3.8069e-05 -10.5 1 9.5
7.10767e-05 -10 0.5 10
0.000624041 -8.5 -1 7.5
0.00587336 -9 -0.5 8
0.00684523 -9 -0.5 8.5
0.000352198 -10.5 1 9
0.00584568 -10 0.5 8.5
0.00970028 -9.5 0 8
0.001763 -9 -0.5 7.5
0.000639619 -10.5 1 8.5
0.00500842 -10 0.5 8
0.00267579 -9.5 0 7.5
0.000614075 -10.5 1 8
2.75899e-05 -11 1.5 8
0.000367085 -10.5 1 7.5
0.00172024 -10 0.5 7.5
0.00108222 -8.5 -0.5 9.5
0.000117995 -8 -1 8.5
0.00551886 -9 0 9.5
0.0033867 -8.5 -0.5 9
0.0129788 -9 0 9
0.00590499 -9.5 0.5 9.5
0.000442626 -8 -1 8
0.00512369 -8.5 -0.5 8.5
0.000722648 -9 0 10
0.000112144 -8.5 -0.5 10
0.0144408 -9 0 8.5
0.0147813 -9.5 0.5 9
0.000359221 -8 -1 7.5
0.00152317 -10 1 9.5
0.000815067 -9.5 0.5 10
0.00469923 -8.5 -0.5 8
3.17695e-05 -9 0 10.5
0.00514127 -10 1 9
0.0170595 -9.5 0.5 8.5
3.77412e-05 -10.5 1.5 9.5
0.000125726 -8 -1 7
0.00247994 -8.5 -0.5 7.5
0.000104279 -10 1 10
0.0125802 -9 0 8
4.49978e-05 -9.5 0.5 10.5
0.000329266 -10.5 1.5 9
0.00649198 -10 1 8.5
0.000287862 -8.5 -0.5 7
0.00614062 -9 0 7.5
0.0152354 -9.5 0.5 8
0.000680138 -10.5 1.5 8.5
0.00779618 -9.5 0.5 7.5
0.00617187 -10 1 8
0.000340078 -9 0 7
0.000709801 -10.5 1.5 8
3.11393e-05 -11 2 8
3.13498e-05 -11 2 7.5
0.000206384 -10.5 1.5 7
0.000606222 -10 1 7
2.02261e-05 -11 2 7
0.00059667 -10.5 1.5 7.5
0.000646406 -9.5 0.5 7
0.0038918 -10 1 7.5
0.00268704 -8.5 0 9.5
0.00744173 -8.5 0 9
0.000401068 -8.5 0 10
0.00632907 -9 0.5 9.5
0.000471949 -8 -0.5 8.5
0.00122752 -8 -0.5 8
0.00559366 -9.5 1 9.5
0.00101661 -9 0.5 10
0.0101226 -8.5 0 8.5
0.0155126 -9 0.5 9
0.0141662 -9.5 1 9
0.0186003 -9 0.5 8.5
4.46316e-05 -7.5 -1 7
0.00127286 -10 1.5 9.5
0.00115743 -8 -0.5 7.5
0.000798268 -9.5 1 10
9.31165e-05 -9 0.5 10.5
0.00932309 -8.5 0 8
3.01547e-05 -8.5 0 10.5
0.00432732 -10 1.5 9
0.0170163 -9.5 1 8.5
3.86847e-05 -10.5 2 9.5
0.000119618 -10 1.5 10
0.000556198 -8 -0.5 7
0.00554044 -8.5 0 7.5
5.77836e-05 -9.5 1 10.5
0.00031397 -10.5 2 9
0.00627285 -10 1.5 8.5
0.0102571 -9 0.5 7.5
0.0155896 -9.5 1 8
5.12932e-05 -8 -0.5 6.5
0.001566 -8.5 0 7
0.00595298 -10 1.5 8
2.11423e-05 -11 2.5 8.5
0.000696931 -10.5 2 8
3.2255e-05 -11 2.5 8
0.000586943 -10.5 2 7.5
0.00173774 -10 1.5 7
0.00326923 -9.5 1 7
3.34541e-05 -11 2.5 7.5
0.00033078 -10.5 2 7
2.37119e-05 -11 2.5 7
7.99392e-05 -10.5 2 6.5
0.000108788 -10 1.5 6.5
0.00404209 -10 1.5 7.5
0.00282038 -9 0.5 7
0.00971965 -9.5 1 7.5
0.000663127 -10.5 2 8.5
0.0169181 -9 0.5 8
0.00400217 -8.5 0.5 9.5
0.000330759 -8 0 9
0.00599539 -9 1 9.5
0.00142792 -8 0 8.5
0.00999921 -8.5 0.5 9
0.0148296 -9 1 9
0.00399892 -9.5 1.5 9.5
5.31317e-05 -7.5 -0.5 7.5
0.000980608 -9 1 10
0.0024971 -8 0 8
0.0130982 -8.5 0.5 8.5
0.0102675 -9.5 1.5 9
0.0122594 -8.5 0.5 8
0.0182648 -9 1 8.5
0.000162795 -7.5 -0.5 7
0.000536768 -10 2 9.5
0.000622643 -9.5 1.5 10
9.74194e-05 -9 1 10.5
0.00223209 -8 0 7.5
0.00193285 -10 2 9
0.0135908 -9.5 1.5 8.5
0.0169281 -9 1 8
3.43253e-05 -10.5 2.5 9.5
7.2103e-05 -7.5 -0.5 6.5
7.16441e-05 -10 2 10
0.00116019 -8 0 7
5.74045e-05 -9.5 1.5 10.5
0.00809708 -8.5 0.5 7.5
0.000111652 -10.5 2.5 9
0.00353577 -10 2 8.5
0.0127369 -9.5 1.5 8
0.000219774 -8 0 6.5
0.000322619 -10.5 2.5 8.5
0.0038042 -10 2 8
0.00298125 -8.5 0.5 7
0.00043409 -10.5 2.5 8
0.0031086 -10 2 7.5
0.000256155 -8.5 0.5 6.5
0.00383748 -9.5 1.5 7
0.00451696 -9 1 7
3.19834e-05 -11 3 8
0.000414509 -10.5 2.5 7.5
3.02043e-05 -11 3 7.5
0.000283874 -10.5 2.5 7
0.000863285 -9.5 1.5 6.5
0.00167003 -10 2 7
2.35358e-05 -10.5 2.5 6
2.12913e-05 -10 2 6
0.000126509 -10.5 2.5 6.5
0.000566251 -10 2 6.5
0.000540381 -9 1 6.5
0.00876883 -9.5 1.5 7.5
0.0108593 -9 1 7.5
0.000181379 -8 0.5 9.5
0.00396589 -8.5 1 9.5
0.00978457 -8.5 1 9
0.00441652 -9 1.5 9.5
0.000697577 -8.5 1 10
0.0107024 -9 1.5 9
0.000109844 -7.5 0 7.5
0.00144762 -9.5 2 9.5
0.000781368 -9 1.5 10
0.00374845 -8 0.5 8
0.00388419 -9.5 2 9
0.0139611 -9 1.5 8.5
0.0121945 -8.5 1 8
0.000262344 -7.5 0 7
0.000292568 -9.5 2 10
8.37754e-05 -9 1.5 10.5
8.35177e-05 -10 2.5 9
0.0060169 -9.5 2 8.5
0.013107 -9 1.5 8
2.99426e-05 -9.5 2 10.5
0.000140149 -7.5 0 6.5
0.000417942 -10 2.5 8.5
0.00600213 -9.5 2 8
0.00173001 -8 0.5 7
2.25048e-05 -7.5 0 6
0.000796337 -10 2.5 8
0.0048356 -9.5 2 7.5
0.000458239 -8 0.5 6.5
0.00372238 -8.5 1 7
0.00913668 -9 1.5 7.5
2.57577e-05 -10.5 3 8
0.0009654 -10 2.5 7.5
0.000849443 -8.5 1 6.5
5.37125e-05 -10.5 3 7.5
0.000802067 -10 2.5 7
0.00128235 -9 1.5 6.5
0.00286245 -9.5 2 7
7.77696e-05 -10.5 3 7
6.31009e-05 -9 1.5 6
6.54843e-05 -10.5 3 6.5
2.78379e-05 -10.5 3 6
0.000139978 -10 2.5 6
0.000191592 -9.5 2 6
0.000454647 -10 2.5 6.5
0.00104885 -9.5 2 6.5
0.00429754 -9 1.5 7
0.00832877 -8.5 1 7.5
0.00315214 -8 0.5 7.5
0.00242764 -8 1 9
0.0032712 -8.5 1.5 9.5
0.00753503 -8.5 1.5 9
0.00192835 -9 2 9.5
0.000605624 -8.5 1.5 10
0.00432246 -9 2 9
0.00958897 -8.5 1.5 8.5
0.00400284 -8 1 8.5
0.000445176 -9 2 10
0.000268174 -7.5 0.5 7.5
6.74686e-05 -8.5 1.5 10.5
0.000188264 -9.5 2.5 9
0.00603755 -9 2 8.5
0.00909138 -8.5 1.5 8
5.24185e-05 -9 2 10.5
0.000328511 -7.5 0.5 7
0.000671668 -9.5 2.5 8.5
0.00591333 -9 2 8
0.00643364 -8.5 1.5 7.5
0.00329683 -8 1 7.5
0.000200635 -7.5 0.5 6.5
0.00103312 -9.5 2.5 8
4.53837e-05 -7.5 0.5 6
0.0011345 -9.5 2.5 7.5
0.000588526 -8 1 6.5
0.00323135 -8.5 1.5 7
3.45307e-05 -10 3 7.5
8.01857e-05 -8 1 6
0.000959306 -9.5 2.5 7
6.96985e-05 -10 3 7
0.000161581 -8.5 1.5 6
0.000586503 -9.5 2.5 6.5
0.000208952 -9.5 2.5 6
2.10732e-05 -10 3 5.5
3.29238e-05 -9.5 2.5 5.5
6.70005e-05 -10 3 6
9.86053e-05 -10 3 6.5
0.000268622 -9 2 6
0.0010961 -9 2 6.5
0.00104567 -8.5 1.5 6.5
0.00271039 -9 2 7
0.00464077 -9 2 7.5
0.00176631 -8 1 7
0.00248878 -8 1.5 9
0.00101669 -8 1.5 9.5
0.00166265 -8.5 2 9.5
0.00348126 -8.5 2 9
0.00358254 -8 1.5 8.5
0.000142416 -9 2.5 9.5
0.000381235 -8.5 2 10
0.000226816 -7.5 1 8
0.000406771 -9 2.5 9
0.0043565 -8.5 2 8.5
0.00352783 -8 1.5 8
5.4166e-05 -9 2.5 10
3.69253e-05 -8.5 2 10.5
0.000833668 -9 2.5 8.5
0.0041152 -8.5 2 8
0.000367262 -7.5 1 7
0.00102394 -9 2.5 8
2.18866e-05 -9.5 3 8
0.000185303 -7.5 1 6.5
0.00101106 -9 2.5 7.5
0.00171937 -8.5 2 7
0.0013718 -8 1.5 7
5.64877e-05 -9.5 3 7.5
4.95089e-05 -7.5 1 6
0.000812254 -9 2.5 7
0.000115173 -8 1.5 6
6.83042e-05 -9.5 3 7
0.000197929 -8.5 2 6
2.75646e-05 -8.5 2 5.5
6.70801e-05 -9.5 3 6
0.000190936 -9 2.5 6
2.62721e-05 -9.5 3 5.5
4.20076e-05 -9 2.5 5.5
9.35409e-05 -9.5 3 6.5
0.00047497 -9 2.5 6.5
0.000750275 -8.5 2 6.5
0.000511062 -8 1.5 6.5
0.00301807 -8.5 2 7.5
0.00262079 -8 1.5 7.5
0.00042409 -7.5 1 7.5
2.00649e-05 -8 1.5 10.5
0.00086545 -8 2 9.5
7.08244e-05 -7.5 1.5 9
0.00179431 -8 2 9
0.000261162 -8.5 2.5 9.5
0.000166673 -8 2 10
0.000407052 -7.5 1.5 8.5
0.00054983 -8.5 2.5 9
0.00208001 -8 2 8.5
9.68841e-05 -8.5 2.5 10
0.000812308 -8.5 2.5 8.5
0.00048719 -7.5 1.5 7.5
0.000823772 -8.5 2.5 8
3.98214e-05 -9 3 8
2.02741e-05 -7 1 6.5
0.000710655 -8.5 2.5 7.5
0.00030231 -7.5 1.5 7
0.0013474 -8 2 7.5
6.46751e-05 -9 3 7.5
0.000128254 -7.5 1.5 6.5
3.54988e-05 -7.5 1.5 6
0.000289899 -8 2 6.5
6.77725e-05 -9 3 7
0.000486811 -8.5 2.5 7
8.14941e-05 -8 2 6
2.02999e-05 -8 2 5.5
0.00010684 -8.5 2.5 6
2.41949e-05 -8.5 2.5 5.5
4.80976e-05 -9 3 6
6.53678e-05 -9 3 6.5
0.000270677 -8.5 2.5 6.5
0.000717713 -8 2 7
0.000142387 -7.5 2 9.5
0.000319714 -8 2.5 9.5
0.000541734 -8 2.5 9
0.000100462 -8 2.5 10
0.000515449 -7.5 2 8.5
0.000514291 -7.5 2 8
2.5469e-05 -8.5 3 8.5
0.000542616 -8 2.5 8
0.000607705 -8 2.5 8.5
4.65449e-05 -8.5 3 8
2.72051e-05 -7 1.5 7
0.000390455 -8 2.5 7.5
0.000371421 -7.5 2 7.5
5.835e-05 -8.5 3 7.5
6.77249e-05 -7.5 2 6.5
3.54253e-05 -8.5 3 6.5
2.72283e-05 -7.5 2 6
0.000105069 -8 2.5 6.5
2.38419e-05 -8.5 3 6
4.02713e-05 -8 2.5 6
5.32797e-05 -8.5 3 7
0.000228264 -8 2.5 7
0.000136642 -7.5 2.5 9.5
0.000261044 -7.5 2.5 9
3.18719e-05 -7.5 2.5 10
3.71723e-05 -8 3 8.5
3.55706e-05 -7 2 8
4.3764e-05 -8 3 8
3.87675e-05 -7 2 7.5
2.56038e-05 -7 2 7
2.87323e-05 -8 3 7
7.22039e-05 -7.5 2.5 7
3.51257e-05 -7 2.5 9
2.50259e-05 -7.5 3 9.5
4.64429e-05 -7 2.5 8.5
4.18579e-05 -7 2.5 8
2.40619e-05 -7 2.5 7.5
2.46061e-05 -7.5 3 7.5
3.43881e-05 -7.5 3 8
4.22375e-05 -7.5 3 8.5
3.90646e-05 -7.5 3 9
3.33681e-05 -7.5 2.5 6.5
4.01994e-05 -8 3 7.5
0.000147551 -7.5 2.5 7.5
0.000240153 -7.5 2.5 8
0.000284834 -7.5 2.5 8.5
0.000181286 -7.5 2 7
0.000382286 -7.5 2 9
0.001949 -8 2 8
0.000535468 -7.5 1.5 8
0.000178958 -8 1.5 10
0.00408976 -8 1 8
7.75992e-05 -8 1 10
0.000612758 -8 1 9.5
7.41239e-05 -8.5 1 10.5
0.0129227 -8.5 1 8.5
0.0029895 -8 0.5 8.5
0.00121833 -8 0.5 9
6.71624e-05 -8.5 0.5 10.5
0.000688416 -8.5 0.5 10
