0.588419
2.7747e-05 -5 -10 -12.5
3.37201e-05 -5 -10 -13
3.11031e-05 -5 -10 -13.5
2.18472e-05 -5 -10 -14
2.50818e-05 -4.5 -10 -13
2.75553e-05 -5 -9.5 -12.5
2.76188e-05 -4.5 -10 -13.5
3.36486e-05 -5 -9.5 -13
2.18718e-05 -4.5 -10 -14
3.3243e-05 -5 -9.5 -13.5
2.60023e-05 -5 -9.5 -14
3.90498e-05 -4.5 -9.5 -13
4.65407e-05 -4.5 -9.5 -13.5
4.51986e-05 -4.5 -9.5 -14
3.2959e-05 -4.5 -9.5 -14.5
2.15604e-05 -4.5 -9.5 -15
2.13298e-05 -5 -9 -14
2.71734e-05 -5 -9 -13.5
2.60642e-05 -5 -9 -13
2.83722e-05 -4.5 -9 -12.5
4.82049e-05 -4.5 -9 -13
2.16105e-05 -4 -9.5 -14
6.26025e-05 -4.5 -9 -13.5
2.07323e-05 -4 -9.5 -14.5
6.54846e-05 -4.5 -9 -14
2.85716e-05 -4.5 -9 -15
4.70906e-05 -4.5 -9 -14.5
2.32436e-05 -4.5 -8.5 -12.5
3.89061e-05 -4 -9 -13.5
5.02581e-05 -4.5 -8.5 -13
5.31891e-05 -4 -9 -14
6.85959e-05 -4.5 -8.5 -13.5
5.3871e-05 -4 -9 -14.5
4.02792e-05 -4 -9 -15
2.53015e-05 -4 -9 -15.5
3.44268e-05 -4.5 -8.5 -15
5.6714e-05 -4.5 -8.5 -14.5
7.3428e-05 -4.5 -8.5 -14
4.55751e-05 -4 -8.5 -13
8.29312e-05 -4 -8.5 -13.5
3.77492e-05 -4.5 -8 -13
0.000103572 -4 -8.5 -14
5.70209e-05 -4.5 -8 -13.5
0.000101133 -4 -8.5 -14.5
3.45576e-05 -4 -8.5 -15.5
2.79251e-05 -4.5 -8 -15
7.11118e-05 -4 -8.5 -15
4.58797e-05 -4.5 -8 -14.5
5.8508e-05 -4.5 -8 -14
2.21352e-05 -4 -8 -12.5
5.89446e-05 -4 -8 -13
2.84143e-05 -3.5 -8.5 -14
0.000107121 -4 -8 -13.5
3.63416e-05 -3.5 -8.5 -14.5
0.000138902 -4 -8 -14
3.78108e-05 -3.5 -8.5 -15
0.000142774 -4 -8 -14.5
2.29424e-05 -3.5 -8.5 -15.5
0.00010531 -4 -8 -15
2.19037e-05 -3.5 -8.5 -16
2.21734e-05 -4 -8 -16
5.43875e-05 -4 -8 -15.5
2.33634e-05 -4.5 -7.5 -14
2.69838e-05 -4.5 -7.5 -13.5
4.4486e-05 -3.5 -8 -13.5
5.64084e-05 -4 -7.5 -13
8.18753e-05 -3.5 -8 -14
0.000109191 -4 -7.5 -13.5
0.000112188 -3.5 -8 -14.5
0.000149216 -4 -7.5 -14
0.00011313 -3.5 -8 -15
7.92802e-05 -3.5 -8 -15.5
0.000123547 -4 -7.5 -15
4.20622e-05 -3.5 -8 -16
2.58055e-05 -4 -7.5 -16
6.49152e-05 -4 -7.5 -15.5
0.000154882 -4 -7.5 -14.5
3.37543e-05 -3.5 -7.5 -13
0.000101398 -3.5 -7.5 -13.5
3.22708e-05 -4 -7 -13
0.00017892 -3.5 -7.5 -14
7.73502e-05 -4 -7 -13.5
0.000218794 -3.5 -7.5 -14.5
2.17829e-05 -3 -8 -15.5
0.00021216 -3.5 -7.5 -15
2.15771e-05 -3 -8 -16
0.000145938 -3.5 -7.5 -15.5
7.01544e-05 -3.5 -7.5 -16
2.52394e-05 -3.5 -7.5 -16.5
4.97549e-05 -4 -7 -15.5
9.26082e-05 -4 -7 -15
0.000113232 -4 -7 -14.5
0.000114686 -4 -7 -14
4.53756e-05 -3.5 -7 -13
2.43456e-05 -3 -7.5 -14
0.000133589 -3.5 -7 -13.5
4.63398e-05 -3 -7.5 -14.5
0.000237599 -3.5 -7 -14
6.74081e-05 -3 -7.5 -15
7.44732e-05 -3 -7.5 -15.5
0.000292305 -3.5 -7 -15
5.40056e-05 -3 -7.5 -16
3.42492e-05 -3 -7.5 -16.5
2.97632e-05 -3.5 -7 -16.5
0.000104244 -3.5 -7 -16
0.000208226 -3.5 -7 -15.5
2.8508e-05 -4 -6.5 -15
3.93561e-05 -4 -6.5 -14.5
0.000295784 -3.5 -7 -14.5
4.76344e-05 -4 -6.5 -14
3.07598e-05 -4 -6.5 -13.5
3.28787e-05 -3 -7 -13.5
3.64309e-05 -3.5 -6.5 -13
9.26341e-05 -3 -7 -14
0.000133297 -3.5 -6.5 -13.5
0.000175501 -3 -7 -14.5
0.0002441 -3.5 -6.5 -14
0.000224437 -3 -7 -15
0.000219251 -3 -7 -15.5
0.000149002 -3 -7 -16
6.28306e-05 -3 -7 -16.5
3.17976e-05 -3.5 -6.5 -16.5
0.000113823 -3.5 -6.5 -16
0.000233614 -3.5 -6.5 -15.5
0.000310282 -3.5 -6.5 -15
0.000313267 -3.5 -6.5 -14.5
8.55394e-05 -3 -6.5 -13.5
0.000230167 -3 -6.5 -14
8.02534e-05 -3.5 -6 -13.5
0.000384004 -3 -6.5 -14.5
0.000441262 -3 -6.5 -15
2.65996e-05 -2.5 -7 -16
2.89968e-05 -2.5 -7 -16.5
0.000257759 -3 -6.5 -16
3.20991e-05 -3 -6.5 -17
0.000102063 -3 -6.5 -16.5
8.00009e-05 -3.5 -6 -16
0.000164507 -3.5 -6 -15.5
0.000407553 -3 -6.5 -15.5
0.000218604 -3.5 -6 -15
0.000227693 -3.5 -6 -14.5
0.000174787 -3.5 -6 -14
2.28105e-05 -3 -6 -13
0.000121966 -3 -6 -13.5
2.83713e-05 -2.5 -6.5 -14.5
0.00032719 -3 -6 -14
8.01221e-05 -2.5 -6.5 -15
0.000525399 -3 -6 -14.5
0.000111526 -2.5 -6.5 -15.5
0.00058683 -3 -6 -15
0.00012123 -2.5 -6.5 -16
4.94306e-05 -3.5 -5.5 -15.5
9.66852e-05 -2.5 -6.5 -16.5
3.99964e-05 -2.5 -6.5 -17
3.70981e-05 -3 -6 -17
0.000142627 -3 -6 -16.5
2.40969e-05 -3.5 -5.5 -16
0.000349685 -3 -6 -16
0.000549416 -3 -6 -15.5
7.34199e-05 -3.5 -5.5 -15
8.6888e-05 -3.5 -5.5 -14.5
6.5677e-05 -3.5 -5.5 -14
2.48542e-05 -3.5 -5.5 -13.5
2.05303e-05 -2.5 -6 -13.5
7.39048e-05 -2.5 -6 -14
0.000114896 -3 -5.5 -13.5
0.00018708 -2.5 -6 -14.5
0.000333996 -3 -5.5 -14
0.000318251 -2.5 -6 -15
0.000393474 -2.5 -6 -15.5
0.000362104 -2.5 -6 -16
0.000221668 -2.5 -6 -16.5
0.000150535 -3 -5.5 -16.5
2.44712e-05 -3 -5.5 -17
7.98289e-05 -2.5 -6 -17
0.000381893 -3 -5.5 -16
0.000575309 -3 -5.5 -15.5
0.000610565 -3 -5.5 -15
0.000540161 -3 -5.5 -14.5
5.29308e-05 -2.5 -5.5 -13.5
0.000218731 -2.5 -5.5 -14
4.85595e-05 -3 -5 -13.5
0.000500409 -2.5 -5.5 -14.5
0.000206556 -3 -5 -14
0.00075533 -2.5 -5.5 -15
0.000798188 -2.5 -5.5 -15.5
2.65567e-05 -2 -6 -16.5
4.11327e-05 -2 -6 -17
2.23466e-05 -2 -6 -17.5
0.000117121 -2.5 -5.5 -17
0.000101649 -3 -5 -16.5
0.000381504 -2.5 -5.5 -16.5
0.000261193 -3 -5 -16
0.000688761 -2.5 -5.5 -16
0.000394668 -3 -5 -15.5
0.000424562 -3 -5 -15
0.000373165 -3 -5 -14.5
8.20925e-05 -2.5 -5 -13.5
0.000354684 -2.5 -5 -14
0.000775272 -2.5 -5 -14.5
7.50066e-05 -2 -5.5 -15.5
0.00109208 -2.5 -5 -15
0.000156902 -2 -5.5 -16
8.08373e-05 -3 -4.5 -16
0.000172869 -2 -5.5 -16.5
0.000119099 -2 -5.5 -17
4.0242e-05 -2 -5.5 -17.5
2.26173e-05 -2.5 -5 -17.5
0.000140331 -2.5 -5 -17
3.99569e-05 -3 -4.5 -16.5
0.000487393 -2.5 -5 -16.5
0.000934863 -2.5 -5 -16
0.000131644 -3 -4.5 -15.5
0.00111994 -2.5 -5 -15.5
0.000152634 -3 -4.5 -15
0.000132313 -3 -4.5 -14.5
6.61078e-05 -3 -4.5 -14
2.94745e-05 -2 -5 -14
8.00933e-05 -2.5 -4.5 -13.5
0.000128767 -2 -5 -14.5
0.000375137 -2.5 -4.5 -14
0.000361842 -2 -5 -15
0.000847886 -2.5 -4.5 -14.5
0.00057751 -2 -5 -15.5
0.000592755 -2 -5 -16
0.000241228 -2 -5 -17
2.70634e-05 -2.5 -4.5 -17.5
5.49664e-05 -2 -5 -17.5
0.000123376 -2.5 -4.5 -17
0.000510617 -2.5 -4.5 -16.5
0.000507534 -2 -5 -16.5
0.000978387 -2.5 -4.5 -16
0.00116393 -2.5 -4.5 -15.5
0.00114045 -2.5 -4.5 -15
3.87712e-05 -2 -4.5 -13.5
0.000197829 -2 -4.5 -14
2.83573e-05 -2.5 -4 -13.5
0.000600703 -2 -4.5 -14.5
0.000206246 -2.5 -4 -14
0.00109717 -2 -4.5 -15
0.00141669 -2 -4.5 -15.5
0.00134645 -2 -4.5 -16
2.97966e-05 -1.5 -5 -17.5
2.25678e-05 -1.5 -5 -18
7.63572e-05 -2 -4.5 -17.5
7.22186e-05 -2.5 -4 -17
0.000387219 -2 -4.5 -17
0.000334562 -2.5 -4 -16.5
0.000907996 -2 -4.5 -16.5
0.000653535 -2.5 -4 -16
0.000773553 -2.5 -4 -15.5
0.000769009 -2.5 -4 -15
0.000549247 -2.5 -4 -14.5
5.47572e-05 -2 -4 -13.5
0.000354449 -2 -4 -14
0.00105661 -2 -4 -14.5
0.00178311 -2 -4 -15
5.51788e-05 -1.5 -4.5 -16.5
0.000221131 -2.5 -3.5 -16
0.000103562 -2.5 -3.5 -16.5
0.000151405 -1.5 -4.5 -17
0.000117731 -1.5 -4.5 -17.5
3.28707e-05 -1.5 -4.5 -18
8.59134e-05 -2 -4 -17.5
2.42116e-05 -2.5 -3.5 -17
0.000491984 -2 -4 -17
0.00125484 -2 -4 -16.5
0.00189761 -2 -4 -16
0.000255273 -2.5 -3.5 -15.5
0.00200935 -2 -4 -15.5
0.000254669 -2.5 -3.5 -15
0.000175825 -2.5 -3.5 -14.5
5.11151e-05 -2.5 -3.5 -14
5.24969e-05 -2 -3.5 -13.5
0.000367827 -2 -3.5 -14
3.59298e-05 -1.5 -4 -15
0.00115614 -2 -3.5 -14.5
0.000260376 -1.5 -4 -15.5
0.00053559 -1.5 -4 -16
0.000678928 -1.5 -4 -16.5
2.33635e-05 -1.5 -4 -18
6.63653e-05 -2 -3.5 -17.5
0.000222996 -1.5 -4 -17.5
0.000488841 -2 -3.5 -17
0.000547872 -1.5 -4 -17
0.00129432 -2 -3.5 -16.5
0.00197377 -2 -3.5 -16
0.00215325 -2 -3.5 -15.5
0.00196505 -2 -3.5 -15
2.14817e-05 -1.5 -3.5 -13.5
0.00010241 -1.5 -3.5 -14
0.000427434 -1.5 -3.5 -14.5
0.00017556 -2 -3 -14
0.00116318 -1.5 -3.5 -15
0.00190145 -1.5 -3.5 -15.5
0.00209579 -1.5 -3.5 -16
2.58166e-05 -1.5 -3.5 -18
2.6869e-05 -2 -3 -17.5
0.000247286 -1.5 -3.5 -17.5
0.000300217 -2 -3 -17
0.00104276 -1.5 -3.5 -17
0.000816378 -2 -3 -16.5
0.00188127 -1.5 -3.5 -16.5
0.00121975 -2 -3 -16
0.00128828 -2 -3 -15.5
0.00120059 -2 -3 -15
0.000691227 -2 -3 -14.5
5.62568e-05 -1.5 -3 -13.5
0.000377572 -1.5 -3 -14
0.00138874 -1.5 -3 -14.5
0.00294651 -1.5 -3 -15
0.000352933 -2 -2.5 -16
0.000262254 -2 -2.5 -16.5
3.12779e-05 -1 -3.5 -17.5
3.83371e-05 -1 -3.5 -18
3.5637e-05 -1.5 -3 -18
0.000249055 -1.5 -3 -17.5
9.91746e-05 -2 -2.5 -17
0.00133412 -1.5 -3 -17
0.00284889 -1.5 -3 -16.5
0.00365799 -1.5 -3 -16
0.000364814 -2 -2.5 -15.5
0.00371748 -1.5 -3 -15.5
0.000317618 -2 -2.5 -15
0.000156058 -2 -2.5 -14.5
3.31281e-05 -2 -2.5 -14
5.59775e-05 -1.5 -2.5 -13.5
0.000438328 -1.5 -2.5 -14
0.00172568 -1.5 -2.5 -14.5
8.85634e-05 -1 -3 -16.5
0.000287275 -1 -3 -17
0.000279441 -1 -3 -17.5
2.41938e-05 -1.5 -2.5 -18
0.000119776 -1 -3 -18
0.000195687 -1.5 -2.5 -17.5
0.00125527 -1.5 -2.5 -17
0.00308608 -1.5 -2.5 -16.5
3.38194e-05 -2 -2 -16
0.00406323 -1.5 -2.5 -16
4.0974e-05 -2 -2 -15.5
0.00415658 -1.5 -2.5 -15.5
4.5094e-05 -2 -2 -15
0.0034197 -1.5 -2.5 -15
2.2621e-05 -2 -2 -14.5
3.17695e-05 -1 -2.5 -14.5
0.000299897 -1 -2.5 -15
0.000930275 -1 -2.5 -15.5
0.00156339 -1 -2.5 -16
0.00170072 -1 -2.5 -16.5
0.000124094 -1 -2.5 -18
0.000104179 -1.5 -2 -17.5
0.000703279 -1 -2.5 -17.5
0.000650785 -1.5 -2 -17
0.0014355 -1 -2.5 -17
0.00166829 -1.5 -2 -16.5
0.00238363 -1.5 -2 -16
0.00250529 -1.5 -2 -15.5
0.00230017 -1.5 -2 -15
0.00118911 -1.5 -2 -14.5
0.000200325 -1.5 -2 -14
5.09704e-05 -1 -2 -13.5
0.000318664 -1 -2 -14
0.00131437 -1 -2 -14.5
0.00313304 -1 -2 -15
0.000147115 -1.5 -1.5 -17
6.00266e-05 -1 -2 -18
2.68632e-05 -1.5 -1.5 -17.5
0.000891348 -1 -2 -17.5
0.00282846 -1 -2 -17
0.000308708 -1.5 -1.5 -16.5
0.00470123 -1 -2 -16.5
0.000380758 -1.5 -1.5 -16
0.00523415 -1 -2 -16
0.000389845 -1.5 -1.5 -15.5
0.00481988 -1 -2 -15.5
0.000329587 -1.5 -1.5 -15
0.000119962 -1.5 -1.5 -14.5
8.27084e-05 -1 -1.5 -13.5
0.000588583 -1 -1.5 -14
2.16483e-05 -0.5 -2 -17.5
3.37118e-05 -0.5 -2 -18
4.58476e-05 -1 -1.5 -18
0.000732875 -1 -1.5 -17.5
0.00328658 -1 -1.5 -17
0.00604349 -1 -1.5 -16.5
0.00702326 -1 -1.5 -16
0.00701376 -1 -1.5 -15.5
0.00532988 -1 -1.5 -15
0.00253629 -1 -1.5 -14.5
4.41671e-05 -1 -1 -13.5
0.000133943 -0.5 -1.5 -16
0.000347978 -0.5 -1.5 -16.5
0.000467871 -0.5 -1.5 -17
2.1779e-05 -0.5 -1.5 -18.5
0.00017045 -0.5 -1.5 -18
0.00027149 -1 -1 -17.5
0.000396056 -0.5 -1.5 -17.5
0.00203806 -1 -1 -17
0.00454023 -1 -1 -16.5
0.00580637 -1 -1 -16
0.00593551 -1 -1 -15.5
0.00497993 -1 -1 -15
0.0023243 -1 -1 -14.5
0.000444272 -1 -1 -14
0.000130169 -0.5 -1 -14
0.000602937 -0.5 -1 -14.5
0.00173603 -0.5 -1 -15
0.0030728 -0.5 -1 -15.5
0.000228768 -0.5 -1 -18
6.03416e-05 -1 -0.5 -17.5
0.00122186 -0.5 -1 -17.5
0.000461202 -1 -0.5 -17
0.00270448 -0.5 -1 -17
0.000953316 -1 -0.5 -16.5
0.00363326 -0.5 -1 -16.5
0.00116448 -1 -0.5 -16
0.00376115 -0.5 -1 -16
0.00119437 -1 -0.5 -15.5
0.00101672 -1 -0.5 -15
0.000348003 -1 -0.5 -14.5
2.87641e-05 -1 -0.5 -14
0.000110266 -0.5 -0.5 -13.5
0.000754828 -0.5 -0.5 -14
7.11172e-05 -1 0 -16
6.77964e-05 -1 0 -16.5
5.41779e-05 -1 0 -17
2.20782e-05 -1 0 -17.5
0.000130517 -0.5 -0.5 -18
0.00156412 -0.5 -0.5 -17.5
0.00468413 -0.5 -0.5 -17
0.00763142 -0.5 -0.5 -16.5
0.00867747 -0.5 -0.5 -16
6.91431e-05 -1 0 -15.5
0.00854769 -0.5 -0.5 -15.5
3.11884e-05 -1 0 -15
0.00633242 -0.5 -0.5 -15
0.00303246 -0.5 -0.5 -14.5
0.000104817 -0.5 0 -13.5
5.21066e-05 -0.5 0 -18
0.000910083 -0.5 0 -17.5
0.00402793 -0.5 0 -17
0.00747661 -0.5 0 -16.5
0.0087362 -0.5 0 -16
0.0087849 -0.5 0 -15.5
0.00698871 -0.5 0 -15
0.00338896 -0.5 0 -14.5
0.000789537 -0.5 0 -14
2.49298e-05 0 0 -13.5
0.000155322 0 0 -14
0.000586134 0 0 -14.5
8.26788e-05 0 0 -18
0.000228075 -0.5 0.5 -17.5
0.000486328 0 0 -17.5
0.00141496 -0.5 0.5 -17
0.00113685 0 0 -17
0.00286981 -0.5 0.5 -16.5
0.0016948 0 0 -16.5
0.00344909 -0.5 0.5 -16
0.00183741 0 0 -16
0.00349944 -0.5 0.5 -15.5
0.00175504 0 0 -15.5
0.00296904 -0.5 0.5 -15
0.00123406 0 0 -15
0.00130077 -0.5 0.5 -14.5
0.00019386 -0.5 0.5 -14
0.000122571 0 0.5 -13.5
0.000807105 0 0.5 -14
0.000336491 -0.5 1 -16
0.000209532 -0.5 1 -17
0.000146524 0 0.5 -18
6.48694e-05 -0.5 1 -17.5
0.00139019 0 0.5 -17.5
0.00399464 0 0.5 -17
0.000312124 -0.5 1 -16.5
0.0065402 0 0.5 -16.5
0.00743759 0 0.5 -16
0.00032903 -0.5 1 -15.5
0.007398 0 0.5 -15.5
0.00019806 -0.5 1 -15
0.00574085 0 0.5 -15
3.53782e-05 -0.5 1 -14.5
0.00291232 0 0.5 -14.5
3.32156e-05 0.5 0.5 -14
0.000112114 0.5 0.5 -14.5
0.000226472 0.5 0.5 -15
8.32029e-05 0 1 -18
2.1811e-05 0.5 0.5 -18
0.00109101 0 1 -17.5
9.52538e-05 0.5 0.5 -17.5
0.00425194 0 1 -17
0.000218124 0.5 0.5 -17
0.00770202 0 1 -16.5
0.000320361 0.5 0.5 -16.5
0.00909467 0 1 -16
0.00035064 0.5 0.5 -16
0.00916649 0 1 -15.5
0.000323445 0.5 0.5 -15.5
0.0076856 0 1 -15
0.00403967 0 1 -14.5
0.00109529 0 1 -14
0.000157551 0 1 -13.5
4.91946e-05 0.5 1 -13.5
0.000314145 0.5 1 -14
0.00107556 0.5 1 -14.5
2.12371e-05 0 1.5 -18
6.0272e-05 0.5 1 -18
0.000401789 0 1.5 -17.5
0.000503737 0.5 1 -17.5
0.00223825 0 1.5 -17
0.00138718 0.5 1 -17
0.0045982 0 1.5 -16.5
0.00225454 0.5 1 -16.5
0.00564523 0 1.5 -16
0.00257815 0.5 1 -16
0.00572926 0 1.5 -15.5
0.0025841 0.5 1 -15.5
0.00502547 0 1.5 -15
0.00205455 0.5 1 -15
0.00274181 0 1.5 -14.5
0.000719319 0 1.5 -14
8.64031e-05 0 1.5 -13.5
2.06231e-05 0.5 1.5 -13
8.61299e-05 0 2 -17.5
6.31046e-05 0.5 1.5 -18
0.000698518 0.5 1.5 -17.5
0.000460015 0 2 -17
0.00274414 0.5 1.5 -17
0.000856996 0 2 -16.5
0.00501314 0.5 1.5 -16.5
0.000992234 0 2 -16
0.00609021 0.5 1.5 -16
0.00098952 0 2 -15.5
0.00620067 0.5 1.5 -15.5
0.000773166 0 2 -15
0.00548601 0.5 1.5 -15
0.000296064 0 2 -14.5
0.00317717 0.5 1.5 -14.5
3.72846e-05 0 2 -14
0.00104524 0.5 1.5 -14
0.000169667 0.5 1.5 -13.5
0.000100089 1 1.5 -14
0.000282909 1 1.5 -14.5
0.000486357 1 1.5 -15
4.73435e-05 0 2.5 -15.5
0.000565692 1 1.5 -16
6.17224e-05 0 2.5 -16
6.22322e-05 0 2.5 -16.5
5.26179e-05 0 2.5 -17
0.000127937 1 1.5 -17.5
3.33465e-05 0.5 2 -18
2.50635e-05 0 2.5 -17.5
0.00048052 0.5 2 -17.5
0.00262116 0.5 2 -17
0.000313938 1 1.5 -17
0.00575342 0.5 2 -16.5
0.000479064 1 1.5 -16.5
0.00776046 0.5 2 -16
0.0080397 0.5 2 -15.5
0.000576532 1 1.5 -15.5
0.00753681 0.5 2 -15
0.00481633 0.5 2 -14.5
0.00173571 0.5 2 -14
0.000288038 0.5 2 -13.5
3.41831e-05 0.5 2 -13
0.000628165 1 2 -14
2.39071e-05 1 2 -18
2.44514e-05 0.5 2.5 -18
0.000235356 0.5 2.5 -17.5
0.000263413 1 2 -17.5
0.00166544 0.5 2.5 -17
0.00107964 1 2 -17
0.0040014 0.5 2.5 -16.5
0.00205743 1 2 -16.5
0.00552191 0.5 2.5 -16
0.00267423 1 2 -16
0.00575261 0.5 2.5 -15.5
0.00279229 1 2 -15.5
0.00545596 0.5 2.5 -15
0.00261778 1 2 -15
0.00367127 0.5 2.5 -14.5
0.00166335 1 2 -14.5
0.0014571 0.5 2.5 -14
0.000251586 0.5 2.5 -13.5
0.00011376 1 2 -13.5
2.89432e-05 0.5 2.5 -13
0.00509364 1 2.5 -15
3.39135e-05 1.5 2 -16.5
3.58676e-05 1.5 2 -17
2.03895e-05 1.5 2 -17.5
0.00152592 1 2.5 -17
2.29351e-05 1 2.5 -18
8.96333e-05 0.5 3 -17.5
0.00023952 1 2.5 -17.5
0.000585484 0.5 3 -17
0.00146348 0.5 3 -16.5
0.00374509 1 2.5 -16.5
0.00190362 0.5 3 -16
0.00514766 1 2.5 -16
0.00191827 0.5 3 -15.5
0.00527503 1 2.5 -15.5
0.00170382 0.5 3 -15
0.00101215 0.5 3 -14.5
0.00358207 1 2.5 -14.5
0.000336357 0.5 3 -14
0.00149226 1 2.5 -14
5.62043e-05 0.5 3 -13.5
0.000280966 1 2.5 -13.5
3.37319e-05 1 2.5 -13
3.03295e-05 1.5 2.5 -13.5
0.000170694 1.5 2.5 -14
0.000740456 1 3 -13.5
0.000379249 1.5 2.5 -14.5
0.000528834 1.5 2.5 -15
0.00534959 1 3 -14.5
0.000558799 1.5 2.5 -15.5
0.000559859 1.5 2.5 -16
0.000481301 1.5 2.5 -16.5
0.000274899 1.5 2.5 -17
0.00354499 1 3 -16.5
7.76424e-05 1.5 2.5 -17.5
2.12609e-05 1 3 -18
3.80619e-05 0.5 3.5 -17.5
0.000155807 1 3 -17.5
0.000144717 0.5 3.5 -17
0.00130775 1 3 -17
0.000236865 0.5 3.5 -16.5
0.000249271 0.5 3.5 -16
0.00565455 1 3 -16
0.000231251 0.5 3.5 -15.5
0.00653804 1 3 -15.5
0.00014152 0.5 3.5 -15
0.00653072 1 3 -15
2.55688e-05 0.5 3.5 -14.5
0.00279131 1 3 -14
0.000100355 1 3 -13
4.35225e-05 1.5 3 -13
0.000334756 1.5 3 -13.5
0.00205726 1.5 3 -14.5
0.00239761 1.5 3 -15.5
0.00140175 1.5 3 -16.5
8.11992e-05 1.5 3 -17.5
9.24652e-05 1 3.5 -17.5
0.000770308 1 3.5 -17
0.000567705 1.5 3 -17
0.00247536 1 3.5 -16.5
0.00435626 1 3.5 -16
0.00213083 1.5 3 -16
0.00510802 1 3.5 -15.5
0.00511955 1 3.5 -15
0.00241397 1.5 3 -15
0.00429932 1 3.5 -14.5
0.00241081 1 3.5 -14
0.00113679 1.5 3 -14
0.000712153 1 3.5 -13.5
9.34555e-05 1 3.5 -13
0.000111545 1.5 3.5 -13
0.00243806 1.5 3.5 -14
2.68335e-05 2 3 -15.5
0.00472259 1.5 3.5 -15
3.92667e-05 2 3 -16
4.24523e-05 2 3 -16.5
0.0037143 1.5 3.5 -16
3.64682e-05 2 3 -17
4.37186e-05 1 4 -17.5
7.49764e-05 1.5 3.5 -17.5
0.000335314 1 4 -17
0.000561171 1.5 3.5 -17
0.00110578 1 4 -16.5
0.00196542 1.5 3.5 -16.5
0.00193279 1 4 -16
0.00219131 1 4 -15.5
0.00464239 1.5 3.5 -15.5
0.00216409 1 4 -15
0.00169883 1 4 -14.5
0.0042587 1.5 3.5 -14.5
0.000876573 1 4 -14
0.000262689 1 4 -13.5
0.000774826 1.5 3.5 -13.5
3.71565e-05 1 4 -13
0.000369128 2 3.5 -14
0.000624075 2 3.5 -14.5
0.000656482 2 3.5 -15
0.000622271 2 3.5 -15.5
0.000486989 2 3.5 -16
0.00475992 1.5 4 -15.5
0.000134116 2 3.5 -17
0.0017855 1.5 4 -16.5
0.000403191 1.5 4 -17
5.90513e-05 1.5 4 -17.5
0.000119783 1 4.5 -17
0.00030778 1 4.5 -16.5
0.000435155 1 4.5 -16
0.000313793 2 3.5 -16.5
0.00362175 1.5 4 -16
0.000452618 1 4.5 -15.5
0.000413783 1 4.5 -15
0.00494053 1.5 4 -15
0.000256401 1 4.5 -14.5
0.00467073 1.5 4 -14.5
8.22428e-05 1 4.5 -14
0.00336202 1.5 4 -14
0.00156842 1.5 4 -13.5
0.000117698 2 3.5 -13.5
0.000352662 1.5 4 -13
4.35865e-05 1.5 4 -12.5
0.000149741 2 4 -13
0.00202567 2 4 -14.5
0.00282664 1.5 4.5 -14
0.00194865 2 4 -15.5
0.00396548 1.5 4.5 -15
0.000735964 2 4 -16.5
3.33945e-05 1 5 -16.5
0.000169963 2 4 -17
2.23476e-05 1.5 4.5 -17.5
2.78388e-05 1 5 -17
0.000230889 1.5 4.5 -17
0.00116249 1.5 4.5 -16.5
0.00265157 1.5 4.5 -16
0.00144966 2 4 -16
0.00377621 1.5 4.5 -15.5
0.00205578 2 4 -15
0.00378884 1.5 4.5 -14.5
0.00152418 2 4 -14
0.0014014 1.5 4.5 -13.5
0.000714186 2 4 -13.5
0.000322666 1.5 4.5 -13
4.02059e-05 1.5 4.5 -12.5
0.000572662 2 4.5 -13
0.00164441 2 4.5 -13.5
3.36002e-05 2.5 4 -14.5
0.00286306 2 4.5 -14
3.79746e-05 2.5 4 -15
3.62399e-05 2.5 4 -15.5
0.00346147 2 4.5 -15
3.77993e-05 2.5 4 -16
3.68402e-05 2.5 4 -16.5
0.00195047 2 4.5 -16
2.04405e-05 2.5 4 -17
0.000121224 1.5 5 -17
0.00014748 2 4.5 -17
0.000549126 1.5 5 -16.5
0.000776701 2 4.5 -16.5
0.00120914 1.5 5 -16
0.00173915 1.5 5 -15.5
0.00309099 2 4.5 -15.5
0.00184306 1.5 5 -15
0.00175026 1.5 5 -14.5
0.00345118 2 4.5 -14.5
0.00130563 1.5 5 -14
0.000668042 1.5 5 -13.5
0.000168545 1.5 5 -13
2.03052e-05 1.5 5 -12.5
7.18107e-05 2 4.5 -12.5
0.000126255 2.5 4.5 -13
0.000253519 2 5 -12.5
0.000366528 2.5 4.5 -13.5
0.000551167 2.5 4.5 -14
0.000561907 2.5 4.5 -14.5
0.000526794 2.5 4.5 -15
0.00348349 2 5 -14.5
0.000413783 2.5 4.5 -15.5
0.000297458 2.5 4.5 -16
0.00294778 2 5 -15.5
0.000149878 2.5 4.5 -16.5
3.07552e-05 2.5 4.5 -17
4.67937e-05 1.5 5.5 -17
0.0001023 2 5 -17
0.00018602 1.5 5.5 -16.5
0.000597647 2 5 -16.5
0.0003553 1.5 5.5 -16
0.00171183 2 5 -16
0.000437211 1.5 5.5 -15.5
0.000451882 1.5 5.5 -15
0.00346437 2 5 -15
0.000405228 1.5 5.5 -14.5
0.000259199 1.5 5.5 -14
0.00315965 2 5 -14
0.000104085 1.5 5.5 -13.5
0.00223021 2 5 -13.5
2.11056e-05 1.5 5.5 -13
0.00106753 2 5 -13
3.00194e-05 2 5 -12
0.000144356 2.5 5 -12.5
2.69594e-05 2 5.5 -12
0.000628087 2.5 5 -13
0.00155095 2.5 5 -14
0.00157592 2.5 5 -14.5
0.00120026 2.5 5 -15.5
0.00275343 2 5.5 -15
0.000679521 2.5 5 -16
0.000223375 2.5 5 -16.5
0.0010879 2 5.5 -16
2.93318e-05 2.5 5 -17
5.13497e-05 2 5.5 -17
2.21233e-05 1.5 6 -17
3.82147e-05 1.5 6 -16.5
0.000347938 2 5.5 -16.5
4.02164e-05 1.5 6 -16
0.00208532 2 5.5 -15.5
0.00150753 2.5 5 -15
0.0028315 2 5.5 -14.5
0.00260929 2 5.5 -14
0.001857 2 5.5 -13.5
0.00121818 2.5 5 -13.5
0.000884499 2 5.5 -13
0.000221554 2 5.5 -12.5
8.59921e-05 2.5 5.5 -12
3.45116e-05 3 5 -13.5
3.98725e-05 3 5 -14
0.00196539 2.5 5.5 -13.5
0.000421985 2 6 -13
3.8545e-05 3 5 -14.5
0.00239816 2.5 5.5 -14
3.13879e-05 3 5 -15
2.59449e-05 3 5 -15.5
0.00222193 2.5 5.5 -15
2.46929e-05 3 5 -16
0.000694755 2.5 5.5 -16
0.000198653 2.5 5.5 -16.5
2.58576e-05 2.5 5.5 -17
0.00015724 2 6 -16.5
3.09262e-05 2 6 -17
0.000506812 2 6 -16
0.000952588 2 6 -15.5
0.00148253 2.5 5.5 -15.5
0.00128964 2 6 -15
0.00135057 2 6 -14.5
0.00242997 2.5 5.5 -14.5
0.00123737 2 6 -14
0.000868739 2 6 -13.5
0.0012775 2.5 5.5 -13
0.000109155 2 6 -12.5
0.000538543 2.5 5.5 -12.5
2.82729e-05 3 5.5 -12
0.000688758 2.5 6 -12.5
0.000486958 3 5.5 -13.5
7.21944e-05 2 6.5 -13
0.00135327 2.5 6 -13
0.000166226 2 6.5 -13.5
0.000472407 3 5.5 -14
0.000425307 3 5.5 -14.5
0.000329479 3 5.5 -15
0.00237501 2.5 6 -14.5
0.000227697 3 5.5 -15.5
0.000121311 3 5.5 -16
2.95297e-05 3 5.5 -16.5
0.000121911 2.5 6 -16.5
2.11835e-05 2.5 6 -17
5.95176e-05 2 6.5 -16.5
0.000166036 2 6.5 -16
0.000527254 2.5 6 -16
0.000296429 2 6.5 -15.5
0.00126154 2.5 6 -15.5
0.000349072 2 6.5 -15
0.00206562 2.5 6 -15
0.000323973 2 6.5 -14.5
0.000268981 2 6.5 -14
0.00236666 2.5 6 -14
0.00201396 2.5 6 -13.5
0.000340724 3 5.5 -13
0.000144747 3 5.5 -12.5
0.000217695 2.5 6 -12
3.22704e-05 2.5 6 -11.5
0.000163542 3 6 -12
0.000507999 3 6 -12.5
0.000177983 2.5 6.5 -12
0.000919745 3 6 -13
0.00158446 2.5 6.5 -13.5
0.00115732 3 6 -13.5
0.00112344 3 6 -14.5
0.000873573 3 6 -15
0.000497305 3 6 -15.5
0.00139375 2.5 6.5 -15
3.12289e-05 2 7 -15.5
0.000188059 3 6 -16
3.64888e-05 3 6 -16.5
6.21364e-05 2.5 6.5 -16.5
3.12117e-05 2 7 -16
0.000306035 2.5 6.5 -16
0.000793981 2.5 6.5 -15.5
0.00177054 2.5 6.5 -14.5
0.00179141 2.5 6.5 -14
0.00118024 3 6 -14
0.0010883 2.5 6.5 -13
0.000531823 2.5 6.5 -12.5
3.56553e-05 3.5 6 -12.5
8.38923e-05 2.5 7 -12
0.000429485 3 6.5 -12
5.08389e-05 3.5 6 -13
0.000253273 2.5 7 -12.5
4.64871e-05 3.5 6 -13.5
3.8119e-05 3.5 6 -14
0.000705843 2.5 7 -13.5
0.00150984 3 6.5 -13.5
2.22861e-05 3.5 6 -14.5
0.000804887 2.5 7 -14
0.000965423 3 6.5 -15
0.000168399 3 6.5 -16
0.000357208 2.5 7 -15.5
2.35182e-05 2.5 7 -16.5
2.6969e-05 3 6.5 -16.5
0.000136903 2.5 7 -16
0.000499099 3 6.5 -15.5
0.000612468 2.5 7 -15
0.000787118 2.5 7 -14.5
0.00141336 3 6.5 -14.5
0.00155464 3 6.5 -14
0.000499675 2.5 7 -13
0.00123314 3 6.5 -13
0.000857153 3 6.5 -12.5
0.000182642 3 7 -11.5
5.59853e-05 3.5 6.5 -11.5
0.000288497 3.5 6.5 -12.5
4.5982e-05 2.5 7.5 -12.5
0.000378413 3.5 6.5 -13
0.000838699 3 7 -12.5
9.21499e-05 2.5 7.5 -13
0.000139509 2.5 7.5 -13.5
0.000323658 3.5 6.5 -14
0.000172442 2.5 7.5 -14
0.000227914 3.5 6.5 -14.5
0.00141797 3 7 -14
0.000171919 2.5 7.5 -14.5
0.000149503 3.5 6.5 -15
7.63166e-05 3.5 6.5 -15.5
2.45001e-05 3.5 6.5 -16
0.000103994 2.5 7.5 -15.5
0.000365614 3 7 -15.5
3.80873e-05 2.5 7.5 -16
0.000109766 3 7 -16
0.000156469 2.5 7.5 -15
0.000785518 3 7 -15
0.00122209 3 7 -14.5
0.0014002 3 7 -13.5
0.00038065 3.5 6.5 -13.5
0.00117516 3 7 -13
5.13964e-05 3.5 7 -11
3.21871e-05 3 7.5 -11
0.000143939 3 7.5 -11.5
0.000179026 3.5 7 -11.5
0.000336147 3 7.5 -12
0.000580517 3 7.5 -12.5
0.000639756 3.5 7 -12.5
0.000791259 3.5 7 -13.5
0.000706689 3.5 7 -14
0.000524399 3.5 7 -14.5
0.000306189 3.5 7 -15
0.000755963 3 7.5 -14.5
0.000124434 3.5 7 -15.5
2.64418e-05 3.5 7 -16
4.91625e-05 3 7.5 -16
0.000194308 3 7.5 -15.5
0.000456166 3 7.5 -15
0.000923113 3 7.5 -14
0.00092727 3 7.5 -13.5
0.000817857 3 7.5 -13
0.000775987 3.5 7 -13
3.1043e-05 3.5 7.5 -10.5
5.62234e-05 3 8 -11.5
5.7875e-05 4 7 -12
0.000311091 3.5 7.5 -11.5
0.000116361 3 8 -12
5.91329e-05 4 7 -12.5
0.000231352 3 8 -12.5
5.05005e-05 4 7 -13
0.000330806 3 8 -13
3.20612e-05 4 7 -13.5
0.000787953 3.5 7.5 -13
0.000380011 3 8 -13.5
0.000377076 3 8 -14
0.000298217 3 8 -14.5
0.000529586 3.5 7.5 -14.5
0.000180959 3 8 -15
7.251e-05 3 8 -15.5
0.000106203 3.5 7.5 -15.5
0.000292412 3.5 7.5 -15
0.000737371 3.5 7.5 -14
0.000812192 3.5 7.5 -13.5
2.41764e-05 4 7.5 -10.5
8.63156e-05 4 7.5 -11
3.36642e-05 3.5 8 -10.5
0.000161387 4 7.5 -11.5
0.000478352 3.5 8 -12
0.000223805 4 7.5 -12
2.41529e-05 3 8.5 -12.5
0.00025105 4 7.5 -13
5.38216e-05 3 8.5 -13
0.000208281 4 7.5 -13.5
6.97285e-05 3 8.5 -13.5
0.000602521 3.5 8 -14
0.000140124 4 7.5 -14
6.56816e-05 3 8.5 -14
5.28055e-05 3 8.5 -14.5
3.97055e-05 4 7.5 -15
3.27704e-05 3 8.5 -15
0.000190236 3.5 8 -15
6.17028e-05 3.5 8 -15.5
0.000402966 3.5 8 -14.5
8.65172e-05 4 7.5 -14.5
0.0006965 3.5 8 -13.5
0.000691199 3.5 8 -13
0.000617014 3.5 8 -12.5
0.000258593 4 7.5 -12.5
0.000295901 3.5 8 -11.5
2.14741e-05 3.5 8.5 -10.5
7.13071e-05 4 8 -10.5
7.55878e-05 3.5 8.5 -11
0.000169841 3.5 8.5 -11.5
0.000263767 3.5 8.5 -12
0.00038047 4 8 -12
0.000421081 4 8 -13
0.000350319 3.5 8.5 -12.5
0.000366457 4 8 -13.5
0.000265105 4 8 -14
0.000407985 3.5 8.5 -13.5
0.00015544 4 8 -14.5
6.21134e-05 4 8 -15
0.000198762 3.5 8.5 -14.5
8.44021e-05 3.5 8.5 -15
0.000327084 3.5 8.5 -14
0.000411291 3.5 8.5 -13
8.03099e-05 4 8.5 -10.5
2.69135e-05 4.5 8 -10.5
0.000172548 4 8.5 -11
0.000282265 4 8.5 -11.5
4.59544e-05 3.5 9 -11.5
7.48452e-05 3.5 9 -12
4.55901e-05 4.5 8 -12.5
0.000107993 3.5 9 -12.5
2.74469e-05 4.5 8 -13
0.000406266 4 8.5 -12.5
0.000142998 3.5 9 -13
0.000136134 3.5 9 -13.5
0.000344911 4 8.5 -13.5
4.63719e-05 3.5 9 -14.5
0.000131937 4 8.5 -14.5
4.63374e-05 4 8.5 -15
9.95729e-05 3.5 9 -14
0.000244751 4 8.5 -14
5.83887e-05 4 9 -10.5
6.76968e-05 4.5 8.5 -10.5
0.000154755 4.5 8.5 -11.5
0.000137656 4 9 -11
0.000166849 4.5 8.5 -12
0.000283001 4 9 -12
0.000221127 4 9 -11.5
0.00030018 4 9 -12.5
0.000158349 4.5 8.5 -12.5
0.000283834 4 9 -13
4.367e-05 4.5 8.5 -14
0.000236256 4 9 -13.5
6.23892e-05 4 9 -14.5
2.13831e-05 4.5 9 -10
0.000150995 4 9 -14
8.06942e-05 4.5 9 -10.5
5.26229e-05 4 9.5 -11
0.000131876 4.5 9 -11
9.37818e-05 4 9.5 -11.5
0.000122797 4 9.5 -12
0.000158711 4.5 9 -13
0.000129281 4 9.5 -13
9.5751e-05 4 9.5 -13.5
0.000109895 4.5 9 -13.5
5.07777e-05 4 9.5 -14
5.77782e-05 4.5 9 -14
0.00013783 4 9.5 -12.5
6.53182e-05 4.5 9.5 -10.5
3.64585e-05 5 9 -10.5
0.000113992 4.5 9.5 -11
0.000153585 4.5 9.5 -11.5
0.000171013 4.5 9.5 -12
2.10793e-05 4 10 -12.5
3.58706e-05 4.5 9.5 -14
7.96482e-05 4.5 9.5 -13.5
0.000121657 4.5 9.5 -13
2.19186e-05 4.5 10 -10.5
7.30104e-05 5 9.5 -11.5
7.85373e-05 4.5 10 -11.5
5.74418e-05 4.5 10 -11
9.06832e-05 4.5 10 -12
6.69873e-05 5 9.5 -12
5.0956e-05 4.5 10 -13
3.25654e-05 5 9.5 -13
2.27819e-05 4.5 10 -13.5
7.92747e-05 4.5 10 -12.5
3.34201e-05 5 10 -10.5
2.4584e-05 5 10.5 -11.5
2.42273e-05 5 10.5 -12
2.24838e-05 5 10 -13
4.4232e-05 5 10 -12.5
6.2168e-05 5 10 -12
6.23254e-05 5 10 -11.5
5.28934e-05 5 10 -11
5.36553e-05 5 9.5 -12.5
6.58774e-05 5 9.5 -11
4.54109e-05 5 9.5 -10.5
0.000157699 4.5 9.5 -12.5
2.99378e-05 5 9 -12
4.0143e-05 5 9 -11.5
4.37524e-05 5 9 -11
0.000194488 4.5 9 -12.5
0.000204616 4.5 9 -12
0.000180991 4.5 9 -11.5
8.40474e-05 4.5 8.5 -13.5
0.000125407 4.5 8.5 -13
0.000120825 4.5 8.5 -11
0.000393286 4 8.5 -13
0.000376114 4 8.5 -12
5.40841e-05 4.5 8 -12
6.15571e-05 4.5 8 -11.5
5.09119e-05 4.5 8 -11
0.000425827 4 8 -12.5
0.000274218 4 8 -11.5
0.000161322 4 8 -11
0.000131858 3.5 8 -11
0.000694571 3.5 7.5 -12.5
0.000536547 3.5 7.5 -12
4.64058e-05 4 7 -11.5
0.000132929 3.5 7.5 -11
0.00040283 3.5 7 -12
0.000468248 3 7 -12
0.000164018 3.5 6.5 -12
3.36637e-05 3 7 -11
0.000118317 3 6.5 -11.5
2.9288e-05 2.5 6.5 -11.5
