0.767042
3.73423e-05 -5 -10 -18
4.49297e-05 -5 -10 -17.5
4.4269e-05 -5 -10 -17
3.11351e-05 -5 -10 -16.5
2.43592e-05 -5.5 -11 -15.5
3.29268e-05 -5.5 -11 -16
3.52231e-05 -5.5 -11 -16.5
2.88352e-05 -5.5 -11 -17
3.4335e-05 -5 -10.5 -19
7.47702e-05 -5 -10.5 -18.5
0.000131605 -5 -10.5 -18
0.000171302 -5 -10.5 -17.5
0.000164344 -5 -10.5 -17
0.000120573 -5 -10.5 -16.5
5.74666e-05 -5 -10.5 -16
3.46331e-05 -4.5 -10 -20
0.000121771 -4.5 -10 -19.5
0.000259661 -4.5 -10 -19
0.000377691 -4.5 -10 -18.5
0.00043258 -4.5 -10 -18
0.000398767 -4.5 -10 -17.5
0.000285295 -4.5 -10 -17
0.000133284 -4.5 -10 -16.5
2.54037e-05 -4.5 -10 -16
2.17932e-05 -6 -12 -14.5
4.00412e-05 -5.5 -11.5 -15
6.51581e-05 -5 -11 -15.5
3.04474e-05 -6 -12 -15
8.80792e-05 -5.5 -11.5 -15.5
0.000170447 -5 -11 -16
3.16029e-05 -6 -12 -15.5
2.36299e-05 -6 -12 -16
0.000130872 -5.5 -11.5 -16.5
0.000318645 -5 -11 -17.5
0.000113442 -5.5 -11.5 -17
6.77719e-05 -5.5 -11.5 -17.5
3.64564e-05 -5.5 -11.5 -18
6.51172e-05 -5 -11 -19
2.79913e-05 -4.5 -10.5 -20
0.000115739 -4.5 -10.5 -19.5
0.000266784 -4.5 -10.5 -19
0.000150771 -5 -11 -18.5
0.000450844 -4.5 -10.5 -18.5
0.000251107 -5 -11 -18
0.000569171 -4.5 -10.5 -18
0.000543622 -4.5 -10.5 -17.5
0.000318487 -5 -11 -17
0.000434451 -4.5 -10.5 -17
0.000271563 -5 -11 -16.5
0.000119542 -5.5 -11.5 -16
0.000268393 -4.5 -10.5 -16.5
0.000102186 -4.5 -10.5 -16
2.4802e-05 -4 -10 -16
0.000160971 -4 -10 -16.5
0.000389852 -4 -10 -17
0.000625208 -4 -10 -17.5
0.000729952 -4 -10 -18
0.000566686 -4 -10 -19
2.1891e-05 -4 -10 -20.5
2.14758e-05 -4.5 -9.5 -20
0.000123496 -4 -10 -20
6.88492e-05 -4.5 -9.5 -19.5
0.000328162 -4 -10 -19.5
0.000143513 -4.5 -9.5 -19
0.00021222 -4.5 -9.5 -18.5
0.000720037 -4 -10 -18.5
0.000242267 -4.5 -9.5 -18
0.000207019 -4.5 -9.5 -17.5
0.000117058 -4.5 -9.5 -17
3.57292e-05 -4.5 -9.5 -16.5
2.43504e-05 -6.5 -13 -13.5
3.6117e-05 -6 -12.5 -14
4.57144e-05 -5.5 -12 -14.5
3.12898e-05 -6.5 -13 -14
7.47582e-05 -6 -12.5 -14.5
0.000126261 -5.5 -12 -15
0.000170334 -5 -11.5 -15.5
3.1723e-05 -6.5 -13 -14.5
0.000101244 -6 -12.5 -15
0.000205114 -5.5 -12 -15.5
2.2659e-05 -6.5 -13 -15
0.000111006 -6 -12.5 -15.5
0.000243376 -5.5 -12 -16
0.000400869 -5 -11.5 -16.5
0.000456647 -5 -11.5 -17
0.000253432 -5.5 -12 -16.5
9.40526e-05 -6 -12.5 -16
5.7544e-05 -6 -12.5 -16.5
3.25095e-05 -6 -12.5 -17
7.55111e-05 -5.5 -12 -18
2.75354e-05 -5.5 -12 -18.5
2.00548e-05 -4.5 -11 -20
6.75343e-05 -4 -10.5 -20
8.4174e-05 -4.5 -11 -19.5
6.26642e-05 -5 -11.5 -19
0.000213718 -4 -10.5 -19.5
0.000222452 -4.5 -11 -19
0.000155837 -5 -11.5 -18.5
0.000432973 -4 -10.5 -19
0.000398399 -4.5 -11 -18.5
0.000285235 -5 -11.5 -18
0.000140876 -5.5 -12 -17.5
0.000618645 -4 -10.5 -18.5
0.000544321 -4.5 -11 -18
0.000409333 -5 -11.5 -17.5
0.000212178 -5.5 -12 -17
0.00067875 -4 -10.5 -18
0.000604796 -4.5 -11 -17.5
0.000602004 -4 -10.5 -17.5
0.000548411 -4.5 -11 -17
0.000416622 -4 -10.5 -17
0.00041217 -4.5 -11 -16.5
0.000291894 -5 -11.5 -16
0.000208976 -4 -10.5 -16.5
0.000215934 -4.5 -11 -16
6.47704e-05 -4 -10.5 -16
6.93716e-05 -4.5 -11 -15.5
5.92111e-05 -5 -11.5 -15
3.66986e-05 -3.5 -10 -16.5
0.000130587 -3.5 -10 -17
5.90039e-05 -4 -9.5 -16.5
0.000293037 -3.5 -10 -17.5
0.000464231 -3.5 -10 -18
0.000519245 -3.5 -10 -18.5
0.000479739 -3.5 -10 -19
0.000332304 -3.5 -10 -19.5
0.000138512 -3.5 -10 -20
3.11752e-05 -3.5 -10 -20.5
4.42397e-05 -4 -9.5 -20.5
0.000179461 -4 -9.5 -20
2.02267e-05 -4.5 -9 -19.5
0.000395417 -4 -9.5 -19.5
4.55681e-05 -4.5 -9 -19
0.000612132 -4 -9.5 -19
6.00658e-05 -4.5 -9 -18.5
0.00072155 -4 -9.5 -18.5
6.62541e-05 -4.5 -9 -18
0.000666594 -4 -9.5 -18
5.49292e-05 -4.5 -9 -17.5
0.000499329 -4 -9.5 -17.5
2.92983e-05 -4.5 -9 -17
3.15859e-05 -7 -14 -12.5
4.31146e-05 -6.5 -13.5 -13
4.70017e-05 -6 -13 -13.5
4.5222e-05 -5.5 -12.5 -14
3.74961e-05 -5 -12 -14.5
3.59189e-05 -7 -14 -13
7.40822e-05 -6.5 -13.5 -13.5
0.000109637 -6 -13 -14
0.000148828 -5 -12 -15
3.38051e-05 -7 -14 -13.5
9.24396e-05 -6.5 -13.5 -14
2.83775e-05 -3.5 -10.5 -16.5
0.000168906 -6 -13 -14.5
9.84376e-05 -6.5 -13.5 -14.5
0.000198615 -6 -13 -15
8.03496e-05 -3.5 -10.5 -17
0.000313724 -5.5 -12.5 -15.5
7.86551e-05 -6.5 -13.5 -15
0.000209275 -6 -13 -15.5
0.000165477 -3.5 -10.5 -17.5
0.000176558 -6 -13 -16
4.86691e-05 -6.5 -13.5 -15.5
0.000242797 -3.5 -10.5 -18
0.000338727 -5.5 -12.5 -16.5
0.000116464 -6 -13 -16.5
2.56734e-05 -6.5 -13.5 -16
0.000254684 -5.5 -12.5 -17
0.000259169 -3.5 -10.5 -18.5
0.000249325 -5 -12 -18
2.91219e-05 -6 -13 -17.5
0.000133791 -3.5 -10.5 -19.5
0.000126938 -5 -12 -18.5
4.53748e-05 -3.5 -10.5 -20
2.55398e-05 -4 -11 -20
2.13281e-05 -5 -12 -19.5
3.85625e-05 -4.5 -11.5 -19.5
4.61396e-05 -5 -12 -19
3.33156e-05 -5.5 -12.5 -18.5
0.000102247 -4 -11 -19.5
0.000136857 -4.5 -11.5 -19
7.69086e-05 -5.5 -12.5 -18
0.000255885 -4 -11 -19
0.000293208 -4.5 -11.5 -18.5
0.000157772 -5.5 -12.5 -17.5
6.61722e-05 -6 -13 -17
0.000225072 -3.5 -10.5 -19
0.000418786 -4 -11 -18.5
0.000451431 -4.5 -11.5 -18
0.000379072 -5 -12 -17.5
0.000506206 -4 -11 -18
0.000557909 -4.5 -11.5 -17.5
0.000451278 -5 -12 -17
0.000454358 -4 -11 -17.5
0.000530647 -4.5 -11.5 -17
0.000479533 -5 -12 -16.5
0.000363514 -5.5 -12.5 -16
0.000350974 -4 -11 -17
0.000440997 -4.5 -11.5 -16.5
0.000419655 -5 -12 -16
0.000189951 -4 -11 -16.5
0.000299335 -4.5 -11.5 -16
0.000291501 -5 -12 -15.5
0.000224681 -5.5 -12.5 -15
6.69809e-05 -4 -11 -16
0.000136311 -4.5 -11.5 -15.5
0.000131115 -5.5 -12.5 -14.5
2.98638e-05 -4.5 -11.5 -15
0.00023391 -4 -9.5 -17
3.60789e-05 -3.5 -9.5 -16.5
2.19329e-05 -3 -10 -17.5
0.000143575 -3.5 -9.5 -17
4.23824e-05 -3 -10 -18
0.000372263 -3.5 -9.5 -17.5
5.19964e-05 -3 -10 -18.5
0.000645082 -3.5 -9.5 -18
0.00030111 -4 -9 -17.5
6.36126e-05 -3 -10 -19
5.45924e-05 -3 -10 -19.5
0.00073355 -3.5 -9.5 -19
2.98913e-05 -3 -10 -20
0.000558038 -3.5 -9.5 -19.5
0.00038618 -4 -9 -19.5
2.07651e-05 -3 -10 -20.5
2.54735e-05 -3.5 -9.5 -21
5.95604e-05 -4 -9 -20.5
7.90235e-05 -3.5 -9.5 -20.5
0.000194008 -4 -9 -20
0.000281267 -3.5 -9.5 -20
0.000508575 -4 -9 -19
0.000559194 -4 -9 -18.5
0.000774457 -3.5 -9.5 -18.5
2.12669e-05 -7.5 -15 -10.5
2.19041e-05 -8 -15.5 -10.5
3.32225e-05 -7.5 -15 -11
3.2463e-05 -7 -14.5 -11.5
2.57032e-05 -6.5 -14 -12
4.11809e-05 -7.5 -15 -11.5
6.11943e-05 -7 -14.5 -12
6.40934e-05 -6.5 -14 -12.5
5.4028e-05 -6 -13.5 -13
4.27066e-05 -7.5 -15 -12
8.16306e-05 -7 -14.5 -12.5
0.000111569 -6.5 -14 -13
0.000123059 -6 -13.5 -13.5
3.49399e-05 -7.5 -15 -12.5
9.02901e-05 -7 -14.5 -13
0.000152102 -6.5 -14 -13.5
0.000193578 -6 -13.5 -14
0.00023081 -5.5 -13 -14.5
8.369e-05 -7 -14.5 -13.5
0.000169309 -6.5 -14 -14
6.03798e-05 -4 -11.5 -16
0.000253782 -6 -13.5 -14.5
0.000329768 -5.5 -13 -15
3.89982e-05 -3.5 -11 -17
6.44092e-05 -7 -14.5 -14
0.000170049 -6.5 -14 -14.5
0.000137024 -4 -11.5 -16.5
0.000287485 -6 -13.5 -15
6.61683e-05 -3.5 -11 -17.5
4.21569e-05 -7 -14.5 -14.5
0.000143258 -6.5 -14 -15
0.000364776 -5.5 -13 -16
8.66166e-05 -3.5 -11 -18
9.43168e-05 -6.5 -14 -15.5
0.000321989 -5.5 -13 -16.5
0.000210178 -6 -13.5 -16
8.60719e-05 -3.5 -11 -18.5
5.17127e-05 -6.5 -14 -16
0.000136554 -6 -13.5 -16.5
2.47158e-05 -6.5 -14 -16.5
6.36212e-05 -3.5 -11 -19
7.48264e-05 -6 -13.5 -17
2.72177e-05 -3.5 -11 -19.5
9.86748e-05 -4 -11.5 -19
2.89289e-05 -4 -11.5 -19.5
2.37483e-05 -5 -12.5 -19
6.00661e-05 -4.5 -12 -19
7.52943e-05 -5 -12.5 -18.5
6.16951e-05 -5.5 -13 -18
3.678e-05 -6 -13.5 -17.5
0.000163093 -4.5 -12 -18.5
0.000170761 -5 -12.5 -18
0.000132943 -5.5 -13 -17.5
0.000197689 -4 -11.5 -18.5
0.000294854 -4.5 -12 -18
0.000292394 -5 -12.5 -17.5
0.000227259 -5.5 -13 -17
0.000272164 -4 -11.5 -18
0.000410169 -4.5 -12 -17.5
0.000398866 -5 -12.5 -17
0.000260265 -4 -11.5 -17.5
0.000441251 -4.5 -12 -17
0.000457029 -5 -12.5 -16.5
0.000270751 -6 -13.5 -15.5
0.000223797 -4 -11.5 -17
0.000378829 -4.5 -12 -16.5
0.000420332 -5 -12.5 -16
0.000377469 -5.5 -13 -15.5
0.000268252 -4.5 -12 -16
0.000343115 -5 -12.5 -15.5
0.00013542 -4.5 -12 -15.5
0.000225473 -5 -12.5 -15
4.75419e-05 -4.5 -12 -15
9.82915e-05 -5 -12.5 -14.5
0.000124396 -5.5 -13 -14
3.62205e-05 -5.5 -13 -13.5
0.000492665 -4 -9 -18
0.000106701 -4 -9 -17
5.07345e-05 -3 -9.5 -17.5
0.000125404 -3.5 -9 -17
0.000114308 -3 -9.5 -18
0.000384231 -3.5 -9 -17.5
2.86543e-05 -4 -8.5 -17
0.000169705 -3 -9.5 -18.5
0.000686502 -3.5 -9 -18
0.000127025 -4 -8.5 -17.5
0.000213517 -3 -9.5 -19
0.000847031 -3.5 -9 -18.5
0.000203707 -3 -9.5 -19.5
0.000126292 -3 -9.5 -20
0.000712358 -3.5 -9 -19.5
0.00029997 -4 -8.5 -19
3.49216e-05 -3 -9.5 -20.5
3.32933e-05 -3.5 -9 -21
4.64461e-05 -4 -8.5 -20.5
2.49854e-05 -8.5 -16.5 -8.5
0.000161323 -3.5 -9 -20.5
0.00013055 -4 -8.5 -20
0.000439435 -3.5 -9 -20
0.000231222 -4 -8.5 -19.5
0.000849166 -3.5 -9 -19
0.00032101 -4 -8.5 -18.5
2.91985e-05 -8.5 -16.5 -9
3.92168e-05 -8 -16 -9.5
3.62642e-05 -7.5 -15.5 -10
2.42616e-05 -7 -15 -10.5
2.88402e-05 -8.5 -16.5 -9.5
4.82255e-05 -8 -16 -10
5.8431e-05 -7.5 -15.5 -10.5
4.97736e-05 -7 -15 -11
3.11287e-05 -6.5 -14.5 -11.5
5.03531e-05 -8 -16 -10.5
7.66474e-05 -7.5 -15.5 -11
8.18052e-05 -7 -15 -11.5
7.80052e-05 -6.5 -14.5 -12
5.42699e-05 -6 -14 -12.5
4.33781e-05 -8 -16 -11
8.37882e-05 -7.5 -15.5 -11.5
0.000116828 -7 -15 -12
0.000132021 -6.5 -14.5 -12.5
0.000126669 -6 -14 -13
3.28257e-05 -8 -16 -11.5
8.286e-05 -7.5 -15.5 -12
0.000139844 -7 -15 -12.5
0.000179497 -6.5 -14.5 -13
0.000184064 -5.5 -13.5 -14
6.82077e-05 -7.5 -15.5 -12.5
0.000148943 -7 -15 -13
0.000210655 -6.5 -14.5 -13.5
4.656e-05 -4.5 -12.5 -15
0.000264909 -6 -14 -14
4.91118e-05 -7.5 -15.5 -13
0.000133353 -7 -15 -13.5
3.72213e-05 -4 -12 -16
0.000225191 -6.5 -14.5 -14
0.000291337 -6 -14 -14.5
0.000112781 -4.5 -12.5 -15.5
3.25778e-05 -7.5 -15.5 -13.5
6.66616e-05 -4 -12 -16.5
0.000107536 -7 -15 -14
0.000203183 -6.5 -14.5 -14.5
0.000184884 -4.5 -12.5 -16
2.16874e-05 -3.5 -11.5 -17.5
7.17152e-05 -7 -15 -14.5
9.25014e-05 -4 -12 -17
0.000155691 -6.5 -14.5 -15
0.000253877 -6 -14 -15.5
2.32957e-05 -3.5 -11.5 -18
4.17479e-05 -7 -15 -15
0.000100974 -4 -12 -17.5
0.000104238 -6.5 -14.5 -15.5
0.000186922 -6 -14 -16
9.21287e-05 -4 -12 -18
6.10882e-05 -6.5 -14.5 -16
5.19804e-05 -4 -12 -18.5
3.15601e-05 -6.5 -14.5 -16.5
2.74439e-05 -5 -13 -18.5
3.14371e-05 -5.5 -13.5 -18
2.75761e-05 -6 -14 -17.5
5.64892e-05 -4.5 -12.5 -18.5
8.50783e-05 -5 -13 -18
8.29586e-05 -5.5 -13.5 -17.5
5.96671e-05 -6 -14 -17
0.000129275 -4.5 -12.5 -18
0.000172715 -5 -13 -17.5
0.000160284 -5.5 -13.5 -17
0.000115537 -6 -14 -16.5
0.000208345 -4.5 -12.5 -17.5
0.000274896 -5 -13 -17
0.000255302 -5.5 -13.5 -16.5
0.000264775 -4.5 -12.5 -17
0.000359385 -5 -13 -16.5
0.0003314 -5.5 -13.5 -16
0.000241993 -4.5 -12.5 -16.5
0.000368521 -5 -13 -16
0.000362079 -5.5 -13.5 -15.5
0.000285137 -6 -14 -15
0.000307505 -5 -13 -15.5
0.000330998 -5.5 -13.5 -15
0.000209582 -5 -13 -15
0.00027178 -5.5 -13.5 -14.5
0.000104623 -5 -13 -14.5
0.000203641 -6 -14 -13.5
4.03018e-05 -5 -13 -14
8.70236e-05 -5.5 -13.5 -13.5
2.23123e-05 -5.5 -13.5 -13
0.000260715 -4 -8.5 -18
9.54628e-05 -3 -9 -17.5
4.66841e-05 -3.5 -8.5 -17
0.000241133 -3 -9 -18
0.000391226 -3 -9 -18.5
0.000554597 -3.5 -8.5 -18
3.13449e-05 -4 -8 -17.5
0.000492014 -3 -9 -19
0.000826564 -3.5 -8.5 -18.5
0.000105042 -4 -8 -18.5
0.000474215 -3 -9 -19.5
0.000326298 -3 -9 -20
0.000751263 -3.5 -8.5 -19.5
0.000144662 -3 -9 -20.5
0.000521047 -3.5 -8.5 -20
3.90654e-05 -3 -9 -21
0.000242857 -3.5 -8.5 -20.5
6.11084e-05 -3.5 -8.5 -21
2.63962e-05 -9 -17.5 -7.5
3.98207e-05 -8.5 -17 -8
2.03673e-05 -4 -8 -20.5
3.25674e-05 -8 -16.5 -8.5
2.91752e-05 -9 -17.5 -8
4.88037e-05 -8.5 -17 -8.5
5.55619e-05 -8 -16.5 -9
4.6759e-05 -7.5 -16 -9.5
4.94422e-05 -4 -8 -20
2.28504e-05 -7 -15.5 -10
2.38662e-05 -9 -17.5 -8.5
5.10728e-05 -8.5 -17 -9
7.17582e-05 -8 -16.5 -9.5
7.66151e-05 -7.5 -16 -10
7.99422e-05 -4 -8 -19.5
6.3623e-05 -7 -15.5 -10.5
3.10097e-05 -6.5 -15 -11
4.43184e-05 -8.5 -17 -9.5
7.91659e-05 -8 -16.5 -10
9.82832e-05 -7.5 -16 -10.5
0.000100882 -7 -15.5 -11
8.04472e-05 -6.5 -15 -11.5
3.43213e-05 -8.5 -17 -10
7.8745e-05 -8 -16.5 -10.5
0.000113339 -7.5 -16 -11
0.000135694 -7 -15.5 -11.5
0.000133484 -6.5 -15 -12
2.51717e-05 -8.5 -17 -10.5
7.03172e-05 -8 -16.5 -11
0.00011888 -7.5 -16 -11.5
0.000157393 -7 -15.5 -12
0.000179082 -6.5 -15 -12.5
5.50836e-05 -8 -16.5 -11.5
0.000111271 -7.5 -16 -12
0.000166767 -7 -15.5 -12.5
0.00020955 -6.5 -15 -13
3.63975e-05 -5 -13.5 -14
0.000216879 -6 -14.5 -13.5
3.6698e-05 -8 -16.5 -12
9.44487e-05 -7.5 -16 -12.5
3.23105e-05 -4.5 -13 -15
0.000161836 -7 -15.5 -13
0.000217465 -6.5 -15 -13.5
7.27303e-05 -7.5 -16 -13
6.03457e-05 -4.5 -13 -15.5
0.000138518 -7 -15.5 -13.5
0.000211773 -6.5 -15 -14
2.56322e-05 -4 -12.5 -16.5
4.95828e-05 -7.5 -16 -13.5
0.000106902 -7 -15.5 -14
9.48446e-05 -4.5 -13 -16
0.000182206 -6.5 -15 -14.5
0.000249145 -6 -14.5 -15
2.70374e-05 -4 -12.5 -17
3.00507e-05 -7.5 -16 -14
7.18315e-05 -7 -15.5 -14.5
0.000134327 -6.5 -15 -15
0.000108704 -4.5 -13 -16.5
2.4543e-05 -4 -12.5 -17.5
4.14656e-05 -7 -15.5 -15
8.62893e-05 -6.5 -15 -15.5
0.000106184 -4.5 -13 -17
2.63157e-05 -7 -15.5 -15.5
4.91026e-05 -6.5 -15 -16
6.30573e-05 -4.5 -13 -17.5
3.17199e-05 -6 -14.5 -17
2.00446e-05 -5 -13.5 -18
3.27549e-05 -5.5 -14 -17.5
2.52173e-05 -6.5 -15 -16.5
2.63636e-05 -4.5 -13 -18
6.39154e-05 -5 -13.5 -17.5
8.1871e-05 -5.5 -14 -17
7.18729e-05 -6 -14.5 -16.5
0.000126683 -5 -13.5 -17
0.00015256 -5.5 -14 -16.5
0.000129268 -6 -14.5 -16
0.000191963 -5 -13.5 -16.5
0.000228995 -5.5 -14 -16
0.000194901 -6 -14.5 -15.5
0.000230233 -5 -13.5 -16
0.000285953 -5.5 -14 -15.5
0.000206897 -5 -13.5 -15.5
0.00028885 -5.5 -14 -15
0.000274524 -6 -14.5 -14.5
0.000152656 -5 -13.5 -15
0.000246766 -5.5 -14 -14.5
0.000258776 -6 -14.5 -14
9.09548e-05 -5 -13.5 -14.5
0.000171232 -5.5 -14 -14
8.99736e-05 -5.5 -14 -13.5
0.00015869 -6 -14.5 -13
4.11792e-05 -5.5 -14 -13
8.88508e-05 -6 -14.5 -12.5
4.00715e-05 -6 -14.5 -12
9.34401e-05 -4 -8 -19
0.000862112 -3.5 -8.5 -19
7.95187e-05 -4 -8 -18
0.000232027 -3.5 -8.5 -17.5
2.23788e-05 -3 -8.5 -17
0.000124328 -3 -8.5 -17.5
2.03085e-05 -2.5 -9 -18.5
0.000352953 -3 -8.5 -18
2.73904e-05 -2.5 -9 -19
0.000606578 -3 -8.5 -18.5
0.000338601 -3.5 -8 -18
3.1784e-05 -2.5 -9 -19.5
0.00079836 -3 -8.5 -19
0.000795401 -3 -8.5 -19.5
0.000622892 -3 -8.5 -20
0.00069554 -3.5 -8 -19.5
0.000322442 -3 -8.5 -20.5
8.02998e-05 -3.5 -8 -21
3.25238e-05 -9 -18 -7
4.18342e-05 -8.5 -17.5 -7.5
2.09626e-05 -9.5 -18.5 -7
3.69766e-05 -9 -18 -7.5
2.84681e-05 -8 -17 -8
5.40462e-05 -8.5 -17.5 -8
6.07484e-05 -8 -17 -8.5
9.77761e-05 -3 -8.5 -21
3.63569e-05 -7.5 -16.5 -9
3.70676e-05 -9 -18 -8
5.73458e-05 -8.5 -17.5 -8.5
7.54871e-05 -8 -17 -9
0.000271831 -3.5 -8 -20.5
7.65905e-05 -7.5 -16.5 -9.5
0.000525565 -3.5 -8 -20
4.34721e-05 -7 -16 -10
3.1083e-05 -9 -18 -8.5
5.8326e-05 -8.5 -17.5 -9
8.226e-05 -8 -17 -9.5
9.95723e-05 -7.5 -16.5 -10
8.78635e-05 -7 -16 -10.5
5.19889e-05 -6.5 -15.5 -11
2.4395e-05 -9 -18 -9
5.23017e-05 -8.5 -17.5 -9.5
8.54257e-05 -8 -17 -10
0.000112289 -7.5 -16.5 -10.5
0.000121396 -7 -16 -11
8.61508e-05 -6.5 -15.5 -11.5
4.4317e-05 -8.5 -17.5 -10
8.18346e-05 -8 -17 -10.5
0.000114698 -7.5 -16.5 -11
0.000141075 -7 -16 -11.5
3.40716e-05 -8.5 -17.5 -10.5
7.12127e-05 -8 -17 -11
0.000117529 -7.5 -16.5 -11.5
0.000155619 -7 -16 -12
3.58231e-05 -5.5 -14.5 -13
0.000174733 -6.5 -15.5 -12.5
2.46317e-05 -8.5 -17.5 -11
5.66999e-05 -8 -17 -11.5
0.000107955 -7.5 -16.5 -12
2.77508e-05 -5 -14 -14
0.000159444 -7 -16 -12.5
0.000192142 -6.5 -15.5 -13
4.28517e-05 -8 -17 -12
8.95464e-05 -7.5 -16.5 -12.5
0.000140353 -7 -16 -13
5.83185e-05 -5 -14 -14.5
0.00019563 -6.5 -15.5 -13.5
3.24883e-05 -8 -17 -12.5
2.60207e-05 -4.5 -13.5 -15.5
6.67154e-05 -7.5 -16.5 -13
0.000115916 -7 -16 -13.5
8.16161e-05 -5 -14 -15
0.000204554 -6 -15 -14.5
2.20012e-05 -8 -17 -13
3.19434e-05 -4.5 -13.5 -16
4.61371e-05 -7.5 -16.5 -13.5
8.43374e-05 -7 -16 -14
0.000130724 -6.5 -15.5 -14.5
9.63387e-05 -5 -14 -15.5
3.00013e-05 -7.5 -16.5 -14
2.96491e-05 -4.5 -13.5 -16.5
5.45326e-05 -7 -16 -14.5
8.78136e-05 -6.5 -15.5 -15
9.33192e-05 -5 -14 -16
3.17942e-05 -7 -16 -15
5.09473e-05 -6.5 -15.5 -15.5
6.1481e-05 -5 -14 -16.5
2.66273e-05 -6 -15 -16.5
2.45833e-05 -6.5 -15.5 -16
2.67106e-05 -5 -14 -17
5.45372e-05 -5.5 -14.5 -16.5
6.31329e-05 -6 -15 -16
0.000101984 -5.5 -14.5 -16
0.000111078 -6 -15 -15.5
0.000148487 -5.5 -14.5 -15.5
0.000162727 -6 -15 -15
0.000176449 -5.5 -14.5 -15
0.000167653 -6.5 -15.5 -14
0.00016352 -5.5 -14.5 -14.5
0.000214583 -6 -15 -14
0.000125925 -5.5 -14.5 -14
0.000190932 -6 -15 -13.5
8.17625e-05 -5.5 -14.5 -13.5
0.000141867 -6 -15 -13
8.59266e-05 -6 -15 -12.5
0.000135438 -6.5 -15.5 -12
3.85762e-05 -6 -15 -12
0.000700168 -3.5 -8 -19
0.00057749 -3.5 -8 -18.5
0.00011007 -3.5 -8 -17.5
2.62303e-05 -2.5 -8.5 -18
0.000123563 -3 -8 -17.5
6.54437e-05 -2.5 -8.5 -18.5
0.000393341 -3 -8 -18
0.000111118 -2.5 -8.5 -19
0.000715998 -3 -8 -18.5
0.000130626 -2.5 -8.5 -19.5
0.000950214 -3 -8 -19
0.000129622 -2.5 -8.5 -20
0.000982892 -3 -8 -19.5
8.98973e-05 -2.5 -8.5 -20.5
3.86764e-05 -2.5 -8.5 -21
0.000505962 -3 -8 -20.5
0.000196844 -3 -8 -21
2.12976e-05 -8.5 -18 -7
3.195e-05 -9 -18.5 -7
4.4723e-05 -8.5 -18 -7.5
3.38389e-05 -9 -18.5 -7.5
3.62905e-05 -8 -17.5 -8
5.09654e-05 -8.5 -18 -8
6.06813e-05 -8 -17.5 -8.5
3.55143e-05 -3 -8 -21.5
4.33295e-05 -7.5 -17 -9
3.31704e-05 -9 -18.5 -8
5.24626e-05 -8.5 -18 -8.5
7.19071e-05 -8 -17.5 -9
7.91635e-05 -3.5 -7.5 -21
7.52218e-05 -7.5 -17 -9.5
4.35159e-05 -7 -16.5 -10
2.82523e-05 -9 -18.5 -8.5
5.09425e-05 -8.5 -18 -9
7.65811e-05 -8 -17.5 -9.5
9.37892e-05 -7.5 -17 -10
8.16774e-05 -7 -16.5 -10.5
2.32707e-05 -9 -18.5 -9
4.67985e-05 -8.5 -18 -9.5
7.63459e-05 -8 -17.5 -10
0.000102096 -7.5 -17 -10.5
0.000111373 -7 -16.5 -11
3.91723e-05 -8.5 -18 -10
6.82019e-05 -8 -17.5 -10.5
0.000104787 -7.5 -17 -11
0.000126257 -7 -16.5 -11.5
3.37608e-05 -6 -15.5 -12
3.10156e-05 -8.5 -18 -10.5
5.90288e-05 -8 -17.5 -11
9.80526e-05 -7.5 -17 -11.5
2.51383e-05 -5.5 -15 -13
0.000131636 -7 -16.5 -12
2.42391e-05 -8.5 -18 -11
4.69977e-05 -8 -17.5 -11.5
8.41005e-05 -7.5 -17 -12
4.35823e-05 -5.5 -15 -13.5
0.000120663 -7 -16.5 -12.5
3.51716e-05 -8 -17.5 -12
2.36086e-05 -5 -14.5 -14.5
6.52122e-05 -7.5 -17 -12.5
9.77237e-05 -7 -16.5 -13
6.46444e-05 -5.5 -15 -14
2.62138e-05 -8 -17.5 -12.5
4.60056e-05 -7.5 -17 -13
2.7342e-05 -5 -14.5 -15
7.30166e-05 -7 -16.5 -13.5
9.7251e-05 -6.5 -16 -14
2.1024e-05 -8 -17.5 -13
3.18743e-05 -7.5 -17 -13.5
2.48552e-05 -5 -14.5 -15.5
4.88372e-05 -7 -16.5 -14
6.54768e-05 -6.5 -16 -14.5
2.27035e-05 -7.5 -17 -14
2.89226e-05 -7 -16.5 -14.5
3.43942e-05 -6 -15.5 -15.5
3.62262e-05 -6.5 -16 -15
4.06849e-05 -5.5 -15 -15.5
6.38449e-05 -6 -15.5 -15
6.51508e-05 -5.5 -15 -15
9.55246e-05 -6 -15.5 -14.5
7.23727e-05 -5.5 -15 -14.5
0.000118938 -6 -15.5 -14
0.000126317 -6.5 -16 -13.5
0.000115391 -6 -15.5 -13.5
0.000143328 -6.5 -16 -13
9.96361e-05 -6 -15.5 -13
0.000134292 -6.5 -16 -12.5
7.10298e-05 -6 -15.5 -12.5
0.00011076 -6.5 -16 -12
7.85963e-05 -6.5 -16 -11.5
4.34849e-05 -6.5 -16 -11
0.000209865 -3.5 -7.5 -20.5
0.00034393 -3.5 -7.5 -20
0.000839595 -3 -8 -20
0.000414335 -3.5 -7.5 -19.5
0.000423566 -3.5 -7.5 -19
0.000333066 -3.5 -7.5 -18.5
0.000161844 -3.5 -7.5 -18
3.47938e-05 -3.5 -7.5 -17.5
5.65866e-05 -2.5 -8 -18
5.59099e-05 -3 -7.5 -17.5
0.000167175 -2.5 -8 -18.5
3.98505e-05 -3.5 -7 -18
0.000307806 -2.5 -8 -19
0.00036823 -2.5 -8 -19.5
0.000962838 -3 -7.5 -19
0.000370959 -2.5 -8 -20
0.00103238 -3 -7.5 -19.5
0.000293287 -2.5 -8 -20.5
0.000141058 -2.5 -8 -21
0.000627618 -3 -7.5 -20.5
3.61404e-05 -2.5 -8 -21.5
0.00029254 -3 -7.5 -21
2.1622e-05 -8.5 -18.5 -7
3.46367e-05 -8.5 -18.5 -7.5
3.19478e-05 -8 -18 -8
2.28477e-05 -9 -19 -7.5
3.7542e-05 -8.5 -18.5 -8
4.93781e-05 -8 -18 -8.5
6.53416e-05 -3 -7.5 -21.5
3.6968e-05 -7.5 -17.5 -9
2.15917e-05 -9 -19 -8
3.75401e-05 -8.5 -18.5 -8.5
5.4359e-05 -8 -18 -9
5.91048e-05 -7.5 -17.5 -9.5
3.49693e-05 -8.5 -18.5 -9
5.55725e-05 -8 -18 -9.5
6.82653e-05 -7.5 -17.5 -10
3.17417e-05 -8.5 -18.5 -9.5
5.0396e-05 -8 -18 -10
7.18621e-05 -7.5 -17.5 -10.5
3.05378e-05 -6.5 -16.5 -11
2.60906e-05 -8.5 -18.5 -10
4.3191e-05 -8 -18 -10.5
6.71118e-05 -7.5 -17.5 -11
7.67195e-05 -7 -17 -11.5
5.32006e-05 -6.5 -16.5 -11.5
2.0058e-05 -8.5 -18.5 -10.5
3.51448e-05 -8 -18 -11
5.77186e-05 -7.5 -17.5 -11.5
7.09819e-05 -7 -17 -12
3.30839e-05 -6 -16 -12.5
2.72218e-05 -8 -18 -11.5
4.4447e-05 -7.5 -17.5 -12
5.76733e-05 -7 -17 -12.5
3.06995e-05 -7.5 -17.5 -12.5
4.10906e-05 -7 -17 -13
2.4865e-05 -7 -17 -13.5
2.79005e-05 -6.5 -16.5 -14
3.1831e-05 -6 -16 -14
4.59487e-05 -6.5 -16.5 -13.5
4.00576e-05 -6 -16 -13.5
6.25174e-05 -6.5 -16.5 -13
3.83157e-05 -6 -16 -13
6.79127e-05 -6.5 -16.5 -12.5
6.32853e-05 -6.5 -16.5 -12
7.23677e-05 -7 -17 -11
6.05093e-05 -7 -17 -10.5
3.64041e-05 -7 -17 -10
3.818e-05 -3.5 -7 -21
8.22743e-05 -3.5 -7 -20.5
0.000141561 -3.5 -7 -20
0.000913507 -3 -7.5 -20
0.000163444 -3.5 -7 -19.5
0.00017144 -3.5 -7 -19
0.000116028 -3.5 -7 -18.5
0.000648662 -3 -7.5 -18.5
0.000277407 -3 -7.5 -18
9.57505e-05 -2.5 -7.5 -18
0.000330753 -2.5 -7.5 -18.5
0.000592585 -2.5 -7.5 -19
0.000726678 -2.5 -7.5 -19.5
0.000734467 -3 -7 -19
0.000731043 -2.5 -7.5 -20
0.000611868 -2.5 -7.5 -20.5
9.314e-05 -2.5 -7.5 -21.5
0.000338489 -3 -7 -21
2.08326e-05 -8 -18.5 -8
2.33519e-05 -8 -18.5 -8.5
2.29555e-05 -8 -18.5 -9
2.63706e-05 -7.5 -18 -9.5
2.06417e-05 -8 -18.5 -9.5
2.8331e-05 -7.5 -18 -10
2.10475e-05 -7 -17.5 -10
2.70561e-05 -7.5 -18 -10.5
2.11663e-05 -7.5 -18 -11
2.18578e-05 -7 -17.5 -11.5
2.44099e-05 -7 -17.5 -11
2.39761e-05 -7 -17.5 -10.5
9.34862e-05 -3 -7 -21.5
0.000330399 -2.5 -7.5 -21
0.000672665 -3 -7 -20.5
2.21202e-05 -3.5 -6.5 -20
0.000871939 -3 -7 -20
2.75908e-05 -3.5 -6.5 -19.5
0.0008729 -3 -7 -19.5
3.02346e-05 -3.5 -6.5 -19
0.000407359 -3 -7 -18.5
0.000136921 -3 -7 -18
2.09275e-05 -2.5 -7 -17.5
0.000111211 -2.5 -7 -18
2.95919e-05 -2 -7.5 -19
0.000407855 -2.5 -7 -18.5
4.55155e-05 -2 -7.5 -19.5
0.000811582 -2.5 -7 -19
5.43321e-05 -2 -7.5 -20
0.00106091 -2.5 -7 -19.5
5.76612e-05 -2 -7.5 -20.5
4.48597e-05 -2 -7.5 -21
0.000926988 -2.5 -7 -20.5
0.000197627 -2.5 -7 -21.5
2.56969e-05 -2.5 -7 -22
9.71913e-05 -3 -6.5 -21.5
0.000291342 -3 -6.5 -21
0.000564811 -2.5 -7 -21
0.000488777 -3 -6.5 -20.5
0.000591749 -3 -6.5 -20
0.0010766 -2.5 -7 -20
0.000611754 -3 -6.5 -19.5
0.000490305 -3 -6.5 -19
0.000237376 -3 -6.5 -18.5
5.28614e-05 -3 -6.5 -18
3.85775e-05 -2 -7 -18.5
0.000103625 -2 -7 -19
0.000392889 -2.5 -6.5 -18.5
0.000174984 -2 -7 -19.5
0.000857982 -2.5 -6.5 -19
0.000230465 -2 -7 -20
0.000237376 -2 -7 -20.5
0.000200128 -2 -7 -21
0.000107024 -2 -7 -21.5
0.000748153 -2.5 -6.5 -21
2.68466e-05 -2 -7 -22
0.000296936 -2.5 -6.5 -21.5
4.56551e-05 -2.5 -6.5 -22
5.23348e-05 -3 -6 -21.5
0.000139575 -3 -6 -21
0.000245817 -3 -6 -20.5
0.00109314 -2.5 -6.5 -20.5
0.00029557 -3 -6 -20
0.00119267 -2.5 -6.5 -20
0.000299549 -3 -6 -19.5
0.00116312 -2.5 -6.5 -19.5
0.000207203 -3 -6 -19
7.62001e-05 -3 -6 -18.5
8.79188e-05 -2.5 -6.5 -18
8.89531e-05 -2 -6.5 -18.5
0.00025611 -2 -6.5 -19
0.000480061 -2 -6.5 -19.5
0.000678533 -2.5 -6 -19
0.000640776 -2 -6.5 -20
0.00064966 -2 -6.5 -20.5
0.00117489 -2.5 -6 -20
0.000525115 -2 -6.5 -21
0.000281918 -2 -6.5 -21.5
0.000806708 -2.5 -6 -21
4.76077e-05 -3 -5.5 -20.5
6.82716e-05 -2 -6.5 -22
6.09844e-05 -2.5 -6 -22
0.000351957 -2.5 -6 -21.5
3.34184e-05 -3 -5.5 -21
0.00111058 -2.5 -6 -20.5
5.53051e-05 -3 -5.5 -20
5.91835e-05 -3 -5.5 -19.5
0.00112562 -2.5 -6 -19.5
4.09848e-05 -3 -5.5 -19
0.00023495 -2.5 -6 -18.5
3.8555e-05 -2.5 -6 -18
2.61363e-05 -2 -6 -18
0.00015371 -2 -6 -18.5
0.000468745 -2 -6 -19
0.000881928 -2 -6 -19.5
0.00041396 -2.5 -5.5 -19
0.00118432 -2 -6 -20
0.00118786 -2 -6 -20.5
0.00088091 -2.5 -5.5 -20
0.000965561 -2 -6 -21
0.000849645 -2.5 -5.5 -20.5
2.00945e-05 -1.5 -6.5 -22
0.000124483 -2 -6 -22
6.48276e-05 -2.5 -5.5 -22
0.000333678 -2.5 -5.5 -21.5
0.000515035 -2 -6 -21.5
0.000665828 -2.5 -5.5 -21
0.000751513 -2.5 -5.5 -19.5
0.00012688 -2.5 -5.5 -18.5
2.65375e-05 -2 -5.5 -18
0.000168553 -2 -5.5 -18.5
4.10268e-05 -1.5 -6 -19.5
8.27357e-05 -1.5 -6 -20
0.00113284 -2 -5.5 -19.5
0.000118427 -1.5 -6 -20.5
0.000130016 -1.5 -6 -21
0.000109489 -1.5 -6 -21.5
0.00126887 -2 -5.5 -21
0.00043748 -2.5 -5 -20.5
6.24803e-05 -1.5 -6 -22
4.29875e-05 -2.5 -5 -22
0.000188767 -2 -5.5 -22
0.000186473 -2.5 -5 -21.5
0.00070045 -2 -5.5 -21.5
0.000349506 -2.5 -5 -21
0.00151809 -2 -5.5 -20.5
0.000455333 -2.5 -5 -20
0.00151822 -2 -5.5 -20
0.00038115 -2.5 -5 -19.5
0.00019202 -2.5 -5 -19
0.000560636 -2 -5.5 -19
4.60272e-05 -2.5 -5 -18.5
8.09275e-05 -1.5 -5.5 -19
0.000228343 -1.5 -5.5 -19.5
0.000386981 -1.5 -5.5 -20
0.000459111 -1.5 -5.5 -20.5
0.00010397 -2.5 -4.5 -20
0.00045772 -1.5 -5.5 -21
0.000100651 -2.5 -4.5 -20.5
0.000364078 -1.5 -5.5 -21.5
0.000162449 -1.5 -5.5 -22
2.14876e-05 -1.5 -5.5 -22.5
0.000230365 -2 -5 -22
5.27444e-05 -2.5 -4.5 -21.5
0.000752509 -2 -5 -21.5
8.40557e-05 -2.5 -4.5 -21
0.00135061 -2 -5 -21
0.00158199 -2 -5 -20.5
0.00157662 -2 -5 -20
8.79812e-05 -2.5 -4.5 -19.5
0.00114865 -2 -5 -19.5
4.15521e-05 -2.5 -4.5 -19
0.000519747 -2 -5 -19
0.00011473 -2 -5 -18.5
4.16026e-05 -1.5 -5 -18.5
0.000214064 -1.5 -5 -19
0.000996724 -1.5 -5 -20
0.000778655 -2 -4.5 -19.5
0.00109398 -1.5 -5 -20.5
0.00116139 -2 -4.5 -20
0.000750019 -1.5 -5 -21.5
3.54123e-05 -1.5 -5 -22.5
0.000236946 -2 -4.5 -22
2.18907e-05 -2 -4.5 -22.5
0.000292633 -1.5 -5 -22
0.000696883 -2 -4.5 -21.5
0.00106371 -2 -4.5 -21
0.00104314 -1.5 -5 -21
0.00117761 -2 -4.5 -20.5
0.000607683 -1.5 -5 -19.5
0.00029961 -2 -4.5 -19
5.82086e-05 -2 -4.5 -18.5
6.55522e-05 -1.5 -4.5 -18.5
0.00034062 -1.5 -4.5 -19
0.000644346 -2 -4 -20
2.20795e-05 -1 -5 -21.5
5.40245e-05 -1.5 -4.5 -22.5
2.48367e-05 -2 -4 -22.5
0.000152278 -2 -4 -22
0.000439152 -1.5 -4.5 -22
0.000377877 -2 -4 -21.5
0.00107311 -1.5 -4.5 -21.5
0.00058285 -2 -4 -21
0.00155456 -1.5 -4.5 -21
0.000653578 -2 -4 -20.5
0.00166597 -1.5 -4.5 -20.5
0.00154995 -1.5 -4.5 -20
0.000421004 -2 -4 -19.5
0.000952266 -1.5 -4.5 -19.5
0.00014961 -2 -4 -19
2.70989e-05 -2 -4 -18.5
4.39748e-05 -1 -4.5 -19.5
0.000105102 -2 -3.5 -19.5
0.000109723 -1 -4.5 -20
0.000176192 -1 -4.5 -20.5
0.000200092 -1 -4.5 -21
0.000185678 -1 -4.5 -21.5
0.000123672 -1 -4.5 -22
4.70465e-05 -1 -4.5 -22.5
9.16134e-05 -1.5 -4 -22.5
5.91422e-05 -2 -3.5 -22
0.000530122 -1.5 -4 -22
0.00012764 -2 -3.5 -21.5
0.00117585 -1.5 -4 -21.5
0.000186764 -2 -3.5 -21
0.00167412 -1.5 -4 -21
0.000199679 -2 -3.5 -20.5
0.00179492 -1.5 -4 -20.5
0.000188103 -2 -3.5 -20
0.00168595 -1.5 -4 -20
0.00101621 -1.5 -4 -19.5
3.15368e-05 -2 -3.5 -19
0.000346186 -1.5 -4 -19
6.3221e-05 -1.5 -4 -18.5
5.89684e-05 -1 -4 -19
0.000222629 -1 -4 -19.5
0.000458961 -1 -4 -20
0.000621648 -1 -4 -20.5
0.000641359 -1 -4 -21
0.000335664 -1 -4 -22
9.47446e-05 -1 -4 -22.5
0.000135482 -1.5 -3.5 -22.5
0.000544103 -1.5 -3.5 -22
0.000990629 -1.5 -3.5 -21.5
0.000575838 -1 -4 -21.5
0.00125579 -1.5 -3.5 -21
0.00131566 -1.5 -3.5 -20.5
0.00119305 -1.5 -3.5 -20
0.000659262 -1.5 -3.5 -19.5
0.000191116 -1.5 -3.5 -19
3.11212e-05 -1.5 -3.5 -18.5
2.16577e-05 -1 -3.5 -18.5
0.000478322 -1 -3.5 -19.5
0.00129135 -1 -3.5 -20.5
0.00130206 -1 -3.5 -21
0.00067233 -1 -3.5 -22
3.4488e-05 -1 -3.5 -23
0.000139426 -1.5 -3 -22.5
0.000208541 -1 -3.5 -22.5
0.000412232 -1.5 -3 -22
0.000675036 -1.5 -3 -21.5
0.001129 -1 -3.5 -21.5
0.000789024 -1.5 -3 -21
0.000796377 -1.5 -3 -20.5
0.000620698 -1.5 -3 -20
0.00097698 -1 -3.5 -20
0.000296017 -1.5 -3 -19.5
7.54973e-05 -1.5 -3 -19
0.000128253 -1 -3.5 -19
0.000326343 -1.5 -2.5 -20.5
0.000294854 -1.5 -2.5 -21.5
6.87111e-05 -1.5 -2.5 -22.5
4.99876e-05 -1 -3 -23
0.000410571 -1 -3 -22.5
0.000193101 -1.5 -2.5 -22
0.0010417 -1 -3 -22
0.00161727 -1 -3 -21.5
0.000328091 -1.5 -2.5 -21
0.00181714 -1 -3 -21
0.00179206 -1 -3 -20.5
0.000236389 -1.5 -2.5 -20
0.00128251 -1 -3 -20
0.00010644 -1.5 -2.5 -19.5
0.00059267 -1 -3 -19.5
2.52287e-05 -1.5 -2.5 -19
0.000157934 -1 -3 -19
2.57003e-05 -1 -3 -18.5
4.45224e-05 -1.5 -2 -20.5
4.41095e-05 -1.5 -2 -21.5
5.17588e-05 -0.5 -3 -22
7.90008e-05 -0.5 -3 -22.5
5.66381e-05 -0.5 -3 -23
6.31432e-05 -1 -2.5 -23
0.000534711 -1 -2.5 -22.5
3.18585e-05 -1.5 -2 -22
0.00132342 -1 -2.5 -22
0.00197852 -1 -2.5 -21.5
4.60607e-05 -1.5 -2 -21
0.00216618 -1 -2.5 -21
0.00207638 -1 -2.5 -20.5
3.12357e-05 -1.5 -2 -20
0.00139403 -1 -2.5 -20
0.000598726 -1 -2.5 -19.5
0.000135094 -1 -2.5 -19
2.19402e-05 -1 -2.5 -18.5
2.28124e-05 -0.5 -2.5 -19
0.000106685 -0.5 -2.5 -19.5
0.000338901 -0.5 -2.5 -20
0.000675906 -0.5 -2.5 -20.5
3.72122e-05 -1 -2 -23
0.000135768 -0.5 -2.5 -23
0.000481227 -1 -2 -22.5
0.000520234 -0.5 -2.5 -22.5
0.00125996 -1 -2 -22
0.000888158 -0.5 -2.5 -22
0.00174466 -1 -2 -21.5
0.00102003 -0.5 -2.5 -21.5
0.001822 -1 -2 -21
0.000979893 -0.5 -2.5 -21
0.00172753 -1 -2 -20.5
0.0011334 -1 -2 -20
0.000456157 -1 -2 -19.5
0.000100352 -1 -2 -19
2.82363e-05 -0.5 -2 -18.5
0.000172826 -0.5 -2 -19
0.000115367 -0.5 -2 -23
0.000151897 -1 -1.5 -22.5
0.001031 -0.5 -2 -22.5
0.000418344 -1 -1.5 -22
0.00244556 -0.5 -2 -22
0.000668392 -1 -1.5 -21.5
0.00340177 -0.5 -2 -21.5
0.000765703 -1 -1.5 -21
0.0035927 -0.5 -2 -21
0.000763774 -1 -1.5 -20.5
0.00329667 -0.5 -2 -20.5
0.000535252 -1 -1.5 -20
0.00202572 -0.5 -2 -20
0.000219359 -1 -1.5 -19.5
0.000788225 -0.5 -2 -19.5
4.80092e-05 -1 -1.5 -19
7.96928e-05 -0.5 -1.5 -23
0.00116141 -0.5 -1.5 -22.5
6.75146e-05 -1 -1 -22
0.0030633 -0.5 -1.5 -22
0.000108403 -1 -1 -21.5
0.00450216 -0.5 -1.5 -21.5
0.000122635 -1 -1 -21
0.00484063 -0.5 -1.5 -21
0.000121949 -1 -1 -20.5
0.00465526 -0.5 -1.5 -20.5
8.44063e-05 -1 -1 -20
0.00305256 -0.5 -1.5 -20
3.35822e-05 -1 -1 -19.5
0.00122241 -0.5 -1.5 -19.5
0.000267587 -0.5 -1.5 -19
4.39025e-05 -0.5 -1.5 -18.5
0.000661609 -0.5 -1 -22.5
0.00214302 -0.5 -1 -22
0.00349587 -0.5 -1 -21.5
0.00395392 -0.5 -1 -21
0.0039282 -0.5 -1 -20.5
0.00273156 -0.5 -1 -20
0.00108827 -0.5 -1 -19.5
0.00022913 -0.5 -1 -19
3.63564e-05 -0.5 -1 -18.5
0.000109828 -0.5 -0.5 -22.5
0.000345159 -0.5 -0.5 -22
0.000576039 -0.5 -0.5 -21.5
0.000662878 -0.5 -0.5 -21
0.000665609 -0.5 -0.5 -20.5
0.000468175 -0.5 -0.5 -20
0.000173751 -0.5 -0.5 -19.5
3.25783e-05 -0.5 -0.5 -19
2.64642e-05 -0.5 0 -21.5
2.81564e-05 -0.5 0 -21
2.63241e-05 -0.5 0 -20.5
0.000243021 0 0 -23
0.00131981 0 0 -22.5
0.00268154 0 0 -22
0.0034889 0 0 -21.5
0.00363106 0 0 -21
0.00331369 0 0 -20.5
0.00201005 0 0 -20
0.000755483 0 0 -19.5
0.000161434 0 0 -19
2.66908e-05 0 0 -18.5
0.000327944 0 0.5 -23
0.0022916 0 0.5 -22.5
0.0050386 0 0.5 -22
0.00684866 0 0.5 -21.5
0.00721018 0 0.5 -21
0.00675821 0 0.5 -20.5
0.00427184 0 0.5 -20
0.00167118 0 0.5 -19.5
0.000363755 0 0.5 -19
6.00747e-05 0 0.5 -18.5
8.32295e-05 0 1 -23
2.24757e-05 0.5 0.5 -23
0.000791982 0 1 -22.5
0.000126114 0.5 0.5 -22.5
0.00189787 0 1 -22
0.000272025 0.5 0.5 -22
0.00267632 0 1 -21.5
0.000373395 0.5 0.5 -21.5
0.00284315 0 1 -21
0.000397116 0.5 0.5 -21
0.00269598 0 1 -20.5
0.000377857 0.5 0.5 -20.5
0.00172102 0 1 -20
0.000242495 0.5 0.5 -20
0.000663944 0 1 -19.5
9.61042e-05 0.5 0.5 -19.5
0.0001402 0 1 -19
2.12374e-05 0.5 0.5 -19
2.24234e-05 0 1 -18.5
5.98368e-05 0.5 1 -23
4.17288e-05 0 1.5 -22.5
0.000466379 0.5 1 -22.5
8.58543e-05 0 1.5 -22
0.00105264 0.5 1 -22
0.000109323 0 1.5 -21.5
0.00148507 0.5 1 -21.5
0.000112674 0 1.5 -21
0.0015896 0.5 1 -21
9.53211e-05 0 1.5 -20.5
0.00153497 0.5 1 -20.5
4.78876e-05 0 1.5 -20
0.00101136 0.5 1 -20
0.000406399 0.5 1 -19.5
9.0678e-05 0.5 1 -19
2.0917e-05 1 1 -20.5
2.23344e-05 1 1 -21
4.24182e-05 0.5 1.5 -23
0.000591087 0.5 1.5 -22.5
0.00163113 0.5 1.5 -22
0.00248883 0.5 1.5 -21.5
0.00273939 0.5 1.5 -21
0.00270594 0.5 1.5 -20.5
0.00190316 0.5 1.5 -20
0.000792375 0.5 1.5 -19.5
0.000167857 0.5 1.5 -19
2.60155e-05 0.5 1.5 -18.5
0.000261463 1 1.5 -21.5
2.89948e-05 0.5 2 -23
0.000525159 0.5 2 -22.5
6.92735e-05 1 1.5 -22.5
0.00151371 0.5 2 -22
0.000175068 1 1.5 -22
0.0023535 0.5 2 -21.5
0.00260453 0.5 2 -21
0.000288729 1 1.5 -21
0.00257687 0.5 2 -20.5
0.000285753 1 1.5 -20.5
0.00184824 0.5 2 -20
0.000201256 1 1.5 -20
0.00081937 0.5 2 -19.5
8.76832e-05 1 1.5 -19.5
0.000200715 0.5 2 -19
2.05858e-05 1 1.5 -19
3.33392e-05 0.5 2 -18.5
0.00035283 1 2 -19.5
0.00056812 1 2 -22
0.000348306 0.5 2.5 -22.5
0.000194274 1 2 -22.5
0.00108103 0.5 2.5 -22
0.00174595 0.5 2.5 -21.5
0.000915433 1 2 -21.5
0.00195869 0.5 2.5 -21
0.00105787 1 2 -21
0.00193675 0.5 2.5 -20.5
0.00106675 1 2 -20.5
0.00137484 0.5 2.5 -20
0.000795821 1 2 -20
0.000600854 0.5 2.5 -19.5
0.000145355 0.5 2.5 -19
8.42168e-05 1 2 -19
2.4672e-05 0.5 2.5 -18.5
3.19589e-05 1 2.5 -18.5
0.00151886 1 2.5 -20
0.00186827 1 2.5 -20.5
0.000147186 0.5 3 -22.5
0.00029037 1 2.5 -22.5
0.000394325 0.5 3 -22
0.000998644 1 2.5 -22
0.000583845 0.5 3 -21.5
0.00161893 1 2.5 -21.5
0.000625005 0.5 3 -21
0.0018464 1 2.5 -21
0.00059941 0.5 3 -20.5
0.000416777 0.5 3 -20
0.000182981 0.5 3 -19.5
0.0007631 1 2.5 -19.5
4.33987e-05 0.5 3 -19
0.000198031 1 2.5 -19
2.70472e-05 1.5 2.5 -19
9.53756e-05 1.5 2.5 -19.5
0.000184242 1.5 2.5 -20
0.000213392 1.5 2.5 -20.5
0.00020675 1.5 2.5 -21
0.000180623 1.5 2.5 -21.5
0.000112406 1.5 2.5 -22
2.90204e-05 1.5 2.5 -22.5
2.85408e-05 0.5 3.5 -22.5
0.000253306 1 3 -22.5
4.93699e-05 0.5 3.5 -22
0.00102892 1 3 -22
5.3762e-05 0.5 3.5 -21.5
0.00192435 1 3 -21.5
4.65875e-05 0.5 3.5 -21
0.00237008 1 3 -21
2.99635e-05 0.5 3.5 -20.5
0.00243037 1 3 -20.5
0.00210407 1 3 -20
0.0011766 1 3 -19.5
0.000373529 1 3 -19
6.27921e-05 1 3 -18.5
2.4157e-05 1.5 3 -18.5
0.000139515 1.5 3 -19
0.00042576 1.5 3 -19.5
0.000741729 1.5 3 -20
0.000813297 1.5 3 -20.5
0.000782357 1.5 3 -21
0.000616242 1.5 3 -21.5
0.000331594 1.5 3 -22
7.83004e-05 1.5 3 -22.5
0.000159229 1 3.5 -22.5
0.000811255 1 3.5 -22
0.00161044 1 3.5 -21.5
0.00205275 1 3.5 -21
0.00211734 1 3.5 -20.5
0.00189212 1 3.5 -20
0.00110715 1 3.5 -19.5
0.000386017 1 3.5 -19
7.87602e-05 1 3.5 -18.5
0.000879092 1.5 3.5 -19.5
0.0015221 1.5 3.5 -20.5
0.00145497 1.5 3.5 -21
0.00111579 1.5 3.5 -21.5
0.00054827 1.5 3.5 -22
7.7057e-05 1 4 -22.5
8.79609e-05 1.5 3.5 -22.5
0.000445265 1 4 -22
0.000930079 1 4 -21.5
0.00121597 1 4 -21
0.00125738 1 4 -20.5
0.00114845 1 4 -20
0.00143494 1.5 3.5 -20
0.000709027 1 4 -19.5
0.000260176 1 4 -19
0.000317395 1.5 3.5 -19
5.47535e-05 1 4 -18.5
6.31879e-05 1.5 3.5 -18.5
3.40477e-05 2 3.5 -19
0.000127623 1.5 4 -18.5
8.33152e-05 2 3.5 -19.5
0.000615904 1.5 4 -19
0.000117197 2 3.5 -20
0.00011873 2 3.5 -20.5
0.000109007 2 3.5 -21
8.06249e-05 2 3.5 -21.5
4.26683e-05 2 3.5 -22
2.98885e-05 1 4.5 -22.5
6.00857e-05 1.5 4 -22.5
0.000164354 1 4.5 -22
0.000539738 1.5 4 -22
0.000331427 1 4.5 -21.5
0.00135701 1.5 4 -21.5
0.000430255 1 4.5 -21
0.00202952 1.5 4 -21
0.000445758 1 4.5 -20.5
0.00222061 1.5 4 -20.5
0.000402246 1 4.5 -20
0.00219482 1.5 4 -20
0.000254964 1 4.5 -19.5
0.00155134 1.5 4 -19.5
0.000101529 1 4.5 -19
2.15612e-05 1 4.5 -18.5
3.92134e-05 2 4 -18.5
0.00019493 2 4 -19
0.00045439 2 4 -19.5
0.000594391 2 4 -20
0.00162106 1.5 4.5 -19.5
0.00058535 2 4 -20.5
0.000512336 2 4 -21
0.000339082 2 4 -21.5
0.00014088 2 4 -22
0.000426143 1.5 4.5 -22
2.72863e-05 1.5 4.5 -22.5
3.08324e-05 1 5 -22
6.13119e-05 1 5 -21.5
0.00123624 1.5 4.5 -21.5
7.3817e-05 1 5 -21
0.00193563 1.5 4.5 -21
7.4649e-05 1 5 -20.5
0.0021539 1.5 4.5 -20.5
5.91329e-05 1 5 -20
0.00214146 1.5 4.5 -20
3.40563e-05 1 5 -19.5
0.000823512 1.5 4.5 -19
0.000228531 1.5 4.5 -18.5
3.77777e-05 1.5 4.5 -18
0.000146508 2 4.5 -18.5
0.000528075 2 4.5 -19
0.00102341 2 4.5 -19.5
0.00121708 2 4.5 -20.5
0.00105305 2 4.5 -21
0.000200946 2 4.5 -22
0.000238724 1.5 5 -22
0.000864347 1.5 5 -21.5
0.000663351 2 4.5 -21.5
0.00149068 1.5 5 -21
0.00169658 1.5 5 -20.5
0.00167287 1.5 5 -20
0.001238 2 4.5 -20
0.00129252 1.5 5 -19.5
0.000690407 1.5 5 -19
0.000214557 1.5 5 -18.5
3.7305e-05 1.5 5 -18
2.33035e-05 2 4.5 -18
5.14965e-05 2 5 -18
3.92919e-05 2.5 4.5 -19
6.71056e-05 2.5 4.5 -19.5
0.000950005 2 5 -19
6.9288e-05 2.5 4.5 -20
6.46663e-05 2.5 4.5 -20.5
5.10556e-05 2.5 4.5 -21
3.22066e-05 2.5 4.5 -21.5
0.000102361 1.5 5.5 -22
0.00017477 2 5 -22
0.000427434 1.5 5.5 -21.5
0.000734667 2 5 -21.5
0.000789689 1.5 5.5 -21
0.00141116 2 5 -21
0.000905935 1.5 5.5 -20.5
0.00177522 2 5 -20.5
0.000875658 1.5 5.5 -20
0.00182919 2 5 -20
0.000670189 1.5 5.5 -19.5
0.00167175 2 5 -19.5
0.000362479 1.5 5.5 -19
0.000121571 1.5 5.5 -18.5
0.000308188 2 5 -18.5
2.35605e-05 1.5 5.5 -18
8.17219e-05 2.5 5 -18.5
0.000253226 2.5 5 -19
0.000583635 2 5.5 -18.5
0.000425603 2.5 5 -19.5
0.000442012 2.5 5 -20
0.00199471 2 5.5 -19.5
0.00041183 2.5 5 -20.5
0.000289767 2.5 5 -21
0.00188615 2 5.5 -20.5
0.000134415 2.5 5 -21.5
0.00137798 2 5.5 -21
2.86364e-05 2.5 5 -22
0.000111047 2 5.5 -22
3.02843e-05 1.5 6 -22
0.000144827 1.5 6 -21.5
0.000658597 2 5.5 -21.5
0.000264947 1.5 6 -21
0.000307804 1.5 6 -20.5
0.000295849 1.5 6 -20
0.0020578 2 5.5 -20
0.000225309 1.5 6 -19.5
0.000128699 1.5 6 -19
0.00139103 2 5.5 -19
4.83131e-05 1.5 6 -18.5
0.00011962 2 5.5 -18
6.8436e-05 2.5 5.5 -18
0.000328518 2.5 5.5 -18.5
0.000190391 2 6 -18
0.00101729 2.5 5.5 -19.5
0.001348 2 6 -19
0.00100786 2.5 5.5 -20
0.000885079 2.5 5.5 -20.5
0.000605779 2.5 5.5 -21
0.000262002 2.5 5.5 -21.5
3.07781e-05 2.5 5.5 -22
4.82006e-05 2 6 -22
0.000448717 2 6 -21.5
4.29343e-05 1.5 6.5 -21
0.00113619 2 6 -21
5.22774e-05 1.5 6.5 -20.5
0.00169127 2 6 -20.5
4.95902e-05 1.5 6.5 -20
0.00185983 2 6 -20
3.23006e-05 1.5 6.5 -19.5
0.00182027 2 6 -19.5
0.000753678 2.5 5.5 -19
0.000657095 2 6 -18.5
3.23239e-05 2 6 -17.5
2.69405e-05 2.5 6 -17.5
2.01206e-05 3 5.5 -18.5
3.9435e-05 3 5.5 -19
4.14303e-05 3 5.5 -19.5
0.00124139 2.5 6 -19
3.72856e-05 3 5.5 -20
2.95166e-05 3 5.5 -20.5
0.00151952 2.5 6 -20
0.000265066 2.5 6 -21.5
2.19455e-05 2.5 6 -22
0.000219191 2 6.5 -21.5
0.000682429 2 6.5 -21
0.000817252 2.5 6 -21
0.00108832 2 6.5 -20.5
0.00136054 2.5 6 -20.5
0.00122361 2 6.5 -20
0.00120919 2 6.5 -19.5
0.00153195 2.5 6 -19.5
0.000972567 2 6.5 -19
0.000522658 2 6.5 -18.5
0.000630311 2.5 6 -18.5
0.000156579 2 6.5 -18
0.000177309 2.5 6 -18
2.77481e-05 2 6.5 -17.5
0.000159011 3 6 -18.5
0.000272483 3 6 -19
0.000257915 2 7 -18.5
0.000274849 3 6 -19.5
0.000257135 3 6 -20
0.000195822 3 6 -20.5
0.000102101 3 6 -21
3.28943e-05 3 6 -21.5
7.19146e-05 2 7 -21.5
0.000196558 2.5 6.5 -21.5
0.000284397 2 7 -21
0.00074181 2.5 6.5 -21
0.000492974 2 7 -20.5
0.00139173 2.5 6.5 -20.5
0.000566061 2 7 -20
0.0018354 2.5 6.5 -20
0.00055542 2 7 -19.5
0.00192059 2.5 6.5 -19.5
0.000434304 2 7 -19
0.00176805 2.5 6.5 -19
0.00110053 2.5 6.5 -18.5
8.54805e-05 2 7 -18
0.000400354 2.5 6.5 -18
4.72934e-05 3 6 -18
7.05342e-05 2.5 6.5 -17.5
3.89994e-05 3 6.5 -17.5
0.000218499 3 6.5 -18
0.00054995 3 6.5 -18.5
0.000770342 3 6.5 -19
0.000766179 3 6.5 -19.5
0.000698318 3 6.5 -20
0.000504216 3 6.5 -20.5
0.000255259 3 6.5 -21
4.51841e-05 3 6.5 -21.5
9.54979e-05 2.5 7 -21.5
6.17735e-05 2 7.5 -21
0.000548624 2.5 7 -21
0.000144057 2 7.5 -20.5
0.00123003 2.5 7 -20.5
0.00017795 2 7.5 -20
0.00172924 2.5 7 -20
0.000175534 2 7.5 -19.5
0.00185051 2.5 7 -19.5
0.000143952 2 7.5 -19
0.00175817 2.5 7 -19
9.35771e-05 2 7.5 -18.5
0.00128368 2.5 7 -18.5
3.64677e-05 2 7.5 -18
0.00065663 2.5 7 -18
0.000194209 2.5 7 -17.5
2.79105e-05 2.5 7 -17
2.30695e-05 3.5 6.5 -18.5
0.000543772 3 7 -18
2.02938e-05 3.5 6.5 -19
0.00129982 3 7 -19
0.00120844 3 7 -20
3.49171e-05 3 7 -21.5
2.94947e-05 2.5 7.5 -21.5
0.000295794 2.5 7.5 -21
0.000279854 3 7 -21
0.000832176 2.5 7.5 -20.5
0.000756192 3 7 -20.5
0.00133544 2.5 7.5 -20
0.00150076 2.5 7.5 -19.5
0.00132817 3 7 -19.5
0.0014036 2.5 7.5 -19
0.00107638 2.5 7.5 -18.5
0.00102942 3 7 -18.5
0.000601876 2.5 7.5 -18
0.000204468 2.5 7.5 -17.5
0.000157638 3 7 -17.5
4.26225e-05 2.5 7.5 -17
2.1575e-05 3 7 -17
3.79308e-05 3.5 7 -17.5
6.99081e-05 3 7.5 -17
0.000156899 2.5 8 -17.5
0.000109705 3.5 7 -18
0.000169664 3.5 7 -18.5
0.000649544 2.5 8 -18.5
0.000167163 3.5 7 -19
0.000158475 3.5 7 -19.5
0.000128637 3.5 7 -20
0.000869895 2.5 8 -19.5
7.0995e-05 3.5 7 -20.5
2.16604e-05 3.5 7 -21
0.000100689 2.5 8 -21
0.000228468 3 7.5 -21
0.000387858 2.5 8 -20.5
0.000720783 3 7.5 -20.5
0.00072578 2.5 8 -20
0.00125145 3 7.5 -20
0.00163178 3 7.5 -19.5
0.00081337 2.5 8 -19
0.00176378 3 7.5 -19
0.00158195 3 7.5 -18.5
0.000383811 2.5 8 -18
0.000968914 3 7.5 -18
0.000380929 3 7.5 -17.5
3.5227e-05 2.5 8 -17
3.68021e-05 3.5 7.5 -17
0.000187514 3.5 7.5 -17.5
0.000441871 3.5 7.5 -18
8.07015e-05 2.5 8.5 -17.5
0.000608333 3.5 7.5 -18.5
0.000610228 3.5 7.5 -19
0.000539858 3.5 7.5 -19.5
0.000379781 3.5 7.5 -20
0.000190553 3.5 7.5 -20.5
0.00115757 3 8 -20
3.98884e-05 3.5 7.5 -21
0.000119568 3 8 -21
0.000104152 2.5 8.5 -20.5
0.000555902 3 8 -20.5
0.00026325 2.5 8.5 -20
0.000332098 2.5 8.5 -19.5
0.0015882 3 8 -19.5
0.000319742 2.5 8.5 -19
0.00176384 3 8 -19
0.000264634 2.5 8.5 -18.5
0.0016996 3 8 -18.5
0.000172788 2.5 8.5 -18
0.00132522 3 8 -18
0.000725492 3 8 -17.5
2.25816e-05 2.5 8.5 -17
0.000227877 3 8 -17
3.03295e-05 3 8 -16.5
2.49371e-05 3.5 8 -16.5
3.13783e-05 2.5 9 -17.5
6.03885e-05 2.5 9 -18
8.10661e-05 2.5 9 -18.5
0.00110646 3.5 8 -19
9.44246e-05 2.5 9 -19
8.87123e-05 2.5 9 -19.5
0.000615831 3.5 8 -20
0.00024193 3.5 8 -20.5
4.59328e-05 2.5 9 -20
3.40959e-05 3 8.5 -21
3.75814e-05 3.5 8 -21
0.000308519 3 8.5 -20.5
0.000835073 3 8.5 -20
0.00133653 3 8.5 -19.5
0.000949045 3.5 8 -19.5
0.00157872 3 8.5 -19
0.00155626 3 8.5 -18.5
0.00112612 3.5 8 -18.5
0.00124474 3 8.5 -18
0.000950319 3.5 8 -18
0.000710343 3 8.5 -17.5
0.000540517 3.5 8 -17.5
0.000286564 3 8.5 -17
0.000174624 3.5 8 -17
7.12362e-05 3 8.5 -16.5
3.87719e-05 4 8 -17
0.000238991 3 9 -17
0.000122776 4 8 -18
0.00011765 4 8 -18.5
0.000104729 4 8 -19
0.00150746 3.5 8.5 -18.5
0.000885618 3 9 -18
0.000808233 3 9 -19.5
3.81219e-05 4 8 -20
0.00110146 3.5 8.5 -19.5
0.000109039 3 9 -20.5
0.000200034 3.5 8.5 -20.5
0.000426561 3 9 -20
0.000607041 3.5 8.5 -20
0.00102775 3 9 -19
8.52103e-05 4 8 -19.5
0.00144938 3.5 8.5 -19
0.00105472 3 9 -18.5
0.00138214 3.5 8.5 -18
0.000545399 3 9 -17.5
0.000983623 3.5 8.5 -17.5
8.86386e-05 4 8 -17.5
0.000437223 3.5 8.5 -17
6.69051e-05 3 9 -16.5
0.000103416 3.5 8.5 -16.5
5.70458e-05 4 8.5 -16.5
4.72863e-05 3 9.5 -16.5
0.000200192 4 8.5 -17
0.000397107 4 8.5 -17.5
0.000140303 3 9.5 -17
0.000284641 3 9.5 -17.5
0.000497945 4 8.5 -18
0.000507183 3 9.5 -18.5
0.000402369 4 8.5 -19
0.00163742 3.5 9 -18.5
0.000252409 4 8.5 -19.5
0.000110719 4 8.5 -20
2.30008e-05 4 8.5 -20.5
0.000462699 3.5 9 -20
0.000334864 3 9.5 -19.5
0.000107638 3.5 9 -20.5
0.000132812 3 9.5 -20
0.000999528 3.5 9 -19.5
0.000478636 3 9.5 -19
0.00144007 3.5 9 -19
0.000436176 3 9.5 -18
0.000485274 4 8.5 -18.5
0.00164413 3.5 9 -18
0.00136838 3.5 9 -17.5
0.000827394 3.5 9 -17
0.000328137 3.5 9 -16.5
6.37466e-05 3.5 9 -16
0.000252825 4 9 -16.5
0.000146969 3.5 9.5 -16
2.8007e-05 3 10 -16.5
6.59591e-05 3 10 -17
0.00134823 3.5 9.5 -17.5
0.000883178 4 9 -17.5
0.000107735 3 10 -17.5
0.00150608 3.5 9.5 -18.5
0.00015329 3 10 -18
0.000913206 4 9 -18.5
0.000169684 3 10 -18.5
0.000446163 4 9 -19.5
0.000167144 4 9 -20
6.594e-05 3 10 -19.5
2.40841e-05 3.5 9.5 -20.5
2.82448e-05 4 9 -20.5
0.000249658 3.5 9.5 -20
0.000717933 3.5 9.5 -19.5
0.00014265 3 10 -19
0.00122115 3.5 9.5 -19
0.000749321 4 9 -19
0.00155682 3.5 9.5 -18
0.000975427 4 9 -18
0.000889552 3.5 9.5 -17
0.000590588 4 9 -17
0.000429587 3.5 9.5 -16.5
5.28381e-05 4 9 -16
2.85299e-05 3.5 9.5 -15.5
3.5135e-05 3.5 10 -15.5
0.000143116 3.5 10 -16
5.14941e-05 4.5 9 -16.5
0.000211027 4 9.5 -16
9.02379e-05 4.5 9 -18
6.84621e-05 4.5 9 -18.5
2.94237e-05 3 10.5 -18
3.68759e-05 4.5 9 -19
2.59071e-05 3 10.5 -18.5
7.54503e-05 3.5 10 -20
0.000139788 4 9.5 -20
0.000363295 3.5 10 -19.5
0.000442 4 9.5 -19.5
0.000782165 3.5 10 -19
0.000867533 4 9.5 -19
0.00109077 3.5 10 -18.5
0.00123437 4 9.5 -18.5
0.00115007 3.5 10 -18
0.00138774 4 9.5 -18
0.00103552 3.5 10 -17.5
0.00126778 4 9.5 -17.5
0.00075263 3.5 10 -17
9.86622e-05 4.5 9 -17.5
0.000983487 4 9.5 -17
0.000385457 3.5 10 -16.5
8.50853e-05 4.5 9 -17
0.000576492 4 9.5 -16.5
2.01945e-05 4.5 9 -16
3.49958e-05 4 9.5 -15.5
2.83356e-05 4 10 -15
3.13387e-05 3.5 10.5 -15.5
0.000106727 4.5 9.5 -16
0.000111019 3.5 10.5 -16
0.000250999 3.5 10.5 -16.5
0.000452149 3.5 10.5 -17
0.000569111 3.5 10.5 -17.5
0.000262255 4.5 9.5 -18.5
7.12695e-05 4 10 -20
9.36915e-05 3.5 10.5 -19.5
0.000329566 4 10 -19.5
0.000324169 3.5 10.5 -19
5.5754e-05 4.5 9.5 -19.5
0.000749218 4 10 -19
0.000548373 3.5 10.5 -18.5
0.000141594 4.5 9.5 -19
0.00118478 4 10 -18.5
0.0006176 3.5 10.5 -18
0.00144789 4 10 -18
0.000374623 4.5 9.5 -18
0.00153503 4 10 -17.5
0.000411434 4.5 9.5 -17.5
0.00135643 4 10 -17
0.000371418 4.5 9.5 -17
0.000968387 4 10 -16.5
0.000250037 4.5 9.5 -16.5
0.000488442 4 10 -16
0.000163554 4 10 -15.5
2.61647e-05 4.5 9.5 -15.5
9.80226e-05 4 10.5 -15
0.000306548 4 10.5 -15.5
2.38543e-05 3.5 11 -15.5
6.17943e-05 3.5 11 -16
0.000117929 3.5 11 -16.5
0.000183677 3.5 11 -17
0.000219299 3.5 11 -17.5
0.000219747 3.5 11 -18
0.000162009 3.5 11 -18.5
5.14872e-05 3.5 11 -19
0.000161992 4 10.5 -19.5
9.51808e-05 4.5 10 -19.5
0.000513894 4 10.5 -19
0.000276052 4.5 10 -19
0.000964095 4 10.5 -18.5
0.000533327 4.5 10 -18.5
0.00132015 4 10.5 -18
0.000722654 4.5 10 -18
0.00146651 4 10.5 -17.5
0.000834099 4.5 10 -17.5
0.00134999 4 10.5 -17
0.000796366 4.5 10 -17
0.00108775 4 10.5 -16.5
0.000652565 4.5 10 -16.5
0.000690825 4 10.5 -16
0.000382389 4.5 10 -16
0.000141328 4.5 10 -15.5
2.78847e-05 4.5 10 -15
2.81009e-05 4 11 -14.5
0.000105068 4 11 -15
0.000300297 4 11 -15.5
0.000614768 4 11 -16
8.42667e-05 5 10 -16.5
2.77709e-05 3.5 11.5 -16
0.000917149 4 11 -16.5
7.83401e-05 5 10 -17
4.39577e-05 3.5 11.5 -16.5
5.65717e-05 3.5 11.5 -17
2.99646e-05 5 10 -18
5.12172e-05 3.5 11.5 -17.5
3.14648e-05 3.5 11.5 -18
3.60362e-05 4 11 -19.5
7.90702e-05 4.5 10.5 -19.5
0.000233068 4 11 -19
0.000271756 4.5 10.5 -19
0.00059016 4 11 -18.5
0.000589835 4.5 10.5 -18.5
0.000952959 4 11 -18
0.000952803 4.5 10.5 -18
0.00116675 4 11 -17.5
0.0012021 4.5 10.5 -17.5
0.00110727 4 11 -17
5.81742e-05 5 10 -17.5
0.00120088 4.5 10.5 -17
0.00102519 4.5 10.5 -16.5
0.000717994 4.5 10.5 -16
6.90278e-05 5 10 -16
0.000402832 4.5 10.5 -15.5
4.24814e-05 5 10 -15.5
0.000145437 4.5 10.5 -15
2.40532e-05 4.5 10.5 -14.5
0.000134433 4.5 11 -14.5
2.9572e-05 4 11.5 -14.5
0.000378716 4.5 11 -15
9.41094e-05 4 11.5 -15
0.000221679 4 11.5 -15.5
0.000414536 4 11.5 -16
0.000577442 4 11.5 -16.5
0.000669625 4 11.5 -17
0.000639344 4 11.5 -17.5
0.000454918 4 11.5 -18
3.41781e-05 4.5 11 -19.5
3.88985e-05 4 11.5 -19
0.000190391 4.5 11 -19
0.000216708 4 11.5 -18.5
0.000500929 4.5 11 -18.5
7.1417e-05 5 10.5 -18.5
0.000882798 4.5 11 -18
0.000150384 5 10.5 -18
0.00117147 4.5 11 -17.5
0.00024944 5 10.5 -17.5
0.00134036 4.5 11 -17
0.000344975 5 10.5 -17
0.00132233 4.5 11 -16.5
0.000350391 5 10.5 -16.5
0.00111361 4.5 11 -16
0.000298017 5 10.5 -16
0.000730874 4.5 11 -15.5
0.000194559 5 10.5 -15.5
8.71051e-05 5 10.5 -15
2.34034e-05 5 10.5 -14.5
9.28292e-05 4.5 11.5 -14
0.000270904 4.5 11.5 -14.5
2.41616e-05 4 12 -14.5
0.000572498 4.5 11.5 -15
5.89619e-05 4 12 -15
0.000916602 4.5 11.5 -15.5
0.000125543 4 12 -15.5
0.00115355 4.5 11.5 -16
0.00019907 4 12 -16
0.000247656 4 12 -16.5
0.000276181 4 12 -17
0.000223935 4 12 -17.5
0.000108118 4 12 -18
7.81599e-05 4.5 11.5 -19
4.17045e-05 5 11 -19
0.000308645 4.5 11.5 -18.5
0.000144782 5 11 -18.5
0.000664533 4.5 11.5 -18
0.000322288 5 11 -18
0.00101452 4.5 11.5 -17.5
0.000519254 5 11 -17.5
0.00125041 4.5 11.5 -17
0.000675055 5 11 -17
0.00129719 4.5 11.5 -16.5
0.000731051 5 11 -16.5
0.000671773 5 11 -16
0.000525309 5 11 -15.5
0.000316599 5 11 -15
0.00012704 5 11 -14.5
3.02231e-05 5 11 -14
3.1355e-05 4.5 12 -13.5
2.13946e-05 5.5 11 -14
0.000105556 4.5 12 -14
4.74695e-05 5.5 11 -14.5
0.000270679 4.5 12 -14.5
7.17836e-05 5.5 11 -15
0.000524114 4.5 12 -15
8.11117e-05 5.5 11 -15.5
3.0325e-05 4 12.5 -15
0.000795707 4.5 12 -15.5
5.01323e-05 4 12.5 -15.5
0.00100405 4.5 12 -16
6.45478e-05 4 12.5 -16
0.00110013 4.5 12 -16.5
2.71673e-05 5.5 11 -17
6.53562e-05 4 12.5 -16.5
0.00095303 4.5 12 -17
5.14821e-05 4 12.5 -17
3.14364e-05 5 11.5 -19
0.000112062 4.5 12 -18.5
0.000139638 5 11.5 -18.5
0.000356419 4.5 12 -18
0.000346867 5 11.5 -18
0.000672353 4.5 12 -17.5
0.000636767 5 11.5 -17.5
0.000907206 5 11.5 -17
0.00108481 5 11.5 -16.5
5.50805e-05 5.5 11 -16.5
0.00102048 5 11.5 -16
7.5185e-05 5.5 11 -16
0.000862578 5 11.5 -15.5
0.000618094 5 11.5 -15
0.000368542 5 11.5 -14.5
0.000154448 5 11.5 -14
3.56941e-05 5 11.5 -13.5
3.76725e-05 5 12 -13
0.000171256 5 12 -13.5
3.43115e-05 4.5 12.5 -13.5
0.000391431 5 12 -14
9.64121e-05 4.5 12.5 -14
0.000666791 5 12 -14.5
0.000209293 4.5 12.5 -14.5
0.000965763 5 12 -15
0.000372097 4.5 12.5 -15
0.000531073 4.5 12.5 -15.5
0.000313764 5.5 11.5 -16
0.000625503 4.5 12.5 -16
0.000632846 4.5 12.5 -16.5
0.00014339 5.5 11.5 -17
7.53942e-05 5.5 11.5 -17.5
0.000479485 4.5 12.5 -17
0.00027521 4.5 12.5 -17.5
9.46829e-05 4.5 12.5 -18
8.7601e-05 5 12 -18.5
0.000277706 5 12 -18
2.03393e-05 5.5 11.5 -18
0.000559568 5 12 -17.5
0.000858804 5 12 -17
0.00107248 5 12 -16.5
0.000238634 5.5 11.5 -16.5
0.00117747 5 12 -16
0.00113299 5 12 -15.5
0.000320566 5.5 11.5 -15.5
0.000281687 5.5 11.5 -15
0.000199884 5.5 11.5 -14.5
0.000106149 5.5 11.5 -14
3.62372e-05 5.5 11.5 -13.5
2.77641e-05 5 12.5 -12.5
6.13926e-05 5.5 12 -13
0.000118604 5 12.5 -13
0.000283391 5 12.5 -13.5
2.75642e-05 4.5 13 -13.5
0.000528953 5 12.5 -14
6.16997e-05 4.5 13 -14
0.000816638 5 12.5 -14.5
0.000123881 4.5 13 -14.5
0.00100243 5 12.5 -15
0.000187695 4.5 13 -15
0.00111481 5 12.5 -15.5
0.000238375 4.5 13 -15.5
0.00110405 5 12.5 -16
0.0002684 4.5 13 -16
0.000224176 4.5 13 -16.5
0.00012489 4.5 13 -17
3.3587e-05 4.5 13 -17.5
2.1148e-05 5 12.5 -18.5
0.000139662 5 12.5 -18
5.84457e-05 5.5 12 -18
0.000370628 5 12.5 -17.5
0.000163385 5.5 12 -17.5
0.000669345 5 12.5 -17
0.000311085 5.5 12 -17
0.000945854 5 12.5 -16.5
0.000475962 5.5 12 -16.5
0.000608152 5.5 12 -16
0.00065629 5.5 12 -15.5
0.000611438 5.5 12 -15
0.000504439 5.5 12 -14.5
0.000338293 5.5 12 -14
0.000168277 5.5 12 -13.5
8.39834e-05 5.5 12.5 -12.5
4.67191e-05 5 13 -12.5
0.000121518 5 13 -13
7.23521e-05 6 12 -13.5
0.000271679 5 13 -13.5
9.32525e-05 6 12 -14
0.000479279 5 13 -14
9.17995e-05 6 12 -14.5
3.24386e-05 4.5 13.5 -14
0.000705137 5 13 -14.5
5.07349e-05 4.5 13.5 -14.5
0.000877384 5 13 -15
6.26121e-05 4.5 13.5 -15
0.000956181 5 13 -15.5
6.4599e-05 4.5 13.5 -15.5
0.000840207 5 13 -16
5.11271e-05 4.5 13.5 -16
0.000628118 5 13 -16.5
0.00037299 5 13 -17
2.39013e-05 5 13 -18
5.55512e-05 5.5 12.5 -18
0.000151646 5 13 -17.5
0.000167071 5.5 12.5 -17.5
0.000354835 5.5 12.5 -17
0.000589419 5.5 12.5 -16.5
0.000803203 5.5 12.5 -16
2.94213e-05 6 12 -16
0.000944168 5.5 12.5 -15.5
5.92491e-05 6 12 -15.5
0.00090982 5.5 12.5 -15
8.03934e-05 6 12 -15
0.000789277 5.5 12.5 -14.5
0.000620135 5.5 12.5 -14
0.000414535 5.5 12.5 -13.5
0.000220637 5.5 12.5 -13
2.13358e-05 5.5 13 -11.5
9.5725e-05 5.5 13 -12
0.000260673 5.5 13 -12.5
4.4934e-05 5 13.5 -12.5
0.000465281 5.5 13 -13
0.000104918 5 13.5 -13
0.000681287 5.5 13 -13.5
0.000203282 5 13.5 -13.5
0.000880679 5.5 13 -14
0.000338947 5 13.5 -14
0.000466556 5 13.5 -14.5
0.000300422 6 12.5 -15
0.000538076 5 13.5 -15
0.000225194 6 12.5 -15.5
0.000542012 5 13.5 -15.5
0.00013587 6 12.5 -16
0.00041427 5 13.5 -16
6.96078e-05 6 12.5 -16.5
0.000251884 5 13.5 -16.5
0.000104566 5 13.5 -17
2.25752e-05 5.5 13 -18
0.000116421 5.5 13 -17.5
0.00028931 5.5 13 -17
0.000518944 5.5 13 -16.5
0.000752398 5.5 13 -16
0.000922974 5.5 13 -15.5
0.00100166 5.5 13 -15
0.000986205 5.5 13 -14.5
0.000327685 6 12.5 -14.5
0.000304043 6 12.5 -14
0.000246669 6 12.5 -13.5
0.000162422 6 12.5 -13
6.30486e-05 5.5 13.5 -11.5
0.000162224 5.5 13.5 -12
2.81078e-05 6.5 12.5 -12.5
0.000308612 5.5 13.5 -12.5
3.17614e-05 5 14 -12.5
0.000499525 5.5 13.5 -13
6.22823e-05 5 14 -13
0.000725769 5.5 13.5 -13.5
0.000115704 5 14 -13.5
0.000878181 5.5 13.5 -14
0.00016557 5 14 -14
0.000953096 5.5 13.5 -14.5
0.000201256 5 14 -14.5
0.000925234 5.5 13.5 -15
0.000219419 5 14 -15
0.000789352 5.5 13.5 -15.5
0.000177011 5 14 -15.5
0.000569923 5.5 13.5 -16
9.4676e-05 5 14 -16
2.26759e-05 5 14 -16.5
6.21487e-05 6 13 -17
3.5795e-05 5.5 13.5 -17.5
0.000150682 5.5 13.5 -17
0.000340548 5.5 13.5 -16.5
0.000152543 6 13 -16.5
0.00027902 6 13 -16
0.000426862 6 13 -15.5
0.00055052 6 13 -15
0.000610075 6 13 -14.5
0.00059003 6 13 -14
0.000530905 6 13 -13.5
2.44705e-05 6.5 12.5 -13.5
0.00040144 6 13 -13
3.16431e-05 6.5 12.5 -13
0.000251268 6 13 -12.5
0.000137165 6 13 -12
2.69693e-05 6 13.5 -10.5
8.73299e-05 6 13.5 -11
2.19803e-05 5.5 14 -11
0.000186744 6 13.5 -11.5
6.54912e-05 5.5 14 -11.5
0.000327332 6 13.5 -12
0.000150814 5.5 14 -12
0.000282237 5.5 14 -12.5
0.000132258 6.5 13 -13
0.000446701 5.5 14 -13
0.000124022 6.5 13 -13.5
2.94508e-05 5 14.5 -13
0.00061085 5.5 14 -13.5
9.4861e-05 6.5 13 -14
4.16082e-05 5 14.5 -13.5
0.000723883 5.5 14 -14
4.74469e-05 5 14.5 -14
0.000774178 5.5 14 -14.5
4.04468e-05 5 14.5 -14.5
0.000663787 5.5 14 -15
2.39144e-05 5 14.5 -15
0.000495686 5.5 14 -15.5
0.000301779 5.5 14 -16
0.000133699 5.5 14 -16.5
2.50501e-05 5.5 14 -17
5.99653e-05 6 13.5 -17
0.000155419 6 13.5 -16.5
0.000302981 6 13.5 -16
0.000486048 6 13.5 -15.5
0.000669617 6 13.5 -15
3.18354e-05 6.5 13 -15
0.000797438 6 13.5 -14.5
6.77943e-05 6.5 13 -14.5
0.000823215 6 13.5 -14
0.000747038 6 13.5 -13.5
0.000653122 6 13.5 -13
0.000495715 6 13.5 -12.5
2.13186e-05 6.5 13.5 -10
2.62487e-05 6 14 -10
4.76252e-05 6.5 13.5 -10.5
8.33246e-05 6 14 -10.5
0.000189581 6 14 -11
2.13032e-05 5.5 14.5 -11
0.000346343 6 14 -11.5
5.14835e-05 5.5 14.5 -11.5
0.000513991 6 14 -12
0.000111618 5.5 14.5 -12
0.000666995 6 14 -12.5
0.00019247 5.5 14.5 -12.5
0.000786069 6 14 -13
0.000289301 5.5 14.5 -13
0.000842197 6 14 -13.5
0.000369183 5.5 14.5 -13.5
0.000408394 5.5 14.5 -14
0.000204258 6.5 13.5 -14.5
0.000389232 5.5 14.5 -14.5
0.000122418 6.5 13.5 -15
0.000290328 5.5 14.5 -15
6.17489e-05 6.5 13.5 -15.5
0.000172318 5.5 14.5 -15.5
6.51109e-05 5.5 14.5 -16
2.34236e-05 6 14 -17
0.0001049 6 14 -16.5
0.000238801 6 14 -16
0.000413334 6 14 -15.5
0.000595995 6 14 -15
0.000746409 6 14 -14.5
0.000831468 6 14 -14
0.000287977 6.5 13.5 -14
0.000339873 6.5 13.5 -13.5
0.000347444 6.5 13.5 -13
0.000316474 6.5 13.5 -12.5
3.79974e-05 6.5 14 -9.5
4.05588e-05 6 14.5 -10
3.19907e-05 7 13.5 -10.5
9.35352e-05 6 14.5 -10.5
4.62986e-05 7 13.5 -11
0.00019743 6 14.5 -11
0.000355869 6.5 14 -11.5
5.51818e-05 7 13.5 -11.5
0.000338138 6 14.5 -11.5
3.30721e-05 5.5 15 -11.5
0.000494668 6 14.5 -12
5.59798e-05 5.5 15 -12
0.000645311 6 14.5 -12.5
9.25738e-05 5.5 15 -12.5
0.000737394 6 14.5 -13
0.000122109 5.5 15 -13
0.00077437 6 14.5 -13.5
0.000137151 5.5 15 -13.5
0.000714652 6 14.5 -14
0.000131941 5.5 15 -14
0.000580176 6 14.5 -14.5
8.70683e-05 5.5 15 -14.5
0.000416364 6 14.5 -15
3.61672e-05 5.5 15 -15
0.000251266 6 14.5 -15.5
2.25232e-05 6 14.5 -16.5
0.000112824 6 14.5 -16
5.45153e-05 6.5 14 -16
0.000126263 6.5 14 -15.5
0.000229003 6.5 14 -15
0.000356649 6.5 14 -14.5
0.000486681 6.5 14 -14
0.00056012 6.5 14 -13.5
0.000596359 6.5 14 -13
2.81104e-05 7 14 -9
5.16221e-05 6.5 14.5 -9
0.000556699 6.5 14 -12.5
3.87749e-05 7 13.5 -12.5
0.000466738 6.5 14 -12
5.14304e-05 7 13.5 -12
0.00025978 6.5 14 -11
0.000167771 6.5 14 -10.5
0.000117114 6.5 14.5 -9.5
5.21495e-05 7 14 -9.5
0.000223061 6.5 14.5 -10
3.5349e-05 6 15 -10
0.000330553 6.5 14.5 -10.5
8.5247e-05 6 15 -10.5
0.000447436 6.5 14.5 -11
0.0001677 6 15 -11
0.000566543 6.5 14.5 -11.5
0.000275434 6 15 -11.5
0.000386313 6 15 -12
0.00015886 7 14 -12.5
0.00048161 6 15 -12.5
0.000115832 7 14 -13
0.000525 6 15 -13
7.24652e-05 7 14 -13.5
0.000541085 6 15 -13.5
0.000442404 6 15 -14
0.000313436 6 15 -14.5
0.000180151 6 15 -15
7.58386e-05 6 15 -15.5
4.89028e-05 6.5 14.5 -16
0.000121181 6.5 14.5 -15.5
0.000227184 6.5 14.5 -15
0.000359175 6.5 14.5 -14.5
0.000500438 6.5 14.5 -14
3.0315e-05 7 14 -14
0.000627113 6.5 14.5 -13.5
0.00068696 6.5 14.5 -13
3.07108e-05 7 14.5 -8
0.000673138 6.5 14.5 -12.5
6.25488e-05 7 14.5 -8.5
0.000647257 6.5 14.5 -12
2.75961e-05 6.5 15 -8.5
0.000106611 7 14.5 -9
7.06406e-05 6.5 15 -9
0.000161201 7 14.5 -9.5
0.00013747 6.5 15 -9.5
0.000219017 7 14.5 -10
3.04293e-05 7.5 14 -10
0.00023241 6.5 15 -10
0.000293147 7 14.5 -10.5
2.67709e-05 6 15.5 -10
0.000355943 6.5 15 -10.5
5.30633e-05 6 15.5 -10.5
0.000495323 6.5 15 -11
0.000101399 6 15.5 -11
0.000581943 6.5 15 -11.5
0.000153787 6 15.5 -11.5
0.000643551 6.5 15 -12
0.000206313 6 15.5 -12
0.000666729 6.5 15 -12.5
0.000233375 6 15.5 -12.5
0.00063878 6.5 15 -13
0.000242736 6 15.5 -13
0.000208747 6 15.5 -13.5
0.000102476 7 14.5 -14
0.000142091 6 15.5 -14
5.35207e-05 7 14.5 -14.5
6.69352e-05 6 15.5 -14.5
6.6038e-05 6.5 15 -15.5
0.000156334 6.5 15 -15
0.000277729 6.5 15 -14.5
0.000411731 6.5 15 -14
0.000539075 6.5 15 -13.5
3.68918e-05 7 15 -7.5
2.46259e-05 7.5 14.5 -7.5
0.000170948 7 14.5 -13.5
0.000257297 7 14.5 -13
8.8106e-05 7 15 -8
3.97325e-05 7.5 14.5 -8
0.000157103 7 15 -8.5
5.92903e-05 7.5 14.5 -8.5
2.63309e-05 6.5 15.5 -8.5
8.29495e-05 7.5 14.5 -9
5.83457e-05 6.5 15.5 -9
0.000101392 7.5 14.5 -9.5
0.00022139 7 15 -9
0.000125481 6.5 15.5 -9.5
0.000110226 7.5 14.5 -10
0.000296688 7 15 -9.5
0.000211192 6.5 15.5 -10
0.000101787 7.5 14.5 -10.5
0.000317126 6.5 15.5 -10.5
0.000496616 7 15 -11
8.46086e-05 7.5 14.5 -11
2.10407e-05 6 16 -10.5
0.000431176 6.5 15.5 -11
3.93719e-05 6 16 -11
0.000522243 6.5 15.5 -11.5
5.12144e-05 6 16 -11.5
0.000553586 6.5 15.5 -12
5.88943e-05 6 16 -12
0.000546971 6.5 15.5 -12.5
5.15408e-05 6 16 -12.5
0.000470202 6.5 15.5 -13
3.46704e-05 6 16 -13
0.000361409 6.5 15.5 -13.5
0.000241752 6.5 15.5 -14
0.000130871 6.5 15.5 -14.5
5.26871e-05 6.5 15.5 -15
3.88685e-05 7 15 -15
8.97918e-05 7 15 -14.5
2.44051e-05 7.5 15 -6.5
0.000169615 7 15 -14
5.48427e-05 7.5 15 -7
0.000267469 7 15 -13.5
8.81155e-05 7.5 15 -7.5
4.73502e-05 7 15.5 -7.5
0.000369244 7 15 -13
0.000458368 7 15 -12.5
0.000518752 7 15 -12
0.000121646 7.5 15 -8
3.36818e-05 7.5 14.5 -12
0.00010047 7 15.5 -8
0.000156594 7.5 15 -8.5
2.05378e-05 8 14.5 -8.5
0.00016922 7 15.5 -8.5
0.000530981 7 15 -11.5
6.27349e-05 7.5 14.5 -11.5
0.000264209 7 15.5 -9
0.000200516 7.5 15 -9
4.29404e-05 6.5 16 -9
0.000366881 7 15.5 -9.5
8.50884e-05 6.5 16 -9.5
0.000443284 7 15.5 -10
0.000137725 6.5 16 -10
0.000505523 7 15.5 -10.5
0.000202381 6.5 16 -10.5
0.000266013 6.5 16 -11
0.00018356 7.5 15 -11.5
0.000302723 6.5 16 -11.5
0.000122627 7.5 15 -12
0.000312261 6.5 16 -12
6.45749e-05 7.5 15 -12.5
0.000273087 6.5 16 -12.5
0.000207983 6.5 16 -13
0.000129837 6.5 16 -13.5
5.78459e-05 6.5 16 -14
2.08867e-05 7 15.5 -15
6.88687e-05 7 15.5 -14.5
0.000148484 7 15.5 -14
0.00024457 7 15.5 -13.5
3.81285e-05 8 15 -6.5
6.19797e-05 7.5 15.5 -6.5
0.00034849 7 15.5 -13
0.00044413 7 15.5 -12.5
0.000120694 7.5 15.5 -7
5.24686e-05 8 15 -7
0.000506068 7 15.5 -12
0.00017265 7.5 15.5 -7.5
6.74798e-05 8 15 -7.5
4.36256e-05 7 16 -7.5
7.43078e-05 8 15 -8
0.000530925 7 15.5 -11.5
0.000219792 7.5 15.5 -8
9.14992e-05 7 16 -8
7.68957e-05 8 15 -8.5
0.000155433 7 16 -8.5
6.79254e-05 8 15 -9
0.000272375 7.5 15.5 -8.5
0.000532668 7 15.5 -11
0.000318406 7.5 15.5 -9
0.000242629 7 16 -9
0.000350322 7.5 15.5 -9.5
5.54624e-05 8 15 -9.5
0.000335607 7 16 -9.5
3.67853e-05 6.5 16.5 -9.5
0.000410726 7 16 -10
0.000385264 7.5 15.5 -10
5.44337e-05 6.5 16.5 -10
0.000460855 7 16 -10.5
8.16457e-05 6.5 16.5 -10.5
0.000480255 7 16 -11
9.37721e-05 6.5 16.5 -11
0.000461833 7 16 -11.5
9.63534e-05 6.5 16.5 -11.5
0.000414976 7 16 -12
7.88412e-05 6.5 16.5 -12
4.81236e-05 6.5 16.5 -12.5
8.46908e-05 7.5 15.5 -13
4.43811e-05 7.5 15.5 -13.5
7.0685e-05 7 16 -14
0.000148313 7 16 -13.5
3.18133e-05 8 15.5 -5.5
0.000240173 7 16 -13
7.46715e-05 8 15.5 -6
0.000338168 7 16 -12.5
3.11518e-05 7.5 16 -6
6.62601e-05 7.5 16 -6.5
0.000105889 8 15.5 -6.5
0.000130769 8 15.5 -7
0.000141032 7.5 15.5 -12.5
0.00012617 7.5 16 -7
0.000192093 7.5 16 -7.5
0.00015513 8 15.5 -7.5
3.04149e-05 7 16.5 -7.5
0.000172535 8 15.5 -8
0.000262548 7.5 16 -8
0.000221817 7.5 15.5 -12
0.000304233 7.5 15.5 -11.5
5.63936e-05 7 16.5 -8
0.000318837 7.5 16 -8.5
0.000178599 8 15.5 -8.5
0.000108329 7 16.5 -8.5
0.00016497 7 16.5 -9
0.000152184 8 15.5 -9.5
0.000223358 7 16.5 -9.5
0.000117614 8 15.5 -10
0.000268548 7 16.5 -10
7.98349e-05 8 15.5 -10.5
0.000299717 7 16.5 -10.5
0.00036893 7.5 16 -11
0.000313816 7 16.5 -11
0.000275524 7 16.5 -11.5
0.00022208 7 16.5 -12
0.000155013 7 16.5 -12.5
8.79858e-05 7 16.5 -13
2.57894e-05 7 16.5 -13.5
3.90882e-05 8 16 -5
5.02022e-05 7.5 16 -13.5
3.87858e-05 8.5 15.5 -5.5
8.47194e-05 8 16 -5.5
9.92914e-05 7.5 16 -13
5.72094e-05 8.5 15.5 -6
0.000132554 8 16 -6
0.000161947 7.5 16 -12.5
2.9038e-05 7.5 16.5 -6
0.000172326 8 16 -6.5
6.29856e-05 8.5 15.5 -6.5
0.00023345 7.5 16 -12
5.92093e-05 7.5 16.5 -6.5
6.41174e-05 8.5 15.5 -7
0.000209438 8 16 -7
0.000307106 7.5 16 -11.5
0.00011338 7.5 16.5 -7
0.000235911 8 16 -7.5
5.25097e-05 8.5 15.5 -7.5
0.000172994 7.5 16.5 -7.5
3.68406e-05 8.5 15.5 -8
4.70805e-05 8 15.5 -11
0.000239349 7.5 16.5 -8
0.00025402 8 16 -8
2.16527e-05 7 17 -8
0.0002959 7.5 16.5 -8.5
4.3872e-05 7 17 -8.5
0.000337244 7.5 16.5 -9
7.00117e-05 7 17 -9
0.00036281 7.5 16.5 -9.5
8.92711e-05 7 17 -9.5
0.000100893 7 17 -10
0.000154667 8 16 -10.5
0.000107166 7 17 -10.5
0.000102772 8 16 -11
9.7399e-05 7 17 -11
5.57465e-05 8 16 -11.5
6.85625e-05 7 17 -11.5
3.5489e-05 7 17 -12
2.16331e-05 7.5 16.5 -13.5
4.73631e-05 8.5 16 -4.5
6.225e-05 7.5 16.5 -13
8.22252e-05 8.5 16 -5
4.42887e-05 8 16.5 -5
0.000117197 7.5 16.5 -12.5
8.57089e-05 8 16.5 -5.5
0.000105961 8.5 16 -5.5
0.000180597 7.5 16.5 -12
0.00013213 8 16.5 -6
0.000122983 8.5 16 -6
0.000244112 7.5 16.5 -11.5
0.000135701 8.5 16 -6.5
0.000180559 8 16.5 -6.5
0.000299257 7.5 16.5 -11
0.000350193 7.5 16.5 -10.5
0.000371533 7.5 16.5 -10
3.75484e-05 7.5 17 -6.5
0.000220136 8 16.5 -7
0.000137896 8.5 16 -7
7.20134e-05 7.5 17 -7
0.00010846 7.5 17 -7.5
0.000107303 8.5 16 -8
0.000252241 8 16.5 -7.5
0.000151372 7.5 17 -8
8.09289e-05 8.5 16 -8.5
0.000272074 8 16.5 -8
0.000197229 7.5 17 -8.5
0.000290983 8 16.5 -9
5.30695e-05 8.5 16 -9
0.00023476 7.5 17 -9
0.000250654 7.5 17 -9.5
0.000243501 7.5 17 -10
0.000208379 7.5 17 -10.5
0.000165538 7.5 17 -11
0.000120364 7.5 17 -11.5
2.28937e-05 9 16 -4
3.25371e-05 8.5 16.5 -4
3.37463e-05 7.5 17 -12.5
4.20157e-05 9 16 -4.5
7.95765e-05 8.5 16.5 -4.5
7.36038e-05 7.5 17 -12
5.38369e-05 9 16 -5
0.000116503 8.5 16.5 -5
3.26297e-05 8 17 -5
5.53226e-05 9 16 -5.5
6.73427e-05 8 17 -5.5
4.62191e-05 9 16 -6
0.000143558 8.5 16.5 -5.5
0.000164885 8.5 16.5 -6
4.54948e-05 8 16.5 -12
8.50049e-05 8 16.5 -11.5
0.000105343 8 17 -6
3.11257e-05 9 16 -6.5
0.00015439 8 17 -6.5
0.00017869 8.5 16.5 -6.5
0.000196271 8 17 -7
0.000190005 8.5 16.5 -7
0.000137595 8 16.5 -11
0.000194282 8 16.5 -10.5
0.000240626 8 16.5 -10
0.000225887 8 17 -7.5
0.0001917 8.5 16.5 -7.5
3.37744e-05 7.5 17.5 -7.5
0.000248219 8 17 -8
5.70522e-05 7.5 17.5 -8
7.39703e-05 7.5 17.5 -8.5
0.000101402 8.5 16.5 -9
0.000258441 8 17 -8.5
8.51316e-05 7.5 17.5 -9
6.60603e-05 8.5 16.5 -9.5
8.71829e-05 7.5 17.5 -9.5
0.000202292 8 17 -10
3.88122e-05 8.5 16.5 -10
7.01747e-05 7.5 17.5 -10
4.8795e-05 7.5 17.5 -10.5
2.40011e-05 7.5 17.5 -11
6.26286e-05 9 16.5 -4
2.97938e-05 8.5 17 -4
7.0892e-05 8.5 17 -4.5
8.68535e-05 9 16.5 -4.5
3.15425e-05 8 17 -12
0.000107576 8.5 17 -5
9.86324e-05 9 16.5 -5
6.3487e-05 8 17 -11.5
0.000109373 8 17 -11
0.000135557 8.5 17 -5.5
0.000101258 9 16.5 -5.5
2.10061e-05 8 17.5 -5.5
5.32836e-05 8 17.5 -6
7.6044e-05 9 16.5 -6.5
0.000159638 8.5 17 -6
9.11841e-05 9 16.5 -6
0.000158709 8 17 -10.5
0.000176393 8.5 17 -6.5
0.000230955 8 17 -9.5
8.03601e-05 8 17.5 -6.5
0.000186689 8.5 17 -7
5.70756e-05 9 16.5 -7
0.000106782 8 17.5 -7
3.67882e-05 9 16.5 -7.5
0.000133827 8 17.5 -7.5
0.000191073 8.5 17 -7.5
0.000153151 8 17.5 -8
0.000158309 8 17.5 -8.5
0.000149271 8 17.5 -9
0.000131371 8 17.5 -9.5
3.00638e-05 8.5 17 -10.5
3.74458e-05 8 17.5 -11
2.11887e-05 9 17 -3.5
3.21435e-05 9.5 16.5 -4
6.26918e-05 9 17 -4
3.4301e-05 9.5 16.5 -4.5
3.36622e-05 8.5 17.5 -4.5
2.04068e-05 9.5 16.5 -5
8.83187e-05 9 17 -4.5
0.000101232 9 17 -5
6.76084e-05 8 17.5 -10.5
6.31903e-05 8.5 17.5 -5
0.000111964 9 17 -5.5
9.02883e-05 8.5 17.5 -5.5
0.000103468 8 17.5 -10
0.000116096 8.5 17.5 -6
0.000114637 9 17 -6
0.000135634 8.5 17.5 -6.5
9.06542e-05 9 17 -7
2.05506e-05 8 18 -7
6.83447e-05 9 17 -7.5
0.000145723 8.5 17.5 -7
3.16206e-05 8 18 -7.5
4.30795e-05 9 17 -8
0.000147579 8.5 17.5 -7.5
3.48038e-05 8 18 -8
3.52639e-05 8 18 -8.5
3.15828e-05 8 18 -9
0.000104826 8.5 17.5 -9
2.57864e-05 9 17.5 -4
4.12436e-05 9.5 17 -4
5.82527e-05 9 17.5 -4.5
4.66016e-05 9.5 17 -4.5
4.24458e-05 9.5 17 -5
7.98417e-05 9 17.5 -5
2.00548e-05 8.5 17.5 -10.5
9.06113e-05 9 17.5 -5.5
3.11963e-05 9.5 17 -5.5
2.03862e-05 8.5 18 -5.5
4.68998e-05 8.5 17.5 -10
3.56574e-05 8.5 18 -6
9.7688e-05 9 17.5 -6
5.12286e-05 8.5 18 -6.5
9.71464e-05 9 17.5 -6.5
5.8469e-05 8.5 18 -7
8.55897e-05 9 17.5 -7
6.07539e-05 8.5 18 -7.5
3.31821e-05 9 17.5 -8.5
2.16936e-05 9.5 17.5 -4
3.53724e-05 9.5 17.5 -4.5
3.94979e-05 9.5 17.5 -5
3.69857e-05 9.5 17.5 -5.5
2.22978e-05 9 18 -5
2.80414e-05 9.5 17.5 -6
3.45846e-05 9 18 -5.5
4.25268e-05 9 18 -6
2.10029e-05 8.5 18 -9.5
3.99196e-05 8.5 18 -9
5.15296e-05 8.5 18 -8.5
5.85682e-05 8.5 18 -8
4.54853e-05 9 18 -6.5
3.03865e-05 9 18 -8
3.98492e-05 9 18 -7.5
4.59837e-05 9 18 -7
5.0467e-05 9 17.5 -8
6.95096e-05 9 17.5 -7.5
7.68524e-05 8.5 17.5 -9.5
0.000127859 8.5 17.5 -8.5
0.000140576 8.5 17.5 -8
0.000106337 9 17 -6.5
5.80012e-05 8.5 17 -10
9.5627e-05 8.5 17 -9.5
0.000130782 8.5 17 -9
0.00015822 8.5 17 -8.5
0.000178404 8.5 17 -8
0.000249673 8 17 -9
0.000144021 8.5 16.5 -8.5
0.00017441 8.5 16.5 -8
0.000272452 8 16.5 -9.5
0.000284496 8 16.5 -8.5
0.000125776 8.5 16 -7.5
0.000206246 8 16 -10
0.000249441 8 16 -9.5
0.000278114 8 16 -9
0.000274079 8 16 -8.5
0.000407206 7.5 16 -10.5
0.0003998 7.5 16 -10
0.000391221 7.5 16 -9.5
0.000366414 7.5 16 -9
0.000172153 8 15.5 -9
0.000361444 7.5 15.5 -11
0.000395652 7.5 15.5 -10.5
3.42023e-05 8 15 -10
0.000229259 7.5 15 -11
0.000248604 7.5 15 -10.5
0.000248153 7.5 15 -10
0.000234562 7.5 15 -9.5
0.000455472 7 15 -10.5
0.000382716 7 15 -10
0.000329546 7 14.5 -12.5
0.000371359 7 14.5 -12
0.000375829 7 14.5 -11.5
0.000352312 7 14.5 -11
2.59141e-05 7.5 14 -10.5
2.66685e-05 7.5 14 -9.5
0.000185525 7 14 -12
0.00018356 7 14 -11.5
0.000163954 7 14 -11
0.000128435 7 14 -10.5
8.79288e-05 7 14 -10
9.37398e-05 6.5 14 -10
0.000252831 6.5 13.5 -12
0.000172076 6.5 13.5 -11.5
9.76179e-05 6.5 13.5 -11
0.000116142 6.5 13 -12.5
8.39874e-05 6.5 13 -12
4.59521e-05 6.5 13 -11.5
2.14415e-05 6.5 13 -11
5.67562e-05 6 13 -11.5
8.05467e-05 6 12.5 -12.5
2.89592e-05 6 12.5 -12
3.90266e-05 6 12 -13
