0.845676
2.76486e-05 -5 -10.5 -20
3.49861e-05 -5 -10.5 -19.5
3.45502e-05 -5 -10.5 -19
2.68474e-05 -5 -10.5 -18.5
6.12392e-05 -4.5 -10 -21.5
0.000127018 -4.5 -10 -21
0.0001861 -4.5 -10 -20.5
0.000200563 -4.5 -10 -20
0.000174445 -4.5 -10 -19.5
0.000103437 -4.5 -10 -19
3.30497e-05 -4.5 -10 -18.5
2.22015e-05 -5.5 -11.5 -18
2.24001e-05 -5.5 -11.5 -18.5
0.000132662 -5 -11 -19
0.000141973 -5 -11 -19.5
6.31977e-05 -5 -11 -20.5
3.00175e-05 -5 -11 -21
2.9411e-05 -4.5 -10.5 -22
0.0001074 -4.5 -10.5 -21.5
0.000232166 -4.5 -10.5 -21
0.000331237 -4.5 -10.5 -20.5
0.000107759 -5 -11 -20
0.000380375 -4.5 -10.5 -20
0.000351584 -4.5 -10.5 -19.5
0.000256245 -4.5 -10.5 -19
9.78113e-05 -5 -11 -18.5
0.000122339 -4.5 -10.5 -18.5
4.70354e-05 -5 -11 -18
2.41219e-05 -4.5 -10.5 -18
0.000235734 -4 -10 -19
3.16589e-05 -4 -10 -22.5
0.000152156 -4 -10 -22
0.000351967 -4 -10 -21.5
4.24843e-05 -4.5 -9.5 -21
0.000553888 -4 -10 -21
5.4516e-05 -4.5 -9.5 -20.5
0.000658569 -4 -10 -20.5
5.74562e-05 -4.5 -9.5 -20
0.000593676 -4 -10 -20
4.76479e-05 -4.5 -9.5 -19.5
0.000446504 -4 -10 -19.5
2.7047e-05 -4.5 -9.5 -19
6.21433e-05 -4 -10 -18.5
8.79466e-05 -5.5 -12 -18
9.73132e-05 -5.5 -12 -18.5
5.61062e-05 -5.5 -12 -19.5
2.86311e-05 -5.5 -12 -20
5.65691e-05 -5 -11.5 -21
2.07108e-05 -4 -10.5 -22.5
2.15926e-05 -4.5 -11 -22
0.000105332 -4 -10.5 -22
0.000102807 -4.5 -11 -21.5
0.000296619 -4 -10.5 -21.5
0.000244948 -4.5 -11 -21
0.00013064 -5 -11.5 -20.5
0.000513735 -4 -10.5 -21
0.000418108 -4.5 -11 -20.5
0.000212565 -5 -11.5 -20
0.000663235 -4 -10.5 -20.5
0.000541107 -4.5 -11 -20
0.000283853 -5 -11.5 -19.5
8.27437e-05 -5.5 -12 -19
0.000695185 -4 -10.5 -20
0.000517854 -4.5 -11 -19.5
0.000287977 -5 -11.5 -19
0.000607653 -4 -10.5 -19.5
0.000426364 -4.5 -11 -19
0.000242086 -5 -11.5 -18.5
0.00038246 -4 -10.5 -19
0.000253476 -4.5 -11 -18.5
0.00014984 -5 -11.5 -18
6.31204e-05 -5.5 -12 -17.5
0.000153593 -4 -10.5 -18.5
9.50758e-05 -4.5 -11 -18
5.68196e-05 -5 -11.5 -17.5
2.98633e-05 -5.5 -12 -17
2.20961e-05 -4 -10.5 -18
4.14486e-05 -3.5 -10 -18.5
0.000183604 -3.5 -10 -19
0.000406866 -3.5 -10 -19.5
0.000625516 -3.5 -10 -20
0.000724709 -3.5 -10 -20.5
0.00067468 -3.5 -10 -21
0.000501553 -3.5 -10 -21.5
0.000241708 -3.5 -10 -22
5.84727e-05 -3.5 -10 -22.5
4.16665e-05 -4 -9.5 -22.5
0.000164656 -4 -9.5 -22
0.00034377 -4 -9.5 -21.5
0.000453455 -4 -9.5 -21
0.000500523 -4 -9.5 -20.5
0.00044596 -4 -9.5 -20
0.000285925 -4 -9.5 -19.5
0.000106831 -4 -9.5 -19
2.5898e-05 -6 -13 -16
3.522e-05 -5.5 -12.5 -16.5
5.23001e-05 -6 -13 -16.5
0.000106691 -5.5 -12.5 -17
5.04201e-05 -3.5 -10.5 -18.5
0.000301615 -5 -12 -18
7.31352e-05 -6 -13 -17.5
0.000350772 -3.5 -10.5 -19.5
0.000412083 -5 -12 -18.5
0.000477889 -3.5 -10.5 -20
0.000526137 -3.5 -10.5 -20.5
0.000668414 -4 -11 -20
0.000475537 -3.5 -10.5 -21
0.000594443 -4 -11 -20.5
0.000309741 -3.5 -10.5 -21.5
0.000117205 -3.5 -10.5 -22
2.38196e-05 -3.5 -10.5 -22.5
5.37493e-05 -4 -11 -22
7.5774e-05 -4.5 -11.5 -21.5
5.91417e-05 -5 -12 -21
0.000196362 -4 -11 -21.5
0.000210187 -4.5 -11.5 -21
0.000150988 -5 -12 -20.5
6.02204e-05 -5.5 -12.5 -20
0.000406241 -4 -11 -21
0.000387593 -4.5 -11.5 -20.5
0.00027859 -5 -12 -20
0.000116936 -5.5 -12.5 -19.5
0.000529991 -4.5 -11.5 -20
0.000398395 -5 -12 -19.5
0.000181224 -5.5 -12.5 -19
4.31177e-05 -6 -13 -18.5
0.000598119 -4.5 -11.5 -19.5
0.000459871 -5 -12 -19
0.00023092 -5.5 -12.5 -18.5
6.44745e-05 -6 -13 -18
0.00061085 -4 -11 -19.5
0.0005759 -4.5 -11.5 -19
0.000219934 -5.5 -12.5 -18
0.000480456 -4 -11 -19
0.000420816 -4.5 -11.5 -18.5
0.000180738 -5.5 -12.5 -17.5
7.01566e-05 -6 -13 -17
0.00017075 -3.5 -10.5 -19
0.000269917 -4 -11 -18.5
0.000218612 -4.5 -11.5 -18
0.000164411 -5 -12 -17.5
9.12396e-05 -4 -11 -18
6.57783e-05 -4.5 -11.5 -17.5
5.15257e-05 -5 -12 -17
2.20547e-05 -3 -10 -19
6.93498e-05 -3 -10 -19.5
0.000129894 -3.5 -9.5 -19
0.000128999 -3 -10 -20
0.000380355 -3.5 -9.5 -19.5
0.000117394 -4 -9 -19.5
0.000188682 -3 -10 -20.5
0.000228603 -3 -10 -21
0.000198835 -3 -10 -21.5
0.000114781 -3 -10 -22
3.8935e-05 -3 -10 -22.5
0.000369575 -3.5 -9.5 -22
0.000208512 -4 -9 -21.5
0.000632527 -3.5 -9.5 -21.5
0.000275672 -4 -9 -21
0.000766873 -3.5 -9.5 -21
0.000114718 -3.5 -9.5 -22.5
3.48793e-05 -4 -9 -22.5
0.000113546 -4 -9 -22
0.000297107 -4 -9 -20.5
0.000775876 -3.5 -9.5 -20.5
0.000237551 -4 -9 -20
0.000645803 -3.5 -9.5 -20
2.79973e-05 -4 -9 -19
3.10361e-05 -6.5 -14 -15
3.78953e-05 -5.5 -13 -16
2.11166e-05 -7 -14.5 -15
5.63392e-05 -6.5 -14 -15.5
0.00012748 -5.5 -13 -16.5
9.78611e-05 -6 -13.5 -16
4.29363e-05 -3.5 -11 -18.5
6.97288e-05 -6.5 -14 -16
0.000154822 -6 -13.5 -16.5
3.40472e-05 -3 -10.5 -19.5
6.49169e-05 -6.5 -14 -16.5
0.000126457 -3.5 -11 -19
0.000184394 -6 -13.5 -17
5.32281e-05 -3 -10.5 -20
0.000235672 -3.5 -11 -19.5
0.000433475 -4 -11.5 -19
6.59465e-05 -3 -10.5 -20.5
0.000281449 -3.5 -11 -20
0.000537898 -4 -11.5 -19.5
7.76366e-05 -3 -10.5 -21
0.000290204 -3.5 -11 -20.5
9.93191e-05 -6 -13.5 -18.5
0.000551726 -4 -11.5 -20
6.01468e-05 -3 -10.5 -21.5
0.000243578 -3.5 -11 -21
0.000430674 -4 -11.5 -20.5
2.41608e-05 -3 -10.5 -22
0.000128554 -3.5 -11 -21.5
0.000254009 -4 -11.5 -21
3.32875e-05 -3.5 -11 -22
9.33031e-05 -4 -11.5 -21.5
2.23508e-05 -11.5 -19.5 0.5
2.52449e-05 -11.5 -19.5 0
2.16353e-05 -11 -19 -0.5
3.72974e-05 -4.5 -12 -21.5
4.56247e-05 -5 -12.5 -21
3.24175e-05 -5.5 -13 -20.5
0.000136947 -4.5 -12 -21
0.000126703 -5 -12.5 -20.5
7.81125e-05 -5.5 -13 -20
0.000299183 -4.5 -12 -20.5
0.000260024 -5 -12.5 -20
0.000162972 -5.5 -13 -19.5
5.21653e-05 -6 -13.5 -19
0.000469576 -4.5 -12 -20
0.000396425 -5 -12.5 -19.5
0.000268696 -5.5 -13 -19
0.00057654 -4.5 -12 -19.5
0.000505757 -5 -12.5 -19
0.000356122 -5.5 -13 -18.5
0.000157001 -6 -13.5 -18
3.23708e-05 -6.5 -14 -17.5
0.000586758 -4.5 -12 -19
0.000522447 -5 -12.5 -18.5
0.000373537 -5.5 -13 -18
0.00019275 -6 -13.5 -17.5
5.2687e-05 -6.5 -14 -17
0.000523102 -4.5 -12 -18.5
0.00045154 -5 -12.5 -18
0.000339391 -5.5 -13 -17.5
0.000264041 -4 -11.5 -18.5
0.000362193 -4.5 -12 -18
0.00031073 -5 -12.5 -17.5
0.000246363 -5.5 -13 -17
0.000120363 -4 -11.5 -18
0.000177858 -4.5 -12 -17.5
0.000154062 -5 -12.5 -17
2.46818e-05 -4 -11.5 -17.5
3.54011e-05 -4.5 -12 -17
3.62041e-05 -5 -12.5 -16.5
3.58164e-05 -6 -13.5 -15.5
2.46177e-05 -11 -19 -1
2.4091e-05 -11 -19 -1.5
2.81256e-05 -3 -9.5 -19
0.000108221 -3 -9.5 -19.5
0.000253425 -3 -9.5 -20
0.000224661 -3.5 -9 -19.5
0.00039368 -3 -9.5 -20.5
0.000477217 -3 -9.5 -21
0.00043237 -3 -9.5 -21.5
0.000291851 -3 -9.5 -22
0.000110807 -3 -9.5 -22.5
0.000437581 -3.5 -9 -22
7.80225e-05 -4 -8.5 -21.5
0.000666741 -3.5 -9 -21.5
9.36538e-05 -4 -8.5 -21
0.000775198 -3.5 -9 -21
0.000176907 -3.5 -9 -22.5
4.6962e-05 -4 -8.5 -22
0.000105033 -4 -8.5 -20.5
3.28228e-05 -3.5 -9 -23
0.000749687 -3.5 -9 -20.5
7.70298e-05 -4 -8.5 -20
0.000511082 -3.5 -9 -20
3.18767e-05 -4 -8.5 -19.5
4.78286e-05 -3.5 -9 -19
2.26685e-05 -7.5 -15.5 -13
2.44619e-05 -7 -15 -13.5
2.77994e-05 -7.5 -15.5 -13.5
4.74584e-05 -7 -15 -14
5.06016e-05 -6.5 -14.5 -14.5
2.36881e-05 -7.5 -15.5 -14
6.73934e-05 -7 -15 -14.5
0.000107295 -6.5 -14.5 -15
0.000127921 -6 -14 -15.5
7.24381e-05 -7 -15 -15
3.18808e-05 -4 -12 -17.5
0.000153969 -6.5 -14.5 -15.5
0.000226231 -6 -14 -16
3.19746e-05 -3.5 -11.5 -18.5
6.3773e-05 -7 -15 -15.5
0.000106774 -4 -12 -18
0.000174439 -6.5 -14.5 -16
6.83662e-05 -3.5 -11.5 -19
4.79146e-05 -7 -15 -16
0.000211166 -4 -12 -18.5
0.000169522 -6.5 -14.5 -16.5
0.000107052 -3.5 -11.5 -19.5
0.000310619 -4 -12 -19
0.000131486 -6.5 -14.5 -17
0.000117831 -3.5 -11.5 -20
0.000363108 -4 -12 -19.5
8.19396e-05 -6.5 -14.5 -17.5
0.000106312 -3.5 -11.5 -20.5
0.000327541 -4 -12 -20
4.29811e-05 -6.5 -14.5 -18
7.81703e-05 -3.5 -11.5 -21
0.000223155 -4 -12 -20.5
0.000334236 -4.5 -12.5 -20
2.55757e-05 -3.5 -11.5 -21.5
0.000104835 -4 -12 -21
6.64295e-05 -5.5 -13.5 -20
2.43636e-05 -4 -12 -21.5
2.47942e-05 -11 -19.5 0.5
2.11642e-05 -11.5 -20 0.5
4.19688e-05 -11 -19.5 0
2.35066e-05 -5 -13 -21
6.16354e-05 -4.5 -12.5 -21
7.88857e-05 -5 -13 -20.5
3.5256e-05 -6 -14 -19.5
0.000177603 -4.5 -12.5 -20.5
0.000187337 -5 -13 -20
0.00015041 -5.5 -13.5 -19.5
8.20165e-05 -6 -14 -19
0.000336448 -5 -13 -19.5
0.000263857 -5.5 -13.5 -19
0.000153534 -6 -14 -18.5
0.000478384 -4.5 -12.5 -19.5
0.000477424 -5 -13 -19
0.000378308 -5.5 -13.5 -18.5
0.000242611 -6 -14 -18
0.000545409 -4.5 -12.5 -19
0.000536293 -5 -13 -18.5
0.000464384 -5.5 -13.5 -18
0.000308546 -6 -14 -17.5
0.000499077 -4.5 -12.5 -18.5
0.000523831 -5 -13 -18
0.000445131 -5.5 -13.5 -17.5
0.000323818 -6 -14 -17
0.000359837 -4.5 -12.5 -18
0.000447702 -5 -13 -17.5
0.00038497 -5.5 -13.5 -17
0.000298503 -6 -14 -16.5
0.000213188 -4.5 -12.5 -17.5
0.000294625 -5 -13 -17
0.000265039 -5.5 -13.5 -16.5
8.93294e-05 -4.5 -12.5 -17
0.000132215 -5 -13 -16.5
0.000135167 -5.5 -13.5 -16
2.14764e-05 -5 -13 -16
3.58628e-05 -5.5 -13.5 -15.5
4.68934e-05 -6 -14 -15
4.53219e-05 -11 -19.5 -0.5
2.47853e-05 -10.5 -19 -1
3.22606e-05 -10.5 -19 -1.5
4.62825e-05 -11 -19.5 -1
2.94163e-05 -11.5 -20 -0.5
2.28655e-05 -11.5 -20 -1
3.33769e-05 -10.5 -19 -2
4.60334e-05 -11 -19.5 -1.5
2.90397e-05 -3 -9 -19
3.34701e-05 -10.5 -19 -2.5
3.90375e-05 -11 -19.5 -2
0.000134576 -3 -9 -19.5
3.00438e-05 -11 -19.5 -2.5
3.41707e-05 -10.5 -19 -3
2.32008e-05 -2.5 -9.5 -20.5
0.000348442 -3 -9 -20
0.000111211 -3.5 -8.5 -19.5
3.18206e-05 -10.5 -19 -3.5
3.3179e-05 -2.5 -9.5 -21
0.000583462 -3 -9 -20.5
0.000325838 -3.5 -8.5 -20
2.78324e-05 -10.5 -19 -4
2.82075e-05 -2.5 -9.5 -21.5
0.000737536 -3 -9 -21
0.000544724 -3.5 -8.5 -20.5
2.03839e-05 -10 -18.5 -5
2.98869e-05 -2.5 -9.5 -22
0.00071345 -3 -9 -21.5
0.00064047 -3.5 -8.5 -21
0.000523352 -3 -9 -22
0.000235783 -3 -9 -22.5
0.000442248 -3.5 -8.5 -22
4.52028e-05 -3 -9 -23
0.000200409 -3.5 -8.5 -22.5
0.000620936 -3.5 -8.5 -21.5
2.09262e-05 -4 -8 -20.5
4.63133e-05 -3.5 -8.5 -23
2.30774e-05 -8.5 -17 -10.5
2.46519e-05 -8 -16.5 -11
2.04961e-05 -8.5 -17 -11
3.51404e-05 -8 -16.5 -11.5
2.87795e-05 -7.5 -16 -12
4.08913e-05 -8 -16.5 -12
5.23722e-05 -7.5 -16 -12.5
4.39384e-05 -7 -15.5 -13
2.63712e-05 -6.5 -15 -13.5
3.73154e-05 -8 -16.5 -12.5
7.57081e-05 -7.5 -16 -13
8.91318e-05 -7 -15.5 -13.5
8.11256e-05 -6.5 -15 -14
2.82791e-05 -8 -16.5 -13
8.36811e-05 -7.5 -16 -13.5
0.000131867 -7 -15.5 -14
0.000151909 -6.5 -15 -14.5
0.000148307 -6 -14.5 -15
7.80063e-05 -7.5 -16 -14
0.000160471 -7 -15.5 -14.5
0.000227826 -6.5 -15 -15
2.62121e-05 -4.5 -13 -16.5
2.9346e-05 -4 -12.5 -17.5
6.24536e-05 -7.5 -16 -14.5
0.000170416 -7 -15.5 -15
0.000278133 -6.5 -15 -15.5
8.99406e-05 -4.5 -13 -17
4.18268e-05 -7.5 -16 -15
6.89793e-05 -4 -12.5 -18
0.000148576 -7 -15.5 -15.5
0.000294904 -6.5 -15 -16
0.000193573 -4.5 -13 -17.5
3.02711e-05 -3.5 -12 -19
0.000127173 -4 -12.5 -18.5
0.000107222 -7 -15.5 -16
0.000410697 -6 -14.5 -17
3.63227e-05 -3.5 -12 -19.5
0.000166406 -4 -12.5 -19
6.52724e-05 -7 -15.5 -16.5
0.000339169 -6 -14.5 -17.5
3.66677e-05 -3.5 -12 -20
0.000184935 -4 -12.5 -19.5
0.000130433 -6.5 -15 -17.5
3.6006e-05 -7 -15.5 -17
0.000241676 -6 -14.5 -18
2.65978e-05 -3.5 -12 -20.5
0.000136552 -4 -12.5 -20
7.27115e-05 -6.5 -15 -18
0.000297538 -4.5 -13 -19.5
7.23239e-05 -4 -12.5 -20.5
0.000170822 -4.5 -13 -20
3.02829e-05 -5 -13.5 -20.5
3.79758e-05 -5.5 -14 -20
3.04926e-05 -6 -14.5 -19.5
6.68841e-05 -4.5 -13 -20.5
0.000102016 -5 -13.5 -20
9.99734e-05 -5.5 -14 -19.5
7.16597e-05 -6 -14.5 -19
3.40606e-05 -6.5 -15 -18.5
0.000223548 -5 -13.5 -19.5
0.000205412 -5.5 -14 -19
0.000146345 -6 -14.5 -18.5
0.000370447 -5 -13.5 -19
0.000327577 -5.5 -14 -18.5
0.000383689 -4.5 -13 -19
0.000479874 -5 -13.5 -18.5
0.000439567 -5.5 -14 -18
0.000205279 -6.5 -15 -17
0.000371987 -4.5 -13 -18.5
0.000501867 -5 -13.5 -18
0.000491608 -5.5 -14 -17.5
0.000270368 -6.5 -15 -16.5
0.00030777 -4.5 -13 -18
0.000451711 -5 -13.5 -17.5
0.000469527 -5.5 -14 -17
0.000400622 -6 -14.5 -16.5
0.000335306 -5 -13.5 -17
0.000400981 -5.5 -14 -16.5
0.000352995 -6 -14.5 -16
0.000198443 -5 -13.5 -16.5
0.000264198 -5.5 -14 -16
0.000258742 -6 -14.5 -15.5
7.66162e-05 -5 -13.5 -16
0.000129439 -5.5 -14 -15.5
2.84443e-05 -5.5 -14 -15
5.44791e-05 -6 -14.5 -14.5
3.01889e-05 -11.5 -20 0
3.25984e-05 -10.5 -19.5 -0.5
5.02893e-05 -10.5 -19.5 -1
2.36993e-05 -11.5 -20.5 -0.5
5.05852e-05 -11 -20 -1
2.35928e-05 -10 -19 -2
6.16591e-05 -10.5 -19.5 -1.5
2.51058e-05 -11.5 -20.5 -1
5.14204e-05 -11 -20 -1.5
3.20275e-05 -10 -19 -2.5
6.64481e-05 -10.5 -19.5 -2
3.21426e-05 -2.5 -9 -20
2.15787e-05 -11.5 -20.5 -1.5
4.79454e-05 -11 -20 -2
6.73902e-05 -10.5 -19.5 -2.5
4.47931e-05 -10 -19 -3
7.40881e-05 -2.5 -9 -20.5
0.000382007 -3 -8.5 -20
4.11002e-05 -11 -20 -2.5
6.75583e-05 -10.5 -19.5 -3
5.29417e-05 -10 -19 -3.5
0.000114757 -2.5 -9 -21
0.000678539 -3 -8.5 -20.5
3.129e-05 -11 -20 -3
6.12005e-05 -10.5 -19.5 -3.5
2.08024e-05 -9.5 -18.5 -4.5
6.22564e-05 -10 -19 -4
0.000128592 -2.5 -9 -21.5
2.17912e-05 -11 -20 -3.5
5.23532e-05 -10.5 -19.5 -4
6.42175e-05 -10 -19 -4.5
3.21043e-05 -9.5 -18.5 -5
0.000117711 -2.5 -9 -22
0.000856997 -3 -8.5 -21.5
0.000400054 -3.5 -8 -21
6.98062e-05 -2.5 -9 -22.5
4.05299e-05 -10.5 -19.5 -4.5
6.21962e-05 -10 -19 -5
4.14484e-05 -9.5 -18.5 -5.5
2.65553e-05 -10.5 -19.5 -5
0.000372114 -3 -8.5 -22.5
5.44258e-05 -10 -19 -5.5
0.000298396 -3.5 -8 -22
5.23474e-05 -9.5 -18.5 -6
0.000688589 -3 -8.5 -22
0.000381082 -3.5 -8 -21.5
0.000106253 -3 -8.5 -23
0.000164601 -3.5 -8 -22.5
4.30605e-05 -10 -19 -6
5.43516e-05 -9.5 -18.5 -6.5
2.79694e-05 -9 -18 -7
4.95985e-05 -3.5 -8 -23
2.87745e-05 -10 -19 -6.5
5.16361e-05 -9.5 -18.5 -7
4.23879e-05 -9 -18 -7.5
0.00085831 -3 -8.5 -21
4.49745e-05 -9.5 -18.5 -7.5
4.95537e-05 -9 -18 -8
2.35047e-05 -8.5 -17.5 -8.5
0.000330143 -3.5 -8 -20.5
0.000164288 -3.5 -8 -20
5.34054e-05 -9 -18 -8.5
4.23118e-05 -8.5 -17.5 -9
3.2415e-05 -9.5 -18.5 -8
5.19726e-05 -9 -18 -9
5.55699e-05 -8.5 -17.5 -9.5
3.48397e-05 -8 -17 -10
4.35257e-05 -9 -18 -9.5
6.60076e-05 -8.5 -17.5 -10
5.36938e-05 -8 -17 -10.5
3.05474e-05 -7.5 -16.5 -11
3.06743e-05 -9 -18 -10
6.99944e-05 -8.5 -17.5 -10.5
8.08305e-05 -8 -17 -11
5.98593e-05 -7.5 -16.5 -11.5
2.93416e-05 -7 -16 -12
6.18327e-05 -8.5 -17.5 -11
9.86856e-05 -8 -17 -11.5
9.96368e-05 -7.5 -16.5 -12
7.11311e-05 -7 -16 -12.5
3.26914e-05 -6.5 -15.5 -13
4.95607e-05 -8.5 -17.5 -11.5
0.000105798 -8 -17 -12
0.000138604 -7.5 -16.5 -12.5
0.000127844 -7 -16 -13
0.000102275 -6.5 -15.5 -13.5
3.43457e-05 -8.5 -17.5 -12
9.81688e-05 -8 -17 -12.5
0.000162894 -7.5 -16.5 -13
0.000192294 -7 -16 -13.5
0.000157453 -6 -15 -14.5
8.0256e-05 -8 -17 -13
0.000172057 -7.5 -16.5 -13.5
0.000245485 -7 -16 -14
0.000273673 -6.5 -15.5 -14.5
2.49956e-05 -5 -14 -15.5
5.60931e-05 -8 -17 -13.5
0.000156748 -7.5 -16.5 -14
2.82563e-05 -4.5 -13.5 -16.5
0.000268926 -7 -16 -14.5
0.000332056 -6.5 -15.5 -15
8.74719e-05 -5 -14 -16
2.04437e-05 -4 -13 -17.5
3.29704e-05 -8 -17 -14
0.000124917 -7.5 -16.5 -14.5
7.88202e-05 -4.5 -13.5 -17
0.00026486 -7 -16 -15
0.00036614 -6.5 -15.5 -15.5
0.000188953 -5 -14 -16.5
3.82116e-05 -4 -13 -18
8.34509e-05 -7.5 -16.5 -15
0.000139896 -4.5 -13.5 -17.5
0.000223136 -7 -16 -15.5
5.44684e-05 -4 -13 -18.5
5.05052e-05 -7.5 -16.5 -15.5
0.000197777 -4.5 -13.5 -18
0.00016211 -7 -16 -16
0.000285603 -6.5 -15.5 -16.5
6.27833e-05 -4 -13 -19
0.00010486 -7 -16 -16.5
2.77239e-05 -7.5 -16.5 -16
0.00021831 -4.5 -13.5 -18.5
5.98842e-05 -4 -13 -19.5
5.90085e-05 -7 -16 -17
0.000188445 -4.5 -13.5 -19
2.88655e-05 -4 -13 -20
0.000119841 -4.5 -13.5 -19.5
2.98683e-05 -7 -16 -17.5
4.7121e-05 -4.5 -13.5 -20
3.23272e-05 -5 -14 -20
4.76556e-05 -5.5 -14.5 -19.5
4.54507e-05 -6 -15 -19
3.24855e-05 -6.5 -15.5 -18.5
0.000103455 -5 -14 -19.5
0.000121312 -5.5 -14.5 -19
0.000103913 -6 -15 -18.5
6.78102e-05 -6.5 -15.5 -18
0.000214204 -5 -14 -19
0.000232313 -5.5 -14.5 -18.5
0.000195914 -6 -15 -18
0.000126422 -6.5 -15.5 -17.5
0.000334145 -5 -14 -18.5
0.000354513 -5.5 -14.5 -18
0.000297303 -6 -15 -17.5
0.0002039 -6.5 -15.5 -17
0.00040119 -5 -14 -18
0.000444178 -5.5 -14.5 -17.5
0.000382889 -6 -15 -17
0.000372736 -5 -14 -17.5
0.000454411 -5.5 -14.5 -17
0.000433655 -6 -15 -16.5
0.00035333 -6.5 -15.5 -16
0.00029566 -5 -14 -17
0.000412789 -5.5 -14.5 -16.5
0.00042439 -6 -15 -16
0.000324523 -5.5 -14.5 -16
0.000376608 -6 -15 -15.5
0.000199695 -5.5 -14.5 -15.5
0.000270256 -6 -15 -15
8.60189e-05 -5.5 -14.5 -15
0.000188877 -6.5 -15.5 -14
5.56765e-05 -6 -15 -14
3.59714e-05 -3.5 -8 -19.5
0.000126995 -3 -8.5 -19.5
4.74162e-05 -11 -20 -0.5
3.85325e-05 -11 -20 0
2.79219e-05 -11 -20.5 -0.5
2.91663e-05 -10 -19.5 -1.5
4.53646e-05 -10.5 -20 -1
3.86872e-05 -11 -20.5 -1
4.68201e-05 -10 -19.5 -2
6.21754e-05 -10.5 -20 -1.5
6.54589e-05 -2.5 -8.5 -20
4.3522e-05 -11 -20.5 -1.5
6.96445e-05 -10.5 -20 -2
7.0256e-05 -10 -19.5 -2.5
0.00018555 -2.5 -8.5 -20.5
2.15022e-05 -11.5 -21 -1.5
4.50603e-05 -11 -20.5 -2
7.27883e-05 -10.5 -20 -2.5
2.96811e-05 -9.5 -19 -3.5
8.08689e-05 -10 -19.5 -3
0.000300971 -2.5 -8.5 -21
0.000623807 -3 -8 -20.5
2.01117e-05 -11.5 -21 -2
4.2187e-05 -11 -20.5 -2.5
7.39693e-05 -10.5 -20 -3
8.95532e-05 -10 -19.5 -3.5
4.94676e-05 -9.5 -19 -4
0.000336815 -2.5 -8.5 -21.5
0.000872265 -3 -8 -21
3.66904e-05 -11 -20.5 -3
7.23658e-05 -10.5 -20 -3.5
9.35665e-05 -10 -19.5 -4
7.59511e-05 -9.5 -19 -4.5
0.000322686 -2.5 -8.5 -22
2.8551e-05 -11 -20.5 -3.5
6.46891e-05 -10.5 -20 -4
9.48477e-05 -10 -19.5 -4.5
8.80368e-05 -9.5 -19 -5
0.000226807 -2.5 -8.5 -22.5
3.07216e-05 -9 -18.5 -5.5
8.3739e-05 -2.5 -8.5 -23
5.45933e-05 -10.5 -20 -4.5
9.42867e-05 -10 -19.5 -5
0.000457343 -3 -8 -22.5
9.65518e-05 -9.5 -19 -5.5
0.0001364 -3.5 -7.5 -22
6.00741e-05 -9 -18.5 -6
0.000169062 -3 -8 -23
7.36043e-05 -3.5 -7.5 -22.5
4.15869e-05 -10.5 -20 -5
8.41519e-05 -10 -19.5 -5.5
0.000102137 -9.5 -19 -6
0.000742217 -3 -8 -22
7.61739e-05 -9 -18.5 -6.5
2.67382e-05 -3 -8 -23.5
2.87152e-05 -10.5 -20 -5.5
7.19275e-05 -10 -19.5 -6
0.000104898 -9.5 -19 -6.5
9.01792e-05 -9 -18.5 -7
2.99766e-05 -3.5 -7.5 -23
4.49178e-05 -8.5 -18 -7.5
5.69249e-05 -10 -19.5 -6.5
9.79981e-05 -9.5 -19 -7
0.000102052 -9 -18.5 -7.5
6.60732e-05 -8.5 -18 -8
0.00016408 -3.5 -7.5 -21.5
0.000888584 -3 -8 -21.5
4.13182e-05 -10 -19.5 -7
8.66028e-05 -9.5 -19 -7.5
0.000111066 -9 -18.5 -8
8.88032e-05 -8.5 -18 -8.5
4.25157e-05 -8 -17.5 -9
0.000177066 -3.5 -7.5 -21
2.57505e-05 -10 -19.5 -7.5
7.13491e-05 -9.5 -19 -8
0.000113252 -9 -18.5 -8.5
0.000109707 -8.5 -18 -9
7.32506e-05 -8 -17.5 -9.5
2.44596e-05 -7.5 -17 -10
5.41128e-05 -9.5 -19 -8.5
0.000104948 -9 -18.5 -9
0.000129469 -8.5 -18 -9.5
0.000105526 -8 -17.5 -10
5.69258e-05 -7.5 -17 -10.5
3.54026e-05 -9.5 -19 -9
9.11334e-05 -9 -18.5 -9.5
0.000137701 -8.5 -18 -10
0.000135716 -8 -17.5 -10.5
0.000102361 -7.5 -17 -11
4.31423e-05 -7 -16.5 -11.5
7.02214e-05 -9 -18.5 -10
0.00013538 -8.5 -18 -10.5
0.000165496 -8 -17.5 -11
0.000149055 -7.5 -17 -11.5
0.000103961 -7 -16.5 -12
4.86149e-05 -9 -18.5 -10.5
0.000122395 -8.5 -18 -11
0.000179134 -8 -17.5 -11.5
0.000188799 -7.5 -17 -12
0.000171549 -7 -16.5 -12.5
2.96235e-05 -9 -18.5 -11
0.000100259 -8.5 -18 -11.5
0.000182412 -8 -17.5 -12
0.000229631 -7.5 -17 -12.5
0.000239673 -7 -16.5 -13
7.15183e-05 -8.5 -18 -12
0.000164746 -8 -17.5 -12.5
0.000250655 -7.5 -17 -13
0.000295459 -7 -16.5 -13.5
0.000291871 -6.5 -16 -14
4.54251e-05 -8.5 -18 -12.5
0.000133044 -8 -17.5 -13
0.000246947 -7.5 -17 -13.5
3.04973e-05 -5 -14.5 -15.5
0.00031218 -7 -16.5 -14
0.000354067 -6.5 -16 -14.5
9.62232e-05 -8 -17.5 -13.5
2.35034e-05 -4.5 -14 -16.5
0.000215989 -7.5 -17 -14
0.000318133 -7 -16.5 -14.5
7.99934e-05 -5 -14.5 -16
4.57147e-05 -4.5 -14 -17
6.30977e-05 -8 -17.5 -14
0.000170934 -7.5 -17 -14.5
0.000145032 -5 -14.5 -16.5
0.000283753 -7 -16.5 -15
7.17051e-05 -4.5 -14 -17.5
3.71507e-05 -8 -17.5 -14.5
0.000120471 -7.5 -17 -15
0.000223097 -7 -16.5 -15.5
0.000200627 -5 -14.5 -17
0.000321935 -6.5 -16 -16
2.05257e-05 -4 -13.5 -18.5
8.54514e-05 -4.5 -14 -18
7.72115e-05 -7.5 -17 -15.5
0.000230319 -5 -14.5 -17.5
8.21992e-05 -4.5 -14 -18.5
4.39882e-05 -7.5 -17 -16
0.000163529 -6.5 -16 -17
5.15051e-05 -4.5 -14 -19
5.43256e-05 -7 -16.5 -17
2.92491e-05 -7 -16.5 -17.5
2.05457e-05 -7 -16.5 -18
2.16513e-05 -6.5 -16 -18.5
4.37715e-05 -5.5 -15 -19
5.32333e-05 -6 -15.5 -18.5
4.49561e-05 -6.5 -16 -18
7.32229e-05 -5 -14.5 -19
0.000116651 -5.5 -15 -18.5
0.00011909 -6 -15.5 -18
9.15688e-05 -6.5 -16 -17.5
0.000150813 -5 -14.5 -18.5
0.000216867 -5.5 -15 -18
0.000210919 -6 -15.5 -17.5
9.9236e-05 -7 -16.5 -16.5
0.000220472 -5 -14.5 -18
0.000315662 -5.5 -15 -17.5
0.000308981 -6 -15.5 -17
0.000246745 -6.5 -16 -16.5
0.000158297 -7 -16.5 -16
0.000383752 -5.5 -15 -17
0.000389353 -6 -15.5 -16.5
0.000356115 -5.5 -15 -16.5
0.000409119 -6 -15.5 -16
0.0003643 -6.5 -16 -15.5
0.000287628 -5.5 -15 -16
0.000377924 -6 -15.5 -15.5
0.000380999 -6.5 -16 -15
0.00019194 -5.5 -15 -15.5
0.000311137 -6 -15.5 -15
9.76893e-05 -5.5 -15 -15
0.000212057 -6 -15.5 -14.5
3.41533e-05 -5.5 -15 -14.5
0.000116948 -6 -15.5 -14
0.000209063 -6.5 -16 -13.5
3.78151e-05 -6 -15.5 -13.5
0.00012286 -6.5 -16 -13
4.41629e-05 -6.5 -16 -12.5
0.000130335 -3.5 -7.5 -20.5
4.796e-05 -3.5 -7.5 -20
0.000274219 -3 -8 -20
5.70165e-05 -3 -8 -19.5
2.6158e-05 -10.5 -20 -0.5
2.57127e-05 -10.5 -20.5 -1
2.53282e-05 -10 -20 -1.5
0.00010141 -2.5 -8 -20
4.35217e-05 -10 -20 -2
4.40804e-05 -10.5 -20.5 -1.5
0.000330727 -2.5 -8 -20.5
2.0337e-05 -11 -21 -1.5
5.50413e-05 -10.5 -20.5 -2
3.2456e-05 -9.5 -19.5 -3
6.70425e-05 -10 -20 -2.5
0.000556676 -2.5 -8 -21
0.000415334 -3 -7.5 -20.5
3.03731e-05 -11 -21 -2
6.1462e-05 -10.5 -20.5 -2.5
5.13294e-05 -9.5 -19.5 -3.5
7.99613e-05 -10 -20 -3
0.000624144 -2.5 -8 -21.5
0.000679615 -3 -7.5 -21
3.17608e-05 -11 -21 -2.5
6.40741e-05 -10.5 -20.5 -3
8.9155e-05 -10 -20 -3.5
8.06905e-05 -9.5 -19.5 -4
0.000602234 -2.5 -8 -22
3.19178e-05 -11 -21 -3
6.49925e-05 -10.5 -20.5 -3.5
9.42845e-05 -10 -20 -4
4.92528e-05 -9 -19 -5
0.000100501 -9.5 -19.5 -4.5
0.000448375 -2.5 -8 -22.5
2.8599e-05 -11 -21 -3.5
6.24811e-05 -10.5 -20.5 -4
0.000186686 -2.5 -8 -23
9.60073e-05 -10 -20 -4.5
0.000115033 -9.5 -19.5 -5
2.99619e-05 -2.5 -8 -23.5
2.42896e-05 -11 -21 -4
0.000203202 -3 -7.5 -23
5.70467e-05 -10.5 -20.5 -4.5
9.86326e-05 -10 -20 -5
8.32774e-05 -9 -19 -5.5
0.000124729 -9.5 -19.5 -5.5
0.000110089 -9 -19 -6
0.000488376 -3 -7.5 -22.5
4.1173e-05 -3 -7.5 -23.5
4.9445e-05 -10.5 -20.5 -5
9.61663e-05 -10 -20 -5.5
0.000128299 -9.5 -19.5 -6
4.10247e-05 -8.5 -18.5 -6.5
0.000129879 -9 -19 -6.5
7.48237e-05 -8.5 -18.5 -7
2.79368e-05 -3.5 -7 -22
3.83845e-05 -10.5 -20.5 -5.5
8.704e-05 -10 -20 -6
0.000129492 -9.5 -19.5 -6.5
0.000145232 -9 -19 -7
0.000106104 -8.5 -18.5 -7.5
3.19099e-05 -8 -18 -8
0.000703763 -3 -7.5 -22
2.64394e-05 -10.5 -20.5 -6
7.38355e-05 -10 -20 -6.5
0.000127143 -9.5 -19.5 -7
0.000152356 -9 -19 -7.5
0.000134444 -8.5 -18.5 -8
3.43595e-05 -3.5 -7 -21.5
6.95958e-05 -8 -18 -8.5
0.000734524 -3 -7.5 -21.5
5.69595e-05 -10 -20 -7
0.000116421 -9.5 -19.5 -7.5
0.000155542 -9 -19 -8
0.000160493 -8.5 -18.5 -8.5
0.000111246 -8 -18 -9
3.31305e-05 -7.5 -17.5 -9.5
3.92803e-05 -10 -20 -7.5
0.000100617 -9.5 -19.5 -8
0.000157194 -9 -19 -8.5
0.000175802 -8.5 -18.5 -9
0.000149596 -8 -18 -9.5
8.26067e-05 -7.5 -17.5 -10
2.49942e-05 -10 -20 -8
7.8752e-05 -9.5 -19.5 -8.5
0.000146826 -9 -19 -9
0.00018388 -8.5 -18.5 -9.5
0.000188974 -8 -18 -10
0.000140657 -7.5 -17.5 -10.5
5.44062e-05 -9.5 -19.5 -9
0.000129113 -9 -19 -9.5
0.000190962 -8.5 -18.5 -10
0.000216411 -8 -18 -10.5
0.00018861 -7.5 -17.5 -11
0.000113069 -7 -17 -11.5
3.54477e-05 -9.5 -19.5 -9.5
0.00010421 -9 -19 -10
0.000183663 -8.5 -18.5 -10.5
0.000226961 -8 -18 -11
0.000234265 -7.5 -17.5 -11.5
0.000188292 -7 -17 -12
7.50046e-05 -9 -19 -10.5
0.000163438 -8.5 -18.5 -11
0.000230591 -8 -18 -11.5
0.000263245 -7.5 -17.5 -12
0.000246682 -7 -17 -12.5
5.01214e-05 -9 -19 -11
0.000134533 -8.5 -18.5 -11.5
0.000219849 -8 -18 -12
0.000273451 -7.5 -17.5 -12.5
0.000289731 -7 -17 -13
3.13326e-05 -9 -19 -11.5
0.000100778 -8.5 -18.5 -12
0.000195047 -8 -18 -12.5
0.000264051 -7.5 -17.5 -13
3.69333e-05 -5.5 -15.5 -14.5
0.000308854 -7 -17 -13.5
6.99129e-05 -8.5 -18.5 -12.5
0.00015936 -8 -18 -13
2.71156e-05 -5 -15 -15.5
0.000247291 -7.5 -17.5 -13.5
0.000316616 -7 -17 -14
8.76638e-05 -5.5 -15.5 -15
4.58363e-05 -8.5 -18.5 -13
0.000119588 -8 -18 -13.5
5.01423e-05 -5 -15 -16
0.000211065 -7.5 -17.5 -14
0.000291637 -7 -17 -14.5
0.000147346 -5.5 -15.5 -15.5
2.86195e-05 -8.5 -18.5 -13.5
8.23098e-05 -8 -18 -14
7.4503e-05 -5 -15 -16.5
0.000161805 -7.5 -17.5 -14.5
0.000244865 -7 -17 -15
2.50264e-05 -4.5 -14.5 -17.5
5.1833e-05 -8 -18 -14.5
9.85037e-05 -5 -15 -17
0.000112314 -7.5 -17.5 -15
2.37502e-05 -4.5 -14.5 -18
3.16077e-05 -8 -18 -15
9.74024e-05 -5 -15 -17.5
6.97952e-05 -7.5 -17.5 -15.5
0.000118819 -7 -17 -16
3.67759e-05 -7.5 -17.5 -16
6.98429e-05 -5 -15 -18
6.68234e-05 -7 -17 -16.5
2.8232e-05 -5 -15 -18.5
2.27259e-05 -7 -17 -17.5
2.45836e-05 -5.5 -15.5 -18.5
4.47053e-05 -6 -16 -18
4.55633e-05 -6.5 -16.5 -17.5
3.67503e-05 -7 -17 -17
7.66375e-05 -5.5 -15.5 -18
0.000104682 -6 -16 -17.5
9.59085e-05 -6.5 -16.5 -17
0.000145667 -5.5 -15.5 -17.5
0.000186143 -6 -16 -17
0.000166547 -6.5 -16.5 -16.5
0.000213998 -5.5 -15.5 -17
0.000269163 -6 -16 -16.5
0.00024491 -6.5 -16.5 -16
0.000182542 -7 -17 -15.5
0.000228047 -5.5 -15.5 -16.5
0.000334324 -6 -16 -16
0.000313493 -6.5 -16.5 -15.5
0.000200748 -5.5 -15.5 -16
0.000321443 -6 -16 -15.5
0.000353477 -6.5 -16.5 -15
0.000275637 -6 -16 -15
0.000340227 -6.5 -16.5 -14.5
0.000199804 -6 -16 -14.5
0.000295906 -6.5 -16.5 -14
0.000118003 -6 -16 -14
0.000222953 -6.5 -16.5 -13.5
5.28874e-05 -6 -16 -13.5
0.000152711 -6.5 -16.5 -13
8.80547e-05 -6.5 -16.5 -12.5
3.06332e-05 -6.5 -16.5 -12
5.09018e-05 -7 -17 -11
3.94059e-05 -3.5 -7 -21
2.64549e-05 -3.5 -7 -20.5
0.000153686 -3 -7.5 -20
2.43726e-05 -3 -7.5 -19.5
0.000120378 -2.5 -7.5 -20
3.50607e-05 -2 -8 -21
0.000401607 -2.5 -7.5 -20.5
2.59219e-05 -10 -20.5 -2
4.96388e-05 -2 -8 -21.5
2.02355e-05 -10.5 -21 -2
3.00365e-05 -9.5 -20 -3
4.5407e-05 -10 -20.5 -2.5
5.51439e-05 -2 -8 -22
0.000866887 -2.5 -7.5 -21.5
0.00046077 -3 -7 -21
3.44253e-05 -10.5 -21 -2.5
4.75781e-05 -9.5 -20 -3.5
5.97973e-05 -10 -20.5 -3
5.26475e-05 -2 -8 -22.5
0.000835321 -2.5 -7.5 -22
4.07411e-05 -10.5 -21 -3
7.20559e-05 -10 -20.5 -3.5
3.22481e-05 -9 -19.5 -4.5
7.47717e-05 -9.5 -20 -4
2.36682e-05 -2 -8 -23
0.000640393 -2.5 -7.5 -22.5
2.00437e-05 -11 -21.5 -3
2.09621e-05 -2 -8 -23.5
4.41522e-05 -10.5 -21 -3.5
7.96901e-05 -10 -20.5 -4
4.46226e-05 -10.5 -21 -4
7.24879e-05 -2.5 -7.5 -23.5
0.000198802 -3 -7 -23
8.37951e-05 -10 -20.5 -4.5
5.32836e-05 -9 -19.5 -5
9.49272e-05 -9.5 -20 -4.5
0.000109064 -9.5 -20 -5
0.000324744 -2.5 -7.5 -23
5.24637e-05 -3 -7 -23.5
4.44152e-05 -10.5 -21 -4.5
8.44211e-05 -10 -20.5 -5
3.07273e-05 -8.5 -19 -6
0.000119319 -9.5 -20 -5.5
8.6551e-05 -9 -19.5 -5.5
0.000113926 -9 -19.5 -6
0.000366851 -3 -7 -22.5
4.14562e-05 -10.5 -21 -5
8.30351e-05 -10 -20.5 -5.5
0.000123837 -9.5 -20 -6
0.000136358 -9 -19.5 -6.5
5.53515e-05 -8.5 -19 -6.5
9.45182e-05 -8.5 -19 -7
3.60224e-05 -10.5 -21 -5.5
7.78258e-05 -10 -20.5 -6
0.000123355 -9.5 -20 -6.5
0.000150473 -9 -19.5 -7
2.77138e-05 -8 -18.5 -7.5
0.000130805 -8.5 -19 -7.5
2.98715e-05 -10.5 -21 -6
6.79394e-05 -10 -20.5 -6.5
0.00012105 -9.5 -20 -7
0.000156329 -9 -19.5 -7.5
0.000161897 -8.5 -19 -8
5.63887e-05 -8 -18.5 -8
0.000103124 -8 -18.5 -8.5
0.00048253 -3 -7 -22
2.83107e-05 -7.5 -18 -9
2.31235e-05 -10.5 -21 -6.5
5.63845e-05 -10 -20.5 -7
0.000112298 -9.5 -20 -7.5
0.000156413 -9 -19.5 -8
0.000179599 -8.5 -19 -8.5
0.000146169 -8 -18.5 -9
5.82143e-05 -7.5 -18 -9.5
4.60622e-05 -10 -20.5 -7.5
9.75207e-05 -9.5 -20 -8
0.00015496 -9 -19.5 -8.5
0.000189521 -8.5 -19 -9
0.000185488 -8 -18.5 -9.5
0.00010977 -7.5 -18 -10
3.42948e-05 -10 -20.5 -8
8.02256e-05 -9.5 -20 -8.5
0.000145004 -9 -19.5 -9
0.000191892 -8.5 -19 -9.5
0.000209829 -8 -18.5 -10
0.000160099 -7.5 -18 -10.5
2.33876e-05 -10 -20.5 -8.5
6.44519e-05 -9.5 -20 -9
0.000127243 -9 -19.5 -9.5
0.000188318 -8.5 -19 -10
0.000225891 -8 -18.5 -10.5
0.000209612 -7.5 -18 -11
4.77126e-05 -9.5 -20 -9.5
0.000104352 -9 -19.5 -10
0.000178686 -8.5 -19 -10.5
0.000231002 -8 -18.5 -11
0.000239783 -7.5 -18 -11.5
3.24086e-05 -9.5 -20 -10
8.23035e-05 -9 -19.5 -10.5
0.000156711 -8.5 -19 -11
0.000220908 -8 -18.5 -11.5
0.000257455 -7.5 -18 -12
2.25552e-05 -6 -16.5 -13
6.1412e-05 -9 -19.5 -11
0.000127384 -8.5 -19 -11.5
0.000203145 -8 -18.5 -12
0.000262956 -7.5 -18 -12.5
4.24094e-05 -9 -19.5 -11.5
9.67293e-05 -8.5 -19 -12
0.000176158 -8 -18.5 -12.5
3.15681e-05 -5.5 -16 -14.5
0.000246101 -7.5 -18 -13
2.89985e-05 -9 -19.5 -12
6.8405e-05 -8.5 -19 -12.5
0.000141282 -8 -18.5 -13
5.37197e-05 -5.5 -16 -15
0.000211443 -7.5 -18 -13.5
2.54346e-05 -5 -15.5 -16
4.62015e-05 -8.5 -19 -13
0.000103068 -8 -18.5 -13.5
8.42837e-05 -5.5 -16 -15.5
0.000163185 -7.5 -18 -14
3.11442e-05 -8.5 -19 -13.5
3.07475e-05 -5 -15.5 -16.5
6.87387e-05 -8 -18.5 -14
0.000114669 -7.5 -18 -14.5
9.65111e-05 -5.5 -16 -16
2.36332e-05 -8.5 -19 -14
2.95778e-05 -5 -15.5 -17
4.21803e-05 -8 -18.5 -14.5
7.4986e-05 -7.5 -18 -15
9.5169e-05 -5.5 -16 -16.5
0.000111157 -7 -17.5 -15.5
2.53999e-05 -8 -18.5 -15
4.54395e-05 -7.5 -18 -15.5
2.41843e-05 -7.5 -18 -16
2.60808e-05 -5.5 -16 -17.5
3.10989e-05 -6.5 -17 -17
3.0717e-05 -7 -17.5 -16.5
6.12167e-05 -6 -16.5 -17
7.34197e-05 -6.5 -17 -16.5
6.34184e-05 -7 -17.5 -16
6.612e-05 -5.5 -16 -17
0.000115402 -6 -16.5 -16.5
0.000133425 -6.5 -17 -16
0.000172237 -6 -16.5 -16
0.000198842 -6.5 -17 -15.5
0.000167955 -7 -17.5 -15
0.000199126 -6 -16.5 -15.5
0.000254832 -6.5 -17 -15
0.000222784 -7 -17.5 -14.5
0.000185271 -6 -16.5 -15
0.000273837 -6.5 -17 -14.5
0.000269984 -7 -17.5 -14
0.000149254 -6 -16.5 -14.5
0.00025058 -6.5 -17 -14
0.000284663 -7 -17.5 -13.5
0.000102422 -6 -16.5 -14
0.000201231 -6.5 -17 -13.5
0.000272888 -7 -17.5 -13
4.9244e-05 -6 -16.5 -13.5
0.000140889 -6.5 -17 -13
0.000237722 -7 -17.5 -12.5
8.696e-05 -6.5 -17 -12.5
0.000184383 -7 -17.5 -12
4.0465e-05 -6.5 -17 -12
0.000126438 -7 -17.5 -11.5
7.44152e-05 -7 -17.5 -11
3.19781e-05 -7 -17.5 -10.5
0.000518606 -3 -7 -21.5
0.000738542 -2.5 -7.5 -21
0.000250417 -3 -7 -20.5
6.61571e-05 -3 -7 -20
4.50966e-05 -2 -7.5 -20.5
0.000106614 -2 -7.5 -21
0.000390241 -2.5 -7 -20.5
0.000157296 -2 -7.5 -21.5
0.000178147 -2 -7.5 -22
0.000934458 -2.5 -7 -21.5
0.00017236 -2 -7.5 -22.5
0.000903179 -2.5 -7 -22
2.08925e-05 -10 -21 -3
3.00748e-05 -9.5 -20.5 -3.5
0.000115588 -2 -7.5 -23
0.000721114 -2.5 -7 -22.5
3.3635e-05 -2 -7.5 -23.5
3.60676e-05 -10 -21 -3.5
4.90495e-05 -9.5 -20.5 -4
2.77689e-05 -9 -20 -4.5
0.000430396 -2.5 -7 -23
4.33919e-05 -10 -21 -4
0.00013768 -2.5 -7 -23.5
6.35443e-05 -9.5 -20.5 -4.5
2.01235e-05 -10.5 -21.5 -4
4.93813e-05 -10 -21 -4.5
4.265e-05 -3 -6.5 -23.5
7.95625e-05 -9.5 -20.5 -5
4.56438e-05 -9 -20 -5
2.10546e-05 -10.5 -21.5 -4.5
5.33244e-05 -10 -21 -5
9.00669e-05 -9.5 -20.5 -5.5
2.95769e-05 -8.5 -19.5 -6
7.35261e-05 -9 -20 -5.5
9.73954e-05 -9 -20 -6
0.000115784 -3 -6.5 -23
2.44088e-05 -10.5 -21.5 -5
5.42444e-05 -10 -21 -5.5
9.45318e-05 -9.5 -20.5 -6
0.000121462 -9 -20 -6.5
5.21448e-05 -8.5 -19.5 -6.5
8.86188e-05 -8.5 -19.5 -7
2.44828e-05 -10.5 -21.5 -5.5
5.0766e-05 -10 -21 -6
9.57062e-05 -9.5 -20.5 -6.5
0.000132282 -9 -20 -7
0.000120938 -8.5 -19.5 -7.5
2.9789e-05 -8 -19 -7.5
2.30892e-05 -10.5 -21.5 -6
4.56537e-05 -10 -21 -6.5
9.0987e-05 -9.5 -20.5 -7
0.000136872 -9 -20 -7.5
0.000149744 -8.5 -19.5 -8
9.8207e-05 -8 -19 -8.5
5.55072e-05 -8 -19 -8
2.01388e-05 -10.5 -21.5 -6.5
4.14023e-05 -10 -21 -7
8.27595e-05 -9.5 -20.5 -7.5
0.000138119 -9 -20 -8
0.000164802 -8.5 -19.5 -8.5
0.000135905 -8 -19 -9
3.60197e-05 -10 -21 -7.5
7.48366e-05 -9.5 -20.5 -8
0.000128735 -9 -20 -8.5
0.000170888 -8.5 -19.5 -9
0.000170944 -8 -19 -9.5
3.03046e-05 -10 -21 -8
6.42841e-05 -9.5 -20.5 -8.5
0.000114331 -9 -20 -9
0.000172161 -8.5 -19.5 -9.5
0.000193681 -8 -19 -10
0.000146634 -7.5 -18.5 -10.5
3.37765e-05 -7 -18 -10.5
2.14326e-05 -10 -21 -8.5
5.22344e-05 -9.5 -20.5 -9
0.000100116 -9 -20 -9.5
0.000161007 -8.5 -19.5 -10
0.000202874 -8 -19 -10.5
4.09535e-05 -9.5 -20.5 -9.5
8.32835e-05 -9 -20 -10
0.000141381 -8.5 -19.5 -10.5
0.000196858 -8 -19 -11
0.000152364 -7 -18 -12
3.11002e-05 -9.5 -20.5 -10
6.52928e-05 -9 -20 -10.5
0.000115386 -8.5 -19.5 -11
0.000176743 -8 -19 -11.5
0.000216621 -7.5 -18.5 -12
4.85126e-05 -9 -20 -11
9.19312e-05 -8.5 -19.5 -11.5
0.000152378 -8 -19 -12
3.58421e-05 -6 -17 -13.5
0.000203051 -7.5 -18.5 -12.5
3.58328e-05 -9 -20 -11.5
6.93574e-05 -8.5 -19.5 -12
0.000122865 -8 -19 -12.5
0.000174199 -7.5 -18.5 -13
5.5103e-05 -6 -17 -14
2.32908e-05 -9 -20 -12
4.90602e-05 -8.5 -19.5 -12.5
2.63594e-05 -5.5 -16.5 -15
9.14335e-05 -8 -19 -13
0.000134068 -7.5 -18.5 -13.5
7.71379e-05 -6 -17 -14.5
3.37969e-05 -8.5 -19.5 -13
3.01544e-05 -5.5 -16.5 -15.5
6.26212e-05 -8 -19 -13.5
9.35728e-05 -7.5 -18.5 -14
2.45158e-05 -8.5 -19.5 -13.5
2.56115e-05 -5.5 -16.5 -16
4.05383e-05 -8 -19 -14
5.87566e-05 -7.5 -18.5 -14.5
2.36122e-05 -8 -19 -14.5
3.2722e-05 -7.5 -18.5 -15
3.20924e-05 -6.5 -17.5 -16
3.75052e-05 -7 -18 -15.5
4.02692e-05 -6 -17 -16
6.93506e-05 -6.5 -17.5 -15.5
7.32557e-05 -7 -18 -15
7.12849e-05 -6 -17 -15.5
0.000111055 -6.5 -17.5 -15
0.00011757 -7 -18 -14.5
8.35617e-05 -6 -17 -15
0.000142934 -6.5 -17.5 -14.5
0.00016108 -7 -18 -14
0.000150708 -6.5 -17.5 -14
0.000192824 -7 -18 -13.5
0.000135526 -6.5 -17.5 -13.5
0.000195057 -7 -18 -13
0.000105756 -6.5 -17.5 -13
0.000181761 -7 -18 -12.5
6.25412e-05 -6.5 -17.5 -12.5
0.000209696 -7.5 -18.5 -11.5
3.5706e-05 -6.5 -17.5 -12
0.000110585 -7 -18 -11.5
0.00018507 -7.5 -18.5 -11
7.00812e-05 -7 -18 -11
0.000103104 -7.5 -18.5 -10
5.65309e-05 -7.5 -18.5 -9.5
3.09612e-05 -7.5 -18.5 -9
0.000204044 -3 -6.5 -22.5
0.00024834 -3 -6.5 -22
0.000257242 -3 -6.5 -21.5
0.000198459 -3 -6.5 -21
0.000763683 -2.5 -7 -21
8.67661e-05 -3 -6.5 -20.5
0.00010066 -2.5 -7 -20
9.41305e-05 -2 -7 -20.5
0.000242458 -2 -7 -21
0.000375314 -2 -7 -21.5
0.000570198 -2.5 -6.5 -21
0.000423422 -2 -7 -22
0.000824203 -2.5 -6.5 -21.5
0.000414615 -2 -7 -22.5
0.000833447 -2.5 -6.5 -22
0.000286842 -2 -7 -23
0.000720326 -2.5 -6.5 -22.5
0.000112606 -2 -7 -23.5
0.000462719 -2.5 -6.5 -23
0.000194629 -2.5 -6.5 -23.5
2.9109e-05 -2.5 -6.5 -24
2.00185e-05 -9.5 -21 -4.5
3.40644e-05 -9.5 -21 -5
2.08029e-05 -9 -20.5 -5
4.10038e-05 -9.5 -21 -5.5
3.76515e-05 -9 -20.5 -5.5
5.6854e-05 -9 -20.5 -6
2.01275e-05 -10 -21.5 -5.5
4.55027e-05 -9.5 -21 -6
6.79138e-05 -9 -20.5 -6.5
3.95406e-05 -8.5 -20 -6.5
6.47383e-05 -8.5 -20 -7
2.086e-05 -10 -21.5 -6
4.79376e-05 -9.5 -21 -6.5
7.76452e-05 -9 -20.5 -7
8.11659e-05 -8.5 -20 -7.5
2.60351e-05 -8 -19.5 -7.5
2.01429e-05 -10 -21.5 -6.5
4.68129e-05 -9.5 -21 -7
8.34736e-05 -9 -20.5 -7.5
9.62306e-05 -8.5 -20 -8
4.58946e-05 -8 -19.5 -8
7.5756e-05 -8 -19.5 -8.5
4.4251e-05 -9.5 -21 -7.5
8.2921e-05 -9 -20.5 -8
0.000108753 -8.5 -20 -8.5
9.5213e-05 -8 -19.5 -9
2.64751e-05 -7.5 -19 -9
4.07873e-05 -9.5 -21 -8
7.55069e-05 -9 -20.5 -8.5
0.00011417 -8.5 -20 -9
0.00011279 -8 -19.5 -9.5
3.52935e-05 -9.5 -21 -8.5
6.69603e-05 -9 -20.5 -9
0.000107991 -8.5 -20 -9.5
0.000123427 -8 -19.5 -10
2.71368e-05 -7 -18.5 -10.5
2.90426e-05 -9.5 -21 -9
5.73527e-05 -9 -20.5 -9.5
9.58056e-05 -8.5 -20 -10
0.000125898 -8 -19.5 -10.5
0.000117024 -7.5 -19 -11
2.42758e-05 -9.5 -21 -9.5
4.66826e-05 -9 -20.5 -10
7.92754e-05 -8.5 -20 -10.5
0.000117365 -8 -19.5 -11
2.45298e-05 -6.5 -18 -12
0.000123559 -7.5 -19 -11.5
3.53735e-05 -9 -20.5 -10.5
6.22483e-05 -8.5 -20 -11
9.94176e-05 -8 -19.5 -11.5
3.52618e-05 -6.5 -18 -12.5
2.6275e-05 -9 -20.5 -11
4.7635e-05 -8.5 -20 -11.5
7.77474e-05 -8 -19.5 -12
3.38851e-05 -8.5 -20 -12
5.51871e-05 -8 -19.5 -12.5
2.25903e-05 -6 -17.5 -14
7.11191e-05 -7.5 -19 -13
2.08342e-05 -8.5 -20 -12.5
3.49904e-05 -8 -19.5 -13
2.12437e-05 -6 -17.5 -14.5
4.62379e-05 -7.5 -19 -13.5
2.34385e-05 -7.5 -19 -14
2.18844e-05 -7 -18.5 -14.5
3.05386e-05 -6.5 -18 -14.5
4.76556e-05 -7 -18.5 -14
5.06439e-05 -6.5 -18 -14
7.12254e-05 -7 -18.5 -13.5
5.56797e-05 -6.5 -18 -13.5
8.74762e-05 -7 -18.5 -13
9.54699e-05 -7.5 -19 -12.5
5.06511e-05 -6.5 -18 -13
9.40261e-05 -7 -18.5 -12.5
0.00011443 -7.5 -19 -12
8.71453e-05 -7 -18.5 -12
7.1658e-05 -7 -18.5 -11.5
4.41502e-05 -7 -18.5 -11
0.000100113 -7.5 -19 -10.5
7.8587e-05 -7.5 -19 -10
4.58918e-05 -7.5 -19 -9.5
3.9122e-05 -3 -6 -23
5.18807e-05 -3 -6 -22.5
5.94136e-05 -3 -6 -22
6.21993e-05 -3 -6 -21.5
4.56215e-05 -3 -6 -21
0.000234269 -2.5 -6.5 -20.5
4.14053e-05 -2.5 -6.5 -20
0.000148859 -2 -6.5 -20.5
0.00039014 -2 -6.5 -21
0.000614637 -2 -6.5 -21.5
0.000347802 -2.5 -6 -21
0.000695421 -2 -6.5 -22
0.000516542 -2 -6.5 -23
0.000228771 -2 -6.5 -23.5
4.58141e-05 -2 -6.5 -24
4.79505e-05 -2.5 -6 -24
2.86073e-05 -8.5 -20.5 -7.5
2.4509e-05 -9 -21 -7.5
3.69329e-05 -8.5 -20.5 -8
2.96117e-05 -8 -20 -8.5
2.286e-05 -9 -21 -8
3.88684e-05 -8.5 -20.5 -8.5
3.62614e-05 -8 -20 -9
2.0841e-05 -9 -21 -8.5
3.90878e-05 -8.5 -20.5 -9
4.47455e-05 -8 -20 -9.5
2.04164e-05 -7.5 -19.5 -9.5
3.307e-05 -8.5 -20.5 -9.5
4.2979e-05 -8 -20 -10
3.0987e-05 -7.5 -19.5 -10
2.61419e-05 -8.5 -20.5 -10
3.89753e-05 -8 -20 -10.5
2.15416e-05 -7 -19 -11
3.28252e-05 -8 -20 -11
2.10361e-05 -8 -20 -11.5
2.23052e-05 -7.5 -19.5 -12
2.48114e-05 -7 -19 -12
3.56953e-05 -7.5 -19.5 -11.5
2.50477e-05 -7 -19 -11.5
4.17853e-05 -7.5 -19.5 -11
3.99429e-05 -7.5 -19.5 -10.5
0.00021736 -2.5 -6 -23.5
0.000443257 -2.5 -6 -23
0.000564935 -2.5 -6 -22.5
0.000687567 -2 -6.5 -22.5
0.000592969 -2.5 -6 -22
0.000555159 -2.5 -6 -21.5
0.000121871 -2.5 -6 -20.5
2.46189e-05 -2 -6.5 -20
0.000154559 -2 -6 -20.5
3.87237e-05 -1.5 -6.5 -21.5
0.000445839 -2 -6 -21
5.54794e-05 -1.5 -6.5 -22
5.97872e-05 -1.5 -6.5 -22.5
0.000868205 -2 -6 -22
5.56578e-05 -1.5 -6.5 -23
2.53466e-05 -1.5 -6.5 -23.5
0.000690232 -2 -6 -23
0.000378338 -2 -6 -23.5
0.000102467 -2 -6 -24
5.43078e-05 -2.5 -5.5 -24
0.000165246 -2.5 -5.5 -23.5
0.00027277 -2.5 -5.5 -23
0.000337087 -2.5 -5.5 -22.5
0.000850386 -2 -6 -22.5
0.000352013 -2.5 -5.5 -22
0.000309039 -2.5 -5.5 -21.5
0.00073279 -2 -6 -21.5
0.000163342 -2.5 -5.5 -21
4.18048e-05 -2.5 -5.5 -20.5
5.50558e-05 -1.5 -6 -21
0.000130201 -1.5 -6 -21.5
0.000348849 -2 -5.5 -21
0.000190471 -1.5 -6 -22
0.000201338 -1.5 -6 -22.5
0.000189346 -1.5 -6 -23
0.000126449 -1.5 -6 -23.5
3.63986e-05 -1.5 -6 -24
0.000484141 -2 -5.5 -23.5
3.07074e-05 -2.5 -5 -24
0.00017814 -2 -5.5 -24
7.39258e-05 -2.5 -5 -23.5
0.000116339 -2.5 -5 -23
0.000756888 -2 -5.5 -23
0.000130225 -2.5 -5 -22.5
0.000892968 -2 -5.5 -22.5
0.00013345 -2.5 -5 -22
0.000899459 -2 -5.5 -22
0.000102992 -2.5 -5 -21.5
0.000707319 -2 -5.5 -21.5
4.31887e-05 -2.5 -5 -21
8.66621e-05 -2 -5.5 -20.5
2.25517e-05 -2 -6 -20
0.000120709 -1.5 -5.5 -21
0.000305847 -1.5 -5.5 -21.5
0.000476417 -1.5 -5.5 -22
0.000505617 -1.5 -5.5 -22.5
0.000729084 -2 -5 -22
0.000475132 -1.5 -5.5 -23
0.000327278 -1.5 -5.5 -23.5
0.000736283 -2 -5 -23
0.000138423 -1.5 -5.5 -24
0.000519954 -2 -5 -23.5
3.34715e-05 -2 -5 -24.5
0.000218152 -2 -5 -24
2.16138e-05 -2.5 -4.5 -22.5
0.000766844 -2 -5 -22.5
2.33183e-05 -2.5 -4.5 -22
0.000476466 -2 -5 -21.5
0.000201683 -2 -5 -21
3.92291e-05 -2 -5 -20.5
2.33674e-05 -1.5 -5.5 -20.5
0.000487719 -1.5 -5 -21.5
0.000873036 -1.5 -5 -22.5
0.000539934 -2 -4.5 -22
0.000619313 -1.5 -5 -23.5
0.000295286 -1.5 -5 -24
0.000425439 -2 -4.5 -23.5
5.71492e-05 -1.5 -5 -24.5
4.03045e-05 -2 -4.5 -24.5
0.000216378 -2 -4.5 -24
0.000554103 -2 -4.5 -23
0.000833176 -1.5 -5 -23
0.000585789 -2 -4.5 -22.5
0.000789147 -1.5 -5 -22
0.000321708 -2 -4.5 -21.5
0.000112858 -2 -4.5 -21
0.000184742 -1.5 -5 -21
3.23763e-05 -1.5 -5 -20.5
2.25658e-05 -1 -5 -22
3.65803e-05 -1 -5 -22.5
3.84962e-05 -1 -5 -23
0.00114979 -1.5 -4.5 -22.5
3.22033e-05 -1 -5 -23.5
2.01871e-05 -1 -5 -24
0.000895854 -1.5 -4.5 -23.5
2.02305e-05 -1 -5 -24.5
2.65253e-05 -2 -4 -24.5
0.000107729 -1.5 -4.5 -24.5
0.000122241 -2 -4 -24
0.000473168 -1.5 -4.5 -24
0.000234234 -2 -4 -23.5
0.000294571 -2 -4 -23
0.0011185 -1.5 -4.5 -23
0.000305358 -2 -4 -22.5
0.000268067 -2 -4 -22
0.000966021 -1.5 -4.5 -22
0.000145566 -2 -4 -21.5
0.000533597 -1.5 -4.5 -21.5
4.22552e-05 -2 -4 -21
0.000192716 -1.5 -4.5 -21
3.34865e-05 -1.5 -4.5 -20.5
2.27957e-05 -1 -4.5 -21
8.21454e-05 -1 -4.5 -21.5
0.000171822 -1 -4.5 -22
0.000241959 -1 -4.5 -22.5
0.000252813 -1 -4.5 -23
0.00125482 -1.5 -4 -22.5
0.000234998 -1 -4.5 -23.5
0.00123138 -1.5 -4 -23
0.000163091 -1 -4.5 -24
6.53541e-05 -1 -4.5 -24.5
0.000150083 -1.5 -4 -24.5
3.26009e-05 -2 -3.5 -24
0.000561792 -1.5 -4 -24
5.94126e-05 -2 -3.5 -23.5
0.0010051 -1.5 -4 -23.5
7.16748e-05 -2 -3.5 -23
7.37374e-05 -2 -3.5 -22.5
6.48073e-05 -2 -3.5 -22
0.00101901 -1.5 -4 -22
3.51394e-05 -2 -3.5 -21.5
0.000531218 -1.5 -4 -21.5
0.000146643 -1.5 -4 -21
2.29638e-05 -1.5 -4 -20.5
6.84782e-05 -1 -4 -21
0.000524544 -1 -4 -22
0.000747992 -1 -4 -22.5
0.000775928 -1 -4 -23
0.000711493 -1 -4 -23.5
0.00107117 -1.5 -3.5 -23
0.000472709 -1 -4 -24
0.000171542 -1 -4 -24.5
0.000156916 -1.5 -3.5 -24.5
0.000569401 -1.5 -3.5 -24
0.000962908 -1.5 -3.5 -23.5
0.00107086 -1.5 -3.5 -22.5
0.000809922 -1.5 -3.5 -22
0.000390894 -1.5 -3.5 -21.5
0.000248004 -1 -4 -21.5
0.000108501 -1.5 -3.5 -21
0.000124646 -1 -3.5 -21
0.00103524 -1 -3.5 -22
0.000664296 -1.5 -3 -23
2.24732e-05 -1 -3.5 -25
8.88751e-05 -1.5 -3 -24.5
0.000295626 -1 -3.5 -24.5
0.000318151 -1.5 -3 -24
0.000864606 -1 -3.5 -24
0.000551808 -1.5 -3 -23.5
0.00136764 -1 -3.5 -23.5
0.00151398 -1 -3.5 -23
0.000676403 -1.5 -3 -22.5
0.00147446 -1 -3.5 -22.5
0.000513799 -1.5 -3 -22
0.000242217 -1.5 -3 -21.5
0.000481106 -1 -3.5 -21.5
6.34913e-05 -1.5 -3 -21
7.96747e-05 -1.5 -2.5 -21.5
0.000230196 -1.5 -2.5 -22.5
0.000186283 -1.5 -2.5 -23.5
2.2751e-05 -0.5 -3.5 -24
3.23679e-05 -0.5 -3.5 -24.5
2.0898e-05 -1.5 -2.5 -24.5
2.08369e-05 -0.5 -3.5 -25
2.08994e-05 -1 -3 -25
0.000373524 -1 -3 -24.5
9.97642e-05 -1.5 -2.5 -24
0.00109693 -1 -3 -24
0.00175253 -1 -3 -23.5
0.000224669 -1.5 -2.5 -23
0.00197746 -1 -3 -23
0.00194836 -1 -3 -22.5
0.000175428 -1.5 -2.5 -22
0.00138618 -1 -3 -22
0.000615963 -1 -3 -21.5
2.05892e-05 -1.5 -2.5 -21
0.000152461 -1 -3 -21
2.31612e-05 -1 -3 -20.5
6.3627e-05 -0.5 -3 -21.5
0.00019358 -0.5 -3 -22
0.000364473 -0.5 -3 -22.5
0.000481165 -0.5 -3 -23
0.000487541 -0.5 -3 -23.5
0.000223655 -0.5 -3 -24.5
4.62765e-05 -0.5 -3 -25
0.000335792 -1 -2.5 -24.5
0.00105848 -1 -2.5 -24
0.000414543 -0.5 -3 -24
0.00171085 -1 -2.5 -23.5
0.00198769 -1 -2.5 -23
0.00199686 -1 -2.5 -22.5
0.00145854 -1 -2.5 -22
0.000644725 -1 -2.5 -21.5
0.000156538 -1 -2.5 -21
2.32953e-05 -1 -2.5 -20.5
0.00169917 -0.5 -2.5 -23.5
0.000465581 -0.5 -2.5 -24.5
3.45523e-05 -0.5 -2.5 -25
0.000151215 -1 -2 -24.5
0.000492762 -1 -2 -24
0.00120469 -0.5 -2.5 -24
0.000816622 -1 -2 -23.5
0.000945123 -1 -2 -23
0.00178393 -0.5 -2.5 -23
0.000951979 -1 -2 -22.5
0.00163737 -0.5 -2.5 -22.5
0.000695936 -1 -2 -22
0.00101682 -0.5 -2.5 -22
0.000297069 -1 -2 -21.5
0.000403527 -0.5 -2.5 -21.5
6.6809e-05 -1 -2 -21
8.91456e-05 -0.5 -2.5 -21
2.1583e-05 -0.5 -2 -25
3.02256e-05 -1 -1.5 -24.5
0.000511424 -0.5 -2 -24.5
0.000111319 -1 -1.5 -24
0.00147862 -0.5 -2 -24
0.000194723 -1 -1.5 -23.5
0.00226322 -0.5 -2 -23.5
0.000230491 -1 -1.5 -23
0.00247479 -0.5 -2 -23
0.00023113 -1 -1.5 -22.5
0.00241412 -0.5 -2 -22.5
0.00016127 -1 -1.5 -22
0.00162783 -0.5 -2 -22
6.6956e-05 -1 -1.5 -21.5
0.000670719 -0.5 -2 -21.5
0.000150758 -0.5 -2 -21
2.18434e-05 -0.5 -2 -20.5
0.00029852 -0.5 -1.5 -24.5
0.00105851 -0.5 -1.5 -24
0.00178604 -0.5 -1.5 -23.5
0.0020625 -0.5 -1.5 -23
0.00206614 -0.5 -1.5 -22.5
0.00147629 -0.5 -1.5 -22
0.000608478 -0.5 -1.5 -21.5
0.000129934 -0.5 -1.5 -21
5.34452e-05 -0.5 -1 -24.5
0.000201963 -0.5 -1 -24
0.000356262 -0.5 -1 -23.5
0.00042572 -0.5 -1 -23
0.000433952 -0.5 -1 -22.5
0.000322472 -0.5 -1 -22
0.000124287 -0.5 -1 -21.5
2.53148e-05 -0.5 -0.5 -23.5
2.88702e-05 -0.5 -0.5 -23
2.87526e-05 -0.5 -0.5 -22.5
0.000293705 0 0 -25
0.00156176 0 0 -24.5
0.00310498 0 0 -24
0.00398054 0 0 -23.5
0.00412944 0 0 -23
0.00370279 0 0 -22.5
0.0021856 0 0 -22
0.000801198 0 0 -21.5
0.000171459 0 0 -21
2.51789e-05 0 0 -20.5
0.000364115 0 0.5 -25
0.00230159 0 0.5 -24.5
0.0048437 0 0.5 -24
0.00640092 0 0.5 -23.5
0.00668978 0 0.5 -23
0.00612853 0 0.5 -22.5
0.00371707 0 0.5 -22
0.00139925 0 0.5 -21.5
0.000302297 0 0.5 -21
4.40627e-05 0 0.5 -20.5
6.27263e-05 0 1 -25
2.12122e-05 0.5 0.5 -25
0.000483177 0 1 -24.5
0.000124352 0.5 0.5 -24.5
0.00107389 0 1 -24
0.000263052 0.5 0.5 -24
0.00144691 0 1 -23.5
0.000352197 0.5 0.5 -23.5
0.00151866 0 1 -23
0.000370809 0.5 0.5 -23
0.00139726 0 1 -22.5
0.000344495 0.5 0.5 -22.5
0.000841025 0 1 -22
0.000210722 0.5 0.5 -22
0.000301941 0 1 -21.5
8.02948e-05 0.5 0.5 -21.5
4.9804e-05 0 1 -21
5.221e-05 0.5 1 -25
0.000341084 0.5 1 -24.5
0.000723867 0.5 1 -24
0.000988533 0.5 1 -23.5
0.00104732 0.5 1 -23
0.000991808 0.5 1 -22.5
0.000623234 0.5 1 -22
0.000239091 0.5 1 -21.5
5.13369e-05 0.5 1 -21
3.35288e-05 0.5 1.5 -25
0.000384297 0.5 1.5 -24.5
0.000985965 0.5 1.5 -24
0.00144058 0.5 1.5 -23.5
0.00156164 0.5 1.5 -23
0.00152232 0.5 1.5 -22.5
0.00102354 0.5 1.5 -22
0.00040568 0.5 1.5 -21.5
8.41521e-05 0.5 1.5 -21
4.31666e-05 1 1.5 -21.5
0.000139629 1 1.5 -23.5
2.47954e-05 0.5 2 -25
0.000345509 0.5 2 -24.5
3.99231e-05 1 1.5 -24.5
0.000923085 0.5 2 -24
9.6712e-05 1 1.5 -24
0.0013813 0.5 2 -23.5
0.00150573 0.5 2 -23
0.000152061 1 1.5 -23
0.00147312 0.5 2 -22.5
0.000149175 1 1.5 -22.5
0.00101261 0.5 2 -22
0.000102247 1 1.5 -22
0.000431523 0.5 2 -21.5
0.000102262 0.5 2 -21
0.000388983 1 2 -22
0.000536817 1 2 -23
0.000307477 1 2 -24
0.000252061 0.5 2.5 -24.5
0.000110448 1 2 -24.5
0.000731156 0.5 2.5 -24
0.00114201 0.5 2.5 -23.5
0.000477017 1 2 -23.5
0.00126301 0.5 2.5 -23
0.00124294 0.5 2.5 -22.5
0.000536724 1 2 -22.5
0.000874398 0.5 2.5 -22
0.000383022 0.5 2.5 -21.5
0.00017132 1 2 -21.5
9.13721e-05 0.5 2.5 -21
4.06461e-05 1 2 -21
0.0001233 0.5 3 -24.5
0.000188677 1 2.5 -24.5
0.000337576 0.5 3 -24
0.000564574 1 2.5 -24
0.000500489 0.5 3 -23.5
0.000898747 1 2.5 -23.5
0.000536796 0.5 3 -23
0.00102097 1 2.5 -23
0.000509839 0.5 3 -22.5
0.00102385 1 2.5 -22.5
0.000338282 0.5 3 -22
0.000756598 1 2.5 -22
0.000143764 0.5 3 -21.5
0.000339016 1 2.5 -21.5
3.35494e-05 0.5 3 -21
8.20789e-05 1 2.5 -21
3.36112e-05 1.5 2.5 -21.5
6.90748e-05 1.5 2.5 -22
8.19794e-05 1.5 2.5 -22.5
7.91535e-05 1.5 2.5 -23
6.44279e-05 1.5 2.5 -23.5
3.94903e-05 1.5 2.5 -24
2.91587e-05 0.5 3.5 -24.5
0.000187494 1 3 -24.5
6.73756e-05 0.5 3.5 -24
0.000699194 1 3 -24
8.55543e-05 0.5 3.5 -23.5
0.00122243 1 3 -23.5
8.61638e-05 0.5 3.5 -23
0.00144972 1 3 -23
6.6634e-05 0.5 3.5 -22.5
0.00147345 1 3 -22.5
3.34977e-05 0.5 3.5 -22
0.0011792 1 3 -22
0.000589687 1 3 -21.5
0.000155437 1 3 -21
2.16083e-05 1 3 -20.5
4.60938e-05 1.5 3 -21
0.000170885 1.5 3 -21.5
0.00033176 1.5 3 -22
0.000386046 1.5 3 -22.5
0.000371966 1.5 3 -23
0.000297432 1.5 3 -23.5
0.000167066 1.5 3 -24
4.4402e-05 1.5 3 -24.5
0.000140366 1 3.5 -24.5
0.000600506 1 3.5 -24
0.00109307 1 3.5 -23.5
0.001319 1 3.5 -23
0.00134243 1 3.5 -22.5
0.00109606 1 3.5 -22
0.00057124 1 3.5 -21.5
0.000174868 1 3.5 -21
2.80227e-05 1 3.5 -20.5
0.000125436 1.5 3.5 -21
0.000390808 1.5 3.5 -21.5
0.000697223 1.5 3.5 -22
7.96454e-05 1 4 -24.5
6.94591e-05 1.5 3.5 -24.5
0.000389071 1 4 -24
0.000330753 1.5 3.5 -24
0.000731286 1 4 -23.5
0.000603954 1.5 3.5 -23.5
0.000872451 1 4 -23
0.00075575 1.5 3.5 -23
0.000889871 1 4 -22.5
0.000782901 1.5 3.5 -22.5
0.000761635 1 4 -22
0.000426131 1 4 -21.5
0.000144294 1 4 -21
2.34552e-05 1 4 -20.5
2.49189e-05 2 3.5 -21.5
3.91615e-05 2 3.5 -22
3.95675e-05 2 3.5 -22.5
3.61801e-05 2 3.5 -23
2.66318e-05 2 3.5 -23.5
0.00117073 1.5 4 -23
0.000832505 1.5 4 -23.5
0.000368866 1.5 4 -24
5.688e-05 1.5 4 -24.5
3.45798e-05 1 4.5 -24.5
0.000173769 1 4.5 -24
0.000322727 1 4.5 -23.5
0.000372273 1 4.5 -23
0.000371732 1 4.5 -22.5
0.00123198 1.5 4 -22.5
0.000312571 1 4.5 -22
0.00112556 1.5 4 -22
0.000188575 1 4.5 -21.5
0.000656832 1.5 4 -21.5
6.9494e-05 1 4.5 -21
0.000229341 1.5 4 -21
3.76903e-05 1.5 4 -20.5
5.20169e-05 2 4 -21
0.000152688 2 4 -21.5
0.000246875 2 4 -22
0.000254751 2 4 -22.5
0.00127266 1.5 4.5 -22
0.000234671 2 4 -23
0.000160694 2 4 -23.5
6.78242e-05 2 4 -24
3.42404e-05 1.5 4.5 -24.5
4.58268e-05 1 5 -24
0.000335291 1.5 4.5 -24
8.99122e-05 1 5 -23.5
0.000807279 1.5 4.5 -23.5
0.00010246 1 5 -23
0.00117804 1.5 4.5 -23
0.000100692 1 5 -22.5
0.00128876 1.5 4.5 -22.5
8.28001e-05 1 5 -22
5.20631e-05 1 5 -21.5
0.000895372 1.5 4.5 -21.5
0.00037723 1.5 4.5 -21
7.53258e-05 1.5 4.5 -20.5
3.95198e-05 2 4.5 -20.5
0.000193442 2 4.5 -21
0.000607961 2 4.5 -22
0.000525928 2 4.5 -23
0.00034043 2 4.5 -23.5
0.000134402 2 4.5 -24
0.000228693 1.5 5 -24
0.000657817 1.5 5 -23.5
0.0010295 1.5 5 -23
0.00115009 1.5 5 -22.5
0.000602795 2 4.5 -22.5
0.00114369 1.5 5 -22
0.000850953 1.5 5 -21.5
0.000448684 2 4.5 -21.5
0.000395758 1.5 5 -21
0.000106048 1.5 5 -20.5
2.00903e-05 2.5 4.5 -22
0.000115478 1.5 5.5 -24
0.000142994 2 5 -24
0.000386243 1.5 5.5 -23.5
0.000494063 2 5 -23.5
0.000642914 1.5 5.5 -23
0.000814219 2 5 -23
0.000741223 1.5 5.5 -22.5
0.000926289 2 5 -22.5
0.000742444 1.5 5.5 -22
0.000940094 2 5 -22
0.000597674 1.5 5.5 -21.5
0.00074994 2 5 -21.5
0.000312119 1.5 5.5 -21
0.000363654 2 5 -21
8.80391e-05 1.5 5.5 -20.5
9.4277e-05 2 5 -20.5
6.31452e-05 2.5 5 -21
0.000181908 2 5.5 -20.5
0.000121413 2.5 5 -21.5
0.000606164 2 5.5 -21
0.000131054 2.5 5 -22
0.000122375 2.5 5 -22.5
0.00123494 2 5.5 -22
0.000100275 2.5 5 -23
5.57291e-05 2.5 5 -23.5
0.000920566 2 5.5 -23
0.000111879 2 5.5 -24
3.82555e-05 1.5 6 -24
0.000160251 1.5 6 -23.5
0.000477531 2 5.5 -23.5
0.000280041 1.5 6 -23
0.000323575 1.5 6 -22.5
0.00118691 2 5.5 -22.5
0.000320206 1.5 6 -22
0.000264272 1.5 6 -21.5
0.0011119 2 5.5 -21.5
0.000149902 1.5 6 -21
4.76911e-05 1.5 6 -20.5
2.66498e-05 2 5.5 -20
7.73545e-05 2.5 5.5 -20.5
0.000249794 2.5 5.5 -21
0.000414137 2.5 5.5 -21.5
0.000428014 2.5 5.5 -22
0.000395052 2.5 5.5 -22.5
0.000290637 2.5 5.5 -23
0.000148396 2.5 5.5 -23.5
2.71849e-05 2.5 5.5 -24
5.82474e-05 2 6 -24
3.78911e-05 1.5 6.5 -23.5
0.000385684 2 6 -23.5
8.66388e-05 1.5 6.5 -23
0.000846178 2 6 -23
0.000103095 1.5 6.5 -22.5
0.00114693 2 6 -22.5
0.000101754 1.5 6.5 -22
0.00120769 2 6 -22
8.46718e-05 1.5 6.5 -21.5
0.00112998 2 6 -21.5
5.13633e-05 1.5 6.5 -21
0.000764508 2 6 -21
0.000315171 2 6 -20.5
5.8874e-05 2 6 -20
4.19649e-05 2.5 6 -20
0.000765299 2.5 6 -21.5
0.000704114 2.5 6 -22.5
0.000504282 2.5 6 -23
0.000203638 2.5 6 -23.5
2.2048e-05 2.5 6 -24
2.07915e-05 2 6.5 -24
0.000234318 2 6.5 -23.5
0.000630876 2 6.5 -23
0.000948488 2 6.5 -22.5
0.00102999 2 6.5 -22
0.000770873 2.5 6 -22
0.000985343 2 6.5 -21.5
0.000670989 2 6.5 -21
0.000540988 2.5 6 -21
0.000302194 2 6.5 -20.5
0.000226508 2.5 6 -20.5
7.06869e-05 2 6.5 -20
2.85758e-05 3 6 -20.5
5.87024e-05 3 6 -21
6.98161e-05 3 6 -21.5
6.54413e-05 3 6 -22
5.55104e-05 3 6 -22.5
3.8291e-05 3 6 -23
0.000102069 2 7 -23.5
0.00018313 2.5 6.5 -23.5
0.000337278 2 7 -23
0.000537156 2.5 6.5 -23
0.000566912 2 7 -22.5
0.000901322 2.5 6.5 -22.5
0.00063411 2 7 -22
0.00101561 2.5 6.5 -22
0.000598424 2 7 -21.5
0.00101841 2.5 6.5 -21.5
0.000421081 2 7 -21
0.000835355 2.5 6.5 -21
0.000209323 2 7 -20.5
0.000421002 2.5 6.5 -20.5
5.80121e-05 2 7 -20
0.00010982 2.5 6.5 -20
3.60014e-05 3 6.5 -20
0.000138116 3 6.5 -20.5
0.000262947 3 6.5 -21
0.000298138 3 6.5 -21.5
0.000287799 3 6.5 -22
0.000227394 3 6.5 -22.5
0.000118111 3 6.5 -23
0.000889516 2.5 7 -22.5
3.12892e-05 3 6.5 -23.5
0.000118741 2.5 7 -23.5
2.09872e-05 2 7.5 -23.5
0.000125656 2 7.5 -23
0.000486931 2.5 7 -23
0.000235251 2 7.5 -22.5
0.000262809 2 7.5 -22
0.00113108 2.5 7 -22
0.000246278 2 7.5 -21.5
0.00119134 2.5 7 -21.5
0.000182505 2 7.5 -21
0.00108153 2.5 7 -21
0.000100116 2 7.5 -20.5
0.000669623 2.5 7 -20.5
3.296e-05 2 7.5 -20
0.000224951 2.5 7 -20
3.35133e-05 2.5 7 -19.5
0.000145425 3 7 -20
3.8081e-05 2 8 -20.5
6.13498e-05 2 8 -21
0.000617505 3 7 -21.5
0.000423785 3 7 -22.5
3.6054e-05 3 7 -23.5
5.02605e-05 2.5 7.5 -23.5
0.000341358 2.5 7.5 -23
6.87134e-05 2 8 -22.5
0.000206718 3 7 -23
0.000757607 2.5 7.5 -22.5
8.31783e-05 2 8 -22
0.00104822 2.5 7.5 -22
7.87691e-05 2 8 -21.5
0.00056629 3 7 -22
0.00112341 2.5 7.5 -21.5
0.00104322 2.5 7.5 -21
0.000597651 3 7 -21
0.000712636 2.5 7.5 -20.5
0.000391965 3 7 -20.5
0.000344614 2.5 7.5 -20
8.39137e-05 2.5 7.5 -19.5
2.15596e-05 3 7 -19.5
8.78008e-05 2.5 8 -19.5
3.23096e-05 3.5 7 -20.5
4.03292e-05 3.5 7 -21
3.57665e-05 3.5 7 -21.5
0.000793851 2.5 8 -21
2.82331e-05 3.5 7 -22
2.39272e-05 3 7.5 -23.5
0.00017116 2.5 8 -23
0.000204286 3 7.5 -23
0.000504936 2.5 8 -22.5
0.00054349 3 7.5 -22.5
0.000777577 2.5 8 -22
0.000842633 3 7.5 -22
0.000829736 2.5 8 -21.5
0.000908029 3 7.5 -21.5
0.000891603 3 7.5 -21
0.000600173 2.5 8 -20.5
0.000655023 3 7.5 -20.5
0.000314143 2.5 8 -20
0.000317552 3 7.5 -20
7.7756e-05 3 7.5 -19.5
2.3905e-05 3.5 7.5 -19.5
8.95985e-05 3.5 7.5 -20
0.000173619 3.5 7.5 -20.5
0.00054535 3 8 -20
0.000191606 3.5 7.5 -21
0.000175636 3.5 7.5 -21.5
0.00013875 3.5 7.5 -22
0.00110349 3 8 -21.5
7.37411e-05 3.5 7.5 -22.5
2.17683e-05 3.5 7.5 -23
4.8779e-05 2.5 8.5 -23
0.000152546 3 8 -23
0.000234495 2.5 8.5 -22.5
0.000492049 3 8 -22.5
0.000419046 2.5 8.5 -22
0.000846775 3 8 -22
0.000466218 2.5 8.5 -21.5
0.000447319 2.5 8.5 -21
0.00114735 3 8 -21
0.00036678 2.5 8.5 -20.5
0.00097995 3 8 -20.5
0.000201658 2.5 8.5 -20
6.91356e-05 2.5 8.5 -19.5
0.000183056 3 8 -19.5
2.63904e-05 3 8 -19
4.08811e-05 2.5 9 -19.5
0.000290989 3.5 8 -20
0.00046214 3.5 8 -20.5
9.74383e-05 2.5 9 -20
0.000436927 3.5 8 -21.5
0.000169036 3.5 8 -22.5
3.48368e-05 3.5 8 -23
0.000370936 3 8.5 -22.5
7.42908e-05 3 8.5 -23
5.59847e-05 2.5 9 -22.5
0.000151366 2.5 9 -22
0.000773319 3 8.5 -22
0.000183914 2.5 9 -21.5
0.000321121 3.5 8 -22
0.00106048 3 8.5 -21.5
0.000179302 2.5 9 -21
0.00113367 3 8.5 -21
0.000156852 2.5 9 -20.5
0.00047984 3.5 8 -21
0.00106284 3 8.5 -20.5
0.000774728 3 8.5 -20
0.000370669 3 8.5 -19.5
0.000103726 3.5 8 -19.5
8.61403e-05 3 8.5 -19
0.000375857 3 9 -19.5
2.0112e-05 4 8 -20
0.000294438 3.5 8.5 -19.5
3.83509e-05 2.5 9.5 -20
5.26267e-05 2.5 9.5 -20.5
0.000792059 3.5 8.5 -21
0.000715469 3.5 8.5 -21.5
5.71256e-05 2.5 9.5 -21
5.21155e-05 2.5 9.5 -21.5
0.000464367 3.5 8.5 -22
2.14369e-05 2.5 9.5 -22
0.000181283 3.5 8.5 -22.5
2.76113e-05 3.5 8.5 -23
0.000204577 3 9 -22.5
0.000560826 3 9 -22
0.000878453 3 9 -21.5
0.00100796 3 9 -21
0.000968332 3 9 -20.5
0.000780076 3.5 8.5 -20.5
0.000730204 3 9 -20
0.000599768 3.5 8.5 -20
0.00013344 3 9 -19
7.28725e-05 3.5 8.5 -19
2.38267e-05 3 9 -18.5
2.65415e-05 3 9.5 -18.5
2.22112e-05 4 8.5 -19
2.99393e-05 3.5 9 -18.5
6.35186e-05 4 8.5 -19.5
0.000107462 4 8.5 -20
0.00010936 4 8.5 -20.5
0.000887729 3.5 9 -20
0.000311877 3 9.5 -19.5
9.98661e-05 4 8.5 -21
8.09791e-05 4 8.5 -21.5
4.48394e-05 4 8.5 -22
0.000773873 3.5 9 -21.5
0.000675516 3 9.5 -21
0.000284871 3 9.5 -22
6.78803e-05 3 9.5 -22.5
0.000149235 3.5 9 -22.5
0.000448415 3.5 9 -22
0.000533229 3 9.5 -21.5
0.000989481 3.5 9 -21
0.0006731 3 9.5 -20.5
0.00101507 3.5 9 -20.5
0.000538313 3 9.5 -20
0.000545318 3.5 9 -19.5
0.000112785 3 9.5 -19
0.000200217 3.5 9 -19
0.000117011 3.5 9.5 -18.5
2.40994e-05 3 10 -18.5
0.000248021 4 9 -19.5
0.000354885 4 9 -20
0.000172265 3 10 -19.5
0.000216318 4 9 -21.5
0.000334102 3 10 -21
0.000991548 3.5 9.5 -21
2.09903e-05 4 9 -22.5
7.83182e-05 3.5 9.5 -22.5
8.75151e-05 3 10 -22
0.000342985 3.5 9.5 -22
0.000231199 3 10 -21.5
0.000102728 4 9 -22
0.000719799 3.5 9.5 -21.5
0.000349464 3 10 -20.5
0.0003226 4 9 -21
0.00111955 3.5 9.5 -20.5
0.000281973 3 10 -20
0.000370583 4 9 -20.5
0.00108239 3.5 9.5 -20
0.000827841 3.5 9.5 -19.5
7.88259e-05 3 10 -19
0.000400606 3.5 9.5 -19
9.83598e-05 4 9 -19
4.4879e-05 3 10.5 -19
7.79965e-05 3 10.5 -19.5
0.000110751 3 10.5 -20
0.000131819 3 10.5 -20.5
0.000111223 3 10.5 -21
5.14266e-05 3 10.5 -21.5
2.08597e-05 4 9.5 -22.5
0.000186915 3.5 10 -22
0.000135232 4 9.5 -22
0.000538837 3.5 10 -21.5
0.000356011 4 9.5 -21.5
0.000873054 3.5 10 -21
0.000553098 4 9.5 -21
0.00104571 3.5 10 -20.5
0.000656433 4 9.5 -20.5
0.00104716 3.5 10 -20
0.000671581 4 9.5 -20
0.000850326 3.5 10 -19.5
0.000558926 4 9.5 -19.5
0.000544864 3.5 10 -19
0.000310121 4 9.5 -19
0.00022683 3.5 10 -18.5
9.45129e-05 4 9.5 -18.5
4.58314e-05 3.5 10 -18
2.53776e-05 4.5 9.5 -18.5
7.04091e-05 4.5 9.5 -20
6.02166e-05 4.5 9.5 -20.5
3.1636e-05 3 11 -20
4.10003e-05 4.5 9.5 -21
3.13811e-05 3 11 -20.5
5.77789e-05 3.5 10.5 -22
0.000111056 4 10 -22
0.000287794 3.5 10.5 -21.5
0.000352937 4 10 -21.5
0.000601842 3.5 10.5 -21
0.000662946 4 10 -21
0.000802626 3.5 10.5 -20.5
0.000884534 4 10 -20.5
0.000818015 3.5 10.5 -20
0.000934553 4 10 -20
0.000708393 3.5 10.5 -19.5
0.000815171 4 10 -19.5
0.000485059 3.5 10.5 -19
6.96909e-05 4.5 9.5 -19.5
0.000556574 4 10 -19
0.000225242 3.5 10.5 -18.5
5.26261e-05 4.5 9.5 -19
0.000267902 4 10 -18.5
7.05942e-05 3.5 10.5 -18
6.54621e-05 4 10 -18
6.4306e-05 3.5 11 -18
0.00017304 3.5 11 -18.5
0.000330537 3.5 11 -19
0.000439519 3.5 11 -19.5
5.11921e-05 4.5 10 -21.5
5.81294e-05 4 10.5 -22
8.3828e-05 3.5 11 -21.5
0.000269864 4 10.5 -21.5
0.000278025 3.5 11 -21
0.00058816 4 10.5 -21
0.000446195 3.5 11 -20.5
0.00012758 4.5 10 -21
0.000869443 4 10.5 -20.5
0.000493214 3.5 11 -20
0.000214576 4.5 10 -20.5
0.00106917 4 10.5 -20
0.000275017 4.5 10 -20
0.00105013 4 10.5 -19.5
0.000272377 4.5 10 -19.5
0.000859432 4 10.5 -19
0.000220539 4.5 10 -19
0.000502862 4 10.5 -18.5
0.000119002 4.5 10 -18.5
0.000192641 4 10.5 -18
3.55257e-05 4.5 10 -18
2.9604e-05 4 10.5 -17.5
4.47211e-05 3.5 11.5 -18
9.68138e-05 3.5 11.5 -18.5
0.000158737 3.5 11.5 -19
0.00019597 3.5 11.5 -19.5
0.000207097 3.5 11.5 -20
0.000163297 3.5 11.5 -20.5
6.00063e-05 3.5 11.5 -21
0.000140054 4 11 -21.5
8.44026e-05 4.5 10.5 -21.5
0.00043005 4 11 -21
0.000235836 4.5 10.5 -21
0.000765052 4 11 -20.5
0.000409193 4.5 10.5 -20.5
0.00100263 4 11 -20
0.000532383 4.5 10.5 -20
0.00104539 4 11 -19.5
0.000562476 4.5 10.5 -19.5
0.000947365 4 11 -19
0.000506487 4.5 10.5 -19
0.000713043 4 11 -18.5
0.000343227 4.5 10.5 -18.5
0.000396672 4 11 -18
0.000152468 4.5 10.5 -18
0.000136437 4 11 -17.5
3.09411e-05 4.5 10.5 -17.5
5.25694e-05 4 11.5 -17
0.00019462 4 11.5 -17.5
0.000398689 4 11.5 -18
2.63647e-05 3.5 12 -18
4.61023e-05 3.5 12 -18.5
4.10454e-05 5 10.5 -19.5
6.16906e-05 3.5 12 -19
2.4734e-05 5 10.5 -20
6.32869e-05 3.5 12 -19.5
5.06775e-05 3.5 12 -20
3.47888e-05 4 11.5 -21.5
7.08449e-05 4.5 11 -21.5
0.000220278 4 11.5 -21
0.00023475 4.5 11 -21
0.00052366 4 11.5 -20.5
0.000494574 4.5 11 -20.5
0.000794255 4 11.5 -20
0.00073771 4.5 11 -20
0.000932319 4 11.5 -19.5
0.000875193 4.5 11 -19.5
0.000846086 4 11.5 -19
0.000792427 4.5 11 -19
0.000659424 4 11.5 -18.5
5.17042e-05 5 10.5 -19
0.000623573 4.5 11 -18.5
4.7545e-05 5 10.5 -18.5
0.000366974 4.5 11 -18
3.30418e-05 5 10.5 -18
0.000138622 4.5 11 -17.5
2.19556e-05 4.5 11 -17
5.81842e-05 4 12 -17
0.000168937 4 12 -17.5
0.000334292 4 12 -18
0.000496374 4 12 -18.5
0.000592989 4 12 -19
3.17812e-05 4.5 11.5 -21.5
5.44484e-05 4 12 -21
0.000176794 4.5 11.5 -21
0.000227644 4 12 -20.5
0.000439724 4.5 11.5 -20.5
0.000443005 4 12 -20
6.34168e-05 5 11 -20.5
0.000717855 4.5 11.5 -20
0.000599993 4 12 -19.5
0.000116918 5 11 -20
0.000911853 4.5 11.5 -19.5
0.000190407 5 11 -19.5
0.0010088 4.5 11.5 -19
0.000216347 5 11 -19
0.000917101 4.5 11.5 -18.5
0.000197125 5 11 -18.5
0.000651607 4.5 11.5 -18
0.000139961 5 11 -18
0.000342019 4.5 11.5 -17.5
6.8574e-05 5 11 -17.5
0.000113869 4.5 11.5 -17
9.0934e-05 4.5 12 -16.5
0.000313211 4.5 12 -17
4.94609e-05 4 12.5 -17
0.000118492 4 12.5 -17.5
0.000198616 4 12.5 -18
0.000271804 4 12.5 -18.5
0.000315375 4 12.5 -19
0.000267449 4 12.5 -19.5
0.000154418 4 12.5 -20
3.76511e-05 4 12.5 -20.5
8.15457e-05 4.5 12 -21
3.7866e-05 5 11.5 -21
0.000298771 4.5 12 -20.5
0.000128219 5 11.5 -20.5
0.000604998 4.5 12 -20
0.000250421 5 11.5 -20
0.000867021 4.5 12 -19.5
0.000387513 5 11.5 -19.5
0.00100686 4.5 12 -19
0.000481679 5 11.5 -19
0.000995535 4.5 12 -18.5
0.000466638 5 11.5 -18.5
0.000873734 4.5 12 -18
0.00038324 5 11.5 -18
0.000609362 4.5 12 -17.5
0.000235681 5 11.5 -17.5
9.56372e-05 5 11.5 -17
4.43596e-05 4.5 12.5 -16
0.00018006 4.5 12.5 -16.5
2.71619e-05 5.5 11.5 -17
3.68274e-05 5.5 11.5 -17.5
0.000372153 4.5 12.5 -17
3.47277e-05 4 13 -17
0.000608429 4.5 12.5 -17.5
6.20478e-05 4 13 -17.5
0.000842938 4.5 12.5 -18
3.03311e-05 5.5 11.5 -18.5
8.78727e-05 4 13 -18
0.00010563 4 13 -18.5
0.000109944 4 13 -19
5.8916e-05 4 13 -19.5
3.0241e-05 5 12 -21
0.000132249 4.5 12.5 -20.5
0.00012874 5 12 -20.5
0.000380288 4.5 12.5 -20
0.000321285 5 12 -20
0.000669833 4.5 12.5 -19.5
0.000540929 5 12 -19.5
0.000883597 4.5 12.5 -19
0.000729811 5 12 -19
0.000939043 4.5 12.5 -18.5
0.000770393 5 12 -18.5
0.000693708 5 12 -18
3.96588e-05 5.5 11.5 -18
0.000507439 5 12 -17.5
0.000286983 5 12 -17
0.000105707 5 12 -16.5
0.000102185 5 12.5 -16
6.42391e-05 4.5 13 -16
0.00017288 4.5 13 -16.5
0.000336841 4.5 13 -17
0.00051902 4.5 13 -17.5
0.000647273 4.5 13 -18
2.48529e-05 4 13.5 -18
0.00068869 4.5 13 -18.5
0.000567393 4.5 13 -19
9.37893e-05 5 12.5 -20.5
0.000141879 4.5 13 -20
0.000278516 5 12.5 -20
0.000353964 4.5 13 -19.5
0.000522491 5 12.5 -19.5
5.81427e-05 5.5 12 -19.5
0.000749074 5 12.5 -19
0.000107768 5.5 12 -19
0.000915425 5 12.5 -18.5
0.000156975 5.5 12 -18.5
0.000929155 5 12.5 -18
0.00017348 5.5 12 -18
0.000797202 5 12.5 -17.5
0.000154019 5.5 12 -17.5
0.000556261 5 12.5 -17
0.000112032 5.5 12 -17
0.000298309 5 12.5 -16.5
5.70662e-05 5.5 12 -16.5
9.01081e-05 5 13 -15.5
0.000297277 5 13 -16
5.53328e-05 4.5 13.5 -16
0.000574715 5 13 -16.5
0.000133441 4.5 13.5 -16.5
0.000819481 5 13 -17
0.000228233 4.5 13.5 -17
0.000326103 4.5 13.5 -17.5
0.000372422 4.5 13.5 -18
0.000349307 4.5 13.5 -18.5
0.000235127 4.5 13.5 -19
9.76586e-05 4.5 13.5 -19.5
3.64835e-05 5 13 -20.5
0.000164435 5 13 -20
5.32332e-05 5.5 12.5 -20
0.000399613 5 13 -19.5
0.00013492 5.5 12.5 -19.5
0.000670317 5 13 -19
0.000236892 5.5 12.5 -19
0.000890099 5 13 -18.5
0.00035713 5.5 12.5 -18.5
0.000978309 5 13 -18
0.000428097 5.5 12.5 -18
0.000951829 5 13 -17.5
0.000400857 5.5 12.5 -17.5
0.000327596 5.5 12.5 -17
0.00021021 5.5 12.5 -16.5
8.99647e-05 5.5 12.5 -16
2.16792e-05 5.5 12.5 -15.5
6.0286e-05 5 13.5 -15
0.000197118 5 13.5 -15.5
2.8437e-05 6 12.5 -16
0.000388449 5 13.5 -16
3.58104e-05 6 12.5 -16.5
4.14111e-05 4.5 14 -16
0.000606828 5 13.5 -16.5
7.40622e-05 4.5 14 -16.5
0.000823521 5 13.5 -17
0.00011032 4.5 14 -17
0.000916338 5 13.5 -17.5
0.00013824 4.5 14 -17.5
0.000892578 5 13.5 -18
0.000143493 4.5 14 -18
9.41598e-05 4.5 14 -18.5
3.02526e-05 4.5 14 -19
5.55235e-05 5 13.5 -20
5.74629e-05 5.5 13 -20
0.000212545 5 13.5 -19.5
0.000173951 5.5 13 -19.5
0.000462936 5 13.5 -19
0.000342346 5.5 13 -19
0.000727791 5 13.5 -18.5
0.000535415 5.5 13 -18.5
0.000671074 5.5 13 -18
0.000695564 5.5 13 -17.5
2.39838e-05 6 12.5 -17.5
0.000634097 5.5 13 -17
3.46027e-05 6 12.5 -17
0.000477685 5.5 13 -16.5
0.000279198 5.5 13 -16
0.000117431 5.5 13 -15.5
2.56473e-05 5.5 13 -15
2.60387e-05 5.5 13.5 -14.5
0.000136834 5.5 13.5 -15
8.24225e-05 5 14 -15
0.000322283 5.5 13.5 -15.5
0.000195571 5 14 -15.5
0.000548607 5.5 13.5 -16
0.000357796 5 14 -16
0.000534511 5 14 -16.5
0.000157983 6 13 -17
3.40071e-05 4.5 14.5 -16.5
0.000672605 5 14 -17
0.000134438 6 13 -17.5
4.15814e-05 4.5 14.5 -17
0.000723044 5 14 -17.5
9.23276e-05 6 13 -18
3.71884e-05 4.5 14.5 -17.5
4.79368e-05 6 13 -18.5
0.000626577 5 14 -18
0.000426713 5 14 -18.5
3.6019e-05 5.5 13.5 -20
5.29861e-05 5 14 -19.5
0.000136937 5.5 13.5 -19.5
0.000203981 5 14 -19
0.000316985 5.5 13.5 -19
0.000532716 5.5 13.5 -18.5
0.00074084 5.5 13.5 -18
0.000876137 5.5 13.5 -17.5
0.000856851 5.5 13.5 -17
0.00075582 5.5 13.5 -16.5
0.000145616 6 13 -16.5
0.000114216 6 13 -16
6.70168e-05 6 13 -15.5
2.55351e-05 6 13 -15
3.1985e-05 5.5 14 -14
0.000152054 5.5 14 -14.5
2.85025e-05 5 14.5 -14.5
0.000357124 5.5 14 -15
7.66586e-05 5 14.5 -15
0.000596004 5.5 14 -15.5
0.000156348 5 14.5 -15.5
0.0008043 5.5 14 -16
0.000256933 5 14.5 -16
0.00091106 5.5 14 -16.5
0.000358069 5 14.5 -16.5
0.000406556 5 14.5 -17
0.000389663 5 14.5 -17.5
0.000277093 5 14.5 -18
0.000133482 5 14.5 -18.5
2.26428e-05 5 14.5 -19
6.46418e-05 5.5 14 -19.5
0.000206721 5.5 14 -19
5.13731e-05 6 13.5 -19
0.000423562 5.5 14 -18.5
0.000123502 6 13.5 -18.5
0.000655492 5.5 14 -18
0.000213533 6 13.5 -18
0.000848416 5.5 14 -17.5
0.000323466 6 13.5 -17.5
0.000937433 5.5 14 -17
0.000396923 6 13.5 -17
0.000379675 6 13.5 -16.5
0.000327076 6 13.5 -16
0.000230427 6 13.5 -15.5
0.000119453 6 13.5 -15
4.05612e-05 6 13.5 -14.5
2.14125e-05 5.5 14.5 -13.5
0.000115768 5.5 14.5 -14
2.29071e-05 6.5 13.5 -14.5
0.000257566 5.5 14.5 -14.5
3.69442e-05 6.5 13.5 -15
2.62353e-05 5 15 -14.5
0.000434505 5.5 14.5 -15
4.20024e-05 6.5 13.5 -15.5
5.1351e-05 5 15 -15
0.000636397 5.5 14.5 -15.5
3.58972e-05 6.5 13.5 -16
8.77323e-05 5 15 -15.5
0.000809543 5.5 14.5 -16
0.000138954 5 15 -16
0.000880572 5.5 14.5 -16.5
0.000163123 5 15 -16.5
0.000850559 5.5 14.5 -17
0.000160425 5 15 -17
0.000699029 5.5 14.5 -17.5
0.000113461 5 15 -17.5
0.000466895 5.5 14.5 -18
4.01738e-05 5 15 -18
8.22836e-05 5.5 14.5 -19
7.14745e-05 6 14 -19
0.000244298 5.5 14.5 -18.5
0.000180545 6 14 -18.5
0.00032687 6 14 -18
0.000496921 6 14 -17.5
0.00062184 6 14 -17
0.000663361 6 14 -16.5
2.21426e-05 6.5 13.5 -16.5
0.000620728 6 14 -16
0.000500148 6 14 -15.5
0.000332084 6 14 -15
0.000175802 6 14 -14.5
6.58282e-05 6 14 -14
2.07085e-05 6 14.5 -13
9.63149e-05 6 14.5 -13.5
4.61695e-05 5.5 15 -13.5
0.000233222 6 14.5 -14
0.00012054 5.5 15 -14
0.000414763 6 14.5 -14.5
0.00024698 5.5 15 -14.5
0.000605226 6 14.5 -15
0.000396804 5.5 15 -15
0.000754705 6 14.5 -15.5
2.81552e-05 5 15.5 -15
0.000554528 5.5 15 -15.5
3.96827e-05 5 15.5 -15.5
0.000669716 5.5 15 -16
0.000126388 6.5 14 -16.5
4.73109e-05 5 15.5 -16
0.00071326 5.5 15 -16.5
7.98022e-05 6.5 14 -17
3.80316e-05 5 15.5 -16.5
0.000603696 5.5 15 -17
0.000417274 5.5 15 -17.5
0.000215417 5.5 15 -18
6.95523e-05 5.5 15 -18.5
4.98737e-05 6 14.5 -19
0.000152131 6 14.5 -18.5
0.000307748 6 14.5 -18
0.000495362 6 14.5 -17.5
3.89965e-05 6.5 14 -17.5
0.000681892 6 14.5 -17
0.000815528 6 14.5 -16.5
0.000829064 6 14.5 -16
0.000158873 6.5 14 -16
0.000159409 6.5 14 -15.5
0.000141235 6.5 14 -15
0.000100999 6.5 14 -14.5
5.07883e-05 6.5 14 -14
2.12459e-05 6.5 14 -13.5
2.76667e-05 6 15 -12.5
0.000118975 6 15 -13
0.000292359 6 15 -13.5
4.67353e-05 5.5 15.5 -13.5
0.000480442 6 15 -14
0.000107439 5.5 15.5 -14
0.000665847 6 15 -14.5
0.000188786 5.5 15.5 -14.5
0.000810886 6 15 -15
0.000284244 5.5 15.5 -15
0.000878681 6 15 -15.5
0.000360953 5.5 15.5 -15.5
0.000859927 6 15 -16
0.000400707 5.5 15.5 -16
0.000768667 6 15 -16.5
0.000369166 5.5 15.5 -16.5
0.000256134 5.5 15.5 -17
0.000104792 6.5 14.5 -17.5
0.000125682 5.5 15.5 -17.5
4.61998e-05 6.5 14.5 -18
2.33589e-05 5.5 15.5 -18
7.62347e-05 6 15 -18.5
0.000204308 6 15 -18
0.000393208 6 15 -17.5
0.000590504 6 15 -17
0.000185465 6.5 14.5 -17
0.000290186 6.5 14.5 -16.5
0.000373111 6.5 14.5 -16
0.000396573 6.5 14.5 -15.5
0.000364513 6.5 14.5 -15
0.000291858 6.5 14.5 -14.5
0.000197813 6.5 14.5 -14
0.000103518 6.5 14.5 -13.5
3.98399e-05 6.5 14.5 -13
2.5387e-05 6.5 15 -12
2.04851e-05 6 15.5 -12
8.19e-05 6.5 15 -12.5
8.91372e-05 6 15.5 -12.5
0.000176645 6.5 15 -13
0.000199525 6 15.5 -13
0.000338341 6 15.5 -13.5
5.49102e-05 7 14.5 -14
3.80522e-05 5.5 16 -13.5
0.000500146 6 15.5 -14
5.26748e-05 7 14.5 -14.5
6.60161e-05 5.5 16 -14
0.000669259 6 15.5 -14.5
0.000110257 5.5 16 -14.5
0.000790351 6 15.5 -15
0.000141998 5.5 16 -15
0.000828201 6 15.5 -15.5
0.000156204 5.5 16 -15.5
0.000763149 6 15.5 -16
0.000140958 5.5 16 -16
0.000606599 6 15.5 -16.5
8.8878e-05 5.5 16 -16.5
0.000406301 6 15.5 -17
2.27361e-05 5.5 16 -17
0.000218914 6 15.5 -17.5
8.06649e-05 6 15.5 -18
6.76172e-05 6.5 15 -18
0.000156296 6.5 15 -17.5
0.000282181 6.5 15 -17
0.000434002 6.5 15 -16.5
0.0005699 6.5 15 -16
0.000650479 6.5 15 -15.5
0.000631141 6.5 15 -15
4.01934e-05 7 14.5 -15
0.000565168 6.5 15 -14.5
0.000439351 6.5 15 -14
0.000292546 6.5 15 -13.5
4.55777e-05 7 14.5 -13.5
2.79745e-05 7 14.5 -13
4.49581e-05 6.5 15.5 -11.5
0.000126306 6.5 15.5 -12
3.74406e-05 6 16 -12
0.000248203 6.5 15.5 -12.5
9.34036e-05 6 16 -12.5
0.000395847 6.5 15.5 -13
0.00018819 6 16 -13
0.000559146 6.5 15.5 -13.5
0.000310305 6 16 -13.5
0.000713751 6.5 15.5 -14
0.000447139 6 16 -14
0.00077898 6.5 15.5 -14.5
3.26107e-05 5.5 16.5 -14
0.000566851 6 16 -14.5
4.01061e-05 5.5 16.5 -14.5
0.000621085 6 16 -15
0.000116003 7 15 -15.5
3.74698e-05 5.5 16.5 -15
0.000623177 6 16 -15.5
6.93663e-05 7 15 -16
0.000500527 6 16 -16
0.000333622 6 16 -16.5
0.000169602 6 16 -17
5.1718e-05 6 16 -17.5
4.72775e-05 6.5 15.5 -18
0.000131934 6.5 15.5 -17.5
0.000261521 6.5 15.5 -17
0.000423283 6.5 15.5 -16.5
2.03878e-05 7 15 -16.5
0.00058245 6.5 15.5 -16
0.000723266 6.5 15.5 -15.5
0.000782353 6.5 15.5 -15
0.000162343 7 15 -15
0.000193422 7 15 -14.5
0.000188956 7 15 -14
0.000168565 7 15 -13.5
0.000123045 7 15 -13
7.06772e-05 7 15 -12.5
3.44107e-05 7 15 -12
6.0259e-05 6.5 16 -11
0.000141424 6.5 16 -11.5
0.000271074 6.5 16 -12
2.27013e-05 7.5 15 -12.5
3.70583e-05 6 16.5 -12
0.000445168 6.5 16 -12.5
8.21979e-05 6 16.5 -12.5
0.000603041 6.5 16 -13
0.000140534 6 16.5 -13
0.000721139 6.5 16 -13.5
0.000215517 6 16.5 -13.5
0.000787655 6.5 16 -14
0.000293304 6 16.5 -14
0.000809663 6.5 16 -14.5
0.000332773 6 16.5 -14.5
0.000762852 6.5 16 -15
0.000337306 6 16.5 -15
0.000648217 6.5 16 -15.5
0.000278698 6 16.5 -15.5
0.000484864 6.5 16 -16
0.000175956 6 16.5 -16
7.35213e-05 6 16.5 -16.5
3.87519e-05 7 15.5 -17
6.27273e-05 6.5 16 -17.5
0.000162948 6.5 16 -17
0.00031426 6.5 16 -16.5
8.03159e-05 7 15.5 -16.5
0.000153868 7 15.5 -16
0.000245159 7 15.5 -15.5
0.000344557 7 15.5 -15
0.000410479 7 15.5 -14.5
0.000427592 7 15.5 -14
0.000395877 7 15.5 -13.5
0.000327438 7 15.5 -13
2.17041e-05 7.5 15 -13
0.000236357 7 15.5 -12.5
0.00014805 7 15.5 -12
7.94315e-05 7 15.5 -11.5
3.62595e-05 7 15.5 -11
3.43495e-05 7 16 -10
8.40362e-05 7 16 -10.5
3.53189e-05 6.5 16.5 -10.5
0.000157853 7 16 -11
8.44945e-05 6.5 16.5 -11
0.000253839 7 16 -11.5
0.000166781 6.5 16.5 -11.5
0.000361198 7 16 -12
0.000287769 6.5 16.5 -12
2.93151e-05 6 17 -12
0.00043569 6.5 16.5 -12.5
9.12045e-05 7.5 15.5 -13
4.79612e-05 6 17 -12.5
0.000577222 6.5 16.5 -13
7.25388e-05 7.5 15.5 -13.5
7.17575e-05 6 17 -13
0.000691481 6.5 16.5 -13.5
4.83861e-05 7.5 15.5 -14
0.000106217 6 17 -13.5
0.000731306 6.5 16.5 -14
0.0001209 6 17 -14
0.000723454 6.5 16.5 -14.5
0.000117467 6 17 -14.5
0.00062015 6.5 16.5 -15
8.59814e-05 6 17 -15
0.000466093 6.5 16.5 -15.5
3.36719e-05 6 17 -15.5
0.000298464 6.5 16.5 -16
0.000150843 6.5 16.5 -16.5
5.27073e-05 6.5 16.5 -17
5.38607e-05 7 16 -17
0.000121776 7 16 -16.5
0.000223335 7 16 -16
0.000351509 7 16 -15.5
0.000484264 7 16 -15
0.000597004 7 16 -14.5
0.000660767 7 16 -14
0.000634354 7 16 -13.5
0.000568612 7 16 -13
0.000463931 7 16 -12.5
9.83378e-05 7.5 15.5 -12.5
8.55237e-05 7.5 15.5 -12
5.73878e-05 7.5 15.5 -11.5
5.62448e-05 7 16.5 -9.5
0.000130885 7 16.5 -10
0.000243102 7 16.5 -10.5
0.000145715 7.5 16 -11
3.6483e-05 6.5 17 -10.5
0.000361486 7 16.5 -11
8.08673e-05 6.5 17 -11
0.000476774 7 16.5 -11.5
0.000151953 6.5 17 -11.5
0.00059576 7 16.5 -12
0.000253549 6.5 17 -12
0.000701589 7 16.5 -12.5
0.000357767 6.5 17 -12.5
0.000746206 7 16.5 -13
0.000449783 6.5 17 -13
0.000721083 7 16.5 -13.5
0.00050316 6.5 17 -13.5
0.000516052 6.5 17 -14
0.000103699 7.5 16 -14.5
0.000452176 6.5 17 -14.5
5.5053e-05 7.5 16 -15
0.000337348 6.5 17 -15
0.00020112 6.5 17 -15.5
9.1446e-05 6.5 17 -16
3.12383e-05 7 16.5 -17
9.1318e-05 7 16.5 -16.5
0.000195112 7 16.5 -16
0.000326278 7 16.5 -15.5
0.000469139 7 16.5 -15
0.000598555 7 16.5 -14.5
0.000682689 7 16.5 -14
0.000174677 7.5 16 -14
0.000228665 7.5 16 -13.5
0.00026064 7.5 16 -13
0.000265915 7.5 16 -12.5
0.000245481 7.5 16 -12
0.000201726 7.5 16 -11.5
4.47241e-05 7.5 16.5 -8.5
8.35531e-05 7.5 16.5 -9
4.25381e-05 7 17 -9
0.000135398 7.5 16.5 -9.5
0.000100094 7 17 -9.5
0.000180428 7 17 -10
4.52356e-05 8 16 -10.5
0.000275133 7 17 -10.5
5.11404e-05 8 16 -11
3.17026e-05 6.5 17.5 -10.5
0.000396516 7 17 -11
4.90053e-05 8 16 -11.5
5.7321e-05 6.5 17.5 -11
0.000534505 7 17 -11.5
3.7306e-05 8 16 -12
0.000104569 6.5 17.5 -11.5
0.000650388 7 17 -12
0.000154549 6.5 17.5 -12
0.000706341 7 17 -12.5
0.000206131 6.5 17.5 -12.5
0.000730393 7 17 -13
0.000234152 6.5 17.5 -13
0.000693892 7 17 -13.5
0.000243809 6.5 17.5 -13.5
0.000625547 7 17 -14
0.000209476 6.5 17.5 -14
0.000497338 7 17 -14.5
0.000143774 6.5 17.5 -14.5
0.00034983 7 17 -15
6.7777e-05 6.5 17.5 -15
3.37708e-05 7 17 -16.5
9.83371e-05 7 17 -16
0.000212043 7 17 -15.5
6.28058e-05 7.5 16.5 -15.5
0.000125849 7.5 16.5 -15
0.000204268 7.5 16.5 -14.5
0.000303836 7.5 16.5 -14
0.000402118 7.5 16.5 -13.5
0.000467319 7.5 16.5 -13
0.000495239 7.5 16.5 -12.5
0.000477503 7.5 16.5 -12
0.000424809 7.5 16.5 -11.5
0.000348729 7.5 16.5 -11
0.000270729 7.5 16.5 -10.5
0.000202667 7.5 16.5 -10
3.76476e-05 7.5 17 -7.5
2.44782e-05 8 16.5 -7.5
8.40423e-05 7.5 17 -8
4.41197e-05 8 16.5 -8
0.000151001 7.5 17 -8.5
8.53555e-05 8 16.5 -9
2.25027e-05 7 17.5 -8.5
0.000232934 7.5 17 -9
4.52202e-05 7 17.5 -9
0.000310637 7.5 17 -9.5
9.591e-05 7 17.5 -9.5
0.000401229 7.5 17 -10
0.000165231 7 17.5 -10
0.000500381 7.5 17 -10.5
0.00025472 7 17.5 -10.5
0.000584105 7.5 17 -11
0.000364537 7 17.5 -11
0.000628891 7.5 17 -11.5
3.29139e-05 6.5 18 -11
0.000482702 7 17.5 -11.5
4.65913e-05 6.5 18 -11.5
0.000583915 7 17.5 -12
0.000100207 8 16.5 -12.5
6.01147e-05 6.5 18 -12
0.000626945 7 17.5 -12.5
6.00821e-05 8 16.5 -13
6.81257e-05 6.5 18 -12.5
0.000604456 7 17.5 -13
6.05526e-05 6.5 18 -13
0.000536344 7 17.5 -13.5
4.03236e-05 6.5 18 -13.5
0.00042376 7 17.5 -14
0.000289676 7 17.5 -14.5
0.000167586 7 17.5 -15
7.29508e-05 7 17.5 -15.5
3.18714e-05 7.5 17 -16
7.75227e-05 7.5 17 -15.5
0.000156811 7.5 17 -15
0.000260204 7.5 17 -14.5
0.000376973 7.5 17 -14
0.00049183 7.5 17 -13.5
0.000593478 7.5 17 -13
0.000648909 7.5 17 -12.5
0.00064512 7.5 17 -12
0.000136 8 16.5 -12
0.000163086 8 16.5 -11.5
3.64246e-05 8 17 -6
6.29732e-05 8 17 -6.5
9.28832e-05 8 17 -7
0.000177791 8 16.5 -11
0.000169288 8 16.5 -10.5
0.000148718 8 16.5 -10
3.01745e-05 7.5 17.5 -7
0.000126472 8 17 -7.5
2.22709e-05 8.5 16.5 -7.5
5.80957e-05 7.5 17.5 -7.5
0.000169338 8 17 -8
0.000118342 7.5 17.5 -8
0.000194937 7.5 17.5 -8.5
4.07117e-05 8.5 16.5 -9
0.000211372 8 17 -8.5
2.08646e-05 7 18 -8.5
0.000291376 7.5 17.5 -9
3.8591e-05 8.5 16.5 -9.5
3.92769e-05 7 18 -9
0.000409943 7.5 17.5 -9.5
0.000349535 8 17 -10
3.19321e-05 8.5 16.5 -10
7.41639e-05 7 18 -9.5
0.000527694 7.5 17.5 -10
0.000118018 7 18 -10
0.000606742 7.5 17.5 -10.5
0.000181292 7 18 -10.5
0.00066234 7.5 17.5 -11
0.000256941 7 18 -11
0.00068482 7.5 17.5 -11.5
0.00032255 7 18 -11.5
0.000659425 7.5 17.5 -12
0.000357248 7 18 -12
0.000620556 7.5 17.5 -12.5
0.000363159 7 18 -12.5
0.000553272 7.5 17.5 -13
0.000311974 7 18 -13
0.000238677 7 18 -13.5
4.41044e-05 8 17 -14
0.000150213 7 18 -14
7.09619e-05 7 18 -14.5
4.89306e-05 7.5 17.5 -15.5
0.000115941 7.5 17.5 -15
0.000211653 7.5 17.5 -14.5
0.000329451 7.5 17.5 -14
0.00044901 7.5 17.5 -13.5
9.14549e-05 8 17 -13.5
0.000156529 8 17 -13
2.30334e-05 8.5 17 -3.5
3.11933e-05 8.5 17 -4
0.000236959 8 17 -12.5
4.71141e-05 8.5 17 -4.5
0.000308594 8 17 -12
6.05248e-05 8.5 17 -5
0.000354577 8 17 -11.5
0.000382912 8 17 -11
2.76897e-05 8 17.5 -5
6.6992e-05 8.5 17 -5.5
4.57435e-05 8 17.5 -5.5
7.99739e-05 8 17.5 -6
7.76859e-05 8.5 17 -6
0.000375292 8 17 -10.5
8.89887e-05 8.5 17 -6.5
2.07331e-05 8.5 16.5 -10.5
0.000302501 8 17 -9.5
0.000141803 8 17.5 -6.5
0.000101125 8.5 17 -7
0.000209034 8 17.5 -7
3.02497e-05 7.5 18 -7
0.000281387 8 17.5 -7.5
0.00011922 8.5 17 -7.5
5.63328e-05 7.5 18 -7.5
0.000335925 8 17.5 -8
0.000109948 7.5 18 -8
0.000400441 8 17.5 -8.5
0.000182211 7.5 18 -8.5
0.000460522 8 17.5 -9
0.000273641 7.5 18 -9
0.000502593 8 17.5 -9.5
2.49202e-05 7 18.5 -9
0.000379084 7.5 18 -9.5
3.77098e-05 7 18.5 -9.5
0.000481401 7.5 18 -10
8.94499e-05 8.5 17 -10.5
5.69701e-05 7 18.5 -10
0.000568047 7.5 18 -10.5
0.00056732 8 17.5 -11
5.23578e-05 8.5 17 -11
8.94363e-05 7 18.5 -10.5
0.000611398 7.5 18 -11
0.000113982 7 18.5 -11
0.000623927 7.5 18 -11.5
0.000128709 7 18.5 -11.5
0.000579559 7.5 18 -12
0.000124307 7 18.5 -12
0.000503923 7.5 18 -12.5
9.92131e-05 7 18.5 -12.5
0.000410698 7.5 18 -13
5.91214e-05 7 18.5 -13
0.000303539 7.5 18 -13.5
0.000194316 7.5 18 -14
2.04415e-05 10.5 15.5 4
3.75377e-05 10.5 15.5 3.5
3.87289e-05 10.5 15.5 3
3.72215e-05 7.5 18 -15
3.84777e-05 10 16 2.5
2.46389e-05 10.5 15.5 2.5
4.42527e-05 10 16 2
4.45247e-05 10 16 1.5
2.89428e-05 9.5 16.5 1
2.57331e-05 10 16 1
9.73657e-05 7.5 18 -14.5
3.76845e-05 9.5 16.5 0.5
4.29864e-05 9.5 16.5 0
4.05712e-05 8 17.5 -14.5
4.6037e-05 9.5 16.5 -0.5
2.61311e-05 9 17 -1
3.63055e-05 9.5 16.5 -1
8.78785e-05 8 17.5 -14
3.80774e-05 9 17 -1.5
2.81665e-05 9.5 16.5 -1.5
5.10626e-05 9 17 -2
0.00015699 8 17.5 -13.5
6.32455e-05 9 17 -2.5
0.000246819 8 17.5 -13
6.45457e-05 9 17 -3
0.000349216 8 17.5 -12.5
3.09065e-05 8.5 17.5 -3
5.93635e-05 9 17 -3.5
0.000443386 8 17.5 -12
4.92927e-05 8.5 17.5 -3.5
5.68634e-05 9 17 -4
0.000521138 8 17.5 -11.5
7.54817e-05 8.5 17.5 -4
0.000114406 8.5 17.5 -4.5
5.65234e-05 9 17 -4.5
6.08973e-05 9 17 -5
0.000565415 8 17.5 -10.5
0.000146602 8.5 17.5 -5
6.05859e-05 9 17 -5.5
0.000179676 8.5 17.5 -5.5
2.80205e-05 8 18 -5
0.000530064 8 17.5 -10
4.62526e-05 8 18 -5.5
0.000207798 8.5 17.5 -6
5.85168e-05 9 17 -6
7.98667e-05 8 18 -6
0.000239161 8.5 17.5 -6.5
0.000146559 8 18 -6.5
5.4175e-05 9 17 -7
0.000220276 8 18 -7
4.8098e-05 9 17 -7.5
0.000265827 8.5 17.5 -7
2.5661e-05 7.5 18.5 -7
0.000311532 8 18 -7.5
3.72128e-05 9 17 -8
0.000287222 8.5 17.5 -7.5
4.56268e-05 7.5 18.5 -7.5
0.000419444 8 18 -8
2.52114e-05 9 17 -8.5
8.46507e-05 7.5 18.5 -8
0.000508507 8 18 -8.5
0.000134882 7.5 18.5 -8.5
0.000566061 8 18 -9
0.000333634 8.5 17.5 -9
0.000201783 7.5 18.5 -9
0.000606705 8 18 -9.5
0.000269707 7.5 18.5 -9.5
0.000619544 8 18 -10
0.000337058 7.5 18.5 -10
0.000588214 8 18 -10.5
0.00039328 7.5 18.5 -10.5
0.00041397 7.5 18.5 -11
0.00010627 8.5 17.5 -11.5
0.000411155 7.5 18.5 -11.5
0.000435625 8 18 -12
5.88505e-05 8.5 17.5 -12
0.000357184 7.5 18.5 -12
0.0002792 7.5 18.5 -12.5
0.000194664 7.5 18.5 -13
0.000111723 7.5 18.5 -13.5
4.45994e-05 7.5 18.5 -14
2.35222e-05 10.5 16 4
3.58667e-05 11 15.5 4
3.64341e-05 11 15.5 3.5
2.59927e-05 11 15.5 3
6.0527e-05 10.5 16 3.5
7.97326e-05 10.5 16 3
4.65886e-05 10 16.5 2.5
7.84502e-05 10.5 16 2.5
7.05958e-05 10 16.5 2
5.70987e-05 10.5 16 2
3.33937e-05 10.5 16 1.5
9.32711e-05 10 16.5 1.5
3.65127e-05 8 18 -14.5
9.57672e-05 10 16.5 1
3.277e-05 9.5 17 1
8.2227e-05 8 18 -14
5.15015e-05 9.5 17 0.5
7.91463e-05 10 16.5 0.5
7.48123e-05 9.5 17 0
6.13036e-05 10 16.5 0
0.000151604 8 18 -13.5
4.27885e-05 10 16.5 -0.5
9.99473e-05 9.5 17 -0.5
2.74462e-05 10 16.5 -1
0.000107022 9.5 17 -1
0.000240033 8 18 -13
3.01664e-05 9 17.5 -1
0.000101898 9.5 17 -1.5
0.000337949 8 18 -12.5
4.94672e-05 9 17.5 -1.5
8.95554e-05 9.5 17 -2
7.84647e-05 9 17.5 -2
7.47968e-05 9.5 17 -2.5
0.000522198 8 18 -11.5
0.000117885 9 17.5 -2.5
6.0918e-05 9.5 17 -3
0.000148316 9 17.5 -3
0.00057201 8 18 -11
2.78274e-05 8.5 18 -3
0.000169633 9 17.5 -3.5
4.95548e-05 9.5 17 -3.5
4.42195e-05 8.5 18 -3.5
0.000176554 9 17.5 -4
4.03617e-05 9.5 17 -4
7.35039e-05 8.5 18 -4
0.000179763 9 17.5 -4.5
3.22318e-05 9.5 17 -4.5
0.000132042 8.5 18 -4.5
2.44486e-05 9.5 17 -5
0.000166578 8.5 17.5 -11
0.000180156 9 17.5 -5
0.000229295 8.5 17.5 -10.5
0.000196133 8.5 18 -5
0.000179022 9 17.5 -5.5
2.37785e-05 8 18.5 -5
0.000267127 8.5 18 -5.5
0.000281253 8.5 17.5 -10
4.05679e-05 8 18.5 -5.5
0.000342559 8.5 18 -6
0.000186085 9 17.5 -6
7.18364e-05 8 18.5 -6
0.000394068 8.5 18 -6.5
0.00018758 9 17.5 -6.5
0.000133069 8 18.5 -6.5
0.0004387 8.5 18 -7
0.000177569 9 17.5 -7
0.000203537 8 18.5 -7
0.00047491 8.5 18 -7.5
0.000289779 8 18.5 -7.5
2.65952e-05 7.5 19 -7.5
0.00038607 8 18.5 -8
0.000101214 9 17.5 -8.5
4.32686e-05 7.5 19 -8
0.000472916 8 18.5 -8.5
6.73402e-05 9 17.5 -9
7.14189e-05 7.5 19 -8.5
0.000533381 8 18.5 -9
3.70352e-05 9 17.5 -9.5
9.67211e-05 7.5 19 -9
0.000565695 8 18.5 -9.5
0.000123957 7.5 19 -9.5
0.000574568 8 18.5 -10
0.00014882 7.5 19 -10
0.000549952 8 18.5 -10.5
0.000162031 7.5 19 -10.5
0.000508673 8 18.5 -11
0.000157588 7.5 19 -11
0.000424741 8 18.5 -11.5
0.000135404 7.5 19 -11.5
0.000335259 8 18.5 -12
9.6758e-05 7.5 19 -12
5.20058e-05 7.5 19 -12.5
6.09191e-05 11 16 4
6.06749e-05 10.5 16.5 3.5
7.72553e-05 11 16 3.5
7.10667e-05 11 16 3
0.000104088 10.5 16.5 3
4.52225e-05 11 16 2.5
0.000121917 10.5 16.5 2.5
3.96422e-05 8 18.5 -14
3.61866e-05 10 17 2.5
0.000125136 10.5 16.5 2
7.32197e-05 10 17 2
9.25346e-05 8 18.5 -13.5
0.000112584 10 17 1.5
0.000106735 10.5 16.5 1.5
0.000138295 10 17 1
8.31083e-05 10.5 16.5 1
0.00016406 8 18.5 -13
2.04069e-05 9.5 17.5 1
5.5825e-05 10.5 16.5 0.5
0.000148445 10 17 0.5
4.93102e-05 9.5 17.5 0.5
2.98958e-05 10.5 16.5 0
0.000144766 10 17 0
0.000247637 8 18.5 -12.5
8.09089e-05 9.5 17.5 0
0.000125719 10 17 -0.5
0.000124099 9.5 17.5 -0.5
0.000158475 9.5 17.5 -1
0.000104443 10 17 -1
2.42879e-05 9 18 -1
8.47417e-05 10 17 -1.5
0.000183012 9.5 17.5 -1.5
6.08813e-05 8.5 18 -12.5
4.35715e-05 9 18 -1.5
6.17227e-05 10 17 -2
0.000187782 9.5 17.5 -2
0.000119236 8.5 18 -12
7.66717e-05 9 18 -2
4.06322e-05 10 17 -2.5
0.000187391 9.5 17.5 -2.5
0.000190467 8.5 18 -11.5
0.000132283 9 18 -2.5
2.20208e-05 10 17 -3
0.000186464 9 18 -3
0.000175758 9.5 17.5 -3
0.000279643 8.5 18 -11
0.000241244 9 18 -3.5
0.000163161 9.5 17.5 -3.5
0.000366056 8.5 18 -10.5
3.69747e-05 8.5 18.5 -3.5
0.000287527 9 18 -4
0.000150989 9.5 17.5 -4
6.641e-05 8.5 18.5 -4
0.000309608 9 18 -4.5
0.000132278 9.5 17.5 -4.5
0.000121616 8.5 18.5 -4.5
0.00011124 9.5 17.5 -5
0.000183953 8.5 18.5 -5
8.92656e-05 9.5 17.5 -5.5
0.000329048 9 18 -5
0.000436083 8.5 18 -10
0.000255509 8.5 18.5 -5.5
6.69712e-05 9.5 17.5 -6
0.000340797 9 18 -5.5
0.00034443 9 18 -6
0.000488665 8.5 18 -9.5
0.00051222 8.5 18 -9
0.000496064 8.5 18 -8.5
0.000489723 8.5 18 -8
2.76216e-05 8 19 -5.5
0.000332458 8.5 18.5 -6
0.000355457 9 18 -6.5
4.62648e-05 9.5 17.5 -6.5
4.82891e-05 8 19 -6
0.000411324 8.5 18.5 -6.5
8.68764e-05 8 19 -6.5
0.000480348 8.5 18.5 -7
0.000135952 8 19 -7
0.000521313 8.5 18.5 -7.5
0.000201922 8 19 -7.5
0.000542369 8.5 18.5 -8
0.000270308 8 19 -8
0.000546042 8.5 18.5 -8.5
0.000332921 8 19 -8.5
0.000379537 8 19 -9
0.000126933 9 18 -9.5
0.000405024 8 19 -9.5
7.48556e-05 9 18 -10
0.000412765 8 19 -10
3.57284e-05 9 18 -10.5
0.000376865 8 19 -10.5
0.000315776 8 19 -11
0.000243077 8 19 -11.5
0.000170316 8 19 -12
0.000106108 8 19 -12.5
5.41807e-05 8 19 -13
6.4334e-05 11 16.5 4
3.53768e-05 11.5 16 4
3.68067e-05 11.5 16 3.5
2.29463e-05 10.5 17 3.5
2.38958e-05 11.5 16 3
0.00010053 11 16.5 3.5
0.000108053 11 16.5 3
8.6069e-05 10.5 17 3
0.000136613 10.5 17 2.5
0.000106409 11 16.5 2.5
0.000155318 10.5 17 2
8.12746e-05 11 16.5 2
4.67341e-05 10 17.5 2
5.05529e-05 11 16.5 1.5
0.000163377 10.5 17 1.5
9.04894e-05 10 17.5 1.5
2.42829e-05 11 16.5 1
0.000153165 10.5 17 1
4.30489e-05 8.5 18.5 -13
0.000147154 10 17.5 1
0.000185215 10 17.5 0.5
0.000131933 10.5 17 0.5
2.96872e-05 9.5 18 0.5
0.00020423 10 17.5 0
0.000104913 10.5 17 0
8.7378e-05 8.5 18.5 -12.5
5.71467e-05 9.5 18 0
0.000210291 10 17.5 -0.5
7.25768e-05 10.5 17 -0.5
0.000149858 8.5 18.5 -12
0.000109022 9.5 18 -0.5
0.000201281 10 17.5 -1
4.41963e-05 10.5 17 -1
0.00016621 9.5 18 -1
2.14885e-05 10.5 17 -1.5
0.000229471 8.5 18.5 -11.5
0.000218879 9.5 18 -1.5
0.000179817 10 17.5 -1.5
0.000310865 8.5 18.5 -11
3.29092e-05 9 18.5 -1.5
0.000264157 9.5 18 -2
0.000161165 10 17.5 -2
0.000387132 8.5 18.5 -10.5
5.96648e-05 9 18.5 -2
0.000284253 9.5 18 -2.5
0.00013318 10 17.5 -2.5
0.000458691 8.5 18.5 -10
0.000107055 9 18.5 -2.5
0.00029326 9.5 18 -3
0.000102282 10 17.5 -3
0.000159386 9 18.5 -3
7.25002e-05 10 17.5 -3.5
0.000506472 8.5 18.5 -9.5
0.000293937 9.5 18 -3.5
0.000223096 9 18.5 -3.5
4.64212e-05 10 17.5 -4
0.000284081 9.5 18 -4
0.000524511 8.5 18.5 -9
2.28554e-05 8.5 19 -3.5
0.000293074 9 18.5 -4
0.00027698 9.5 18 -4.5
2.52231e-05 10 17.5 -4.5
4.59292e-05 8.5 19 -4
0.000365281 9 18.5 -4.5
8.51912e-05 8.5 19 -4.5
0.00041303 9 18.5 -5
0.000254823 9.5 18 -5
0.000136618 8.5 19 -5
0.000445266 9 18.5 -5.5
0.000202885 8.5 19 -5.5
0.000278791 8.5 19 -6
0.000143434 9.5 18 -6.5
0.000464069 9 18.5 -6
0.000361042 8.5 19 -6.5
9.95376e-05 9.5 18 -7
0.000468965 9 18.5 -6.5
3.53574e-05 8 19.5 -6.5
0.000433432 8.5 19 -7
6.10615e-05 9.5 18 -7.5
6.07745e-05 8 19.5 -7
0.000477161 8.5 19 -7.5
2.96426e-05 9.5 18 -8
8.7043e-05 8 19.5 -7.5
0.000499092 8.5 19 -8
0.000116502 8 19.5 -8
0.000505364 8.5 19 -8.5
0.000372086 9 18.5 -8.5
0.000143679 8 19.5 -8.5
0.000483858 8.5 19 -9
0.000162366 8 19.5 -9
0.000442579 8.5 19 -9.5
0.000168513 8 19.5 -9.5
0.000389748 8.5 19 -10
0.000154561 8 19.5 -10
0.000125465 8 19.5 -10.5
4.30886e-05 9 18.5 -11
8.60276e-05 8 19.5 -11
4.89516e-05 8 19.5 -11.5
4.59714e-05 11.5 16.5 4
2.54561e-05 11 17 4
8.83173e-05 11 17 3.5
5.58816e-05 11.5 16.5 3.5
5.33418e-05 11.5 16.5 3
0.000122061 11 17 3
3.67079e-05 10.5 17.5 3
2.98181e-05 11.5 16.5 2.5
0.000130064 11 17 2.5
2.05998e-05 8.5 19 -13
0.000103635 10.5 17.5 2.5
0.00013122 11 17 2
0.000161101 10.5 17.5 2
6.00158e-05 8.5 19 -12.5
0.000186471 10.5 17.5 1.5
0.000106746 11 17 1.5
5.05581e-05 10 18 1.5
0.000196309 10.5 17.5 1
7.30166e-05 11 17 1
0.000114967 8.5 19 -12
0.00010817 10 18 1
3.95277e-05 11 17 0.5
0.000196684 10.5 17.5 0.5
0.000181599 8.5 19 -11.5
0.000170282 10 18 0.5
0.000223078 10 18 0
0.000183154 10.5 17.5 0
0.000256266 8.5 19 -11
3.56184e-05 9.5 18.5 0
0.000251807 10 18 -0.5
0.000157109 10.5 17.5 -0.5
0.000328197 8.5 19 -10.5
7.21555e-05 9.5 18.5 -0.5
0.000269242 10 18 -1
0.000121376 10.5 17.5 -1
0.000130583 9.5 18.5 -1
0.000273618 10 18 -1.5
8.43478e-05 10.5 17.5 -1.5
0.000190502 9.5 18.5 -1.5
0.000262605 10 18 -2
5.02518e-05 10.5 17.5 -2
0.00025458 9.5 18.5 -2
2.40116e-05 10.5 17.5 -2.5
9.13111e-05 9 18.5 -10.5
3.2284e-05 9 19 -2
0.000313408 9.5 18.5 -2.5
0.000248606 10 18 -2.5
6.03078e-05 9 19 -2.5
0.00035087 9.5 18.5 -3
0.00011382 9 19 -3
0.000184127 10 18 -3.5
0.000376132 9.5 18.5 -3.5
0.000220167 10 18 -3
0.00014621 9 18.5 -10
0.000213726 9 18.5 -9.5
0.000177257 9 19 -3.5
0.000386502 9.5 18.5 -4
0.000143777 10 18 -4
0.000254152 9 19 -4
0.000385606 9.5 18.5 -4.5
0.00010117 10 18 -4.5
0.000298226 9 18.5 -9
0.000329422 9 19 -4.5
0.000381258 9.5 18.5 -5
6.26738e-05 10 18 -5
3.91378e-05 8.5 19.5 -4.5
0.000391002 9 19 -5
6.9353e-05 8.5 19.5 -5
0.000430507 9 19 -5.5
0.000355071 9.5 18.5 -5.5
0.000106975 8.5 19.5 -5.5
0.000459161 9 19 -6
0.000157789 8.5 19.5 -6
0.00047055 9 19 -6.5
0.000215113 8.5 19.5 -6.5
0.000465002 9 19 -7
0.000220883 9.5 18.5 -7
0.000268381 8.5 19.5 -7
0.000312578 8.5 19.5 -7.5
0.000103372 9.5 18.5 -8
0.000342032 8.5 19.5 -8
0.00037789 9 19 -8.5
5.26397e-05 9.5 18.5 -8.5
0.000346938 8.5 19.5 -8.5
0.000321506 8.5 19.5 -9
0.000284551 8.5 19.5 -9.5
0.000239254 8.5 19.5 -10
0.000186305 8.5 19.5 -10.5
0.000129122 8.5 19.5 -11
2.63233e-05 11.5 17 4
3.68841e-05 11 17.5 3.5
6.25656e-05 11.5 17 3.5
9.84425e-05 11 17.5 3
6.83768e-05 11.5 17 3
3.50292e-05 8.5 19.5 -12
0.000138733 11 17.5 2.5
5.97736e-05 11.5 17 2.5
7.38277e-05 8.5 19.5 -11.5
4.06302e-05 10.5 18 2.5
0.000149148 11 17.5 2
3.46176e-05 11.5 17 2
0.000107383 10.5 18 2
0.000170952 10.5 18 1.5
0.000151519 11 17.5 1.5
0.000208666 10.5 18 1
0.000133018 11 17.5 1
4.8693e-05 10 18.5 1
0.000223225 10.5 18 0.5
0.000100689 11 17.5 0.5
3.87953e-05 9 19 -11.5
0.000109185 10 18.5 0.5
0.000226846 10.5 18 0
6.38665e-05 11 17.5 0
0.000177014 10 18.5 0
0.000228124 10.5 18 -0.5
3.1436e-05 11 17.5 -0.5
7.48954e-05 9 19 -11
0.000239826 10 18.5 -0.5
3.07793e-05 9.5 19 -0.5
0.000280203 10 18.5 -1
0.000207602 10.5 18 -1
0.000126442 9 19 -10.5
0.000192015 9 19 -10
6.86461e-05 9.5 19 -1
0.000306351 10 18.5 -1.5
0.00017305 10.5 18 -1.5
0.000129868 9.5 19 -1.5
0.000194549 9.5 19 -2
8.42974e-05 10.5 18 -2.5
0.000318255 10 18.5 -2
0.000130466 10.5 18 -2
0.000261237 9 19 -9.5
0.000320625 9 19 -9
0.000318586 10 18.5 -2.5
0.000264376 9.5 19 -2.5
0.000317998 10 18.5 -3
4.49301e-05 10.5 18 -3
2.31281e-05 9 19.5 -2.5
0.000325816 9.5 19 -3
5.19879e-05 9 19.5 -3
0.000363262 9.5 19 -3.5
0.000293322 10 18.5 -3.5
9.69819e-05 9 19.5 -3.5
0.000387025 9.5 19 -4
0.000152257 9 19.5 -4
0.000211753 10 18.5 -4.5
0.000215449 9 19.5 -4.5
0.000155157 10 18.5 -5
0.000395691 9.5 19 -4.5
0.000277818 9 19.5 -5
9.84332e-05 10 18.5 -5.5
0.000397126 9.5 19 -5
0.000405029 9.5 19 -5.5
0.000257568 10 18.5 -4
0.000426358 9 19 -8
0.000452927 9 19 -7.5
0.000334832 9 19.5 -5.5
0.000388899 9.5 19 -6
5.31332e-05 10 18.5 -6
2.78652e-05 8.5 20 -5.5
0.000374933 9 19.5 -6
5.11274e-05 8.5 20 -6
0.000394019 9 19.5 -6.5
0.000354383 9.5 19 -6.5
7.0598e-05 8.5 20 -6.5
0.000398966 9 19.5 -7
9.28146e-05 8.5 20 -7
0.000381934 9 19.5 -7.5
0.000111199 8.5 20 -7.5
0.000119276 8.5 20 -8
0.000105188 9.5 19 -8.5
0.000116476 8.5 20 -8.5
5.73595e-05 9.5 19 -9
0.000104025 8.5 20 -9
0.000217576 9 19.5 -9.5
8.48555e-05 8.5 20 -9.5
5.83357e-05 8.5 20 -10
3.20209e-05 8.5 20 -10.5
3.73562e-05 11.5 17.5 3.5
3.52674e-05 11 18 3
7.05719e-05 11.5 17.5 3
9.55234e-05 11 18 2.5
7.67687e-05 11.5 17.5 2.5
0.000141274 11 18 2
6.35047e-05 11.5 17.5 2
3.38511e-05 10.5 18.5 2
0.000160522 11 18 1.5
3.99607e-05 11.5 17.5 1.5
2.92513e-05 9 19.5 -11.5
9.66917e-05 10.5 18.5 1.5
0.00016463 11 18 1
5.92754e-05 9 19.5 -11
0.000161616 10.5 18.5 1
0.000210118 10.5 18.5 0.5
0.000149206 11 18 0.5
0.000105598 9 19.5 -10.5
3.61173e-05 10 19 0.5
0.000238443 10.5 18.5 0
0.000121785 11 18 0
0.000160498 9 19.5 -10
9.25358e-05 10 19 0
0.000248116 10.5 18.5 -0.5
8.35527e-05 11 18 -0.5
0.000160997 10 19 -0.5
0.000253145 10.5 18.5 -1
4.60994e-05 11 18 -1
0.000269782 9 19.5 -9
0.000227424 10 19 -1
0.000240327 10.5 18.5 -1.5
0.00027505 10 19 -1.5
0.000314833 9 19.5 -8.5
0.000348706 9 19.5 -8
4.85606e-05 9.5 19.5 -1.5
0.000306886 10 19 -2
0.00021114 10.5 18.5 -2
9.80804e-05 9.5 19.5 -2
0.000154342 9.5 19.5 -2.5
0.000123686 10.5 18.5 -3
0.000324469 10 19 -2.5
0.00032996 10 19 -3
0.000171666 10.5 18.5 -2.5
0.000221093 9.5 19.5 -3
0.000334497 10 19 -3.5
7.77512e-05 10.5 18.5 -3.5
0.000284327 9.5 19.5 -3.5
0.000315407 10 19 -4
2.86468e-05 9 20 -3.5
0.000327483 9.5 19.5 -4
5.67401e-05 9 20 -4
0.000354351 9.5 19.5 -4.5
0.000279949 10 19 -4.5
8.36439e-05 9 20 -4.5
0.000365713 9.5 19.5 -5
0.000115663 9 20 -5
0.00015265 9 20 -5.5
0.000129493 10 19 -6
0.000366349 9.5 19.5 -5.5
0.000189923 9 20 -6
8.22746e-05 10 19 -6.5
0.000331526 9.5 19.5 -6.5
0.000353558 9.5 19.5 -6
0.000216394 9 20 -6.5
0.00028984 9.5 19.5 -7
4.01468e-05 10 19 -7
0.000223716 9 20 -7
0.000215047 9 20 -7.5
0.000197643 9 20 -8
0.000172916 9 20 -8.5
0.000141059 9 20 -9
3.4679e-05 11.5 18 3
2.46091e-05 11 18.5 2.5
6.8666e-05 11.5 18 2.5
8.11471e-05 11 18.5 2
7.75652e-05 11.5 18 2
3.86492e-05 9 20 -10.5
6.7734e-05 9 20 -10
0.000126587 11 18.5 1.5
6.50135e-05 11.5 18 1.5
0.00015523 11 18.5 1
4.20581e-05 11.5 18 1
0.000104478 9 20 -9.5
6.92269e-05 10.5 19 1
0.000168198 11 18.5 0.5
2.03959e-05 11.5 18 0.5
0.000132074 10.5 19 0.5
0.000182782 10.5 19 0
0.000161409 11 18.5 0
0.000219391 10.5 19 -0.5
0.000136823 11 18.5 -0.5
5.79237e-05 10 19.5 -0.5
0.000239067 10.5 19 -1
0.000103294 11 18.5 -1
5.2193e-05 9.5 19.5 -9.5
9.04382e-05 9.5 19.5 -9
0.000119493 10 19.5 -1
0.000248637 10.5 19 -1.5
6.57532e-05 11 18.5 -1.5
0.000179199 10 19.5 -1.5
0.000247633 10.5 19 -2
3.30852e-05 11 18.5 -2
0.000228208 10 19.5 -2
0.000136293 9.5 19.5 -8.5
0.000187096 9.5 19.5 -8
2.13145e-05 9.5 20 -2
0.000266173 10 19.5 -2.5
0.000222426 10.5 19 -2.5
5.12298e-05 9.5 20 -2.5
0.000289275 10 19.5 -3
8.75079e-05 9.5 20 -3
0.00014022 10.5 19 -3.5
0.000136146 9.5 20 -3.5
9.17554e-05 10.5 19 -4
0.000294897 10 19.5 -3.5
0.000296422 10 19.5 -4
0.000187388 10.5 19 -3
0.000237855 9.5 19.5 -7.5
0.000184409 9.5 20 -4
0.000281868 10 19.5 -4.5
5.0004e-05 10.5 19 -4.5
0.000218316 9.5 20 -4.5
0.000237234 9.5 20 -5
0.000259196 10 19.5 -5
0.000244549 9.5 20 -5.5
2.14645e-05 9 20.5 -5.5
0.000243986 9.5 20 -6
3.41116e-05 9 20.5 -6
4.02826e-05 9 20.5 -6.5
7.96888e-05 10 19.5 -7
4.27169e-05 9 20.5 -7
4.02308e-05 10 19.5 -7.5
4.26826e-05 9 20.5 -7.5
0.000144168 9.5 20 -8
3.86335e-05 9 20.5 -8
2.37197e-05 9 20.5 -8.5
2.52418e-05 11.5 18.5 2.5
5.81072e-05 11.5 18.5 2
5.05117e-05 11 19 1.5
6.89154e-05 11.5 18.5 1.5
9.63959e-05 11 19 1
6.46655e-05 11.5 18.5 1
0.000129253 11 19 0.5
4.25311e-05 11.5 18.5 0.5
3.37172e-05 10.5 19.5 0.5
0.000149249 11 19 0
2.58556e-05 11.5 18.5 0
3.92466e-05 9.5 20 -9.5
7.96152e-05 10.5 19.5 0
0.00015189 11 19 -0.5
0.000131165 10.5 19.5 -0.5
0.000171065 10.5 19.5 -1
0.000133569 11 19 -1
7.17831e-05 9.5 20 -9
0.000104571 11 19 -1.5
0.000106716 9.5 20 -8.5
5.2671e-05 10 20 -1.5
7.07635e-05 11 19 -2
0.000196 10.5 19.5 -1.5
0.000177817 9.5 20 -7.5
0.00020375 9.5 20 -7
0.000210611 10.5 19.5 -2
0.000224127 9.5 20 -6.5
9.90097e-05 10 20 -2
0.000214273 10.5 19.5 -2.5
3.83544e-05 11 19 -2.5
0.000138676 10 20 -2.5
0.000197985 10.5 19.5 -3
0.000171626 10 20 -3
0.000197774 10 20 -3.5
0.000170579 10.5 19.5 -3.5
0.000209577 10 20 -4
4.26042e-05 9.5 20.5 -4
8.94172e-05 10.5 19.5 -4.5
6.1136e-05 9.5 20.5 -4.5
5.30119e-05 10.5 19.5 -5
0.00021238 10 20 -4.5
0.000208721 10 20 -5
7.5164e-05 9.5 20.5 -5
0.000187207 10 20 -5.5
2.0925e-05 10.5 19.5 -5.5
8.59591e-05 9.5 20.5 -5.5
8.93006e-05 9.5 20.5 -6
8.60179e-05 9.5 20.5 -6.5
7.85543e-05 9.5 20.5 -7
2.12762e-05 10 20 -8
3.46591e-05 11.5 19 1.5
2.21153e-05 11 19.5 1
5.41294e-05 11.5 19 1
3.21439e-05 9.5 20.5 -8.5
5.19039e-05 11 19.5 0.5
5.59116e-05 11.5 19 0.5
4.89071e-05 9.5 20.5 -8
8.19727e-05 11 19.5 0
3.96491e-05 11.5 19 0
6.64968e-05 9.5 20.5 -7.5
0.000108791 11 19.5 -0.5
2.48447e-05 11.5 19 -0.5
2.36837e-05 10.5 20 -0.5
0.000117701 11 19.5 -1
6.28227e-05 10.5 20 -1
9.54106e-05 10.5 20 -1.5
0.000113901 11 19.5 -1.5
0.000120963 10.5 20 -2
9.24159e-05 11 19.5 -2
4.88787e-05 10 20 -7.5
0.000136247 10.5 20 -2.5
6.54765e-05 11 19.5 -2.5
2.23364e-05 10 20.5 -2.5
0.000145098 10.5 20 -3
4.5317e-05 10 20.5 -3
6.76357e-05 10 20.5 -3.5
0.0001421 10.5 20 -3.5
8.4203e-05 10 20.5 -4
0.000123284 10.5 20 -4
9.26824e-05 10 20.5 -4.5
0.000101396 10.5 20 -4.5
4.50608e-05 10.5 20 -5.5
6.37638e-05 10 20.5 -6.5
2.78554e-05 11.5 19.5 0.5
3.34505e-05 11.5 19.5 0
3.41999e-05 11 20 -0.5
3.10692e-05 11.5 19.5 -0.5
5.5667e-05 11 20 -1
2.87266e-05 10 20.5 -7.5
6.89304e-05 11 20 -1.5
6.2022e-05 11 20 -2.5
4.51306e-05 11 20 -3
3.78325e-05 10.5 20.5 -2.5
2.89491e-05 11 20 -3.5
5.22195e-05 10.5 20.5 -3
6.1068e-05 10.5 20.5 -3.5
7.23374e-05 11 20 -2
4.51531e-05 10 20.5 -7
7.66741e-05 10 20.5 -6
8.41406e-05 10 20.5 -5.5
9.33153e-05 10 20.5 -5
6.45793e-05 10.5 20.5 -4
2.09824e-05 11 20.5 -3
3.35727e-05 10.5 20.5 -5.5
4.64028e-05 10.5 20.5 -5
5.87593e-05 10.5 20.5 -4.5
7.44094e-05 10.5 20 -5
3.78031e-05 11 19.5 -3
8.07291e-05 10 20 -7
0.000118216 10 20 -6.5
0.000155569 10 20 -6
0.000130795 10.5 19.5 -4
0.00012637 10 19.5 -6.5
0.00017781 10 19.5 -6
0.000225018 10 19.5 -5.5
0.000181708 10 19 -5.5
0.000233987 10 19 -5
3.98386e-05 10.5 18.5 -4
0.00016802 9.5 19 -8
0.000240382 9.5 19 -7.5
0.000304277 9.5 19 -7
0.000160304 9.5 18.5 -7.5
0.000274528 9.5 18.5 -6.5
0.000318566 9.5 18.5 -6
3.18918e-05 10 18 -5.5
0.000425988 9 18.5 -8
0.000457518 9 18.5 -7.5
0.000467407 9 18.5 -7
0.00018792 9.5 18 -6
0.000224542 9.5 18 -5.5
0.000188891 9 18 -9
0.000246084 9 18 -8.5
0.000292295 9 18 -8
0.000327803 9 18 -7.5
0.000353301 9 18 -7
2.57075e-05 9.5 17.5 -7
0.000136365 9 17.5 -8
0.000162729 9 17.5 -7.5
0.00031406 8.5 17.5 -9.5
0.0003333 8.5 17.5 -8.5
0.000317565 8.5 17.5 -8
5.60931e-05 9 17 -6.5
0.000121999 8.5 17 -10
0.00014401 8.5 17 -9.5
0.000152661 8.5 17 -9
0.000147053 8.5 17 -8.5
0.000136663 8.5 17 -8
0.000251477 8 17 -9
3.74604e-05 8.5 16.5 -8.5
3.24666e-05 8.5 16.5 -8
0.00011803 8 16.5 -9.5
6.31435e-05 8 16.5 -8.5
3.65474e-05 8 16 -10
2.13429e-05 8 16 -9.5
9.21319e-05 7.5 16 -10.5
5.44877e-05 7.5 16 -10
2.4358e-05 7.5 16 -9.5
3.35566e-05 7.5 15.5 -11
