0.697154
2.60353e-05 -5.5 -10.5 -15.5
3.42838e-05 -5.5 -10.5 -15
3.70565e-05 -5.5 -10.5 -14.5
2.79392e-05 -5.5 -10.5 -14
4.58087e-05 -5 -10 -17
8.73147e-05 -5 -10 -16.5
0.000127229 -5 -10 -16
0.000140134 -5 -10 -15.5
0.000118792 -5 -10 -15
7.37452e-05 -5 -10 -14.5
2.16592e-05 -6 -11.5 -13
4.28898e-05 -5.5 -11 -13.5
2.92732e-05 -6 -11.5 -13.5
7.74364e-05 -5.5 -11 -14
3.27086e-05 -6 -11.5 -14
9.71467e-05 -5.5 -11 -14.5
9.39165e-05 -5.5 -11 -15
7.29046e-05 -5.5 -11 -15.5
4.35131e-05 -5.5 -11 -16
2.86255e-05 -5 -10.5 -17.5
7.96188e-05 -5 -10.5 -17
0.000148419 -5 -10.5 -16.5
0.000211429 -5 -10.5 -16
0.000237189 -5 -10.5 -15.5
0.000210408 -5 -10.5 -15
0.000147367 -5 -10.5 -14.5
7.17883e-05 -5 -10.5 -14
2.60228e-05 -5 -10 -14
2.86644e-05 -4.5 -10 -14
0.000117146 -4.5 -10 -14.5
0.000247366 -4.5 -10 -15
0.000350602 -4.5 -10 -15.5
5.1339e-05 -4.5 -10 -18
0.000140053 -4.5 -10 -17.5
0.000259752 -4.5 -10 -17
2.81466e-05 -5 -9.5 -16.5
0.000357929 -4.5 -10 -16.5
4.1562e-05 -5 -9.5 -16
0.000389466 -4.5 -10 -16
4.84518e-05 -5 -9.5 -15.5
4.06924e-05 -5 -9.5 -15
2.738e-05 -6 -12 -12.5
4.11767e-05 -5.5 -11.5 -13
5.69167e-05 -5 -11 -13.5
2.5695e-05 -6.5 -12.5 -12.5
5.48342e-05 -6 -12 -13
9.05106e-05 -5.5 -11.5 -13.5
2.81341e-05 -6.5 -12.5 -13
6.76735e-05 -6 -12 -13.5
0.00013721 -5.5 -11.5 -14
0.000218232 -5 -11 -14.5
7.18186e-05 -6 -12 -14
0.00016165 -5.5 -11.5 -14.5
0.000252889 -5 -11 -15
5.58069e-05 -6 -12 -14.5
0.000151573 -5.5 -11.5 -15
0.000264395 -5 -11 -15.5
3.65047e-05 -6 -12 -15
0.000119056 -5.5 -11.5 -15.5
0.000216585 -5 -11 -16
3.4813e-05 -5.5 -11.5 -16.5
2.63146e-05 -5 -11 -17.5
3.03403e-05 -4.5 -10.5 -18
9.94585e-05 -4.5 -10.5 -17.5
7.33623e-05 -5 -11 -17
0.000207955 -4.5 -10.5 -17
0.0001455 -5 -11 -16.5
7.49277e-05 -5.5 -11.5 -16
0.000321329 -4.5 -10.5 -16.5
0.000373771 -4.5 -10.5 -16
0.000349402 -4.5 -10.5 -15.5
0.000278885 -4.5 -10.5 -15
0.000175745 -4.5 -10.5 -14.5
0.000135435 -5 -11 -14
7.50695e-05 -4.5 -10.5 -14
2.19146e-05 -5 -9.5 -14.5
5.6934e-05 -4 -10 -14.5
0.000156115 -4 -10 -15
4.89835e-05 -4.5 -9.5 -14.5
0.000303062 -4 -10 -15.5
0.000410461 -4 -10 -16
0.000436767 -4 -10 -16.5
0.000363909 -4 -10 -17
0.000225625 -4 -10 -17.5
9.64548e-05 -4 -10 -18
2.69542e-05 -4 -10 -18.5
5.79832e-05 -4.5 -9.5 -18
0.00014763 -4.5 -9.5 -17.5
0.000258751 -4.5 -9.5 -17
0.000332475 -4.5 -9.5 -16.5
2.23735e-05 -6.5 -13 -11.5
2.54305e-05 -6 -12.5 -12
2.86295e-05 -5.5 -12 -12.5
2.34199e-05 -7 -13.5 -11.5
4.17732e-05 -6.5 -13 -12
5.93566e-05 -6 -12.5 -12.5
8.34568e-05 -5.5 -12 -13
2.444e-05 -4.5 -11 -13.5
4.97705e-05 -6.5 -13 -12.5
9.19402e-05 -6 -12.5 -13
0.000135558 -5.5 -12 -13.5
4.28331e-05 -4 -10.5 -14.5
0.000168914 -5 -11.5 -14
5.21358e-05 -6.5 -13 -13
0.000107787 -6 -12.5 -13.5
0.000163035 -5.5 -12 -14
4.07652e-05 -6.5 -13 -13.5
0.000103841 -6 -12.5 -14
0.000175845 -5.5 -12 -14.5
2.84479e-05 -6.5 -13 -14
8.64175e-05 -6 -12.5 -14.5
0.000157099 -5.5 -12 -15
0.000243173 -5 -11.5 -15.5
5.86347e-05 -6 -12.5 -15
0.000117236 -5.5 -12 -15.5
3.23993e-05 -6 -12.5 -15.5
6.97043e-05 -5.5 -12 -16
0.000107826 -5 -11.5 -16.5
5.04319e-05 -5 -11.5 -17
3.24034e-05 -5.5 -12 -16.5
4.47538e-05 -4 -10.5 -18
5.56126e-05 -4.5 -11 -17.5
0.000110682 -4 -10.5 -17.5
0.000127963 -4.5 -11 -17
0.000201097 -4 -10.5 -17
0.00022404 -4.5 -11 -16.5
0.000180692 -5 -11.5 -16
0.000254888 -4 -10.5 -16.5
0.000294915 -4.5 -11 -16
0.000249222 -4 -10.5 -16
0.000303729 -4.5 -11 -15.5
0.000248094 -5 -11.5 -15
0.000205584 -4 -10.5 -15.5
0.000258168 -4.5 -11 -15
0.000221906 -5 -11.5 -14.5
0.000118832 -4 -10.5 -15
0.000163806 -4.5 -11 -14.5
7.69378e-05 -4.5 -11 -14
0.000100291 -5 -11.5 -13.5
2.9484e-05 -5 -11.5 -13
0.000342593 -4.5 -9.5 -16
0.00026578 -4.5 -9.5 -15.5
0.000147917 -4.5 -9.5 -15
4.19893e-05 -4 -9.5 -14.5
4.93233e-05 -3.5 -10 -15.5
0.000167113 -4 -9.5 -15
8.53245e-05 -3.5 -10 -16
0.000336123 -4 -9.5 -15.5
0.00011383 -3.5 -10 -16.5
0.000133021 -3.5 -10 -17
0.000532835 -4 -9.5 -16.5
0.000103695 -3.5 -10 -17.5
6.15133e-05 -3.5 -10 -18
2.55794e-05 -3.5 -10 -18.5
2.23735e-05 -4 -9.5 -19
5.50858e-05 -4 -9.5 -18.5
3.65451e-05 -4.5 -9 -18
0.000166415 -4 -9.5 -18
9.04425e-05 -4.5 -9 -17.5
0.000347887 -4 -9.5 -17.5
0.00015549 -4.5 -9 -17
2.18962e-05 -6 -13 -11.5
3.0069e-05 -7 -14 -11
4.67825e-05 -6.5 -13.5 -11.5
5.64384e-05 -6 -13 -12
5.69252e-05 -5.5 -12.5 -12.5
3.66464e-05 -7 -14 -11.5
6.21806e-05 -6.5 -13.5 -12
8.65622e-05 -6 -13 -12.5
2.19418e-05 -4.5 -11.5 -13.5
0.000104189 -5.5 -12.5 -13
4.40906e-05 -5 -12 -13
3.68435e-05 -7 -14 -12
7.02377e-05 -6.5 -13.5 -12.5
2.64946e-05 -4 -11 -14.5
0.000103475 -6 -13 -13
0.000138094 -5.5 -12.5 -13.5
6.87274e-05 -4.5 -11.5 -14
2.92816e-05 -7 -14 -12.5
6.72322e-05 -6.5 -13.5 -13
0.000111202 -6 -13 -13.5
5.75375e-05 -4 -11 -15
0.000158223 -5.5 -12.5 -14
0.00019594 -5 -12 -14.5
5.67609e-05 -6.5 -13.5 -13.5
0.000104052 -6 -13 -14
0.000207455 -5 -12 -15
4.02161e-05 -6.5 -13.5 -14
3.2029e-05 -3.5 -10.5 -16.5
8.28129e-05 -6 -13 -14.5
2.45026e-05 -6.5 -13.5 -14.5
5.35468e-05 -6 -13 -15
3.15412e-05 -3.5 -10.5 -17
8.84578e-05 -5.5 -12.5 -15.5
3.1956e-05 -6 -13 -15.5
2.32274e-05 -3.5 -10.5 -17.5
2.4215e-05 -5.5 -12.5 -16.5
2.29267e-05 -4.5 -11.5 -17.5
2.64614e-05 -5 -12 -17
3.40948e-05 -4 -11 -17.5
5.89452e-05 -4.5 -11.5 -17
6.1075e-05 -5 -12 -16.5
4.83359e-05 -5.5 -12.5 -16
7.4145e-05 -4 -11 -17
0.000115512 -4.5 -11.5 -16.5
0.000116365 -5 -12 -16
0.000101564 -4 -11 -16.5
0.000169101 -4.5 -11.5 -16
0.000174036 -5 -12 -15.5
0.000132378 -5.5 -12.5 -15
0.000111545 -4 -11 -16
0.000190102 -4.5 -11.5 -15.5
0.000164022 -5.5 -12.5 -14.5
8.8938e-05 -4 -11 -15.5
0.000173782 -4.5 -11.5 -15
0.000122533 -4.5 -11.5 -14.5
0.00015903 -5 -12 -14
9.56833e-05 -5 -12 -13.5
0.000490566 -4 -9.5 -17
0.000196681 -4.5 -9 -16.5
0.000196243 -4.5 -9 -16
0.000475806 -4 -9.5 -16
0.000144479 -4.5 -9 -15.5
6.72643e-05 -4.5 -9 -15
2.63973e-05 -3.5 -9.5 -15
0.000107739 -3.5 -9.5 -15.5
0.000103226 -4 -9 -15
0.000210447 -3.5 -9.5 -16
0.000305713 -3.5 -9.5 -16.5
0.000474391 -4 -9 -16
0.000332819 -3.5 -9.5 -17
0.000275229 -3.5 -9.5 -17.5
0.000165651 -3.5 -9.5 -18
2.96723e-05 -4.5 -8.5 -17.5
0.000407367 -4 -9 -17.5
2.0609e-05 -4 -9 -19
8.66139e-05 -4 -9 -18.5
6.38526e-05 -3.5 -9.5 -18.5
3.78892e-05 -6.5 -14 -11
3.94086e-05 -6 -13.5 -11.5
4.01878e-05 -7 -14.5 -11
5.78483e-05 -6.5 -14 -11.5
6.45604e-05 -6 -13.5 -12
2.36315e-05 -7.5 -15 -11
4.43122e-05 -7 -14.5 -11.5
6.40501e-05 -6.5 -14 -12
8.64557e-05 -6 -13.5 -12.5
3.4773e-05 -5 -12.5 -13
4.14096e-05 -7 -14.5 -12
6.85423e-05 -6.5 -14 -12.5
9.75599e-05 -6 -13.5 -13
3.60912e-05 -4.5 -12 -14
3.5097e-05 -7 -14.5 -12.5
2.09353e-05 -4 -11.5 -15
6.38056e-05 -6.5 -14 -13
0.00010152 -6 -13.5 -13.5
6.44149e-05 -4.5 -12 -14.5
2.69937e-05 -7 -14.5 -13
2.61163e-05 -4 -11.5 -15.5
5.19895e-05 -6.5 -14 -13.5
8.58916e-05 -6 -13.5 -14
0.000116856 -5.5 -13 -14.5
3.65573e-05 -6.5 -14 -14
3.02661e-05 -4 -11.5 -16
6.10578e-05 -6 -13.5 -14.5
8.50914e-05 -5.5 -13 -15
2.30423e-05 -6.5 -14 -14.5
2.30538e-05 -4 -11.5 -16.5
3.81621e-05 -6 -13.5 -15
2.33189e-05 -5.5 -13 -16
2.43553e-05 -5 -12.5 -16.5
2.42138e-05 -6 -13.5 -15.5
3.53795e-05 -4.5 -12 -16.5
5.29023e-05 -5 -12.5 -16
5.14829e-05 -5.5 -13 -15.5
6.28255e-05 -4.5 -12 -16
9.01878e-05 -5 -12.5 -15.5
8.08574e-05 -4.5 -12 -15.5
0.000121246 -5 -12.5 -15
7.84645e-05 -4.5 -12 -15
0.000125714 -5 -12.5 -14.5
0.000130885 -5.5 -13 -14
0.000113161 -5 -12.5 -14
0.0001221 -5.5 -13 -13.5
7.69526e-05 -5 -12.5 -13.5
9.51817e-05 -5.5 -13 -13
5.56791e-05 -5.5 -13 -12.5
0.000231741 -4 -9 -18
4.9702e-05 -4.5 -8.5 -17
0.000526355 -4 -9 -17
6.25618e-05 -4.5 -8.5 -16.5
0.000552832 -4 -9 -16.5
6.87056e-05 -4.5 -8.5 -16
4.55682e-05 -4.5 -8.5 -15.5
0.000277419 -4 -9 -15.5
3.50892e-05 -3.5 -9 -15
0.000157329 -3.5 -9 -15.5
0.000335966 -3.5 -9 -16
0.000159278 -4 -8.5 -15.5
2.55603e-05 -3 -9.5 -17
0.000524444 -3.5 -9 -16.5
0.000335017 -4 -8.5 -16
2.85665e-05 -3 -9.5 -17.5
0.000579426 -3.5 -9 -17
0.000512805 -3.5 -9 -17.5
0.000492051 -4 -8.5 -17
0.000332151 -3.5 -9 -18
0.000401769 -4 -8.5 -17.5
0.000143701 -3.5 -9 -18.5
2.31849e-05 -4 -8.5 -19
4.01506e-05 -3.5 -9 -19
9.8264e-05 -4 -8.5 -18.5
2.70317e-05 -7 -15 -10.5
3.83371e-05 -6.5 -14.5 -11
3.2906e-05 -6 -14 -11.5
2.35343e-05 -7.5 -15.5 -10.5
3.88464e-05 -7 -15 -11
5.28677e-05 -6.5 -14.5 -11.5
5.97996e-05 -6 -14 -12
2.49344e-05 -7.5 -15.5 -11
4.06514e-05 -7 -15 -11.5
5.79834e-05 -6.5 -14.5 -12
7.32892e-05 -6 -14 -12.5
2.29205e-05 -7.5 -15.5 -11.5
3.59213e-05 -7 -15 -12
5.63337e-05 -6.5 -14.5 -12.5
7.66377e-05 -6 -14 -13
3.6568e-05 -5 -13 -13.5
2.9312e-05 -7 -15 -12.5
2.22916e-05 -4.5 -12.5 -14.5
4.86572e-05 -6.5 -14.5 -13
7.32148e-05 -5.5 -13.5 -14
2.33165e-05 -7 -15 -13
3.68371e-05 -6.5 -14.5 -13.5
2.24588e-05 -4.5 -12.5 -15
5.24825e-05 -6 -14 -14
2.52985e-05 -6.5 -14.5 -14
3.41387e-05 -6 -14 -14.5
2.50218e-05 -5 -13 -15.5
3.55116e-05 -5.5 -13.5 -15
4.19213e-05 -5 -13 -15
5.68194e-05 -5.5 -13.5 -14.5
5.16964e-05 -5 -13 -14.5
6.74937e-05 -6 -14 -13.5
4.81638e-05 -5 -13 -14
7.51173e-05 -5.5 -13.5 -13.5
6.7137e-05 -5.5 -13.5 -13
4.74471e-05 -5.5 -13.5 -12.5
0.000243793 -4 -8.5 -18
0.000480888 -4 -8.5 -16.5
3.9949e-05 -4 -8.5 -15
3.60774e-05 -3 -9 -16
0.000174769 -3.5 -8.5 -15.5
7.55713e-05 -3 -9 -16.5
0.000397041 -3.5 -8.5 -16
0.000107257 -3 -9 -17
0.000625986 -3.5 -8.5 -16.5
0.000125672 -3 -9 -17.5
0.000734443 -3.5 -8.5 -17
0.000111949 -3 -9 -18
6.49866e-05 -3 -9 -18.5
0.000500622 -3.5 -8.5 -18
0.000244975 -4 -8 -17.5
2.27728e-05 -3 -9 -19
0.000254175 -3.5 -8.5 -18.5
6.84922e-05 -4 -8 -18.5
2.00179e-05 -3 -9 -19.5
2.38743e-05 -3.5 -8.5 -19.5
2.49665e-05 -7 -15.5 -10.5
3.13356e-05 -6.5 -15 -11
3.08372e-05 -7 -15.5 -11
3.63858e-05 -6.5 -15 -11.5
2.90657e-05 -7 -15.5 -11.5
3.74668e-05 -6.5 -15 -12
2.45209e-05 -5.5 -14 -12.5
2.27436e-05 -7 -15.5 -12
3.19703e-05 -6.5 -15 -12.5
2.23136e-05 -6.5 -15 -13
2.69471e-05 -6 -14.5 -13.5
2.21665e-05 -5.5 -14 -14
2.69876e-05 -5.5 -14 -13.5
3.56104e-05 -6 -14.5 -13
2.82514e-05 -5.5 -14 -13
3.76804e-05 -6 -14.5 -12.5
3.51731e-05 -6 -14.5 -12
8.02186e-05 -3.5 -8.5 -19
0.000160997 -4 -8 -18
0.000676304 -3.5 -8.5 -17.5
0.000285287 -4 -8 -17
0.000275423 -4 -8 -16.5
0.000184584 -4 -8 -16
7.10032e-05 -4 -8 -15.5
3.89701e-05 -3.5 -8.5 -15
2.13928e-05 -3 -8.5 -15.5
8.71347e-05 -3 -8.5 -16
0.000111691 -3.5 -8 -15.5
0.000209374 -3 -8.5 -16.5
0.000351557 -3.5 -8 -16
0.000307223 -3 -8.5 -17
9.66484e-05 -4 -7.5 -16.5
0.000363944 -3 -8.5 -17.5
0.000328664 -3 -8.5 -18
0.000213826 -3 -8.5 -18.5
0.000586805 -3.5 -8 -18
2.66001e-05 -4 -7.5 -18.5
8.62859e-05 -3 -8.5 -19
2.10845e-05 -3.5 -8 -19.5
0.000127797 -3.5 -8 -19
0.000347541 -3.5 -8 -18.5
5.33586e-05 -4 -7.5 -18
7.89699e-05 -4 -7.5 -17.5
0.000719026 -3.5 -8 -17.5
9.53762e-05 -4 -7.5 -17
0.000773903 -3.5 -8 -17
0.000625935 -3.5 -8 -16.5
5.49196e-05 -4 -7.5 -16
3.00636e-05 -3 -8 -15.5
0.000162924 -3 -8 -16
4.14758e-05 -3.5 -7.5 -15.5
0.000389969 -3 -8 -16.5
0.000197225 -3.5 -7.5 -16
0.000584421 -3 -8 -17
0.000444504 -3.5 -7.5 -16.5
0.000687586 -3 -8 -17.5
2.05073e-05 -2.5 -8.5 -18.5
0.000648234 -3 -8 -18
0.000433478 -3 -8 -18.5
0.000195445 -3 -8 -19
5.17491e-05 -3 -8 -19.5
2.31791e-05 -3.5 -7.5 -19.5
0.000147077 -3.5 -7.5 -19
0.000369984 -3.5 -7.5 -18.5
0.000594318 -3.5 -7.5 -18
0.00068925 -3.5 -7.5 -17.5
0.000633818 -3.5 -7.5 -17
3.72841e-05 -3 -7.5 -15.5
2.40392e-05 -2.5 -8 -16.5
0.000192331 -3 -7.5 -16
5.10782e-05 -2.5 -8 -17
0.000492413 -3 -7.5 -16.5
7.86812e-05 -2.5 -8 -17.5
0.000799492 -3 -7.5 -17
9.13207e-05 -2.5 -8 -18
0.00094454 -3 -7.5 -17.5
8.79484e-05 -2.5 -8 -18.5
0.000371671 -3.5 -7 -18
6.1673e-05 -2.5 -8 -19
3.67716e-05 -2.5 -8 -19.5
0.000341616 -3 -7.5 -19
9.53569e-05 -3 -7.5 -19.5
0.000111662 -3.5 -7 -19
0.000257388 -3.5 -7 -18.5
0.000675107 -3 -7.5 -18.5
0.000918565 -3 -7.5 -18
0.000416045 -3.5 -7 -17.5
0.000397881 -3.5 -7 -17
0.000259016 -3.5 -7 -16.5
8.89565e-05 -3.5 -7 -16
7.08926e-05 -2.5 -7.5 -16.5
0.000153228 -3 -7 -16
0.000175584 -2.5 -7.5 -17
0.000486984 -3 -7 -16.5
0.000280125 -2.5 -7.5 -17.5
0.000338903 -2.5 -7.5 -18
0.0010295 -3 -7 -17.5
0.000337039 -2.5 -7.5 -18.5
0.000233357 -2.5 -7.5 -19
0.000101295 -2.5 -7.5 -19.5
0.000453329 -3 -7 -19
2.04761e-05 -2.5 -7.5 -20
0.000142473 -3 -7 -19.5
4.51724e-05 -3.5 -6.5 -19
8.96057e-05 -3.5 -6.5 -18.5
0.000811152 -3 -7 -18.5
0.000134001 -3.5 -6.5 -18
0.00101692 -3 -7 -18
0.000162551 -3.5 -6.5 -17.5
0.000155941 -3.5 -6.5 -17
0.00083373 -3 -7 -17
8.08353e-05 -3.5 -6.5 -16.5
3.31709e-05 -2.5 -7 -16
0.0001573 -2.5 -7 -16.5
6.3447e-05 -3 -6.5 -16
0.000431714 -2.5 -7 -17
0.000688734 -2.5 -7 -17.5
0.000772046 -2.5 -7 -18
0.000751249 -2.5 -7 -18.5
0.000511799 -2.5 -7 -19
2.03875e-05 -2 -7.5 -20
0.000210114 -2.5 -7 -19.5
3.74748e-05 -2.5 -7 -20
0.000164197 -3 -6.5 -19.5
0.000488829 -3 -6.5 -19
0.000836158 -3 -6.5 -18.5
0.000974976 -3 -6.5 -18
0.000939419 -3 -6.5 -17.5
0.000638977 -3 -6.5 -17
0.00030323 -3 -6.5 -16.5
4.58291e-05 -2.5 -6.5 -16
0.000237756 -2.5 -6.5 -16.5
0.000671727 -2.5 -6.5 -17
3.55437e-05 -2 -7 -18
0.00109214 -2.5 -6.5 -17.5
5.34283e-05 -2 -7 -18.5
6.64873e-05 -2 -7 -19
0.00116766 -2.5 -6.5 -18.5
5.41302e-05 -2 -7 -19.5
0.000817161 -2.5 -6.5 -19
2.43299e-05 -2 -7 -20
6.91595e-05 -2.5 -6.5 -20
0.000137996 -3 -6 -19.5
0.000353351 -2.5 -6.5 -19.5
0.000347746 -3 -6 -19
0.000553257 -3 -6 -18.5
0.000627276 -3 -6 -18
0.001233 -2.5 -6.5 -18
0.00061609 -3 -6 -17.5
0.00040534 -3 -6 -17
0.000144809 -3 -6 -16.5
2.19989e-05 -3 -6 -16
3.94369e-05 -2.5 -6 -16
6.37664e-05 -2 -6.5 -17
0.000250481 -2.5 -6 -16.5
0.000144507 -2 -6.5 -17.5
0.000247975 -2 -6.5 -18
0.000284853 -2 -6.5 -18.5
0.000273162 -2 -6.5 -19
0.000187731 -2 -6.5 -19.5
0.001007 -2.5 -6 -19
7.36245e-05 -2 -6.5 -20
0.00010364 -2.5 -6 -20
6.06351e-05 -3 -5.5 -19.5
0.000473979 -2.5 -6 -19.5
0.000137449 -3 -5.5 -19
0.000235342 -3 -5.5 -18.5
0.00131927 -2.5 -6 -18.5
0.000271655 -3 -5.5 -18
0.00137857 -2.5 -6 -18
0.000269247 -3 -5.5 -17.5
0.00121769 -2.5 -6 -17.5
0.000154387 -3 -5.5 -17
0.00073321 -2.5 -6 -17
3.94511e-05 -3 -5.5 -16.5
4.38125e-05 -2 -6 -16.5
0.000192472 -2 -6 -17
0.000453892 -2 -6 -17.5
0.000742029 -2 -6 -18
0.000802599 -2 -6 -18.5
0.000717945 -2 -6 -19
0.000452111 -2 -6 -19.5
0.00103204 -2.5 -5.5 -19
0.000151715 -2 -6 -20
2.61531e-05 -2 -6 -20.5
0.000127741 -2.5 -5.5 -20
0.000530364 -2.5 -5.5 -19.5
2.78973e-05 -3 -5 -18.5
0.00128159 -2.5 -5.5 -18.5
3.26755e-05 -3 -5 -18
0.00129199 -2.5 -5.5 -18
3.51534e-05 -3 -5 -17.5
0.00114621 -2.5 -5.5 -17.5
0.000582065 -2.5 -5.5 -17
0.000141619 -2.5 -5.5 -16.5
8.5117e-05 -2 -5.5 -16.5
0.000383011 -2 -5.5 -17
0.000877902 -2 -5.5 -17.5
0.00135873 -2 -5.5 -18
0.00142969 -2 -5.5 -18.5
0.000874165 -2.5 -5 -18
2.43014e-05 -1.5 -6 -20
0.000786108 -2 -5.5 -19.5
4.83106e-05 -2 -5.5 -20.5
0.000128362 -2.5 -5 -20
0.000275367 -2 -5.5 -20
0.000415158 -2.5 -5 -19.5
0.0007296 -2.5 -5 -19
0.00127572 -2 -5.5 -19
0.000865796 -2.5 -5 -18.5
0.000660784 -2.5 -5 -17.5
0.000304284 -2.5 -5 -17
6.24381e-05 -2.5 -5 -16.5
2.21381e-05 -1.5 -5.5 -17.5
0.000460539 -2 -5 -17
6.91211e-05 -1.5 -5.5 -18
0.00012271 -1.5 -5.5 -18.5
0.000158251 -1.5 -5.5 -19
0.0001524 -1.5 -5.5 -19.5
0.000112881 -1.5 -5.5 -20
4.72558e-05 -1.5 -5.5 -20.5
6.63405e-05 -2.5 -4.5 -20
7.54939e-05 -2 -5 -20.5
0.000413431 -2 -5 -20
0.00020323 -2.5 -4.5 -19.5
0.00105209 -2 -5 -19.5
0.000339695 -2.5 -4.5 -19
0.00160337 -2 -5 -19
0.000387048 -2.5 -4.5 -18.5
0.00175287 -2 -5 -18.5
0.000386413 -2.5 -4.5 -18
0.00165051 -2 -5 -18
0.000274302 -2.5 -4.5 -17.5
0.00108344 -2 -5 -17.5
0.000111283 -2.5 -4.5 -17
9.72971e-05 -2 -5 -16.5
5.04495e-05 -1.5 -5 -17
0.000192704 -1.5 -5 -17.5
0.000384188 -1.5 -5 -18
0.000542018 -1.5 -5 -18.5
0.000586381 -1.5 -5 -19
0.000333531 -1.5 -5 -20
0.00113287 -2 -4.5 -19.5
5.21307e-05 -2.5 -4 -19
0.000104885 -1.5 -5 -20.5
0.000487998 -2 -4.5 -20
9.16917e-05 -2 -4.5 -20.5
3.6603e-05 -2.5 -4 -19.5
0.000531551 -1.5 -5 -19.5
0.00165948 -2 -4.5 -19
6.06347e-05 -2.5 -4 -18.5
0.0017947 -2 -4.5 -18.5
6.22538e-05 -2.5 -4 -18
0.00166434 -2 -4.5 -18
4.09493e-05 -2.5 -4 -17.5
0.0010388 -2 -4.5 -17.5
0.000368909 -2 -4.5 -17
6.11429e-05 -2 -4.5 -16.5
2.21672e-05 -1.5 -4.5 -16.5
0.000138969 -1.5 -4.5 -17
0.00050625 -1.5 -4.5 -17.5
0.00102634 -1.5 -4.5 -18
0.00135764 -1.5 -4.5 -18.5
0.00139568 -1.5 -4.5 -19
0.000465742 -2 -4 -20
2.17033e-05 -1.5 -4.5 -21
8.36003e-05 -2 -4 -20.5
0.000193803 -1.5 -4.5 -20.5
0.00068075 -1.5 -4.5 -20
0.000961186 -2 -4 -19.5
0.00121492 -1.5 -4.5 -19.5
0.00122143 -2 -4 -19
0.00126537 -2 -4 -18.5
0.00111901 -2 -4 -18
0.000603319 -2 -4 -17.5
0.000167069 -2 -4 -17
2.57675e-05 -2 -4 -16.5
3.80001e-05 -1.5 -4 -16.5
0.00170757 -1.5 -4 -18
0.00064263 -2 -3.5 -18.5
0.000453184 -2 -3.5 -19.5
3.46314e-05 -1 -4.5 -20
5.87996e-05 -1 -4.5 -20.5
3.4563e-05 -1 -4.5 -21
2.26164e-05 -1.5 -4 -21
5.08438e-05 -2 -3.5 -20.5
0.000266923 -1.5 -4 -20.5
0.00022851 -2 -3.5 -20
0.00105111 -1.5 -4 -20
0.00189565 -1.5 -4 -19.5
0.000606333 -2 -3.5 -19
0.00222584 -1.5 -4 -19
0.00221604 -1.5 -4 -18.5
0.000573623 -2 -3.5 -18
0.000303771 -2 -3.5 -17.5
0.000857836 -1.5 -4 -17.5
7.79446e-05 -2 -3.5 -17
0.000235468 -1.5 -4 -17
3.67803e-05 -1 -4 -18
0.000164588 -1 -4 -18.5
0.000126975 -2 -3 -18.5
0.000297823 -1 -4 -19
0.000388088 -1 -4 -19.5
9.07243e-05 -2 -3 -19.5
0.000353165 -1 -4 -20
0.000211518 -1 -4 -20.5
5.02546e-05 -1 -4 -21
2.5304e-05 -1.5 -3.5 -21
0.000285848 -1.5 -3.5 -20.5
4.89774e-05 -2 -3 -20
0.00117881 -1.5 -3.5 -20
0.00218029 -1.5 -3.5 -19.5
0.000117623 -2 -3 -19
0.00260016 -1.5 -3.5 -19
0.00261173 -1.5 -3.5 -18.5
0.000128092 -2 -3 -18
0.00199407 -1.5 -3.5 -18
7.25021e-05 -2 -3 -17.5
0.000971695 -1.5 -3.5 -17.5
0.00025353 -1.5 -3.5 -17
3.93983e-05 -1.5 -3.5 -16.5
5.42673e-05 -1 -3.5 -17
0.000260845 -1 -3.5 -17.5
0.000743851 -1 -3.5 -18
0.00130775 -1 -3.5 -18.5
0.00142966 -1 -3.5 -19.5
0.000372849 -1 -3.5 -20.5
3.71661e-05 -1 -3.5 -21
2.60401e-05 -1.5 -3 -21
0.000220185 -1.5 -3 -20.5
0.000951033 -1.5 -3 -20
0.000996096 -1 -3.5 -20
0.00171193 -1.5 -3 -19.5
0.00201858 -1.5 -3 -19
0.00152157 -1 -3.5 -19
0.00204424 -1.5 -3 -18.5
0.00158606 -1.5 -3 -18
0.000727248 -1.5 -3 -17.5
0.0001625 -1.5 -3 -17
2.29695e-05 -1.5 -3 -16.5
2.40322e-05 -1 -3 -16.5
0.000155726 -1 -3 -17
0.000749968 -1 -3 -17.5
0.000127573 -1.5 -2.5 -20.5
2.23704e-05 -1 -3 -21.5
3.52112e-05 -1 -3 -21
0.000478175 -1 -3 -20.5
0.000448561 -1.5 -2.5 -20
0.00156669 -1 -3 -20
0.000761194 -1.5 -2.5 -19.5
0.00252606 -1 -3 -19.5
0.000898896 -1.5 -2.5 -19
0.00282575 -1 -3 -19
0.000910952 -1.5 -2.5 -18.5
0.00276212 -1 -3 -18.5
0.000669136 -1.5 -2.5 -18
0.0018774 -1 -3 -18
0.000265584 -1.5 -2.5 -17.5
5.26516e-05 -1.5 -2.5 -17
2.71768e-05 -1 -2.5 -16.5
0.000208292 -1.5 -2 -19
2.94342e-05 -1.5 -2 -20.5
6.85193e-05 -1 -2.5 -21
0.000606886 -1 -2.5 -20.5
0.000113773 -1.5 -2 -20
0.00173074 -1 -2.5 -20
0.000180702 -1.5 -2 -19.5
0.00282087 -1 -2.5 -19.5
0.00319044 -1 -2.5 -19
0.000208481 -1.5 -2 -18.5
0.0031621 -1 -2.5 -18.5
0.00014677 -1.5 -2 -18
0.00224271 -1 -2.5 -18
5.70465e-05 -1.5 -2 -17.5
0.000914942 -1 -2.5 -17.5
0.000188219 -1 -2.5 -17
5.96169e-05 -0.5 -2.5 -20
0.000131698 -0.5 -2.5 -20.5
4.01827e-05 -0.5 -2.5 -21.5
8.53365e-05 -1 -2 -21
0.000115778 -0.5 -2.5 -21
0.00065612 -1 -2 -20.5
0.0017227 -1 -2 -20
0.00261219 -1 -2 -19.5
0.00280053 -1 -2 -19
0.00268974 -1 -2 -18.5
0.00176056 -1 -2 -18
0.000670953 -1 -2 -17.5
0.000126892 -1 -2 -17
9.63114e-05 -0.5 -2 -17.5
0.000361874 -0.5 -2 -18
0.000828579 -0.5 -2 -18.5
0.00130928 -0.5 -2 -19
2.48286e-05 -0.5 -2 -21.5
5.68992e-05 -1 -1.5 -21
0.000346806 -0.5 -2 -21
0.000358499 -1 -1.5 -20.5
0.000968617 -0.5 -2 -20.5
0.000780598 -1 -1.5 -20
0.00142589 -0.5 -2 -20
0.00106679 -1 -1.5 -19.5
0.00152968 -0.5 -2 -19.5
0.0011294 -1 -1.5 -19
0.00105488 -1 -1.5 -18.5
0.000625266 -1 -1.5 -18
0.000202565 -1 -1.5 -17.5
3.48465e-05 -1 -1.5 -17
0.00038684 -0.5 -1.5 -21
7.00213e-05 -1 -1 -20.5
0.0020127 -0.5 -1.5 -20.5
0.000155285 -1 -1 -20
0.00408757 -0.5 -1.5 -20
0.000212401 -1 -1 -19.5
0.00520928 -0.5 -1.5 -19.5
0.000224793 -1 -1 -19
0.0053676 -0.5 -1.5 -19
0.000209243 -1 -1 -18.5
0.00454193 -0.5 -1.5 -18.5
0.000125113 -1 -1 -18
0.00256401 -0.5 -1.5 -18
4.22867e-05 -1 -1 -17.5
0.000893044 -0.5 -1.5 -17.5
0.000178784 -0.5 -1.5 -17
2.6933e-05 -0.5 -1.5 -16.5
0.000279304 -0.5 -1 -21
0.00225496 -0.5 -1 -20.5
0.00512746 -0.5 -1 -20
0.00694058 -0.5 -1 -19.5
0.00727149 -0.5 -1 -19
0.00665642 -0.5 -1 -18.5
0.00397532 -0.5 -1 -18
0.00141371 -0.5 -1 -17.5
0.000278888 -0.5 -1 -17
4.1208e-05 -0.5 -1 -16.5
7.60096e-05 -0.5 -0.5 -21
0.00108858 -0.5 -0.5 -20.5
0.00300306 -0.5 -0.5 -20
0.00449584 -0.5 -0.5 -19.5
0.00486405 -0.5 -0.5 -19
0.00470442 -0.5 -0.5 -18.5
0.00298142 -0.5 -0.5 -18
0.00101266 -0.5 -0.5 -17.5
0.000180861 -0.5 -0.5 -17
2.47285e-05 -0.5 -0.5 -16.5
0.00015528 -0.5 0 -20.5
0.000383812 -0.5 0 -20
0.000545433 -0.5 0 -19.5
0.00058077 -0.5 0 -19
0.000546453 -0.5 0 -18.5
0.000307571 -0.5 0 -18
8.05784e-05 -0.5 0 -17.5
2.09907e-05 -0.5 0.5 -19
0.000311675 0 0 -21
0.00133938 0 0 -20.5
0.00252029 0 0 -20
2.06541e-05 -0.5 0.5 -19.5
0.00314387 0 0 -19.5
0.00323165 0 0 -19
0.00282844 0 0 -18.5
0.00162416 0 0 -18
0.000563679 0 0 -17.5
0.000111031 0 0 -17
0.000491667 0 0.5 -21
0.00277817 0 0.5 -20.5
0.00571891 0 0.5 -20
0.00745282 0 0.5 -19.5
0.00774109 0 0.5 -19
0.00707122 0 0.5 -18.5
0.0042732 0 0.5 -18
0.00154706 0 0.5 -17.5
0.00030602 0 0.5 -17
4.58858e-05 0 0.5 -16.5
0.000182001 0 1 -21
4.10092e-05 0.5 0.5 -21
0.00144268 0 1 -20.5
0.000175404 0.5 0.5 -20.5
0.00332525 0 1 -20
0.000345806 0.5 0.5 -20
0.0045784 0 1 -19.5
0.000447406 0.5 0.5 -19.5
0.00481747 0 1 -19
0.000465761 0.5 0.5 -19
0.00451833 0 1 -18.5
0.000421891 0.5 0.5 -18.5
0.00281948 0 1 -18
0.000253024 0.5 0.5 -18
0.00102659 0 1 -17.5
9.45621e-05 0.5 0.5 -17.5
0.000198345 0 1 -17
2.82028e-05 0 1 -16.5
2.90321e-05 0 1.5 -21
0.000124131 0.5 1 -21
0.000218828 0 1.5 -20.5
0.00075359 0.5 1 -20.5
0.000481735 0 1.5 -20
0.00159669 0.5 1 -20
0.000627116 0 1.5 -19.5
0.00216375 0.5 1 -19.5
0.000647832 0 1.5 -19
0.00228129 0.5 1 -19
0.000566408 0 1.5 -18.5
0.00215751 0.5 1 -18.5
0.000301535 0 1.5 -18
0.00135836 0.5 1 -18
8.19189e-05 0 1.5 -17.5
0.000506846 0.5 1 -17.5
0.00010284 0.5 1 -17
2.38759e-05 1 1 -18.5
2.80522e-05 1 1 -19
2.68876e-05 1 1 -19.5
2.02406e-05 1 1 -20
0.000106726 0.5 1.5 -21
0.00113792 0.5 1.5 -20.5
0.00287561 0.5 1.5 -20
0.0041936 0.5 1.5 -19.5
0.00450792 0.5 1.5 -19
0.00437647 0.5 1.5 -18.5
0.00292266 0.5 1.5 -18
0.00111764 0.5 1.5 -17.5
0.000213359 0.5 1.5 -17
3.04998e-05 0.5 1.5 -16.5
0.000128373 1 1.5 -17.5
7.04116e-05 0.5 2 -21
2.38167e-05 1 1.5 -21
0.000923564 0.5 2 -20.5
0.000147559 1 1.5 -20.5
0.00248589 0.5 2 -20
0.000332104 1 1.5 -20
0.00372319 0.5 2 -19.5
0.000469463 1 1.5 -19.5
0.00403436 0.5 2 -19
0.000501229 1 1.5 -19
0.00396399 0.5 2 -18.5
0.000482985 1 1.5 -18.5
0.00281086 0.5 2 -18
0.000317158 1 1.5 -18
0.00120813 0.5 2 -17.5
0.000294737 0.5 2 -17
2.67907e-05 1 1.5 -17
4.44605e-05 0.5 2 -16.5
0.00128353 1 2 -18
0.00153675 1 2 -19.5
3.94788e-05 0.5 2.5 -21
3.97524e-05 1 2 -21
0.000540085 0.5 2.5 -20.5
0.000404951 1 2 -20.5
0.00155301 0.5 2.5 -20
0.00101924 1 2 -20
0.00244593 0.5 2.5 -19.5
0.0027661 0.5 2.5 -19
0.00172778 1 2 -19
0.00273586 0.5 2.5 -18.5
0.00173164 1 2 -18.5
0.00194259 0.5 2.5 -18
0.000858482 0.5 2.5 -17.5
0.000562685 1 2 -17.5
0.000205067 0.5 2.5 -17
0.000130111 1 2 -17
3.06721e-05 0.5 2.5 -16.5
2.01142e-05 1 2 -16.5
0.000334713 1 2.5 -17
2.69448e-05 1.5 2 -18
3.68763e-05 1.5 2 -18.5
3.68749e-05 1.5 2 -19
0.00310253 1 2.5 -18.5
3.18674e-05 1.5 2 -19.5
2.1689e-05 1.5 2 -20
0.00172575 1 2.5 -20
0.000497654 1 2.5 -20.5
2.33619e-05 0.5 3 -21
3.56955e-05 1 2.5 -21
0.000204131 0.5 3 -20.5
0.000523505 0.5 3 -20
0.000767922 0.5 3 -19.5
0.00283669 1 2.5 -19.5
0.000832231 0.5 3 -19
0.00309186 1 2.5 -19
0.000803775 0.5 3 -18.5
0.000551 0.5 3 -18
0.00254369 1 2.5 -18
0.000239185 0.5 3 -17.5
0.00129175 1 2.5 -17.5
5.38391e-05 0.5 3 -17
4.86384e-05 1 2.5 -16.5
4.94154e-05 1.5 2.5 -17
0.000178138 1.5 2.5 -17.5
0.000345444 1.5 2.5 -18
0.000425611 1.5 2.5 -18.5
0.000423479 1.5 2.5 -19
0.000384242 1.5 2.5 -19.5
0.000240568 1.5 2.5 -20
7.61777e-05 1.5 2.5 -20.5
2.35209e-05 1 3 -21
4.32405e-05 0.5 3.5 -20.5
0.000424 1 3 -20.5
6.27067e-05 0.5 3.5 -20
0.00166489 1 3 -20
6.46228e-05 0.5 3.5 -19.5
0.00300533 1 3 -19.5
4.57814e-05 0.5 3.5 -19
0.00370868 1 3 -19
0.0037894 1 3 -18.5
0.00327346 1 3 -18
0.00183495 1 3 -17.5
0.000587539 1 3 -17
0.000102506 1 3 -16.5
4.55131e-05 1.5 3 -16.5
0.000773955 1.5 3 -17.5
0.00147843 1.5 3 -18.5
0.00142481 1.5 3 -19
0.00113785 1.5 3 -19.5
0.00063039 1.5 3 -20
0.000161768 1.5 3 -20.5
0.000256367 1 3.5 -20.5
0.00121737 1 3.5 -20
0.00240751 1 3.5 -19.5
0.00305546 1 3.5 -19
0.00314205 1 3.5 -18.5
0.00281137 1 3.5 -18
0.00134428 1.5 3 -18
0.0016577 1 3.5 -17.5
0.000570637 1 3.5 -17
0.00025592 1.5 3 -17
0.000106217 1 3.5 -16.5
2.4044e-05 2 3 -18
2.72596e-05 2 3 -18.5
0.00242591 1.5 3.5 -18
2.59734e-05 2 3 -19
2.15501e-05 2 3 -19.5
0.00198124 1.5 3.5 -19.5
0.000160939 1.5 3.5 -20.5
0.000113058 1 4 -20.5
0.000591228 1 4 -20
0.000942877 1.5 3.5 -20
0.00123291 1 4 -19.5
0.00158657 1 4 -19
0.00249815 1.5 3.5 -19
0.00162699 1 4 -18.5
0.00258388 1.5 3.5 -18.5
0.00145987 1 4 -18
0.000840982 1 4 -17.5
0.00149145 1.5 3.5 -17.5
0.000305845 1 4 -17
0.000521439 1.5 3.5 -17
5.81371e-05 1 4 -16.5
9.61533e-05 1.5 3.5 -16.5
7.66101e-05 2 3.5 -17
0.000228895 1.5 4 -16.5
0.000197121 2 3.5 -17.5
0.00109422 1.5 4 -17
0.000284666 2 3.5 -18
0.000285897 2 3.5 -18.5
0.000276431 2 3.5 -19
0.00339342 1.5 4 -18.5
0.000221416 2 3.5 -19.5
0.00311466 1.5 4 -19
0.000107987 2 3.5 -20
2.21286e-05 2 3.5 -20.5
4.65904e-05 1 4.5 -20.5
0.000113549 1.5 4 -20.5
0.000187667 1 4.5 -20
0.000874142 1.5 4 -20
0.000363257 1 4.5 -19.5
0.00207701 1.5 4 -19.5
0.000464045 1 4.5 -19
0.000473942 1 4.5 -18.5
0.000404531 1 4.5 -18
0.00334153 1.5 4 -18
0.000241503 1 4.5 -17.5
0.00242979 1.5 4 -17.5
9.02074e-05 1 4.5 -17
3.06053e-05 1.5 4 -16
9.4887e-05 2 4 -16.5
0.000417434 2 4 -17
0.000892398 2 4 -17.5
0.00114162 2 4 -18
0.00234645 1.5 4.5 -17.5
0.00112778 2 4 -18.5
0.00100664 2 4 -19
0.000685316 2 4 -19.5
0.000289378 2 4 -20
0.0017692 1.5 4.5 -19.5
3.47759e-05 2 4 -20.5
6.0534e-05 1.5 4.5 -20.5
2.96635e-05 1 5 -20
0.000620974 1.5 4.5 -20
3.56637e-05 1 5 -19.5
3.31989e-05 1 5 -19
0.00278718 1.5 4.5 -19
2.07489e-05 1 5 -18.5
0.00310888 1.5 4.5 -18.5
0.00308453 1.5 4.5 -18
0.00117913 1.5 4.5 -17
0.000358361 1.5 4.5 -16.5
5.69998e-05 1.5 4.5 -16
4.20157e-05 2 4.5 -16
0.00182793 2 4.5 -17.5
0.00213804 2 4.5 -18.5
0.00192919 2 4.5 -19
0.00114787 2 4.5 -19.5
2.44992e-05 2 4.5 -20.5
2.93394e-05 1.5 5 -20.5
0.000323013 1.5 5 -20
0.000335705 2 4.5 -20
0.00106495 1.5 5 -19.5
0.00175134 1.5 5 -19
0.00197069 1.5 5 -18.5
0.00196745 1.5 5 -18
0.00215926 2 4.5 -18
0.00160236 1.5 5 -17.5
0.000873882 1.5 5 -17
0.000952709 2 4.5 -17
0.000278901 1.5 5 -16.5
0.000274936 2 4.5 -16.5
4.66001e-05 1.5 5 -16
3.65801e-05 2.5 4.5 -16.5
0.000116142 2.5 4.5 -17
0.000181092 2.5 4.5 -17.5
0.00018929 2.5 4.5 -18
0.000182257 2.5 4.5 -18.5
0.00302728 2 5 -18
0.000156211 2.5 4.5 -19
0.000100842 2.5 4.5 -19.5
0.00213086 2 5 -19
3.68773e-05 2.5 4.5 -20
2.08335e-05 2 5 -20.5
0.000131308 1.5 5.5 -20
0.00027085 2 5 -20
0.000435461 1.5 5.5 -19.5
0.00108887 2 5 -19.5
0.000733181 1.5 5.5 -19
0.000809686 1.5 5.5 -18.5
0.00289502 2 5 -18.5
0.00075149 1.5 5.5 -18
0.000622527 1.5 5.5 -17.5
0.00284694 2 5 -17.5
0.000365021 1.5 5.5 -17
0.00182366 2 5 -17
0.000127569 1.5 5.5 -16.5
0.000651747 2 5 -16.5
2.24101e-05 1.5 5.5 -16
0.00011079 2 5 -16
4.23465e-05 2.5 5 -16
0.000251434 2.5 5 -16.5
0.000268574 2 5.5 -16
0.000639992 2.5 5 -17
0.000890423 2.5 5 -17.5
0.00199942 2 5.5 -17
0.000893982 2.5 5 -18
0.00082538 2.5 5 -18.5
0.000617716 2.5 5 -19
0.00274706 2 5.5 -18.5
0.000321611 2.5 5 -19.5
6.5242e-05 2.5 5 -20
0.000855685 2 5.5 -19.5
3.90679e-05 1.5 6 -20
0.000151365 2 5.5 -20
0.00011258 1.5 6 -19.5
0.000176256 1.5 6 -19
0.00192883 2 5.5 -19
0.000189839 1.5 6 -18.5
0.000180719 1.5 6 -18
0.00292261 2 5.5 -18
0.000135207 1.5 6 -17.5
0.00280177 2 5.5 -17.5
8.33771e-05 1.5 6 -17
3.32135e-05 1.5 6 -16.5
0.000993119 2 5.5 -16.5
3.97573e-05 2 5.5 -15.5
0.000186639 2.5 5.5 -16
0.000722446 2.5 5.5 -16.5
0.00142527 2.5 5.5 -17
0.00181377 2.5 5.5 -18
0.00170138 2.5 5.5 -18.5
0.00227318 2 6 -18
0.000424601 2.5 5.5 -19.5
0.00132041 2 6 -19
5.67303e-05 2.5 5.5 -20
6.68811e-05 2 6 -20
0.000503588 2 6 -19.5
0.00111688 2.5 5.5 -19
0.00206575 2 6 -18.5
0.00213055 2 6 -17.5
0.00180226 2.5 5.5 -17.5
0.00158263 2 6 -17
0.000838012 2 6 -16.5
0.00025717 2 6 -16
4.15783e-05 2 6 -15.5
2.38031e-05 2.5 5.5 -15.5
2.53271e-05 3 5.5 -16
8.18632e-05 3 5.5 -16.5
0.000136745 3 5.5 -17
0.00140135 2.5 6 -16.5
0.000140808 3 5.5 -17.5
0.000134176 3 5.5 -18
0.00258982 2.5 6 -17.5
0.000115678 3 5.5 -18.5
7.80393e-05 3 5.5 -19
3.20021e-05 3 5.5 -19.5
0.00111726 2.5 6 -19
3.54577e-05 2.5 6 -20
2.76281e-05 2 6.5 -20
0.000209695 2 6.5 -19.5
0.000374418 2.5 6 -19.5
0.000621867 2 6.5 -19
0.00104858 2 6.5 -18.5
0.00193738 2.5 6 -18.5
0.00117612 2 6.5 -18
0.00245755 2.5 6 -18
0.00107796 2 6.5 -17.5
0.000798839 2 6.5 -17
0.00236673 2.5 6 -17
0.000438313 2 6.5 -16.5
0.000158568 2 6.5 -16
0.000486375 2.5 6 -16
2.83148e-05 2 6.5 -15.5
7.70808e-05 2.5 6 -15.5
3.14775e-05 3 6 -15.5
0.000187277 3 6 -16
0.000492848 3 6 -16.5
0.000726253 3 6 -17
0.000739725 3 6 -17.5
0.00244209 2.5 6.5 -17
0.000346211 2 7 -17.5
0.00049789 3 6 -18.5
0.000255338 3 6 -19
0.000335471 2 7 -18.5
6.93024e-05 3 6 -19.5
2.34364e-05 2.5 6.5 -20
5.98403e-05 2 7 -19.5
0.000230254 2.5 6.5 -19.5
0.000199031 2 7 -19
0.000937111 2.5 6.5 -19
0.00181072 2.5 6.5 -18.5
0.000378797 2 7 -18
0.00241863 2.5 6.5 -18
0.000684534 3 6 -18
0.00258138 2.5 6.5 -17.5
0.000254384 2 7 -17
0.000151942 2 7 -16.5
0.00180064 2.5 6.5 -16.5
6.20391e-05 2 7 -16
0.00089101 2.5 6.5 -16
0.000252036 2.5 6.5 -15.5
3.37604e-05 2.5 6.5 -15
2.17746e-05 3 6.5 -15
0.000613194 3 6.5 -16
0.000272817 2.5 7 -15.5
0.00151199 3 6.5 -17
0.00156324 2.5 7 -16.5
0.00150835 3 6.5 -17.5
0.00134766 3 6.5 -18
0.00093524 3 6.5 -18.5
0.000404286 3 6.5 -19
7.2952e-05 3 6.5 -19.5
0.000106206 2.5 7 -19.5
2.71899e-05 2 7.5 -19
0.000580047 2.5 7 -19
5.11165e-05 2 7.5 -18.5
0.00134724 2.5 7 -18.5
5.64482e-05 2 7.5 -18
0.00199463 2.5 7 -18
4.55251e-05 2 7.5 -17.5
0.00221138 2.5 7 -17.5
2.08489e-05 2 7.5 -17
0.00213797 2.5 7 -17
0.00118377 3 6.5 -16.5
0.000822533 2.5 7 -16
0.000169284 3 6.5 -15.5
5.37778e-05 2.5 7 -15
2.66177e-05 3.5 6.5 -15.5
7.2252e-05 3.5 6.5 -16
0.000203133 2.5 7.5 -15.5
0.000475833 3 7 -15.5
0.000111952 3.5 6.5 -16.5
0.000113287 3.5 6.5 -17
0.0019114 3 7 -16.5
0.000101971 3.5 6.5 -17.5
8.38165e-05 3.5 6.5 -18
4.64944e-05 3.5 6.5 -18.5
0.00169845 3 7 -18
0.000373436 3 7 -19
3.40116e-05 2.5 7.5 -19.5
5.22537e-05 3 7 -19.5
0.000257768 2.5 7.5 -19
0.000703782 2.5 7.5 -18.5
0.000989364 3 7 -18.5
0.00111597 2.5 7.5 -18
0.00128557 2.5 7.5 -17.5
0.00206407 3 7 -17.5
0.00125142 2.5 7.5 -17
0.00209673 3 7 -17
0.000945951 2.5 7.5 -16.5
0.00051792 2.5 7.5 -16
0.00121249 3 7 -16
4.12182e-05 2.5 7.5 -15
8.96157e-05 3 7 -15
4.2553e-05 3.5 7 -15
4.99328e-05 3 7.5 -14.5
2.75361e-05 2.5 8 -15
0.000190732 3.5 7 -15.5
0.000431666 3.5 7 -16
0.000600383 3.5 7 -16.5
0.00162884 3 7.5 -16
0.000601963 3.5 7 -17
0.000533107 3.5 7 -17.5
0.00217709 3 7.5 -17
0.00036134 2.5 8 -16.5
0.00049969 2.5 8 -17.5
0.000357719 3.5 7 -18
0.000172702 3.5 7 -18.5
0.000247991 2.5 8 -18.5
5.45352e-05 3.5 7 -19
2.4156e-05 3 7.5 -19.5
7.00227e-05 2.5 8 -19
0.000243807 3 7.5 -19
0.000835841 3 7.5 -18.5
0.000423604 2.5 8 -18
0.00158517 3 7.5 -18
0.0020627 3 7.5 -17.5
0.000456604 2.5 8 -17
0.00208901 3 7.5 -16.5
0.000214543 2.5 8 -16
9.9382e-05 2.5 8 -15.5
0.000910166 3 7.5 -15.5
0.000318558 3 7.5 -15
9.68084e-05 3 8 -14.5
3.87031e-05 3.5 7.5 -14.5
0.000361365 3 8 -15
3.32012e-05 2.5 8.5 -15.5
0.00104409 3.5 7.5 -16
6.1633e-05 2.5 8.5 -16
9.10333e-05 2.5 8.5 -16.5
0.00121068 3.5 7.5 -17
0.00105892 3.5 7.5 -17.5
0.000716354 3.5 7.5 -18
0.000107497 2.5 8.5 -17.5
0.000316663 3.5 7.5 -18.5
6.79453e-05 3.5 7.5 -19
0.000110376 3 8 -19
3.09167e-05 2.5 8.5 -18.5
0.000526735 3 8 -18.5
7.91913e-05 2.5 8.5 -18
0.0011724 3 8 -18
0.00174583 3 8 -17.5
0.000111062 2.5 8.5 -17
0.00194878 3 8 -17
0.00189363 3 8 -16.5
0.00123255 3.5 7.5 -16.5
0.00152361 3 8 -16
0.000875127 3 8 -15.5
0.000616622 3.5 7.5 -15.5
0.000228147 3.5 7.5 -15
2.12913e-05 3.5 8 -14
8.48485e-05 3 8.5 -14.5
3.90469e-05 4 7.5 -15
0.000289051 3 8.5 -15
7.59889e-05 4 7.5 -15.5
0.000583425 3.5 8 -15
0.000639407 3 8.5 -15.5
9.90911e-05 4 7.5 -16
9.30682e-05 4 7.5 -16.5
7.67048e-05 4 7.5 -17
0.00174059 3.5 8 -16.5
4.68825e-05 4 7.5 -17.5
5.07676e-05 3.5 8 -19
2.60542e-05 3 8.5 -19
0.000227865 3 8.5 -18.5
0.000300132 3.5 8 -18.5
0.000637416 3 8.5 -18
0.000764365 3.5 8 -18
0.00104387 3 8.5 -17.5
0.00133735 3.5 8 -17.5
0.00122237 3 8.5 -17
0.00167686 3.5 8 -17
0.00121833 3 8.5 -16.5
0.00103349 3 8.5 -16
0.00154157 3.5 8 -16
0.00115536 3.5 8 -15.5
0.000172857 3.5 8 -14.5
8.83618e-05 4 8 -14.5
5.2843e-05 3 9 -14.5
0.000243048 4 8 -15
0.000462157 3.5 8.5 -14.5
0.000417895 4 8 -15.5
0.000146656 3 9 -15
0.000302018 3 9 -15.5
0.000501856 4 8 -16
0.00149907 3.5 8.5 -15.5
0.000469787 4 8 -16.5
0.000455177 3 9 -16
0.000377921 4 8 -17
0.000530005 3 9 -17
0.000104628 4 8 -18
3.38861e-05 4 8 -18.5
0.000200224 3.5 8.5 -18.5
0.00022219 3 9 -18
2.20244e-05 3.5 8.5 -19
5.25413e-05 3 9 -18.5
0.000624096 3.5 8.5 -18
0.000425003 3 9 -17.5
0.00120126 3.5 8.5 -17.5
0.000228077 4 8 -17.5
0.00166025 3.5 8.5 -17
0.000531201 3 9 -16.5
0.00180651 3.5 8.5 -16.5
0.00177813 3.5 8.5 -16
0.000985779 3.5 8.5 -15
0.000122679 3.5 8.5 -14
3.57684e-05 3.5 9 -13.5
0.000478072 3.5 9 -14.5
0.000346608 4 8.5 -14.5
2.53741e-05 3 9.5 -14.5
5.55299e-05 3 9.5 -15
0.00141925 3.5 9 -15.5
0.000932386 4 8.5 -15.5
9.43597e-05 3 9.5 -15.5
0.000127861 3 9.5 -16
0.000949724 4 8.5 -16.5
0.000148265 3 9.5 -16.5
0.000780383 4 8.5 -17
0.000490763 4 8.5 -17.5
0.000134645 3 9.5 -17
8.34596e-05 3 9.5 -17.5
0.00020988 4 8.5 -18
8.47072e-05 3.5 9 -18.5
2.17577e-05 3 9.5 -18
4.79171e-05 4 8.5 -18.5
0.000381179 3.5 9 -18
0.000868931 3.5 9 -17.5
0.00137376 3.5 9 -17
0.00162485 3.5 9 -16.5
0.00163428 3.5 9 -16
0.00101021 4 8.5 -16
0.000966802 3.5 9 -15
0.000676793 4 8.5 -15
0.000181191 3.5 9 -14
0.000105113 4 8.5 -14
3.52533e-05 3.5 9.5 -13.5
3.20369e-05 4.5 8.5 -14
8.49712e-05 4 9 -13.5
0.000151132 3.5 9.5 -14
8.62143e-05 4.5 8.5 -15
0.00110335 4 9 -15
0.000730682 3.5 9.5 -15
7.47754e-05 4.5 8.5 -16
4.84371e-05 4.5 8.5 -16.5
0.00129374 4 9 -16.5
0.00109383 3.5 9.5 -16
0.000454445 3.5 9.5 -17.5
0.000508928 4 9 -17.5
3.45242e-05 4 9 -18.5
0.000148971 3.5 9.5 -18
0.00019592 4 9 -18
0.000834976 3.5 9.5 -17
0.00094355 4 9 -17
0.0010754 3.5 9.5 -16.5
0.00142648 4 9 -16
0.000987701 3.5 9.5 -15.5
0.00134514 4 9 -15.5
9.02759e-05 4.5 8.5 -15.5
0.000389913 3.5 9.5 -14.5
0.000722095 4 9 -14.5
6.13586e-05 4.5 8.5 -14.5
0.000319954 4 9 -14
7.36441e-05 4 9.5 -13
0.000262441 4 9.5 -13.5
5.98887e-05 4.5 9 -13.5
2.90745e-05 3.5 10 -13.5
0.000608181 4 9.5 -14
8.8618e-05 3.5 10 -14
0.00020556 3.5 10 -14.5
0.000406425 4.5 9 -15
0.000362626 3.5 10 -15
0.000417854 4.5 9 -15.5
0.0013316 4 9.5 -15
0.000463553 3.5 10 -15.5
0.000506792 3.5 10 -16
0.000240279 4.5 9 -16.5
0.00143982 4 9.5 -16
0.000121961 4 9.5 -18
0.000137846 3.5 10 -17.5
0.00040483 4 9.5 -17.5
0.000329078 3.5 10 -17
5.72149e-05 4.5 9 -17.5
0.000805881 4 9.5 -17
0.000477554 3.5 10 -16.5
0.000131024 4.5 9 -17
0.00121791 4 9.5 -16.5
0.000354422 4.5 9 -16
0.00146551 4 9.5 -15.5
0.00101898 4 9.5 -14.5
0.000310054 4.5 9 -14.5
0.000170017 4.5 9 -14
0.00010898 4 10 -13
0.000286262 4 10 -13.5
4.0418e-05 3.5 10.5 -14
0.000988742 4 10 -14.5
0.000703634 4.5 9.5 -14.5
7.36322e-05 3.5 10.5 -14.5
0.00124203 4 10 -15
0.000117545 3.5 10.5 -15
0.000141147 3.5 10.5 -15.5
0.000715374 4.5 9.5 -16
0.000145164 3.5 10.5 -16
0.000111208 3.5 10.5 -16.5
4.99096e-05 3.5 10.5 -17
3.96652e-05 4 10 -18
2.07048e-05 4.5 9.5 -18
0.000219727 4 10 -17.5
0.00011421 4.5 9.5 -17.5
0.000547412 4 10 -17
0.000291856 4.5 9.5 -17
0.00093311 4 10 -16.5
0.000526327 4.5 9.5 -16.5
0.00124566 4 10 -16
0.00133608 4 10 -15.5
0.000813342 4.5 9.5 -15.5
0.000817666 4.5 9.5 -15
0.00059467 4 10 -14
0.000470439 4.5 9.5 -14
0.000229223 4.5 9.5 -13.5
7.40806e-05 4.5 9.5 -13
2.05047e-05 4 10.5 -12.5
0.000228737 4.5 10 -13
3.53745e-05 5 9.5 -13
9.31236e-05 4 10.5 -13
0.000240847 4 10.5 -13.5
0.000466296 4 10.5 -14
9.24502e-05 5 9.5 -14.5
0.000716574 4 10.5 -14.5
0.000852467 4 10.5 -15
5.34577e-05 5 9.5 -15.5
0.000909858 4 10.5 -15.5
6.16885e-05 4 10.5 -17.5
0.0001028 4.5 10 -17.5
0.000249251 4 10.5 -17
0.000292534 4.5 10 -17
0.000527399 4 10.5 -16.5
0.000574618 4.5 10 -16.5
0.000799481 4 10.5 -16
0.000894957 4.5 10 -16
0.00109436 4.5 10 -15.5
0.00112909 4.5 10 -15
8.17064e-05 5 9.5 -15
0.00100243 4.5 10 -14.5
0.000817963 4.5 10 -14
8.65559e-05 5 9.5 -14
0.000492992 4.5 10 -13.5
6.6177e-05 5 9.5 -13.5
7.46658e-05 4.5 10 -12.5
5.93407e-05 4.5 10.5 -12
0.00019606 4.5 10.5 -12.5
0.000417499 4.5 10.5 -13
5.72636e-05 4 11 -13
0.000694803 4.5 10.5 -13.5
0.000139079 4 11 -13.5
0.000240716 4 11 -14
0.000375734 5 10 -14.5
0.00034658 4 11 -14.5
0.000329657 5 10 -15
0.000401818 4 11 -15
0.000413766 4 11 -15.5
0.000326846 4 11 -16
7.01519e-05 5 10 -16.5
0.000173898 4 11 -16.5
5.16218e-05 4.5 10.5 -17.5
4.17248e-05 4 11 -17
0.000210823 4.5 10.5 -17
0.000473149 4.5 10.5 -16.5
0.000777497 4.5 10.5 -16
0.000136164 5 10 -16
0.00103922 4.5 10.5 -15.5
0.000232768 5 10 -15.5
0.00114441 4.5 10.5 -15
0.00109085 4.5 10.5 -14.5
0.000944415 4.5 10.5 -14
0.000347463 5 10 -14
0.00026532 5 10 -13.5
2.33244e-05 5 10.5 -11.5
7.29174e-05 4.5 11 -12
0.0001992 4.5 11 -12.5
2.29427e-05 5.5 10 -13
0.000400842 4.5 11 -13
2.74928e-05 4 11.5 -13
0.000660395 4.5 11 -13.5
5.32108e-05 4 11.5 -13.5
0.000881034 4.5 11 -14
8.19156e-05 4 11.5 -14
0.000989689 4.5 11 -14.5
0.000104623 4 11.5 -14.5
0.00098963 4.5 11 -15
0.000114755 4 11.5 -15
9.27563e-05 4 11.5 -15.5
4.96835e-05 4 11.5 -16
8.74001e-05 4.5 11 -17
4.92027e-05 5 10.5 -17
0.0002802 4.5 11 -16.5
0.000147388 5 10.5 -16.5
0.0005431 4.5 11 -16
0.000302606 5 10.5 -16
0.000808729 4.5 11 -15.5
0.000481117 5 10.5 -15.5
0.000619421 5 10.5 -15
0.000678235 5 10.5 -14.5
0.000650182 5 10.5 -14
0.00054747 5 10.5 -13.5
0.000365196 5 10.5 -13
2.67948e-05 5 11 -11
4.83218e-05 5.5 10.5 -12
6.3551e-05 4.5 11.5 -12
8.85432e-05 5.5 10.5 -12.5
0.000157669 4.5 11.5 -12.5
0.000112047 5.5 10.5 -13
0.000300559 4.5 11.5 -13
0.000475266 4.5 11.5 -13.5
0.000593289 4.5 11.5 -14
0.000650664 4.5 11.5 -14.5
0.000612873 4.5 11.5 -15
0.000454363 4.5 11.5 -15.5
0.000255651 4.5 11.5 -16
3.75365e-05 5 11 -17
8.94409e-05 4.5 11.5 -16.5
0.000137705 5 11 -16.5
0.00030529 5 11 -16
0.000518619 5 11 -15.5
0.000729096 5 11 -15
2.65511e-05 5.5 10.5 -15
0.000850369 5 11 -14.5
6.62514e-05 5.5 10.5 -14.5
0.000836397 5 11 -14
9.29943e-05 5.5 10.5 -14
0.000756689 5 11 -13.5
0.000107616 5.5 10.5 -13.5
0.000602658 5 11 -13
0.000385718 5 11 -12.5
0.000210248 5 11 -12
5.80695e-05 5 11.5 -11
3.2598e-05 5.5 11 -11
0.000151525 5 11.5 -11.5
0.000309786 5 11.5 -12
3.77374e-05 4.5 12 -12
0.000482218 5 11.5 -12.5
8.59869e-05 4.5 12 -12.5
0.000148687 4.5 12 -13
0.000325044 5.5 11 -13.5
0.000225705 4.5 12 -13.5
0.000293785 5.5 11 -14
0.000262985 4.5 12 -14
0.000219506 5.5 11 -14.5
0.000278457 4.5 12 -14.5
0.000129296 5.5 11 -15
0.000231742 4.5 12 -15
7.15125e-05 5.5 11 -15.5
0.000138189 4.5 12 -15.5
4.18647e-05 4.5 12 -16
7.81079e-05 5 11.5 -16.5
0.000224879 5 11.5 -16
2.20658e-05 5.5 11 -16
0.000421651 5 11.5 -15.5
0.00062565 5 11.5 -15
0.0007949 5 11.5 -14.5
0.00083328 5 11.5 -14
0.00076579 5 11.5 -13.5
0.000640898 5 11.5 -13
4.30553e-05 5.5 11.5 -10.5
0.000112443 5.5 11.5 -11
5.70687e-05 5 12 -11
0.000204112 5.5 11.5 -11.5
0.000141333 5 12 -11.5
0.000275319 5 12 -12
0.000429374 5 12 -12.5
2.52353e-05 4.5 12.5 -12.5
0.000587175 5 12 -13
4.5544e-05 4.5 12.5 -13
0.000668142 5 12 -13.5
5.83471e-05 4.5 12.5 -13.5
0.000691028 5 12 -14
6.11534e-05 4.5 12.5 -14
0.000590678 5 12 -14.5
4.79785e-05 4.5 12.5 -14.5
0.000425506 5 12 -15
2.08952e-05 4.5 12.5 -15
5.92653e-05 5.5 11.5 -16
9.78984e-05 5 12 -16
0.000245731 5 12 -15.5
0.000145973 5.5 11.5 -15.5
0.00026516 5.5 11.5 -15
0.000395807 5.5 11.5 -14.5
0.000500962 5.5 11.5 -14
0.000542887 5.5 11.5 -13.5
0.00051711 5.5 11.5 -13
3.89731e-05 5.5 12 -10
7.39138e-05 6 11.5 -11
0.000113604 5.5 12 -10.5
4.12111e-05 5 12.5 -11
0.000105847 6 11.5 -11.5
9.9685e-05 5 12.5 -11.5
0.000126439 6 11.5 -12
0.000181896 5 12.5 -12
0.000535576 5.5 12 -12.5
0.000133005 6 11.5 -12.5
0.000274618 5 12.5 -12.5
0.000570164 5.5 12 -13
0.000362171 5 12.5 -13
0.000394827 5 12.5 -13.5
0.000375714 5 12.5 -14
0.000296197 5 12.5 -14.5
0.000180145 5 12.5 -15
6.79887e-05 5 12.5 -15.5
4.77855e-05 5.5 12 -16
0.000133825 5.5 12 -15.5
0.000258433 5.5 12 -15
0.000398632 5.5 12 -14.5
0.0005231 5.5 12 -14
3.60906e-05 6 11.5 -14
2.0331e-05 6 12 -9.5
0.000587578 5.5 12 -13.5
6.20206e-05 6 12 -10
5.31516e-05 5.5 12.5 -10
7.31316e-05 6 11.5 -13.5
0.000103747 6 11.5 -13
0.000435566 5.5 12 -12
0.000318488 5.5 12 -11.5
0.000114976 5.5 12.5 -10.5
0.000109625 6 12 -10.5
0.000208584 5.5 12.5 -11
0.000326923 5.5 12.5 -11.5
4.57542e-05 5 13 -11.5
0.000429239 5.5 12.5 -12
7.64243e-05 5 13 -12
0.000510305 5.5 12.5 -12.5
0.000114583 5 13 -12.5
0.000136853 5 13 -13
0.000185832 6 12 -13.5
0.000140488 5 13 -13.5
0.000119143 6 12 -14
0.000108165 5 13 -14
6.63079e-05 6 12 -14.5
5.95512e-05 5 13 -14.5
7.16888e-05 5.5 12.5 -15.5
0.000174835 5.5 12.5 -15
2.20868e-05 6 12 -15
0.000309245 5.5 12.5 -14.5
0.000444422 5.5 12.5 -14
6.75306e-05 6 12.5 -9.5
0.000532945 5.5 12.5 -13.5
0.000543114 5.5 12.5 -13
0.000128826 6 12.5 -10
3.34127e-05 6.5 12 -10
4.16469e-05 5.5 13 -10
0.000200424 6 12.5 -10.5
4.38719e-05 6.5 12 -10.5
9.81965e-05 5.5 13 -10.5
0.000273295 6 12.5 -11
0.000170392 5.5 13 -11
0.000262217 5.5 13 -11.5
0.000346446 5.5 13 -12
0.000392324 5.5 13 -12.5
0.000407975 5.5 13 -13
0.00035652 5.5 13 -13.5
0.00026492 5.5 13 -14
5.12346e-05 6 12.5 -15
6.20107e-05 5.5 13 -15
0.000153962 5.5 13 -14.5
0.000116331 6 12.5 -14.5
0.000199228 6 12.5 -14
2.80462e-05 6 13 -9
2.44609e-05 6.5 12.5 -9
5.75281e-05 6.5 12.5 -9.5
8.72386e-05 6 13 -9.5
0.000284325 6 12.5 -13.5
0.000353575 6 12.5 -13
0.000160987 6 13 -10
9.59679e-05 6.5 12.5 -10
2.33142e-05 5.5 13.5 -10
5.01278e-05 5.5 13.5 -10.5
0.00013205 6.5 12.5 -11
0.00022386 6 13 -10.5
9.47213e-05 5.5 13.5 -11
0.000124936 6.5 12.5 -11.5
0.000137979 5.5 13.5 -11.5
9.85473e-05 6.5 12.5 -12
0.00017639 5.5 13.5 -12
7.41662e-05 6.5 12.5 -12.5
0.000193362 5.5 13.5 -12.5
0.000176391 5.5 13.5 -13
0.00013165 5.5 13.5 -13.5
7.07712e-05 5.5 13.5 -14
2.04826e-05 5.5 13.5 -14.5
2.70432e-05 6 13 -15
9.16822e-05 6 13 -14.5
0.000177544 6 13 -14
7.08413e-05 6.5 13 -9
0.00026523 6 13 -13.5
2.93063e-05 6 13.5 -9
0.000337157 6 13 -13
4.18854e-05 6.5 12.5 -13
7.92269e-05 6 13.5 -9.5
0.000118722 6.5 13 -9.5
0.000372652 6 13 -12.5
0.000370366 6 13 -12
0.000136834 6 13.5 -10
0.000154265 6.5 13 -10
0.000206195 6 13.5 -10.5
0.000262276 6 13.5 -11
2.21889e-05 5.5 14 -11
0.000302886 6 13.5 -11.5
3.35817e-05 5.5 14 -11.5
0.000317097 6 13.5 -12
4.12176e-05 5.5 14 -12
3.52875e-05 5.5 14 -12.5
0.000104611 6.5 13 -13
5.61621e-05 6.5 13 -13.5
2.7371e-05 6 13.5 -14.5
9.18817e-05 6 13.5 -14
4.61006e-05 6.5 13.5 -8.5
0.000171927 6 13.5 -13.5
4.23869e-05 7 13 -9
0.000242268 6 13.5 -13
0.000103403 6.5 13.5 -9
0.000288663 6 13.5 -12.5
5.46368e-05 7 13 -9.5
4.84518e-05 6 14 -9.5
5.90136e-05 7 13 -10
0.000149161 6.5 13.5 -9.5
0.000185677 6.5 13.5 -10
8.75516e-05 6 14 -10
0.000207069 6.5 13.5 -10.5
5.11007e-05 7 13 -10.5
0.000125913 6 14 -10.5
0.000155658 6 14 -11
0.000173404 6 14 -11.5
0.00017677 6 14 -12
0.000145087 6 14 -12.5
9.90248e-05 6 14 -13
4.59676e-05 6 14 -13.5
5.26172e-05 7 13.5 -8.5
4.40078e-05 6.5 14 -8.5
6.36782e-05 6.5 13.5 -13.5
9.56777e-05 6.5 14 -9
8.98979e-05 7 13.5 -9
0.000112847 6.5 13.5 -13
0.000162915 6.5 13.5 -12.5
0.000137881 6.5 14 -9.5
0.000109097 7 13.5 -9.5
2.25657e-05 6 14.5 -10
0.000101092 7 13.5 -10.5
3.34197e-05 6 14.5 -10.5
7.93271e-05 7 13.5 -11
4.31448e-05 6 14.5 -11
0.000197284 6.5 14 -11.5
5.7012e-05 7 13.5 -11.5
4.2597e-05 6 14.5 -11.5
3.62929e-05 6 14.5 -12
2.09882e-05 7 14 -8
3.54195e-05 6.5 14 -13.5
7.38859e-05 7 14 -8.5
7.66772e-05 6.5 14 -13
0.000105067 7 14 -9
5.80575e-05 6.5 14.5 -9
0.00012326 6.5 14 -12.5
0.000164139 6.5 14 -12
3.42338e-05 7 13.5 -12
0.000208008 6.5 14 -11
0.000193686 6.5 14 -10.5
8.63098e-05 6.5 14.5 -9.5
0.000123376 7 14 -9.5
0.000109675 6.5 14.5 -10
0.000124041 6.5 14.5 -10.5
0.000127321 6.5 14.5 -11
0.000105935 6.5 14.5 -11.5
2.89035e-05 7 14 -12.5
4.18013e-05 7.5 14 -8.5
4.38444e-05 6.5 14.5 -12.5
6.45829e-05 7 14.5 -8.5
7.55237e-05 6.5 14.5 -12
9.43007e-05 7 14.5 -9
5.0603e-05 7.5 14 -9
0.000107865 7 14.5 -9.5
2.04189e-05 6.5 15 -9.5
0.000110103 7 14.5 -10
2.11732e-05 7.5 14 -10
2.45656e-05 6.5 15 -10
0.000106555 7 14.5 -10.5
2.73537e-05 6.5 15 -10.5
2.31935e-05 6.5 15 -11
2.32413e-05 7 15 -8.5
4.43645e-05 7.5 14.5 -8.5
5.33874e-05 7.5 14.5 -9
5.27362e-05 7.5 14.5 -9.5
4.3162e-05 7 15 -9
4.29034e-05 7.5 14.5 -10
5.27352e-05 7 15 -9.5
2.3015e-05 7.5 14.5 -10.5
3.77237e-05 7 15 -11
2.33934e-05 7.5 15 -8.5
3.38401e-05 7.5 15 -9
2.98556e-05 7.5 15 -10
3.53389e-05 7.5 15 -9.5
5.00618e-05 7 15 -10.5
5.47425e-05 7 15 -10
4.10402e-05 7 14.5 -12
6.85404e-05 7 14.5 -11.5
9.4085e-05 7 14.5 -11
4.21186e-05 7.5 14 -9.5
5.64888e-05 7 14 -12
8.74439e-05 7 14 -11.5
0.000111449 7 14 -11
0.000125503 7 14 -10.5
0.000130756 7 14 -10
0.000169734 6.5 14 -10
0.000114194 7 13.5 -10
0.000209116 6.5 13.5 -12
0.000237253 6.5 13.5 -11.5
0.000230172 6.5 13.5 -11
3.50309e-05 7 13 -11
0.000157723 6.5 13 -12.5
0.000197775 6.5 13 -12
0.000219497 6.5 13 -11.5
0.000216191 6.5 13 -11
0.000196219 6.5 13 -10.5
0.000348559 6 13 -11.5
0.000291124 6 13 -11
0.000118855 6.5 12.5 -10.5
0.000392031 6 12.5 -12.5
0.000374349 6 12.5 -12
2.53644e-05 6.5 12 -12
0.000325974 6 12.5 -11.5
3.842e-05 6.5 12 -11.5
4.77514e-05 6.5 12 -11
0.000243157 6 12 -13
0.000278069 6 12 -12.5
0.000263717 6 12 -12
0.000229273 6 12 -11.5
0.000173776 6 12 -11
0.000207768 5.5 12 -11
3.80683e-05 6 11.5 -10.5
0.000428403 5.5 11.5 -12.5
2.91774e-05 6 11 -12.5
0.000304083 5.5 11.5 -12
3.18422e-05 6 11 -12
2.72149e-05 6 11 -11.5
0.000304675 5.5 11 -13
0.000248022 5.5 11 -12.5
0.000168156 5.5 11 -12
8.88052e-05 5.5 11 -11.5
9.62372e-05 5 11 -11.5
0.000193831 5 10.5 -12.5
8.72659e-05 5 10.5 -12
0.000156369 5 10 -13
6.78354e-05 5 10 -12.5
