0.14556
3.05414e-05 -7.5 0.5 5.5
3.97941e-05 -7.5 0.5 5
2.35322e-05 -8 1 5.5
2.36296e-05 -7.5 0.5 4.5
4.20968e-05 -8 1 5
3.74305e-05 -8 1 4.5
2.147e-05 -8.5 1.5 4.5
2.13827e-05 -7 0.5 6
6.33896e-05 -7 0.5 5.5
9.70963e-05 -7.5 1 6
7.43978e-05 -7 0.5 5
0.000272485 -7.5 1 5.5
2.13829e-05 -8 1.5 6
6.02761e-05 -7 0.5 4.5
0.000289784 -7.5 1 5
0.000296826 -8 1.5 5.5
0.000174922 -7.5 1 4.5
0.000343858 -8 1.5 5
6.93326e-05 -8.5 2 5.5
0.00025648 -8 1.5 4.5
0.000145361 -8.5 2 5
0.000152242 -8.5 2 4.5
2.58672e-05 -9 2.5 5
3.52999e-05 -8.5 2 4
3.57935e-05 -9 2.5 4.5
2.7434e-05 -9 2.5 4
4.99506e-05 -6.5 0.5 5.5
0.000193004 -7 1 6
2.05459e-05 -7.5 1.5 6.5
6.61547e-05 -6.5 0.5 5
0.000439477 -7 1 5.5
0.000991798 -7.5 1.5 6
5.89663e-05 -6.5 0.5 4.5
0.000478705 -7 1 5
0.00170929 -7.5 1.5 5.5
0.00138577 -8 2 6
2.50156e-05 -6.5 0.5 4
0.000374566 -7 1 4.5
0.00171151 -7.5 1.5 5
0.00210627 -8 2 5.5
0.000271236 -8.5 2.5 6
7.92133e-05 -7 1 4
0.00099376 -7.5 1.5 4.5
0.00215126 -8 2 5
9.4556e-05 -7.5 1.5 4
0.0012447 -8 2 4.5
0.000807892 -8.5 2.5 5
8.05823e-05 -9 3 5.5
0.000101113 -8 2 4
0.00071937 -8.5 2.5 4.5
0.000187737 -8.5 2.5 4
0.000127323 -9 3 4.5
0.000102277 -9 3 4
0.000122572 -9 3 5
0.000723882 -8.5 2.5 5.5
0.000133339 -6.5 1 6
0.000213726 -7 1.5 6.5
0.000336639 -6.5 1 5.5
0.0012653 -7 1.5 6
0.00138274 -7.5 2 6.5
0.000406859 -6.5 1 5
0.00218083 -7 1.5 5.5
2.47877e-05 -8.5 3 6.5
0.00465324 -7.5 2 6
0.00157086 -8 2.5 6.5
0.000341499 -6.5 1 4.5
0.002235 -7 1.5 5
0.00597214 -7.5 2 5.5
0.00015497 -6.5 1 4
0.00162565 -7 1.5 4.5
0.00586341 -7.5 2 5
0.00620115 -8 2.5 5.5
0.000427068 -7 1.5 4
0.00365901 -7.5 2 4.5
0.00610378 -8 2.5 5
0.00172083 -8.5 3 5.5
0.000726988 -7.5 2 4
0.00410517 -8 2.5 4.5
0.0010074 -8 2.5 4
0.00173217 -8.5 3 4.5
0.000870011 -8.5 3 4
8.32433e-05 -8.5 3 3.5
0.000194332 -9 3.5 4
0.000105075 -9 3.5 3.5
0.000208865 -9 3.5 4.5
0.000192674 -9 3.5 5
0.00183874 -8.5 3 5
7.28843e-05 -9 3.5 5.5
0.000661012 -8.5 3 6
0.00510882 -8 2.5 6
0.000153996 -6.5 1.5 6.5
0.000109461 -7 2 7
3.77837e-05 -6 1 5.5
0.000708377 -6.5 1.5 6
6.90472e-05 -8 3 7
0.00161157 -7 2 6.5
0.000551497 -7.5 2.5 7
0.000109276 -6 1 5
0.00146271 -6.5 1.5 5.5
0.00467154 -7 2 6
0.000151819 -6 1 4.5
0.0016361 -6.5 1.5 5
0.00627514 -7 2 5.5
0.00959197 -7.5 2.5 6
2.30357e-05 -8.5 3.5 6.5
0.0016542 -8 3 6.5
0.000111211 -6 1 4
0.00136019 -6.5 1.5 4.5
0.00619111 -7 2 5
0.0116427 -7.5 2.5 5.5
0.0086504 -8 3 5.5
3.6067e-05 -6 1 3.5
0.000661332 -6.5 1.5 4
0.00467313 -7 2 4.5
0.0113303 -7.5 2.5 5
0.000561378 -8.5 3.5 6
9.74162e-05 -6.5 1.5 3.5
0.00178689 -7 2 4
0.00832319 -7.5 2.5 4.5
0.00200877 -8.5 3.5 5
0.000112681 -7 2 3.5
0.0032079 -7.5 2.5 4
0.00745686 -8 3 4.5
0.000230536 -7.5 2.5 3.5
0.00358847 -8 3 4
0.00214081 -8.5 3.5 4.5
0.000500263 -8 3 3.5
0.00178775 -8.5 3.5 4
0.000577068 -8.5 3.5 3.5
2.36816e-05 -8.5 3.5 3
5.8334e-05 -9 4 3
0.000178106 -9 4 3.5
0.000203187 -9 4 4
0.000202754 -9 4 4.5
0.000168092 -9 4 5
4.78031e-05 -9 4 5.5
0.00868109 -8 3 5
0.00166176 -8.5 3.5 5.5
0.0061011 -8 3 6
0.00430075 -7.5 2.5 6.5
9.90923e-05 -6.5 2 7
2.83728e-05 -7 2.5 7.5
4.46981e-05 -7.5 3 7.5
0.000610378 -6.5 2 6.5
0.000770569 -7.5 3 7
0.000640887 -7 2.5 7
0.00010995 -6 1.5 5.5
0.00207258 -6.5 2 6
6.02417e-05 -8 3.5 7
0.000339123 -6 1.5 5
0.00367008 -6.5 2 5.5
0.00904424 -7 2.5 6
0.0108074 -7.5 3 6
0.000505724 -6 1.5 4.5
3.26045e-05 -8.5 4 6.5
0.00396158 -6.5 2 5
0.00546849 -8 3.5 6
0.000403391 -6 1.5 4
0.0034105 -6.5 2 4.5
0.0111388 -7 2.5 5
0.000310935 -8.5 4 6
0.000162803 -6 1.5 3.5
0.00182476 -6.5 2 4
0.00854051 -7 2.5 4.5
0.0139543 -7.5 3 5
0.00855555 -8 3.5 5
0.000442134 -6.5 2 3.5
0.00430914 -7 2.5 4
0.000869825 -7 2.5 3.5
0.00637705 -7.5 3 4
0.000108721 -9 4.5 5
0.00777323 -8 3.5 4.5
0.0019371 -8.5 4 5
0.00163112 -7.5 3 3.5
0.00500368 -8 3.5 4
0.000170053 -9 4.5 4.5
5.43034e-05 -7.5 3 3
0.00184189 -8 3.5 3.5
0.000158289 -8 3.5 3
0.000241171 -8.5 4 3
8.79485e-05 -9 4.5 3
0.000156384 -9 4.5 3.5
0.000966436 -8.5 4 3.5
0.000173867 -9 4.5 4
0.00173193 -8.5 4 4
0.00199962 -8.5 4 4.5
0.0116183 -7.5 3 4.5
0.00141213 -8.5 4 5.5
0.00836445 -8 3.5 5.5
0.0140235 -7.5 3 5.5
0.0113473 -7 2.5 5.5
0.00143031 -8 3.5 6.5
0.00470013 -7.5 3 6.5
0.00410391 -7 2.5 6.5
2.93574e-05 -6.5 2.5 7.5
4.66733e-05 -7.5 3.5 7.5
0.000305226 -6.5 2.5 7
0.000116478 -7 3 7.5
0.00159726 -6.5 2.5 6.5
0.000261957 -6 2 5.5
5.82438e-05 -8 4 7
0.0041474 -6.5 2.5 6
0.00433024 -7.5 3.5 6.5
0.00487758 -7 3 6.5
0.000716948 -6 2 5
0.00639904 -6.5 2.5 5.5
0.000758512 -8 4 6.5
7.34513e-05 -5.5 1.5 4
0.00107524 -6 2 4.5
0.00667592 -6.5 2.5 5
0.013525 -7 3 5.5
0.00371478 -8 4 6
0.010066 -7.5 3.5 6
6.4293e-05 -5.5 1.5 3.5
0.000943103 -6 2 4
4.42077e-05 -8.5 4.5 6
0.00583155 -6.5 2.5 4.5
0.0134652 -7 3 5
2.36171e-05 -5.5 1.5 3
0.000432444 -6 2 3.5
0.00344443 -6.5 2.5 4
0.0111929 -7 3 4.5
0.000545913 -8.5 4.5 5.5
0.0134911 -7.5 3.5 5
0.00661058 -8 4 5.5
7.55702e-05 -6 2 3
0.00122325 -6.5 2.5 3.5
0.00642803 -7 3 4
0.00123843 -8.5 4.5 5
0.0066134 -8 4 4.5
0.011459 -7.5 3.5 4.5
0.00010744 -6.5 2.5 3
0.00233907 -7 3 3.5
0.00129523 -8.5 4.5 4.5
0.000239956 -7 3 3
6.39505e-05 -9 5 4.5
0.00307259 -7.5 3.5 3.5
0.00123023 -8.5 4.5 4
0.000555395 -7.5 3.5 3
8.31077e-05 -9 5 4
2.14457e-05 -7.5 3.5 2.5
0.00071128 -8 4 3
5.37595e-05 -8 4 2.5
0.000371712 -8.5 4.5 3
2.65414e-05 -9 5 2.5
8.60633e-05 -8.5 4.5 2.5
6.40208e-05 -9 5 3
8.13261e-05 -9 5 3.5
0.000819212 -8.5 4.5 3.5
0.00231194 -8 4 3.5
0.0045587 -8 4 4
0.00712994 -7.5 3.5 4
0.00698204 -8 4 5
0.0134513 -7.5 3.5 5.5
0.0104476 -7 3 6
0.000714626 -7.5 3.5 7
4.34281e-05 -7.5 4 7.5
0.000647808 -6.5 3 7
0.000121189 -7 3.5 7.5
5.5584e-05 -6 2.5 6
0.000495841 -7.5 4 7
0.00264809 -6.5 3 6.5
0.00068526 -6 2.5 5.5
0.00302511 -7.5 4 6.5
0.00580054 -6.5 3 6
0.00454733 -7 3.5 6.5
0.0013234 -6 2.5 5
4.15209e-05 -8 4.5 6.5
0.00817108 -6.5 3 5.5
0.000123973 -5.5 2 4
0.00173622 -6 2.5 4.5
0.000860053 -8 4.5 6
0.00988996 -7.5 4 5.5
0.00833277 -6.5 3 5
0.0129796 -7 3.5 5.5
0.000142624 -5.5 2 3.5
0.00146306 -6 2.5 4
0.0071271 -6.5 3 4.5
0.00254235 -8 4.5 5.5
6.51675e-05 -5.5 2 3
0.000786971 -6 2.5 3.5
0.00454293 -6.5 3 4
0.0109654 -7 3.5 4.5
0.000211004 -6 2.5 3
0.00196004 -6.5 3 3.5
6.61959e-05 -8.5 5 5
0.000417747 -6.5 3 3
0.000253363 -8.5 5 4.5
0.00301423 -7 3.5 3.5
0.00584984 -7.5 4 4
0.00326469 -8 4.5 4.5
2.07979e-05 -6.5 3 2.5
0.000798535 -7 3.5 3
0.000373405 -8.5 5 4
6.45311e-05 -7 3.5 2.5
0.00105702 -7.5 4 3
0.000171517 -7.5 4 2.5
0.000742594 -8 4.5 3
0.000345776 -8.5 5 3.5
0.000218472 -8 4.5 2.5
2.05648e-05 -8 4.5 2
2.12467e-05 -8.5 5 2
9.70027e-05 -8.5 5 2.5
0.000224362 -8.5 5 3
0.00164647 -8 4.5 3.5
0.00292484 -7.5 4 3.5
0.00267029 -8 4.5 4
0.00675423 -7 3.5 4
0.0086984 -7.5 4 4.5
0.00330853 -8 4.5 5
0.0100383 -7.5 4 5
0.0129887 -7 3.5 5
0.000114935 -6.5 3.5 7.5
0.000107503 -7 4 7.5
0.00710972 -7.5 4 6
5.75902e-05 -6 3 6.5
0.000806442 -7 4 7
0.00087288 -6.5 3.5 7
0.000107787 -7.5 4.5 7
0.000532349 -6 3 6
0.00142687 -6 3 5.5
0.000760104 -7.5 4.5 6.5
0.00720772 -7 4 6
0.0060122 -6.5 3.5 6
0.00214731 -6 3 5
0.00246529 -7.5 4.5 6
0.000166346 -5.5 2.5 4
0.00218584 -6 3 4.5
0.00404064 -7.5 4.5 5.5
0.00818365 -6.5 3.5 5
0.00949208 -7 4 5.5
0.000198725 -5.5 2.5 3.5
0.0017794 -6 3 4
0.0042645 -7.5 4.5 5
0.00696169 -6.5 3.5 4.5
0.00011218 -5.5 2.5 3
0.000999354 -6 3 3.5
0.000236103 -8 5 5
0.00443652 -6.5 3.5 4
0.00527563 -7 4 4
2.5219e-05 -5.5 2.5 2.5
0.000344427 -6 3 3
0.000467745 -8 5 4.5
0.00212092 -6.5 3.5 3.5
0.00390779 -7.5 4.5 4.5
4.08612e-05 -6 3 2.5
0.000686897 -6.5 3.5 3
0.00266197 -7 4 3.5
0.00178702 -7.5 4.5 3.5
9.68107e-05 -6.5 3.5 2.5
0.000222363 -7 4 2.5
0.000830223 -7.5 4.5 3
0.000518287 -8 5 3.5
2.49482e-05 -8.5 5.5 3
0.000280115 -7.5 4.5 2.5
4.4612e-05 -7.5 4.5 2
4.44336e-05 -8 5 2
2.38107e-05 -8.5 5.5 2.5
0.000155201 -8 5 2.5
0.00034097 -8 5 3
0.000994053 -7 4 3
0.000593172 -8 5 4
0.00292058 -7.5 4.5 4
0.00804383 -7 4 4.5
0.00949554 -7 4 5
0.00806038 -6.5 3.5 5.5
4.93394e-05 -7 4.5 7.5
0.000758332 -6.5 4 7
9.92829e-05 -6 3.5 7
0.000407583 -7 4.5 7
0.00111278 -6 3.5 6
0.00150959 -7 4.5 6.5
0.00211686 -6 3.5 5.5
0.00293425 -7 4.5 6
0.00503112 -6.5 4 6
7.26979e-05 -5.5 3 4.5
0.0025016 -6 3.5 5
0.000210465 -5.5 3 4
0.000176914 -7.5 5 5.5
0.00232674 -6 3.5 4.5
0.00606654 -6.5 4 5
0.000214116 -5.5 3 3.5
0.00171383 -6 3.5 4
0.000456447 -7.5 5 5
0.00493129 -6.5 4 4.5
0.00402718 -7 4.5 5
0.000136341 -5.5 3 3
0.000938588 -6 3.5 3.5
0.000604696 -7.5 5 4.5
0.00315636 -6.5 4 4
4.20169e-05 -5.5 3 2.5
0.000366699 -6 3.5 3
0.000594595 -7.5 5 4
0.00162616 -6.5 4 3.5
8.74395e-05 -6 3.5 2.5
0.000641637 -6.5 4 3
0.000501319 -7.5 5 3.5
0.00142788 -7 4.5 3.5
0.000177573 -6.5 4 2.5
0.000313994 -7.5 5 3
2.4374e-05 -6.5 4 2
3.39859e-05 -8 5.5 3
4.85642e-05 -7 4.5 2
4.67775e-05 -7.5 5 2
2.5585e-05 -8 5.5 2.5
0.000148124 -7.5 5 2.5
0.000233955 -7 4.5 2.5
0.000669567 -7 4.5 3
0.00245506 -7 4.5 4
0.00348995 -7 4.5 4.5
0.00396293 -7 4.5 5.5
0.00612316 -6.5 4 5.5
0.00267745 -6.5 4 6.5
7.14104e-05 -6.5 4.5 7.5
0.000436397 -6.5 4.5 7
0.000251819 -6 4 7
0.00163657 -6 4 6
6.01381e-05 -5.5 3.5 5
0.000146903 -7 5 6
0.00283427 -6.5 4.5 5.5
0.000187444 -5.5 3.5 4.5
0.000409578 -7 5 5.5
0.00272881 -6.5 4.5 5
0.00214995 -6 4 5
0.000239586 -5.5 3.5 4
0.000550457 -7 5 5
0.000197343 -5.5 3.5 3.5
0.00117661 -6 4 4
0.000553331 -7 5 4.5
0.0021328 -6.5 4.5 4.5
0.000107716 -5.5 3.5 3
0.000609617 -6 4 3.5
0.000484225 -7 5 4
3.47161e-05 -5.5 3.5 2.5
0.000257747 -6 4 3
8.07656e-05 -6 4 2.5
0.00034418 -6.5 4.5 3
2.46787e-05 -6 4 2
0.000125173 -6.5 4.5 2.5
2.67481e-05 -7.5 5.5 3
0.000202318 -7 5 3
2.14796e-05 -7.5 5.5 2.5
2.98613e-05 -7 5 2
3.109e-05 -6.5 4.5 2
9.55376e-05 -7 5 2.5
0.000344592 -7 5 3.5
0.000749831 -6.5 4.5 3.5
0.00137672 -6.5 4.5 4
0.00183028 -6 4 4.5
0.00210466 -6 4 5.5
0.00250983 -6.5 4.5 6
4.50527e-05 -6 4.5 7.5
6.06979e-05 -6.5 5 7
0.00122211 -6 4.5 6
0.000433522 -6.5 5 6
0.000126188 -5.5 4 5.5
0.000217607 -6.5 5 6.5
0.000732741 -6 4.5 6.5
0.000239368 -5.5 4 5
0.000524338 -6.5 5 5.5
0.00135848 -6 4.5 5.5
0.00026434 -5.5 4 4.5
0.000898387 -6 4.5 4.5
0.000124128 -5.5 4 3.5
0.000527025 -6 4.5 4
0.0004177 -6.5 5 4.5
5.33841e-05 -5.5 4 3
0.000258378 -6 4.5 3.5
2.24253e-05 -7 5.5 3.5
0.000107928 -6 4.5 3
0.000172565 -6.5 5 3.5
3.64587e-05 -6 4.5 2.5
3.43077e-05 -6.5 5 2.5
2.01013e-05 -6 4.5 2
8.46141e-05 -6.5 5 3
0.000289716 -6.5 5 4
0.000218806 -5.5 4 4
2.38688e-05 -6 5 7.5
0.000506605 -6.5 5 5
0.000132464 -6 5 7
0.000235943 -5.5 4.5 6
0.000309555 -5.5 4.5 5.5
0.000417825 -6 5 5.5
0.000359173 -6 5 5
0.000297335 -5.5 4.5 5
0.000123517 -5.5 4.5 4
2.09616e-05 -6.5 5.5 4.5
0.000236269 -6 5 4.5
2.16437e-05 -6.5 5.5 4
5.17637e-05 -5.5 4.5 3.5
2.96125e-05 -5.5 4.5 3
5.86651e-05 -6 5 3.5
5.52342e-05 -5.5 5 7
3.32626e-05 -6 5 3
0.000125914 -5.5 5 6.5
0.000130455 -6 5 4
0.00017726 -5.5 5 6
2.16855e-05 -6 5.5 5
0.000148873 -5.5 5 5
3.67878e-05 -5.5 5 4
2.07242e-05 -5.5 5 3.5
2.11638e-05 -6 5.5 4.5
8.81489e-05 -5.5 5 4.5
2.55983e-05 -5.5 5.5 6.5
2.66015e-05 -5.5 5.5 5.5
2.15215e-05 -5.5 5.5 5
2.30741e-05 -5 5 5
2.36412e-05 -5 5 5.5
2.73572e-05 -5.5 5.5 6
0.000181673 -5.5 5 5.5
0.000222056 -5.5 4.5 4.5
0.000398213 -6 5 6
0.00028884 -6 5 6.5
9.93003e-05 -5.5 4.5 6.5
0.00124341 -6 4.5 5
0.000275486 -6 4.5 7
0.00140818 -6.5 4.5 6.5
0.000852998 -6 4 6.5
4.08444e-05 -6 4 7.5
0.000373883 -6 3.5 6.5
0.000104142 -6.5 4 7.5
0.00337507 -7 4 6.5
0.00309343 -6.5 3.5 6.5
0.00987996 -7 3.5 6
0.000995801 -7 3.5 7
7.92351e-05 -6.5 3 7.5
0.00106841 -7 3 7
