0.157201
2.09254e-05 -6.5 0.5 4.5
4.93084e-05 -7 1 5
9.56742e-05 -7 1 4.5
2.39454e-05 -7.5 1.5 5
9.46711e-05 -7 1 4
0.000118528 -7.5 1.5 4.5
4.81352e-05 -7 1 3.5
0.000135501 -7.5 1.5 4
3.4083e-05 -8 2 4.5
8.6613e-05 -7.5 1.5 3.5
7.2149e-05 -8 2 4
7.1379e-05 -8 2 3.5
2.50124e-05 -8.5 2.5 3.5
7.69915e-05 -6.5 1 5
3.39784e-05 -7 1.5 5.5
0.000142697 -6.5 1 4.5
0.000362961 -7 1.5 5
0.000147339 -6.5 1 4
0.000590112 -7 1.5 4.5
0.000438075 -7.5 2 5
9.93291e-05 -6.5 1 3.5
0.000571091 -7 1.5 4
0.000836089 -7.5 2 4.5
6.59041e-05 -8 2.5 5
0.000284066 -7 1.5 3.5
0.00085873 -7.5 2 4
0.000374161 -8 2.5 4.5
0.000452018 -7.5 2 3.5
0.000439488 -8 2.5 4
5.83703e-05 -8.5 3 4.5
0.000376498 -8 2.5 3.5
9.88016e-05 -8.5 3 4
6.09651e-05 -8 2.5 3
0.000104892 -8.5 3 3.5
7.16107e-05 -8.5 3 3
5.14998e-05 -6 1 5
0.000109354 -6.5 1.5 5.5
0.000105533 -6 1 4.5
0.000492649 -6.5 1.5 5
0.000551624 -7 2 5.5
0.000118351 -6 1 4
0.000787869 -6.5 1.5 4.5
0.00221264 -7 2 5
0.000893895 -7.5 2.5 5.5
6.01223e-05 -8 3 5.5
9.50822e-05 -6 1 3.5
0.000799734 -6.5 1.5 4
0.00280496 -7 2 4.5
0.00308093 -7.5 2.5 5
3.52756e-05 -6 1 3
0.000533208 -6.5 1.5 3.5
0.00268699 -7 2 4
0.00367329 -7.5 2.5 4.5
9.72151e-05 -6.5 1.5 3
0.00137609 -7 2 3.5
0.00356816 -7.5 2.5 4
0.00142948 -8 3 4.5
0.00014349 -7 2 3
0.00187848 -7.5 2.5 3.5
0.00150189 -8 3 4
0.000144433 -8.5 3.5 4.5
0.000223381 -7.5 2.5 3
0.00127748 -8 3 3.5
0.000230695 -8.5 3.5 4
0.000401238 -8 3 3
0.000231255 -8.5 3.5 3.5
0.000193501 -8.5 3.5 3
6.80416e-05 -8.5 3.5 2.5
2.09094e-05 -9 4 3
0.000961247 -8 3 5
8.08619e-05 -6 1.5 5.5
5.83162e-05 -6.5 2 6
0.000317334 -6 1.5 5
0.000809909 -6.5 2 5.5
0.000348988 -7 2.5 6
0.000232244 -7.5 3 6
3.25412e-05 -5.5 1 4
0.000588395 -6 1.5 4.5
0.00240311 -6.5 2 5
3.8229e-05 -5.5 1 3.5
0.000625054 -6 1.5 4
0.00312833 -6.5 2 4.5
0.00668233 -7 2.5 5
2.72427e-05 -5.5 1 3
0.000474113 -6 1.5 3.5
0.00303121 -6.5 2 4
0.00754283 -7 2.5 4.5
0.00692807 -7.5 3 5
0.00104429 -8 3.5 5
0.000193072 -6 1.5 3
0.00197483 -6.5 2 3.5
0.00717597 -7 2.5 4
0.000518037 -6.5 2 3
0.00433404 -7 2.5 3.5
0.00749283 -7.5 3 4
0.00217436 -8 3.5 4.5
0.000996764 -7 2.5 3
0.00510608 -7.5 3 3.5
0.0023302 -8 3.5 4
2.60149e-05 -7 2.5 2.5
0.00158736 -7.5 3 3
0.00229796 -8 3.5 3.5
6.88926e-05 -7.5 3 2.5
0.00138253 -8 3.5 3
0.000238156 -8 3.5 2.5
0.000261647 -8.5 4 3
0.000194599 -8.5 4 2.5
3.54692e-05 -8.5 4 2
2.00896e-05 -9 4.5 3
0.000262224 -8.5 4 3.5
0.000228278 -8.5 4 4
0.000117574 -8.5 4 4.5
0.00780518 -7.5 3 4.5
8.88656e-05 -8 3.5 5.5
0.00302735 -7.5 3 5.5
0.00328727 -7 2.5 5.5
5.92405e-05 -6 2 6
0.000424594 -6 2 5.5
0.00055528 -6.5 2.5 6
9.40887e-05 -7 3 6.5
7.49732e-05 -5.5 1.5 4.5
0.00122244 -6 2 5
0.00325058 -6.5 2.5 5.5
0.000184807 -5.5 1.5 4
0.00199821 -6 2 4.5
0.00644983 -6.5 2.5 5
0.00624077 -7 3 5.5
0.000255485 -7.5 3.5 6
0.000210067 -5.5 1.5 3.5
0.0020463 -6 2 4
0.00749873 -6.5 2.5 4.5
0.0112497 -7 3 5
0.000142373 -5.5 1.5 3
0.00161774 -6 2 3.5
0.00717191 -6.5 2.5 4
0.0125447 -7 3 4.5
0.00713828 -7.5 3.5 5
7.44826e-05 -8 4 5.5
4.34734e-05 -5.5 1.5 2.5
0.000739411 -6 2 3
0.00496408 -6.5 2.5 3.5
0.0120052 -7 3 4
0.00198315 -8 4 4.5
0.00881347 -7.5 3.5 4.5
0.000106481 -6 2 2.5
0.00193878 -6.5 2.5 3
0.00856553 -7 3 3.5
5.85974e-05 -8.5 4.5 4.5
0.000169553 -6.5 2.5 2.5
0.0035385 -7 3 3
0.00761927 -7.5 3.5 3.5
0.000188824 -8.5 4.5 4
0.000411983 -7 3 2.5
0.0039189 -7.5 3.5 3
0.000822736 -7.5 3.5 2.5
0.00194368 -8 4 3
3.63673e-05 -7.5 3.5 2
0.00081294 -8 4 2.5
0.000235613 -8.5 4.5 3
9.36194e-05 -8 4 2
9.81059e-05 -8.5 4.5 2
0.000217889 -8.5 4.5 2.5
0.000234923 -8.5 4.5 3.5
0.00233528 -8 4 3.5
0.00227187 -8 4 4
0.00891339 -7.5 3.5 4
0.00080469 -8 4 5
0.00285277 -7.5 3.5 5.5
0.00157093 -7 3 6
2.60853e-05 -6 2.5 6.5
0.000283153 -6 2.5 6
0.00015478 -6.5 3 6.5
0.00120262 -6 2.5 5.5
0.00163171 -6.5 3 6
0.000124567 -7 3.5 6.5
0.000184238 -5.5 2 4.5
0.00292179 -6 2.5 5
0.0059229 -6.5 3 5.5
0.00046934 -5.5 2 4
0.00431396 -6 2.5 4.5
0.00208577 -7.5 4 5.5
0.0105617 -6.5 3 5
0.00626003 -7 3.5 5.5
3.14928e-05 -5 1.5 3
0.000604477 -5.5 2 3.5
0.00437938 -6 2.5 4
0.0119339 -6.5 3 4.5
2.41336e-05 -8 4.5 5.5
0.000452882 -5.5 2 3
0.00358734 -6 2.5 3.5
0.0114787 -6.5 3 4
0.0135206 -7 3.5 4.5
0.000170891 -5.5 2 2.5
0.00181191 -6 2.5 3
0.00840997 -6.5 3 3.5
0.000448388 -6 2.5 2.5
0.00417378 -6.5 3 3
0.0106491 -7 3.5 3.5
0.00836877 -7.5 4 4
0.00147086 -8 4.5 4.5
0.000963225 -6.5 3 2.5
0.00593359 -7 3.5 3
7.33927e-05 -8.5 5 4
4.54194e-05 -6.5 3 2
0.00180476 -7 3.5 2.5
0.00463868 -7.5 4 3
0.000127554 -7 3.5 2
0.00193615 -7.5 4 2.5
0.00167267 -8 4.5 3
0.000144937 -8.5 5 3.5
0.000317185 -7.5 4 2
0.000950682 -8 4.5 2.5
0.00033013 -8 4.5 2
3.60074e-05 -8 4.5 1.5
3.13212e-05 -8.5 5 1.5
9.62446e-05 -8.5 5 2
0.000148313 -8.5 5 2.5
0.000151804 -8.5 5 3
0.00192354 -8 4.5 3.5
0.0073257 -7.5 4 3.5
0.00187121 -8 4.5 4
0.0132925 -7 3.5 4
0.00827101 -7.5 4 4.5
0.000374139 -8 4.5 5
0.00622792 -7.5 4 5
0.0117028 -7 3.5 5
0.000160193 -7.5 4 6
0.000100952 -6 3 6.5
2.23687e-05 -6.5 3.5 7
0.000691578 -6 3 6
4.92102e-05 -5.5 2.5 5
0.00255805 -6 3 5.5
0.00132544 -7 4 6
0.00192746 -6.5 3.5 6
0.000440116 -5.5 2.5 4.5
0.00513198 -6 3 5
6.37657e-05 -7.5 4.5 6
2.11263e-05 -5 2 3.5
0.00090936 -5.5 2.5 4
0.00680887 -6 3 4.5
0.000898495 -7.5 4.5 5.5
0.0112164 -6.5 3.5 5
0.0054808 -7 4 5.5
8.96706e-05 -5 2 3
0.00116845 -5.5 2.5 3.5
0.00676918 -6 3 4
0.00361354 -7.5 4.5 5
0.012952 -6.5 3.5 4.5
7.0893e-05 -5 2 2.5
0.000956522 -5.5 2.5 3
0.00552726 -6 3 3.5
0.0126635 -6.5 3.5 4
0.0122547 -7 4 4
2.28815e-05 -5 2 2
0.00041462 -5.5 2.5 2.5
0.00319091 -6 3 3
0.000286368 -8 5 4.5
0.0100352 -6.5 3.5 3.5
0.00562561 -7.5 4.5 4.5
7.10049e-05 -5.5 2.5 2
0.00112662 -6 3 2.5
0.00569161 -6.5 3.5 3
0.00994295 -7 4 3.5
0.0053368 -7.5 4.5 3.5
0.000120526 -6 3 2
0.002132 -6.5 3.5 2.5
0.000300483 -6.5 3.5 2
0.00265319 -7 4 2.5
0.00370023 -7.5 4.5 3
0.000890255 -8 5 3.5
0.000648343 -7 4 2
2.30104e-05 -8.5 5.5 3
0.00191235 -7.5 4.5 2.5
5.12976e-05 -7 4 1.5
0.000698953 -7.5 4.5 2
0.000114714 -7.5 4.5 1.5
2.13012e-05 -8.5 5.5 1.5
0.000101679 -8 5 1.5
3.66641e-05 -8.5 5.5 2
0.000310907 -8 5 2
3.64916e-05 -8.5 5.5 2.5
0.000624338 -8 5 2.5
0.000858956 -8 5 3
0.00596064 -7 4 3
0.000797667 -8 5 4
0.00578377 -7.5 4.5 4
0.0124472 -7 4 4.5
0.0105228 -7 4 5
0.00629079 -6.5 3.5 5.5
2.4399e-05 -6.5 4 7
2.13769e-05 -6 3.5 7
0.00124558 -6 3.5 6
7.00391e-05 -7 4.5 6.5
0.000294858 -5.5 3 5
0.00360631 -6 3.5 5.5
0.000739937 -7 4.5 6
0.00174985 -6.5 4 6
0.000967947 -5.5 3 4.5
0.00650013 -6 3.5 5
2.16262e-05 -5 2.5 3.5
0.00155126 -5.5 3 4
0.0079968 -6 3.5 4.5
0.0102769 -6.5 4 5
0.000146912 -5 2.5 3
0.00170876 -5.5 3 3.5
0.00782444 -6 3.5 4
0.000362253 -7.5 5 5
0.0118935 -6.5 4 4.5
0.00648441 -7 4.5 5
0.000143621 -5 2.5 2.5
0.00136627 -5.5 3 3
0.00629486 -6 3.5 3.5
0.00151548 -7.5 5 4.5
0.0116323 -6.5 4 4
6.10598e-05 -5 2.5 2
0.000708475 -5.5 3 2.5
0.00382635 -6 3.5 3
0.00200486 -7.5 5 4
0.00926108 -6.5 4 3.5
0.000184915 -5.5 3 2
0.00166027 -6 3.5 2.5
0.00550641 -6.5 4 3
0.00198699 -7.5 5 3.5
0.00646462 -7 4.5 3.5
0.000385103 -6 3.5 2
0.00247257 -6.5 4 2.5
2.94402e-05 -8 5.5 3.5
0.00162216 -7.5 5 3
2.92201e-05 -6 3.5 1.5
0.000731549 -6.5 4 2
0.000111697 -8 5.5 3
9.07318e-05 -6.5 4 1.5
0.000859755 -7 4.5 2
0.000194893 -7 4.5 1.5
0.000183067 -7.5 5 1.5
3.15327e-05 -7.5 5 1
5.48208e-05 -8 5.5 1.5
0.000108267 -8 5.5 2
0.000516757 -7.5 5 2
0.000131987 -8 5.5 2.5
0.00104911 -7.5 5 2.5
0.00220821 -7 4.5 2.5
0.00428623 -7 4.5 3
0.00782424 -7 4.5 4
0.00795843 -7 4.5 4.5
0.00328479 -7 4.5 5.5
0.00568076 -6.5 4 5.5
0.000265331 -6.5 4 6.5
2.13978e-05 -6.5 4.5 7
2.7235e-05 -6 4 7
4.43642e-05 -5.5 3.5 6
0.000239735 -5.5 3.5 5.5
0.00148051 -6 4 6
0.000906102 -5.5 3.5 5
0.00371412 -6.5 4.5 5.5
0.00170577 -5.5 3.5 4.5
0.000407392 -7 5 5.5
0.00658099 -6.5 4.5 5
0.00637196 -6 4 5
3.79536e-05 -5 3 3.5
0.00218317 -5.5 3.5 4
0.00160295 -7 5 5
0.000182272 -5 3 3
0.00206118 -5.5 3.5 3.5
0.00727402 -6 4 4
0.00249667 -7 5 4.5
0.00756769 -6.5 4.5 4.5
0.000185233 -5 3 2.5
0.00152055 -5.5 3.5 3
0.0057267 -6 4 3.5
0.00255144 -7 5 4
9.9694e-05 -5 3 2
0.000812338 -5.5 3.5 2.5
0.00347756 -6 4 3
0.000283238 -5.5 3.5 2
0.0016208 -6 4 2.5
0.0036975 -6.5 4.5 3
8.84785e-05 -7.5 5.5 3.5
3.84611e-05 -5.5 3.5 1.5
0.000555332 -6 4 2
0.00188308 -6.5 4.5 2.5
0.000185753 -7.5 5.5 3
0.00170127 -7 5 3
0.000100197 -6 4 1.5
0.000181201 -7.5 5.5 2.5
0.000194845 -6.5 4.5 1.5
2.56089e-05 -6.5 4.5 1
0.000190281 -7 5 1.5
4.27719e-05 -7 5 1
2.78794e-05 -7.5 5.5 1
6.75751e-05 -7.5 5.5 1.5
0.000132132 -7.5 5.5 2
0.000519564 -7 5 2
0.000738442 -6.5 4.5 2
0.00105228 -7 5 2.5
0.00227224 -7 5 3.5
0.00581668 -6.5 4.5 3.5
0.00734875 -6.5 4.5 4
0.00748669 -6 4 4.5
0.00384356 -6 4 5.5
0.00123995 -6.5 4.5 6
6.91582e-05 -5.5 4 6.5
0.000237042 -5.5 4 6
0.00117536 -6 4.5 6
0.000387412 -6.5 5 6
0.000675325 -5.5 4 5.5
5.47839e-05 -6.5 5 6.5
0.000205131 -6 4.5 6.5
0.00146793 -5.5 4 5
0.00123799 -6.5 5 5.5
0.0030492 -6 4.5 5.5
0.00220859 -5.5 4 4.5
0.00498338 -6 4.5 4.5
0.000122055 -5 3.5 3.5
0.000209121 -5 3.5 3
0.00199014 -5.5 4 3.5
0.00466373 -6 4.5 4
0.00248812 -6.5 5 4.5
0.000186086 -5 3.5 2.5
0.00133683 -5.5 4 3
0.00347719 -6 4.5 3.5
0.000104289 -5 3.5 2
0.00068471 -5.5 4 2.5
0.00016799 -7 5.5 3.5
0.00210865 -6 4.5 3
0.00199353 -6.5 5 3.5
3.21514e-05 -5 3.5 1.5
0.00026482 -5.5 4 2
0.00106268 -6 4.5 2.5
0.00077533 -6.5 5 2.5
7.25223e-05 -5.5 4 1.5
0.000132417 -6 4.5 1.5
0.000373375 -6.5 5 2
0.000173445 -7 5.5 2.5
2.84201e-05 -6 4.5 1
2.5552e-05 -7 5.5 1
3.94117e-05 -6.5 5 1
5.61972e-05 -7 5.5 1.5
0.000142486 -6.5 5 1.5
0.000116454 -7 5.5 2
0.000431467 -6 4.5 2
0.000192799 -7 5.5 3
0.00135774 -6.5 5 3
7.69968e-05 -7 5.5 4
0.00242983 -6.5 5 4
0.00226359 -5.5 4 4
0.00210736 -6.5 5 5
0.000471117 -5.5 4.5 6
0.00110707 -5.5 4.5 5.5
0.0012555 -6 5 5.5
0.0018522 -6 5 5
0.00168456 -5.5 4.5 5
0.000113793 -5 4 4
0.00176585 -5.5 4.5 4
0.000205425 -5 4 3.5
9.49436e-05 -6.5 5.5 4.5
0.00190899 -6 5 4.5
0.000203203 -5 4 3
0.000170381 -6.5 5.5 4
0.00130449 -5.5 4.5 3.5
0.000146537 -5 4 2.5
0.000181634 -6.5 5.5 3.5
0.000770166 -5.5 4.5 3
0.00120809 -6 5 3.5
6.92456e-05 -5 4 2
0.000375448 -5.5 4.5 2.5
2.22241e-05 -5 4 1.5
0.000116458 -6.5 5.5 2.5
0.00016923 -6 5 2
0.00014967 -5.5 4.5 2
2.90445e-05 -6.5 5.5 1.5
2.64817e-05 -6 5 1
6.1379e-05 -6 5 1.5
6.76142e-05 -6.5 5.5 2
5.14916e-05 -5.5 4.5 1.5
0.000382866 -6 5 2.5
0.000165376 -6.5 5.5 3
0.000731599 -6 5 3
9.09841e-05 -5.5 5 6.5
0.00168525 -6 5 4
0.000374374 -5.5 5 6
8.83308e-05 -5 4.5 5
6.76093e-05 -6 5.5 5.5
0.000201296 -5 4.5 4.5
0.000183965 -6 5.5 5
0.00101514 -5.5 5 5
0.000251232 -5 4.5 4
0.000196909 -6 5.5 4
0.000226923 -5 4.5 3.5
0.000811111 -5.5 5 4
0.000146819 -5 4.5 3
7.01257e-05 -5 4.5 2.5
0.000272799 -5.5 5 3
2.80743e-05 -5 4.5 2
0.000118981 -5.5 5 2.5
0.000104625 -6 5.5 3
2.66664e-05 -5.5 5 1.5
2.62585e-05 -6 5.5 2
4.88856e-05 -5.5 5 2
5.63362e-05 -6 5.5 2.5
0.000159253 -6 5.5 3.5
0.000519046 -5.5 5 3.5
0.000210534 -6 5.5 4.5
0.00099899 -5.5 5 4.5
7.05118e-05 -5 5 6
3.74128e-05 -5.5 5.5 6.5
0.000200605 -5.5 5.5 5.5
0.000270305 -5 5 4.5
0.000225494 -5 5 4
0.000207221 -5.5 5.5 4.5
0.000137668 -5 5 3.5
9.60631e-05 -5.5 5.5 3.5
6.18413e-05 -5 5 3
3.49643e-05 -5 5 2.5
4.74184e-05 -5.5 5.5 3
2.54964e-05 -5.5 5.5 2.5
0.000159074 -5.5 5.5 4
6.2306e-05 -5 5.5 6
0.000110696 -5 5.5 5.5
0.000123508 -5 5.5 5
0.000111803 -5 5.5 4.5
3.77051e-05 -5 5.5 3.5
2.02107e-05 -4.5 5.5 4.5
7.13824e-05 -5 5.5 4
0.000216978 -5.5 5.5 5
0.000259567 -5 5 5
0.000170786 -5 5 5.5
0.000119914 -5.5 5.5 6
0.000777176 -5.5 5 5.5
0.00187544 -5.5 4.5 4.5
0.000535416 -6 5 6
0.000120082 -6 5 6.5
0.000103883 -5.5 4.5 6.5
0.00464287 -6 4.5 5
2.31783e-05 -6 4.5 7
0.000196536 -6.5 4.5 6.5
0.000249322 -6 4 6.5
0.000203503 -6 3.5 6.5
0.000113341 -7 4 6.5
0.000286774 -6.5 3.5 6.5
0.00157864 -7 3.5 6
