0.247071
2.3202e-05 -5 1.5 -3
2.73316e-05 -5.5 2 -2.5
3.48977e-05 -5.5 2 -3
3.65006e-05 -5.5 2 -3.5
2.84921e-05 -5.5 2 -4
2.17614e-05 -6 2.5 -4
2.33327e-05 -6 2.5 -3.5
3.94028e-05 -4.5 1.5 -1
5.50597e-05 -4.5 1.5 -1.5
6.02922e-05 -4.5 1.5 -2
5.93796e-05 -5 2 -1.5
6.43001e-05 -4.5 1.5 -2.5
0.00012806 -5 2 -2
4.78141e-05 -4.5 1.5 -3
0.000162198 -5 2 -2.5
6.42827e-05 -5.5 2.5 -2
2.12321e-05 -4.5 1.5 -3.5
0.000145752 -5 2 -3
0.000146263 -5.5 2.5 -2.5
8.49807e-05 -5 2 -3.5
0.000185008 -5.5 2.5 -3
2.73066e-05 -5 2 -4
0.000163286 -5.5 2.5 -3.5
7.34347e-05 -5.5 2.5 -4
2.70292e-05 -5.5 2.5 -4.5
2.91326e-05 -6 3 -4.5
3.11122e-05 -6 3 -4
2.35156e-05 -6 3 -3.5
2.76799e-05 -4 1.5 -0.5
7.15094e-05 -4 1.5 -1
4.82912e-05 -4.5 2 -0.5
9.83889e-05 -4 1.5 -1.5
0.000237401 -4.5 2 -1
0.00010326 -4 1.5 -2
0.000457318 -4.5 2 -1.5
4.70126e-05 -5 2.5 -1
0.000101594 -4 1.5 -2.5
0.000541336 -4.5 2 -2
0.000407931 -5 2.5 -1.5
6.79532e-05 -4 1.5 -3
0.000503351 -4.5 2 -2.5
0.000815241 -5 2.5 -2
2.94355e-05 -4 1.5 -3.5
0.000308412 -4.5 2 -3
0.000928051 -5 2.5 -2.5
8.41427e-05 -5.5 3 -2
0.000118984 -4.5 2 -3.5
0.000777262 -5 2.5 -3
0.000186253 -5.5 3 -2.5
2.86557e-05 -4.5 2 -4
0.00035955 -5 2.5 -3.5
0.000265297 -5.5 3 -3
0.000114085 -5 2.5 -4
0.000314654 -5.5 3 -3.5
3.88686e-05 -5 2.5 -4.5
0.000175198 -5.5 3 -4
5.11658e-05 -5.5 3 -4.5
2.92967e-05 -6 3.5 -4.5
2.24097e-05 -6 3.5 -4
2.74991e-05 -4 2 0
5.67399e-05 -3.5 1.5 -1
0.000200872 -4 2 -0.5
8.53805e-05 -3.5 1.5 -1.5
0.000525107 -4 2 -1
0.000171883 -4.5 2.5 -0.5
9.17073e-05 -3.5 1.5 -2
0.000816284 -4 2 -1.5
0.00112681 -4.5 2.5 -1
9.07589e-05 -3.5 1.5 -2.5
0.000884021 -4 2 -2
0.00225333 -4.5 2.5 -1.5
0.000105889 -5 3 -1
6.04826e-05 -3.5 1.5 -3
0.00076862 -4 2 -2.5
0.00262926 -4.5 2.5 -2
0.000801308 -5 3 -1.5
2.80037e-05 -3.5 1.5 -3.5
0.000424656 -4 2 -3
0.00248785 -4.5 2.5 -2.5
0.00148801 -5 3 -2
0.000133611 -4 2 -3.5
0.001504 -4.5 2.5 -3
0.00177224 -5 3 -2.5
4.0256e-05 -4 2 -4
0.000551201 -4.5 2.5 -3.5
0.00174559 -5 3 -3
0.000147261 -5.5 3.5 -2.5
0.000135594 -4.5 2.5 -4
0.000967327 -5 3 -3.5
0.000219818 -5.5 3.5 -3
3.38137e-05 -4.5 2.5 -4.5
0.000302867 -5 3 -4
0.000270315 -5.5 3.5 -3.5
6.06295e-05 -5 3 -4.5
0.000240303 -5.5 3.5 -4
6.8724e-05 -5.5 3.5 -4.5
7.11555e-05 -5.5 3.5 -2
3.83721e-05 -3.5 2 0
0.000210897 -3.5 2 -0.5
0.000115324 -4 2.5 0
3.21147e-05 -3 1.5 -1.5
0.000507279 -3.5 2 -1
0.000926055 -4 2.5 -0.5
4.30477e-05 -3 1.5 -2
0.000770014 -3.5 2 -1.5
0.0023433 -4 2.5 -1
0.000554755 -4.5 3 -0.5
4.4002e-05 -3 1.5 -2.5
0.000829106 -3.5 2 -2
0.00352265 -4 2.5 -1.5
0.00288867 -4.5 3 -1
3.44735e-05 -3 1.5 -3
0.00071858 -3.5 2 -2.5
0.0037612 -4 2.5 -2
0.00511943 -4.5 3 -1.5
0.000399318 -3.5 2 -3
0.00337724 -4 2.5 -2.5
0.0057902 -4.5 3 -2
0.000816909 -5 3.5 -1.5
0.000134695 -3.5 2 -3.5
0.00193254 -4 2.5 -3
0.00567788 -4.5 3 -2.5
0.00145181 -5 3.5 -2
3.06834e-05 -3.5 2 -4
0.00065629 -4 2.5 -3.5
0.00386573 -4.5 3 -3
0.00176733 -5 3.5 -2.5
0.000145658 -4 2.5 -4
0.00160613 -4.5 3 -3.5
0.00189973 -5 3.5 -3
3.24969e-05 -4 2.5 -4.5
0.000398292 -4.5 3 -4
0.00139153 -5 3.5 -3.5
8.6851e-05 -4.5 3 -4.5
0.000500567 -5 3.5 -4
9.54354e-05 -5 3.5 -4.5
6.66814e-05 -5.5 4 -4.5
0.00017155 -5.5 4 -4
0.000122782 -5.5 4 -3.5
7.22875e-05 -5.5 4 -3
3.95546e-05 -5.5 4 -2.5
0.000102788 -5 3.5 -1
2.18917e-05 -3 2 0
2.23165e-05 -3.5 2.5 0.5
9.47819e-05 -3 2 -0.5
0.000223415 -3.5 2.5 0
0.000238921 -3 2 -1
0.00101593 -3.5 2.5 -0.5
0.000444103 -4 3 0
0.000405568 -3 2 -1.5
0.00229201 -3.5 2.5 -1
0.00278629 -4 3 -0.5
0.000469475 -3 2 -2
0.00329257 -3.5 2.5 -1.5
0.00610252 -4 3 -1
0.00091093 -4.5 3.5 -0.5
0.000428104 -3 2 -2.5
0.00347592 -3.5 2.5 -2
0.00838273 -4 3 -1.5
0.00384813 -4.5 3.5 -1
0.000264587 -3 2 -3
0.00306788 -3.5 2.5 -2.5
0.00870889 -4 3 -2
0.0062288 -4.5 3.5 -1.5
0.000109601 -3 2 -3.5
0.00177351 -3.5 2.5 -3
0.00791169 -4 3 -2.5
0.00687305 -4.5 3.5 -2
2.56817e-05 -3 2 -4
0.000616717 -3.5 2.5 -3.5
0.0049595 -4 3 -3
0.00689052 -4.5 3.5 -2.5
0.000726201 -5 4 -2
0.000138784 -3.5 2.5 -4
0.00196655 -4 3 -3.5
0.00543424 -4.5 3.5 -3
0.0010564 -5 4 -2.5
2.4095e-05 -3.5 2.5 -4.5
0.00042872 -4 3 -4
0.00274747 -4.5 3.5 -3.5
0.00129373 -5 4 -3
9.25826e-05 -4 3 -4.5
0.000759542 -4.5 3.5 -4
0.00123172 -5 4 -3.5
0.000126398 -4.5 3.5 -4.5
0.000518009 -5 4 -4
9.09424e-05 -5 4 -4.5
4.08157e-05 -5.5 4.5 -4.5
3.73424e-05 -5.5 4.5 -4
0.000191717 -5 4 -1.5
2.2345e-05 -3 2.5 0.5
0.00016444 -3 2.5 0
9.23274e-05 -3.5 3 0.5
0.00056158 -3 2.5 -0.5
0.000836922 -3.5 3 0
2.47294e-05 -4 3.5 0.5
5.87393e-05 -2.5 2 -1.5
0.00116839 -3 2.5 -1
0.00304851 -3.5 3 -0.5
0.00101326 -4 3.5 0
0.000105498 -2.5 2 -2
0.00177646 -3 2.5 -1.5
0.00608139 -3.5 3 -1
0.0048123 -4 3.5 -0.5
0.00012043 -2.5 2 -2.5
0.00196599 -3 2.5 -2
0.00807041 -3.5 3 -1.5
0.00941993 -4 3.5 -1
9.59676e-05 -2.5 2 -3
0.00179654 -3 2.5 -2.5
0.00830829 -3.5 3 -2
0.0119321 -4 3.5 -1.5
0.00227566 -4.5 4 -1
5.16958e-05 -2.5 2 -3.5
0.0011679 -3 2.5 -3
0.00737588 -3.5 3 -2.5
0.0121536 -4 3.5 -2
0.00480339 -4.5 4 -1.5
0.000472497 -3 2.5 -3.5
0.00456168 -3.5 3 -3
0.0111645 -4 3.5 -2.5
0.00572511 -4.5 4 -2
0.00011282 -3 2.5 -4
0.00183608 -3.5 3 -3.5
0.00757119 -4 3.5 -3
0.00595411 -4.5 4 -2.5
0.000400702 -3.5 3 -4
0.00352337 -4 3.5 -3.5
0.00510712 -4.5 4 -3
7.51424e-05 -3.5 3 -4.5
0.000908217 -4 3.5 -4
0.00278515 -4.5 4 -3.5
0.000334876 -5 4.5 -3
0.000151068 -4 3.5 -4.5
0.000875308 -4.5 4 -4
0.000436394 -5 4.5 -3.5
0.00013731 -4.5 4 -4.5
5.83759e-05 -5 4.5 -4.5
0.000292393 -5 4.5 -4
0.000260591 -5 4.5 -2.5
0.000135261 -5 4.5 -2
5.00155e-05 -4.5 4 -0.5
0.000103251 -3 3 0.5
2.86028e-05 -2.5 2.5 -0.5
0.000654336 -3 3 0
0.000279605 -3.5 3.5 0.5
0.000101291 -2.5 2.5 -1
0.00184938 -3 3 -0.5
0.00191336 -3.5 3.5 0
0.000270134 -2.5 2.5 -1.5
0.00343707 -3 3 -1
0.00566449 -3.5 3.5 -0.5
0.00058918 -4 4 0
0.000468041 -2.5 2.5 -2
0.00476823 -3 3 -1.5
0.0100699 -3.5 3.5 -1
0.00430736 -4 4 -0.5
0.000542651 -2.5 2.5 -2.5
0.0050049 -3 3 -2
0.0123559 -3.5 3.5 -1.5
0.00909926 -4 4 -1
0.000462085 -2.5 2.5 -3
0.00451176 -3 3 -2.5
0.0124961 -3.5 3.5 -2
0.0118492 -4 4 -1.5
0.000249332 -2.5 2.5 -3.5
0.00298638 -3 3 -3
0.0111449 -3.5 3.5 -2.5
0.0121436 -4 4 -2
0.00203283 -4.5 4.5 -1.5
7.44876e-05 -2.5 2.5 -4
0.00133464 -3 3 -3.5
0.00731199 -3.5 3.5 -3
0.0112395 -4 4 -2.5
0.00265351 -4.5 4.5 -2
0.000321851 -3 3 -4
0.00333685 -3.5 3.5 -3.5
0.0077992 -4 4 -3
0.00279462 -4.5 4.5 -2.5
5.5714e-05 -3 3 -4.5
0.00086105 -3.5 3.5 -4
0.00386878 -4 4 -3.5
0.0025946 -4.5 4.5 -3
0.000143858 -3.5 3.5 -4.5
0.0011353 -4 4 -4
0.00155695 -4.5 4.5 -3.5
0.000176083 -4 4 -4.5
0.00059198 -4.5 4.5 -4
2.01916e-05 -5 5 -4.5
8.64666e-05 -4.5 4.5 -4.5
2.72535e-05 -5 5 -4
4.61968e-05 -5 5 -3.5
3.29869e-05 -5 5 -3
0.000363198 -4.5 4.5 -1
2.57148e-05 -2.5 3 0.5
3.65313e-05 -3 3.5 1
5.77116e-05 -2.5 3 0
0.000333022 -3 3.5 0.5
0.000150558 -2.5 3 -0.5
0.00163555 -3 3.5 0
0.000304541 -3.5 4 0.5
0.00042201 -2.5 3 -1
0.00406601 -3 3.5 -0.5
0.00230899 -3.5 4 0
0.000869506 -2.5 3 -1.5
0.00689768 -3 3.5 -1
0.00633842 -3.5 4 -0.5
2.41181e-05 -2 2.5 -2.5
0.00130826 -2.5 3 -2
0.00867479 -3 3.5 -1.5
0.0109351 -3.5 4 -1
0.00181542 -4 4.5 -0.5
6.46656e-05 -2 2.5 -3
0.00141829 -2.5 3 -2.5
0.00875288 -3 3.5 -2
0.0131177 -3.5 4 -1.5
0.00571826 -4 4.5 -1
6.03761e-05 -2 2.5 -3.5
0.00120197 -2.5 3 -3
0.00757555 -3 3.5 -2.5
0.0131813 -3.5 4 -2
0.00771456 -4 4.5 -1.5
2.81963e-05 -2 2.5 -4
0.00068529 -2.5 3 -3.5
0.00501253 -3 3.5 -3
0.0117568 -3.5 4 -2.5
0.00792767 -4 4.5 -2
0.000223978 -2.5 3 -4
0.00239401 -3 3.5 -3.5
0.00785981 -3.5 4 -3
0.0072431 -4 4.5 -2.5
2.89861e-05 -2.5 3 -4.5
0.000674951 -3 3.5 -4
0.00380381 -3.5 4 -3.5
0.00497199 -4 4.5 -3
0.000113706 -3 3.5 -4.5
0.00111157 -3.5 4 -4
0.00257236 -4 4.5 -3.5
0.000177904 -3.5 4 -4.5
0.000861203 -4 4.5 -4
0.000294397 -4.5 5 -3.5
0.00012738 -4 4.5 -4.5
3.18849e-05 -4.5 5 -4.5
0.000128742 -4.5 5 -4
0.000549593 -4.5 5 -3
0.000549456 -4.5 5 -2.5
0.00046399 -4.5 5 -2
0.000243109 -4.5 5 -1.5
2.23296e-05 -2.5 3.5 1
9.55206e-05 -2.5 3.5 0.5
5.70739e-05 -3 4 1
0.000243391 -2.5 3.5 0
0.000506758 -3 4 0.5
0.000604834 -2.5 3.5 -0.5
0.00234796 -3 4 0
0.00136314 -2.5 3.5 -1
0.00559356 -3 4 -0.5
0.00158329 -3.5 4.5 0
0.00221804 -2.5 3.5 -1.5
0.00895926 -3 4 -1
0.005094 -3.5 4.5 -0.5
7.67985e-05 -2 3 -2.5
0.00276566 -2.5 3.5 -2
0.0104787 -3 4 -1.5
0.00893358 -3.5 4.5 -1
0.000178499 -2 3 -3
0.00267885 -2.5 3.5 -2.5
0.0104287 -3 4 -2
0.0103582 -3.5 4.5 -1.5
0.000175421 -2 3 -3.5
0.00213251 -2.5 3.5 -3
0.00878848 -3 4 -2.5
0.0101878 -3.5 4.5 -2
0.00266409 -4 5 -1.5
9.52192e-05 -2 3 -4
0.00121396 -2.5 3.5 -3.5
0.00573939 -3 4 -3
0.00853228 -3.5 4.5 -2.5
0.00272902 -4 5 -2
2.00894e-05 -2 3 -4.5
0.000429921 -2.5 3.5 -4
0.00280552 -3 4 -3.5
0.00550287 -3.5 4.5 -3
0.00233682 -4 5 -2.5
7.01254e-05 -2.5 3.5 -4.5
0.000871931 -3 4 -4
0.00272587 -3.5 4.5 -3.5
0.000148847 -3 4 -4.5
0.000892263 -3.5 4.5 -4
0.000648463 -4 5 -3.5
0.000143811 -3.5 4.5 -4.5
5.02338e-05 -4 5 -4.5
0.00023558 -4 5 -4
3.09725e-05 -4.5 5.5 -3.5
2.54558e-05 -4.5 5.5 -3
0.0014079 -4 5 -3
0.00178957 -4 5 -1
0.000179156 -4 5 -0.5
9.1271e-05 -3.5 4.5 0.5
5.77438e-05 -2.5 4 1
0.000305108 -2.5 4 0.5
3.94492e-05 -3 4.5 1
0.000808714 -2.5 4 0
0.000457018 -3 4.5 0.5
0.00174216 -2.5 4 -0.5
0.00212162 -3 4.5 0
2.02805e-05 -2 3.5 -1.5
0.00303153 -2.5 4 -1
0.00529261 -3 4.5 -0.5
7.60778e-05 -2 3.5 -2
0.00403915 -2.5 4 -1.5
0.00854908 -3 4.5 -1
0.00020773 -2 3.5 -2.5
0.00412003 -2.5 4 -2
0.0096085 -3 4.5 -1.5
0.00457233 -3.5 5 -1
0.00034827 -2 3.5 -3
0.00367415 -2.5 4 -2.5
0.00937574 -3 4.5 -2
0.00489879 -3.5 5 -1.5
0.000321776 -2 3.5 -3.5
0.00262657 -2.5 4 -3
0.00743314 -3 4.5 -2.5
0.00459457 -3.5 5 -2
0.000172613 -2 3.5 -4
0.0014411 -2.5 4 -3.5
0.00456162 -3 4.5 -3
4.81711e-05 -2 3.5 -4.5
0.000535978 -2.5 4 -4
0.00216637 -3 4.5 -3.5
9.41398e-05 -2.5 4 -4.5
0.000721411 -3 4.5 -4
0.000812079 -3.5 5 -3.5
0.000129059 -3 4.5 -4.5
0.000272443 -3.5 5 -4
6.5976e-05 -3.5 5 -4.5
7.06343e-05 -4 5.5 -3.5
0.000153802 -4 5.5 -3
0.00187033 -3.5 5 -3
0.000228642 -4 5.5 -2.5
0.00333331 -3.5 5 -2.5
0.000215376 -4 5.5 -2
0.000181276 -4 5.5 -1.5
4.09838e-05 -4 5.5 -1
0.0026661 -3.5 5 -0.5
0.000497162 -3.5 5 0
7.14895e-05 -2.5 4.5 1
0.000473389 -2.5 4.5 0.5
0.0014123 -2.5 4.5 0
0.000264495 -3 5 0.5
3.04652e-05 -2 4 -1
0.00275623 -2.5 4.5 -0.5
0.00146638 -3 5 0
0.000193613 -2 4 -1.5
0.00410963 -2.5 4.5 -1
0.00340754 -3 5 -0.5
0.000344344 -2 4 -2
0.00483834 -2.5 4.5 -1.5
0.000487317 -2 4 -2.5
0.00467263 -2.5 4.5 -2
0.00507617 -3 5 -1.5
0.000529688 -2 4 -3
0.00375306 -2.5 4.5 -2.5
0.00461856 -3 5 -2
0.000830139 -3.5 5.5 -1.5
2.20852e-05 -1.5 3.5 -4
0.000422067 -2 4 -3.5
0.00236747 -2.5 4.5 -3
0.00323018 -3 5 -2.5
0.000213443 -2 4 -4
0.00116849 -2.5 4.5 -3.5
6.07604e-05 -2 4 -4.5
0.000430317 -2.5 4.5 -4
0.000733381 -3 5 -3.5
8.56096e-05 -2.5 4.5 -4.5
5.22146e-05 -3 5 -4.5
2.74965e-05 -3.5 5.5 -4
0.000241356 -3 5 -4
9.59249e-05 -3.5 5.5 -3.5
0.000243717 -3.5 5.5 -3
0.00174463 -3 5 -3
0.000496782 -3.5 5.5 -2.5
0.000740521 -3.5 5.5 -2
0.000789969 -3.5 5.5 -1
0.00492327 -3 5 -1
0.000357758 -3.5 5.5 -0.5
3.22381e-05 -2 4.5 1
6.14065e-05 -2 4.5 0.5
5.57415e-05 -2.5 5 1
9.2116e-05 -2 4.5 0
0.000406347 -2.5 5 0.5
0.000157078 -2 4.5 -0.5
0.0013899 -2.5 5 0
0.000346254 -2 4.5 -1
0.00266556 -2.5 5 -0.5
0.000580399 -2 4.5 -1.5
0.00348985 -2.5 5 -1
0.000709475 -2 4.5 -2
0.00352985 -2.5 5 -1.5
0.000729087 -2 4.5 -2.5
0.0030302 -2.5 5 -2
2.12984e-05 -1.5 4 -3.5
0.00061083 -2 4.5 -3
3.61463e-05 -1.5 4 -4
0.000376753 -2 4.5 -3.5
0.0010816 -2.5 5 -3
0.000167325 -2 4.5 -4
9.08303e-05 -3 5.5 -3.5
5.01771e-05 -2 4.5 -4.5
2.13335e-05 -3 5.5 -4.5
4.03011e-05 -2.5 5 -4.5
2.29362e-05 -3 5.5 -4
0.000147811 -2.5 5 -4
0.000449284 -2.5 5 -3.5
0.000269274 -3 5.5 -3
0.000548763 -3 5.5 -2.5
0.00203425 -2.5 5 -2.5
0.000906078 -3 5.5 -2
0.00118577 -3 5.5 -1.5
0.001238 -3 5.5 -1
0.00110075 -3 5.5 -0.5
0.000530719 -3 5.5 0
4.79174e-05 -3 5.5 0.5
6.04498e-05 -2 5 1
0.000195025 -2 5 0.5
0.000332323 -2 5 0
0.000229924 -2.5 5.5 0.5
0.000551526 -2 5 -0.5
0.000679251 -2.5 5.5 0
0.000798301 -2 5 -1
0.000922642 -2 5 -1.5
0.000861383 -2 5 -2
3.86714e-05 -3 6 -1.5
0.00115184 -2.5 5.5 -1.5
2.52401e-05 -1.5 4.5 -3
0.000670041 -2 5 -2.5
3.0651e-05 -1.5 4.5 -3.5
0.000399903 -2 5 -3
0.000450875 -2.5 5.5 -2.5
0.00017801 -2 5 -3.5
2.66444e-05 -1.5 4.5 -4
2.64862e-05 -2.5 5.5 -4
5.47394e-05 -2 5 -4
6.32365e-05 -2.5 5.5 -3.5
0.000201038 -2.5 5.5 -3
3.42408e-05 -3 6 -2
0.000813897 -2.5 5.5 -2
3.85487e-05 -3 6 -1
0.00123234 -2.5 5.5 -1
2.58544e-05 -3 6 -0.5
0.00115475 -2.5 5.5 -0.5
0.000200957 -2 5.5 0.5
0.000439609 -2 5.5 0
0.00063469 -2 5.5 -0.5
2.52768e-05 -1.5 5 -1.5
0.000110218 -2.5 6 -1
0.000686967 -2 5.5 -1
3.55112e-05 -1.5 5 -2
4.78475e-05 -1.5 5 -2.5
5.38462e-05 -2.5 6 -2
0.000430245 -2 5.5 -2
2.05432e-05 -2.5 6 -2.5
2.04964e-05 -2 5.5 -4
2.65456e-05 -2 5.5 -3.5
3.62628e-05 -1.5 5 -3.5
9.42289e-05 -2 5.5 -3
4.73818e-05 -1.5 5 -3
0.000237226 -2 5.5 -2.5
8.97539e-05 -2.5 6 -1.5
0.000610785 -2 5.5 -1.5
0.000110774 -2.5 6 -0.5
9.05742e-05 -2.5 6 0
2.35152e-05 -1.5 5.5 0.5
3.32991e-05 -1.5 5.5 0
6.0411e-05 -1.5 5.5 -0.5
8.38304e-05 -1.5 5.5 -1
9.05542e-05 -1.5 5.5 -1.5
8.18943e-05 -1.5 5.5 -2
5.74819e-05 -1.5 5.5 -2.5
2.53044e-05 -1.5 5.5 -3
2.26343e-05 -2 6 -2.5
5.77555e-05 -1.5 6 0
2.22131e-05 -1.5 6 -2
4.32585e-05 -1.5 6 -1.5
6.5282e-05 -1.5 6 -1
7.11551e-05 -1.5 6 -0.5
2.68443e-05 -1.5 6 0.5
4.66669e-05 -2 6 -2
8.7608e-05 -2 6 -1.5
0.000118628 -2 6 -1
0.000124109 -2 6 -0.5
0.000109204 -2 6 0
4.49382e-05 -2 6 0.5
4.03788e-05 -2 5.5 1
2.06477e-05 -2.5 5.5 1
