0.0534786
2.3534e-05 -10.5 -6 10.5
0.000103263 -11 -5.5 10.5
9.28498e-05 -11 -5.5 11
3.11957e-05 -10.5 -6 11
7.58669e-05 -11 -5.5 11.5
0.000178687 -10.5 -5.5 10
2.13736e-05 -10.5 -6 11.5
0.000686545 -11 -5 10
0.000519608 -10.5 -5.5 10.5
0.000112939 -11.5 -4.5 10
0.00301856 -11 -5 10.5
0.000484684 -10.5 -5.5 11
0.000662086 -11.5 -4.5 10.5
0.00262557 -11 -5 11
0.000280651 -10.5 -5.5 11.5
0.000608503 -11.5 -4.5 11
0.000344825 -11.5 -4.5 11.5
0.00131413 -11 -5 11.5
0.000257883 -10.5 -5 9.5
0.000151471 -10 -5.5 10
0.000620497 -11 -4.5 9.5
0.00309617 -10.5 -5 10
0.000259923 -10 -5.5 10.5
7.42381e-05 -11.5 -4 9.5
0.00967833 -11 -4.5 10
0.00577868 -10.5 -5 10.5
0.00234443 -11.5 -4 10
0.0179988 -11 -4.5 10.5
0.00542747 -11.5 -4 10.5
0.0135696 -11 -4.5 11
0.000111626 -10 -5.5 11.5
0.00474169 -11.5 -4 11
0.00366109 -11 -4.5 11.5
0.00034827 -10 -5 9.5
0.00142389 -11.5 -4 11.5
0.00157903 -10.5 -5 11.5
0.00450629 -10.5 -5 11
0.000200129 -10 -5.5 11
0.00301408 -10.5 -4.5 9.5
0.00172141 -10 -5 10
0.00477925 -11 -4 9.5
0.0148647 -10.5 -4.5 10
0.00217349 -10 -5 10.5
0.000955184 -11.5 -3.5 9.5
0.0231248 -11 -4 10
0.0207571 -10.5 -4.5 10.5
0.00497492 -11.5 -3.5 10
0.0319046 -11 -4 10.5
0.014429 -10.5 -4.5 11
0.00141974 -10 -5 11
0.00761819 -11.5 -3.5 10.5
0.0212109 -11 -4 11
0.000451261 -10 -5 11.5
0.0058283 -11.5 -3.5 11
0.00152309 -11.5 -3.5 11.5
0.00470881 -11 -4 11.5
0.00358606 -10.5 -4.5 11.5
0.00245808 -10 -4.5 9.5
0.008679 -10.5 -4 9.5
2.05638e-05 -10 -4.5 9
0.00831967 -11 -3.5 9.5
0.0268566 -10.5 -4 10
0.00159393 -11.5 -3 9.5
0.0259721 -11 -3.5 10
0.0330815 -10.5 -4 10.5
0.00532172 -11.5 -3 10
0.033105 -11 -3.5 10.5
0.00748373 -11.5 -3 10.5
0.0212095 -11 -3.5 11
0.000965967 -10 -4.5 11.5
0.00535693 -11.5 -3 11
0.00438966 -11 -3.5 11.5
0.00118326 -11.5 -3 11.5
2.97083e-05 -12 -3 10
5.13088e-05 -12 -3 10.5
3.3977e-05 -12 -3 11
0.00413488 -10.5 -4 11.5
0.0202713 -10.5 -4 11
0.00423415 -10 -4.5 11
0.00784343 -10 -4.5 10.5
0.00721038 -10 -4.5 10
5.28567e-05 -9.5 -4.5 9
0.00593707 -10 -4 9.5
0.000147381 -9.5 -4.5 9.5
0.000456099 -10 -4 9
0.0112316 -10.5 -3.5 9.5
0.013578 -10 -4 10
0.00814349 -11 -3 9.5
0.000965816 -10.5 -3.5 9
0.0286926 -10.5 -3.5 10
0.0142543 -10 -4 10.5
0.00141505 -11.5 -2.5 9.5
0.000982337 -11 -3 9
0.0209557 -11 -3 10
0.0338212 -10.5 -3.5 10.5
0.0002426 -11.5 -2.5 9
0.00334486 -11.5 -2.5 10
0.0254716 -11 -3 10.5
0.0199938 -10.5 -3.5 11
0.00712848 -10 -4 11
0.00406558 -11.5 -2.5 10.5
0.0159808 -11 -3 11
0.00384797 -10.5 -3.5 11.5
0.00281226 -11.5 -2.5 11
0.00317728 -11 -3 11.5
0.000674485 -11.5 -2.5 11.5
2.42292e-05 -12 -2.5 9.5
6.72808e-05 -12 -2.5 10
8.05083e-05 -12 -2.5 10.5
5.10765e-05 -12 -2.5 11
0.000722853 -9.5 -4 9.5
0.000500702 -9.5 -4 10
0.00732386 -10 -3.5 9.5
0.00967878 -10.5 -3 9.5
0.00167573 -10.5 -3 9
0.00400835 -11 -2.5 9.5
0.0219538 -10.5 -3 10
0.00104482 -11 -2.5 9
0.000399076 -11.5 -2 9.5
0.00791715 -11 -2.5 10
0.0252814 -10.5 -3 10.5
0.000161518 -11.5 -2 9
0.000608193 -11.5 -2 10
7.9848e-05 -11 -2.5 8.5
0.00970389 -11 -2.5 10.5
2.21237e-05 -11.5 -2 8.5
0.000735101 -11.5 -2 10.5
0.00684421 -11 -2.5 11
0.00127234 -10 -3.5 11.5
0.000600719 -11.5 -2 11
0.0017221 -11 -2.5 11.5
0.000231581 -11.5 -2 11.5
4.58208e-05 -12 -2 11
8.58313e-05 -12 -2 10.5
7.68383e-05 -12 -2 10
3.4762e-05 -12 -2 9.5
0.00274358 -10.5 -3 11.5
0.0147009 -10.5 -3 11
0.00752 -10 -3.5 11
0.0154835 -10 -3.5 10.5
0.00608066 -10 -3 9.5
0.000418008 -9.5 -3.5 9
0.00128173 -10 -3 9
0.00419892 -10.5 -2.5 9.5
2.06785e-05 -9.5 -3.5 8.5
0.0117977 -10 -3 10
0.00124282 -10.5 -2.5 9
0.000625079 -11 -2 9.5
0.00804877 -10.5 -2.5 10
6.09996e-05 -10 -3 8.5
0.0124253 -10 -3 10.5
0.00030736 -11 -2 9
3.67989e-05 -11.5 -1.5 9.5
0.00113621 -11 -2 10
0.00013832 -10.5 -2.5 8.5
0.00960372 -10.5 -2.5 10.5
2.05335e-05 -11.5 -1.5 9
7.50619e-05 -11.5 -1.5 10
7.57368e-05 -11 -2 8.5
0.00143847 -11 -2 10.5
0.00644059 -10.5 -2.5 11
9.06709e-05 -11.5 -1.5 10.5
0.0011742 -11 -2 11
0.00154628 -10.5 -2.5 11.5
7.0239e-05 -11.5 -1.5 11
0.000562277 -11 -2 11.5
2.494e-05 -11.5 -1.5 11.5
2.65842e-05 -12 -1.5 9.5
4.95083e-05 -12 -1.5 10
3.26432e-05 -12 -1.5 11
5.64833e-05 -12 -1.5 10.5
2.84361e-05 -11 -2 12
3.34705e-05 -9 -3.5 9
3.10574e-05 -10.5 -2.5 12
0.00159355 -9.5 -3 9.5
3.92743e-05 -9.5 -3 8.5
0.000651877 -10.5 -2 9.5
0.000812913 -10 -2.5 9
0.00243251 -9.5 -3 10
0.000301644 -10.5 -2 9
6.16575e-05 -11 -1.5 9.5
0.00117205 -10.5 -2 10
0.000102943 -10 -2.5 8.5
0.00210652 -9.5 -3 10.5
8.16176e-05 -10.5 -2 8.5
2.97265e-05 -11 -1.5 9
0.000125297 -11 -1.5 10
0.00146702 -10.5 -2 10.5
0.000727018 -9.5 -3 11
0.000156948 -11 -1.5 10.5
6.12078e-05 -9.5 -3 11.5
0.00121623 -10.5 -2 11
0.000136385 -11 -1.5 11
0.000561377 -10.5 -2 11.5
7.1765e-05 -11 -1.5 11.5
2.6731e-05 -11 -1.5 12
3.34159e-05 -10.5 -2 12
0.000954724 -9.5 -2.5 9.5
4.95377e-05 -9 -3 9
9.30109e-05 -9 -3 9.5
0.00046721 -10 -2 9.5
0.000288932 -9.5 -2.5 9
3.59064e-05 -9 -3 10
0.000200475 -10 -2 9
6.48498e-05 -10.5 -1.5 9.5
0.000798635 -10 -2 10
3.41169e-05 -9.5 -2.5 8.5
4.95941e-05 -10 -2 8.5
3.01587e-05 -10.5 -1.5 9
0.000130266 -10.5 -1.5 10
0.0010061 -10 -2 10.5
0.000164529 -10.5 -1.5 10.5
0.000829885 -10 -2 11
0.000145278 -10.5 -1.5 11
8.099e-05 -10.5 -1.5 11.5
2.81977e-05 -10.5 -1.5 12
0.000139674 -9 -2.5 9.5
9.11227e-05 -9.5 -2 9
0.000194689 -9 -2.5 10
4.57252e-05 -10 -1.5 9.5
0.000232423 -9.5 -2 9.5
0.000429892 -9.5 -2 10
4.65227e-05 -9 -2.5 9
0.000317824 -10 -2 11.5
9.12328e-05 -9.5 -2.5 11.5
2.08836e-05 -9.5 -2 8.5
2.25967e-05 -10 -1.5 9
8.91445e-05 -10 -1.5 10
0.000512591 -9.5 -2 10.5
0.000112682 -10 -1.5 10.5
9.81155e-05 -10 -1.5 11
5.08381e-05 -10 -1.5 11.5
5.9397e-05 -9 -2 9.5
2.18338e-05 -9 -2 9
2.55515e-05 -9.5 -1.5 9.5
0.000113283 -9 -2 10
3.92269e-05 -9.5 -1.5 10
4.83305e-05 -9.5 -1.5 10.5
0.000116309 -9 -2 10.5
3.85864e-05 -9.5 -1.5 11
2.85352e-05 -9.5 -1.5 11.5
2.11624e-05 -9 -1.5 10.5
4.9524e-05 -9 -2 11
7.78685e-05 -9.5 -2 11.5
0.000347853 -9.5 -2 11
0.000139846 -9 -2.5 10.5
0.000760954 -9.5 -2.5 11
0.00167195 -9.5 -2.5 10.5
0.00169295 -9.5 -2.5 10
0.000679787 -10 -2.5 11.5
0.00335499 -10 -2.5 11
0.00558925 -10 -2.5 10.5
0.00497019 -10 -2.5 10
0.00261083 -10 -2.5 9.5
0.000431409 -9.5 -3 9
0.00105054 -10 -3 11.5
0.00629478 -10 -3 11
0.000188429 -9.5 -3.5 11
0.00117611 -9.5 -3.5 10.5
0.001985 -9.5 -3.5 10
0.00150711 -9.5 -3.5 9.5
0.0149677 -10 -3.5 10
0.00111598 -10 -3.5 9
0.000254853 -9.5 -4 9
0.00130731 -10 -4 11.5
