0.0442968
0.000293258 -11 -6.5 10.5
0.000232431 -11.5 -6 10.5
0.00043473 -11 -6.5 11
2.22617e-05 -10.5 -7 11
0.000489501 -11.5 -6 11
2.1325e-05 -10.5 -7 11.5
0.000631282 -11.5 -6 11.5
0.000368208 -11 -6.5 11.5
0.00119975 -11 -6 10
8.04334e-05 -10.5 -6.5 10
0.00123933 -11.5 -5.5 10
0.00601908 -11 -6 10.5
0.000406498 -10.5 -6.5 10.5
0.000480369 -10.5 -6.5 11
0.00745312 -11.5 -5.5 10.5
0.00725037 -11.5 -5.5 11
0.000365205 -10.5 -6.5 11.5
0.00323125 -11.5 -5.5 11.5
0.00268602 -11 -6 11.5
0.0057458 -11 -6 11
0.000105085 -10.5 -6 9.5
0.000868753 -11 -5.5 9.5
0.0020048 -10.5 -6 10
0.000405347 -11.5 -5 9.5
0.0133667 -11 -5.5 10
0.0050515 -10.5 -6 10.5
0.00809675 -11.5 -5 10
0.0253266 -11 -5.5 10.5
0.0172092 -11.5 -5 10.5
0.0210826 -11 -5.5 11
0.0152245 -11.5 -5 11
0.00653368 -11 -5.5 11.5
0.00520315 -11.5 -5 11.5
2.81724e-05 -10 -6 9.5
0.00141664 -10.5 -5.5 9.5
0.00426556 -11 -5 9.5
2.32088e-05 -10.5 -5.5 9
0.0120501 -10.5 -5.5 10
0.000163105 -10 -6 10
0.00155605 -11.5 -4.5 9.5
2.51541e-05 -11 -5 9
0.027477 -11 -5 10
0.0181033 -10.5 -5.5 10.5
0.0110337 -11.5 -4.5 10
0.0409101 -11 -5 10.5
0.0188958 -11.5 -4.5 10.5
0.0309263 -11 -5 11
0.00397074 -10.5 -5.5 11.5
0.0160456 -11.5 -4.5 11
0.00511883 -11.5 -4.5 11.5
0.0001021 -12 -4.5 11.5
0.00019335 -12 -4.5 11
0.000192122 -12 -4.5 10.5
3.27708e-05 -12 -4.5 10
0.00826754 -11 -5 11.5
0.000415454 -10 -5.5 9.5
0.00473455 -10.5 -5 9.5
0.00123861 -10 -5.5 10
4.42784e-05 -10.5 -5 9
0.00658069 -11 -4.5 9.5
0.022392 -10.5 -5 10
0.00118247 -10 -5.5 10.5
0.00196693 -11.5 -4 9.5
8.20748e-05 -11 -4.5 9
0.0296848 -11 -4.5 10
0.0290539 -10.5 -5 10.5
3.87131e-05 -11.5 -4 9
0.00988547 -11.5 -4 10
0.0417256 -11 -4.5 10.5
0.015748 -11.5 -4 10.5
0.0306127 -11 -4.5 11
0.000324848 -10 -5.5 11.5
0.0128994 -11.5 -4 11
2.26925e-05 -10 -5.5 12
0.00776716 -11 -4.5 11.5
0.00386718 -11.5 -4 11.5
0.000163336 -12 -4 10
0.000321076 -12 -4 10.5
0.000113683 -12 -4 11.5
0.000290436 -12 -4 11
0.00161857 -10 -5 9.5
0.00473246 -10.5 -5 11.5
0.0198235 -10.5 -5 11
0.000727903 -10 -5.5 11
0.00647452 -10.5 -4.5 9.5
5.53473e-05 -10 -5 9
0.00450923 -10 -5 10
0.00596631 -11 -4 9.5
0.000222916 -10.5 -4.5 9
0.0237065 -10.5 -4.5 10
0.00441711 -10 -5 10.5
0.000360983 -11 -4 9
0.00123885 -11.5 -3.5 9.5
0.0210248 -11 -4 10
0.0297671 -10.5 -4.5 10.5
0.00013174 -11.5 -3.5 9
0.00348206 -11.5 -3.5 10
0.0294263 -11 -4 10.5
0.0195481 -10.5 -4.5 11
0.00565682 -11.5 -3.5 10.5
0.0210942 -11 -4 11
0.00510661 -11.5 -3.5 11
0.00195812 -11.5 -3.5 11.5
2.32095e-05 -10.5 -4.5 12
4.29247e-05 -12 -3.5 9.5
6.07421e-05 -11.5 -3.5 12
9.36607e-05 -12 -3.5 11.5
0.000285945 -12 -3.5 11
0.000324779 -12 -3.5 10.5
0.00019528 -12 -3.5 10
8.70535e-05 -11 -4 12
0.00560868 -11 -4 11.5
2.45741e-05 -10 -5 12
0.0025429 -10 -4.5 9.5
0.00548624 -10.5 -4 9.5
0.00226876 -11 -3.5 9.5
0.000458387 -10.5 -4 9
0.0163135 -10.5 -4 10
0.000371253 -11 -3.5 9
0.000155542 -11.5 -3 9.5
0.0059324 -11 -3.5 10
0.0208206 -10.5 -4 10.5
5.48742e-05 -11.5 -3 9
0.000402456 -11.5 -3 10
0.00907595 -11 -3.5 10.5
0.000705263 -11.5 -3 10.5
0.00778045 -11 -3.5 11
0.000586524 -10 -4.5 11.5
0.000753902 -11.5 -3 11
0.0028568 -11 -3.5 11.5
2.00234e-05 -10 -4.5 12
0.000504152 -11.5 -3 11.5
4.66306e-05 -12 -3 9.5
0.000159464 -12 -3 10
0.000236931 -12 -3 10.5
5.99175e-05 -12 -3 11.5
0.000201515 -12 -3 11
7.29484e-05 -11.5 -3 12
0.000133365 -11 -3.5 12
7.59841e-05 -10.5 -4 12
0.00324303 -10.5 -4 11.5
0.0136331 -10.5 -4 11
0.00337379 -10 -4.5 11
0.00663057 -10 -4.5 10.5
3.40681e-05 -9.5 -4.5 9
0.00223497 -10 -4 9.5
0.000248675 -10 -4 9
0.00196165 -10.5 -3.5 9.5
0.00550549 -10 -4 10
0.000262634 -11 -3 9.5
0.000366867 -10.5 -3.5 9
0.00484818 -10.5 -3.5 10
0.00603198 -10 -4 10.5
8.25931e-05 -11 -3 9
0.000651661 -11 -3 10
0.00687331 -10.5 -3.5 10.5
4.00644e-05 -11.5 -2.5 10
0.00109364 -11 -3 10.5
0.00537164 -10.5 -3.5 11
6.85741e-05 -11.5 -2.5 10.5
0.0011505 -11 -3 11
0.00173692 -10.5 -3.5 11.5
7.67995e-05 -11.5 -2.5 11
0.000753686 -11 -3 11.5
5.50796e-05 -11.5 -2.5 11.5
2.11861e-05 -12 -2.5 10
3.75988e-05 -11.5 -2.5 12
3.4563e-05 -12 -2.5 10.5
2.21545e-05 -12 -2.5 11.5
3.50592e-05 -12 -2.5 11
0.000124837 -11 -3 12
9.42796e-05 -10.5 -3.5 12
0.000310583 -9.5 -4 9.5
4.6696e-05 -9.5 -4 9
0.000533483 -9.5 -4 10
0.00101247 -10 -3.5 9.5
0.000179812 -10 -3.5 9
0.000239901 -10.5 -3 9.5
7.33868e-05 -10.5 -3 9
2.8593e-05 -11 -2.5 9.5
0.000575967 -10.5 -3 10
0.000362542 -9.5 -4 10.5
5.70262e-05 -11 -2.5 10
0.000899506 -10.5 -3 10.5
6.26045e-05 -9.5 -4 11
0.000102972 -11 -2.5 10.5
0.000117441 -11 -2.5 11
0.000427457 -10 -3.5 11.5
7.91554e-05 -11 -2.5 11.5
4.61646e-05 -11 -2.5 12
7.49236e-05 -10.5 -3 12
0.000531579 -10.5 -3 11.5
0.000880576 -10.5 -3 11
0.00185276 -10 -3.5 11
0.00294004 -10 -3.5 10.5
0.000148811 -10 -3 9.5
3.76189e-05 -9.5 -3.5 9
4.59097e-05 -10 -3 9
2.74833e-05 -10.5 -2.5 9.5
0.00032286 -10 -3 10
5.11197e-05 -10.5 -2.5 10
0.00049237 -10 -3 10.5
8.15222e-05 -10.5 -2.5 10.5
8.79179e-05 -10.5 -2.5 11
6.04298e-05 -10.5 -2.5 11.5
2.65708e-05 -10.5 -2.5 12
6.32209e-05 -9.5 -3 9.5
0.000139434 -9.5 -3 10
0.000174244 -9.5 -3 10.5
0.000115315 -9.5 -3 11
2.88826e-05 -10 -2.5 11.5
4.3675e-05 -10 -2.5 11
4.36223e-05 -10 -2.5 10.5
3.18393e-05 -10 -2.5 10
2.0708e-05 -9.5 -3 9
0.000194405 -10 -3 11.5
0.000455837 -10 -3 11
0.000202913 -9.5 -3.5 11
0.000493273 -9.5 -3.5 10.5
0.000510875 -9.5 -3.5 10
0.000252526 -9.5 -3.5 9.5
0.00238852 -10 -3.5 10
0.000562014 -10 -4 11.5
0.00321501 -10 -4 11
9.80894e-05 -9.5 -4.5 9.5
0.00635439 -10 -4.5 10
0.000186515 -10 -4.5 9
0.00445746 -10.5 -4.5 11.5
0.000509094 -10 -5 11.5
0.00236198 -10 -5 11
0.000113722 -10 -6 11.5
0.0138929 -10.5 -5.5 11
0.00187731 -10.5 -6 11.5
0.00455012 -10.5 -6 11
