0.829042
2.72807e-05 -5 -10.5 -20
4.41445e-05 -5 -10.5 -19.5
4.66598e-05 -5 -10.5 -19
4.49874e-05 -5 -10.5 -18.5
3.37154e-05 -5 -10.5 -18
3.16914e-05 -4.5 -10 -21.5
9.1516e-05 -4.5 -10 -21
0.000163184 -4.5 -10 -20.5
0.000228411 -4.5 -10 -20
0.000240535 -4.5 -10 -19.5
0.000203833 -4.5 -10 -19
0.000114332 -4.5 -10 -18.5
3.41645e-05 -4.5 -10 -18
5.88982e-05 -5 -11 -17.5
2.28359e-05 -5.5 -11.5 -17
3.10562e-05 -5.5 -11.5 -17.5
3.40396e-05 -5.5 -11.5 -18
2.83471e-05 -5.5 -11.5 -18.5
0.000173715 -5 -11 -19
0.000142222 -5 -11 -19.5
4.13644e-05 -5 -11 -20.5
4.46351e-05 -4.5 -10.5 -21.5
0.000136911 -4.5 -10.5 -21
0.000270809 -4.5 -10.5 -20.5
8.72239e-05 -5 -11 -20
0.000378149 -4.5 -10.5 -20
0.000424868 -4.5 -10.5 -19.5
0.000391588 -4.5 -10.5 -19
0.00016391 -5 -11 -18.5
0.000279791 -4.5 -10.5 -18.5
0.000121467 -5 -11 -18
0.000130498 -4.5 -10.5 -18
2.4947e-05 -4.5 -10.5 -17.5
5.61781e-05 -4 -10 -18
0.000463719 -4 -10 -19
4.82881e-05 -4 -10 -22
0.000191038 -4 -10 -21.5
3.67986e-05 -4.5 -9.5 -21
0.000396274 -4 -10 -21
6.1605e-05 -4.5 -9.5 -20.5
0.000579177 -4 -10 -20.5
7.71829e-05 -4.5 -9.5 -20
0.00067721 -4 -10 -20
7.65674e-05 -4.5 -9.5 -19.5
0.000617404 -4 -10 -19.5
6.06118e-05 -4.5 -9.5 -19
3.0768e-05 -4.5 -9.5 -18.5
0.000224825 -4 -10 -18.5
6.68319e-05 -5 -11.5 -17
3.65022e-05 -5.5 -12 -16.5
2.01847e-05 -6 -12.5 -16
2.79324e-05 -6 -12.5 -16.5
2.91839e-05 -6 -12.5 -17
2.06448e-05 -6 -12.5 -17.5
0.000133118 -5.5 -12 -18
0.000121948 -5.5 -12 -18.5
4.07023e-05 -5.5 -12 -19.5
2.40218e-05 -5 -11.5 -21
2.69986e-05 -4 -10.5 -22
3.38861e-05 -4.5 -11 -21.5
0.000127178 -4 -10.5 -21.5
0.000125 -4.5 -11 -21
7.3408e-05 -5 -11.5 -20.5
0.000326324 -4 -10.5 -21
0.000272881 -4.5 -11 -20.5
0.000161736 -5 -11.5 -20
0.000541518 -4 -10.5 -20.5
0.000447361 -4.5 -11 -20
0.000259483 -5 -11.5 -19.5
7.3679e-05 -5.5 -12 -19
0.000676346 -4 -10.5 -20
0.000566551 -4.5 -11 -19.5
0.000330762 -5 -11.5 -19
0.00069936 -4 -10.5 -19.5
0.000539563 -4.5 -11 -19
0.000327854 -5 -11.5 -18.5
0.000608571 -4 -10.5 -19
0.00043855 -4.5 -11 -18.5
0.000280282 -5 -11.5 -18
0.000118483 -5.5 -12 -17.5
0.000374491 -4 -10.5 -18.5
0.000268011 -4.5 -11 -18
0.000176026 -5 -11.5 -17.5
8.50694e-05 -5.5 -12 -17
0.000154999 -4 -10.5 -18
0.000106538 -4.5 -11 -17.5
2.3378e-05 -4 -10.5 -17.5
3.65649e-05 -3.5 -10 -18
0.00014887 -3.5 -10 -18.5
0.000351167 -3.5 -10 -19
0.000588187 -3.5 -10 -19.5
0.000695513 -3.5 -10 -20
0.00066398 -3.5 -10 -20.5
0.000508431 -3.5 -10 -21
0.00026993 -3.5 -10 -21.5
7.88219e-05 -3.5 -10 -22
6.26755e-05 -4 -9.5 -22
0.000212239 -4 -9.5 -21.5
0.00039904 -4 -9.5 -21
0.000527823 -4 -9.5 -20.5
0.00054705 -4 -9.5 -20
0.000470684 -4 -9.5 -19.5
0.000285159 -4 -9.5 -19
0.000100698 -4 -9.5 -18.5
2.21286e-05 -6.5 -13.5 -15
3.2356e-05 -6 -13 -15.5
7.24616e-05 -6 -13 -16
2.86522e-05 -6.5 -13.5 -15.5
4.19449e-05 -3.5 -10.5 -18
0.000130318 -5.5 -12.5 -16.5
0.000100371 -6 -13 -16.5
2.76893e-05 -6.5 -13.5 -16
0.000216128 -5.5 -12.5 -17
0.000133659 -3.5 -10.5 -18.5
0.00043953 -5 -12 -18
9.92962e-05 -6 -13 -17.5
0.000431516 -3.5 -10.5 -19.5
0.000498267 -5 -12 -18.5
0.000477519 -3.5 -10.5 -20
0.00042301 -3.5 -10.5 -20.5
0.000591488 -4 -11 -20
0.000295893 -3.5 -10.5 -21
0.000417723 -4 -11 -20.5
0.000126744 -3.5 -10.5 -21.5
2.49352e-05 -3.5 -10.5 -22
6.27806e-05 -4 -11 -21.5
8.437e-05 -4.5 -11.5 -21
6.98493e-05 -5 -12 -20.5
3.15223e-05 -5.5 -12.5 -20
0.000210102 -4 -11 -21
0.000225197 -4.5 -11.5 -20.5
0.000164811 -5 -12 -20
8.17013e-05 -5.5 -12.5 -19.5
0.000399099 -4.5 -11.5 -20
0.000304408 -5 -12 -19.5
0.000148968 -5.5 -12.5 -19
3.33781e-05 -6 -13 -18.5
0.000547581 -4.5 -11.5 -19.5
0.000439809 -5 -12 -19
0.00022772 -5.5 -12.5 -18.5
6.16331e-05 -6 -13 -18
0.000662173 -4 -11 -19.5
0.000632584 -4.5 -11.5 -19
0.000277679 -5.5 -12.5 -18
0.00060139 -4 -11 -19
0.000584624 -4.5 -11.5 -18.5
0.000263621 -5.5 -12.5 -17.5
0.00011267 -6 -13 -17
0.000292847 -3.5 -10.5 -19
0.000452867 -4 -11 -18.5
0.000433028 -4.5 -11.5 -18
0.0003218 -5 -12 -17.5
0.000246326 -4 -11 -18
0.000231214 -4.5 -11.5 -17.5
0.000174655 -5 -12 -17
7.66534e-05 -4 -11 -17.5
7.01239e-05 -4.5 -11.5 -17
5.55614e-05 -5 -12 -16.5
4.37455e-05 -5.5 -12.5 -16
4.96505e-05 -3 -10 -19
0.000106307 -3 -10 -19.5
0.000355108 -3.5 -9.5 -19
0.000144089 -3 -10 -20
0.000621541 -3.5 -9.5 -19.5
0.000261967 -4 -9 -19.5
0.000165775 -3 -10 -20.5
0.00016943 -3 -10 -21
0.000105778 -3 -10 -21.5
3.75002e-05 -3 -10 -22
0.00015845 -3.5 -9.5 -22
0.000160264 -4 -9 -21.5
0.000419921 -3.5 -9.5 -21.5
0.000267025 -4 -9 -21
0.000662585 -3.5 -9.5 -21
3.20683e-05 -3.5 -9.5 -22.5
5.71708e-05 -4 -9 -22
0.000332734 -4 -9 -20.5
0.000789114 -3.5 -9.5 -20.5
0.000338469 -4 -9 -20
0.000761009 -3.5 -9.5 -20
0.000124487 -4 -9 -19
2.71022e-05 -4 -9 -18.5
0.000110405 -3.5 -9.5 -18.5
2.88103e-05 -7 -14.5 -14
4.04605e-05 -6.5 -14 -14.5
4.51453e-05 -6 -13.5 -15
3.29231e-05 -7 -14.5 -14.5
7.62302e-05 -6.5 -14 -15
0.0001387 -5.5 -13 -16
3.46407e-05 -3.5 -11 -18
2.84006e-05 -7 -14.5 -15
9.49265e-05 -6.5 -14 -15.5
0.000264778 -5.5 -13 -16.5
0.000184217 -6 -13.5 -16
2.37052e-05 -3 -10.5 -19
9.66656e-05 -3.5 -11 -18.5
0.000100681 -6.5 -14 -16
0.000227262 -6 -13.5 -16.5
4.25464e-05 -3 -10.5 -19.5
8.18949e-05 -6.5 -14 -16.5
0.000183554 -3.5 -11 -19
0.000240679 -6 -13.5 -17
4.99845e-05 -3 -10.5 -20
0.000242197 -3.5 -11 -19.5
0.00048637 -4 -11.5 -19
5.24886e-05 -3 -10.5 -20.5
0.000250114 -3.5 -11 -20
0.000525684 -4 -11.5 -19.5
4.59203e-05 -3 -10.5 -21
0.000200286 -3.5 -11 -20.5
7.24617e-05 -6 -13.5 -18.5
0.00041374 -4 -11.5 -20
0.000117325 -3.5 -11 -21
0.00024843 -4 -11.5 -20.5
3.35642e-05 -3.5 -11 -21.5
9.63451e-05 -4 -11.5 -21
2.08571e-05 -4 -11.5 -21.5
2.13452e-05 -5 -12.5 -21
3.94163e-05 -4.5 -12 -21
4.8563e-05 -5 -12.5 -20.5
3.50839e-05 -5.5 -13 -20
0.000139598 -4.5 -12 -20.5
0.000134457 -5 -12.5 -20
8.49784e-05 -5.5 -13 -19.5
3.17002e-05 -6 -13.5 -19
0.00029949 -4.5 -12 -20
0.000271388 -5 -12.5 -19.5
0.000184152 -5.5 -13 -19
0.000472941 -4.5 -12 -19.5
0.000421689 -5 -12.5 -19
0.000299106 -5.5 -13 -18.5
0.000128042 -6 -13.5 -18
2.42387e-05 -6.5 -14 -17.5
0.000599678 -4.5 -12 -19
0.000514042 -5 -12.5 -18.5
0.000397071 -5.5 -13 -18
0.000195894 -6 -13.5 -17.5
5.39988e-05 -6.5 -14 -17
0.000581449 -4.5 -12 -18.5
0.000550525 -5 -12.5 -18
0.000420442 -5.5 -13 -17.5
0.00039191 -4 -11.5 -18.5
0.000511189 -4.5 -12 -18
0.000488737 -5 -12.5 -17.5
0.000371546 -5.5 -13 -17
0.000232856 -4 -11.5 -18
0.000353389 -4.5 -12 -17.5
0.000327352 -5 -12.5 -17
9.2061e-05 -4 -11.5 -17.5
0.000178072 -4.5 -12 -17
0.00016082 -5 -12.5 -16.5
0.000115656 -6 -13.5 -15.5
3.1489e-05 -4.5 -12 -16.5
3.7014e-05 -5 -12.5 -16
4.41229e-05 -5.5 -13 -15.5
8.68629e-05 -3 -9.5 -19
3.97052e-05 -3.5 -9 -18.5
0.000213925 -3 -9.5 -19.5
0.000332439 -3 -9.5 -20
0.000497152 -3.5 -9 -19.5
3.35287e-05 -4 -8.5 -19
0.000397752 -3 -9.5 -20.5
0.000406592 -3 -9.5 -21
0.000289629 -3 -9.5 -21.5
0.000131021 -3 -9.5 -22
3.20662e-05 -3 -9.5 -22.5
0.000235545 -3.5 -9 -22
6.80616e-05 -4 -8.5 -21.5
0.000514897 -3.5 -9 -21.5
0.000112407 -4 -8.5 -21
0.000703694 -3.5 -9 -21
5.40271e-05 -3.5 -9 -22.5
2.8994e-05 -4 -8.5 -22
0.000138013 -4 -8.5 -20.5
0.00081793 -3.5 -9 -20.5
0.000141005 -4 -8.5 -20
0.000757025 -3.5 -9 -20
9.47862e-05 -4 -8.5 -19.5
0.000207445 -3.5 -9 -19
3.36811e-05 -7.5 -15.5 -12.5
3.26726e-05 -7 -15 -13
2.32319e-05 -6.5 -14.5 -13.5
4.07932e-05 -7.5 -15.5 -13
6.41234e-05 -7 -15 -13.5
6.62444e-05 -6.5 -14.5 -14
5.557e-05 -6 -14 -14.5
3.89931e-05 -7.5 -15.5 -13.5
8.87044e-05 -7 -15 -14
0.000127188 -6.5 -14.5 -14.5
2.94123e-05 -7.5 -15.5 -14
9.91304e-05 -7 -15 -14.5
2.65585e-05 -4 -12 -17
0.000181011 -6.5 -14.5 -15
0.00023948 -6 -14 -15.5
2.37733e-05 -3.5 -11.5 -18
9.21709e-05 -7 -15 -15
8.25759e-05 -4 -12 -17.5
0.00020566 -6.5 -14.5 -15.5
0.000321972 -6 -14 -16
5.06681e-05 -3.5 -11.5 -18.5
7.27213e-05 -7 -15 -15.5
0.00017157 -4 -12 -18
0.000205324 -6.5 -14.5 -16
8.07908e-05 -3.5 -11.5 -19
4.43496e-05 -7 -15 -16
0.000267448 -4 -12 -18.5
0.000164153 -6.5 -14.5 -16.5
9.69915e-05 -3.5 -11.5 -19.5
0.000307738 -4 -12 -19
0.000106449 -6.5 -14.5 -17
8.71439e-05 -3.5 -11.5 -20
0.000302975 -4 -12 -19.5
5.9305e-05 -6.5 -14.5 -17.5
5.80054e-05 -3.5 -11.5 -20.5
0.000203136 -4 -12 -20
3.0587e-05 -6.5 -14.5 -18
2.12389e-05 -3.5 -11.5 -21
9.44042e-05 -4 -12 -20.5
0.000170459 -4.5 -12.5 -20
2.34404e-05 -4 -12 -21
2.20673e-05 -5 -13 -20.5
5.77657e-05 -4.5 -12.5 -20.5
7.91301e-05 -5 -13 -20
6.86441e-05 -5.5 -13.5 -19.5
4.13675e-05 -6 -14 -19
0.000190789 -5 -13 -19.5
0.000159791 -5.5 -13.5 -19
9.47164e-05 -6 -14 -18.5
0.000326229 -4.5 -12.5 -19.5
0.000345357 -5 -13 -19
0.000282175 -5.5 -13.5 -18.5
0.000173276 -6 -14 -18
0.000471097 -4.5 -12.5 -19
0.000483503 -5 -13 -18.5
0.000394759 -5.5 -13.5 -18
0.000267649 -6 -14 -17.5
0.00052974 -4.5 -12.5 -18.5
0.000545595 -5 -13 -18
0.000463292 -5.5 -13.5 -17.5
0.000347479 -6 -14 -17
0.000465017 -4.5 -12.5 -18
0.000515903 -5 -13 -17.5
0.000478513 -5.5 -13.5 -17
0.00036308 -6 -14 -16.5
0.00033519 -4.5 -12.5 -17.5
0.000438217 -5 -13 -17
0.000418212 -5.5 -13.5 -16.5
0.000187464 -4.5 -12.5 -17
0.000294349 -5 -13 -16.5
0.000277102 -5.5 -13.5 -16
7.10001e-05 -4.5 -12.5 -16.5
0.000137614 -5 -13 -16
0.000139584 -5.5 -13.5 -15.5
0.000138275 -6 -14 -15
2.26725e-05 -5 -13 -15.5
3.62027e-05 -5.5 -13.5 -15
2.39064e-05 -11 -19.5 -1.5
0.000108138 -3 -9 -19
2.60948e-05 -10.5 -19 -2.5
2.75527e-05 -11 -19.5 -2
0.000305824 -3 -9 -19.5
2.25419e-05 -11 -19.5 -2.5
2.88119e-05 -10.5 -19 -3
2.09082e-05 -2.5 -9.5 -20.5
0.000523802 -3 -9 -20
0.000313836 -3.5 -8.5 -19.5
2.90116e-05 -10.5 -19 -3.5
2.39395e-05 -2.5 -9.5 -21
0.000664343 -3 -9 -20.5
0.000558439 -3.5 -8.5 -20
2.24162e-05 -10 -18.5 -4.5
2.62461e-05 -10.5 -19 -4
0.000694039 -3 -9 -21
0.000687546 -3.5 -8.5 -20.5
2.53602e-05 -10 -18.5 -5
0.00055789 -3 -9 -21.5
0.000699699 -3.5 -8.5 -21
0.000287249 -3 -9 -22
2.63198e-05 -10 -18.5 -5.5
2.09847e-05 -9.5 -18 -6
7.63993e-05 -3 -9 -22.5
0.00026975 -3.5 -8.5 -22
2.60155e-05 -9.5 -18 -6.5
7.27557e-05 -3.5 -8.5 -22.5
2.51223e-05 -9.5 -18 -7
2.18017e-05 -9 -17.5 -7.5
0.000538504 -3.5 -8.5 -21.5
2.83804e-05 -4 -8 -20.5
2.62326e-05 -9 -17.5 -8
2.87979e-05 -4 -8 -20
2.81968e-05 -9 -17.5 -8.5
2.3147e-05 -8.5 -17 -9
2.27062e-05 -9 -17.5 -9
3.19923e-05 -8.5 -17 -9.5
2.17453e-05 -8 -16.5 -10
3.73054e-05 -8.5 -17 -10
3.64073e-05 -8 -16.5 -10.5
2.12014e-05 -7.5 -16 -11
3.45478e-05 -8.5 -17 -10.5
5.06382e-05 -8 -16.5 -11
4.10064e-05 -7.5 -16 -11.5
2.67206e-05 -7 -15.5 -12
2.54811e-05 -8.5 -17 -11
5.58191e-05 -8 -16.5 -11.5
7.37677e-05 -7.5 -16 -12
6.15299e-05 -7 -15.5 -12.5
3.5631e-05 -6.5 -15 -13
5.33038e-05 -8 -16.5 -12
9.75495e-05 -7.5 -16 -12.5
0.000107666 -7 -15.5 -13
9.38299e-05 -6.5 -15 -13.5
4.81998e-05 -8 -16.5 -12.5
0.000108225 -7.5 -16 -13
0.00015515 -7 -15.5 -13.5
0.000162249 -6.5 -15 -14
3.36909e-05 -8 -16.5 -13
0.000104304 -7.5 -16 -13.5
0.000184843 -7 -15.5 -14
0.000239384 -6.5 -15 -14.5
0.000268191 -6 -14.5 -15
2.18946e-05 -4 -12.5 -17
8.64181e-05 -7.5 -16 -14
0.000194872 -7 -15.5 -14.5
0.000294404 -6.5 -15 -15
7.0874e-05 -4.5 -13 -16.5
5.26758e-05 -4 -12.5 -17.5
5.92121e-05 -7.5 -16 -14.5
0.000173164 -7 -15.5 -15
0.000319839 -6.5 -15 -15.5
0.000162119 -4.5 -13 -17
2.15168e-05 -3.5 -12 -18.5
3.42156e-05 -7.5 -16 -15
9.94773e-05 -4 -12.5 -18
0.000133245 -7 -15.5 -15.5
0.000287798 -6.5 -15 -16
0.000262591 -4.5 -13 -17.5
2.82088e-05 -3.5 -12 -19
0.000131688 -4 -12.5 -18.5
8.59449e-05 -7 -15.5 -16
0.000348858 -6 -14.5 -17
3.03407e-05 -3.5 -12 -19.5
0.000145982 -4 -12.5 -19
4.83134e-05 -7 -15.5 -16.5
0.000257318 -6 -14.5 -17.5
0.000117941 -4 -12.5 -19.5
8.46667e-05 -6.5 -15 -17.5
0.000156429 -6 -14.5 -18
5.58727e-05 -4 -12.5 -20
4.00305e-05 -6.5 -15 -18
0.000153397 -4.5 -13 -19.5
5.89029e-05 -4.5 -13 -20
2.76416e-05 -5 -13.5 -20
3.66408e-05 -5.5 -14 -19.5
3.33728e-05 -6 -14.5 -19
9.88522e-05 -5 -13.5 -19.5
0.000101516 -5.5 -14 -19
7.75706e-05 -6 -14.5 -18.5
0.000217426 -5 -13.5 -19
0.000208343 -5.5 -14 -18.5
0.000264678 -4.5 -13 -19
0.000359774 -5 -13.5 -18.5
0.000336549 -5.5 -14 -18
0.000147575 -6.5 -15 -17
0.000349073 -4.5 -13 -18.5
0.0004667 -5 -13.5 -18
0.000441509 -5.5 -14 -17.5
0.000223347 -6.5 -15 -16.5
0.000326422 -4.5 -13 -18
0.000480008 -5 -13.5 -17.5
0.000482363 -5.5 -14 -17
0.00040169 -6 -14.5 -16.5
0.00042263 -5 -13.5 -17
0.000456088 -5.5 -14 -16.5
0.000408138 -6 -14.5 -16
0.000292448 -5 -13.5 -16.5
0.000381198 -5.5 -14 -16
0.000372677 -6 -14.5 -15.5
0.000166329 -5 -13.5 -16
0.000265484 -5.5 -14 -15.5
6.42826e-05 -5 -13.5 -15.5
0.000136215 -5.5 -14 -15
0.000155182 -6 -14.5 -14.5
3.15013e-05 -5.5 -14 -14.5
6.17932e-05 -6 -14.5 -14
9.94511e-05 -3.5 -8.5 -19
2.46375e-05 -10.5 -19.5 -1.5
2.31962e-05 -2.5 -9 -19.5
0.000107031 -3 -8.5 -19
2.93948e-05 -11 -20 -1.5
2.00625e-05 -10 -19 -2.5
4.34228e-05 -10.5 -19.5 -2
4.93557e-05 -2.5 -9 -20
0.000340427 -3 -8.5 -19.5
3.13548e-05 -11 -20 -2
4.82123e-05 -10.5 -19.5 -2.5
3.76177e-05 -10 -19 -3
7.93436e-05 -2.5 -9 -20.5
0.000626547 -3 -8.5 -20
0.000164764 -3.5 -8 -19.5
2.82648e-05 -11 -20 -2.5
4.96225e-05 -10.5 -19.5 -3
4.73237e-05 -10 -19 -3.5
0.000100749 -2.5 -9 -21
0.000853831 -3 -8.5 -20.5
2.18439e-05 -11 -20 -3
4.79209e-05 -10.5 -19.5 -3.5
2.45569e-05 -9.5 -18.5 -4.5
5.67249e-05 -10 -19 -4
9.78354e-05 -2.5 -9 -21.5
4.07793e-05 -10.5 -19.5 -4
5.93443e-05 -10 -19 -4.5
4.18403e-05 -9.5 -18.5 -5
6.52442e-05 -2.5 -9 -22
0.000772258 -3 -8.5 -21.5
0.000457463 -3.5 -8 -21
3.27019e-05 -10.5 -19.5 -4.5
5.82881e-05 -10 -19 -5
5.74099e-05 -9.5 -18.5 -5.5
2.29983e-05 -10.5 -19.5 -5
0.000157644 -3 -8.5 -22.5
5.11406e-05 -10 -19 -5.5
0.000235696 -3.5 -8 -22
2.48231e-05 -9 -18 -6
6.26007e-05 -9.5 -18.5 -6
0.000462193 -3 -8.5 -22
0.000388325 -3.5 -8 -21.5
7.61079e-05 -3.5 -8 -22.5
4.13108e-05 -10 -19 -6
6.43322e-05 -9.5 -18.5 -6.5
4.09685e-05 -9 -18 -6.5
5.39245e-05 -9 -18 -7
2.61221e-05 -8.5 -17.5 -7.5
2.84295e-05 -10 -19 -6.5
5.94496e-05 -9.5 -18.5 -7
6.61344e-05 -9 -18 -7.5
4.12486e-05 -8.5 -17.5 -8
0.000886622 -3 -8.5 -21
5.03645e-05 -9.5 -18.5 -7.5
7.08336e-05 -9 -18 -8
5.63803e-05 -8.5 -17.5 -8.5
2.7218e-05 -8 -17 -9
0.00046513 -3.5 -8 -20.5
0.000354958 -3.5 -8 -20
7.01144e-05 -9 -18 -8.5
7.45655e-05 -8.5 -17.5 -9
4.73178e-05 -8 -17 -9.5
3.56134e-05 -9.5 -18.5 -8
6.12428e-05 -9 -18 -9
8.57073e-05 -8.5 -17.5 -9.5
7.49241e-05 -8 -17 -10
4.45666e-05 -7.5 -16.5 -10.5
4.84342e-05 -9 -18 -9.5
8.95408e-05 -8.5 -17.5 -10
0.00010289 -8 -17 -10.5
8.28536e-05 -7.5 -16.5 -11
4.06498e-05 -7 -16 -11.5
3.36317e-05 -9 -18 -10
8.26476e-05 -8.5 -17.5 -10.5
0.000121862 -8 -17 -11
0.000118713 -7.5 -16.5 -11.5
9.32982e-05 -7 -16 -12
4.22942e-05 -6.5 -15.5 -12.5
6.79514e-05 -8.5 -17.5 -11
0.000128154 -8 -17 -11.5
0.000159794 -7.5 -16.5 -12
0.000150695 -7 -16 -12.5
0.000115153 -6.5 -15.5 -13
4.89867e-05 -8.5 -17.5 -11.5
0.000121168 -8 -17 -12
0.000184229 -7.5 -16.5 -12.5
0.000199852 -7 -16 -13
0.000198732 -6.5 -15.5 -13.5
2.9181e-05 -8.5 -17.5 -12
0.000103579 -8 -17 -12.5
0.000192047 -7.5 -16.5 -13
0.000249721 -7 -16 -13.5
0.000263207 -6 -15 -14.5
7.52447e-05 -8 -17 -13
0.000178013 -7.5 -16.5 -13.5
0.000277702 -7 -16 -14
0.000334613 -6.5 -15.5 -14.5
6.76702e-05 -5 -14 -15.5
4.66637e-05 -8 -17 -13.5
0.000147093 -7.5 -16.5 -14
5.22571e-05 -4.5 -13.5 -16.5
0.000267906 -7 -16 -14.5
0.000347063 -6.5 -15.5 -15
0.000149611 -5 -14 -16
2.80088e-05 -4 -13 -17.5
0.000103792 -7.5 -16.5 -14.5
0.000107096 -4.5 -13.5 -17
0.000226974 -7 -16 -15
0.000331144 -6.5 -15.5 -15.5
0.000246031 -5 -14 -16.5
4.09364e-05 -4 -13 -18
6.59456e-05 -7.5 -16.5 -15
0.000152454 -4.5 -13.5 -17.5
0.000172423 -7 -16 -15.5
4.54729e-05 -4 -13 -18.5
3.83736e-05 -7.5 -16.5 -15.5
0.000173684 -4.5 -13.5 -18
0.000115163 -7 -16 -16
0.000212268 -6.5 -15.5 -16.5
4.30003e-05 -4 -13 -19
6.77434e-05 -7 -16 -16.5
0.000155359 -4.5 -13.5 -18.5
2.10324e-05 -4 -13 -19.5
3.41877e-05 -7 -16 -17
9.52092e-05 -4.5 -13.5 -19
3.38664e-05 -4.5 -13.5 -19.5
2.19893e-05 -6.5 -15.5 -18.5
2.73622e-05 -5 -14 -19.5
4.38411e-05 -5.5 -14.5 -19
4.38923e-05 -6 -15 -18.5
3.42402e-05 -6.5 -15.5 -18
8.82959e-05 -5 -14 -19
0.00011466 -5.5 -14.5 -18.5
9.88295e-05 -6 -15 -18
7.03192e-05 -6.5 -15.5 -17.5
0.000186027 -5 -14 -18.5
0.000221286 -5.5 -14.5 -18
0.000191509 -6 -15 -17.5
0.000133139 -6.5 -15.5 -17
0.000286093 -5 -14 -18
0.000342587 -5.5 -14.5 -17.5
0.000295395 -6 -15 -17
0.000344625 -5 -14 -17.5
0.000427735 -5.5 -14.5 -17
0.000377069 -6 -15 -16.5
0.000285961 -6.5 -15.5 -16
0.000320772 -5 -14 -17
0.000422704 -5.5 -14.5 -16.5
0.000411352 -6 -15 -16
0.000374992 -5.5 -14.5 -16
0.00039366 -6 -15 -15.5
0.000268641 -5.5 -14.5 -15.5
0.000347571 -6 -15 -15
0.000165169 -5.5 -14.5 -15
0.000283613 -6.5 -15.5 -14
7.44509e-05 -5.5 -14.5 -14.5
0.000165914 -6 -15 -14
6.05679e-05 -6 -15 -13.5
3.32834e-05 -3.5 -8 -19
4.76009e-05 -2.5 -8.5 -19.5
4.96472e-05 -3 -8 -19
2.08197e-05 -10 -19.5 -2
2.6959e-05 -10.5 -20 -1.5
0.000119754 -2.5 -8.5 -20
0.000247304 -3 -8 -19.5
4.15038e-05 -10.5 -20 -2
3.89763e-05 -10 -19.5 -2.5
0.000230396 -2.5 -8.5 -20.5
2.47213e-05 -11 -20.5 -2
4.65629e-05 -10.5 -20 -2.5
2.76516e-05 -9.5 -19 -3.5
5.76432e-05 -10 -19.5 -3
0.00029655 -2.5 -8.5 -21
0.000882556 -3 -8 -20.5
2.56869e-05 -11 -20.5 -2.5
4.82277e-05 -10.5 -20 -3
6.65894e-05 -10 -19.5 -3.5
4.66763e-05 -9.5 -19 -4
0.000295249 -2.5 -8.5 -21.5
0.000946802 -3 -8 -21
2.3862e-05 -11 -20.5 -3
4.89279e-05 -10.5 -20 -3.5
7.23794e-05 -10 -19.5 -4
7.21597e-05 -9.5 -19 -4.5
0.000229627 -2.5 -8.5 -22
2.01214e-05 -11 -20.5 -3.5
4.5739e-05 -10.5 -20 -4
7.34394e-05 -10 -19.5 -4.5
8.44075e-05 -9.5 -19 -5
0.000100066 -2.5 -8.5 -22.5
4.40482e-05 -9 -18.5 -5.5
3.96138e-05 -10.5 -20 -4.5
7.35224e-05 -10 -19.5 -5
0.000241071 -3 -8 -22.5
9.14516e-05 -9.5 -19 -5.5
0.000117013 -3.5 -7.5 -22
7.40785e-05 -9 -18.5 -6
3.90381e-05 -3 -8 -23
4.22267e-05 -3.5 -7.5 -22.5
3.02969e-05 -10.5 -20 -5
6.65304e-05 -10 -19.5 -5.5
9.43859e-05 -9.5 -19 -6
2.0333e-05 -8.5 -18 -6.5
0.000583282 -3 -8 -22
9.15214e-05 -9 -18.5 -6.5
4.97782e-05 -8.5 -18 -7
5.61401e-05 -10 -19.5 -6
9.62537e-05 -9.5 -19 -6.5
0.000105201 -9 -18.5 -7
7.62829e-05 -8.5 -18 -7.5
4.20539e-05 -10 -19.5 -6.5
8.82621e-05 -9.5 -19 -7
0.000113839 -9 -18.5 -7.5
2.60072e-05 -8 -17.5 -8
0.000100805 -8.5 -18 -8
0.000195948 -3.5 -7.5 -21.5
5.4387e-05 -8 -17.5 -8.5
0.000850727 -3 -8 -21.5
2.9428e-05 -10 -19.5 -7
7.50282e-05 -9.5 -19 -7.5
0.000119415 -9 -18.5 -8
0.000120914 -8.5 -18 -8.5
8.59903e-05 -8 -17.5 -9
0.000222918 -3.5 -7.5 -21
3.26059e-05 -7.5 -17 -9.5
5.88689e-05 -9.5 -19 -8
0.000113052 -9 -18.5 -8.5
0.000136014 -8.5 -18 -9
0.00011826 -8 -17.5 -9.5
7.04551e-05 -7.5 -17 -10
4.26666e-05 -9.5 -19 -8.5
9.95557e-05 -9 -18.5 -9
0.000145483 -8.5 -18 -9.5
0.00014642 -8 -17.5 -10
0.000116919 -7.5 -17 -10.5
5.62963e-05 -7 -16.5 -11
2.78012e-05 -9.5 -19 -9
8.13116e-05 -9 -18.5 -9.5
0.000146022 -8.5 -18 -10
0.000169879 -8 -17.5 -10.5
0.000166016 -7.5 -17 -11
0.000119655 -7 -16.5 -11.5
5.90159e-05 -9 -18.5 -10
0.000130931 -8.5 -18 -10.5
0.000189287 -8 -17.5 -11
0.000208349 -7.5 -17 -11.5
0.000183551 -7 -16.5 -12
3.88012e-05 -9 -18.5 -10.5
0.000108084 -8.5 -18 -11
0.000194765 -8 -17.5 -11.5
0.0002331 -7.5 -17 -12
0.000242135 -7 -16.5 -12.5
8.13651e-05 -8.5 -18 -11.5
0.000175831 -8 -17.5 -12
0.000244224 -7.5 -17 -12.5
0.000282051 -7 -16.5 -13
3.3725e-05 -5.5 -15 -14
5.40458e-05 -8.5 -18 -12
0.000146217 -8 -17.5 -12.5
0.0002374 -7.5 -17 -13
2.13195e-05 -5 -14.5 -15
0.000296798 -7 -16.5 -13.5
0.000317787 -6.5 -16 -14
3.27124e-05 -8.5 -18 -12.5
0.000108967 -8 -17.5 -13
0.000209267 -7.5 -17 -13.5
5.34551e-05 -5 -14.5 -15.5
0.000283427 -7 -16.5 -14
0.000335026 -6.5 -16 -14.5
7.42649e-05 -8 -17.5 -13.5
3.05754e-05 -4.5 -14 -16.5
0.000166576 -7.5 -17 -14
0.00026352 -7 -16.5 -14.5
0.000108779 -5 -14.5 -16
4.85567e-05 -4.5 -14 -17
4.63139e-05 -8 -17.5 -14
0.00012234 -7.5 -17 -14.5
0.000157234 -5 -14.5 -16.5
0.000215996 -7 -16.5 -15
5.8408e-05 -4.5 -14 -17.5
2.71632e-05 -8 -17.5 -14.5
8.07885e-05 -7.5 -17 -15
0.000157327 -7 -16.5 -15.5
0.000179859 -5 -14.5 -17
0.000232152 -6.5 -16 -16
5.86346e-05 -4.5 -14 -18
4.49657e-05 -7.5 -17 -15.5
0.000169114 -5 -14.5 -17.5
3.3693e-05 -4.5 -14 -18.5
8.61827e-05 -6.5 -16 -17
2.96117e-05 -7 -16.5 -17
3.57333e-05 -5.5 -15 -18.5
4.47643e-05 -6 -15.5 -18
4.18722e-05 -6.5 -16 -17.5
5.21539e-05 -5 -14.5 -18.5
9.79312e-05 -5.5 -15 -18
0.000105394 -6 -15.5 -17.5
5.46125e-05 -7 -16.5 -16.5
0.000112419 -5 -14.5 -18
0.00018488 -5.5 -15 -17.5
0.000191792 -6 -15.5 -17
0.000154085 -6.5 -16 -16.5
9.9403e-05 -7 -16.5 -16
0.00026942 -5.5 -15 -17
0.000286457 -6 -15.5 -16.5
0.000311542 -5.5 -15 -16.5
0.000356829 -6 -15.5 -16
0.000300949 -6.5 -16 -15.5
0.000293308 -5.5 -15 -16
0.000364128 -6 -15.5 -15.5
0.000338076 -6.5 -16 -15
0.000234496 -5.5 -15 -15.5
0.000336652 -6 -15.5 -15
0.000150327 -5.5 -15 -15
0.000260333 -6 -15.5 -14.5
7.59085e-05 -5.5 -15 -14.5
0.000176046 -6 -15.5 -14
0.000269713 -6.5 -16 -13.5
0.000100596 -6 -15.5 -13.5
0.000201891 -6.5 -16 -13
3.89023e-05 -6 -15.5 -13
0.000113903 -6.5 -16 -12.5
4.45699e-05 -6.5 -16 -12
0.000223076 -3.5 -7.5 -20.5
0.000143226 -3.5 -7.5 -20
0.000614402 -3 -8 -20
4.85679e-05 -3.5 -7.5 -19.5
7.77721e-05 -2.5 -8 -19.5
0.000237716 -2.5 -8 -20
0.000135302 -3 -7.5 -19.5
0.000478343 -2.5 -8 -20.5
2.15142e-05 -10.5 -20.5 -2
3.37819e-05 -10 -20 -2.5
0.00061401 -2.5 -8 -21
0.000712787 -3 -7.5 -20.5
3.24429e-05 -10.5 -20.5 -2.5
3.18456e-05 -9.5 -19.5 -3.5
5.10275e-05 -10 -20 -3
0.000608237 -2.5 -8 -21.5
0.000838839 -3 -7.5 -21
3.63954e-05 -10.5 -20.5 -3
5.93842e-05 -10 -20 -3.5
5.63672e-05 -9.5 -19.5 -4
0.000478205 -2.5 -8 -22
3.77211e-05 -10.5 -20.5 -3.5
6.57518e-05 -10 -20 -4
4.47577e-05 -9 -19 -5
7.7171e-05 -9.5 -19.5 -4.5
0.000247088 -2.5 -8 -22.5
3.81499e-05 -10.5 -20.5 -4
4.92701e-05 -2.5 -8 -23
6.76531e-05 -10 -20 -4.5
8.73802e-05 -9.5 -19.5 -5
6.0597e-05 -3 -7.5 -23
3.58443e-05 -10.5 -20.5 -4.5
6.81064e-05 -10 -20 -5
7.47426e-05 -9 -19 -5.5
9.39389e-05 -9.5 -19.5 -5.5
9.81294e-05 -9 -19 -6
0.000286053 -3 -7.5 -22.5
3.167e-05 -10.5 -20.5 -5
6.42206e-05 -10 -20 -5.5
9.567e-05 -9.5 -19.5 -6
4.97225e-05 -8.5 -18.5 -6.5
0.000114369 -9 -19 -6.5
8.74343e-05 -8.5 -18.5 -7
3.18461e-05 -3.5 -7 -22
2.66395e-05 -10.5 -20.5 -5.5
5.71527e-05 -10 -20 -6
9.70204e-05 -9.5 -19.5 -6.5
0.000125309 -9 -19 -7
0.000119527 -8.5 -18.5 -7.5
2.63441e-05 -8 -18 -7.5
5.57024e-05 -8 -18 -8
0.000616867 -3 -7.5 -22
4.93448e-05 -10 -20 -6.5
9.29642e-05 -9.5 -19.5 -7
0.000129026 -9 -19 -7.5
0.000142762 -8.5 -18.5 -8
4.28337e-05 -3.5 -7 -21.5
0.000104311 -8 -18 -8.5
0.000824776 -3 -7.5 -21.5
3.01639e-05 -7.5 -17.5 -9
3.92619e-05 -10 -20 -7
8.47167e-05 -9.5 -19.5 -7.5
0.000130989 -9 -19 -8
0.00015872 -8.5 -18.5 -8.5
0.000143963 -8 -18 -9
7.54605e-05 -7.5 -17.5 -9.5
2.88532e-05 -10 -20 -7.5
7.26541e-05 -9.5 -19.5 -8
0.000127117 -9 -19 -8.5
0.000164496 -8.5 -18.5 -9
0.000173043 -8 -18 -9.5
0.000126078 -7.5 -17.5 -10
5.75813e-05 -9.5 -19.5 -8.5
0.000115239 -9 -19 -9
0.00016599 -8.5 -18.5 -9.5
0.000194185 -8 -18 -10
0.000175451 -7.5 -17.5 -10.5
4.08447e-05 -9.5 -19.5 -9
9.80151e-05 -9 -19 -9.5
0.000161037 -8.5 -18.5 -10
0.000202715 -8 -18 -10.5
0.000212697 -7.5 -17.5 -11
0.000155808 -7 -17 -11.5
2.31623e-05 -6.5 -16.5 -11.5
2.6793e-05 -9.5 -19.5 -9.5
7.7686e-05 -9 -19 -10
0.000146182 -8.5 -18.5 -10.5
0.000200643 -8 -18 -11
0.000239115 -7.5 -17.5 -11.5
0.000215199 -7 -17 -12
5.68771e-05 -9 -19 -10.5
0.000124262 -8.5 -18.5 -11
0.000195606 -8 -18 -11.5
0.000248797 -7.5 -17.5 -12
0.000253407 -7 -17 -12.5
3.83161e-05 -9 -19 -11
9.7753e-05 -8.5 -18.5 -11.5
0.000174467 -8 -18 -12
0.000239775 -7.5 -17.5 -12.5
2.9159e-05 -5.5 -15.5 -14
0.00027626 -7 -17 -13
2.06399e-05 -9 -19 -11.5
7.09249e-05 -8.5 -18.5 -12
0.000141798 -8 -18 -12.5
0.000220568 -7.5 -17.5 -13
5.83839e-05 -5.5 -15.5 -14.5
0.000284043 -7 -17 -13.5
4.67045e-05 -8.5 -18.5 -12.5
0.000105959 -8 -18 -13
3.39174e-05 -5 -15 -15.5
0.000187109 -7.5 -17.5 -13.5
0.000261195 -7 -17 -14
0.000111443 -5.5 -15.5 -15
2.94072e-05 -8.5 -18.5 -13
7.38774e-05 -8 -18 -13.5
5.25996e-05 -5 -15 -16
0.0001452 -7.5 -17.5 -14
0.000218008 -7 -17 -14.5
0.00015079 -5.5 -15.5 -15.5
4.85917e-05 -8 -18 -14
6.31836e-05 -5 -15 -16.5
0.000101573 -7.5 -17.5 -14.5
0.000161308 -7 -17 -15
2.80432e-05 -8 -18 -14.5
6.1297e-05 -5 -15 -17
6.38621e-05 -7.5 -17.5 -15
4.02166e-05 -5 -15 -17.5
3.62683e-05 -7.5 -17.5 -15.5
6.0606e-05 -7 -17 -16
2.00322e-05 -7.5 -17.5 -16
3.06966e-05 -7 -17 -16.5
3.12884e-05 -6 -16 -17.5
3.74508e-05 -6.5 -16.5 -17
5.22203e-05 -5.5 -15.5 -17.5
7.8887e-05 -6 -16 -17
8.07429e-05 -6.5 -16.5 -16.5
0.000103927 -5.5 -15.5 -17
0.000147747 -6 -16 -16.5
0.000141307 -6.5 -16.5 -16
0.000105775 -7 -17 -15.5
0.000152433 -5.5 -15.5 -16.5
0.000216325 -6 -16 -16
0.000210318 -6.5 -16.5 -15.5
0.00016751 -5.5 -15.5 -16
0.0002598 -6 -16 -15.5
0.000268662 -6.5 -16.5 -15
0.000251639 -6 -16 -15
0.000302315 -6.5 -16.5 -14.5
0.00021809 -6 -16 -14.5
0.00029231 -6.5 -16.5 -14
0.000156453 -6 -16 -14
0.000256149 -6.5 -16.5 -13.5
9.64973e-05 -6 -16 -13.5
0.00019531 -6.5 -16.5 -13
5.15595e-05 -6 -16 -13
0.00012656 -6.5 -16.5 -12.5
7.02961e-05 -6.5 -16.5 -12
9.40677e-05 -7 -17 -11
4.78934e-05 -7 -17 -10.5
5.07207e-05 -3.5 -7 -21
5.15973e-05 -3.5 -7 -20.5
3.09787e-05 -3.5 -7 -20
0.000422486 -3 -7.5 -20
8.94438e-05 -2.5 -7.5 -19.5
2.25563e-05 -2 -8 -20.5
0.00032533 -2.5 -7.5 -20
3.46542e-05 -2 -8 -21
0.00069206 -2.5 -7.5 -20.5
4.31303e-05 -2 -8 -21.5
3.63564e-05 -2 -8 -22
0.000918984 -2.5 -7.5 -21.5
0.000624012 -3 -7 -21
2.52545e-05 -9.5 -20 -3.5
2.63935e-05 -10 -20.5 -3
3.1553e-05 -2 -8 -22.5
0.00075448 -2.5 -7.5 -22
3.72194e-05 -10 -20.5 -3.5
2.6307e-05 -9 -19.5 -4.5
4.58959e-05 -9.5 -20 -4
0.00041703 -2.5 -7.5 -22.5
4.31929e-05 -10 -20.5 -4
2.05466e-05 -10.5 -21 -4
7.13865e-05 -3 -7 -23
4.77782e-05 -10 -20.5 -4.5
4.3667e-05 -9 -19.5 -5
6.35638e-05 -9.5 -20 -4.5
7.47589e-05 -9.5 -20 -5
0.000110526 -2.5 -7.5 -23
2.43471e-05 -10.5 -21 -4.5
4.91192e-05 -10 -20.5 -5
2.926e-05 -8.5 -19 -6
8.18271e-05 -9.5 -20 -5.5
7.06426e-05 -9 -19.5 -5.5
9.2448e-05 -9 -19.5 -6
0.000277243 -3 -7 -22.5
2.47101e-05 -10.5 -21 -5
4.75373e-05 -10 -20.5 -5.5
8.42876e-05 -9.5 -20 -6
0.000107277 -9 -19.5 -6.5
5.15237e-05 -8.5 -19 -6.5
8.77117e-05 -8.5 -19 -7
2.23188e-05 -10.5 -21 -5.5
4.57078e-05 -10 -20.5 -6
8.23974e-05 -9.5 -20 -6.5
0.000116744 -9 -19.5 -7
3.35183e-05 -8 -18.5 -7.5
0.00011795 -8.5 -19 -7.5
2.02761e-05 -10.5 -21 -6
4.09325e-05 -10 -20.5 -6.5
7.89452e-05 -9.5 -20 -7
0.000120555 -9 -19.5 -7.5
0.000139464 -8.5 -19 -8
6.18314e-05 -8 -18.5 -8
0.000107368 -8 -18.5 -8.5
0.000482697 -3 -7 -22
4.25477e-05 -7.5 -18 -9
3.41425e-05 -10 -20.5 -7
7.33706e-05 -9.5 -20 -7.5
0.000117742 -9 -19.5 -8
0.000152503 -8.5 -19 -8.5
0.000144452 -8 -18.5 -9
8.255e-05 -7.5 -18 -9.5
2.69068e-05 -10 -20.5 -7.5
6.4096e-05 -9.5 -20 -8
0.000112065 -9 -19.5 -8.5
0.00015724 -8.5 -19 -9
0.000170563 -8 -18.5 -9.5
0.000124993 -7.5 -18 -10
2.32329e-05 -7 -17.5 -10
2.02635e-05 -10 -20.5 -8
5.22792e-05 -9.5 -20 -8.5
0.000102501 -9 -19.5 -9
0.000153308 -8.5 -19 -9.5
0.000186181 -8 -18.5 -10
0.000169352 -7.5 -18 -10.5
3.98259e-05 -9.5 -20 -9
8.76107e-05 -9 -19.5 -9.5
0.000142559 -8.5 -19 -10
0.000191909 -8 -18.5 -10.5
0.000203147 -7.5 -18 -11
3.01978e-05 -6.5 -17 -11.5
3.05056e-05 -9.5 -20 -9.5
7.05171e-05 -9 -19.5 -10
0.000128682 -8.5 -19 -10.5
0.000186345 -8 -18.5 -11
0.000218334 -7.5 -18 -11.5
2.37639e-05 -9.5 -20 -10
5.30393e-05 -9 -19.5 -10.5
0.000107712 -8.5 -19 -11
0.00016668 -8 -18.5 -11.5
0.000222397 -7.5 -18 -12
3.77213e-05 -6 -16.5 -13
3.75324e-05 -9 -19.5 -11
8.34884e-05 -8.5 -19 -11.5
0.000137978 -8 -18.5 -12
0.000200521 -7.5 -18 -12.5
2.86282e-05 -9 -19.5 -11.5
6.04362e-05 -8.5 -19 -12
0.000108171 -8 -18.5 -12.5
3.6043e-05 -5.5 -16 -14.5
0.000168696 -7.5 -18 -13
2.0972e-05 -5 -15.5 -15.5
4.07123e-05 -8.5 -19 -12.5
7.875e-05 -8 -18.5 -13
5.13717e-05 -5.5 -16 -15
0.000131314 -7.5 -18 -13.5
2.1619e-05 -5 -15.5 -16
2.41261e-05 -8.5 -19 -13
5.40807e-05 -8 -18.5 -13.5
5.83314e-05 -5.5 -16 -15.5
9.39316e-05 -7.5 -18 -14
3.61349e-05 -8 -18.5 -14
6.03732e-05 -7.5 -18 -14.5
5.28571e-05 -5.5 -16 -16
2.19248e-05 -8 -18.5 -14.5
3.40752e-05 -7.5 -18 -15
3.26613e-05 -5.5 -16 -16.5
4.88241e-05 -7 -17.5 -15.5
2.19555e-05 -7 -17.5 -16
3.26491e-05 -6 -16.5 -16.5
4.882e-05 -6.5 -17 -16
7.30206e-05 -6 -16.5 -16
9.21473e-05 -6.5 -17 -15.5
8.58677e-05 -7 -17.5 -15
0.000113047 -6 -16.5 -15.5
0.000142306 -6.5 -17 -15
0.000131026 -7 -17.5 -14.5
0.000134323 -6 -16.5 -15
0.000183191 -6.5 -17 -14.5
0.000178415 -7 -17.5 -14
0.000128446 -6 -16.5 -14.5
0.000201236 -6.5 -17 -14
0.00021502 -7 -17.5 -13.5
0.000109527 -6 -16.5 -14
0.000189263 -6.5 -17 -13.5
0.000233533 -7 -17.5 -13
6.45836e-05 -6 -16.5 -13.5
0.000153663 -6.5 -17 -13
0.000224153 -7 -17.5 -12.5
0.000109298 -6.5 -17 -12.5
0.000191572 -7 -17.5 -12
6.66671e-05 -6.5 -17 -12
0.000144298 -7 -17.5 -11.5
9.22494e-05 -7 -17.5 -11
5.26158e-05 -7 -17.5 -10.5
0.000601126 -3 -7 -21.5
0.00091773 -2.5 -7.5 -21
0.000506995 -3 -7 -20.5
0.000245762 -3 -7 -20
5.90591e-05 -3 -7 -19.5
2.92492e-05 -2 -7.5 -20
8.16056e-05 -2.5 -7 -19.5
8.06681e-05 -2 -7.5 -20.5
0.000136189 -2 -7.5 -21
0.00074958 -2.5 -7 -20.5
0.000160858 -2 -7.5 -21.5
0.000163011 -2 -7.5 -22
0.00102549 -2.5 -7 -21.5
0.000127476 -2 -7.5 -22.5
0.000886583 -2.5 -7 -22
5.10828e-05 -2 -7.5 -23
0.000544683 -2.5 -7 -22.5
0.000190716 -2.5 -7 -23
2.09804e-05 -2.5 -7 -23.5
3.04839e-05 -9.5 -20.5 -4.5
4.1803e-05 -9.5 -20.5 -5
2.94855e-05 -9 -20 -5
4.7797e-05 -9.5 -20.5 -5.5
2.57323e-05 -8.5 -19.5 -6
5.00943e-05 -9 -20 -5.5
6.38311e-05 -9 -20 -6
5.33808e-05 -3 -6.5 -23
2.39897e-05 -10 -21 -5.5
5.09672e-05 -9.5 -20.5 -6
7.61212e-05 -9 -20 -6.5
4.41666e-05 -8.5 -19.5 -6.5
7.10216e-05 -8.5 -19.5 -7
2.43254e-05 -10 -21 -6
5.17167e-05 -9.5 -20.5 -6.5
8.38906e-05 -9 -20 -7
9.06161e-05 -8.5 -19.5 -7.5
3.10394e-05 -8 -19 -7.5
2.282e-05 -10 -21 -6.5
5.01699e-05 -9.5 -20.5 -7
8.57041e-05 -9 -20 -7.5
0.000110251 -8.5 -19.5 -8
9.06627e-05 -8 -19 -8.5
5.50472e-05 -8 -19 -8
2.05237e-05 -10 -21 -7
4.62796e-05 -9.5 -20.5 -7.5
8.281e-05 -9 -20 -8
0.000118105 -8.5 -19.5 -8.5
0.000116177 -8 -19 -9
4.12306e-05 -9.5 -20.5 -8
7.73645e-05 -9 -20 -8.5
0.000119377 -8.5 -19.5 -9
0.000137033 -8 -19 -9.5
2.225e-05 -7 -18 -10
3.5486e-05 -9.5 -20.5 -8.5
6.82607e-05 -9 -20 -9
0.000111235 -8.5 -19.5 -9.5
0.000145595 -8 -19 -10
0.000126869 -7.5 -18.5 -10.5
4.18895e-05 -7 -18 -10.5
3.00927e-05 -9.5 -20.5 -9
5.66081e-05 -9 -20 -9.5
0.000100545 -8.5 -19.5 -10
0.000143479 -8 -19 -10.5
2.51084e-05 -6.5 -17.5 -11.5
2.3862e-05 -9.5 -20.5 -9.5
4.52647e-05 -9 -20 -10
8.56256e-05 -8.5 -19.5 -10.5
0.000128726 -8 -19 -11
0.000125797 -7 -18 -12
3.5908e-05 -9 -20 -10.5
6.78098e-05 -8.5 -19.5 -11
0.000105902 -8 -19 -11.5
0.000142683 -7.5 -18.5 -12
2.87456e-05 -9 -20 -11
5.02816e-05 -8.5 -19.5 -11.5
8.20321e-05 -8 -19 -12
3.51444e-05 -6 -17 -13.5
0.000119191 -7.5 -18.5 -12.5
2.19841e-05 -9 -20 -11.5
3.64267e-05 -8.5 -19.5 -12
5.98983e-05 -8 -19 -12.5
9.04179e-05 -7.5 -18.5 -13
4.34076e-05 -6 -17 -14
2.52606e-05 -8.5 -19.5 -12.5
4.03036e-05 -8 -19 -13
6.13887e-05 -7.5 -18.5 -13.5
4.32433e-05 -6 -17 -14.5
2.47598e-05 -8 -19 -13.5
3.65874e-05 -7.5 -18.5 -14
3.32523e-05 -6.5 -17.5 -15
4.23037e-05 -7 -18 -14.5
3.2912e-05 -6 -17 -15
6.02518e-05 -6.5 -17.5 -14.5
7.05467e-05 -7 -18 -14
8.49772e-05 -6.5 -17.5 -14
0.000100679 -7 -18 -13.5
9.5553e-05 -6.5 -17.5 -13.5
0.000126472 -7 -18 -13
8.7277e-05 -6.5 -17.5 -13
0.000137141 -7 -18 -12.5
7.06675e-05 -6.5 -17.5 -12.5
0.000152432 -7.5 -18.5 -11.5
4.31081e-05 -6.5 -17.5 -12
0.000103524 -7 -18 -11.5
0.000145641 -7.5 -18.5 -11
7.75335e-05 -7 -18 -11
0.00010071 -7.5 -18.5 -10
7.4305e-05 -7.5 -18.5 -9.5
4.05977e-05 -7.5 -18.5 -9
0.000164023 -3 -6.5 -22.5
0.000273973 -3 -6.5 -22
0.000325159 -3 -6.5 -21.5
0.000334225 -3 -6.5 -21
0.00101127 -2.5 -7 -21
0.000245652 -3 -6.5 -20.5
9.59177e-05 -3 -6.5 -20
0.000342481 -2.5 -7 -20
6.76194e-05 -2 -7 -20
0.000200271 -2 -7 -20.5
0.000362814 -2 -7 -21
0.000423852 -2 -7 -21.5
0.000985895 -2.5 -6.5 -21
0.000429223 -2 -7 -22
0.00102461 -2.5 -6.5 -21.5
0.000334242 -2 -7 -22.5
0.000905432 -2.5 -6.5 -22
0.000147766 -2 -7 -23
0.000578591 -2.5 -6.5 -22.5
3.12022e-05 -2 -7 -23.5
0.000251566 -2.5 -6.5 -23
3.8716e-05 -2.5 -6.5 -23.5
2.198e-05 -9 -20.5 -6
3.11464e-05 -9 -20.5 -6.5
3.24631e-05 -8.5 -20 -7
3.39729e-05 -9 -20.5 -7
4.68155e-05 -8.5 -20 -7.5
3.50096e-05 -9 -20.5 -7.5
5.25812e-05 -8.5 -20 -8
3.30066e-05 -8 -19.5 -8
5.16461e-05 -8 -19.5 -8.5
3.39457e-05 -9 -20.5 -8
5.52483e-05 -8.5 -20 -8.5
6.13134e-05 -8 -19.5 -9
2.58517e-05 -7.5 -19 -9
3.12953e-05 -9 -20.5 -8.5
5.36022e-05 -8.5 -20 -9
6.74201e-05 -8 -19.5 -9.5
2.64721e-05 -9 -20.5 -9
4.87928e-05 -8.5 -20 -9.5
6.89795e-05 -8 -19.5 -10
2.50164e-05 -7 -18.5 -10.5
4.21847e-05 -8.5 -20 -10
6.06174e-05 -8 -19.5 -10.5
6.42378e-05 -7.5 -19 -11
3.27851e-05 -8.5 -20 -10.5
4.8618e-05 -8 -19.5 -11
5.90785e-05 -7.5 -19 -11.5
2.14675e-05 -8.5 -20 -11
3.61996e-05 -8 -19.5 -11.5
2.59569e-05 -6.5 -18 -12.5
2.30217e-05 -8 -19.5 -12
2.90497e-05 -7 -18.5 -13
3.35355e-05 -7.5 -19 -12.5
2.61972e-05 -6.5 -18 -13
4.44405e-05 -7 -18.5 -12.5
4.76927e-05 -7.5 -19 -12
5.21385e-05 -7 -18.5 -12
4.78753e-05 -7 -18.5 -11.5
3.4966e-05 -7 -18.5 -11
6.1707e-05 -7.5 -19 -10.5
5.5154e-05 -7.5 -19 -10
3.71377e-05 -7.5 -19 -9.5
2.13728e-05 -3 -6 -23
5.63031e-05 -3 -6 -22.5
7.72545e-05 -3 -6 -22
8.54077e-05 -3 -6 -21.5
8.93285e-05 -3 -6 -21
6.25076e-05 -3 -6 -20.5
0.00061299 -2.5 -6.5 -20.5
2.28656e-05 -3 -6 -20
0.000214817 -2.5 -6.5 -20
3.55295e-05 -2.5 -6.5 -19.5
0.000119517 -2 -6.5 -20
0.000370688 -2 -6.5 -20.5
0.00011383 -2.5 -6 -20
0.000653776 -2 -6.5 -21
0.000763535 -2 -6.5 -21.5
0.000668816 -2.5 -6 -21
0.00075995 -2 -6.5 -22
0.000292331 -2 -6.5 -23
4.98555e-05 -2 -6.5 -23.5
5.93193e-05 -2.5 -6 -23.5
0.000269106 -2.5 -6 -23
0.000549398 -2.5 -6 -22.5
0.000604837 -2 -6.5 -22.5
0.000704757 -2.5 -6 -22
0.000739438 -2.5 -6 -21.5
0.000376025 -2.5 -6 -20.5
2.01798e-05 -2 -6 -19.5
0.000133158 -2 -6 -20
3.06026e-05 -1.5 -6.5 -21
0.000440735 -2 -6 -20.5
4.45639e-05 -2.5 -5.5 -20
4.81516e-05 -1.5 -6.5 -21.5
0.000813117 -2 -6 -21
0.000192602 -2.5 -5.5 -20.5
5.75675e-05 -1.5 -6.5 -22
5.52206e-05 -1.5 -6.5 -22.5
0.000969596 -2 -6 -22
3.87125e-05 -1.5 -6.5 -23
0.000444145 -2 -6 -23
0.000119573 -2 -6 -23.5
6.52398e-05 -2.5 -5.5 -23.5
0.000195703 -2.5 -5.5 -23
0.000330402 -2.5 -5.5 -22.5
0.000797583 -2 -6 -22.5
0.000419857 -2.5 -5.5 -22
0.000442816 -2.5 -5.5 -21.5
0.000988662 -2 -6 -21.5
0.00038209 -2.5 -5.5 -21
4.46868e-05 -1.5 -6 -20.5
0.000109548 -1.5 -6 -21
0.000175769 -1.5 -6 -21.5
0.000809845 -2 -5.5 -21
4.9174e-05 -2.5 -5 -20.5
0.000202697 -1.5 -6 -22
0.000195239 -1.5 -6 -22.5
0.000141981 -1.5 -6 -23
5.07957e-05 -1.5 -6 -23.5
0.000206593 -2 -5.5 -23.5
2.59872e-05 -2 -5.5 -24
3.65999e-05 -2.5 -5 -23.5
9.02422e-05 -2.5 -5 -23
0.00054532 -2 -5.5 -23
0.000142216 -2.5 -5 -22.5
0.000860882 -2 -5.5 -22.5
0.000162482 -2.5 -5 -22
0.001007 -2 -5.5 -22
0.000168998 -2.5 -5 -21.5
0.00101688 -2 -5.5 -21.5
0.000125314 -2.5 -5 -21
0.000388254 -2 -5.5 -20.5
8.45217e-05 -2 -5.5 -20
2.0097e-05 -1.5 -5.5 -20
0.000100987 -1.5 -5.5 -20.5
0.000262351 -1.5 -5.5 -21
0.000453911 -1.5 -5.5 -21.5
0.000514363 -1.5 -5.5 -22
0.000496185 -1.5 -5.5 -22.5
0.000811864 -2 -5 -22
0.000358371 -1.5 -5.5 -23
0.000155353 -1.5 -5.5 -23.5
0.000570458 -2 -5 -23
2.50762e-05 -1.5 -5.5 -24
0.000253769 -2 -5 -23.5
4.60442e-05 -2 -5 -24
2.38391e-05 -2.5 -4.5 -22.5
0.000777012 -2 -5 -22.5
2.75509e-05 -2.5 -4.5 -22
2.88016e-05 -2.5 -4.5 -21.5
0.000769373 -2 -5 -21.5
0.000527927 -2 -5 -21
0.000213213 -2 -5 -20.5
3.99571e-05 -2 -5 -20
2.9427e-05 -1.5 -5 -20
0.000163533 -1.5 -5 -20.5
0.000779978 -1.5 -5 -21.5
0.00085613 -1.5 -5 -22.5
0.00060893 -2 -4.5 -22
0.000323574 -1.5 -5 -23.5
7.15146e-05 -1.5 -5 -24
0.000252758 -2 -4.5 -23.5
5.85391e-05 -2 -4.5 -24
0.00045945 -2 -4.5 -23
0.000654462 -1.5 -5 -23
0.000582302 -2 -4.5 -22.5
0.000887268 -1.5 -5 -22
0.000545592 -2 -4.5 -21.5
0.000312089 -2 -4.5 -21
0.000454025 -1.5 -5 -21
0.000104797 -2 -4.5 -20.5
3.14551e-05 -1 -5 -22
3.61761e-05 -1 -5 -22.5
3.10442e-05 -1 -5 -23
0.00111494 -1.5 -4.5 -22.5
0.000521182 -1.5 -4.5 -23.5
4.41263e-05 -2 -4 -24
0.000146015 -1.5 -4.5 -24
0.000150883 -2 -4 -23.5
0.000256454 -2 -4 -23
0.000922205 -1.5 -4.5 -23
0.000307469 -2 -4 -22.5
0.000315677 -2 -4 -22
0.00113328 -1.5 -4.5 -22
0.000264552 -2 -4 -21.5
0.000917328 -1.5 -4.5 -21.5
0.000131695 -2 -4 -21
0.000511166 -1.5 -4.5 -21
3.28038e-05 -2 -4 -20.5
0.00017353 -1.5 -4.5 -20.5
3.07926e-05 -1.5 -4.5 -20
6.21157e-05 -1 -4.5 -21
0.000142934 -1 -4.5 -21.5
0.000213973 -1 -4.5 -22
0.000228114 -1 -4.5 -22.5
0.000212482 -1 -4.5 -23
0.00121532 -1.5 -4 -22.5
0.0001504 -1 -4.5 -23.5
0.00103223 -1.5 -4 -23
6.64386e-05 -1 -4.5 -24
0.000214114 -1.5 -4 -24
4.35084e-05 -2 -3.5 -23.5
0.000639033 -1.5 -4 -23.5
6.85308e-05 -2 -3.5 -23
7.76063e-05 -2 -3.5 -22.5
7.95999e-05 -2 -3.5 -22
0.00122161 -1.5 -4 -22
6.48614e-05 -2 -3.5 -21.5
0.000938562 -1.5 -4 -21.5
3.11369e-05 -2 -3.5 -21
0.000441411 -1.5 -4 -21
0.000112439 -1.5 -4 -20.5
4.63743e-05 -1 -4 -20.5
0.000189051 -1 -4 -21
0.000661735 -1 -4 -22
0.000702331 -1 -4 -22.5
0.000660827 -1 -4 -23
0.000461637 -1 -4 -23.5
0.00100102 -1.5 -3.5 -23
0.000201473 -1 -4 -24
3.05334e-05 -1 -4 -24.5
0.000235543 -1.5 -3.5 -24
0.000661569 -1.5 -3.5 -23.5
0.00106013 -1.5 -3.5 -22.5
0.00103617 -1.5 -3.5 -22
0.000714859 -1.5 -3.5 -21.5
0.000437911 -1 -4 -21.5
0.000313316 -1.5 -3.5 -21
7.6632e-05 -1.5 -3.5 -20.5
8.66968e-05 -1 -3.5 -20.5
0.00037288 -1 -3.5 -21
0.00133474 -1 -3.5 -22
0.000635905 -1.5 -3 -23
4.82118e-05 -1 -3.5 -24.5
0.000154811 -1.5 -3 -24
0.000395014 -1 -3.5 -24
0.000411716 -1.5 -3 -23.5
0.000945759 -1 -3.5 -23.5
0.0013409 -1 -3.5 -23
0.000706589 -1.5 -3 -22.5
0.00142144 -1 -3.5 -22.5
0.000692715 -1.5 -3 -22
0.000472046 -1.5 -3 -21.5
0.000877219 -1 -3.5 -21.5
0.000201638 -1.5 -3 -21
4.70714e-05 -1.5 -3 -20.5
0.000173178 -1.5 -2.5 -21.5
0.000262244 -1.5 -2.5 -22.5
0.000147489 -1.5 -2.5 -23.5
2.18221e-05 -0.5 -3.5 -24.5
5.76429e-05 -1 -3 -24.5
5.24172e-05 -1.5 -2.5 -24
0.000534659 -1 -3 -24
0.00131455 -1 -3 -23.5
0.000233916 -1.5 -2.5 -23
0.00189367 -1 -3 -23
0.00202698 -1 -3 -22.5
0.000258342 -1.5 -2.5 -22
0.001887 -1 -3 -22
0.00120261 -1 -3 -21.5
7.04505e-05 -1.5 -2.5 -21
0.000483676 -1 -3 -21
0.000108812 -1 -3 -20.5
2.56327e-05 -0.5 -3 -21
9.84758e-05 -0.5 -3 -21.5
0.000228787 -0.5 -3 -22
0.000344977 -0.5 -3 -22.5
2.36214e-05 -1.5 -2 -22.5
0.00039051 -0.5 -3 -23
0.000363412 -0.5 -3 -23.5
7.87029e-05 -0.5 -3 -24.5
4.5605e-05 -1 -2.5 -24.5
0.000536608 -1 -2.5 -24
0.000239298 -0.5 -3 -24
0.00134734 -1 -2.5 -23.5
0.0020045 -1 -2.5 -23
0.00218151 -1 -2.5 -22.5
2.37864e-05 -1.5 -2 -22
0.00209953 -1 -2.5 -22
0.00135268 -1 -2.5 -21.5
0.00053856 -1 -2.5 -21
0.000118892 -1 -2.5 -20.5
6.15481e-05 -0.5 -2.5 -20.5
0.00138052 -0.5 -2.5 -23.5
9.6066e-05 -0.5 -2.5 -24.5
2.15309e-05 -1 -2 -24.5
0.000270511 -1 -2 -24
0.000653854 -0.5 -2.5 -24
0.000719915 -1 -2 -23.5
0.00108917 -1 -2 -23
0.00174396 -0.5 -2.5 -23
0.00119841 -1 -2 -22.5
0.00179165 -0.5 -2.5 -22.5
0.00117452 -1 -2 -22
0.00151687 -0.5 -2.5 -22
0.000774737 -1 -2 -21.5
0.000859932 -0.5 -2.5 -21.5
0.000296186 -1 -2 -21
0.000300249 -0.5 -2.5 -21
6.16944e-05 -1 -2 -20.5
7.79995e-05 -0.5 -2 -24.5
6.65758e-05 -1 -1.5 -24
0.000807459 -0.5 -2 -24
0.000183374 -1 -1.5 -23.5
0.00191267 -0.5 -2 -23.5
0.000288382 -1 -1.5 -23
0.00267805 -0.5 -2 -23
0.000323158 -1 -1.5 -22.5
0.00284645 -0.5 -2 -22.5
0.000318408 -1 -1.5 -22
0.00266877 -0.5 -2 -22
0.000206881 -1 -1.5 -21.5
0.00164782 -0.5 -2 -21.5
7.36738e-05 -1 -1.5 -21
0.000606672 -0.5 -2 -21
0.00012465 -0.5 -2 -20.5
2.63331e-05 -1 -1 -23
3.2269e-05 -0.5 -1.5 -24.5
0.000616259 -0.5 -1.5 -24
0.0017002 -0.5 -1.5 -23.5
0.00253888 -0.5 -1.5 -23
2.98666e-05 -1 -1 -22.5
0.00274348 -0.5 -1.5 -22.5
2.96603e-05 -1 -1 -22
0.00263477 -0.5 -1.5 -22
0.00166311 -0.5 -1.5 -21.5
0.000611813 -0.5 -1.5 -21
0.000122408 -0.5 -1.5 -20.5
0.00014332 -0.5 -1 -24
0.00043632 -0.5 -1 -23.5
0.000702421 -0.5 -1 -23
0.000797555 -0.5 -1 -22.5
0.000793717 -0.5 -1 -22
0.000531607 -0.5 -1 -21.5
0.000184796 -0.5 -1 -21
2.97612e-05 -0.5 -1 -20.5
3.4354e-05 -0.5 -0.5 -23.5
5.31556e-05 -0.5 -0.5 -23
5.84436e-05 -0.5 -0.5 -22.5
5.68962e-05 -0.5 -0.5 -22
3.40767e-05 -0.5 -0.5 -21.5
0.000436249 0 0 -24.5
0.00178199 0 0 -24
0.0032273 0 0 -23.5
0.00392121 0 0 -23
0.00401557 0 0 -22.5
0.0033903 0 0 -22
0.00186361 0 0 -21.5
0.000620171 0 0 -21
0.00012513 0 0 -20.5
0.000580849 0 0.5 -24.5
0.00276516 0 0.5 -24
0.00528294 0 0.5 -23.5
0.00659888 0 0.5 -23
0.00679866 0 0.5 -22.5
0.00590976 0 0.5 -22
0.00333891 0 0.5 -21.5
0.00114454 0 0.5 -21
0.000232233 0 0.5 -20.5
3.60974e-05 0 0.5 -20
0.00011626 0 1 -24.5
3.27784e-05 0.5 0.5 -24.5
0.000658029 0 1 -24
0.000148417 0.5 0.5 -24
0.00132151 0 1 -23.5
0.000284214 0.5 0.5 -23.5
0.00168383 0 1 -23
0.000359051 0.5 0.5 -23
0.0017412 0 1 -22.5
0.000372256 0.5 0.5 -22.5
0.00152515 0 1 -22
0.000328511 0.5 0.5 -22
0.000854148 0 1 -21.5
0.000186682 0.5 0.5 -21.5
0.00027812 0 1 -21
6.47232e-05 0.5 0.5 -21
4.8705e-05 0 1 -20.5
8.81531e-05 0.5 1 -24.5
0.000435731 0.5 1 -24
2.1361e-05 0 1.5 -23.5
0.000848021 0.5 1 -23.5
2.37258e-05 0 1.5 -23
0.00109532 0.5 1 -23
2.2784e-05 0 1.5 -22.5
0.00114104 0.5 1 -22.5
0.00103574 0.5 1 -22
0.000604063 0.5 1 -21.5
0.000211713 0.5 1 -21
4.25388e-05 0.5 1 -20.5
6.72344e-05 0.5 1.5 -24.5
0.000530489 0.5 1.5 -24
0.0012045 0.5 1.5 -23.5
0.00165937 0.5 1.5 -23
0.00175709 0.5 1.5 -22.5
0.00166161 0.5 1.5 -22
0.00103235 0.5 1.5 -21.5
0.000366395 0.5 1.5 -21
7.19559e-05 0.5 1.5 -20.5
0.000104854 1 1.5 -21.5
0.00011937 1 1.5 -23.5
5.20261e-05 0.5 2 -24.5
0.000484593 0.5 2 -24
5.52742e-05 1 1.5 -24
0.00113697 0.5 2 -23.5
0.00159037 0.5 2 -23
0.000162208 1 1.5 -23
0.00168999 0.5 2 -22.5
0.000172368 1 1.5 -22.5
0.00160467 0.5 2 -22
0.000164217 1 1.5 -22
0.00102248 0.5 2 -21.5
0.00039878 0.5 2 -21
4.01107e-05 1 1.5 -21
8.70338e-05 0.5 2 -20.5
0.000607013 1 2 -22
0.000568921 1 2 -23
0.00016028 1 2 -24
3.2574e-05 0.5 2.5 -24.5
0.000356597 0.5 2.5 -24
0.000901383 0.5 2.5 -23.5
0.000389369 1 2 -23.5
0.00130796 0.5 2.5 -23
0.00140283 0.5 2.5 -22.5
0.00061982 1 2 -22.5
0.00134218 0.5 2.5 -22
0.000874352 0.5 2.5 -21.5
0.000405687 1 2 -21.5
0.000347423 0.5 2.5 -21
0.000162024 1 2 -21
7.5191e-05 0.5 2.5 -20.5
3.47935e-05 1 2 -20.5
7.07697e-05 1 2.5 -20.5
2.26944e-05 1 2.5 -24.5
0.000167663 0.5 3 -24
0.000278733 1 2.5 -24
0.000395931 0.5 3 -23.5
0.00071833 1 2.5 -23.5
0.000540723 0.5 3 -23
0.00106709 1 2.5 -23
0.000565098 0.5 3 -22.5
0.00116799 1 2.5 -22.5
0.000510247 0.5 3 -22
0.00114849 1 2.5 -22
0.000312997 0.5 3 -21.5
0.000783792 1 2.5 -21.5
0.000122022 0.5 3 -21
0.000320195 1 2.5 -21
2.52571e-05 0.5 3 -20.5
3.51706e-05 1.5 2.5 -21
7.80496e-05 1.5 2.5 -21.5
0.000100514 1.5 2.5 -22
9.84491e-05 1.5 2.5 -22.5
8.38116e-05 1.5 2.5 -23
5.36187e-05 1.5 2.5 -23.5
2.48414e-05 1.5 2.5 -24
3.59165e-05 0.5 3.5 -24
0.000283664 1 3 -24
6.92184e-05 0.5 3.5 -23.5
0.000881344 1 3 -23.5
7.95183e-05 0.5 3.5 -23
0.00143052 1 3 -23
7.61726e-05 0.5 3.5 -22.5
0.0016261 1 3 -22.5
5.23067e-05 0.5 3.5 -22
0.00162725 1 3 -22
2.25326e-05 0.5 3.5 -21.5
0.00121814 1 3 -21.5
0.000563687 1 3 -21
0.0001346 1 3 -20.5
2.02032e-05 1 3 -20
4.29256e-05 1.5 3 -20.5
0.000175248 1.5 3 -21
0.000364017 1.5 3 -21.5
0.000452256 1.5 3 -22
0.000441082 1.5 3 -22.5
0.000370657 1.5 3 -23
0.000220604 1.5 3 -23.5
7.47811e-05 1.5 3 -24
0.000216988 1 3.5 -24
0.000749314 1 3.5 -23.5
0.00126497 1 3.5 -23
0.00146331 1 3.5 -22.5
0.00146824 1 3.5 -22
0.00113089 1 3.5 -21.5
0.000553679 1 3.5 -21
0.00015779 1 3.5 -20.5
2.69658e-05 1 3.5 -20
0.000117602 1.5 3.5 -20.5
0.000398351 1.5 3.5 -21
0.0007578 1.5 3.5 -21.5
0.000900054 1.5 3.5 -22
0.00012245 1 4 -24
0.000113488 1.5 3.5 -24
0.000474923 1 4 -23.5
0.000433662 1.5 3.5 -23.5
0.000812262 1 4 -23
0.000734571 1.5 3.5 -23
0.000941503 1 4 -22.5
0.000878167 1.5 3.5 -22.5
0.000950746 1 4 -22
0.000774316 1 4 -21.5
0.000415142 1 4 -21
0.000125013 1 4 -20.5
2.19162e-05 1 4 -20
2.82538e-05 2 3.5 -21
4.82213e-05 2 3.5 -21.5
5.04653e-05 2 3.5 -22
4.7351e-05 2 3.5 -22.5
3.66435e-05 2 3.5 -23
0.00102082 1.5 4 -23
0.000485293 1.5 4 -23.5
9.65256e-05 1.5 4 -24
5.2546e-05 1 4.5 -24
0.000201829 1 4.5 -23.5
0.000340358 1 4.5 -23
0.000380319 1 4.5 -22.5
0.00135273 1.5 4 -22.5
0.000378095 1 4.5 -22
0.0014117 1.5 4 -22
0.000311696 1 4.5 -21.5
0.0012568 1.5 4 -21.5
0.000177484 1 4.5 -21
0.000685542 1.5 4 -21
5.94295e-05 1 4.5 -20.5
0.000216149 1.5 4 -20.5
3.61547e-05 1.5 4 -20
5.16623e-05 2 4 -20.5
0.000169243 2 4 -21
0.000292123 2 4 -21.5
0.000307293 2 4 -22
0.00028759 2 4 -22.5
0.00143402 1.5 4.5 -22
0.000209372 2 4 -23
9.76064e-05 2 4 -23.5
6.14229e-05 1.5 4.5 -24
5.0466e-05 1 5 -23.5
0.000445826 1.5 4.5 -23.5
8.90289e-05 1 5 -23
0.00098567 1.5 4.5 -23
9.79208e-05 1 5 -22.5
0.00135211 1.5 4.5 -22.5
9.51479e-05 1 5 -22
7.67415e-05 1 5 -21.5
0.00138294 1.5 4.5 -21.5
4.60088e-05 1 5 -21
0.000927253 1.5 4.5 -21
0.000367995 1.5 4.5 -20.5
7.19768e-05 1.5 4.5 -20
0.000197429 2 4.5 -20.5
0.000491794 2 4.5 -21
0.000708505 2 4.5 -22
0.000437906 2 4.5 -23
0.000189481 2 4.5 -23.5
2.2744e-05 2 4.5 -24
2.94693e-05 1.5 5 -24
0.000307082 1.5 5 -23.5
0.000790403 1.5 5 -23
0.00117088 1.5 5 -22.5
0.000637862 2 4.5 -22.5
0.00126918 1.5 5 -22
0.00124094 1.5 5 -21.5
0.000704678 2 4.5 -21.5
0.000876323 1.5 5 -21
0.000379624 1.5 5 -20.5
8.82089e-05 1.5 5 -20
3.75112e-05 2 4.5 -20
2.02134e-05 2.5 4.5 -21
2.59891e-05 2.5 4.5 -21.5
2.53142e-05 2.5 4.5 -22
0.000154205 1.5 5.5 -23.5
0.000205469 2 5 -23.5
0.000449696 1.5 5.5 -23
0.000626883 2 5 -23
0.000719843 1.5 5.5 -22.5
0.000967466 2 5 -22.5
0.000801447 1.5 5.5 -22
0.00106573 2 5 -22
0.00079173 1.5 5.5 -21.5
0.00106922 2 5 -21.5
0.000598096 1.5 5.5 -21
0.000806648 2 5 -21
0.000286888 1.5 5.5 -20.5
0.000367131 2 5 -20.5
6.94195e-05 1.5 5.5 -20
8.73579e-05 2 5 -20
7.35229e-05 2.5 5 -20.5
0.000152589 2.5 5 -21
0.000630554 2 5.5 -20.5
0.000171715 2.5 5 -21.5
0.00119529 2 5.5 -21
0.000165547 2.5 5 -22
0.000136821 2.5 5 -22.5
0.001347 2 5.5 -22
7.84906e-05 2.5 5 -23
2.39054e-05 2.5 5 -23.5
0.00061158 2 5.5 -23
5.12889e-05 1.5 6 -23.5
0.000166323 2 5.5 -23.5
0.000181415 1.5 6 -23
0.000299558 1.5 6 -22.5
0.00108958 2 5.5 -22.5
0.000333131 1.5 6 -22
0.000326862 1.5 6 -21.5
0.00138452 2 5.5 -21.5
0.000255096 1.5 6 -21
0.000130566 1.5 6 -20.5
3.48135e-05 1.5 6 -20
0.000177584 2 5.5 -20
2.67276e-05 2 5.5 -19.5
8.33573e-05 2.5 5.5 -20
0.000283337 2.5 5.5 -20.5
0.000485666 2.5 5.5 -21
0.000514269 2.5 5.5 -21.5
0.000483356 2.5 5.5 -22
0.00036972 2.5 5.5 -22.5
0.000201306 2.5 5.5 -23
4.67751e-05 2.5 5.5 -23.5
9.45386e-05 2 6 -23.5
4.32314e-05 1.5 6.5 -23
0.000497 2 6 -23
8.77616e-05 1.5 6.5 -22.5
0.00100004 2 6 -22.5
9.99118e-05 1.5 6.5 -22
0.0012936 2 6 -22
9.72095e-05 1.5 6.5 -21.5
0.00134129 2 6 -21.5
7.57357e-05 1.5 6.5 -21
0.00120237 2 6 -21
4.02164e-05 1.5 6.5 -20.5
0.00076745 2 6 -20.5
0.000304785 2 6 -20
5.96806e-05 2 6 -19.5
0.000236309 2.5 6 -20
0.000892641 2.5 6 -21.5
0.000636498 2.5 6 -22.5
0.000276985 2.5 6 -23
4.07416e-05 2.5 6 -23.5
3.69651e-05 2 6.5 -23.5
0.00030401 2 6.5 -23
0.000741835 2 6.5 -22.5
0.00104366 2 6.5 -22
0.000848611 2.5 6 -22
0.00108027 2 6.5 -21.5
0.000974806 2 6.5 -21
0.000861823 2.5 6 -21
0.000652885 2 6.5 -20.5
0.000584011 2.5 6 -20.5
0.000287653 2 6.5 -20
6.66823e-05 2 6.5 -19.5
4.47683e-05 2.5 6 -19.5
3.36576e-05 3 6 -20
7.16271e-05 3 6 -20.5
8.92357e-05 3 6 -21
8.49874e-05 3 6 -21.5
7.59573e-05 3 6 -22
5.47553e-05 3 6 -22.5
2.40436e-05 2.5 6.5 -23.5
0.000132554 2 7 -23
0.000250296 2.5 6.5 -23
0.000391078 2 7 -22.5
0.000657244 2.5 6.5 -22.5
0.000602028 2 7 -22
0.00104974 2.5 6.5 -22
0.000633736 2 7 -21.5
0.0012235 2.5 6.5 -21.5
0.000561321 2 7 -21
0.00123178 2.5 6.5 -21
0.00039347 2 7 -20.5
0.000918077 2.5 6.5 -20.5
0.000187629 2 7 -20
0.000436983 2.5 6.5 -20
5.006e-05 2 7 -19.5
0.000107365 2.5 6.5 -19.5
3.91481e-05 3 6.5 -19.5
0.000156955 3 6.5 -20
0.000312509 3 6.5 -20.5
0.000374463 3 6.5 -21
0.000359529 3 6.5 -21.5
0.000293964 3 6.5 -22
0.000166113 3 6.5 -22.5
4.86406e-05 3 6.5 -23
0.000597097 2.5 7 -22.5
2.8765e-05 2 7.5 -23
0.000169218 2.5 7 -23
0.000141786 2 7.5 -22.5
0.000236119 2 7.5 -22
0.0010288 2.5 7 -22
0.000251071 2 7.5 -21.5
0.00126762 2.5 7 -21.5
0.0002234 2 7.5 -21
0.00132168 2.5 7 -21
0.000166934 2 7.5 -20.5
0.00117425 2.5 7 -20.5
8.74365e-05 2 7.5 -20
0.000704628 2.5 7 -20
2.97434e-05 2 7.5 -19.5
0.000236854 2.5 7 -19.5
3.84783e-05 2.5 7 -19
2.35474e-05 3 7 -19
0.000444184 3 7 -20
3.2587e-05 2 8 -20
5.4249e-05 2 8 -20.5
6.85174e-05 2 8 -21
0.000684086 3 7 -21.5
0.00027708 3 7 -22.5
7.59272e-05 2.5 7.5 -23
2.02994e-05 2 8 -22.5
5.57894e-05 3 7 -23
0.000420874 2.5 7.5 -22.5
6.17824e-05 2 8 -22
0.000869484 2.5 7.5 -22
7.3791e-05 2 8 -21.5
0.0005272 3 7 -22
0.00115883 2.5 7.5 -21.5
0.00121739 2.5 7.5 -21
0.000738807 3 7 -21
0.00111871 2.5 7.5 -20.5
0.000698791 3 7 -20.5
0.000732572 2.5 7.5 -20
0.000324373 2.5 7.5 -19.5
0.00015858 3 7 -19.5
7.70967e-05 2.5 7.5 -19
4.3661e-05 3.5 7 -20
0.000283064 2.5 8 -19.5
5.56662e-05 3.5 7 -20.5
5.00387e-05 3.5 7 -21
4.10844e-05 3.5 7 -21.5
0.000864393 2.5 8 -21
2.8342e-05 3.5 7 -22
2.01929e-05 2.5 8 -23
4.00561e-05 3 7.5 -23
0.000213568 2.5 8 -22.5
0.000272741 3 7.5 -22.5
0.000557198 2.5 8 -22
0.000658216 3 7.5 -22
0.000807016 2.5 8 -21.5
0.000977041 3 7.5 -21.5
0.00104032 3 7.5 -21
0.000824494 2.5 8 -20.5
0.00101108 3 7.5 -20.5
0.000605633 2.5 8 -20
0.000723942 3 7.5 -20
0.000342575 3 7.5 -19.5
7.31289e-05 2.5 8 -19
8.06936e-05 3 7.5 -19
2.77585e-05 3.5 7.5 -19
0.000110916 3.5 7.5 -19.5
0.000223796 3.5 7.5 -20
0.000256815 3.5 7.5 -20.5
0.00107821 3 8 -20
0.000240744 3.5 7.5 -21
0.000191775 3.5 7.5 -21.5
0.000105835 3.5 7.5 -22
0.000990909 3 8 -21.5
3.58399e-05 3.5 7.5 -22.5
6.30803e-05 2.5 8.5 -22.5
0.000203321 3 8 -22.5
0.000249981 2.5 8.5 -22
0.000592812 3 8 -22
0.000408794 2.5 8.5 -21.5
0.000458012 2.5 8.5 -21
0.00124128 3 8 -21
0.000440943 2.5 8.5 -20.5
0.0012741 3 8 -20.5
0.000348536 2.5 8.5 -20
0.000173957 2.5 8.5 -19.5
0.000598511 3 8 -19.5
5.04883e-05 2.5 8.5 -19
0.000194546 3 8 -19
2.5136e-05 3 8 -18.5
0.000120765 3.5 8 -19
2.95543e-05 2.5 9 -19
8.01475e-05 2.5 9 -19.5
0.000554164 3.5 8 -20
0.00058299 3.5 8 -20.5
0.000140408 2.5 9 -20
0.000412169 3.5 8 -21.5
5.48188e-05 3.5 8 -22.5
0.000102495 3 8.5 -22.5
5.76834e-05 2.5 9 -22
0.000443101 3 8.5 -22
0.00013861 2.5 9 -21.5
0.000224564 3.5 8 -22
0.000893048 3 8.5 -21.5
0.000170588 2.5 9 -21
0.00118398 3 8.5 -21
0.000167429 2.5 9 -20.5
0.000545161 3.5 8 -21
0.00124662 3 8.5 -20.5
0.00113406 3 8.5 -20
0.000809808 3 8.5 -19.5
0.000349043 3.5 8 -19.5
0.000375199 3 8.5 -19
9.15361e-05 3 8.5 -18.5
8.01989e-05 3.5 8.5 -18.5
2.37617e-05 3 9 -18
0.000724359 3 9 -19.5
3.3277e-05 4 8 -20
0.000668277 3.5 8.5 -19.5
2.15353e-05 4 8 -20.5
4.24745e-05 2.5 9.5 -20
4.82804e-05 2.5 9.5 -20.5
0.000866559 3.5 8.5 -21
0.000572537 3.5 8.5 -21.5
4.11915e-05 2.5 9.5 -21
0.000233878 3.5 8.5 -22
4.31303e-05 3.5 8.5 -22.5
2.35079e-05 3 9 -22.5
0.000243043 3 9 -22
0.000631517 3 9 -21.5
0.000954999 3 9 -21
0.00107114 3 9 -20.5
0.000947113 3.5 8.5 -20.5
0.000980889 3 9 -20
0.000895538 3.5 8.5 -20
0.000372698 3 9 -19
2.96373e-05 4 8 -19.5
0.000322488 3.5 8.5 -19
0.000132733 3 9 -18.5
0.000111767 3 9.5 -18.5
8.71809e-05 4 8.5 -19
0.000217802 3.5 9 -18.5
0.000151336 4 8.5 -19.5
0.000163014 4 8.5 -20
0.00015011 4 8.5 -20.5
0.00119137 3.5 9 -20
0.000491232 3 9.5 -19.5
0.000111552 4 8.5 -21
6.32784e-05 4 8.5 -21.5
0.000541073 3.5 9 -21.5
0.00055575 3 9.5 -21
7.89331e-05 3 9.5 -22
0.000191076 3.5 9 -22
0.000304061 3 9.5 -21.5
0.00088497 3.5 9 -21
0.000688842 3 9.5 -20.5
0.0011173 3.5 9 -20.5
0.000647503 3 9.5 -20
0.00100423 3.5 9 -19.5
0.000291241 3 9.5 -19
0.000597812 3.5 9 -19
2.32568e-05 3 9.5 -18
2.60258e-05 4 8.5 -18.5
3.65362e-05 3.5 9 -18
0.000473514 3.5 9.5 -18.5
0.000119505 4 9 -18.5
7.18708e-05 3 10 -18.5
0.000445662 4 9 -19.5
0.000465958 4 9 -20
0.000230879 3 10 -19.5
0.000151099 4 9 -21.5
0.000228878 3 10 -21
0.000820606 3.5 9.5 -21
0.00010213 3.5 9.5 -22
8.52952e-05 3 10 -21.5
3.61136e-05 4 9 -22
0.000408533 3.5 9.5 -21.5
0.000321034 3 10 -20.5
0.000287183 4 9 -21
0.00109406 3.5 9.5 -20.5
0.000303788 3 10 -20
0.000411627 4 9 -20.5
0.00121653 3.5 9.5 -20
0.00116611 3.5 9.5 -19.5
0.000154545 3 10 -19
0.000885506 3.5 9.5 -19
0.000306406 4 9 -19
0.000133418 3.5 9.5 -18
2.3591e-05 4 9 -18
3.9183e-05 3 10.5 -18.5
6.76404e-05 3 10.5 -19
8.92945e-05 3 10.5 -19.5
0.000105556 3 10.5 -20
0.000100214 3 10.5 -20.5
4.40408e-05 3 10.5 -21
2.15065e-05 3.5 10 -22
3.44877e-05 4 9.5 -22
0.000219941 3.5 10 -21.5
0.000177138 4 9.5 -21.5
0.000599076 3.5 10 -21
0.000440255 4 9.5 -21
0.000941057 3.5 10 -20.5
0.000676197 4 9.5 -20.5
0.00112623 3.5 10 -20
0.000785409 4 9.5 -20
0.00109424 3.5 10 -19.5
0.000796496 4 9.5 -19.5
0.000882885 3.5 10 -19
0.000652167 4 9.5 -19
0.000510657 3.5 10 -18.5
0.000363369 4 9.5 -18.5
0.00022327 3.5 10 -18
0.000113506 4 9.5 -18
5.87718e-05 3.5 10 -17.5
6.57791e-05 3.5 10.5 -17.5
7.36638e-05 4.5 9.5 -18.5
8.96365e-05 4.5 9.5 -20
6.63105e-05 4.5 9.5 -20.5
2.74573e-05 4.5 9.5 -21
6.46062e-05 3.5 10.5 -21.5
0.000142824 4 10 -21.5
0.000304765 3.5 10.5 -21
0.000426996 4 10 -21
0.00061549 3.5 10.5 -20.5
0.00075477 4 10 -20.5
0.000793473 3.5 10.5 -20
0.00100443 4 10 -20
0.000806909 3.5 10.5 -19.5
0.00105216 4 10 -19.5
0.0007068 3.5 10.5 -19
0.00010226 4.5 9.5 -19.5
0.000926069 4 10 -19
0.000453378 3.5 10.5 -18.5
0.000105421 4.5 9.5 -19
0.000660244 4 10 -18.5
0.000213483 3.5 10.5 -18
0.000313741 4 10 -18
3.48627e-05 4.5 9.5 -18
8.11524e-05 4 10 -17.5
6.00853e-05 3.5 11 -17.5
0.000156189 3.5 11 -18
0.000294647 3.5 11 -18.5
0.000408806 3.5 11 -19
0.000452272 3.5 11 -19.5
7.41864e-05 4 10.5 -21.5
7.86188e-05 3.5 11 -21
0.000312283 4 10.5 -21
0.000264612 3.5 11 -20.5
7.43787e-05 4.5 10 -21
0.000668836 4 10.5 -20.5
0.000403391 3.5 11 -20
0.000176979 4.5 10 -20.5
0.000989723 4 10.5 -20
0.000284647 4.5 10 -20
0.00116817 4 10.5 -19.5
0.00036354 4.5 10 -19.5
0.00115011 4 10.5 -19
0.000362053 4.5 10 -19
0.000971069 4 10.5 -18.5
0.000289167 4.5 10 -18.5
0.000574978 4 10.5 -18
0.000154675 4.5 10 -18
0.000238381 4 10.5 -17.5
4.83263e-05 4.5 10 -17.5
4.74902e-05 4 10.5 -17
3.96401e-05 3.5 11.5 -17.5
8.29704e-05 3.5 11.5 -18
0.000136296 3.5 11.5 -18.5
0.000165897 3.5 11.5 -19
0.000172479 3.5 11.5 -19.5
0.000127767 3.5 11.5 -20
4.55666e-05 3.5 11.5 -20.5
0.000156282 4 11 -21
0.00010989 4.5 10.5 -21
0.000476174 4 11 -20.5
0.000296368 4.5 10.5 -20.5
0.000839724 4 11 -20
0.000515765 4.5 10.5 -20
0.00107977 4 11 -19.5
0.000648539 4.5 10.5 -19.5
0.00112615 4 11 -19
0.000690511 4.5 10.5 -19
0.00100332 4 11 -18.5
0.000623726 4.5 10.5 -18.5
0.000760404 4 11 -18
0.000428691 4.5 10.5 -18
0.000426116 4 11 -17.5
0.000201213 4.5 10.5 -17.5
0.000146668 4 11 -17
4.59356e-05 4.5 10.5 -17
5.05715e-05 4 11.5 -16.5
0.000177112 4 11.5 -17
0.00040931 4 11.5 -17.5
2.14746e-05 3.5 12 -17.5
0.000671024 4 11.5 -18
3.68148e-05 3.5 12 -18
5.03343e-05 3.5 12 -18.5
5.01119e-05 5 10.5 -19.5
5.41174e-05 3.5 12 -19
3.72823e-05 3.5 12 -19.5
3.59882e-05 4 11.5 -21
8.81684e-05 4.5 11 -21
0.000228388 4 11.5 -20.5
0.00028691 4.5 11 -20.5
0.000542383 4 11.5 -20
0.000568125 4.5 11 -20
0.000818387 4 11.5 -19.5
0.000847457 4.5 11 -19.5
0.000947082 4 11.5 -19
0.000998032 4.5 11 -19
0.000847991 4 11.5 -18.5
7.14321e-05 5 10.5 -19
0.000907068 4.5 11 -18.5
7.53441e-05 5 10.5 -18.5
0.000721616 4.5 11 -18
6.83744e-05 5 10.5 -18
0.000443527 4.5 11 -17.5
4.87032e-05 5 10.5 -17.5
0.00019453 4.5 11 -17
2.17103e-05 5 10.5 -17
3.80533e-05 4.5 11 -16.5
5.22617e-05 4 12 -16.5
0.000149841 4 12 -17
0.000310598 4 12 -17.5
0.000467329 4 12 -18
0.000549749 4 12 -18.5
0.000576687 4 12 -19
4.07032e-05 4.5 11.5 -21
4.63285e-05 4 12 -20.5
0.000201749 4.5 11.5 -20.5
0.000217413 4 12 -20
3.41252e-05 5 11 -20.5
0.000488727 4.5 11.5 -20
0.000427204 4 12 -19.5
8.65912e-05 5 11 -20
0.000797427 4.5 11.5 -19.5
0.000170934 5 11 -19.5
0.00100495 4.5 11.5 -19
0.000266675 5 11 -19
0.00112934 4.5 11.5 -18.5
0.000293796 5 11 -18.5
0.00103604 4.5 11.5 -18
0.000269732 5 11 -18
0.000754997 4.5 11.5 -17.5
0.000199953 5 11 -17.5
0.000425305 4.5 11.5 -17
0.000103172 5 11 -17
0.000158466 4.5 11.5 -16.5
3.02114e-05 5 11 -16.5
0.000109219 4.5 12 -16
0.000368804 4.5 12 -16.5
4.16769e-05 4 12.5 -16.5
0.000665544 4.5 12 -17
0.00010103 4 12.5 -17
0.000173089 4 12.5 -17.5
0.000232432 4 12.5 -18
0.00026293 4 12.5 -18.5
0.000233734 4 12.5 -19
0.000129551 4 12.5 -19.5
2.42039e-05 4 12.5 -20
8.77359e-05 4.5 12 -20.5
5.40678e-05 5 11.5 -20.5
0.000320735 4.5 12 -20
0.000164014 5 11.5 -20
0.000638203 4.5 12 -19.5
0.000339634 5 11.5 -19.5
0.000927422 4.5 12 -19
0.000492937 5 11.5 -19
0.00110074 4.5 12 -18.5
0.000596498 5 11.5 -18.5
0.00105354 4.5 12 -18
0.000579046 5 11.5 -18
0.000934079 4.5 12 -17.5
0.000495133 5 11.5 -17.5
0.000323055 5 11.5 -17
0.000141338 5 11.5 -16.5
3.10944e-05 5 11.5 -16
4.55727e-05 4.5 12.5 -15.5
0.000174939 4.5 12.5 -16
0.000375373 4.5 12.5 -16.5
5.86643e-05 5.5 11.5 -17
2.68792e-05 4 13 -16.5
6.48201e-05 5.5 11.5 -17.5
0.000629647 4.5 12.5 -17
4.98984e-05 4 13 -17
0.000851589 4.5 12.5 -17.5
7.07403e-05 4 13 -17.5
0.000973704 4.5 12.5 -18
3.79719e-05 5.5 11.5 -18.5
8.18638e-05 4 13 -18
7.93121e-05 4 13 -18.5
3.6917e-05 4 13 -19
4.14474e-05 5 12 -20.5
0.000132117 4.5 12.5 -20
0.000158486 5 12 -20
0.00037949 4.5 12.5 -19.5
0.000362874 5 12 -19.5
0.000675249 4.5 12.5 -19
0.00062459 5 12 -19
0.000912903 4.5 12.5 -18.5
0.000846143 5 12 -18.5
0.000909497 5 12 -18
5.49953e-05 5.5 11.5 -18
0.000808072 5 12 -17.5
0.000606707 5 12 -17
0.000357318 5 12 -16.5
4.25415e-05 5.5 11.5 -16.5
0.00015312 5 12 -16
3.05259e-05 5 12 -15.5
2.22823e-05 5 12.5 -15
0.000147718 5 12.5 -15.5
5.65491e-05 4.5 13 -15.5
0.00037436 5 12.5 -16
0.000155379 4.5 13 -16
0.000320319 4.5 13 -16.5
0.000485039 4.5 13 -17
0.000603509 4.5 13 -17.5
0.000663288 4.5 13 -18
0.000524858 4.5 13 -18.5
0.00032179 4.5 13 -19
0.000104693 5 12.5 -20
0.000126947 4.5 13 -19.5
0.000303255 5 12.5 -19.5
3.85283e-05 5.5 12 -19.5
0.000576163 5 12.5 -19
8.66798e-05 5.5 12 -19
0.000829506 5 12.5 -18.5
0.000157744 5.5 12 -18.5
0.000976182 5 12.5 -18
0.00023998 5.5 12 -18
0.00105122 5 12.5 -17.5
0.000252495 5.5 12 -17.5
0.000933994 5 12.5 -17
0.000227027 5.5 12 -17
0.000658833 5 12.5 -16.5
0.000168942 5.5 12 -16.5
9.15539e-05 5.5 12 -16
2.94502e-05 5.5 12 -15.5
0.000128122 5 13 -15
0.000366255 5 13 -15.5
5.20169e-05 4.5 13.5 -15.5
0.000633455 5 13 -16
0.000111921 4.5 13.5 -16
0.000875203 5 13 -16.5
0.000193745 4.5 13.5 -16.5
0.00100438 5 13 -17
0.000270255 4.5 13.5 -17
0.000315094 4.5 13.5 -17.5
0.000298708 4.5 13.5 -18
0.000188077 4.5 13.5 -18.5
6.71446e-05 4.5 13.5 -19
3.4467e-05 5 13 -20
0.000171319 5 13 -19.5
7.5287e-05 5.5 12.5 -19.5
0.000417094 5 13 -19
0.000183278 5.5 12.5 -19
0.00070871 5 13 -18.5
0.000314834 5.5 12.5 -18.5
0.00093507 5 13 -18
0.000460137 5.5 12.5 -18
0.00104809 5 13 -17.5
0.000543013 5.5 12.5 -17.5
0.000517915 5.5 12.5 -17
0.000438082 5.5 12.5 -16.5
0.000295085 5.5 12.5 -16
0.000139306 5.5 12.5 -15.5
3.93732e-05 5.5 12.5 -15
7.07256e-05 5 13.5 -14.5
2.47482e-05 6 12.5 -15
0.00020446 5 13.5 -15
4.71525e-05 6 12.5 -15.5
0.000385122 5 13.5 -15.5
5.94052e-05 6 12.5 -16
3.4593e-05 4.5 14 -15.5
0.000614466 5 13.5 -16
6.21831e-05 6 12.5 -16.5
5.90243e-05 4.5 14 -16
0.000831096 5 13.5 -16.5
8.48381e-05 4.5 14 -16.5
0.000936108 5 13.5 -17
0.000102515 4.5 14 -17
0.000914451 5 13.5 -17.5
0.000104836 4.5 14 -17.5
0.000727601 5 13.5 -18
5.88039e-05 4.5 14 -18
4.8876e-05 5 13.5 -19.5
7.14482e-05 5.5 13 -19.5
0.000203071 5 13.5 -19
0.000195723 5.5 13 -19
0.000454082 5 13.5 -18.5
0.000395455 5.5 13 -18.5
0.000613819 5.5 13 -18
0.000795607 5.5 13 -17.5
3.04783e-05 6 12.5 -17.5
0.000837904 5.5 13 -17
4.80688e-05 6 12.5 -17
0.000751765 5.5 13 -16.5
0.000573381 5.5 13 -16
0.000356146 5.5 13 -15.5
0.000178456 5.5 13 -15
5.3668e-05 5.5 13 -14.5
6.36006e-05 5.5 13.5 -14
2.58383e-05 5 14 -14
0.000204185 5.5 13.5 -14.5
7.74842e-05 5 14 -14.5
0.000413565 5.5 13.5 -15
0.000186484 5 14 -15
0.000653312 5.5 13.5 -15.5
0.00033996 5 14 -15.5
0.000882122 5.5 13.5 -16
0.000495002 5 14 -16
0.000616434 5 14 -16.5
0.000217566 6 13 -17
0.000664387 5 14 -17
0.000142685 6 13 -17.5
0.00054996 5 14 -17.5
7.70314e-05 6 13 -18
3.42042e-05 6 13 -18.5
0.00036796 5 14 -18
0.000169264 5 14 -18.5
3.74318e-05 5.5 13.5 -19.5
3.65937e-05 5 14 -19
0.00014863 5.5 13.5 -19
0.000344656 5.5 13.5 -18.5
0.000585548 5.5 13.5 -18
0.000795577 5.5 13.5 -17.5
0.000923537 5.5 13.5 -17
0.000977027 5.5 13.5 -16.5
0.000241526 6 13 -16.5
0.000220883 6 13 -16
0.000176595 6 13 -15.5
0.000111342 6 13 -15
4.66399e-05 6 13 -14.5
6.02931e-05 5.5 14 -13.5
0.000204164 5.5 14 -14
2.61728e-05 5 14.5 -14
0.000431587 5.5 14 -14.5
6.91463e-05 5 14.5 -14.5
0.000660813 5.5 14 -15
0.000133376 5 14.5 -15
0.000849254 5.5 14 -15.5
0.000212189 5 14.5 -15.5
0.000942451 5.5 14 -16
0.000289133 5 14.5 -16
0.000977325 5.5 14 -16.5
0.000329841 5 14.5 -16.5
0.000308607 5 14.5 -17
0.000202127 5 14.5 -17.5
8.39707e-05 5 14.5 -18
6.27379e-05 5.5 14 -19
0.000210838 5.5 14 -18.5
7.63905e-05 6 13.5 -18.5
0.000438066 5.5 14 -18
0.000165509 6 13.5 -18
0.000691952 5.5 14 -17.5
0.000284033 6 13.5 -17.5
0.000883975 5.5 14 -17
0.000422072 6 13.5 -17
0.000505791 6 13.5 -16.5
0.000496607 6 13.5 -16
0.000441392 6 13.5 -15.5
0.000327575 6 13.5 -15
0.000191156 6 13.5 -14.5
8.21718e-05 6 13.5 -14
2.24249e-05 6 13.5 -13.5
3.93179e-05 6 14 -13
3.6488e-05 5.5 14.5 -13
0.000129171 6 14 -13.5
0.0001166 5.5 14.5 -13.5
0.000256784 5.5 14.5 -14
6.66904e-05 6.5 13.5 -14.5
2.21344e-05 5 15 -14
0.000433172 5.5 14.5 -14.5
7.47732e-05 6.5 13.5 -15
4.28515e-05 5 15 -14.5
0.0006357 5.5 14.5 -15
6.63807e-05 6.5 13.5 -15.5
6.79285e-05 5 15 -15
0.000811078 5.5 14.5 -15.5
4.80275e-05 6.5 13.5 -16
9.37319e-05 5 15 -15.5
0.000876969 5.5 14.5 -16
0.00011115 5 15 -16
0.000844518 5.5 14.5 -16.5
0.000103361 5 15 -16.5
0.000683041 5.5 14.5 -17
5.73787e-05 5 15 -17
0.000443449 5.5 14.5 -17.5
0.000222925 5.5 14.5 -18
7.15576e-05 5.5 14.5 -18.5
7.78507e-05 6 14 -18.5
0.000200481 6 14 -18
0.000371702 6 14 -17.5
0.000562431 6 14 -17
0.000722157 6 14 -16.5
0.000792451 6 14 -16
0.000732259 6 14 -15.5
0.000602174 6 14 -15
0.000422311 6 14 -14.5
0.000265359 6 14 -14
4.3739e-05 6.5 13.5 -14
2.08843e-05 6.5 13.5 -13.5
5.574e-05 6 14.5 -12.5
0.000173416 6 14.5 -13
4.87971e-05 5.5 15 -13
0.000326393 6 14.5 -13.5
0.000112735 5.5 15 -13.5
0.000523721 6 14.5 -14
0.000228988 5.5 15 -14
0.000728693 6 14.5 -14.5
0.000371919 5.5 15 -14.5
0.000862227 6 14.5 -15
0.000506398 5.5 15 -15
0.000899836 6 14.5 -15.5
0.000591818 5.5 15 -15.5
2.01931e-05 5 15.5 -15.5
0.000612421 5.5 15 -16
0.00011928 6.5 14 -16.5
0.00049886 5.5 15 -16.5
6.66063e-05 6.5 14 -17
0.000335551 5.5 15 -17
0.00016274 5.5 15 -17.5
4.34663e-05 5.5 15 -18
5.06096e-05 6 14.5 -18.5
0.000155704 6 14.5 -18
0.000326297 6 14.5 -17.5
0.000533253 6 14.5 -17
0.000716589 6 14.5 -16.5
0.000835951 6 14.5 -16
0.000202499 6.5 14 -16
0.000242048 6.5 14 -15.5
0.000249075 6.5 14 -15
0.000225002 6.5 14 -14.5
0.00016841 6.5 14 -14
0.000101869 6.5 14 -13.5
4.23753e-05 6.5 14 -13
6.39742e-05 6 15 -12
0.000161488 6 15 -12.5
2.04438e-05 7 14 -13
0.000319591 6 15 -13
2.55988e-05 7 14 -13.5
4.0992e-05 5.5 15.5 -13
0.00052437 6 15 -13.5
9.05424e-05 5.5 15.5 -13.5
0.000706549 6 15 -14
0.000153518 5.5 15.5 -14
0.000832751 6 15 -14.5
0.000223747 5.5 15.5 -14.5
0.000878506 6 15 -15
0.000282581 5.5 15.5 -15
0.00088029 6 15 -15.5
0.000308127 5.5 15.5 -15.5
0.000783326 6 15 -16
0.000264288 5.5 15.5 -16
0.000600521 6 15 -16.5
0.00016547 5.5 15.5 -16.5
6.16438e-05 5.5 15.5 -17
6.65428e-05 6.5 14.5 -17.5
6.92811e-05 6 15 -18
0.00019821 6 15 -17.5
0.000388445 6 15 -17
0.000145971 6.5 14.5 -17
0.00024523 6.5 14.5 -16.5
0.000372188 6.5 14.5 -16
0.000470447 6.5 14.5 -15.5
0.000513903 6.5 14.5 -15
0.000485078 6.5 14.5 -14.5
0.000411065 6.5 14.5 -14
2.32501e-05 7 14 -14
0.000299137 6.5 14.5 -13.5
0.000177926 6.5 14.5 -13
9.042e-05 6.5 14.5 -12.5
3.32539e-05 6.5 14.5 -12
2.0569e-05 6.5 15 -11
6.74286e-05 6.5 15 -11.5
3.64341e-05 6 15.5 -11.5
0.000154813 6.5 15 -12
8.58785e-05 6 15.5 -12
0.000277264 6.5 15 -12.5
0.000180746 6 15.5 -12.5
0.000415875 6.5 15 -13
0.000322497 6 15.5 -13
2.9651e-05 5.5 16 -13
0.000499348 6 15.5 -13.5
0.000100253 7 14.5 -14
4.99674e-05 5.5 16 -13.5
0.000655334 6 15.5 -14
7.80745e-05 7 14.5 -14.5
7.16401e-05 5.5 16 -14
0.000769438 6 15.5 -14.5
8.88938e-05 5.5 16 -14.5
0.000800628 6 15.5 -15
9.73231e-05 5.5 16 -15
0.000718468 6 15.5 -15.5
7.67999e-05 5.5 16 -15.5
0.000566252 6 15.5 -16
3.16371e-05 5.5 16 -16
0.000362653 6 15.5 -16.5
0.000183245 6 15.5 -17
6.27291e-05 6 15.5 -17.5
7.09978e-05 6.5 15 -17.5
0.000173038 6.5 15 -17
0.000315301 6.5 15 -16.5
0.000479405 6.5 15 -16
0.000631484 6.5 15 -15.5
0.000736919 6.5 15 -15
5.46444e-05 7 14.5 -15
0.000744664 6.5 15 -14.5
0.00066641 6.5 15 -14
0.000540297 6.5 15 -13.5
0.000107679 7 14.5 -13.5
9.18059e-05 7 14.5 -13
3.23884e-05 6.5 15.5 -10.5
3.5894e-05 7 15 -11
0.000102515 6.5 15.5 -11
0.000229863 6.5 15.5 -11.5
3.94721e-05 6 16 -11.5
0.000370085 6.5 15.5 -12
8.24747e-05 6 16 -12
0.000519187 6.5 15.5 -12.5
0.000159934 6 16 -12.5
0.000664976 6.5 15.5 -13
0.000271903 6 16 -13
0.000783184 6.5 15.5 -13.5
0.000386785 6 16 -13.5
0.000836134 6.5 15.5 -14
0.000482266 6 16 -14
0.000787191 6.5 15.5 -14.5
0.000528089 6 16 -14.5
0.000491534 6 16 -15
0.000105595 7 15 -15.5
0.000382118 6 16 -15.5
5.33794e-05 7 15 -16
0.000240728 6 16 -16
0.000112406 6 16 -16.5
2.02648e-05 6 16 -17
4.43067e-05 6.5 15.5 -17.5
0.000129305 6.5 15.5 -17
0.000265799 6.5 15.5 -16.5
0.000438687 6.5 15.5 -16
0.00060512 6.5 15.5 -15.5
0.000733491 6.5 15.5 -15
0.000185385 7 15 -15
0.000253787 7 15 -14.5
0.000290016 7 15 -14
0.000292176 7 15 -13.5
0.000265275 7 15 -13
0.000207636 7 15 -12.5
0.000137347 7 15 -12
7.7988e-05 7 15 -11.5
4.02456e-05 7 15.5 -10
2.56577e-05 6.5 16 -10
9.27529e-05 7 15.5 -10.5
8.41664e-05 6.5 16 -10.5
0.000170277 6.5 16 -11
3.72169e-05 7.5 15 -11.5
0.000282126 6.5 16 -11.5
4.33363e-05 7.5 15 -12
3.14922e-05 6 16.5 -11.5
0.000420272 6.5 16 -12
4.2882e-05 7.5 15 -12.5
5.8241e-05 6 16.5 -12
0.000582 6.5 16 -12.5
0.000107357 6 16.5 -12.5
0.000712532 6.5 16 -13
0.000157459 6 16.5 -13
0.000780669 6.5 16 -13.5
0.000208655 6 16.5 -13.5
0.000808493 6.5 16 -14
0.000240504 6 16.5 -14
0.000742214 6.5 16 -14.5
0.000230059 6 16.5 -14.5
0.000634329 6.5 16 -15
0.000167224 6 16.5 -15
0.000464313 6.5 16 -15.5
8.88092e-05 6 16.5 -15.5
0.000290527 6.5 16 -16
4.9064e-05 6.5 16 -17
0.000143717 6.5 16 -16.5
5.1972e-05 7 15.5 -16.5
0.000119354 7 15.5 -16
0.000211088 7 15.5 -15.5
0.000325347 7 15.5 -15
0.000446457 7 15.5 -14.5
0.000515626 7 15.5 -14
0.000540923 7 15.5 -13.5
0.000516067 7 15.5 -13
3.32435e-05 7.5 15 -13
0.000448088 7 15.5 -12.5
0.000349979 7 15.5 -12
0.000245849 7 15.5 -11.5
0.000161599 7 15.5 -11
3.50737e-05 7 16 -9
2.76322e-05 7.5 15.5 -9.5
8.15597e-05 7 16 -9.5
0.000157307 7 16 -10
4.75513e-05 7.5 15.5 -10
3.7481e-05 6.5 16.5 -10
0.000252333 7 16 -10.5
8.53977e-05 6.5 16.5 -10.5
0.00036247 7 16 -11
0.000159674 6.5 16.5 -11
0.00048541 7 16 -11.5
0.000261144 6.5 16.5 -11.5
0.000598887 7 16 -12
0.000385429 6.5 16.5 -12
3.36243e-05 6 17 -12
0.000519993 6.5 16.5 -12.5
0.000133209 7.5 15.5 -13
4.72619e-05 6 17 -12.5
0.000632636 6.5 16.5 -13
9.87796e-05 7.5 15.5 -13.5
5.84439e-05 6 17 -13
0.000681882 6.5 16.5 -13.5
6.08617e-05 7.5 15.5 -14
6.58746e-05 6 17 -13.5
0.000641404 6.5 16.5 -14
5.39542e-05 6 17 -14
0.000538926 6.5 16.5 -14.5
2.18494e-05 6 17 -14.5
0.000389836 6.5 16.5 -15
0.00024009 6.5 16.5 -15.5
0.000109251 6.5 16.5 -16
2.145e-05 6.5 16.5 -16.5
5.09012e-05 7 16 -16.5
0.000125481 7 16 -16
0.000234209 7 16 -15.5
0.00036894 7 16 -15
0.000509359 7 16 -14.5
0.000641328 7 16 -14
0.00070918 7 16 -13.5
0.000703187 7 16 -13
0.000673579 7 16 -12.5
0.000154816 7.5 15.5 -12.5
2.59512e-05 7.5 16 -8
0.000161177 7.5 15.5 -12
0.000147023 7.5 15.5 -11.5
5.06525e-05 7.5 16 -8.5
3.45476e-05 7 16.5 -8.5
8.33474e-05 7 16.5 -9
0.000154598 7 16.5 -9.5
2.46373e-05 8 15.5 -10
0.000264409 7 16.5 -10
2.67576e-05 8 15.5 -10.5
3.47301e-05 6.5 17 -10
0.000401249 7 16.5 -10.5
0.000308112 7.5 16 -11
7.23277e-05 6.5 17 -10.5
0.000536075 7 16.5 -11
0.000120685 6.5 17 -11
0.000637691 7 16.5 -11.5
0.000190069 6.5 17 -11.5
0.000717504 7 16.5 -12
0.000273266 6.5 17 -12
0.000751158 7 16.5 -12.5
0.000347213 6.5 17 -12.5
0.000727767 7 16.5 -13
0.000387403 6.5 17 -13
0.000674553 7 16.5 -13.5
0.00038541 6.5 17 -13.5
0.000313681 6.5 17 -14
8.99699e-05 7.5 16 -14.5
0.000220743 6.5 17 -14.5
4.24901e-05 7.5 16 -15
0.00011867 6.5 17 -15
3.66672e-05 6.5 17 -15.5
2.09696e-05 7 16.5 -16.5
8.20411e-05 7 16.5 -16
0.000180913 7 16.5 -15.5
0.000309073 7 16.5 -15
0.000451301 7 16.5 -14.5
0.000584874 7 16.5 -14
0.000160135 7.5 16 -14
0.000245449 7.5 16 -13.5
0.000318873 7.5 16 -13
0.000361179 7.5 16 -12.5
0.000375716 7.5 16 -12
0.000356043 7.5 16 -11.5
3.1462e-05 7.5 16.5 -7
2.36369e-05 8 16 -7.5
5.80906e-05 7.5 16.5 -7.5
2.25421e-05 8 15.5 -11
0.00010074 7.5 16.5 -8
3.48876e-05 8 16 -8
0.000164545 7.5 16.5 -8.5
4.01911e-05 7 17 -8.5
0.000232515 7.5 16.5 -9
8.51172e-05 7 17 -9
0.000310548 7.5 16.5 -9.5
0.000155284 7 17 -9.5
0.000261903 7 17 -10
0.000110884 8 16 -10.5
2.48765e-05 6.5 17.5 -10
0.000385109 7 17 -10.5
9.34025e-05 8 16 -11
4.01508e-05 6.5 17.5 -10.5
0.000505064 7 17 -11
7.13157e-05 8 16 -11.5
6.24977e-05 6.5 17.5 -11
0.000610401 7 17 -11.5
4.57884e-05 8 16 -12
9.87726e-05 6.5 17.5 -11.5
0.000671091 7 17 -12
0.000125318 6.5 17.5 -12
0.000691597 7 17 -12.5
0.000141931 6.5 17.5 -12.5
0.000644317 7 17 -13
0.00013825 6.5 17.5 -13
0.000546004 7 17 -13.5
0.000104572 6.5 17.5 -13.5
0.00042555 7 17 -14
5.59499e-05 6.5 17.5 -14
0.000294166 7 17 -14.5
0.000172151 7 17 -15
7.68656e-05 7 17 -15.5
3.52682e-05 7.5 16.5 -15.5
8.2857e-05 7.5 16.5 -15
0.000156381 7.5 16.5 -14.5
0.000256214 7.5 16.5 -14
0.00037218 7.5 16.5 -13.5
0.000478618 7.5 16.5 -13
0.000558465 7.5 16.5 -12.5
2.72837e-05 8 16.5 -5.5
0.000599317 7.5 16.5 -12
4.26896e-05 8 16.5 -6
0.000575677 7.5 16.5 -11.5
6.32509e-05 8 16.5 -6.5
0.000517368 7.5 16.5 -11
0.000458052 7.5 16.5 -10.5
0.000390478 7.5 16.5 -10
2.58244e-05 7.5 17 -6.5
8.6112e-05 8 16.5 -7
5.47456e-05 7.5 17 -7
0.000102701 7.5 17 -7.5
2.02442e-05 8.5 16 -8
0.000113188 8 16.5 -7.5
0.000173081 7.5 17 -8
2.22677e-05 8.5 16 -8.5
0.000143383 8 16.5 -8
0.000266194 7.5 17 -8.5
0.000219725 8 16.5 -9
3.66202e-05 7 17.5 -8.5
0.000379571 7.5 17 -9
7.57059e-05 7 17.5 -9
0.000482129 7.5 17 -9.5
0.000132037 7 17.5 -9.5
0.000568511 7.5 17 -10
0.000212928 7 17.5 -10
0.000632784 7.5 17 -10.5
0.000297302 7 17.5 -10.5
0.000659669 7.5 17 -11
0.000380144 7 17.5 -11
0.000644775 7.5 17 -11.5
0.000449211 7 17.5 -11.5
0.000476538 7 17.5 -12
0.000102746 8 16.5 -12.5
0.000477031 7 17.5 -12.5
5.65444e-05 8 16.5 -13
0.000406306 7 17.5 -13
0.000305673 7 17.5 -13.5
0.000199593 7 17.5 -14
0.000102092 7 17.5 -14.5
3.22922e-05 7 17.5 -15
2.89878e-05 7.5 17 -15.5
7.45e-05 7.5 17 -15
0.000149932 7.5 17 -14.5
0.000249378 7.5 17 -14
0.000363603 7.5 17 -13.5
2.18075e-05 8.5 16.5 -3.5
0.000478313 7.5 17 -13
3.15479e-05 8.5 16.5 -4
0.000577829 7.5 17 -12.5
3.74837e-05 8.5 16.5 -4.5
0.000630919 7.5 17 -12
4.41368e-05 8.5 16.5 -5
3.80235e-05 8 17 -5
7.41801e-05 8 17 -5.5
5.07042e-05 8.5 16.5 -5.5
5.71246e-05 8.5 16.5 -6
0.000164888 8 16.5 -12
0.000218074 8 16.5 -11.5
0.00011482 8 17 -6
0.00016221 8 17 -6.5
6.49025e-05 8.5 16.5 -6.5
2.61444e-05 7.5 17.5 -6.5
0.000209508 8 17 -7
7.73475e-05 8.5 16.5 -7
0.000255295 8 16.5 -11
0.000276681 8 16.5 -10.5
0.000271257 8 16.5 -10
4.98479e-05 7.5 17.5 -7
0.00025795 8 17 -7.5
8.7784e-05 8.5 16.5 -7.5
9.94347e-05 7.5 17.5 -7.5
0.00031291 8 17 -8
0.000170995 7.5 17.5 -8
0.000262543 7.5 17.5 -8.5
8.57783e-05 8.5 16.5 -9
0.000364562 8 17 -8.5
2.63648e-05 7 18 -8.5
0.000368345 7.5 17.5 -9
6.745e-05 8.5 16.5 -9.5
4.64953e-05 7 18 -9
0.000474441 7.5 17.5 -9.5
0.000478018 8 17 -10
4.87573e-05 8.5 16.5 -10
8.26744e-05 7 18 -9.5
0.00056755 7.5 17.5 -10
0.000117073 7 18 -10
0.000617335 7.5 17.5 -10.5
0.000155041 7 18 -10.5
0.000634599 7.5 17.5 -11
0.000190471 7 18 -11
0.000618848 7.5 17.5 -11.5
0.000209541 7 18 -11.5
0.000580151 7.5 17.5 -12
0.00020477 7 18 -12
0.000488252 7.5 17.5 -12.5
0.000174321 7 18 -12.5
0.000381526 7.5 17.5 -13
0.000123049 7 18 -13
6.4036e-05 7 18 -13.5
3.35956e-05 7.5 17.5 -15
8.52027e-05 7.5 17.5 -14.5
2.50822e-05 9 16.5 -1.5
0.000170364 7.5 17.5 -14
3.23411e-05 9 16.5 -2
0.000272852 7.5 17.5 -13.5
4.16216e-05 9 16.5 -2.5
4.30126e-05 9 16.5 -3
3.26391e-05 8.5 17 -3
6.33895e-05 8 17 -13.5
4.24172e-05 9 16.5 -3.5
0.000125895 8 17 -13
5.24312e-05 8.5 17 -3.5
3.85181e-05 9 16.5 -4
8.08543e-05 8.5 17 -4
0.000198561 8 17 -12.5
0.000108813 8.5 17 -4.5
3.66538e-05 9 16.5 -4.5
0.000285922 8 17 -12
2.1394e-05 8 17.5 -4.5
0.000138635 8.5 17 -5
3.724e-05 9 16.5 -5
0.000369802 8 17 -11.5
0.000433933 8 17 -11
3.93133e-05 8 17.5 -5
0.000160342 8.5 17 -5.5
3.59198e-05 9 16.5 -5.5
7.43873e-05 8 17.5 -5.5
0.000124779 8 17.5 -6
3.12899e-05 9 16.5 -6.5
0.000180167 8.5 17 -6
3.38337e-05 9 16.5 -6
0.000477691 8 17 -10.5
0.000195017 8.5 17 -6.5
2.76557e-05 8.5 16.5 -10.5
0.000453376 8 17 -9.5
0.000195634 8 17.5 -6.5
0.000211603 8.5 17 -7
2.69743e-05 9 16.5 -7
2.23701e-05 7.5 18 -6.5
0.00028231 8 17.5 -7
4.17965e-05 7.5 18 -7
0.000378154 8 17.5 -7.5
0.000235099 8.5 17 -7.5
8.24054e-05 7.5 18 -7.5
0.000453308 8 17.5 -8
0.000137995 7.5 18 -8
0.00051598 8 17.5 -8.5
0.000214482 7.5 18 -8.5
0.000562439 8 17.5 -9
0.000299941 7.5 18 -9
0.000581755 8 17.5 -9.5
0.000389353 7.5 18 -9.5
2.87339e-05 7 18.5 -9.5
0.00046247 7.5 18 -10
0.000114635 8.5 17 -10.5
3.66954e-05 7 18.5 -10
0.000498934 7.5 18 -10.5
0.000522751 8 17.5 -11
6.15041e-05 8.5 17 -11
4.1343e-05 7 18.5 -10.5
0.000508642 7.5 18 -11
4.08462e-05 7 18.5 -11
0.000471628 7.5 18 -11.5
3.11429e-05 7 18.5 -11.5
0.000399007 7.5 18 -12
0.000304398 7.5 18 -12.5
0.000209609 7.5 18 -13
0.000125086 7.5 18 -13.5
5.8309e-05 7.5 18 -14
2.52214e-05 10 16 1.5
2.54485e-05 10 16 1
3.51756e-05 9.5 16.5 0.5
4.92367e-05 9.5 16.5 0
5.92705e-05 9.5 16.5 -0.5
2.95031e-05 9 17 -1
5.85157e-05 9.5 16.5 -1
4.70663e-05 8 17.5 -14
4.74568e-05 9 17 -1.5
5.33585e-05 9.5 16.5 -1.5
7.16742e-05 9 17 -2
4.78272e-05 9.5 16.5 -2
9.81038e-05 8 17.5 -13.5
4.16707e-05 9.5 16.5 -2.5
0.0001039 9 17 -2.5
0.000170608 8 17.5 -13
3.71939e-05 9.5 16.5 -3
0.000122656 9 17 -3
0.000262606 8 17.5 -12.5
3.15623e-05 8.5 17.5 -3
2.94198e-05 9.5 16.5 -3.5
0.000128949 9 17 -3.5
0.000358249 8 17.5 -12
5.80254e-05 8.5 17.5 -3.5
2.09516e-05 9.5 16.5 -4
0.00013211 9 17 -4
0.0004463 8 17.5 -11.5
0.000108077 8.5 17.5 -4
0.000161529 8.5 17.5 -4.5
0.000133134 9 17 -4.5
0.000134139 9 17 -5
0.000571506 8 17.5 -10.5
0.000223163 8.5 17.5 -5
0.000137436 9 17 -5.5
3.43831e-05 8 18 -5
0.0002809 8.5 17.5 -5.5
0.000575932 8 17.5 -10
6.21697e-05 8 18 -5.5
0.000314421 8.5 17.5 -6
0.000132115 9 17 -6
0.000116893 8 18 -6
0.000348813 8.5 17.5 -6.5
0.000183593 8 18 -6.5
0.000107848 9 17 -7
0.00026686 8 18 -7
8.60082e-05 9 17 -7.5
0.000377441 8.5 17.5 -7
2.70898e-05 7.5 18.5 -7
0.000358298 8 18 -7.5
6.03871e-05 9 17 -8
0.000395854 8.5 17.5 -7.5
4.54482e-05 7.5 18.5 -7.5
0.000444275 8 18 -8
3.69946e-05 9 17 -8.5
7.97343e-05 7.5 18.5 -8
0.000510291 8 18 -8.5
0.000117762 7.5 18.5 -8.5
0.000552111 8 18 -9
0.000400829 8.5 17.5 -9
0.00016513 7.5 18.5 -9
0.000568635 8 18 -9.5
0.000210479 7.5 18.5 -9.5
0.000558301 8 18 -10
0.000242267 7.5 18.5 -10
0.000524248 8 18 -10.5
0.000253634 7.5 18.5 -10.5
0.00023713 7.5 18.5 -11
9.25625e-05 8.5 17.5 -11.5
0.000198321 7.5 18.5 -11.5
0.000316722 8 18 -12
4.55799e-05 8.5 17.5 -12
0.000145069 7.5 18.5 -12
8.57135e-05 7.5 18.5 -12.5
3.51859e-05 7.5 18.5 -13
2.40619e-05 10 16.5 2
3.21192e-05 10.5 16 2
2.96778e-05 10.5 16 1.5
5.62067e-05 10 16.5 1.5
7.91635e-05 10 16.5 1
2.92326e-05 8 18 -14
4.06905e-05 9.5 17 0.5
8.34259e-05 10 16.5 0.5
6.71705e-05 9.5 17 0
7.55605e-05 10 16.5 0
7.24441e-05 8 18 -13.5
6.17743e-05 10 16.5 -0.5
0.000101251 9.5 17 -0.5
4.97062e-05 10 16.5 -1
0.000123708 9.5 17 -1
0.000139335 8 18 -13
2.72967e-05 9 17.5 -1
3.62972e-05 10 16.5 -1.5
0.00013099 9.5 17 -1.5
0.000222886 8 18 -12.5
4.82882e-05 9 17.5 -1.5
2.31987e-05 10 16.5 -2
0.000133252 9.5 17 -2
8.25772e-05 9 17.5 -2
0.000129693 9.5 17 -2.5
0.000403686 8 18 -11.5
0.000133107 9 17.5 -2.5
0.000118492 9.5 17 -3
0.00017803 9 17.5 -3
0.000473962 8 18 -11
2.83854e-05 8.5 18 -3
0.000218072 9 17.5 -3.5
0.000108519 9.5 17 -3.5
5.26058e-05 8.5 18 -3.5
0.000239818 9 17.5 -4
9.22237e-05 9.5 17 -4
9.74998e-05 8.5 18 -4
0.000258702 9 17.5 -4.5
7.4981e-05 9.5 17 -4.5
0.000149258 8.5 18 -4.5
5.89744e-05 9.5 17 -5
0.000150637 8.5 17.5 -11
0.000269018 9 17.5 -5
0.000225686 8.5 17.5 -10.5
0.000213048 8.5 18 -5
0.000272829 9 17.5 -5.5
4.1586e-05 9.5 17 -5.5
2.00097e-05 8 18.5 -5
0.00028493 8.5 18 -5.5
2.44687e-05 9.5 17 -6
0.000301433 8.5 17.5 -10
4.45257e-05 8 18.5 -5.5
0.000365801 8.5 18 -6
0.000278246 9 17.5 -6
8.31872e-05 8 18.5 -6
0.000426637 8.5 18 -6.5
0.000268553 9 17.5 -6.5
0.000133919 8 18.5 -6.5
0.000466009 8.5 18 -7
0.000248009 9 17.5 -7
0.000200149 8 18.5 -7
0.000489174 8.5 18 -7.5
0.000272959 8 18.5 -7.5
0.000348505 8 18.5 -8
0.000131086 9 17.5 -8.5
0.000414898 8 18.5 -8.5
8.3367e-05 9 17.5 -9
3.34891e-05 7.5 19 -8.5
0.00045345 8 18.5 -9
4.28503e-05 9 17.5 -9.5
4.99085e-05 7.5 19 -9
0.000461921 8 18.5 -9.5
5.59452e-05 7.5 19 -9.5
0.000434909 8 18.5 -10
5.60087e-05 7.5 19 -10
0.000388818 8 18.5 -10.5
4.53403e-05 7.5 19 -10.5
0.000333562 8 18.5 -11
2.39704e-05 7.5 19 -11
0.000264132 8 18.5 -11.5
0.000187174 8 18.5 -12
2.97193e-05 10.5 16.5 2.5
7.16956e-05 10.5 16.5 2
6.00015e-05 10 17 1.5
8.16029e-05 10.5 16.5 1.5
9.95425e-05 10 17 1
7.67319e-05 10.5 16.5 1
5.63282e-05 8 18.5 -13
6.23187e-05 10.5 16.5 0.5
0.000125211 10 17 0.5
2.62558e-05 9.5 17.5 0.5
4.24323e-05 10.5 16.5 0
0.000137334 10 17 0
0.000114158 8 18.5 -12.5
5.6385e-05 9.5 17.5 0
2.38928e-05 10.5 16.5 -0.5
0.000138328 10 17 -0.5
0.000102631 9.5 17.5 -0.5
0.000147411 9.5 17.5 -1
0.000125037 10 17 -1
0.000112623 10 17 -1.5
0.000184391 9.5 17.5 -1.5
4.73149e-05 8.5 18 -12.5
3.81746e-05 9 18 -1.5
9.41639e-05 10 17 -2
0.000205377 9.5 17.5 -2
9.08214e-05 8.5 18 -12
6.83406e-05 9 18 -2
7.18854e-05 10 17 -2.5
0.000216464 9.5 17.5 -2.5
0.00015096 8.5 18 -11.5
0.000118697 9 18 -2.5
4.92734e-05 10 17 -3
0.000171006 9 18 -3
2.81749e-05 10 17 -3.5
0.000218497 9.5 17.5 -3
0.000224457 8.5 18 -11
0.000232888 9 18 -3.5
0.000213267 9.5 17.5 -3.5
0.000304658 8.5 18 -10.5
3.40295e-05 8.5 18.5 -3.5
0.000296506 9 18 -4
0.000208894 9.5 17.5 -4
6.1025e-05 8.5 18.5 -4
0.000338683 9 18 -4.5
0.000190437 9.5 17.5 -4.5
0.000113246 8.5 18.5 -4.5
0.000165166 9.5 17.5 -5
0.000175135 8.5 18.5 -5
0.000133316 9.5 17.5 -5.5
0.000370123 9 18 -5
0.000378104 8.5 18 -10
0.000252437 8.5 18.5 -5.5
9.72249e-05 9.5 17.5 -6
0.000388645 9 18 -5.5
0.000393774 9 18 -6
0.000442719 8.5 18 -9.5
0.000485537 8.5 18 -9
0.000500603 8.5 18 -8.5
0.000498018 8.5 18 -8
0.000330428 8.5 18.5 -6
0.000398834 9 18 -6.5
6.30518e-05 9.5 17.5 -6.5
3.80826e-05 8 19 -6
0.000398475 8.5 18.5 -6.5
6.6808e-05 8 19 -6.5
0.000439136 8.5 18.5 -7
9.85922e-05 8 19 -7
0.000466272 8.5 18.5 -7.5
0.00013682 8 19 -7.5
0.000478388 8.5 18.5 -8
0.000175097 8 19 -8
0.00047028 8.5 18.5 -8.5
0.000208353 8 19 -8.5
0.000223989 8 19 -9
0.000111952 9 18 -9.5
0.000224539 8 19 -9.5
5.85701e-05 9 18 -10
0.000207821 8 19 -10
0.000177998 8 19 -10.5
0.000135414 8 19 -11
8.39416e-05 8 19 -11.5
3.71383e-05 8 19 -12
2.57678e-05 10.5 17 2.5
3.0528e-05 11 16.5 2.5
8.17116e-05 10.5 17 2
4.83145e-05 11 16.5 2
4.56187e-05 11 16.5 1.5
0.000109029 10.5 17 1.5
3.07307e-05 10 17.5 1.5
2.80638e-05 11 16.5 1
0.000117436 10.5 17 1
8.03401e-05 10 17.5 1
0.000130199 10 17.5 0.5
0.000117882 10.5 17 0.5
0.000162443 10 17.5 0
0.000105098 10.5 17 0
4.34361e-05 8.5 18.5 -12.5
3.52925e-05 9.5 18 0
0.000180886 10 17.5 -0.5
8.16114e-05 10.5 17 -0.5
8.55214e-05 8.5 18.5 -12
7.18091e-05 9.5 18 -0.5
0.000188275 10 17.5 -1
5.55795e-05 10.5 17 -1
0.00012639 9.5 18 -1
3.07258e-05 10.5 17 -1.5
0.000140613 8.5 18.5 -11.5
0.000178203 9.5 18 -1.5
0.000185491 10 17.5 -1.5
0.000207545 8.5 18.5 -11
0.000227097 9.5 18 -2
0.000178646 10 17.5 -2
0.00027914 8.5 18.5 -10.5
4.38832e-05 9 18.5 -2
0.000260474 9.5 18 -2.5
0.000158123 10 17.5 -2.5
0.000348694 8.5 18.5 -10
8.52009e-05 9 18.5 -2.5
0.00028648 9.5 18 -3
0.000131237 10 17.5 -3
0.000136814 9 18.5 -3
9.99937e-05 10 17.5 -3.5
0.000408303 8.5 18.5 -9.5
0.000300384 9.5 18 -3.5
0.000200491 9 18.5 -3.5
6.64932e-05 10 17.5 -4
0.000301077 9.5 18 -4
0.000444581 8.5 18.5 -9
0.000267605 9 18.5 -4
0.00030222 9.5 18 -4.5
3.63165e-05 10 17.5 -4.5
3.06468e-05 8.5 19 -4
0.000326719 9 18.5 -4.5
5.46796e-05 8.5 19 -4.5
0.00036684 9 18.5 -5
0.000282181 9.5 18 -5
0.000100667 8.5 19 -5
0.000395538 9 18.5 -5.5
0.000153266 8.5 19 -5.5
0.0002153 8.5 19 -6
0.000165749 9.5 18 -6.5
0.000407468 9 18.5 -6
0.000274883 8.5 19 -6.5
0.000114215 9.5 18 -7
0.000404303 9 18.5 -6.5
0.000325497 8.5 19 -7
6.78775e-05 9.5 18 -7.5
0.000356018 8.5 19 -7.5
3.07545e-05 9.5 18 -8
2.61228e-05 8 19.5 -7.5
0.000363958 8.5 19 -8
3.80819e-05 8 19.5 -8
0.000348776 8.5 19 -8.5
0.000302664 9 18.5 -8.5
4.12469e-05 8 19.5 -8.5
0.000323343 8.5 19 -9
3.74764e-05 8 19.5 -9
0.000284118 8.5 19 -9.5
3.12614e-05 8 19.5 -9.5
0.000228534 8.5 19 -10
2.08982e-05 8 19.5 -10
2.07222e-05 9 18.5 -11
3.81359e-05 11 17 2.5
6.65189e-05 11 17 2
4.85481e-05 10.5 17.5 2
0.000101736 10.5 17.5 1.5
7.20243e-05 11 17 1.5
0.000132539 10.5 17.5 1
6.27621e-05 11 17 1
3.97953e-05 8.5 19 -12
3.28135e-05 10 18 1
3.84925e-05 11 17 0.5
0.000142447 10.5 17.5 0.5
7.34562e-05 8.5 19 -11.5
8.84768e-05 10 18 0.5
0.000142358 10 18 0
0.000147023 10.5 17.5 0
0.000120528 8.5 19 -11
0.000185007 10 18 -0.5
0.000143197 10.5 17.5 -0.5
0.000170767 8.5 19 -10.5
3.33116e-05 9.5 18.5 -0.5
0.00021058 10 18 -1
0.00011941 10.5 17.5 -1
7.33065e-05 9.5 18.5 -1
0.000225661 10 18 -1.5
9.04172e-05 10.5 17.5 -1.5
0.000133247 9.5 18.5 -1.5
0.000230307 10 18 -2
5.81527e-05 10.5 17.5 -2
0.000190764 9.5 18.5 -2
3.0415e-05 10.5 17.5 -2.5
6.31533e-05 9 18.5 -10.5
0.000242915 9.5 18.5 -2.5
0.000233392 10 18 -2.5
3.79326e-05 9 19 -2.5
0.000278465 9.5 18.5 -3
7.47625e-05 9 19 -3
0.000192816 10 18 -3.5
0.000306041 9.5 18.5 -3.5
0.000219219 10 18 -3
0.000110893 9 18.5 -10
0.000170309 9 18.5 -9.5
0.000120735 9 19 -3.5
0.000324355 9.5 18.5 -4
0.00015653 10 18 -4
0.000178375 9 19 -4
0.000333272 9.5 18.5 -4.5
0.000111934 10 18 -4.5
0.000239544 9 18.5 -9
0.000241993 9 19 -4.5
0.000340929 9.5 18.5 -5
7.01958e-05 10 18 -5
0.000302439 9 19 -5
2.97908e-05 8.5 19.5 -5
0.000341747 9 19 -5.5
0.000327067 9.5 18.5 -5.5
5.87122e-05 8.5 19.5 -5.5
0.000364411 9 19 -6
8.5438e-05 8.5 19.5 -6
0.000371818 9 19 -6.5
0.000113645 8.5 19.5 -6.5
0.000362266 9 19 -7
0.000187186 9.5 18.5 -7
0.000136894 8.5 19.5 -7
0.000150651 8.5 19.5 -7.5
8.49662e-05 9.5 18.5 -8
0.000155762 8.5 19.5 -8
0.00027177 9 19 -8.5
4.07753e-05 9.5 18.5 -8.5
0.000152739 8.5 19.5 -8.5
0.000136781 8.5 19.5 -9
0.000107429 8.5 19.5 -9.5
7.59191e-05 8.5 19.5 -10
4.63066e-05 8.5 19.5 -10.5
5.61611e-05 11 17.5 2
4.67722e-05 10.5 18 1.5
8.19289e-05 11 17.5 1.5
0.000101641 10.5 18 1
8.61347e-05 11 17.5 1
0.000140215 10.5 18 0.5
7.71476e-05 11 17.5 0.5
2.33897e-05 10 18.5 0.5
0.000159041 10.5 18 0
5.58336e-05 11 17.5 0
7.83642e-05 10 18.5 0
0.000164765 10.5 18 -0.5
3.13093e-05 11 17.5 -0.5
3.44561e-05 9 19 -11
0.000136345 10 18.5 -0.5
0.00018433 10 18.5 -1
0.000164181 10.5 18 -1
6.43126e-05 9 19 -10.5
0.000107537 9 19 -10
2.21336e-05 9.5 19 -1
0.000217044 10 18.5 -1.5
0.000145427 10.5 18 -1.5
5.66739e-05 9.5 19 -1.5
0.000109055 9.5 19 -2
8.37778e-05 10.5 18 -2.5
0.000236402 10 18.5 -2
0.000118653 10.5 18 -2
0.000160473 9 19 -9.5
0.000217102 9 19 -9
0.000245327 10 18.5 -2.5
0.000165448 9.5 19 -2.5
0.000253243 10 18.5 -3
4.86725e-05 10.5 18 -3
0.000221579 9.5 19 -3
0.000263314 9.5 19 -3.5
0.000246902 10 18.5 -3.5
4.62268e-05 9 19.5 -3.5
0.000293554 9.5 19 -4
7.22674e-05 9 19.5 -4
0.000185671 10 18.5 -4.5
0.000105983 9 19.5 -4.5
0.000141683 10 18.5 -5
0.000309999 9.5 19 -4.5
0.000150427 9 19.5 -5
9.50962e-05 10 18.5 -5.5
0.00031253 9.5 19 -5
0.000311117 9.5 19 -5.5
0.000220853 10 18.5 -4
0.000316613 9 19 -8
0.000343156 9 19 -7.5
0.000196349 9 19.5 -5.5
0.000289087 9.5 19 -6
5.25503e-05 10 18.5 -6
0.000226214 9 19.5 -6
0.000236597 9 19.5 -6.5
0.000257561 9.5 19 -6.5
0.000237319 9 19.5 -7
0.000223391 9 19.5 -7.5
7.94719e-05 9.5 19 -8.5
4.24132e-05 9.5 19 -9
9.13443e-05 9 19.5 -9.5
5.43087e-05 11 18 1.5
8.46476e-05 11 18 1
3.23262e-05 10.5 18.5 1
8.2902e-05 10.5 18.5 0.5
9.24799e-05 11 18 0.5
3.07992e-05 9 19.5 -10.5
0.000125526 10.5 18.5 0
8.43581e-05 11 18 0
5.67581e-05 9 19.5 -10
0.000152992 10.5 18.5 -0.5
6.23619e-05 11 18 -0.5
5.25579e-05 10 19 -0.5
0.000167282 10.5 18.5 -1
3.82525e-05 11 18 -1
0.000125232 9 19.5 -9
0.000107361 10 19 -1
0.000170497 10.5 18.5 -1.5
0.000154166 10 19 -1.5
0.000160796 9 19.5 -8.5
0.000197665 9 19.5 -8
0.00018974 10 19 -2
0.000157232 10.5 18.5 -2
3.25828e-05 9.5 19.5 -2
6.36254e-05 9.5 19.5 -2.5
0.000103707 10.5 18.5 -3
0.000214756 10 19 -2.5
0.000227011 10 19 -3
0.000135237 10.5 18.5 -2.5
0.00010351 9.5 19.5 -3
0.000234595 10 19 -3.5
6.89942e-05 10.5 18.5 -3.5
0.000148416 9.5 19.5 -3.5
0.000230986 10 19 -4
0.000183004 9.5 19.5 -4
0.000206905 9.5 19.5 -4.5
0.000213156 10 19 -4.5
0.000222382 9.5 19.5 -5
2.50493e-05 9 20 -5
4.8193e-05 9 20 -5.5
9.2459e-05 10 19 -6
0.000226488 9.5 19.5 -5.5
6.2682e-05 9 20 -6
5.3424e-05 10 19 -6.5
0.000208219 9.5 19.5 -6.5
0.000218961 9.5 19.5 -6
6.93468e-05 9 20 -6.5
0.000183245 9.5 19.5 -7
2.03511e-05 10 19 -7
7.22472e-05 9 20 -7
6.73569e-05 9 20 -7.5
5.27036e-05 9 20 -8
3.52886e-05 9 20 -8.5
2.04546e-05 9 20 -9
3.82731e-05 11 18.5 1
7.01838e-05 11 18.5 0.5
5.25902e-05 10.5 19 0
8.4054e-05 11 18.5 0
9.22679e-05 10.5 19 -0.5
8.33157e-05 11 18.5 -0.5
0.000123627 10.5 19 -1
6.41474e-05 11 18.5 -1
4.15976e-05 9.5 19.5 -9
0.000141732 10.5 19 -1.5
4.19033e-05 11 18.5 -1.5
5.22554e-05 10 19.5 -1.5
0.000149497 10.5 19 -2
2.10147e-05 11 18.5 -2
9.16316e-05 10 19.5 -2
7.34674e-05 9.5 19.5 -8.5
0.000109247 9.5 19.5 -8
0.000123127 10 19.5 -2.5
0.000143766 10.5 19 -2.5
0.000149962 10 19.5 -3
9.90208e-05 10.5 19 -3.5
3.1283e-05 9.5 20 -3.5
6.93394e-05 10.5 19 -4
0.000167158 10 19.5 -3.5
0.000174308 10 19.5 -4
0.000125305 10.5 19 -3
0.00014762 9.5 19.5 -7.5
5.28558e-05 9.5 20 -4
0.000174811 10 19.5 -4.5
3.94063e-05 10.5 19 -4.5
7.05333e-05 9.5 20 -4.5
8.55668e-05 9.5 20 -5
0.000157377 10 19.5 -5
9.67809e-05 9.5 20 -5.5
0.000100804 9.5 20 -6
4.53708e-05 10 19.5 -7
4.38418e-05 9.5 20 -8
4.39707e-05 11 19 0
6.11694e-05 11 19 -0.5
4.24268e-05 10.5 19.5 -1
6.70104e-05 11 19 -1
5.68905e-05 11 19 -1.5
2.83024e-05 9.5 20 -8.5
3.8496e-05 11 19 -2
7.10562e-05 10.5 19.5 -1.5
6.19609e-05 9.5 20 -7.5
8.10457e-05 9.5 20 -7
8.87325e-05 10.5 19.5 -2
9.7557e-05 9.5 20 -6.5
0.000101066 10.5 19.5 -2.5
2.27771e-05 10 20 -2.5
0.000103192 10.5 19.5 -3
4.35044e-05 10 20 -3
6.09608e-05 10 20 -3.5
9.27978e-05 10.5 19.5 -3.5
7.27693e-05 10 20 -4
5.49568e-05 10.5 19.5 -4.5
3.30675e-05 10.5 19.5 -5
7.73301e-05 10 20 -4.5
7.86401e-05 10 20 -5
7.73538e-05 10 20 -5.5
2.97703e-05 11 19.5 -1
3.69277e-05 11 19.5 -1.5
3.56391e-05 11 19.5 -2
2.6697e-05 10.5 20 -2.5
2.70971e-05 11 19.5 -2.5
3.60407e-05 10.5 20 -3
4.10231e-05 10.5 20 -3.5
4.14355e-05 10.5 20 -4
3.50079e-05 10.5 20 -4.5
2.67716e-05 10.5 20 -5
3.00047e-05 10 20 -7
4.67621e-05 10 20 -6.5
6.65936e-05 10 20 -6
7.5552e-05 10.5 19.5 -4
7.50446e-05 10 19.5 -6.5
0.000103596 10 19.5 -6
0.000131359 10 19.5 -5.5
0.000138824 10 19 -5.5
0.000182649 10 19 -5
3.62529e-05 10.5 18.5 -4
0.000124086 9.5 19 -8
0.000174677 9.5 19 -7.5
0.000222078 9.5 19 -7
0.000133722 9.5 18.5 -7.5
0.000246335 9.5 18.5 -6.5
0.000293973 9.5 18.5 -6
3.62798e-05 10 18 -5.5
0.000354693 9 18.5 -8
0.000391364 9 18.5 -7.5
0.000407635 9 18.5 -7
0.000213639 9.5 18 -6
0.0002521 9.5 18 -5.5
0.000175068 9 18 -9
0.000241725 9 18 -8.5
0.000297846 9 18 -8
0.000345365 9 18 -7.5
0.000385365 9 18 -7
3.39204e-05 9.5 17.5 -7
0.000179877 9 17.5 -8
0.000219998 9 17.5 -7.5
0.000359777 8.5 17.5 -9.5
0.000426131 8.5 17.5 -8.5
0.000418424 8.5 17.5 -8
0.000122053 9 17 -6.5
0.000164511 8.5 17 -10
0.00020765 8.5 17 -9.5
0.000235117 8.5 17 -9
0.000246899 8.5 17 -8.5
0.000246767 8.5 17 -8
0.000407756 8 17 -9
9.75175e-05 8.5 16.5 -8.5
9.46003e-05 8.5 16.5 -8
0.000255826 8 16.5 -9.5
0.0001768 8 16.5 -8.5
0.000105471 8 16 -10
9.13392e-05 8 16 -9.5
7.14655e-05 8 16 -9
5.04682e-05 8 16 -8.5
0.000243312 7.5 16 -10.5
0.0001819 7.5 16 -10
0.00012984 7.5 16 -9.5
8.6096e-05 7.5 16 -9
0.000114956 7.5 15.5 -11
8.0527e-05 7.5 15.5 -10.5
2.55778e-05 7.5 15 -11
5.7555e-05 7 14.5 -12.5
3.02555e-05 7 14.5 -12
