0.060185
7.73861e-05 -10.5 -5 10
0.000100368 -11 -4.5 10
0.00015404 -10.5 -5 10.5
0.000203486 -11 -4.5 10.5
0.000118639 -11 -4.5 11
3.11542e-05 -11 -4.5 11.5
2.38435e-05 -10 -5 9.5
3.98479e-05 -10.5 -5 11.5
0.000108792 -10.5 -5 11
0.000153298 -10.5 -4.5 9.5
0.000117918 -10 -5 10
0.000118669 -11 -4 9.5
0.00134324 -10.5 -4.5 10
0.000176621 -10 -5 10.5
0.00265549 -11 -4 10
0.00213101 -10.5 -4.5 10.5
0.000308144 -11.5 -3.5 10
0.00500401 -11 -4 10.5
0.00142684 -10.5 -4.5 11
0.00011484 -10 -5 11
0.000510981 -11.5 -3.5 10.5
0.00332517 -11 -4 11
4.28783e-05 -10 -5 11.5
0.000313988 -11.5 -3.5 11
2.38572e-05 -11.5 -3.5 11.5
0.00084075 -11 -4 11.5
0.000431604 -10.5 -4.5 11.5
0.000414494 -10 -4.5 9.5
0.00257647 -10.5 -4 9.5
0.00284222 -11 -3.5 9.5
0.0103952 -10.5 -4 10
0.000348098 -11.5 -3 9.5
0.0129485 -11 -3.5 10
0.0130865 -10.5 -4 10.5
0.00169635 -11.5 -3 10
0.0177331 -11 -3.5 10.5
0.00237663 -11.5 -3 10.5
0.0104995 -11 -3.5 11
0.000320621 -10 -4.5 11.5
0.0014818 -11.5 -3 11
0.0019289 -11 -3.5 11.5
0.0002784 -11.5 -3 11.5
0.00153542 -10.5 -4 11.5
0.00751148 -10.5 -4 11
0.00114121 -10 -4.5 11
0.0018698 -10 -4.5 10.5
0.00145215 -10 -4.5 10
0.00319056 -10 -4 9.5
0.000132106 -9.5 -4.5 9.5
0.0101211 -10.5 -3.5 9.5
0.00811025 -10 -4 10
5.64088e-05 -9.5 -4.5 10
0.00793382 -11 -3 9.5
0.0247332 -10.5 -3.5 10
0.00888798 -10 -4 10.5
0.00104254 -11.5 -2.5 9.5
0.0197627 -11 -3 10
0.0277043 -10.5 -3.5 10.5
0.00251075 -11.5 -2.5 10
0.0228507 -11 -3 10.5
0.0139373 -10.5 -3.5 11
0.00446159 -10 -4 11
0.00294043 -11.5 -2.5 10.5
0.0120728 -11 -3 11
0.00231576 -10.5 -3.5 11.5
0.000879455 -10 -4 11.5
0.00162135 -11.5 -2.5 11
0.00200833 -11 -3 11.5
0.000290164 -11.5 -2.5 11.5
0.000852735 -9.5 -4 9.5
0.000584372 -9.5 -4 10
0.00936747 -10 -3.5 9.5
0.000210378 -9.5 -4 9
0.015982 -10.5 -3 9.5
0.00111226 -10 -3.5 9
0.00206068 -10.5 -3 9
0.0092911 -11 -2.5 9.5
0.0302877 -10.5 -3 10
0.000169496 -9.5 -4 10.5
0.00149477 -11 -2.5 9
0.00121523 -11.5 -2 9.5
0.0197481 -11 -2.5 10
0.0315167 -10.5 -3 10.5
0.000241115 -11.5 -2 9
0.00253861 -11.5 -2 10
0.0219737 -11 -2.5 10.5
0.00287947 -11.5 -2 10.5
0.0111874 -11 -2.5 11
0.00131017 -10 -3.5 11.5
0.00150489 -11.5 -2 11
0.00165418 -11 -2.5 11.5
0.000201915 -11.5 -2 11.5
0.00229598 -10.5 -3 11.5
0.0148757 -10.5 -3 11
2.43696e-05 -9 -4 9
0.00819724 -10 -3.5 11
0.0182249 -10 -3.5 10.5
0.0176999 -10 -3.5 10
0.0132165 -10 -3 9.5
0.000813832 -9.5 -3.5 9
0.00290415 -10 -3 9
0.0159452 -10.5 -2.5 9.5
0.0216143 -10 -3 10
0.00380164 -10.5 -2.5 9
0.00745705 -11 -2 9.5
0.0279983 -10.5 -2.5 10
0.0212985 -10 -3 10.5
0.00200366 -11 -2 9
0.000910295 -11.5 -1.5 9.5
0.0125458 -11 -2 10
0.0285861 -10.5 -2.5 10.5
0.00030703 -11.5 -1.5 9
0.00134755 -11.5 -1.5 10
0.000128027 -11 -2 8.5
0.0128979 -11 -2 10.5
0.0130286 -10.5 -2.5 11
4.54982e-05 -9.5 -3.5 11.5
3.34396e-05 -11.5 -1.5 8.5
0.00130061 -11.5 -1.5 10.5
0.00665144 -11 -2 11
0.00185219 -10.5 -2.5 11.5
0.000669013 -11.5 -1.5 11
0.0009727 -11 -2 11.5
8.80331e-05 -11.5 -1.5 11.5
2.40942e-05 -12 -1.5 10
2.09753e-05 -12 -1.5 10.5
8.39599e-05 -9 -3.5 9
0.00423496 -9.5 -3 9.5
0.000106171 -9.5 -3 8.5
0.00977253 -10.5 -2 9.5
0.00357716 -10 -2.5 9
0.00550601 -9.5 -3 10
0.00336194 -10.5 -2 9
0.00231342 -11 -1.5 9.5
0.0158221 -10.5 -2 10
0.000226558 -10 -2.5 8.5
0.00374321 -9.5 -3 10.5
0.000452749 -10.5 -2 8.5
0.00118502 -11 -1.5 9
0.00015497 -11.5 -1 9.5
0.00323618 -11 -1.5 10
0.0159167 -10.5 -2 10.5
0.000981848 -9.5 -3 11
0.000108186 -11.5 -1 9
0.000267299 -11 -1.5 8.5
0.000174129 -11.5 -1 10
0.00324104 -11 -1.5 10.5
0.000112093 -9.5 -3 11.5
0.00780772 -10.5 -2 11
3.46633e-05 -11.5 -1 8.5
0.000159446 -11.5 -1 10.5
0.00193591 -11 -1.5 11
0.00112977 -10.5 -2 11.5
7.8476e-05 -11.5 -1 11
0.000441394 -11 -1.5 11.5
2.37618e-05 -11.5 -1 11.5
2.29686e-05 -12 -1 9.5
2.35195e-05 -12 -1 10.5
2.93652e-05 -12 -1 10
0.00445983 -9.5 -2.5 9.5
0.000177282 -9 -3 9
6.11057e-05 -9 -3 8.5
0.00743933 -10 -2 9.5
0.00166239 -9.5 -2.5 9
0.00278514 -10 -2 9
0.00270526 -10.5 -1.5 9.5
0.0113996 -10 -2 10
0.00021319 -9.5 -2.5 8.5
0.000279844 -11 -1 9.5
0.000458456 -10 -2 8.5
0.00135693 -10.5 -1.5 9
0.00396132 -10.5 -1.5 10
0.011086 -10 -2 10.5
0.000158491 -11 -1 9
0.000389887 -10.5 -1.5 8.5
0.000379717 -11 -1 10
0.00402587 -10.5 -1.5 10.5
0.00510919 -10 -2 11
9.04719e-05 -11 -1 8.5
2.02748e-05 -11.5 -0.5 10
0.000374987 -11 -1 10.5
4.38584e-05 -10.5 -1.5 8
0.00248039 -10.5 -1.5 11
0.00023945 -11 -1 11
0.000564349 -10.5 -1.5 11.5
9.05205e-05 -11 -1 11.5
2.04041e-05 -12 -0.5 10
0.000401686 -9 -2.5 9.5
0.00121044 -9.5 -2 9
0.000206785 -9 -2.5 10
0.00204139 -10 -1.5 9.5
6.43543e-05 -9 -2.5 8.5
0.0031015 -9.5 -2 9.5
0.00438616 -9.5 -2 10
0.000268043 -9 -2.5 9
0.000722736 -10 -2 11.5
0.000166255 -9.5 -2.5 11.5
0.000329995 -10.5 -1 9.5
0.000229066 -9.5 -2 8.5
0.00100491 -10 -1.5 9
0.00306882 -10 -1.5 10
0.00392846 -9.5 -2 10.5
0.000171604 -10.5 -1 9
0.000307841 -10 -1.5 8.5
2.57475e-05 -11 -0.5 9.5
0.00046735 -10.5 -1 10
0.00311927 -10 -1.5 10.5
9.46351e-05 -10.5 -1 8.5
3.40391e-05 -11 -0.5 10
0.000480626 -10.5 -1 10.5
4.07544e-05 -10 -1.5 8
0.00189159 -10 -1.5 11
2.04332e-05 -10.5 -1 8
3.18675e-05 -11 -0.5 10.5
0.000326997 -10.5 -1 11
0.000151387 -10.5 -1 11.5
0.000388447 -10 -1.5 11.5
0.000545336 -9 -2 9.5
0.000256671 -9 -2 9
0.00107211 -9.5 -1.5 9.5
0.000642023 -9 -2 10
0.00025504 -10 -1 9.5
0.00163064 -9.5 -1.5 10
5.27248e-05 -9 -2 8.5
0.00048276 -9.5 -1.5 9
3.08761e-05 -10.5 -0.5 9.5
0.000133885 -9.5 -1.5 8.5
0.000136048 -10 -1 9
0.000380608 -10 -1 10
0.00164902 -9.5 -1.5 10.5
0.000384449 -9 -2 10.5
4.20526e-05 -10.5 -0.5 10
6.28528e-05 -10 -1 8.5
0.00039829 -10 -1 10.5
0.000843123 -9.5 -1.5 11
4.23628e-05 -10.5 -0.5 10.5
0.00027195 -10 -1 11
2.88045e-05 -10.5 -0.5 11
0.000123225 -10 -1 11.5
0.000125051 -9.5 -1.5 11.5
0.000341308 -9 -1.5 9.5
0.000135498 -9 -1.5 9
0.00014999 -9.5 -1 9.5
0.000463655 -9 -1.5 10
8.06105e-05 -9.5 -1 9
2.82236e-05 -10 -0.5 9.5
3.13073e-05 -9 -1.5 8.5
0.000215504 -9.5 -1 10
3.31915e-05 -9.5 -1 8.5
3.49007e-05 -10 -0.5 10
0.00022152 -9.5 -1 10.5
3.57867e-05 -10 -0.5 10.5
2.66039e-05 -10 -0.5 11
6.79692e-05 -9.5 -1 11.5
3.15979e-05 -8.5 -1.5 9.5
6.34234e-05 -9 -1 9.5
3.19718e-05 -9 -1 9
4.1137e-05 -8.5 -1.5 10
0.00011262 -9 -1 10
2.31615e-05 -9.5 -0.5 10
0.000116901 -9 -1 10.5
2.44945e-05 -9.5 -0.5 10.5
2.09548e-05 -8.5 -1 10.5
2.43212e-05 -8.5 -1 10
7.61919e-05 -9 -1 11
0.000179505 -9.5 -1 11
0.000135572 -9 -1.5 11
0.000404283 -9 -1.5 10.5
2.9098e-05 -9 -2 11
0.000162577 -9.5 -2 11.5
0.00145486 -9.5 -2 11
0.00151819 -9.5 -2.5 11
0.00468838 -9.5 -2.5 10.5
0.00592033 -9.5 -2.5 10
0.00110232 -10 -2.5 11.5
0.00808645 -10 -2.5 11
0.0193543 -10 -2.5 10.5
0.0199162 -10 -2.5 10
0.0126917 -10 -2.5 9.5
0.00152667 -9.5 -3 9
0.00131853 -10 -3 11.5
0.00894451 -10 -3 11
0.000302631 -9.5 -3.5 11
0.00143955 -9.5 -3.5 10.5
0.00270642 -9.5 -3.5 10
0.00241342 -9.5 -3.5 9.5
