0.4
3.46398e-05 -1 1 -6
5.05321e-05 -0.5 1.5 -6
3.68057e-05 -1 1.5 -6
5.78193e-05 0 2 -6
6.97162e-05 -0.5 2 -6
3.93108e-05 0.5 2.5 -6
9.61684e-05 0 2.5 -6
3.90007e-05 -0.5 2.5 -6
0.000104259 0.5 3 -6
8.35654e-05 0 3 -6
6.97763e-05 1 3.5 -6
0.00011957 0.5 3.5 -6
2.01327e-05 0 3.5 -6
2.53489e-05 1.5 4 -6
0.000125678 1 4 -6
6.11994e-05 0.5 4 -6
8.56173e-05 1.5 4.5 -6
0.0001049 1 4.5 -6
3.14807e-05 2 5 -6
9.25925e-05 1.5 5 -6
4.3435e-05 1 5 -6
3.9903e-05 2 5.5 -6
4.21915e-05 1.5 5.5 -6
3.44652e-05 -1.5 0 -6.5
5.85353e-05 -2 0 -6.5
5.14317e-05 -1 0.5 -6.5
0.000137241 -1.5 0.5 -6.5
3.44429e-05 -2 0.5 -6.5
4.21846e-05 -0.5 1 -6.5
0.000227579 -1 1 -6.5
0.000133298 -1.5 1 -6.5
0.000284967 -0.5 1.5 -6.5
0.000303335 -1 1.5 -6.5
0.000218901 0 2 -6.5
0.000450769 -0.5 2 -6.5
0.000161689 -1 2 -6.5
8.80518e-05 0.5 2.5 -6.5
0.000500491 0 2.5 -6.5
0.000391235 -0.5 2.5 -6.5
0.000376269 0.5 3 -6.5
0.000544653 0 3 -6.5
8.68985e-05 -0.5 3 -6.5
0.000163826 1 3.5 -6.5
0.000550861 0.5 3.5 -6.5
0.000288099 0 3.5 -6.5
4.08324e-05 1.5 4 -6.5
0.000397324 1 4 -6.5
0.000418238 0.5 4 -6.5
2.01061e-05 0 4 -6.5
0.000198019 1.5 4.5 -6.5
0.000399341 1 4.5 -6.5
0.00015429 0.5 4.5 -6.5
5.7652e-05 2 5 -6.5
0.000249859 1.5 5 -6.5
0.000221901 1 5 -6.5
9.41729e-05 2 5.5 -6.5
0.00013482 1.5 5.5 -6.5
3.15788e-05 1 5.5 -6.5
4.0993e-05 2 6 -6.5
2.28665e-05 1.5 6 -6.5
3.8244e-05 -2.5 -1 -7
8.24803e-05 -2 -0.5 -7
0.000110471 -2.5 -0.5 -7
0.000171133 -1.5 0 -7
0.000369265 -2 0 -7
5.07271e-05 -2.5 0 -7
0.000225928 -1 0.5 -7
0.000716957 -1.5 0.5 -7
0.000354194 -2 0.5 -7
0.000139392 -0.5 1 -7
0.000982785 -1 1 -7
0.000913608 -1.5 1 -7
2.2392e-05 -2 1 -7
3.5277e-05 0 1.5 -7
0.000954552 -0.5 1.5 -7
0.00147505 -1 1.5 -7
0.0004276 -1.5 1.5 -7
0.000554931 0 2 -7
0.00172633 -0.5 2 -7
0.00126684 -1 2 -7
0.000155645 0.5 2.5 -7
0.0015218 0 2.5 -7
0.00180133 -0.5 2.5 -7
0.000240611 -1 2.5 -7
0.000883001 0.5 3 -7
0.00183605 0 3 -7
0.000964141 -0.5 3 -7
0.00029053 1 3.5 -7
0.00148845 0.5 3.5 -7
0.00140484 0 3.5 -7
5.26709e-05 -0.5 3.5 -7
5.26549e-05 1.5 4 -7
0.000867615 1 4 -7
0.00131072 0.5 4 -7
0.000378187 0 4 -7
0.000342943 1.5 4.5 -7
0.000919419 1 4.5 -7
0.000658306 0.5 4.5 -7
8.04176e-05 2 5 -7
0.00047016 1.5 5 -7
0.000532067 1 5 -7
9.94269e-05 0.5 5 -7
0.000149836 2 5.5 -7
0.00025221 1.5 5.5 -7
2.02646e-05 2.5 6 -7
7.0511e-05 2 6 -7
5.79132e-05 -3 -1.5 -7.5
5.26649e-05 1.5 6 -7
0.000157118 -2.5 -1 -7.5
9.81572e-05 -3 -1 -7.5
0.000114039 1 5.5 -7
0.000340209 -2 -0.5 -7.5
0.000464128 -2.5 -0.5 -7.5
2.65793e-05 -3 -0.5 -7.5
0.000635611 -1.5 0 -7.5
0.00123274 -2 0 -7.5
0.000383637 -2.5 0 -7.5
2.9847e-05 -1 0 -7.5
0.000687526 -1 0.5 -7.5
0.00205408 -1.5 0.5 -7.5
0.00142072 -2 0.5 -7.5
0.000362037 -0.5 1 -7.5
0.0025356 -1 1 -7.5
0.00283449 -1.5 1 -7.5
0.000534613 -2 1 -7.5
7.90683e-05 0 1.5 -7.5
0.0021732 -0.5 1.5 -7.5
0.00384622 -1 1.5 -7.5
0.00216293 -1.5 1.5 -7.5
0.00110884 0 2 -7.5
0.00401718 -0.5 2 -7.5
0.00382122 -1 2 -7.5
0.00035451 -1.5 2 -7.5
0.000280471 0.5 2.5 -7.5
0.00314255 0 2.5 -7.5
0.00437272 -0.5 2.5 -7.5
0.00186306 -1 2.5 -7.5
0.00159096 0.5 3 -7.5
0.00402485 0 3 -7.5
0.00319773 -0.5 3 -7.5
6.34556e-05 -1 3 -7.5
0.000458394 1 3.5 -7.5
0.00289688 0.5 3.5 -7.5
0.00334554 0 3.5 -7.5
0.000689537 -0.5 3.5 -7.5
7.00802e-05 1.5 4 -7.5
0.00147126 1 4 -7.5
0.00259646 0.5 4 -7.5
0.00138168 0 4 -7.5
0.000500345 1.5 4.5 -7.5
0.00154672 1 4.5 -7.5
0.00139945 0.5 4.5 -7.5
0.000142619 0 4.5 -7.5
0.000106436 2 5 -7.5
0.000667992 1.5 5 -7.5
0.000853586 1 5 -7.5
0.000271812 0.5 5 -7.5
0.000185137 2 5.5 -7.5
0.000344445 1.5 5.5 -7.5
2.41567e-05 2.5 6 -7.5
8.96806e-05 2 6 -7.5
3.30666e-05 -3.5 -2 -8
0.000169623 -3 -1.5 -8
2.86324e-05 -3.5 -1.5 -8
7.56561e-05 1.5 6 -7.5
2.22494e-05 -2.5 -1.5 -8
0.000469252 -2.5 -1 -8
0.000263018 -3 -1 -8
0.000195286 1 5.5 -7.5
4.13094e-05 -2 -1 -8
0.000958713 -2 -0.5 -8
0.00108115 -2.5 -0.5 -8
0.000149516 -3 -0.5 -8
8.30835e-05 -1.5 -0.5 -8
0.00150893 -1.5 0 -8
0.00257866 -2 0 -8
0.000982901 -2.5 0 -8
8.85451e-05 -1 0 -8
0.0015028 -1 0.5 -8
0.00398597 -1.5 0.5 -8
0.00302992 -2 0.5 -8
0.000263924 -2.5 0.5 -8
3.77146e-05 -0.5 0.5 -8
0.000770661 -0.5 1 -8
0.00465717 -1 1 -8
0.00543273 -1.5 1 -8
0.00176265 -2 1 -8
0.0001801 0 1.5 -8
0.00378846 -0.5 1.5 -8
0.00685395 -1 1.5 -8
0.00469587 -1.5 1.5 -8
0.000169073 -2 1.5 -8
0.00186333 0 2 -8
0.00681242 -0.5 2 -8
0.00702134 -1 2 -8
0.00165464 -1.5 2 -8
0.000481955 0.5 2.5 -8
0.00499735 0 2.5 -8
0.00746463 -0.5 2.5 -8
0.00414474 -1 2.5 -8
6.39433e-05 -1.5 2.5 -8
0.00068979 -1 3 -8
0.00240537 0.5 3 -8
0.00641203 0 3 -8
0.00577893 -0.5 3 -8
0.00068421 1 3.5 -8
0.00426135 0.5 3.5 -8
0.00532347 0 3.5 -8
0.00181404 -0.5 3.5 -8
0.000125322 -0.5 4 -8
0.000105138 1.5 4 -8
0.00200518 1 4 -8
0.00372862 0.5 4 -8
0.00239834 0 4 -8
0.000617899 1.5 4.5 -8
0.00196967 1 4.5 -8
0.000120436 2 5 -8
0.000749166 1.5 5 -8
0.000192044 2 5.5 -8
2.39972e-05 2.5 6 -8
9.44518e-05 2 6 -8
2.69574e-05 -3.5 -2.5 -8.5
6.41408e-05 -3.5 -2 -8.5
8.62885e-05 1.5 6 -8
6.23651e-05 -3 -2 -8.5
0.000339573 -3 -1.5 -8.5
5.79524e-05 -3.5 -1.5 -8.5
0.000377853 1.5 5.5 -8
0.00010416 -2.5 -1.5 -8.5
0.00094241 -2.5 -1 -8.5
0.000454302 -3 -1 -8.5
0.000234273 1 5.5 -8
0.00101785 1 5 -8
0.000196013 -2 -1 -8.5
0.00176885 -2 -0.5 -8.5
0.00171963 -2.5 -0.5 -8.5
0.000271832 -3 -0.5 -8.5
0.000387458 0.5 5 -8
0.000293216 -1.5 -0.5 -8.5
0.00255559 -1.5 0 -8.5
0.00391873 -2 0 -8.5
0.00152114 -2.5 0 -8.5
3.00832e-05 -3 0 -8.5
2.02289e-05 -1 -0.5 -8.5
0.000221205 -1 0 -8.5
0.00246244 -1 0.5 -8.5
0.00585427 -1.5 0.5 -8.5
0.00439179 -2 0.5 -8.5
0.000513181 -2.5 0.5 -8.5
8.36247e-05 -0.5 0.5 -8.5
0.0013177 -0.5 1 -8.5
0.00660298 -1 1 -8.5
0.00751626 -1.5 1 -8.5
0.00252585 -2 1 -8.5
2.802e-05 -2.5 1 -8.5
0.000357024 0 1.5 -8.5
0.00528114 -0.5 1.5 -8.5
0.00917217 -1 1.5 -8.5
0.00631003 -1.5 1.5 -8.5
0.00051368 -2 1.5 -8.5
0.00191932 0.5 4.5 -8
0.000358814 0 4.5 -8
0.00263214 0 2 -8.5
0.00881397 -0.5 2 -8.5
0.00910185 -1 2 -8.5
0.00234759 -1.5 2 -8.5
0.000721017 0.5 2.5 -8.5
0.00631221 0 2.5 -8.5
0.00937674 -0.5 2.5 -8.5
0.00522503 -1 2.5 -8.5
0.000278434 -1.5 2.5 -8.5
0.00109114 -1 3 -8.5
3.79528e-05 1 3 -8.5
0.00301349 0.5 3 -8.5
0.00767482 0 3 -8.5
0.00688872 -0.5 3 -8.5
6.73095e-05 -1 3.5 -8.5
0.000859787 1 3.5 -8.5
0.00485784 0.5 3.5 -8.5
0.00606549 0 3.5 -8.5
0.00226911 -0.5 3.5 -8.5
0.000140039 1.5 4 -8.5
0.00218409 1 4 -8.5
0.00404251 0.5 4 -8.5
0.0026648 0 4 -8.5
0.000246286 -0.5 4 -8.5
0.000426524 0 4.5 -8.5
0.000638508 1.5 4.5 -8.5
0.00202494 1 4.5 -8.5
0.00011848 2 5 -8.5
0.000744385 1.5 5 -8.5
0.000181089 2 5.5 -8.5
2.0657e-05 2.5 6 -8.5
8.97337e-05 2 6 -8.5
5.39996e-05 -3.5 -2.5 -9
9.62132e-05 -3.5 -2 -9
8.63803e-05 1.5 6 -8.5
0.000373727 1.5 5.5 -8.5
0.000145227 -3 -2 -9
0.000480143 -3 -1.5 -9
7.2542e-05 -3.5 -1.5 -9
0.000241037 1 5.5 -8.5
2.27187e-05 0.5 5.5 -8.5
0.000278777 -2.5 -1.5 -9
0.00134985 -2.5 -1 -9
0.000550972 -3 -1 -9
0.00103077 1 5 -8.5
0.000475472 -2 -1 -9
0.00242039 -2 -0.5 -9
0.00203081 -2.5 -0.5 -9
0.000277511 -3 -0.5 -9
0.000414435 0.5 5 -8.5
2.77425e-05 -1.5 -1 -9
0.000579931 -1.5 -0.5 -9
0.00330928 -1.5 0 -9
0.00447236 -2 0 -9
0.00158397 -2.5 0 -9
4.17885e-05 -3 0 -9
2.03344e-05 0 5 -8.5
2.91745e-05 -1 -0.5 -9
0.000400773 -1 0 -9
0.00314832 -1 0.5 -9
0.006614 -1.5 0.5 -9
0.00462189 -2 0.5 -9
0.000513551 -2.5 0.5 -9
0.000151197 -0.5 0.5 -9
0.00176196 -0.5 1 -9
0.00734277 -1 1 -9
0.00792598 -1.5 1 -9
0.00254153 -2 1 -9
6.40579e-05 -2.5 1 -9
2.1249e-05 0 1 -9
0.000516536 0 1.5 -9
0.0058982 -0.5 1.5 -9
0.00961704 -1 1.5 -9
0.00640671 -1.5 1.5 -9
5.27689e-05 -2 2 -9
0.000525025 -2 1.5 -9
0.00200102 0.5 4.5 -8.5
2.83582e-05 0.5 2 -9
0.00301555 0 2 -9
0.0091709 -0.5 2 -9
0.0093032 -1 2 -9
0.0023462 -1.5 2 -9
0.00523072 -1 2.5 -9
0.000860648 0.5 2.5 -9
0.0065239 0 2.5 -9
0.00954877 -0.5 2.5 -9
0.000297396 -1.5 2.5 -9
0.00110188 -1 3 -9
7.37093e-05 1 3 -9
0.00310105 0.5 3 -9
0.00771829 0 3 -9
0.00688737 -0.5 3 -9
9.67933e-05 -1 3.5 -9
0.000892722 1 3.5 -9
0.0048254 0.5 3.5 -9
0.00603923 0 3.5 -9
0.000260823 -0.5 4 -9
0.00228086 -0.5 3.5 -9
0.0026613 0 4 -9
0.00014983 1.5 4 -9
0.00213361 1 4 -9
0.00397588 0.5 4 -9
0.000599944 1.5 4.5 -9
2.25842e-05 0 5 -9
0.000408937 0.5 5 -9
0.000105848 2 5 -9
2.36986e-05 0.5 5.5 -9
0.000144976 2 5.5 -9
6.79516e-05 2 6 -9
6.94806e-05 1.5 6 -9
7.69718e-05 -3.5 -2.5 -9.5
0.000107147 -3.5 -2 -9.5
0.00031611 1.5 5.5 -9
0.00022394 -3 -2 -9.5
0.000529797 -3 -1.5 -9.5
6.99761e-05 -3.5 -1.5 -9.5
0.000220924 1 5.5 -9
0.000651803 1.5 5 -9
2.28377e-05 -2.5 -2 -9.5
0.000436195 -2.5 -1.5 -9.5
0.0014575 -2.5 -1 -9.5
0.000544061 -3 -1 -9.5
3.47163e-05 -2 -1.5 -9.5
0.000698234 -2 -1 -9.5
0.00254356 -2 -0.5 -9.5
0.00200438 -2.5 -0.5 -9.5
0.000269105 -3 -0.5 -9.5
0.000950098 1 5 -9
0.00192554 1 4.5 -9
3.90602e-05 -3 0 -9.5
4.58251e-05 -1.5 -1 -9.5
0.000786753 -1.5 -0.5 -9.5
0.00341227 -1.5 0 -9.5
0.00442334 -2 0 -9.5
0.000482961 -2.5 0.5 -9.5
0.00155227 -2.5 0 -9.5
3.76113e-05 -1 -0.5 -9.5
0.00052685 -1 0 -9.5
0.00323809 -1 0.5 -9.5
0.00654039 -1.5 0.5 -9.5
0.00453728 -2 0.5 -9.5
0.00194069 0.5 4.5 -9
0.000202281 -0.5 0.5 -9.5
0.0018798 -0.5 1 -9.5
0.00724618 -1 1 -9.5
0.00777877 -1.5 1 -9.5
0.00247444 -2 1 -9.5
6.01388e-05 -2.5 1 -9.5
0.000442157 0 4.5 -9
3.31587e-05 0 1 -9.5
0.000603763 0 1.5 -9.5
0.00580013 -0.5 1.5 -9.5
0.0093648 -1 1.5 -9.5
0.00623441 -1.5 1.5 -9.5
0.0005022 -2 1.5 -9.5
5.10177e-05 -2 2 -9.5
5.17666e-05 0.5 2 -9.5
0.00296555 0 2 -9.5
0.00885899 -0.5 2 -9.5
0.00900679 -1 2 -9.5
0.002303 -1.5 2 -9.5
0.000875099 0.5 2.5 -9.5
0.00621599 0 2.5 -9.5
0.00914794 -0.5 2.5 -9.5
0.00505931 -1 2.5 -9.5
0.000286033 -1.5 2.5 -9.5
0.00109923 -1 3 -9.5
9.90504e-05 1 3 -9.5
0.00291509 0.5 3 -9.5
0.00718275 0 3 -9.5
9.422e-05 -1 3.5 -9.5
0.00544199 0 3.5 -9.5
0.000846352 1 3.5 -9.5
0.000266585 -0.5 4 -9.5
0.00237844 0 4 -9.5
0.000151068 1.5 4 -9.5
0.00180947 1 4 -9.5
0.000424949 0 4.5 -9.5
0.00155567 0.5 4.5 -9.5
0.000495384 1.5 4.5 -9.5
2.31327e-05 0 5 -9.5
8.55101e-05 2 5 -9.5
2.2931e-05 0.5 5.5 -9.5
9.73126e-05 2 5.5 -9.5
4.00941e-05 2 6 -9.5
3.83322e-05 1.5 6 -9.5
0.000214571 1.5 5.5 -9.5
2.58648e-05 -3.5 -3 -10
8.53208e-05 -3.5 -2.5 -10
0.000102066 -3.5 -2 -10
0.000150661 1 5.5 -9.5
0.000462083 1.5 5 -9.5
6.35465e-05 -3.5 -1.5 -10
4.18702e-05 -3 -2.5 -10
0.000263245 -3 -2 -10
0.000488661 -3 -1.5 -10
0.000686503 1 5 -9.5
0.000323656 0.5 5 -9.5
5.47593e-05 -2.5 -2 -10
0.000516919 -2.5 -1.5 -10
0.00134904 -2.5 -1 -10
0.00048361 -3 -1 -10
6.86228e-05 -2 -1.5 -10
0.000789862 -2 -1 -10
0.00235534 -2 -0.5 -10
0.00175238 -2.5 -0.5 -10
3.60447e-05 -3 0 -10
0.000244272 -3 -0.5 -10
6.26633e-05 -1.5 -1 -10
0.000866295 -1.5 -0.5 -10
0.00310995 -1.5 0 -10
0.00382387 -2 0 -10
0.00135501 -2.5 0 -10
0.000458777 -2.5 0.5 -10
4.16281e-05 -1 -0.5 -10
0.000581464 -1 0 -10
0.00295419 -1 0.5 -10
0.00562172 -1.5 0.5 -10
4.82277e-05 -2.5 1 -10
0.0021913 -2 1 -10
0.00386848 -2 0.5 -10
0.000233425 -0.5 0.5 -10
0.00176649 -0.5 1 -10
0.00616993 -1 1 -10
0.000472537 -2 1.5 -10
0.00522002 -1.5 1.5 -10
3.85268e-05 0 1 -10
0.000595398 0 1.5 -10
0.00493234 -0.5 1.5 -10
3.24357e-05 -2 2 -10
0.00205285 -1.5 2 -10
0.00732485 -1 2 -10
7.78389e-05 0.5 2 -10
0.00256527 0 2 -10
0.000284246 -1.5 2.5 -10
0.00409984 -1 2.5 -10
0.000802708 0.5 2.5 -10
0.00490224 0 2.5 -10
0.00100587 -1 3 -10
0.00485913 -0.5 3 -10
0.000120634 1 3 -10
9.46987e-05 -1 3.5 -10
0.00167606 -0.5 3.5 -10
0.00385937 0 3.5 -10
0.000243632 -0.5 4 -10
0.000702452 1 3.5 -10
0.00158238 0 4 -10
0.000141969 1.5 4 -10
0.000286663 0 4.5 -10
2.29254e-05 0 5 -10
0.000174563 0.5 5 -10
6.03838e-05 2 5 -10
5.25212e-05 2 5.5 -10
0.000106689 1.5 5.5 -10
6.72724e-05 1 5.5 -10
0.000271607 1.5 5 -10
3.07721e-05 -3.5 -3 -10.5
6.88584e-05 -3.5 -2.5 -10.5
4.70246e-05 -3.5 -1.5 -10.5
7.21388e-05 -3.5 -2 -10.5
6.59398e-05 -3 -2.5 -10.5
0.000228447 -3 -2 -10.5
0.000342074 -3 -1.5 -10.5
0.000378951 1 5 -10
0.000347111 1.5 4.5 -10
0.000321341 -3 -1 -10.5
9.87976e-05 -2.5 -2 -10.5
0.000455665 -2.5 -1.5 -10.5
0.000173198 -3 -0.5 -10.5
0.00113241 -2.5 -0.5 -10.5
0.000955082 -2.5 -1 -10.5
0.000116741 -2 -1.5 -10.5
0.000684601 -2 -1 -10.5
3.86491e-05 -3 0 -10.5
0.00246912 -2 0 -10.5
8.54112e-05 -1.5 -1 -10.5
0.000755506 -1.5 -0.5 -10.5
0.000361235 -2.5 0.5 -10.5
0.00216951 -1.5 0 -10.5
0.000869956 -2.5 0 -10.5
0.00166728 -2 -0.5 -10.5
4.35075e-05 -1 -0.5 -10.5
0.000532141 -1 0 -10.5
5.08221e-05 -2.5 1 -10.5
0.00208917 -1 0.5 -10.5
0.00363657 -1.5 0.5 -10.5
0.00144294 -2 1 -10.5
0.00244516 -2 0.5 -10.5
0.000226112 -0.5 0.5 -10.5
0.00133443 -0.5 1 -10.5
0.00398967 -1 1 -10.5
0.000405816 -2 1.5 -10.5
4.75481e-05 0 1 -10.5
0.000514346 0 1.5 -10.5
0.00324588 -0.5 1.5 -10.5
3.18153e-05 -2 2 -10.5
0.00135009 -1.5 2 -10.5
9.99521e-05 0.5 2 -10.5
0.00177454 0 2 -10.5
0.000249444 -1.5 2.5 -10.5
0.00241021 -1 2.5 -10.5
0.000622032 -1 3 -10.5
8.65426e-05 -1 3.5 -10.5
0.000128485 1 3 -10.5
0.00084331 -0.5 3.5 -10.5
0.00148399 0.5 3 -10.5
0.00203585 0 3.5 -10.5
0.000139339 -0.5 4 -10.5
0.000704886 0 4 -10.5
0.000113119 0 4.5 -10.5
0.000114815 1.5 4 -10.5
4.64211e-05 0.5 5 -10.5
3.5183e-05 2 5 -10.5
2.00461e-05 2 5.5 -10.5
2.31518e-05 -3.5 -3 -11
3.53881e-05 -3.5 -2.5 -11
2.10911e-05 -3.5 -1.5 -11
3.40948e-05 -3.5 -2 -11
3.36267e-05 1.5 5.5 -10.5
0.000116575 1.5 5 -10.5
0.000162512 -3 -1.5 -11
5.80167e-05 -3 -2.5 -11
0.000127749 -3 -1 -11
0.000133685 -3 -2 -11
0.00013602 1 5 -10.5
0.000193806 1.5 4.5 -10.5
9.60668e-05 -2.5 -2 -11
6.78128e-05 -3 -0.5 -11
0.000286862 -2.5 -1.5 -11
0.000477707 -2.5 -0.5 -11
0.000455626 -2.5 -1 -11
3.34218e-05 -3 0 -11
0.000113666 -2 -1.5 -11
0.000424759 -2 -1 -11
0.000330588 -2.5 0 -11
0.00108552 -2 0 -11
9.0458e-05 -1.5 -1 -11
0.000155006 -2.5 0.5 -11
0.000959038 -2 0.5 -11
0.000476382 -1.5 -0.5 -11
0.00108588 -1.5 0 -11
0.000839208 -2 -0.5 -11
0.000435301 1 4.5 -10.5
0.00107256 -1 0.5 -11
4.48566e-05 -1 -0.5 -11
5.03252e-05 -2.5 1 -11
0.000546305 -2 1 -11
0.000364422 -1 0 -11
0.00162166 -1.5 0.5 -11
0.00174195 -1.5 1 -11
0.000175826 -0.5 0.5 -11
0.000201094 -2 1.5 -11
0.000750154 -0.5 1 -11
0.00121852 -1.5 1.5 -11
0.00180373 -1 1 -11
0.00212002 -1 1.5 -11
4.19204e-05 -2 2 -11
4.76621e-05 0 1 -11
0.000496742 -1.5 2 -11
0.000335562 0 1.5 -11
0.00171487 -1 2 -11
0.00153748 -0.5 1.5 -11
0.000120304 -1.5 2.5 -11
0.000767483 -1 2.5 -11
9.16357e-05 0.5 2 -11
0.000922357 0 2 -11
0.00168664 -0.5 2.5 -11
0.00193802 -0.5 2 -11
0.000188675 -1 3 -11
0.000379872 0.5 2.5 -11
0.000812989 -0.5 3 -11
0.00120475 0 3 -11
0.000705155 0.5 3 -11
3.21347e-05 -1 3.5 -11
0.000179594 -0.5 3.5 -11
0.000601905 0 3.5 -11
2.68648e-05 -0.5 4 -11
0.000119342 0 4 -11
0.000253997 1 4 -11
5.31278e-05 0.5 4.5 -11
2.8275e-05 1.5 5 -11
2.70142e-05 -3 -1.5 -11.5
3.18164e-05 -3 -2.5 -11.5
4.27537e-05 -3 -2 -11.5
2.11188e-05 1 5 -11
7.13571e-05 1.5 4.5 -11
0.000103769 -2.5 -1 -11.5
6.61825e-05 -2.5 -0.5 -11.5
6.06881e-05 -2.5 -2 -11.5
0.000230262 -2 -0.5 -11.5
0.000102666 -2.5 -1.5 -11.5
2.83464e-05 -2.5 0 -11.5
7.37853e-05 -2 -1.5 -11.5
0.000196414 -2 0 -11.5
6.40256e-05 -1.5 -1 -11.5
0.000191272 -1.5 -0.5 -11.5
0.000108974 -2 0.5 -11.5
0.000331703 -1 0.5 -11.5
4.55736e-05 -2 1 -11.5
3.56236e-05 -1 -0.5 -11.5
0.000262255 -1.5 1 -11.5
0.000159211 -1 0 -11.5
0.000347474 -1.5 0.5 -11.5
0.00031313 -1.5 0 -11.5
0.000166392 -2 -1 -11.5
0.000116159 1 4.5 -11
7.27546e-05 1.5 4 -11
0.000264998 -0.5 1 -11.5
2.4538e-05 -2 1.5 -11.5
0.000115916 -1.5 1.5 -11.5
9.12421e-05 -0.5 0.5 -11.5
0.000383124 -1 1.5 -11.5
0.000423667 -1 1 -11.5
0.000147167 0 1.5 -11.5
3.26117e-05 -1.5 2 -11.5
0.000200008 -1 2 -11.5
3.3306e-05 0 1 -11.5
0.000396229 -0.5 2 -11.5
4.65276e-05 -1 2.5 -11.5
0.000227272 -0.5 2.5 -11.5
5.45728e-05 -0.5 3 -11.5
0.000153898 0.5 2.5 -11.5
0.000181003 0 3 -11.5
4.39671e-05 0 3.5 -11.5
8.03096e-05 1 3.5 -11.5
2.62287e-05 0.5 4 -11.5
2.11056e-05 -2 -1 -12
3.11172e-05 -1.5 -0.5 -12
2.71439e-05 -1.5 0 -12
3.53356e-05 -1 0.5 -12
3.35733e-05 -1 1 -12
3.53858e-05 -0.5 1 -12
3.22028e-05 -1 0 -12
2.7895e-05 0 1.5 -12
3.65858e-05 -0.5 1.5 -12
2.57357e-05 -0.5 2 -12
2.14253e-05 0.5 2.5 -12
2.07685e-05 0 2.5 -12
3.15431e-05 0 2 -12
2.33367e-05 -0.5 0.5 -12
2.38715e-05 1.5 4 -11.5
4.17888e-05 1 4 -11.5
0.00010634 0.5 3.5 -11.5
5.82433e-05 1 3 -11.5
0.000186216 0.5 3 -11.5
0.000314597 0 2.5 -11.5
5.7515e-05 0.5 2 -11.5
0.000290048 0 2 -11.5
0.000400177 -0.5 1.5 -11.5
0.000318311 0.5 4 -11
0.000267567 1 3.5 -11
0.000659268 0.5 3.5 -11
0.00010822 1 3 -11
0.00135391 0 2.5 -11
0.000376087 0.5 4.5 -10.5
0.000692183 1 4 -10.5
0.00111356 0.5 4 -10.5
0.000493445 1 3.5 -10.5
0.00173089 0.5 3.5 -10.5
0.00310405 0 3 -10.5
0.00268893 -0.5 3 -10.5
0.000617367 0.5 2.5 -10.5
0.00304568 0 2.5 -10.5
0.0043299 -0.5 2.5 -10.5
0.00444476 -0.5 2 -10.5
0.00449455 -1 2 -10.5
0.00489119 -1 1.5 -10.5
0.00324903 -1.5 1.5 -10.5
0.00414566 -1.5 1 -10.5
0.000928336 1 4.5 -10
0.000942625 0.5 4.5 -10
0.00126187 1 4 -10
0.0022401 0.5 4 -10
0.0030866 0.5 3.5 -10
0.00230037 0.5 3 -10
0.00538691 0 3 -10
0.00720389 -0.5 2.5 -10
0.00716703 -0.5 2 -10
0.00776877 -1 1.5 -10
0.00656322 -1.5 1 -10
0.00149802 1 4.5 -9.5
0.00337122 0.5 4 -9.5
0.00429193 0.5 3.5 -9.5
0.00220477 -0.5 3.5 -9.5
0.00647578 -0.5 3 -9.5
