0.6
2.75853e-05 4 9 -10
7.6608e-05 4.5 9.5 -10
3.38116e-05 5 9.5 -9.5
7.07936e-05 5 9.5 -10
3.44637e-05 5 9 -10
6.60568e-05 4.5 9 -10
2.64478e-05 4.5 8.5 -10
2.758e-05 4 8.5 -10
2.13599e-05 4.5 8 -10.5
5.24466e-05 4 9.5 -10.5
0.0001482 4.5 9.5 -10.5
2.13015e-05 4 10 -10.5
0.000125218 4.5 10 -10.5
5.29455e-05 5.5 10 -10.5
4.58277e-05 5.5 10 -10
3.10221e-05 5.5 10 -9.5
4.44277e-05 5 10 -9.5
9.09678e-05 5 10 -10
5.98857e-05 4.5 10 -10
0.000131313 5 10 -10.5
0.000119243 5 9.5 -10.5
5.62908e-05 5 9 -10.5
0.000142457 4.5 9 -10.5
9.01186e-05 4 9 -10.5
7.71004e-05 4.5 8.5 -10.5
9.68379e-05 4 8.5 -10.5
4.64933e-05 4 8 -10.5
4.80462e-05 4.5 8 -11
3.95414e-05 3.5 9 -11
7.33924e-05 5 9 -11
0.000138537 4 9.5 -11
4.7154e-05 4 10 -11
0.000204697 4.5 10 -11
0.000102486 4.5 10.5 -11
8.93444e-05 5.5 10.5 -11
8.20862e-05 5.5 10.5 -10.5
4.02902e-05 5.5 10.5 -9.5
4.04064e-05 5 10.5 -9.5
6.59724e-05 5.5 10.5 -10
8.19272e-05 5 10.5 -10
2.76239e-05 4.5 10.5 -10
0.000121192 5 10.5 -10.5
6.31612e-05 4.5 10.5 -10.5
0.000163156 5 10.5 -11
5.07933e-05 5.5 10 -11
0.000181964 5 10 -11
0.000155708 5 9.5 -11
0.000241884 4.5 9.5 -11
0.000225146 4.5 9 -11
0.00021525 4 9 -11
0.000142857 4.5 8.5 -11
0.000221325 4 8.5 -11
8.31354e-05 3.5 8.5 -11
0.000136277 4 8 -11
9.85749e-05 3.5 8 -11
4.87974e-05 4 7.5 -11
6.73941e-05 3.5 7.5 -11
2.31076e-05 4 7 -11.5
0.000128389 4 7.5 -11.5
7.49843e-05 4.5 8 -11.5
9.08085e-05 3.5 9 -11.5
7.17668e-05 5 9 -11.5
0.000331518 4.5 9.5 -11.5
7.70656e-05 4 10 -11.5
0.000272712 4.5 10 -11.5
4.03014e-05 5.5 10 -11.5
0.000136533 4.5 10.5 -11.5
2.91221e-05 4.5 11 -11.5
0.000112983 5 11 -11.5
2.12355e-05 4.5 11 -11
8.02471e-05 5.5 11 -11.5
0.00010009 5 11 -11
8.23093e-05 5.5 11 -11
7.55694e-05 5 11 -10.5
2.46886e-05 6 11 -10.5
2.33496e-05 6 11 -10
3.56664e-05 5.5 11 -9.5
2.16545e-05 5 11 -9.5
5.92521e-05 5.5 11 -10
4.58656e-05 5 11 -10
7.29587e-05 5.5 11 -10.5
8.41346e-05 5.5 10.5 -11.5
2.54731e-05 -5.5 -11 -12
2.38465e-05 -5.5 -10.5 -12
2.07152e-05 -5.5 -10 -12
0.000185537 5 10.5 -11.5
0.000211607 5 10 -11.5
0.000169306 5 9.5 -11.5
2.48904e-05 -5 -10.5 -12
2.99237e-05 -5 -10 -12
3.01404e-05 -5 -9.5 -12
2.28497e-05 -5 -9 -12
0.000227326 4 9.5 -11.5
0.000327447 4.5 9 -11.5
0.00037156 4 9 -11.5
0.000207082 4.5 8.5 -11.5
0.000395523 4 8.5 -11.5
0.000218652 3.5 8.5 -11.5
0.000272489 4 8 -11.5
0.000283833 3.5 8 -11.5
2.13146e-05 -4.5 -9.5 -12
3.04266e-05 -4.5 -9 -12
2.70148e-05 -4.5 -8.5 -12
4.31082e-05 3 8 -11.5
0.000237186 3.5 7.5 -11.5
8.1172e-05 3 7.5 -11.5
8.07477e-05 3.5 7 -11.5
8.87446e-05 3 7 -11.5
2.73943e-05 3 6.5 -11.5
4.10764e-05 3 6 -12
7.89448e-05 3.5 6.5 -12
4.06187e-05 4 7 -12
0.000220346 4 7.5 -12
4.14857e-05 3 8.5 -12
7.59796e-05 4.5 8 -12
0.000186968 3.5 9 -12
3.92506e-05 3.5 9.5 -12
5.56605e-05 5 9 -12
0.000122451 4 10 -12
0.000307226 4.5 10 -12
0.000159476 4.5 10.5 -12
3.57063e-05 4.5 11 -12
0.00010771 5 11 -12
2.31084e-05 5 11.5 -12
3.50093e-05 5.5 11.5 -12
2.91908e-05 5 11.5 -11.5
2.09493e-05 6 11.5 -10.5
2.89237e-05 5.5 11.5 -10
4.02963e-05 5.5 11.5 -10.5
4.72514e-05 5.5 11.5 -11
2.57388e-05 5 11.5 -11
4.83158e-05 5.5 11.5 -11.5
6.48595e-05 5.5 11 -12
6.76176e-05 5.5 10.5 -12
0.000179632 5 10.5 -12
2.76161e-05 -5.5 -11 -12.5
2.64286e-05 -5.5 -10.5 -12.5
2.16671e-05 -5.5 -10 -12.5
2.46441e-05 5.5 10 -12
0.000211996 5 10 -12
0.000160397 5 9.5 -12
0.000382994 4.5 9.5 -12
0.00032153 4 9.5 -12
3.40551e-05 -5 -10.5 -12.5
4.18993e-05 -5 -10 -12.5
4.39811e-05 -5 -9.5 -12.5
3.60012e-05 -5 -9 -12.5
0.000392262 4.5 9 -12
0.000519259 4 9 -12
0.000241514 4.5 8.5 -12
0.000574714 4 8.5 -12
0.000417782 3.5 8.5 -12
0.000463937 4 8 -12
0.000555978 3.5 8 -12
2.52352e-05 -4.5 -10 -12.5
4.84822e-05 -4.5 -9.5 -12.5
5.74854e-05 -4.5 -9 -12.5
5.89397e-05 -4.5 -8.5 -12.5
4.14384e-05 -4.5 -8 -12.5
0.000141838 3 8 -12
0.00052906 3.5 7.5 -12
0.00027914 3 7.5 -12
0.000270854 3.5 7 -12
0.000337065 3 7 -12
4.074e-05 2.5 7 -12
0.000185583 3 6.5 -12
6.45014e-05 2.5 6.5 -12
2.13011e-05 -4 -9 -12.5
4.6598e-05 -4 -8.5 -12.5
5.91954e-05 -4 -8 -12.5
5.57907e-05 -4 -7.5 -12.5
3.15944e-05 -4 -7 -12.5
6.76603e-05 2.5 6 -12
3.09565e-05 -3.5 -7.5 -12.5
3.94801e-05 -3.5 -7 -12.5
3.16705e-05 -3.5 -6.5 -12.5
7.35635e-05 2 5 -12.5
4.4724e-05 3 5.5 -12.5
0.00023643 3 6 -12.5
0.000199282 3.5 6.5 -12.5
5.3329e-05 4 7 -12.5
5.52506e-05 2.5 7.5 -12.5
0.000295061 4 7.5 -12.5
0.000100228 3 8.5 -12.5
6.51539e-05 4.5 8 -12.5
0.000313048 3.5 9 -12.5
7.73409e-05 3.5 9.5 -12.5
3.56352e-05 5 9 -12.5
0.000173399 4 10 -12.5
0.000310492 4.5 10 -12.5
2.7482e-05 4 10.5 -12.5
0.000168828 4.5 10.5 -12.5
3.79991e-05 4.5 11 -12.5
4.2453e-05 5.5 11 -12.5
8.42345e-05 5 11 -12.5
4.4375e-05 5.5 10.5 -12.5
2.44658e-05 -5.5 -11 -13
2.54232e-05 -5.5 -10.5 -13
0.000151519 5 10.5 -12.5
0.000181506 5 10 -12.5
0.000127725 5 9.5 -12.5
0.000387185 4.5 9.5 -12.5
0.000416685 4 9.5 -12.5
0.00040218 4.5 9 -12.5
3.74987e-05 -5 -10.5 -13
4.91096e-05 -5 -10 -13
5.30923e-05 -5 -9.5 -13
4.21856e-05 -5 -9 -13
2.06607e-05 -5 -8.5 -13
0.000608587 4 9 -12.5
0.000239738 4.5 8.5 -12.5
0.000656515 4 8.5 -12.5
0.000655933 3.5 8.5 -12.5
0.000610396 4 8 -12.5
0.00082531 3.5 8 -12.5
3.91987e-05 -4.5 -10 -13
6.89437e-05 -4.5 -9.5 -13
8.60514e-05 -4.5 -9 -13
8.98835e-05 -4.5 -8.5 -13
6.9685e-05 -4.5 -8 -13
3.1256e-05 -4.5 -7.5 -13
0.000330423 3 8 -12.5
0.000833298 3.5 7.5 -12.5
0.000606088 3 7.5 -12.5
0.000532527 3.5 7 -12.5
0.000734586 3 7 -12.5
0.000167318 2.5 7 -12.5
0.000593236 3 6.5 -12.5
4.97307e-05 -4 -9 -13
9.999e-05 -4 -8.5 -13
0.000120736 -4 -8 -13
0.000120745 -4 -7.5 -13
7.83064e-05 -4 -7 -13
3.15585e-05 -4 -6.5 -13
0.000311061 2.5 6.5 -12.5
0.000348482 2.5 6 -12.5
3.69382e-05 2 6 -12.5
0.000146721 2.5 5.5 -12.5
4.54058e-05 -3.5 -8 -13
9.56032e-05 -3.5 -7.5 -13
0.000121048 -3.5 -7 -13
0.000114752 -3.5 -6.5 -13
6.16108e-05 -3.5 -6 -13
6.75908e-05 2 5.5 -12.5
3.84032e-05 2.5 5 -12.5
2.97704e-05 -3 -7 -13
6.36822e-05 -3 -6.5 -13
8.64383e-05 -3 -6 -13
6.89672e-05 -3 -5.5 -13
2.22435e-05 -3 -5 -13
2.88835e-05 -2.5 -5.5 -13
3.94576e-05 -2.5 -5 -13
3.2093e-05 -2.5 -4.5 -13
2.21011e-05 2 4.5 -12.5
3.57404e-05 1 3 -13
4.61765e-05 1.5 3.5 -13
2.93925e-05 1 3.5 -13
4.45779e-05 2.5 4.5 -13
0.000251821 2.5 5 -13
0.00018379 3 5.5 -13
0.00065506 2.5 5.5 -13
3.43303e-05 3.5 6 -13
0.000617091 3 6 -13
0.000327439 3.5 6.5 -13
5.3335e-05 4 7 -13
0.000752453 3.5 7 -13
0.000535431 3 8 -13
4.21701e-05 4.5 8 -13
0.000160091 3 8.5 -13
0.000392337 3.5 9 -13
0.000442235 4 9.5 -13
0.000187013 4 10 -13
2.93443e-05 4 10.5 -13
0.000145299 4.5 10.5 -13
2.36085e-05 4.5 11 -13
5.33749e-05 5 11 -13
2.0448e-05 -5.5 -10.5 -13.5
0.000114138 5 10.5 -13
0.000137226 5 10 -13
0.000286691 4.5 10 -13
8.58831e-05 5 9.5 -13
0.000360946 4.5 9.5 -13
0.000101014 3.5 9.5 -13
0.000366753 4.5 9 -13
3.44379e-05 -5 -10.5 -13.5
4.62674e-05 -5 -10 -13.5
5.23012e-05 -5 -9.5 -13.5
3.90523e-05 -5 -9 -13.5
0.000657472 4 9 -13
0.000200912 4.5 8.5 -13
0.000728437 4 8.5 -13
0.000816897 3.5 8.5 -13
0.00064921 4 8 -13
4.66201e-05 -4.5 -10 -13.5
8.21171e-05 -4.5 -9.5 -13.5
0.000106455 -4.5 -9 -13.5
0.000112131 -4.5 -8.5 -13.5
8.16595e-05 -4.5 -8 -13.5
3.46738e-05 -4.5 -7.5 -13.5
0.00102668 3.5 8 -13
0.000319335 4 7.5 -13
0.00103321 3.5 7.5 -13
0.00100103 3 7.5 -13
0.000137912 2.5 7.5 -13
3.04309e-05 -4 -9.5 -13.5
8.16602e-05 -4 -9 -13.5
0.000144349 -4 -8.5 -13.5
0.000177019 -4 -8 -13.5
0.000180947 -4 -7.5 -13.5
0.000130568 -4 -7 -13.5
5.32642e-05 -4 -6.5 -13.5
0.00115823 3 7 -13
0.000446638 2.5 7 -13
0.00107644 3 6.5 -13
0.000821627 2.5 6.5 -13
5.68453e-05 2 6.5 -13
0.000965147 2.5 6 -13
0.000205169 2 6 -13
5.512e-05 -3.5 -5.5 -13.5
3.19723e-05 -3.5 -8.5 -13.5
0.000102219 -3.5 -8 -13.5
0.000200958 -3.5 -7.5 -13.5
0.000245265 -3.5 -7 -13.5
0.000243198 -3.5 -6.5 -13.5
0.000150534 -3.5 -6 -13.5
0.000390843 2 5.5 -13
0.000431413 2 5 -13
2.36978e-05 -3 -7.5 -13.5
8.69555e-05 -3 -7 -13.5
0.000199644 -3 -6.5 -13.5
0.00026101 -3 -6 -13.5
0.000249796 -3 -5.5 -13.5
0.000126316 -3 -5 -13.5
3.54425e-05 -3 -4.5 -13.5
4.82364e-05 1.5 5 -13
0.000176275 2 4.5 -13
9.92008e-05 1.5 4.5 -13
5.36501e-05 2 4 -13
0.000113837 1.5 4 -13
5.81802e-05 -2.5 -6 -13.5
0.000150231 -2.5 -5.5 -13.5
0.000206096 -2.5 -5 -13.5
0.000192047 -2.5 -4.5 -13.5
6.73935e-05 -2.5 -4 -13.5
2.36279e-05 -2 -5 -13.5
9.04441e-05 -2 -4.5 -13.5
0.000130331 -2 -4 -13.5
0.000118071 -2 -3.5 -13.5
3.37025e-05 -2 -3 -13.5
5.01731e-05 -1.5 -3.5 -13.5
9.02388e-05 -1.5 -3 -13.5
8.56949e-05 -1.5 -2.5 -13.5
2.04162e-05 -1.5 -2 -13.5
7.27153e-05 -1 -2 -13.5
8.76913e-05 -1 -1.5 -13.5
3.01896e-05 -1 -1 -13.5
5.75517e-05 -0.5 0 -13.5
3.95843e-05 -0.5 -1 -13.5
2.55185e-05 0 1.5 -13.5
8.81492e-05 -0.5 -0.5 -13.5
2.17979e-05 0 0 -13.5
0.000119108 0.5 2 -13.5
9.02461e-05 0.5 1.5 -13.5
8.1754e-05 0 0.5 -13.5
8.24453e-05 0 1 -13.5
8.31569e-05 0.5 2.5 -13.5
3.24871e-05 0.5 1 -13.5
5.93756e-05 1 2 -13.5
0.000135177 1 2.5 -13.5
0.00012782 1.5 3 -13.5
0.000247647 1 3 -13.5
0.000218296 1 3.5 -13.5
5.77499e-05 2 3.5 -13.5
0.000311676 1.5 3.5 -13.5
8.75504e-05 1 4 -13.5
0.000317719 2 4 -13.5
0.00064345 1.5 4 -13.5
0.000580175 1.5 4.5 -13.5
0.000175438 2.5 4.5 -13.5
6.845e-05 1.5 5.5 -13.5
0.0003792 3 5.5 -13.5
4.14573e-05 3.5 6 -13.5
0.000176768 2 6.5 -13.5
0.000391921 3.5 6.5 -13.5
3.55612e-05 4 7 -13.5
0.000233031 2.5 7.5 -13.5
0.0002827 4 7.5 -13.5
0.000610408 4 8 -13.5
0.000414064 3.5 9 -13.5
0.000395741 4 9.5 -13.5
4.86883e-05 5 9.5 -13.5
0.000159158 4 10 -13.5
9.52563e-05 4.5 10.5 -13.5
6.55714e-05 5 10.5 -13.5
8.43011e-05 5 10 -13.5
0.000213725 4.5 10 -13.5
0.000283752 4.5 9.5 -13.5
2.41641e-05 -5 -10.5 -14
3.68169e-05 -5 -10 -14
4.10355e-05 -5 -9.5 -14
2.96302e-05 -5 -9 -14
0.00010686 3.5 9.5 -13.5
0.000289252 4.5 9 -13.5
0.000614545 4 9 -13.5
0.000142957 4.5 8.5 -13.5
0.000704351 4 8.5 -13.5
0.000863384 3.5 8.5 -13.5
0.000200552 3 8.5 -13.5
4.34545e-05 -4.5 -10 -14
7.62779e-05 -4.5 -9.5 -14
0.000100422 -4.5 -9 -14
0.000110582 -4.5 -8.5 -14
7.64681e-05 -4.5 -8 -14
2.4406e-05 -4.5 -7.5 -14
0.00112681 3.5 8 -13.5
0.000677258 3 8 -13.5
0.00116716 3.5 7.5 -13.5
3.92269e-05 -4 -9.5 -14
0.0001016 -4 -9 -14
0.000172696 -4 -8.5 -14
0.000216782 -4 -8 -14
0.000222418 -4 -7.5 -14
0.000150449 -4 -7 -14
5.60075e-05 -4 -6.5 -14
0.0012985 3 7.5 -13.5
0.000854185 3.5 7 -13.5
0.00153373 3 7 -13.5
0.000783914 2.5 7 -13.5
0.0014866 3 6.5 -13.5
0.00148109 2.5 6.5 -13.5
0.000992273 3 6 -13.5
5.57989e-05 -3.5 -8.5 -14
0.000160774 -3.5 -8 -14
0.000290847 -3.5 -7.5 -14
0.000357404 -3.5 -7 -14
0.000361792 -3.5 -6.5 -14
0.000247646 -3.5 -6 -14
9.06478e-05 -3.5 -5.5 -14
0.00170606 2.5 6 -13.5
0.000633822 2 6 -13.5
0.00138131 2.5 5.5 -13.5
0.00119505 2 5.5 -13.5
0.000742433 2.5 5 -13.5
9.56067e-05 -3 -4.5 -14
5.49504e-05 -3 -7.5 -14
0.000197112 -3 -7 -14
0.000408308 -3 -6.5 -14
0.000513052 -3 -6 -14
0.000505494 -3 -5.5 -14
0.00029212 -3 -5 -14
0.00132039 2 5 -13.5
2.73113e-05 -2.5 -6.5 -14
0.000164886 -2.5 -6 -14
0.000411552 -2.5 -5.5 -14
0.000572526 -2.5 -5 -14
0.000574081 -2.5 -4.5 -14
0.000292236 -2.5 -4 -14
7.89604e-05 -2.5 -3.5 -14
0.000286997 1.5 5 -13.5
0.000767589 2 4.5 -13.5
0.000102761 -2 -5 -14
0.000369733 -2 -4.5 -14
0.000561465 -2 -4 -14
0.000563706 -2 -3.5 -14
0.000227031 -2 -3 -14
4.47894e-05 -2 -2.5 -14
0.00023141 -1.5 -3.5 -14
0.000523257 -1.5 -3 -14
0.000533309 -1.5 -2.5 -14
0.00018646 -1.5 -2 -14
0.000268531 -1 -1 -14
5.93894e-05 -1 -2.5 -14
0.000411725 -1 -2 -14
0.000562752 -1 -1.5 -14
4.67698e-05 -0.5 0.5 -14
0.000214339 -0.5 -1 -14
0.000219616 0 1.5 -14
0.000546124 -0.5 -0.5 -14
0.000430851 -0.5 0 -14
0.000505766 0 0.5 -14
0.000535828 0 1 -14
0.000731904 0.5 2 -14
0.000127796 0 0 -14
0.000542899 0.5 1.5 -14
2.80025e-05 0.5 0.5 -14
0.000721332 1 2.5 -14
0.000573023 0.5 2.5 -14
0.000192514 0.5 1 -14
0.000334648 1 2 -14
6.00549e-05 1 1.5 -14
0.000578799 1.5 3 -14
0.00122421 1 3 -14
0.00010341 0.5 3 -14
9.20482e-05 1.5 2.5 -14
0.00110061 1 3.5 -14
0.000197435 2 3.5 -14
0.0011987 1.5 3.5 -14
0.00189741 1.5 4 -14
2.88603e-05 1 4.5 -14
0.000362796 2.5 4.5 -14
0.00242502 2 5 -14
3.41744e-05 3 5 -14
0.000202063 1.5 5.5 -14
0.000458383 3 5.5 -14
3.6581e-05 3.5 6 -14
0.000318739 2 6.5 -14
0.000351473 3.5 6.5 -14
2.45875e-05 4 7 -14
0.000309525 2.5 7.5 -14
2.7656e-05 2.5 8 -14
0.000215548 4 7.5 -14
0.000226822 3 8.5 -14
0.000368442 3.5 9 -14
2.11906e-05 5 9.5 -14
0.000102707 4 10 -14
3.82289e-05 4.5 10.5 -14
2.47641e-05 5 10.5 -14
3.98926e-05 5 10 -14
0.00012274 4.5 10 -14
2.85994e-05 -5 -10 -14.5
2.46634e-05 -5 -9.5 -14.5
0.00018358 4.5 9.5 -14
0.000285243 4 9.5 -14
9.32384e-05 3.5 9.5 -14
0.000192907 4.5 9 -14
0.000474315 4 9 -14
9.00528e-05 4.5 8.5 -14
0.00056796 4 8.5 -14
3.452e-05 -4.5 -10 -14.5
5.82359e-05 -4.5 -9.5 -14.5
7.92858e-05 -4.5 -9 -14.5
8.77377e-05 -4.5 -8.5 -14.5
6.13454e-05 -4.5 -8 -14.5
0.000798724 3.5 8.5 -14
0.000511081 4 8 -14
0.00110253 3.5 8 -14
0.000732369 3 8 -14
0.00116692 3.5 7.5 -14
3.82403e-05 -4 -9.5 -14.5
9.74075e-05 -4 -9 -14.5
0.000162813 -4 -8.5 -14.5
0.000209371 -4 -8 -14.5
0.000220714 -4 -7.5 -14.5
0.000142234 -4 -7 -14.5
4.04205e-05 -4 -6.5 -14.5
0.0014207 3 7.5 -14
0.0008365 3.5 7 -14
0.00173476 3 7 -14
0.00104349 2.5 7 -14
0.00174517 3 6.5 -14
2.10323e-05 -3.5 -9 -14.5
7.30887e-05 -3.5 -8.5 -14.5
0.000199843 -3.5 -8 -14.5
0.000348934 -3.5 -7.5 -14.5
0.000427857 -3.5 -7 -14.5
0.000431394 -3.5 -6.5 -14.5
0.000269993 -3.5 -6 -14.5
9.10057e-05 -3.5 -5.5 -14.5
0.00197494 2.5 6.5 -14
0.00114656 3 6 -14
0.0022941 2.5 6 -14
0.00111795 2 6 -14
0.00209392 2.5 5.5 -14
0.000100581 -3 -7.5 -14.5
0.000314747 -3 -7 -14.5
0.000580195 -3 -6.5 -14.5
0.000694976 -3 -6 -14.5
0.000682953 -3 -5.5 -14.5
0.000433536 -3 -5 -14.5
0.000146616 -3 -4.5 -14.5
0.00215166 2 5.5 -14
0.0012242 2.5 5 -14
0.000175795 -2.5 -3.5 -14.5
0.000578739 -2.5 -4 -14.5
8.93231e-05 -2.5 -6.5 -14.5
0.00034581 -2.5 -6 -14.5
0.000771691 -2.5 -5.5 -14.5
0.00103512 -2.5 -5 -14.5
0.00103978 -2.5 -4.5 -14.5
0.00083334 1.5 5 -14
0.00170396 2 4.5 -14
0.00169096 1.5 4.5 -14
0.000873437 2 4 -14
0.000150782 -2 -2.5 -14.5
0.000643825 -2 -3 -14.5
0.000293752 -2 -5 -14.5
0.000869777 -2 -4.5 -14.5
0.0012691 -2 -4 -14.5
0.00131526 -2 -3.5 -14.5
7.97975e-05 -1.5 -1.5 -14.5
5.2671e-05 -1.5 -4 -14.5
0.000754007 -1.5 -3.5 -14.5
0.00160101 -1.5 -3 -14.5
0.00143235 -1 -1 -14.5
0.00022758 -1 -2.5 -14.5
0.000392753 -0.5 0.5 -14.5
0.00149322 -1 -2 -14.5
0.00211543 -1 -1.5 -14.5
0.000108331 -1 -0.5 -14.5
0.000826384 -0.5 -1 -14.5
0.00115566 0 1.5 -14.5
0.00219361 -0.5 -0.5 -14.5
6.30534e-05 0 2 -14.5
0.00250489 0.5 2 -14.5
0.000481554 0 0 -14.5
0.000712996 0.5 1 -14.5
0.00203123 1 2.5 -14.5
0.00192675 0.5 2.5 -14.5
0.000437557 0.5 3 -14.5
0.00131834 1.5 3 -14.5
0.00304867 1 3 -14.5
0.000363052 2 3.5 -14.5
0.00249076 1.5 3.5 -14.5
2.04001e-05 2.5 4 -14.5
0.000132863 1 4.5 -14.5
0.00044031 2.5 4.5 -14.5
3.3574e-05 3 5 -14.5
0.00036525 1.5 5.5 -14.5
0.000421821 3 5.5 -14.5
0.00239351 2.5 5.5 -14.5
0.00249183 2.5 6 -14.5
2.99109e-05 3.5 6 -14.5
0.00043542 2 6.5 -14.5
0.000283634 3.5 6.5 -14.5
0.0017523 3 6.5 -14.5
0.000748562 3.5 7 -14.5
0.000144249 4 7.5 -14.5
4.0434e-05 2.5 8 -14.5
0.000221833 3 8.5 -14.5
4.82935e-05 4.5 8.5 -14.5
0.000102633 4.5 9 -14.5
0.000158277 4 9.5 -14.5
4.25707e-05 4 10 -14.5
4.72064e-05 4.5 10 -14.5
9.13456e-05 4.5 9.5 -14.5
6.68227e-05 3.5 9.5 -14.5
0.000289254 4 9 -14.5
3.54618e-05 -4.5 -9.5 -15
4.64719e-05 -4.5 -9 -15
5.12882e-05 -4.5 -8.5 -15
3.31229e-05 -4.5 -8 -15
0.00026974 3.5 9 -14.5
0.000372737 4 8.5 -14.5
0.000589828 3.5 8.5 -14.5
0.000361173 4 8 -14.5
0.000892861 3.5 8 -14.5
3.13138e-05 -4 -9.5 -15
6.99882e-05 -4 -9 -15
0.000122065 -4 -8.5 -15
0.000165897 -4 -8 -15
0.000178029 -4 -7.5 -15
0.00011528 -4 -7 -15
2.76389e-05 -4 -6.5 -15
0.000706408 3 8 -14.5
0.00101485 3.5 7.5 -14.5
0.00138871 3 7.5 -14.5
0.000381211 2.5 7.5 -14.5
0.00172643 3 7 -14.5
0.00115139 2.5 7 -14.5
2.161e-05 2 7 -14.5
2.29736e-05 -3.5 -9 -15
7.8449e-05 -3.5 -8.5 -15
0.000197926 -3.5 -8 -15
0.000332234 -3.5 -7.5 -15
0.000406528 -3.5 -7 -15
0.000414676 -3.5 -6.5 -15
0.000249892 -3.5 -6 -15
6.62823e-05 -3.5 -5.5 -15
0.00214064 2.5 6.5 -14.5
0.00112718 3 6 -14.5
0.00013705 -3 -4.5 -15
3.11262e-05 -3 -8 -15
0.000137351 -3 -7.5 -15
0.000373534 -3 -7 -15
0.000638186 -3 -6.5 -15
0.00075841 -3 -6 -15
0.000757521 -3 -5.5 -15
0.00045229 -3 -5 -15
0.0014499 2 6 -14.5
0.00276542 2 5.5 -14.5
0.00140196 2.5 5 -14.5
0.0032152 2 5 -14.5
0.00129302 -2.5 -5 -15
0.00015633 -2.5 -6.5 -15
0.000535449 -2.5 -6 -15
0.00103665 -2.5 -5.5 -15
0.00126177 -2.5 -4.5 -15
0.000726262 -2.5 -4 -15
2.18292e-05 -2 -2 -15
0.00100401 -2 -3 -15
0.000254383 -2 -2.5 -15
0.00198083 -2 -3.5 -15
7.70729e-05 -2 -5.5 -15
0.000610338 -2 -5 -15
0.00145209 -2 -4.5 -15
0.00190976 -2 -4 -15
0.000216738 -2.5 -3.5 -15
0.0014175 1.5 5 -14.5
0.00263839 2 4.5 -14.5
0.00288877 1.5 4.5 -14.5
0.00144738 2 4 -14.5
0.00305402 -1.5 -2.5 -15
0.000241552 -1.5 -4 -15
0.00157561 -1.5 -3.5 -15
0.00287149 -1.5 -3 -15
0.00148543 -1.5 -2 -15
0.000374223 -1 -0.5 -15
0.000185383 -1.5 -1.5 -15
0.00315162 -1 -1 -15
0.000714665 -1 -2.5 -15
4.85655e-05 -0.5 1 -15
0.0031895 -1 -2 -15
0.00124349 -0.5 0.5 -15
0.00479583 -0.5 -0.5 -15
0.0027057 0 1.5 -15
0.00482833 0 1 -15
0.00196783 -0.5 -1 -15
0.00458651 -0.5 0 -15
0.000266637 0 2 -15
0.00476787 0.5 2 -15
0.00367774 0.5 1.5 -15
0.00104894 0 0 -15
0.000203804 0.5 0.5 -15
0.00351202 1 2.5 -15
0.00352709 0.5 2.5 -15
0.000367116 1 1.5 -15
0.00188799 1.5 3 -15
0.00471923 1 3 -15
0.000416921 1.5 2.5 -15
0.000475401 2 3.5 -15
2.57909e-05 2 3 -15
2.59895e-05 2.5 4 -15
0.000293802 1 4.5 -15
0.000437408 2.5 4.5 -15
0.00333922 2 5 -15
2.93918e-05 3 5 -15
0.000488348 1.5 5.5 -15
0.000355433 3 5.5 -15
0.000500749 2 6.5 -15
0.000202965 3.5 6.5 -15
0.00155445 3 6.5 -15
0.000574007 3.5 7 -15
8.5627e-05 4 7.5 -15
5.38824e-05 2.5 8 -15
0.000174876 3 8.5 -15
3.84754e-05 4.5 9 -15
2.94282e-05 4.5 9.5 -15
6.23162e-05 4 9.5 -15
3.099e-05 3.5 9.5 -15
0.000141226 4 9 -15
2.1073e-05 -4.5 -9 -15.5
2.24461e-05 -4.5 -8.5 -15.5
0.000150643 3.5 9 -15
0.000199174 4 8.5 -15
0.000348664 3.5 8.5 -15
0.000203376 4 8 -15
0.000554425 3.5 8 -15
3.91013e-05 -4 -9 -15.5
6.77032e-05 -4 -8.5 -15.5
9.55408e-05 -4 -8 -15.5
0.000102116 -4 -7.5 -15.5
6.35815e-05 -4 -7 -15.5
0.00054244 3 8 -15
0.000683023 3.5 7.5 -15
0.00106464 3 7.5 -15
0.000392727 2.5 7.5 -15
0.00146548 3 7 -15
6.29417e-05 -3.5 -8.5 -15.5
0.000144527 -3.5 -8 -15.5
0.000241149 -3.5 -7.5 -15.5
0.000305383 -3.5 -7 -15.5
0.000317449 -3.5 -6.5 -15.5
0.000192543 -3.5 -6 -15.5
4.44828e-05 -3.5 -5.5 -15.5
0.00113873 2.5 7 -15
5.4515e-05 2 7 -15
0.00208471 2.5 6.5 -15
0.00101251 3 6 -15
0.000110971 -3 -4.5 -15.5
3.45419e-05 -3 -8 -15.5
0.000144965 -3 -7.5 -15.5
0.000354737 -3 -7 -15.5
0.000590124 -3 -6.5 -15.5
0.000708089 -3 -6 -15.5
0.000711583 -3 -5.5 -15.5
0.00041782 -3 -5 -15.5
0.00243839 2.5 6 -15
0.00154161 2 6 -15
0.0023769 2.5 5.5 -15
0.00286169 2 5.5 -15
0.0013885 2.5 5 -15
0.00175381 1.5 5 -15
0.00296867 2 4.5 -15
0.00131038 -2.5 -5 -15.5
3.45565e-05 -2.5 -7 -15.5
0.000201004 -2.5 -6.5 -15.5
0.000594849 -2.5 -6 -15.5
0.00108951 -2.5 -5.5 -15.5
0.00127386 -2.5 -4.5 -15.5
0.000721832 -2.5 -4 -15.5
0.000205603 -2.5 -3.5 -15.5
0.00351472 1.5 4.5 -15
0.00168112 2 4 -15
0.00107858 -2 -3 -15.5
0.00207409 -2 -3.5 -15.5
0.000200298 -2 -5.5 -15.5
0.000824683 -2 -5 -15.5
0.0016792 -2 -4.5 -15.5
0.00212873 -2 -4 -15.5
0.000229387 -1.5 -1.5 -15.5
0.00160973 -1.5 -2 -15.5
0.00364931 -1.5 -2.5 -15.5
0.000621478 -1.5 -4 -15.5
2.11064e-05 -1 0 -15.5
0.0023566 -1.5 -3.5 -15.5
0.000488937 -1 -0.5 -15.5
0.00491064 -1 -2 -15.5
0.000117584 -0.5 1 -15.5
0.00178474 -0.5 0.5 -15.5
0.00648103 -0.5 0 -15.5
0.00148678 -1 -2.5 -15.5
0.00608683 -1 -1.5 -15.5
0.00384409 -1 -1 -15.5
0.000123502 -0.5 -1.5 -15.5
0.00377472 0 1.5 -15.5
0.00680134 0 1 -15.5
0.0033018 -0.5 -1 -15.5
0.000479973 0 2 -15.5
0.00596455 0.5 2 -15.5
0.00160804 0 0 -15.5
0.00410451 1 2.5 -15.5
0.00432672 0.5 2.5 -15.5
0.00228745 1 2 -15.5
0.000308119 0.5 0.5 -15.5
0.00130171 0.5 3 -15.5
0.00195714 1.5 3 -15.5
0.00515021 1 3 -15.5
0.000115493 0.5 3.5 -15.5
0.00411984 1 3.5 -15.5
0.000488505 2 3.5 -15.5
0.00360987 1.5 3.5 -15.5
0.00426142 1.5 4 -15.5
2.73573e-05 2.5 4 -15.5
0.000411724 1 4.5 -15.5
0.00297516 2 4.5 -15.5
0.00179578 1.5 5 -15.5
2.24558e-05 3 5 -15.5
0.000523534 1.5 5.5 -15.5
0.000256576 3 5.5 -15.5
0.00207895 2.5 5.5 -15.5
0.00203839 2.5 6 -15.5
0.000520857 2 6.5 -15.5
0.000130539 3.5 6.5 -15.5
0.00106242 3 6.5 -15.5
0.000337471 3.5 7 -15.5
3.89141e-05 4 7.5 -15.5
5.12338e-05 2.5 8 -15.5
9.68055e-05 3 8.5 -15.5
4.63782e-05 4 9 -15.5
5.81583e-05 3.5 9 -15.5
7.63204e-05 4 8.5 -15.5
0.000158273 3.5 8.5 -15.5
8.17089e-05 4 8 -15.5
2.93893e-05 -4 -8.5 -16
3.72234e-05 -4 -8 -16
3.97116e-05 -4 -7.5 -16
2.13402e-05 -4 -7 -16
0.000279349 3.5 8 -15.5
0.000311471 3 8 -15.5
0.000353713 3.5 7.5 -15.5
0.000625298 3 7.5 -15.5
2.21888e-05 -3.5 -5.5 -16
0.000163217 -3.5 -7 -16
3.50291e-05 -3.5 -8.5 -16
7.42716e-05 -3.5 -8 -16
0.000123237 -3.5 -7.5 -16
0.00016903 -3.5 -6.5 -16
0.000100301 -3.5 -6 -16
0.000318534 2.5 7.5 -15.5
0.0009138 3 7 -15.5
0.000887702 2.5 7 -15.5
8.14384e-05 2 7 -15.5
7.18501e-05 -3 -4.5 -16
0.000512326 -3 -5.5 -16
3.52542e-05 -3 -8 -16
0.000113583 -3 -7.5 -16
0.000244874 -3 -7 -16
0.000399416 -3 -6.5 -16
0.000497179 -3 -6 -16
0.000301601 -3 -5 -16
0.00160671 2.5 6.5 -15.5
0.000769487 3 6 -15.5
0.00148906 2 6 -15.5
3.65707e-05 1.5 6 -15.5
0.000159313 -2.5 -3.5 -16
0.00271208 2 5.5 -15.5
0.00125848 2.5 5 -15.5
0.00115046 -2.5 -5 -16
0.000562997 -2.5 -6 -16
4.84306e-05 -2.5 -7 -16
0.000208745 -2.5 -6.5 -16
0.000971241 -2.5 -5.5 -16
0.00112383 -2.5 -4.5 -16
0.00062325 -2.5 -4 -16
0.00318215 2 5 -15.5
0.000410225 2.5 4.5 -15.5
0.00354644 1.5 4.5 -15.5
0.00166677 2 4 -15.5
0.00200579 -2 -3.5 -16
0.00205598 -2 -4 -16
2.6299e-05 -2 -6 -16
0.000271904 -2 -5.5 -16
0.000853548 -2 -5 -16
0.00163603 -2 -4.5 -16
0.00104373 -2 -3 -16
0.000267984 -2 -2.5 -16
0.00183665 1 4 -15.5
0.000227073 -1.5 -1.5 -16
0.0036073 -1.5 -2.5 -16
5.32938e-05 -1.5 -4.5 -16
2.42888e-05 -1 0 -16
0.000936416 -1.5 -4 -16
0.00258033 -1.5 -3.5 -16
0.00353694 -1.5 -3 -16
0.00379112 -1 -1 -16
0.000481482 -1 -0.5 -16
0.00624322 -1 -1.5 -16
0.00531139 -1 -2 -16
9.23021e-05 -1 -3 -16
0.00013069 -0.5 1 -16
0.00179896 -0.5 0.5 -16
0.00667101 -0.5 0 -16
0.00763495 -0.5 -0.5 -16
0.000331605 -0.5 -1.5 -16
0.0038782 0 1.5 -16
0.00706107 0 1 -16
0.000529105 0 2 -16
0.00599863 0.5 2 -16
2.76581e-05 0 2.5 -16
0.000343375 0.5 0.5 -16
0.00408866 1 2.5 -16
0.00434933 0.5 2.5 -16
0.000503011 1 1.5 -16
0.00138761 0.5 3 -16
0.00188672 1.5 3 -16
0.00506912 1 3 -16
0.00016735 0.5 3.5 -16
0.000472772 2 3.5 -16
0.00356749 1.5 3.5 -16
2.831e-05 2.5 4 -16
0.000433061 1 4.5 -16
0.00258788 2 4.5 -16
0.000315012 2.5 4.5 -16
0.00165935 1.5 5 -16
0.000948538 2.5 5 -16
0.00201856 2 5.5 -16
0.000169987 3 5.5 -16
6.40942e-05 1.5 6 -16
0.000464441 3 6 -16
6.60889e-05 3.5 6.5 -16
0.000525118 3 6.5 -16
0.00017511 2.5 7.5 -16
3.4106e-05 2.5 8 -16
2.01702e-05 4 8 -16
4.34736e-05 3.5 8.5 -16
3.44777e-05 3 8.5 -16
9.30593e-05 3.5 8 -16
0.000121655 3 8 -16
0.000130577 3.5 7.5 -16
2.67559e-05 -3.5 -8 -16.5
4.49705e-05 -3.5 -7.5 -16.5
5.69515e-05 -3.5 -7 -16.5
5.8427e-05 -3.5 -6.5 -16.5
3.09219e-05 -3.5 -6 -16.5
0.000270563 3 7.5 -16
0.000133511 3.5 7 -16
0.000433905 3 7 -16
0.000481061 2.5 7 -16
7.94502e-05 2 7 -16
0.000893242 2.5 6.5 -16
2.21956e-05 -3 -8 -16.5
6.01336e-05 -3 -7.5 -16.5
0.000119158 -3 -7 -16.5
0.000191292 -3 -6.5 -16.5
0.00024356 -3 -6 -16.5
0.000246805 -3 -5.5 -16.5
0.000143967 -3 -5 -16.5
3.59438e-05 -3 -4.5 -16.5
0.000417621 2 6.5 -16
0.00124827 2.5 6 -16
0.000696948 -2.5 -4.5 -16.5
5.03879e-05 -2.5 -7 -16.5
0.000173139 -2.5 -6.5 -16.5
0.000374903 -2.5 -6 -16.5
0.000592988 -2.5 -5.5 -16.5
0.00069399 -2.5 -5 -16.5
0.000386296 -2.5 -4 -16.5
8.62313e-05 -2.5 -3.5 -16.5
0.00112135 2 6 -16
0.00138437 2.5 5.5 -16
0.000222309 -2 -2.5 -16.5
0.000509893 1.5 5.5 -16
0.00253767 2 5 -16
0.000827104 -2 -3 -16.5
0.000733604 -2 -5 -16.5
6.05856e-05 -2 -6 -16.5
0.000273297 -2 -5.5 -16.5
0.00126449 -2 -4.5 -16.5
0.00156526 -2 -4 -16.5
0.00153517 -2 -3.5 -16.5
0.00323363 1.5 4.5 -16
0.00151651 2 4 -16
0.0030817 -1.5 -2.5 -16.5
0.00307495 -1.5 -3 -16.5
0.00234548 -1.5 -3.5 -16.5
0.000150724 -1.5 -4.5 -16.5
2.54997e-05 -1 0 -16.5
0.000989515 -1.5 -4 -16.5
0.00337199 -1 -1 -16.5
0.000428282 -1 -0.5 -16.5
0.00127917 -1.5 -2 -16.5
0.00587169 -1 -1.5 -16.5
0.000129803 -0.5 1 -16.5
0.00025102 -1 -3 -16.5
0.0017188 -0.5 0.5 -16.5
0.00639249 -0.5 0 -16.5
0.00374937 0 1.5 -16.5
0.000523839 -0.5 -1.5 -16.5
0.00682159 0 1 -16.5
0.00636971 0 0.5 -16.5
0.00419769 -0.5 -1 -16.5
0.00741497 -0.5 -0.5 -16.5
0.000513399 0 2 -16.5
0.00560531 0.5 2 -16.5
0.00470178 0.5 1.5 -16.5
3.17444e-05 0 2.5 -16.5
0.00380617 1 2.5 -16.5
0.00404369 0.5 2.5 -16.5
0.000474065 1 1.5 -16.5
0.00136528 0.5 3 -16.5
0.00155793 1.5 3 -16.5
0.00424133 1 3 -16.5
2.7909e-05 1.5 2 -16.5
0.000182262 0.5 3.5 -16.5
0.000364216 2 3.5 -16.5
0.00286294 1.5 3.5 -16.5
0.00158806 1 4 -16.5
2.62123e-05 2.5 4 -16.5
0.000406097 1 4.5 -16.5
0.00162273 2 4.5 -16.5
2.32583e-05 1 5 -16.5
0.00115127 1.5 5 -16.5
0.000563183 2.5 5 -16.5
6.71008e-05 1.5 6 -16.5
9.28899e-05 3 5.5 -16.5
0.000179961 3 6 -16.5
0.000209261 2 6.5 -16.5
2.24639e-05 3.5 6.5 -16.5
5.4432e-05 2 7 -16.5
3.03713e-05 3.5 7 -16.5
2.66314e-05 3.5 7.5 -16.5
2.66664e-05 3 8 -16.5
6.51622e-05 3 7.5 -16.5
6.21114e-05 2.5 7.5 -16.5
0.00012458 3 7 -16.5
0.000163461 2.5 7 -16.5
0.000172449 3 6.5 -16.5
6.28872e-05 -3 -5.5 -17
2.11133e-05 -3 -7.5 -17
3.92786e-05 -3 -7 -17
6.05102e-05 -3 -6.5 -17
7.16373e-05 -3 -6 -17
3.47359e-05 -3 -5 -17
0.000337979 2.5 6.5 -16.5
0.000537866 2.5 6 -16.5
0.000561219 2 6 -16.5
0.000649377 2.5 5.5 -16.5
0.000142797 -2.5 -4 -17
0.000253981 -2.5 -4.5 -17
0.000156894 -2.5 -6 -17
3.49804e-05 -2.5 -7 -17
8.70811e-05 -2.5 -6.5 -17
0.000228426 -2.5 -5.5 -17
0.000275561 -2.5 -5 -17
3.5898e-05 -2.5 -3.5 -17
0.00105934 2 5.5 -16.5
0.000395765 1.5 5.5 -16.5
0.00043672 -2 -3 -17
0.000112401 -2 -2.5 -17
0.00149655 2 5 -16.5
0.000210989 2.5 4.5 -16.5
0.00223597 1.5 4.5 -16.5
0.00108461 2 4 -16.5
0.000670132 -2 -4.5 -17
0.000408426 -2 -5 -17
6.21296e-05 -2 -6 -17
0.000192524 -2 -5.5 -17
0.000804127 -2 -4 -17
0.00076635 -1.5 -2 -17
0.00189931 -1.5 -3 -17
0.00175282 -1.5 -2.5 -17
0.000133126 -1.5 -1.5 -17
0.00152314 -1.5 -3.5 -17
2.0167e-05 -1 0 -17
0.000244924 -1.5 -4.5 -17
0.000296095 -1 -0.5 -17
0.000827696 -1.5 -4 -17
0.000794645 -2 -3.5 -17
0.00282961 1.5 4 -16.5
2.87829e-05 2 3 -16.5
0.00419894 -1 -1.5 -17
0.00206988 -1 -2.5 -17
0.000116012 -0.5 1 -17
0.00128288 -0.5 0.5 -17
0.000446943 -1 -3 -17
0.0048232 -0.5 0 -17
0.00596073 -0.5 -0.5 -17
0.00382906 -1 -2 -17
0.00367656 -0.5 -1 -17
0.00286632 0 1.5 -17
0.005337 0 1 -17
0.005146 0 0.5 -17
0.000441921 0 2 -17
0.00360348 0.5 1.5 -17
0.00394005 0.5 2 -17
3.07105e-05 0 2.5 -17
0.00263147 1 2.5 -17
0.00279545 0.5 2.5 -17
0.00101347 0.5 3 -17
0.000996161 1.5 3 -17
0.00257849 1 3 -17
2.88262e-05 1.5 2 -17
0.000172956 0.5 3.5 -17
0.000214772 2 3.5 -17
0.00152277 1.5 3.5 -17
0.000912241 1 4 -17
2.18085e-05 2.5 4 -17
0.000558117 2 4 -17
0.00101289 1.5 4.5 -17
0.000113309 2.5 4.5 -17
3.62322e-05 1 5 -17
0.000199281 2.5 5 -17
4.92957e-05 1.5 6 -17
3.27946e-05 3 5.5 -17
3.5202e-05 3 6 -17
6.29477e-05 2 6.5 -17
3.00836e-05 3 6.5 -17
2.8757e-05 2.5 7 -17
2.02661e-05 2 7 -17
6.6016e-05 2.5 6.5 -17
0.000126928 2.5 6 -17
4.72329e-05 -2.5 -5.5 -17.5
2.44798e-05 -2.5 -6.5 -17.5
3.53591e-05 -2.5 -6 -17.5
5.3448e-05 -2.5 -5 -17.5
4.08658e-05 -2.5 -4.5 -17.5
2.38561e-05 -2.5 -4 -17.5
0.000161237 2 6 -17
0.000183052 2.5 5.5 -17
2.37658e-05 -2 -2.5 -17.5
0.000201098 -2 -3.5 -17.5
0.000108574 -2 -3 -17.5
0.000335986 2 5.5 -17
0.000190664 1.5 5.5 -17
0.000545491 2 5 -17
3.69544e-05 -2 -6 -17.5
7.98171e-05 -2 -5.5 -17.5
0.000143571 -2 -5 -17.5
0.000212019 -2 -4.5 -17.5
0.000273331 -1.5 -2 -17.5
5.59051e-05 -1.5 -1.5 -17.5
0.000247138 -2 -4 -17.5
0.000519583 1.5 5 -17
0.00065737 2 4.5 -17
0.000274735 1 4.5 -17
0.000574508 -1.5 -3.5 -17.5
0.00066724 -1.5 -3 -17.5
0.00041555 -1.5 -4 -17.5
4.90407e-05 -1.5 -5 -17.5
0.000199876 -1.5 -4.5 -17.5
0.00185287 -1 -2 -17.5
0.00180877 -1 -1.5 -17.5
0.000786077 -1 -1 -17.5
0.000127329 -1 -0.5 -17.5
0.00128797 -1 -2.5 -17.5
7.69095e-05 -0.5 1 -17.5
0.000601635 -0.5 0.5 -17.5
0.00230405 -0.5 0 -17.5
3.2063e-05 -1 -3.5 -17.5
0.00327335 -0.5 -0.5 -17.5
0.00134437 0 1.5 -17.5
0.00278688 0 1 -17.5
0.000248242 0 2 -17.5
0.00178796 0.5 2 -17.5
0.00189534 0.5 1.5 -17.5
0.000908234 0 0 -17.5
0.0029114 0 0.5 -17.5
2.55963e-05 0 2.5 -17.5
0.00109453 1 2.5 -17.5
0.0011691 0.5 2.5 -17.5
0.000740867 1 2 -17.5
0.000440621 0.5 3 -17.5
0.000417496 1.5 3 -17.5
0.000968145 1 3 -17.5
2.46795e-05 1.5 2 -17.5
0.000107856 0.5 3.5 -17.5
9.39124e-05 2 3.5 -17.5
0.000438256 1.5 3.5 -17.5
0.000285725 1 4 -17.5
0.000140804 2 4 -17.5
0.000203046 1.5 4.5 -17.5
2.8579e-05 1 5 -17.5
3.19344e-05 2.5 4.5 -17.5
4.35803e-05 1.5 5.5 -17.5
2.15798e-05 2 6 -17.5
2.36108e-05 2.5 5.5 -17.5
4.63899e-05 2 5.5 -17.5
2.93514e-05 2.5 5 -17.5
2.79414e-05 -2 -5 -18
3.20506e-05 -2 -4.5 -18
2.66329e-05 -2 -4 -18
8.24302e-05 2 5 -17.5
3.60886e-05 -1.5 -2 -18
0.000103072 1.5 5 -17.5
0.000120921 2 4.5 -17.5
0.000100279 1 4.5 -17.5
8.20635e-05 -1.5 -4 -18
3.94306e-05 -1.5 -5 -18
7.2729e-05 -1.5 -4.5 -18
8.5944e-05 -1.5 -3.5 -18
0.000103838 -1.5 -3 -18
6.89872e-05 -1 -1 -18
0.000380298 -1 -2 -18
0.000243396 -1 -1.5 -18
0.000429249 -1 -2.5 -18
2.44808e-05 -0.5 1 -18
9.98843e-05 -0.5 0.5 -18
0.000412489 -0.5 0 -18
7.22659e-05 -1 -3.5 -18
0.000895174 -0.5 -0.5 -18
0.000386195 -0.5 -1.5 -18
0.000224965 0 1.5 -18
4.45642e-05 -0.5 -2 -18
0.000674892 0 1 -18
5.65781e-05 0 2 -18
0.000465612 0.5 1.5 -18
0.00032417 0.5 2 -18
0.000345513 0 0 -18
0.000917771 0 0.5 -18
0.000166459 1 2.5 -18
0.000167928 0.5 2.5 -18
7.24828e-05 0.5 3 -18
6.19083e-05 1.5 3 -18
0.000117737 1 3 -18
3.0247e-05 0.5 3.5 -18
4.85759e-05 1.5 3.5 -18
3.30604e-05 1.5 4 -18
3.01407e-05 1 4 -18
2.57954e-05 -1 -2.5 -18.5
5.95413e-05 -1 -3 -18.5
4.12467e-05 -1 -3.5 -18.5
5.2392e-05 -0.5 -0.5 -18.5
0.000105151 -0.5 -1 -18.5
0.000121918 -0.5 -1.5 -18.5
4.0252e-05 0 1 -18.5
7.94315e-05 0 0.5 -18.5
2.87959e-05 0.5 1.5 -18.5
2.94662e-05 0.5 1 -18.5
4.6232e-05 0 0 -18.5
3.94205e-05 -0.5 -2 -18.5
6.46211e-05 1 3.5 -18
5.45344e-05 1.5 2.5 -18
8.44528e-05 1 1.5 -18
0.00017871 1 2 -18
6.72833e-05 0.5 0.5 -18
0.000329489 0.5 1 -18
0.000866356 -0.5 -1 -18
0.000269027 -1 -3 -18
7.55608e-05 -1.5 -2.5 -18
0.000345386 1.5 4 -17.5
2.32888e-05 2 3 -17.5
0.000609332 1 3.5 -17.5
0.000188397 1.5 2.5 -17.5
0.000221509 1 1.5 -17.5
0.000169857 0.5 0.5 -17.5
0.000994425 0.5 1 -17.5
0.00060317 -0.5 -1.5 -17.5
0.00229788 -0.5 -1 -17.5
0.000440563 -1 -3 -17.5
0.000555356 -1.5 -2.5 -17.5
0.00142924 1.5 4 -17
2.78449e-05 2 3 -17
0.00191348 1 3.5 -17
0.000343174 1.5 2.5 -17
0.000368393 1 1.5 -17
0.00148304 1 2 -17
0.000277679 0.5 0.5 -17
0.00174558 0.5 1 -17
0.00149519 0 0 -17
0.000654056 -0.5 -1.5 -17
0.00217842 -1 -1 -17
0.00334647 1 3.5 -16.5
0.000448453 1.5 2.5 -16.5
0.00207709 1 2 -16.5
0.000334491 0.5 0.5 -16.5
0.00218701 0.5 1 -16.5
0.00177735 0 0 -16.5
0.00227711 -1 -2.5 -16.5
0.00509012 -1 -2 -16.5
0.000200162 -1.5 -1.5 -16.5
0.00390014 1.5 4 -16
0.00183752 1 4 -16
2.83747e-05 2 3 -16
0.00404837 1 3.5 -16
2.65068e-05 1.5 2 -16
0.000477115 1.5 2.5 -16
0.00227812 1 2 -16
0.00226378 0.5 1 -16
0.00495122 0.5 1.5 -16
0.00181009 0 0 -16
0.00654999 0 0.5 -16
0.00417714 -0.5 -1 -16
0.00214356 -1 -2.5 -16
0.00156497 -1.5 -2 -16
3.04417e-05 2 3 -15.5
0.000481835 1.5 2.5 -15.5
0.000492063 1 1.5 -15.5
0.00215621 0.5 1 -15.5
0.00486313 0.5 1.5 -15.5
0.00612789 0 0.5 -15.5
0.00710246 -0.5 -0.5 -15.5
0.00354847 -1.5 -3 -15.5
0.000278303 -2 -2.5 -15.5
0.00421364 1.5 4 -15
0.0015745 1 4 -15
0.00344608 1.5 3.5 -15
0.00380623 1 3.5 -15
3.40525e-05 0.5 3.5 -15
0.000931862 0.5 3 -15
0.0018673 1 2 -15
0.00150245 0.5 1 -15
0.00419734 0 0.5 -15
0.00440526 -1 -1.5 -15
0.00336182 1.5 4 -14.5
0.000975902 1 4 -14.5
0.0025707 1 3.5 -14.5
0.000252908 1.5 2.5 -14.5
0.000190451 1 1.5 -14.5
0.00102118 1 2 -14.5
9.68516e-05 0.5 0.5 -14.5
0.00187353 0.5 1.5 -14.5
0.0019574 0 0.5 -14.5
0.00221991 0 1 -14.5
0.00201783 -0.5 0 -14.5
0.00171414 -1.5 -2.5 -14.5
0.000834141 -1.5 -2 -14.5
0.000402245 1 4 -14
