846 0.015618
854 0
852 0
853 0.015622
854 0
867 0
851 0
874 0
882 0.015625
876 0.004463
886 0.002088
886 0
888 0.007675
897 0.003989
894 0.003991
881 0.002992
897 0.003988
899 0.002991
905 0.007982
930 0.003986
919 0.004989
914 0.002992
916 0.001995
921 0.006979
937 0.012965
946 0.002993
939 0.008976
935 0.003998
940 0.003982
935 0.00399
947 0.004983
944 0.001997
949 0.002992
961 0.001998
968 0.003988
967 0.002989
967 0.002991
972 0.001995
975 0.002994
971 0.00299
968 0.004987
965 0.002993
980 0.001995
979 0.001996
992 0.002991
983 0.001997
974 0.003986
984 0.00399
983 0.002991
995 0.001994
998 0.002992
979 0.000998
997 0.003989
1000 0.002991
1011 0.001996
1004 0.002991
991 0.002992
991 0.001995
994 0.003991
1017 0.00299
1020 0.001994
1017 0.001995
1007 0.001995
1007 0.000997
1015 0.003992
1020 0.001206
1014 0
1018 0
1014 0
1024 0
1031 0
1032 0
1031 0.015623
1021 0
1026 0
1019 0
1028 0
1039 0
1051 0.016736
1055 0.003991
1055 0.00399
1057 0.00299
1051 0.002991
1050 0.004992
1051 0.002986
1064 0.003991
1080 0.002993
1075 0.001993
1064 0.002992
1063 0.002993
1064 0.002995
1074 0.00199
1086 0.004992
1069 0.003039
1051 0.001996
1046 0.00399
1052 0.001994
1062 0.001995
1087 0.00399
1088 0.004986
1098 0.003988
1084 0.002992
1076 0.001993
1096 0.002993
1110 0.004989
1104 0.002992
1110 0.002992
1106 0.005983
1114 0.005984
1122 0.004986
1130 0.002991
1134 0.002993
1135 0.003989
1142 0.004988
1136 0.003989
1127 0.004986
1137 0.00399
1137 0.003988
1158 0.004986
1164 0.002991
1155 0.002999
1152 0.000992
1165 0.002992
1175 0.002992
1181 0.004988
1182 0.002993
1189 0.002989
1196 0.00399
1203 0.002993
1202 0.001996
1208 0.002989
1194 0.002085
1213 0
1227 0
1219 0
1221 0
1235 0
1230 0.015632
1231 0
1248 0
1255 0
1258 0.010521
1253 0
1253 0
1257 0
1268 0
1267 0
1286 0.015631
1275 0
1284 0
1284 0
1287 0
1301 0.015623
1315 0
1308 0
1312 0
1321 0
1329 0
1325 0.015619
1328 0
1335 0
1333 0
1340 0
1347 0.015659
1347 0
1360 0
1347 0
1358 0
1378 0.018928
1373 0.002994
1376 0.003988
1387 0.005982
1393 0.003026
1396 0.002991
1397 0.00399
1386 0.003959
1403 0.005982
1410 0.00399
1409 0.004986
1417 0.005988
1420 0.004984
1425 0.005983
1410 0.004992
1412 0.002991
1419 0.003985
1416 0.003993
1424 0.007975
1432 0.003022
1432 0.003958
1429 0.004424
1441 0.003989
1439 0.002989
1438 0.002994
1446 0.00299
1458 0.006528
1465 0.00299
1459 0.002999
1462 0.003002
1460 0.004741
1465 0.002989
1456 0.002992
1465 0.003989
1467 0.002992
1482 0.004633
1489 0.003989
1479 0.002992
1480 0.003989
1480 0.003848
1480 0.003986
1481 0.003991
1479 0.002994
1477 0.002993
1482 0.00491
1489 0.003995
1492 0.004016
1497 0.00299
1511 0.005593
1523 0.00399
1518 0.002992
1508 0.002992
1516 0.003089
1521 0.005552
1525 0.002961
1519 0.004021
1520 0.002997
1521 0.006905
1539 0.00399
1524 0.002998
1523 0.004017
1533 0.004847
1518 0.002992
1545 0.003989
1549 0.003993
1542 0.004981
1561 0.003992
1548 0.002992
1547 0.002994
1543 0.004345
1547 0.003986
1552 0.002993
1562 0.00299
1578 0.004097
1562 0.005509
1562 0.002992
1558 0.002989
1564 0.002994
1573 0.005759
1576 0.003988
1585 0.002992
1593 0.004991
1584 0.003775
1582 0.003985
1590 0.003987
1591 0.002993
1597 0.002991
1587 0.005985
1586 0.002993
1585 0.002993
1587 0.003988
1611 0.006883
1608 0.005989
1618 0.004129
1602 0.005455
1607 0.002988
1598 0.003991
1598 0.002992
1616 0.006015
1620 0.003959
1627 0.00399
1639 0.002992
1617 0.004986
1624 0.00399
1615 0.002993
1617 0.002992
1633 0.004052
1630 0.005122
1623 0.002992
1611 0.002992
1610 0.002992
1625 0.006985
1622 0.002993
1626 0.00299
1611 0.003991
1619 0.00496
1618 0.00299
1608 0.002992
1623 0.002992
1630 0.00399
1635 0.005784
1637 0.002996
1647 0.003986
1650 0.005053
1648 0.005214
1635 0.002992
1627 0.00399
1638 0.002998
1651 0.006158
1644 0.002992
1645 0.002991
1639 0.003993
1643 0.004718
1649 0.003987
1638 0.003024
1644 0.003959
1635 0.002092
1646 0.006556
1639 0.002987
1636 0.004992
1645 0.008132
1652 0.003961
1643 0.003991
1647 0.003081
1641 0.005287
1640 0.003989
1637 0.002993
1644 0.003989
1639 0.004772
1643 0.003026
1652 0.004031
1634 0.001988
1634 0.003067
1636 0.006701
1644 0.005976
1642 0.007654
1651 0.005982
1651 0.005987
1637 0.007754
1629 0.003992
1620 0.002989
1627 0.003094
1636 0.005468
1646 0.003987
1647 0.003989
1656 0.002993
1637 0.006534
1655 0.003989
1658 0.002992
1668 0.0058
1666 0.00399
1655 0.001995
1653 0.003989
1656 0.002992
1652 0.00607
1637 0.002988
1627 0.002994
1629 0.002992
1623 0.003989
1630 0.004875
1633 0.002991
1639 0.00399
1635 0.002992
1640 0.004988
1643 0.003987
1641 0.002995
1659 0.003987
1654 0.005219
1649 0.00299
1633 0.002992
1639 0.003993
1635 0.003096
1622 0.004721
1627 0.003986
1626 0.00299
1624 0.002992
1636 0.005609
1616 0.002988
1602 0.002994
1613 0.003989
1605 0.002992
1597 0.00371
1606 0.004984
1610 0.002989
1615 0.00399
1611 0.003993
1614 0.003991
1613 0.00299
1619 0.002992
1603 0.002992
1613 0.003988
1613 0.003988
1616 0.001994
1606 0.002992
1606 0.002992
1602 0.003993
1597 0.002991
1595 0.002991
1603 0.003989
1592 0.002993
1586 0.002996
1588 0.001049
1593 0
1609 0
1610 0
1617 0
1593 0.015623
1578 0
1582 0
1595 0
1582 0
1595 0.015621
1597 0
1604 0
1602 0.012009
1590 0
1586 0
1591 0
1594 0
1581 0
1561 0.015629
1568 0
1578 0
1577 0
1597 0
1596 0.015624
1604 0
1603 0
1596 0
1599 0
1589 0.015622
1588 0
1587 0
1593 0
1608 0
1607 0.015621
1601 0
1601 0
1604 0
1592 0.015619
1582 0
1584 0
1578 0
1584 0.013719
1564 0.001087
1571 0
1580 0.007011
1588 0
1589 0
1591 0
1592 0
1601 0.015665
1584 0
1588 0
1593 0
1596 0
1594 0.01559
1599 0
1596 0
1600 0
1592 0
1596 0.015656
1601 0
1606 0
1606 0
1603 0.015584
1594 0
1595 0
1580 0
1580 0
1579 0
1572 0.01566
1579 0
1585 0
1598 0
1591 0
1588 0.015583
1594 0
1597 0.006508
1604 0
1606 0
1602 0
1606 0
1600 0.015629
1598 0
1578 0
1581 0
1589 0
1592 0.015621
1582 0
1588 0
1590 0
1594 0
1589 0
1573 0.015623
1566 0
1578 0
1573 0
1582 0
1584 0.015621
1590 0
1593 0
1594 0
1592 0.015621
1581 0
1588 0
1573 0
1571 0
1573 0
1581 0.017605
1596 0.003986
1592 0.003987
1589 0.002993
1578 0.003021
1581 0.002992
1577 0.002994
1585 0.002995
1580 0.004985
1595 0.003956
1590 0.003022
1586 0.001994
1603 0.00399
1599 0.002962
1586 0.001092
1581 0
1586 0
1584 0
1572 0
1570 0.015623
1571 0
1572 0
1570 0
1553 0
1560 0
1564 0.015622
1575 0
1574 0
1573 0
1573 0
1574 0.015661
1583 0
1590 0
1588 0
1601 0.013015
1596 0
1592 0
1583 0
1589 0
1582 0
1582 0.018102
1593 0.003993
1574 0.002992
1576 0.00299
1583 0.002993
1578 0.002991
1578 0.002992
1576 0.00399
1577 0.004019
1580 0.002961
1576 0.002991
1590 0.004202
1599 0.000392
1593 0
1584 0
1586 0
1593 0.015626
1595 0
1595 0
1586 0
1587 0
1586 0
1583 0.015618
1592 0
1588 0
1600 0
1615 0.013514
1606 0
1611 0
1614 0
1610 0
1604 0.015631
1596 0
1606 0
1591 0
1601 0
1609 0.015008
1601 0
1610 0.008239
1609 0
1602 0
1606 0
1590 0
1600 0
1606 0.015659
1617 0
1630 0
1631 0
1630 0
1626 0.015586
1622 0
1625 0
1614 0
1614 0
1627 0.01562
1628 0
1626 0
1631 0
1626 0
1636 0.01451
1636 0
1642 0
1642 0
1639 0
1638 0.015669
1635 0
1638 0
1642 0
1639 0
1637 0.015587
1636 0
1647 0
1651 0
1656 0
1663 0.015618
1662 0
1654 0
1651 0
1637 0
1636 0.01562
1629 0
1624 0
1634 0
1634 0
1649 0.015624
1653 0
1664 0
1650 0
1653 0
1661 0.015621
1643 0
1651 0.006511
1661 0
1659 0
1667 0
1664 0
1658 0.01563
1657 0
1664 0
1656 0
1654 0.015621
1661 0
1655 0
1657 0
1655 0
1673 0.015655
1672 0
1682 0
1676 0
1669 0.015588
1664 0
1662 0
1678 0.015656
1676 0.004246
1683 0.003983
1688 0.003986
1696 0.003995
1689 0.002988
1687 0.002003
1687 0.002984
1679 0.00399
1683 0.002988
1674 0.002995
1677 0.003989
1678 0.002996
1683 0.002362
1681 0
1674 0
1675 0
1678 0
1687 0.015664
1691 0
1683 0
1686 0
1693 0
1700 0.01696
1707 0.004243
1714 0
1706 0
1700 0
1696 0
1704 0.015623
1704 0.001349
1696 0
1700 0
1701 0
1702 0
1691 0.01563
1692 0
1699 0
1702 0.009552
1705 0
1707 0
1712 0
1716 0
1716 0.015631
1714 0
1711 0
1706 0
1715 0
1714 0.015624
1719 0
1726 0
1727 0
1734 0
1725 0.018367
1714 0.003026
1725 0.003957
1729 0.002993
1731 0.003987
1737 0.002992
1734 0.001995
1740 0.003987
1747 0.003988
1742 0.002994
1742 0.00299
1746 0.001995
1748 0.002992
1743 0.002092
1739 0
1744 0
1743 0.010545
1750 0
1741 0
1745 0
1749 0
1753 0.015629
1751 0
1747 0
1753 0
1760 0
1760 0
1760 0.015621
1751 0
1749 0
1751 0
1759 0
1773 0.015622
1769 0
1778 0
1782 0
1790 0.015622
1793 0
1787 0
1777 0
1776 0
1786 0.015656
1785 0
1794 0
1792 0
1795 0
1794 0.01562
1794 0
1798 0.006547
1799 0
1799 0
1796 0
1788 0
1775 0
1770 0.01563
1774 0
1780 0
1793 0
1802 0.015621
1802 0
1802 0
1811 0
1820 0
1816 0.015654
1817 0
1825 0
1824 0
1824 0.015622
1823 0
1830 0
1832 0
1840 0
1842 0.015624
1839 0
1837 0
1837 0
1842 0
1844 0.015585
1848 0
1842 0.006509
1840 0
1840 0
1846 0
1850 0
1858 0.01563
1854 0
1844 0
1845 0
1849 0
1863 0.015621
1862 0
1856 0
1869 0
1885 0.015621
1882 0
1869 0
1883 0
1891 0
1888 0.015621
1892 0
1893 0
1903 0
1908 0.019762
1911 0.002985
1910 0.004989
1903 0.003022
1913 0.002962
1922 0.003989
1917 0.003988
1920 0.005071
1914 0.006597
1908 0.006526
1900 0.006509
1889 0.003276
1876 0.004057
1883 0.005963
1883 0.00611
1889 0.007803
1905 0.006519
1917 0
1913 0
1914 0.015632
1914 0
1921 0.015621
1928 0
1920 0.006511
1926 0
1938 0.015633
1945 0
1941 0
1929 0
1921 0.015626
1928 0
1916 0
1927 0
1932 0.015616
1937 0
1937 0
1943 0.015622
1951 0
1946 0
1951 0
1950 0.02321
1966 0.006041
1959 0.006655
1955 0.004985
1957 0.003989
1957 0.01163
1959 0.003058
1957 0
1958 0
1949 0
1949 0
1945 0.015622
1958 0
1967 0
1970 0
1977 0.015623
1978 0
1983 0
1985 0
1988 0.015622
1982 0
1988 0
1984 0
1997 0
2001 0.015622
1999 0
1993 0
1995 0
1988 0.016132
1980 0
1969 0
1992 0
1991 0.015636
1994 0
2009 0
2010 0
2013 0
2026 0.015621
2024 0
2032 0
2041 0
2052 0.015623
2055 0
2059 0
2059 0
2055 0.015616
2049 0
2046 0
2051 0
2045 0.015625
2048 0
2041 0
2049 0
2056 0.015617
2052 0
2053 0.006513
2062 0
2080 0
2082 0
2093 0.015634
2098 0
2102 0
2097 0
2096 0.015889
2088 0.00399
2093 0.00155
2103 0
2109 0
2101 0
2104 0.016993
2099 0
2087 0
2087 0
2088 0.015672
2095 0
2092 0
2096 0.019252
2099 0.006984
2101 0.004989
2105 0.00498
2104 0.006017
2118 0.006953
2110 0.006012
2125 0.004953
2146 0.006984
2138 0.001086
2146 0
2142 0
2151 0.015622
2152 0.015624
2158 0
2151 0
2152 0.015622
2167 0.015012
2172 0.015631
2185 0
2184 0
2179 0.015623
2179 0
2172 0
2170 0.015655
2175 0
2178 0
2181 0
2189 0.01559
2190 0
2188 0
2192 0
2195 0.015622
2211 0
2222 0
2212 0.015618
2227 0
2228 0.006509
2236 0
2236 0
2227 0
2227 0.020686
2236 0.004988
2232 0.002992
2226 0.003991
2233 0.004983
2240 0.004021
2243 0.003992
2249 0.003986
2250 0.004957
2245 0.001085
2242 0
2242 0
2249 0
2251 0.015624
2253 0
2263 0.015621
2273 0.021964
2274 0.015633
2285 0.003268
2295 0
2292 0.015625
2294 0
2295 0.015622
2303 0.01562
2311 0
2313 0
2319 0.015621
2320 0.011592
2317 0.020182
2320 0.008061
2327 0.002035
2322 0.020168
2339 0.01009
2348 0.010071
2344 0
2353 0.01003
2347 0
2346 0.009843
2347 0.005978
2352 0.003987
2349 0.004989
2363 0.003987
2366 0.004986
2359 0.004991
2365 0.005983
2379 0.004985
2376 0.003989
2377 0.003048
2382 0
2392 0
2392 0
2398 0.015627
2406 0
2409 0
2426 0.015618
2427 0
2444 0
2455 0.015625
2453 0
2441 0
2447 0.015014
2454 0
2456 0
2448 0
2455 0.015633
2457 0
2459 0
2462 0.017064
2454 0.003125
2454 0
2447 0
2459 0.015634
2469 0
2472 0.015617
2480 0
2496 0
2502 0
2505 0.015621
2516 0
2520 0.017696
2518 0
2517 0
2514 0
2529 0.01563
2526 0
2524 0
2538 0.019352
2530 0.00399
2549 0.004986
2549 0.004986
2553 0.005985
2559 0.004987
2563 0.003986
2568 0.005986
2561 0.001096
2566 0
2565 0
2567 0.015623
2582 0
2584 0
2580 0.013513
2582 0
2596 0
2619 0.015633
2628 0
2640 0
2639 0.015623
2635 0
2641 0
2651 0.01565
2654 0
2653 0
2666 0.015588
2664 0
2658 0
2671 0.015622
2681 0
2677 0
2680 0.015621
2681 0
2681 0.006509
2688 0
2687 0
2687 0.015634
2713 0
2723 0.015622
2727 0
2734 0
2733 0
2737 0.015621
2748 0
2740 0.015617
2765 0
2755 0
2758 0.019283
2757 0.00794
2753 0.004986
2759 0.005987
2770 0.006015
2779 0.005986
2781 0.005985
2794 0.006946
2787 0.005983
2785 0.006091
2812 0
2819 0.015623
2826 0
2825 0.015647
2842 0.009911
2830 0
2848 0.015662
2854 0
2860 0.006518
2857 0
2859 0.015633
2864 0
2860 0.015622
2878 0
2876 0
2883 0.015621
2893 0
2910 0.015619
2905 0
2912 0.015626
2928 0
2927 0
2925 0.015617
2930 0.006517
2939 0
2954 0.01567
2962 0
2962 0
2955 0.015583
2951 0
2966 0.015655
2979 0
2986 0.016139
3005 0.008975
3014 0.006981
3024 0.007027
3023 0.006017
3032 0.006948
3041 0.005068
3035 0
3042 0.015625
3033 0
3049 0.015624
3056 0
3074 0
3084 0.015623
3082 0
3066 0.01562
3096 0
3103 0.015621
3101 0
3119 0.018132
3122 0.010672
3131 0
3125 0.015629
3133 0
3145 0
3153 0.015624
3164 0
3157 0.015617
3164 0
3179 0.015626
3188 0
3191 0
3194 0.019232
3199 0.008974
3198 0.006979
3201 0.005984
3216 0.007982
3230 0.007977
3223 0.005985
3229 0.001122
3234 0
3248 0.015623
3270 0
3286 0.015626
3299 0
3290 0.015619
3296 0
3296 0.016205
3294 0
3293 0
3310 0.015629
3322 0
3308 0.015621
3326 0
3333 0.01566
3336 0
3351 0.015617
3366 0
3383 0.015587
3388 0
3398 0.015621
3391 0.006509
3395 0
3400 0
3404 0.015632
3421 0
3426 0.015619
3443 0
3466 0.015621
3469 0.015622
3471 0
3480 0.015622
3479 0
3493 0.017147
3486 0.010969
3489 0.006982
3490 0.006983
3501 0.006978
3504 0.006981
3520 0.003098
3522 0
3533 0.015623
3552 0
3567 0.015624
3582 0.01562
3599 0
3600 0.016132
3614 0
3620 0.015635
3616 0
3627 0
3635 0.021032
3636 0
3641 0.01595
3659 0.004191
3674 0
3697 0.015632
3692 0.023577
3692 0.008973
3702 0.007977
3696 0.00702
3690 0.007974
3705 0.008975
3702 5.6e-005
3717 0.015623
3742 0
3745 0.015623
3760 0
3770 0.015662
3767 0
3781 0.016169
3789 0.015634
3805 0
3815 0.015657
3833 0.01562
3856 0
3847 0.015583
3881 0.015657
3896 0.015589
3903 0.006515
3909 0.015666
3911 0
3911 0.015588
3911 0
3908 0.01563
3917 0
3924 0.015612
3924 0
3943 0.015656
3943 0.015625
3948 0.006547
3944 0.028112
3956 0.014989
3974 0.009399
4001 0
4012 0.015656
4033 0.015589
4048 0
4057 0.016138
4057 0
4072 0.01567
4081 0.015584
4076 0
4081 0.015654
4089 0
4121 0.015621
4135 0.020187
4143 0.010965
4135 0.011971
4136 0.008972
4150 0.004944
4162 0
4169 0.015661
4159 0.015583
4158 0
4162 0.01566
4169 0
4190 0.015583
4190 0.015621
4195 0.003011
4204 0.015634
4227 0
4257 0.015621
4267 0.015622
4278 0
4274 0.01565
4309 0.015589
4306 0
4314 0.02214
4318 0
4319 0.023675
4345 0.009289
4341 0.019141
4352 0.015634
4362 0.015621
4360 0.016638
4389 0
4409 0.01564
4412 0.015615
4418 0.02318
4426 0.01197
4440 0.014953
4456 0.005059
4445 0.01461
4460 0
4482 0.015631
4496 0.015624
4493 0.01562
4539 0.01562
4530 0
4544 0.025272
4546 0.009971
4554 0.012969
4571 0.012963
4582 0.010971
4603 0.001115
4610 0.019599
4613 0
4637 0.015661
4630 0.015589
4637 0.013011
4646 0
4678 0.015634
4705 0.015625
4704 0.015623
4712 0.015651
4712 0
4722 0.015625
4726 0.015584
4723 0.00651
4754 0.015633
4760 0
4770 0.015621
4785 0.015661
4805 0.015583
4823 0.015623
4826 0.015622
4839 0.006514
4846 0.015632
4844 0
4868 0.015658
4886 0.015584
4906 0.015656
4904 0.019159
4919 0.012945
4940 0.012965
4956 0.012055
4965 0
4975 0.015624
4995 0.015624
4988 0.019171
4997 0.017251
5009 0.018948
5032 0.01599
5031 0.010978
5041 0.003057
5061 0.015627
5077 0.015622
5076 0.015619
5087 0
5113 0.018203
5124 0.015632
5145 0.015622
5156 0.015663
5166 0.015578
5174 0
5195 0.015624
5207 0.022132
5194 0.015633
5220 0.015621
5216 0
5242 0.015621
5244 0.015625
5251 0.015618
5283 0.015621
5290 0.006514
5295 0.015632
5316 0.015624
5328 0.015619
5338 0.015625
5347 0
5371 0.015616
5362 0.022185
5367 0
5384 0.022312
5411 0.015656
5425 0.021338
5424 0.013997
5448 0.01661
5460 0.016987
5485 0.022907
5508 0.00407
5505 0.015626
5533 0.015652
5551 0.031208
5545 0.003513
5555 0.015636
5560 0.015616
5568 0.015626
5576 0.015621
5596 0.015618
5609 0.015658
5637 0.006549
5670 0.015632
5642 0.015621
5672 0.01566
5692 0.015586
5692 0.015653
5710 0.022106
5739 0.015676
5734 0
5745 0.015579
5758 0.015623
5776 0.015658
5806 0.01562
5809 0.022095
5839 0.01563
5865 0.028388
5876 0.016925
5871 0.006171
5877 0.023749
5891 0.014989
5895 0.015962
5894 0.013038
5932 0.015623
5950 0.015657
5961 0.015626
5961 0.01913
5978 0.015637
6007 0.01565
6016 0.01563
6017 0.015586
6055 0.020183
6083 0.01764
6088 0.015633
6101 0.015626
6122 0.015648
6119 0.015629
6134 0.015581
6126 0.022135
6161 0.015632
6154 0.015621
6176 0.015659
6201 0.015585
6201 0.015625
6215 0.022128
6226 0.015629
6245 0.015625
6261 0.015619
6288 0.034566
6299 0.018952
6317 0.015796
6335 0.015625
6364 0.01562
6387 0.015664
6396 0.01558
6395 0.021664
6408 0.01563
6427 0.015656
6456 0.03121
6473 0.015625
6489 0.022136
6482 0.015664
6508 0.015595
6531 0.031242
6538 0.015621
6540 0.015622
6556 0.006512
6582 0.031294
6596 0.01562
6616 0.015584
6644 0.031241
6646 0.006513
6653 0.01564
6680 0.031236
6695 0.015664
6727 0.028513
6745 0.020948
6761 0.02297
6789 0.016031
6809 0.020376
6815 0.015634
6824 0.013013
6830 0.031257
6841 0.01565
6847 0.01559
6860 0.015661
6888 0.022156
6900 0.031286
6932 0.015588
6931 0.015628
6956 0.032613
6973 0.020676
6989 0.019897
7027 0.015666
7028 0.015615
7036 0.035837
7049 0.031034
7047 0.017973
7057 0.044393
7078 0.031481
7078 0.025941
7098 0.020927
7132 0.025776
7160 0.015632
7182 0.015628
7220 0.031236
7224 0.015625
7246 0.022128
7248 0.031289
7280 0.031239
7275 0.015591
7282 0.022198
7317 0.015632
7347 0.031241
7369 0.031244
7398 0.022163
7386 0.015629
7396 0.015623
7422 0.031243
7433 0.023394
7445 0.020949
7472 0.024895
7469 0.024288
7513 0.026932
7534 0.018042
7549 0.019987
7573 0.03125
7571 0.015624
7611 0.033295
7624 0.015668
7634 0.031208
7648 0.015659
7675 0.037751
7714 0.015671
7713 0.032598
7728 0.01563
7720 0.015671
7750 0.036228
7771 0.015629
7804 0.04484
7800 0.022942
7833 0.017055
7858 0.031246
7883 0.015626
7894 0.041253
7919 0.010944
7911 0.03125
7943 0.015652
7954 0.032033
7976 0.021951
7989 0.015621
8042 0.031244
8051 0.031245
8079 0.022186
8066 0.031241
8065 0.015581
8099 0.037751
8134 0.020189
8163 0.031253
8171 0.039229
8178 0.022942
8213 0.017725
8226 0.03128
8259 0.031248
8292 0.030169
8297 0.022909
8314 0.019062
8335 0.034766
8363 0.015634
8379 0.031245
8398 0.031244
8412 0.022206
8422 0.031252
8448 0.03125
8457 0.03127
8489 0.027734
8493 0.031248
8490 0.027241
8509 0.030916
8500 0.020728
8551 0.031243
8574 0.01563
8612 0.038264
8632 0.037071
8637 0.027931
8662 0.019232
8686 0.031289
8701 0.031207
8726 0.01562
8749 0.037811
8775 0.015589
8812 0.03124
8813 0.037785
8847 0.031252
8861 0.034104
8877 0.043546
8923 0.023029
8933 0.036088
8942 0.031785
8955 0.03125
8969 0.031846
9005 0.033306
9019 0.018304
9019 0.031252
9055 0.035866
9101 0.034303
9088 0.015624
9122 0.031248
9138 0.03779
9153 0.031253
9196 0.032982
9209 0.046998
9208 0.01935
9254 0.031283
9278 0.053863
9318 0.050581
9340 0.05404
9376 0.046562
9394 0.016427
9403 0.033786
9426 0.031243
9442 0.031244
9459 0.037783
9483 0.03124
9488 0.046373
9494 0.021015
9493 0.03128
9536 0.031213
9548 0.023627
9571 0.046874
9591 0.031281
9654 0.046384
9688 0.039968
9678 0.031288
9687 0.035806
9698 0.015589
9732 0.046866
9771 0.027441
9818 0.055517
9803 0.032907
9821 0.035311
9839 0.031275
9863 0.024636
9888 0.034794
9940 0.046872
9961 0.034309
9979 0.039708
10004 0.033909
10039 0.041903
10043 0.031211
10026 0.031243
10093 0.037765
10116 0.057324
10138 0.024995
10148 0.031251
10195 0.055914
10179 0.031257
10227 0.031243
10254 0.037794
10279 0.046876
10299 0.044068
10332 0.039009
10343 0.031246
10366 0.038827
10409 0.046873
10449 0.043067
10467 0.038653
10475 0.031244
10491 0.055932
10525 0.031241
10524 0.046898
10556 0.037801
10588 0.036894
10585 0.0468
10613 0.032028
10616 0.031249
10630 0.037309
10666 0.058489
10692 0.040045
10734 0.031247
10711 0.0469
10757 0.027807
10762 0.046907
10786 0.048963
10818 0.03124
10828 0.046864
10868 0.048349
10889 0.036933
10899 0.037006
10953 0.048955
10981 0.035546
11000 0.046871
11000 0.046866
11034 0.037841
11045 0.046867
11077 0.057015
11072 0.058655
11100 0.069639
11161 0.082723
11193 0.054366
11219 0.02966
11226 0.046863
11241 0.039304
11258 0.046862
11291 0.053465
11320 0.046832
11341 0.037757
11362 0.051463
11381 0.031282
11421 0.058062
11450 0.049243
11495 0.039635
11516 0.046871
11553 0.039346
11548 0.0469
11560 0.037727
11615 0.046873
11591 0.046872
11628 0.037805
11612 0.046827
11647 0.059302
11678 0.055842
11680 0.035689
11699 0.046865
11713 0.040264
11746 0.046863
11767 0.053396
11801 0.046863
11822 0.053398
11828 0.04686
11850 0.05398
11914 0.060012
11943 0.039396
11957 0.046826
12012 0.053467
12038 0.046825
12092 0.053398
12133 0.062482
12171 0.053453
12181 0.046859
12186 0.037782
12231 0.070679
12247 0.041618
12274 0.046873
12279 0.041345
12322 0.062488
12329 0.053383
12353 0.046864
12388 0.053496
12401 0.046832
12417 0.053436
12416 0.044264
12447 0.054793
12478 0.047629
12473 0.053431
12522 0.046866
12553 0.058029
12589 0.051079
12629 0.05413
12608 0.046866
12635 0.043267
12643 0.065682
12666 0.082714
12698 0.08225
12737 0.054017
12753 0.046863
12775 0.053393
12781 0.046863
12828 0.053115
12856 0.074925
12874 0.05656
12905 0.057004
12887 0.040336
12914 0.055951
12945 0.062529
12987 0.053396
13023 0.062488
13079 0.053503
13109 0.068705
13143 0.062528
13176 0.068489
13179 0.047611
13204 0.053006
13230 0.046831
13281 0.069084
13292 0.053388
13305 0.071294
13325 0.044719
13345 0.062485
13359 0.061841
13371 0.038975
13348 0.052899
13369 0.046896
13407 0.05336
13440 0.062485
13467 0.06417
13491 0.05822
13528 0.046829
13557 0.069041
13603 0.074673
13621 0.051959
13654 0.073474
13665 0.046897
13680 0.068772
13726 0.053057
13715 0.066647
13725 0.048933
13768 0.087945
13807 0.07226
13817 0.056159
13859 0.062488
13919 0.072989
13935 0.04923
13947 0.046901
14007 0.069006
14037 0.071405
14041 0.091628
14057 0.080182
14079 0.063861
14082 0.058354
14100 0.048971
14096 0.054911
14112 0.058573
14186 0.073011
14188 0.068719
14174 0.051147
14237 0.080127
14264 0.064359
14298 0.067076
14292 0.053417
14343 0.067051
14342 0.064083
14366 0.074733
14416 0.072912
14448 0.070695
14470 0.051194
14511 0.084652
14540 0.062495
14567 0.069086
14567 0.070897
14609 0.074247
14617 0.054997
14660 0.068988
14664 0.078118
14686 0.057674
14721 0.08034
14748 0.062522
14773 0.09406
14795 0.080701
14832 0.068501
14873 0.078114
14883 0.047921
14883 0.053346
14888 0.063964
14956 0.08323
14956 0.063008
14956 0.072557
14973 0.060237
14980 0.057918
15047 0.066696
15051 0.064614
15082 0.069001
15139 0.079492
15139 0.114858
15164 0.085217
15217 0.071322
15256 0.080548
15279 0.069034
15286 0.062497
15317 0.088521
15346 0.064823
15365 0.08466
15396 0.062526
15416 0.053468
15443 0.084649
15403 0.046876
15456 0.099294
15507 0.085292
15529 0.068997
15565 0.078152
15624 0.084628
15621 0.069039
15621 0.069001
15631 0.077843
15663 0.080325
15673 0.058464
15706 0.084649
15719 0.0699
15751 0.077044
15785 0.105247
15822 0.128281
15845 0.113047
15864 0.110649
15867 0.069473
15888 0.075059
15905 0.060616
15941 0.084974
15972 0.080181
16021 0.084588
16046 0.084701
16062 0.066857
16098 0.09695
16099 0.077028
16144 0.122313
16143 0.089969
16186 0.09479
16192 0.073485
16243 0.079943
16258 0.082521
16296 0.080258
16335 0.100236
16374 0.069008
16367 0.069064
16409 0.086781
16445 0.076077
16458 0.085405
16486 0.068604
16498 0.084661
16512 0.095655
16578 0.093377
16593 0.058432
16603 0.084987
16648 0.067981
16635 0.078155
16614 0.070381
16672 0.100526
16692 0.083205
16670 0.069071
16734 0.081718
16748 0.096283
16769 0.069047
16780 0.101529
16808 0.067583
16844 0.100097
16907 0.100765
16930 0.084071
16930 0.082511
16968 0.080883
16969 0.083683
17003 0.100289
17026 0.097462
17019 0.103042
17071 0.122006
17056 0.078316
17088 0.092058
17078 0.086827
17157 0.090109
17164 0.116002
17188 0.100248
17239 0.104798
17271 0.095751
17309 0.132151
17317 0.100631
17314 0.067004
17360 0.11587
17385 0.084637
17430 0.103682
17428 0.084396
17470 0.082083
17470 0.078161
17514 0.115869
17545 0.084668
17549 0.385308
17583 0.100288
17651 0.113545
17681 0.085796
17700 0.085666
17702 0.084707
17708 0.08465
17711 0.084622
17715 0.107908
17759 0.171814
17797 0.158439
17840 0.103937
17832 0.125184
17838 0.129645
17901 0.139625
17938 0.124702
17902 0.09774
17906 0.111667
17926 0.182906
17960 0.147995
