2.80109e-005 -2 0 -16
0.000125106 -2 0 -17
6.31495e-005 -1 1 -17
0.000355139 -2 0 -18
0.000602657 -2 0 -19
0.000151319 -1 1 -18
2.61416e-005 -3 0 -14
0.000732936 -2 0 -20
0.000231821 -1 1 -19
0.000150375 -3 0 -15
6.60101e-005 -1 2 -14
0.000638868 -3 0 -16
0.000248312 -2 1 -15
4.89852e-005 -2 1 -14
0.000703606 -2 0 -21
0.000269707 -1 1 -20
0.000283991 -1 2 -15
0.00170863 -3 0 -17
0.000913503 -2 1 -16
0.000502903 -2 0 -22
0.000254242 -1 1 -21
0.00303437 -3 0 -18
0.00212196 -2 1 -17
0.000830479 -1 2 -16
0.000195522 -2 0 -23
0.000176763 -1 1 -22
2.25851e-005 0 2 -19
0.00388201 -3 0 -19
0.00344493 -2 1 -18
0.00168706 -1 2 -17
6.94661e-005 -1 1 -23
2.73695e-005 0 2 -20
0.00388275 -3 0 -20
0.00414266 -2 1 -19
0.00253613 -1 2 -18
5.4607e-005 0 3 -14
2.86613e-005 -3 -1 -16
2.7756e-005 0 2 -21
0.000147457 -3 -1 -17
0.00338156 -3 0 -21
0.00407917 -2 1 -20
0.00286343 -1 2 -19
0.00018706 0 3 -15
5.02001e-005 -4 0 -14
2.03233e-005 0 2 -22
0.000465293 -3 -1 -18
0.00204105 -3 0 -22
0.00343059 -2 1 -21
0.00277435 -1 2 -20
0.000431404 0 3 -16
0.000273873 -4 0 -15
8.73048e-005 -1 3 -13
0.000143794 -3 1 -14
0.000832645 -3 -1 -19
0.000625214 -3 0 -23
0.0019953 -2 1 -22
0.00223634 -1 2 -21
0.000754928 0 3 -17
0.00102297 -4 0 -16
0.000678502 -3 1 -15
0.000278807 -2 2 -14
5.00901e-005 -2 2 -13
2.21491e-005 -3 1 -13
0.0010499 -3 -1 -20
0.000573156 -2 1 -23
0.00122304 -1 2 -22
0.00102448 0 3 -18
0.00233248 -4 0 -17
0.00215046 -3 1 -16
0.00117623 -2 2 -15
0.00042977 -1 3 -14
0.00100821 -3 -1 -21
0.00366082 -4 0 -18
0.0044464 -3 1 -17
0.00320034 -2 2 -16
0.00154312 -1 3 -15
0.000309038 -1 2 -23
0.00106841 0 3 -19
0.000717997 -3 -1 -22
0.00410327 -4 0 -19
0.00663255 -3 1 -18
0.00601355 -2 2 -17
0.00359998 -1 3 -16
0.00101173 0 3 -20
0.000278505 -3 -1 -23
0.00397596 -4 0 -20
0.00718938 -3 1 -19
0.0082871 -2 2 -18
0.00613441 -1 3 -17
7.16427e-005 -4 -1 -15
0.000760326 0 3 -21
0.000343108 -4 -1 -16
2.23804e-005 -3 -1 -24
0.00327956 -4 0 -21
0.00693134 -3 1 -20
0.00859383 -2 2 -19
0.00778019 -1 3 -18
0.00010725 0 4 -13
0.000380541 0 3 -22
0.00102844 -4 -1 -17
0.00191643 -4 0 -22
0.00557586 -3 1 -21
0.00818899 -2 2 -20
0.00783127 -1 3 -19
0.000469199 0 4 -14
8.32125e-005 0 3 -23
0.00200152 -4 -1 -18
0.000563914 -4 0 -23
0.00313883 -3 1 -22
0.00635544 -2 2 -21
0.00729003 -1 3 -20
0.00136199 0 4 -15
0.00271754 -4 -1 -19
0.000848105 -3 1 -23
0.00341607 -2 2 -22
0.00535895 -1 3 -21
0.00275022 0 4 -16
6.15973e-005 -5 0 -15
6.96353e-005 -4 1 -14
3.18538e-005 -1 4 -12
0.00276101 -4 -1 -20
0.000825484 -2 2 -23
0.00267796 -1 3 -22
0.0042136 0 4 -17
0.000275267 -5 0 -16
0.000370072 -4 1 -15
0.000197088 -1 4 -13
2.82681e-005 -3 -2 -20
0.00244767 -4 -1 -21
0.000526881 -1 3 -23
0.00482265 0 4 -18
0.000655209 -5 0 -17
0.0012391 -4 1 -16
0.00113954 -3 2 -15
0.000579553 -2 3 -14
0.000254932 -3 2 -14
0.000110908 -2 3 -13
4.08474e-005 -3 2 -13
0.00150204 -4 -1 -22
4.03944e-005 -3 -2 -21
0.000972874 -5 0 -18
0.00258282 -4 1 -17
0.00318192 -3 2 -16
0.0021814 -2 3 -15
0.000903164 -1 4 -14
0.000469503 -4 -1 -23
5.10963e-005 -3 -2 -22
0.000987321 -5 0 -19
0.00369737 -4 1 -18
0.0059605 -3 2 -17
0.00521071 -2 3 -16
0.0028674 -1 4 -15
0.00475369 0 4 -19
4.03283e-005 -3 -2 -23
0.000922522 -5 0 -20
0.00379438 -4 1 -19
0.00800869 -3 2 -18
0.00882251 -2 3 -17
0.00610543 -1 4 -16
0.0042144 0 4 -20
0.00287385 0 4 -21
0.000706255 -5 0 -21
0.00359152 -4 1 -20
0.00813505 -3 2 -19
0.01089 -2 3 -18
0.00954423 -1 4 -17
6.15315e-005 -5 -1 -15
0.00128119 0 4 -22
0.000289349 -5 -1 -16
0.000405845 -5 0 -22
0.00279669 -4 1 -21
0.0076739 -3 2 -20
0.0108633 -2 3 -19
0.0108757 -1 4 -18
4.17557e-005 0 5 -12
0.000185303 0 4 -23
0.000743136 -5 -1 -17
2.46207e-005 1 4 -14
0.000129494 -5 0 -23
0.00159885 -4 1 -22
0.00590329 -3 2 -21
0.010026 -2 3 -20
0.0107058 -1 4 -19
0.00024187 0 5 -13
0.00125796 -5 -1 -18
5.6098e-005 1 4 -15
0.000480803 -4 1 -23
0.00324686 -3 2 -22
0.00740565 -2 3 -21
0.00954219 -1 4 -20
0.00103645 0 5 -14
0.00143297 -5 -1 -19
0.000848746 -3 2 -23
0.0038277 -2 3 -22
0.0066907 -1 4 -21
9.68692e-005 1 4 -16
0.00288696 0 5 -15
0.00138829 -5 -1 -20
0.000836277 -2 3 -23
0.0031703 -1 4 -22
0.00014189 1 4 -17
0.00558404 0 5 -16
0.00114657 -5 -1 -21
0.000933296 -4 -2 -20
0.000533285 -1 4 -23
0.000170188 1 4 -18
0.00802182 0 5 -17
3.08244e-005 -5 1 -15
4.2027e-005 -4 2 -14
3.63607e-005 -1 5 -12
0.000671615 -5 -1 -22
0.000897742 -4 -2 -21
0.000170362 1 4 -19
0.00852598 0 5 -18
3.31233e-005 -6 0 -17
0.000140358 -5 1 -16
0.000240132 -4 2 -15
0.000229373 -1 5 -13
0.000199873 -5 -1 -23
0.000634117 -4 -2 -22
5.14442e-005 -6 0 -18
0.000152442 1 4 -20
0.00829188 0 5 -19
0.000313728 -5 1 -17
0.000796648 -4 2 -16
0.000971625 -3 3 -15
0.000239907 -4 -2 -23
5.05078e-005 -6 0 -19
0.000405489 -5 1 -18
0.000100863 1 4 -21
0.0070231 0 5 -20
0.00157739 -4 2 -17
0.00265303 -3 3 -16
0.00226019 -2 4 -15
0.00104959 -1 5 -14
0.000608253 -2 4 -14
0.000211868 -3 3 -14
0.000114343 -2 4 -13
3.10415e-005 -3 3 -13
0.000729287 -4 -2 -19
0.000386398 -4 -2 -18
0.000117297 -4 -2 -17
2.11811e-005 -4 -2 -16
4.2939e-005 -6 0 -20
0.000396499 -5 1 -19
0.00195403 -4 2 -18
0.00475361 -3 3 -17
0.00526796 -2 4 -16
0.0032288 -1 5 -15
4.26081e-005 1 4 -22
3.04616e-005 -6 0 -21
0.000346008 -5 1 -20
0.00191355 -4 2 -19
0.00568746 -3 3 -18
0.00860413 -2 4 -17
0.00664863 -1 5 -16
0.000249673 -5 1 -21
0.00169804 -4 2 -20
0.00558729 -3 3 -19
0.00982005 -2 4 -18
0.00993343 -1 5 -17
0.000192703 0 5 -23
2.32029e-005 -6 -1 -16
0.00013876 -5 1 -22
0.00125047 -4 2 -21
0.00500662 -3 3 -20
0.00963093 -2 4 -19
0.010711 -1 5 -18
8.60801e-005 -6 -1 -17
8.565e-005 1 5 -13
4.81815e-005 -5 1 -23
0.000706375 -4 2 -22
0.00367058 -3 3 -21
0.00852122 -2 4 -20
0.010442 -1 5 -19
4.86622e-005 0 6 -12
0.000141771 -6 -1 -18
0.000229431 -4 2 -23
0.00197684 -3 3 -22
0.00600554 -2 4 -21
0.00894412 -1 5 -20
0.000310494 1 5 -14
0.000291796 0 6 -13
0.000927177 -5 -2 -18
0.000144674 -6 -1 -19
0.000515046 -3 3 -23
0.00294087 -2 4 -22
0.0059073 -1 5 -21
0.000711225 1 5 -15
0.00123941 0 6 -14
0.000134427 -6 -1 -20
0.00125373 -5 -2 -19
0.000547894 -2 4 -23
0.0025236 -1 5 -22
0.00122317 1 5 -16
0.00335938 0 6 -15
0.000100853 -6 -1 -21
0.00125896 -5 -2 -20
0.000291543 -1 5 -23
0.00164487 1 5 -17
0.00627811 0 6 -16
5.54439e-005 -6 -1 -22
0.00109786 -5 -2 -21
0.00170581 1 5 -18
0.0084832 0 6 -17
0.000662122 -5 -2 -22
0.00164255 1 5 -19
0.00867377 0 6 -18
0.000199598 -5 -2 -23
7.82e-005 -4 -3 -22
0.00134522 1 5 -20
0.00828195 0 6 -19
3.51667e-005 -5 2 -16
7.01858e-005 -4 3 -15
5.1153e-005 -4 -3 -23
8.55591e-005 -5 2 -17
0.000829949 1 5 -21
0.00662042 0 6 -20
0.000259477 -4 3 -16
0.000377131 -3 4 -15
9.86719e-005 -5 2 -18
0.000491276 -4 3 -17
0.000317852 1 5 -22
0.0039565 0 6 -21
0.00105071 -3 4 -16
0.00112776 -2 5 -15
0.000609176 -1 6 -14
0.000282904 -2 5 -14
0.000115368 -1 6 -13
7.68587e-005 -3 4 -14
5.08218e-005 -2 5 -13
7.58841e-005 -4 -3 -21
5.47437e-005 -4 -3 -20
2.45287e-005 -4 -3 -19
0.000471188 -5 -2 -17
0.000145079 -5 -2 -16
2.6293e-005 -5 -2 -15
0.00185944 0 5 -22
9.43279e-005 -5 2 -19
0.000542539 -4 3 -18
0.00180449 -3 4 -17
3.51754e-005 1 5 -23
0.00136286 0 6 -22
0.00269483 -2 5 -16
6.30859e-005 0 6 -23
7.75366e-005 -5 2 -20
0.000520429 -4 3 -19
0.00195559 -3 4 -18
0.00421332 -2 5 -17
5.43996e-005 -5 2 -21
0.000434659 -4 3 -20
0.0018825 -3 4 -19
0.00444773 -2 5 -18
2.57272e-005 -5 2 -22
0.000302724 -4 3 -21
0.001578 -3 4 -20
0.00428091 -2 5 -19
0.00620802 -1 6 -18
0.000161908 -4 3 -22
0.00108448 -3 4 -21
0.00356347 -2 5 -20
0.00590539 -1 6 -19
4.14706e-005 1 6 -12
5.27787e-005 -4 3 -23
0.000558632 -3 4 -22
0.00236401 -2 5 -21
0.00471752 -1 6 -20
0.000231351 1 6 -13
3.21445e-005 0 7 -12
0.000241161 -6 -2 -18
0.000141332 -3 4 -23
0.00107873 -2 5 -22
0.0028783 -1 6 -21
0.000866667 1 6 -14
0.000199397 0 7 -13
0.000271119 -6 -2 -19
0.000160816 -2 5 -23
0.00105174 -1 6 -22
0.00206512 1 6 -15
0.000899006 0 7 -14
0.00026019 -6 -2 -20
5.91192e-005 -1 6 -23
0.00357201 1 6 -16
0.00248304 0 7 -15
0.000208496 -6 -2 -21
0.00458957 1 6 -17
0.00448397 0 7 -16
0.000115312 -6 -2 -22
0.0046316 1 6 -18
0.00559277 0 7 -17
3.06043e-005 -6 -2 -23
0.00437414 1 6 -19
0.00557197 0 7 -18
0.0001338 -5 -3 -23
0.00341493 1 6 -20
0.00511601 0 7 -19
0.00198477 1 6 -21
0.0037797 0 7 -20
0.000649033 1 6 -22
0.00199357 0 7 -21
4.45974e-005 -4 4 -16
6.64197e-005 -3 5 -15
4.65913e-005 -2 6 -14
2.32977e-005 -1 7 -13
2.93243e-005 1 6 -23
0.000477425 0 7 -22
8.87374e-005 -4 4 -17
0.000206777 -3 5 -16
0.000227021 -2 6 -15
9.66615e-005 -4 4 -18
0.000347999 -3 5 -17
0.000579293 -2 6 -16
0.000510993 -1 7 -15
0.000132365 -1 7 -14
0.00038861 -5 -3 -22
0.000573736 -5 -3 -21
0.00060436 -5 -3 -20
0.0004888 -5 -3 -19
0.000272181 -5 -3 -18
8.91178e-005 -5 -3 -17
0.000128156 -6 -2 -17
3.64519e-005 -6 -2 -16
0.00606953 -1 6 -17
0.00429215 -1 6 -16
9.15596e-005 -4 4 -19
0.000365338 -3 5 -18
0.000883336 -2 6 -17
7.39768e-005 -4 4 -20
0.000345847 -3 5 -19
0.000905506 -2 6 -18
0.00154275 -1 7 -17
5.04294e-005 -4 4 -21
0.000278563 -3 5 -20
0.000852125 -2 6 -19
2.40685e-005 -4 4 -22
0.000183936 -3 5 -21
0.00067321 -2 6 -20
3.0501e-005 -6 -3 -16
0.00142555 -1 7 -19
8.80506e-005 -3 5 -22
0.000420605 -2 6 -21
0.00107241 -1 7 -20
3.99749e-005 2 6 -13
0.000118061 -6 -3 -17
0.000175413 -2 6 -22
0.000601238 -1 7 -21
0.000114516 2 6 -14
0.000180013 -1 7 -22
0.000214007 2 6 -15
0.00113026 1 7 -14
4.64456e-005 0 8 -13
3.7495e-005 -5 -4 -19
0.000309294 2 6 -16
0.00268457 1 7 -15
0.000254305 0 8 -14
0.000351531 2 6 -17
0.00452195 1 7 -16
0.000780535 0 8 -15
0.000257867 -6 -3 -21
0.000347417 2 6 -18
0.00543561 1 7 -17
0.00143193 0 8 -16
0.000147355 -6 -3 -22
0.000315516 2 6 -19
0.0053906 1 7 -18
0.00170621 0 8 -17
3.89338e-005 -6 -3 -23
0.000233287 2 6 -20
0.00489801 1 7 -19
0.00167638 0 8 -18
0.000127801 2 6 -21
0.00355936 1 7 -20
0.00146824 0 8 -19
4.02839e-005 2 6 -22
0.00183171 1 7 -21
0.000415753 1 7 -22
5.84893e-005 0 8 -22
2.12532e-005 -3 6 -16
2.24692e-005 -2 7 -15
4.04893e-005 -3 6 -17
6.85813e-005 -2 7 -16
5.51697e-005 -1 8 -15
0.000442553 0 8 -21
0.000993268 0 8 -20
3.92176e-005 -5 -4 -23
8.30922e-005 -5 -4 -22
9.67855e-005 -5 -4 -21
7.56608e-005 -5 -4 -20
0.000305755 -6 -3 -20
0.000309967 -6 -3 -19
0.000237796 -6 -3 -18
0.000298257 1 7 -13
5.31432e-005 1 7 -12
0.00154664 -1 7 -18
4.25668e-005 -3 6 -18
0.000107739 -2 7 -17
3.9998e-005 -3 6 -19
0.000110395 -2 7 -18
0.000184266 -1 8 -17
3.18527e-005 -3 6 -20
0.000102816 -2 7 -19
2.01449e-005 -3 6 -21
8.01923e-005 -2 7 -20
4.61484e-005 -2 7 -21
0.000122491 -1 8 -20
6.06513e-005 -1 8 -21
4.57432e-005 -6 -4 -17
0.000164539 2 7 -13
0.000122914 -6 -4 -18
2.31142e-005 -7 -3 -19
0.000511715 2 7 -14
0.000203303 -6 -4 -19
2.29745e-005 -7 -3 -20
0.00103745 2 7 -15
0.000230198 -6 -4 -20
0.00155204 2 7 -16
0.00201799 1 8 -15
0.000205979 -6 -4 -21
0.0016979 2 7 -17
0.00317614 1 8 -16
0.000124584 -6 -4 -22
0.00166033 2 7 -18
0.00351757 1 8 -17
3.59019e-005 -6 -4 -23
0.00145006 2 7 -19
0.00343908 1 8 -18
0.00100615 2 7 -20
0.00294653 1 8 -19
0.000496937 2 7 -21
0.00192715 1 8 -20
0.000104789 2 7 -22
0.000802861 1 8 -21
8.47226e-005 1 8 -22
4.10859e-005 0 9 -21
0.000106354 0 9 -20
0.000161081 0 9 -19
0.000191848 0 9 -18
0.000195928 0 9 -17
0.000165101 0 9 -16
8.60707e-005 0 9 -15
2.55565e-005 0 9 -14
0.000877853 1 8 -14
0.000220473 1 8 -13
2.88445e-005 1 8 -12
3.08773e-005 2 7 -12
0.000165863 -1 8 -19
0.00018399 -1 8 -18
2.47724e-005 -7 -4 -18
2.05117e-005 3 7 -15
3.5776e-005 -7 -4 -19
0.000791273 2 8 -14
4.37107e-005 -6 -5 -19
3.47418e-005 -7 -4 -20
0.00162839 2 8 -15
6.79888e-005 -6 -5 -20
2.85025e-005 -7 -4 -21
0.00236448 2 8 -16
7.31859e-005 -6 -5 -21
0.00249647 2 8 -17
5.28294e-005 -6 -5 -22
0.00241135 2 8 -18
0.001992 2 8 -19
4.74306e-005 2 8 -22
0.000129304 1 9 -21
0.000485404 2 8 -21
0.000486216 1 9 -20
0.00125095 2 8 -20
0.000866259 1 9 -19
0.00109912 1 9 -18
0.00114708 1 9 -17
0.00109137 1 9 -16
0.000726286 1 9 -15
0.000309186 1 9 -14
6.8031e-005 1 9 -13
0.000237872 2 8 -13
4.20051e-005 2 8 -12
7.92611e-005 3 8 -13
2.22261e-005 -7 -5 -18
0.00019291 3 8 -14
3.36841e-005 -7 -5 -19
0.000319744 3 8 -15
0.00059044 2 9 -14
3.36266e-005 -7 -5 -20
0.00039718 3 8 -16
0.00112912 2 9 -15
2.8737e-005 -7 -5 -21
0.000395532 3 8 -17
0.00149513 2 9 -16
0.000365697 3 8 -18
0.00028268 3 8 -19
0.000108642 1 10 -18
0.000167434 3 8 -20
7.76252e-005 1 10 -19
6.03134e-005 3 8 -21
3.11026e-005 1 10 -20
0.000161184 2 9 -21
0.000589461 2 9 -20
0.00107886 2 9 -19
0.00142383 2 9 -18
0.000112059 1 10 -17
0.00151757 2 9 -17
0.000144215 3 9 -13
0.000383422 3 9 -14
0.000646805 3 9 -15
2.01636e-005 -7 -6 -20
0.000769628 3 9 -16
2.13237e-005 -7 -6 -21
0.000759324 3 9 -17
0.000674983 3 9 -18
5.16269e-005 3 9 -21
0.000114281 2 10 -20
0.00023484 3 9 -20
0.00028757 2 10 -19
0.000475694 3 9 -19
0.000423394 2 10 -18
0.000467627 2 10 -17
0.000466073 2 10 -16
0.000364239 2 10 -15
0.000186195 2 10 -14
4.96371e-005 2 10 -13
2.38484e-005 3 9 -12
0.000103298 1 10 -16
6.18566e-005 1 10 -15
2.03657e-005 4 9 -13
4.50409e-005 4 9 -14
5.89486e-005 4 9 -15
0.000231374 3 10 -14
5.74903e-005 4 9 -16
0.00038396 3 10 -15
5.18162e-005 4 9 -17
3.95849e-005 4 9 -18
2.29863e-005 4 9 -19
9.53198e-005 3 10 -20
0.000245582 3 10 -19
0.000380332 3 10 -18
0.000440504 3 10 -17
0.000447502 3 10 -16
8.55793e-005 3 10 -13
4.12486e-005 4 10 -13
9.72648e-005 4 10 -14
0.000133905 4 10 -15
0.000134022 4 10 -16
0.000121339 4 10 -17
8.83607e-005 4 10 -18
4.61551e-005 4 10 -19
3.75121e-005 3 11 -19
7.77489e-005 3 11 -18
0.000100619 3 11 -17
0.000102107 3 11 -16
6.09138e-005 4 11 -15
6.8994e-005 4 11 -16
4.35655e-005 4 11 -18
6.42588e-005 4 11 -17
3.45307e-005 4 11 -14
7.84875e-005 3 11 -15
3.75826e-005 3 11 -14
2.15463e-005 1 10 -14
0.000185945 2 9 -13
2.6836e-005 2 9 -12
0.000134329 -1 8 -16
0.00112444 -1 7 -16
0.00205155 -1 6 -15
0.0045465 0 5 -21
