2.62028e-005 -5.5 1.5 0.5
5.03949e-005 -5 1.5 0.5
2.0094e-005 -6 1.5 1
4.19488e-005 -4.5 1.5 0.5
5.57723e-005 -5.5 1.5 1
4.74941e-005 -4.5 1.5 1
6.63384e-005 -5 1.5 1
3.54097e-005 -6 1.5 1.5
4.06654e-005 -4.5 1.5 1.5
6.77045e-005 -5 1.5 1.5
6.76167e-005 -5.5 1.5 1.5
2.08773e-005 -4.5 1.5 0
2.45851e-005 -4.5 1.5 2
6.10246e-005 -5 1.5 2
6.82309e-005 -5.5 1.5 2
4.10841e-005 -5 1.5 2.5
6.04453e-005 -5.5 1.5 2.5
4.34785e-005 -6 1.5 2.5
3.25849e-005 -5.5 1.5 3
3.10469e-005 -6 1.5 3
2.46158e-005 -4.5 2 -1
3.67705e-005 -4 2 -1
6.64037e-005 -5 2 -0.5
4.18711e-005 -6 1.5 2
2.9393e-005 -3.5 2 -0.5
7.94147e-005 -5.5 2 0
0.000208395 -5 2 0
9.92695e-005 -4 2 -0.5
2.97227e-005 -3.5 2 0
6.03274e-005 -6 2 0.5
0.000228407 -5.5 2 0.5
0.000358542 -5 2 0.5
0.000146327 -4 2 0
2.51041e-005 -6.5 2 1
0.000146756 -6 2 1
0.000155862 -4 2 0.5
0.000313657 -4.5 2 0.5
0.000230311 -4.5 2 0
0.00036022 -5.5 2 1
5.40023e-005 -6.5 2 1.5
0.000122173 -4 2 1
0.000332282 -4.5 2 1
0.000416915 -5 2 1
0.000119539 -4.5 2 -0.5
6.65574e-005 -4 2 1.5
6.98819e-005 -6.5 2 2
0.000286325 -4.5 2 1.5
0.000415824 -5 2 1.5
0.000401806 -5.5 2 1.5
0.000234979 -6 2 2
0.00018893 -4.5 2 2
0.000355678 -5 2 2
0.000381298 -5.5 2 2
7.4159e-005 -6.5 2 2.5
9.21792e-005 -4.5 2 2.5
0.000240461 -5 2 2.5
0.000286936 -5.5 2 2.5
0.000222989 -6 2 2.5
6.70416e-005 -6.5 2 3
3.0646e-005 -4.5 2 3
0.000127067 -5 2 3
0.000175528 -5.5 2 3
0.000161848 -6 2 3
4.79398e-005 -5 2 3.5
8.65794e-005 -5.5 2 3.5
8.81707e-005 -6 2 3.5
4.59467e-005 -6.5 2 3.5
2.9577e-005 -5.5 2 4
3.36168e-005 -6 2 4
2.17467e-005 -6.5 2 4
2.73319e-005 -3.5 2.5 -2
2.63261e-005 -5 2.5 -1.5
6.05178e-005 -4.5 2.5 -1.5
0.000113856 -4 2.5 -1.5
0.000216823 -6 2 1.5
2.5458e-005 -3 2.5 -1.5
0.000114459 -5 2.5 -1
0.000301415 -4.5 2.5 -1
2.60367e-005 -3 2.5 -1
0.000531202 -5 2.5 -0.5
0.000159694 -5.5 2.5 -0.5
0.000171287 -3.5 2.5 -1
0.000310066 -4 2.5 -1
0.000697399 -4.5 2.5 -0.5
0.000136767 -6 2.5 0
0.000205307 -3.5 2.5 -0.5
0.000555287 -4 2.5 -0.5
0.00112164 -5 2.5 0
0.000610851 -5.5 2.5 0
6.34043e-005 -6.5 2.5 0.5
0.000406245 -6 2.5 0.5
0.000199253 -3.5 2.5 0
0.000702931 -4 2.5 0
0.00110047 -4.5 2.5 0
0.0011889 -5.5 2.5 0.5
2.01818e-005 -7 2.5 1
0.000106857 -3.5 2.5 0.5
0.000157909 -6.5 2.5 1
0.000743621 -6 2.5 1
0.000718585 -4 2.5 0.5
0.00137689 -4.5 2.5 0.5
0.00158324 -5 2.5 0.5
9.22697e-005 -3.5 2.5 -1.5
3.35503e-005 -3.5 2.5 1
4.03697e-005 -7 2.5 1.5
0.000575077 -4 2.5 1
0.000253977 -6.5 2.5 1.5
0.00142349 -4.5 2.5 1
0.00173866 -5 2.5 1
0.000947939 -6 2.5 1.5
0.000349915 -4 2.5 1.5
5.18338e-005 -7 2.5 2
0.00122801 -4.5 2.5 1.5
0.000312473 -6.5 2.5 2
0.00172694 -5 2.5 1.5
0.001681 -5.5 2.5 1.5
0.000986657 -6 2.5 2
0.000132794 -4 2.5 2
0.000837951 -4.5 2.5 2
5.70959e-005 -7 2.5 2.5
0.00146125 -5 2.5 2
0.00154791 -5.5 2.5 2
0.000320969 -6.5 2.5 2.5
2.65847e-005 -4 2.5 2.5
0.000440757 -4.5 2.5 2.5
0.00100813 -5 2.5 2.5
0.00116489 -5.5 2.5 2.5
0.000908941 -6 2.5 2.5
5.42483e-005 -7 2.5 3
0.000294369 -6.5 2.5 3
0.000169643 -4.5 2.5 3
0.000560919 -5 2.5 3
0.000728393 -5.5 2.5 3
0.000662018 -6 2.5 3
4.4919e-005 -7 2.5 3.5
3.95729e-005 -4.5 2.5 3.5
0.000238532 -5 2.5 3.5
0.000382891 -5.5 2.5 3.5
0.000385065 -6 2.5 3.5
0.000208375 -6.5 2.5 3.5
6.83271e-005 -5 2.5 4
0.00015618 -5.5 2.5 4
0.000173625 -6 2.5 4
0.000117384 -6.5 2.5 4
3.23118e-005 -7 2.5 4
4.13858e-005 -5.5 2.5 4.5
5.35172e-005 -6 2.5 4.5
4.62838e-005 -6.5 2.5 4.5
2.42076e-005 -3.5 3 -2.5
0.000122723 -4 3 -2
5.51447e-005 -4.5 3 -2
6.51688e-005 -3 3 -2
0.000132734 -3.5 3 -2
0.00159533 -5.5 2.5 1
9.18538e-005 -3 3 -1.5
0.000333564 -3.5 3 -1.5
0.000256195 -5.5 3 -1
2.07613e-005 -6 3 -1
0.000481875 -4 3 -1.5
0.000407348 -4.5 3 -1.5
0.000850667 -5 3 -1
0.00119371 -4.5 3 -1
2.4683e-005 -6.5 3 -0.5
0.000226001 -6 3 -0.5
0.00103934 -5.5 3 -0.5
9.17934e-005 -3 3 -1
0.000528496 -3.5 3 -1
0.00103986 -4 3 -1
0.00204665 -5 3 -0.5
0.00011927 -6.5 3 0
3.85545e-005 -3 3 -0.5
0.000757838 -6 3 0
0.000611929 -3.5 3 -0.5
0.00228621 -5.5 3 0
0.00163079 -4 3 -0.5
0.00217773 -4.5 3 -0.5
4.31878e-005 -7 3 0.5
0.0003232 -6.5 3 0.5
0.000572485 -3.5 3 0
0.00193447 -4 3 0
0.00153539 -6 3 0.5
0.00313629 -4.5 3 0
0.00335969 -5 3 0
0.000148802 -5 3 -1.5
9.69448e-005 -7 3 1
0.000343161 -3.5 3 0.5
0.000582084 -6.5 3 1
0.00196938 -4 3 0.5
0.00366222 -4.5 3 0.5
0.00425188 -5 3 0.5
0.00226323 -6 3 1
0.00425499 -5.5 3 1
0.000139434 -3.5 3 1
0.00162127 -4 3 1
0.000143784 -7 3 1.5
0.000822861 -6.5 3 1.5
0.00373528 -4.5 3 1
0.00448556 -5 3 1
0.00262035 -6 3 1.5
0.00107704 -4 3 1.5
2.53022e-005 -7.5 3 2
0.00325467 -4.5 3 1.5
0.000176544 -7 3 2
0.00443734 -5 3 1.5
0.00436636 -5.5 3 1.5
0.000929249 -6.5 3 2
0.00268055 -6 3 2
0.000494208 -4 3 2
0.00231271 -4.5 3 2
2.47574e-005 -7.5 3 2.5
0.00376886 -5 3 2
0.00397878 -5.5 3 2
0.000183965 -7 3 2.5
0.000944733 -6.5 3 2.5
0.000131875 -4 3 2.5
0.00130776 -4.5 3 2.5
0.00267759 -5 3 2.5
0.00304842 -5.5 3 2.5
0.0024746 -6 3 2.5
2.48549e-005 -7.5 3 3
0.000182594 -7 3 3
0.000555455 -4.5 3 3
0.00156051 -5 3 3
0.00196652 -5.5 3 3
0.00182921 -6 3 3
0.000890938 -6.5 3 3
2.14079e-005 -7.5 3 3.5
0.000144504 -4.5 3 3.5
0.000710355 -5 3 3.5
0.00108641 -5.5 3 3.5
0.00110485 -6 3 3.5
0.000654706 -6.5 3 3.5
0.000164707 -7 3 3.5
0.00022693 -5 3 4
0.000473628 -5.5 3 4
0.000527033 -6 3 4
0.000389809 -6.5 3 4
0.000122942 -7 3 4
5.00234e-005 -5 3 4.5
0.000142747 -5.5 3 4.5
0.000180336 -6 3 4.5
0.000171095 -6.5 3 4.5
6.58493e-005 -7 3 4.5
3.01474e-005 -5.5 3 5
4.18251e-005 -6 3 5
4.05789e-005 -6.5 3 5
2.20167e-005 -7 3 5
0.00353816 -5.5 3 0.5
4.18437e-005 -4 3.5 -2.5
3.14032e-005 -5.5 3.5 -2
5.74748e-005 -3 3.5 -2.5
7.85563e-005 -3.5 3.5 -2.5
0.000105266 -5 3.5 -2
0.00029043 -4.5 3.5 -2
3.54718e-005 -6 3.5 -1.5
0.000137047 -3 3.5 -2
0.00031872 -3.5 3.5 -2
0.000221924 -5.5 3.5 -1.5
0.000783425 -5 3.5 -1.5
0.00115735 -4.5 3.5 -1.5
0.000187536 -3 3.5 -1.5
2.76983e-005 -6.5 3.5 -1
0.00023493 -6 3.5 -1
0.000682937 -3.5 3.5 -1.5
0.00107702 -4 3.5 -1.5
0.00221359 -5 3.5 -1
0.00108874 -5.5 3.5 -1
0.000184518 -3 3.5 -1
0.0010154 -3.5 3.5 -1
0.000144084 -6.5 3.5 -0.5
0.00261596 -5.5 3.5 -0.5
0.000844189 -6 3.5 -0.5
0.00204392 -4 3.5 -1
0.00246756 -4.5 3.5 -1
0.0041088 -5 3.5 -0.5
9.88361e-005 -3 3.5 -0.5
5.94228e-005 -7 3.5 0
0.00116722 -3.5 3.5 -0.5
0.000380568 -6.5 3.5 0
0.00296771 -4 3.5 -0.5
0.00402725 -4.5 3.5 -0.5
0.0045135 -5.5 3.5 0
0.00182361 -6 3.5 0
0.00590799 -5 3.5 0
0.000387038 -4 3.5 -2
3.38753e-005 -3 3.5 0
0.000117617 -7 3.5 0.5
0.00116212 -3.5 3.5 0
0.000718963 -6.5 3.5 0.5
0.00350797 -4 3.5 0
0.00297048 -6 3.5 0.5
0.00624377 -5.5 3.5 0.5
2.66335e-005 -7.5 3.5 1
0.00082942 -3.5 3.5 0.5
0.000196812 -7 3.5 1
0.00361316 -4 3.5 0.5
0.00109969 -6.5 3.5 1
0.00627024 -4.5 3.5 0.5
0.00712716 -5 3.5 0.5
0.00393421 -6 3.5 1
0.0071134 -5.5 3.5 1
0.000449502 -3.5 3.5 1
4.00756e-005 -7.5 3.5 1.5
0.00315309 -4 3.5 1
0.000263057 -7 3.5 1.5
0.00641721 -4.5 3.5 1
0.00749452 -5 3.5 1
0.00141467 -6.5 3.5 1.5
0.00437401 -6 3.5 1.5
0.000121801 -3.5 3.5 1.5
0.00226444 -4 3.5 1.5
0.00573573 -4.5 3.5 1.5
4.21566e-005 -7.5 3.5 2
0.00743325 -5 3.5 1.5
0.00727276 -5.5 3.5 1.5
0.000301462 -7 3.5 2
0.00154819 -6.5 3.5 2
0.00121333 -4 3.5 2
0.00419806 -4.5 3.5 2
0.0063316 -5 3.5 2
0.00661651 -5.5 3.5 2
0.00446228 -6 3.5 2
4.40257e-005 -7.5 3.5 2.5
0.000312948 -7 3.5 2.5
0.000421901 -4 3.5 2.5
0.00248724 -4.5 3.5 2.5
0.00448984 -5 3.5 2.5
0.00498324 -5.5 3.5 2.5
0.00402343 -6 3.5 2.5
0.00157857 -6.5 3.5 2.5
4.37284e-005 -7.5 3.5 3
8.41183e-005 -4 3.5 3
0.00114273 -4.5 3.5 3
0.00261448 -5 3.5 3
0.00310847 -5.5 3.5 3
0.00284059 -6 3.5 3
0.00141932 -6.5 3.5 3
0.00031283 -7 3.5 3
0.000367445 -4.5 3.5 3.5
0.00120038 -5 3.5 3.5
0.00162809 -5.5 3.5 3.5
0.00161768 -6 3.5 3.5
0.000951793 -6.5 3.5 3.5
0.000270157 -7 3.5 3.5
3.74355e-005 -7.5 3.5 3.5
7.67215e-005 -4.5 3.5 4
0.000397809 -5 3.5 4
0.00067441 -5.5 3.5 4
0.000713236 -6 3.5 4
0.000503611 -6.5 3.5 4
0.00016897 -7 3.5 4
2.53733e-005 -7.5 3.5 4
9.69351e-005 -5 3.5 4.5
0.00019857 -5.5 3.5 4.5
0.000226287 -6 3.5 4.5
0.000190238 -6.5 3.5 4.5
7.71046e-005 -7 3.5 4.5
4.43205e-005 -5.5 3.5 5
5.33942e-005 -6 3.5 5
4.67399e-005 -6.5 3.5 5
2.13403e-005 -7 3.5 5
0.00548762 -4.5 3.5 0
2.28625e-005 -5 4 -2.5
6.93174e-005 -4.5 4 -2.5
0.000109693 -4 4 -2.5
6.91646e-005 -5.5 4 -2
7.64121e-005 -3 4 -2.5
0.000122334 -3.5 4 -2.5
0.000572528 -4.5 4 -2
0.000174346 -3 4 -2
0.000123004 -6 4 -1.5
0.000428229 -3.5 4 -2
0.000578705 -4 4 -2
0.000616483 -5.5 4 -1.5
0.00159594 -4.5 4 -1.5
0.00135179 -5 4 -1.5
9.33721e-005 -6.5 4 -1
0.000257089 -3 4 -1.5
0.000518137 -6 4 -1
0.000861238 -3.5 4 -1.5
0.00142261 -4 4 -1.5
0.00172734 -5.5 4 -1
0.00298014 -5 4 -1
3.62427e-005 -7 4 -0.5
0.000284408 -3 4 -1
0.000247416 -6.5 4 -0.5
0.00131999 -3.5 4 -1
0.00122229 -6 4 -0.5
0.00253604 -4 4 -1
0.00305644 -4.5 4 -1
0.00333874 -5.5 4 -0.5
0.00022103 -3 4 -0.5
8.94002e-005 -7 4 0
0.0016271 -3.5 4 -0.5
0.00363958 -4 4 -0.5
0.00049461 -6.5 4 0
0.0048179 -4.5 4 -0.5
0.00491952 -5 4 -0.5
0.00217411 -6 4 0
0.0003335 -5 4 -2
0.000119886 -3 4 0
0.00170286 -3.5 4 0
0.000143266 -7 4 0.5
0.00437037 -4 4 0
0.0063712 -4.5 4 0
0.00674659 -5 4 0
0.00079704 -6.5 4 0.5
0.00317383 -6 4 0.5
0.00668049 -5.5 4 0.5
2.6439e-005 -3 4 0.5
0.00143753 -3.5 4 0.5
3.24385e-005 -7.5 4 1
0.00457297 -4 4 0.5
0.000205065 -7 4 1
0.0072221 -4.5 4 0.5
0.0079177 -5 4 0.5
0.00111365 -6.5 4 1
0.00396026 -6 4 1
0.000973692 -3.5 4 1
0.00432226 -4 4 1
3.60373e-005 -7.5 4 1.5
0.00740137 -4.5 4 1
0.00823023 -5 4 1
0.00745476 -5.5 4 1
0.000256099 -7 4 1.5
0.0013769 -6.5 4 1.5
0.000409628 -3.5 4 1.5
0.00325085 -4 4 1.5
0.00681041 -4.5 4 1.5
0.00810613 -5 4 1.5
0.00760244 -5.5 4 1.5
0.00433426 -6 4 1.5
4.14141e-005 -7.5 4 2
0.000292151 -7 4 2
8.82502e-005 -3.5 4 2
0.0019133 -4 4 2
0.00502976 -4.5 4 2
0.00672097 -5 4 2
0.0068115 -5.5 4 2
0.00442448 -6 4 2
0.00150589 -6.5 4 2
4.30757e-005 -7.5 4 2.5
0.000815066 -4 4 2.5
0.00303127 -4.5 4 2.5
0.00468245 -5 4 2.5
0.00500394 -5.5 4 2.5
0.0039323 -6 4 2.5
0.00153976 -6.5 4 2.5
0.000303525 -7 4 2.5
0.000211391 -4 4 3
0.00144413 -4.5 4 3
0.00270431 -5 4 3
0.00304922 -5.5 4 3
0.00274053 -6 4 3
0.00134889 -6.5 4 3
0.000302947 -7 4 3
4.26914e-005 -7.5 4 3
2.66272e-005 -4 4 3.5
0.000501745 -4.5 4 3.5
0.00124837 -5 4 3.5
0.00155972 -5.5 4 3.5
0.00152612 -6 4 3.5
0.000880018 -6.5 4 3.5
0.000250876 -7 4 3.5
3.53327e-005 -7.5 4 3.5
0.000117656 -4.5 4 4
0.000418852 -5 4 4
0.000628379 -5.5 4 4
0.000653944 -6 4 4
0.000450215 -6.5 4 4
0.000147981 -7 4 4
2.23587e-005 -7.5 4 4
0.000104554 -5 4 4.5
0.0001807 -5.5 4 4.5
0.000199742 -6 4 4.5
0.000164879 -6.5 4 4.5
6.36523e-005 -7 4 4.5
2.09584e-005 -5 4 5
4.01593e-005 -5.5 4 5
4.58873e-005 -6 4 5
3.87177e-005 -6.5 4 5
0.00515444 -5.5 4 0
3.15654e-005 -5 4.5 -2.5
9.68373e-005 -4.5 4.5 -2.5
0.00012714 -4 4.5 -2.5
2.16586e-005 -6 4.5 -2
6.42936e-005 -3 4.5 -2.5
0.000118437 -3.5 4.5 -2.5
0.000148077 -5.5 4.5 -2
0.000618477 -4.5 4.5 -2
0.000159744 -3 4.5 -2
2.81026e-005 -6.5 4.5 -1.5
0.000400888 -3.5 4.5 -2
0.000579772 -4 4.5 -2
0.000182141 -6 4.5 -1.5
0.000707881 -5.5 4.5 -1.5
0.000267633 -3 4.5 -1.5
0.000823337 -3.5 4.5 -1.5
0.00135524 -4 4.5 -1.5
0.00154239 -4.5 4.5 -1.5
0.00138791 -5 4.5 -1.5
0.000103992 -6.5 4.5 -1
0.000538671 -6 4.5 -1
0.0016772 -5.5 4.5 -1
0.0027956 -5 4.5 -1
0.000325636 -3 4.5 -1
0.00132073 -3.5 4.5 -1
3.72822e-005 -7 4.5 -0.5
0.00239261 -4 4.5 -1
0.00285393 -4.5 4.5 -1
0.00023501 -6.5 4.5 -0.5
0.00111474 -6 4.5 -0.5
0.0030127 -5.5 4.5 -0.5
0.000320724 -3 4.5 -0.5
0.00172199 -3.5 4.5 -0.5
0.00349182 -4 4.5 -0.5
0.00442936 -4.5 4.5 -0.5
0.00448078 -5 4.5 -0.5
8.20569e-005 -7 4.5 0
0.000447592 -5 4.5 -2
0.00187438 -6 4.5 0
0.000224361 -3 4.5 0
0.0018689 -3.5 4.5 0
0.00430063 -4 4.5 0
0.00587591 -4.5 4.5 0
0.00612163 -5 4.5 0
0.00453145 -5.5 4.5 0
0.00012152 -7 4.5 0.5
0.00066555 -6.5 4.5 0.5
0.00269454 -6 4.5 0.5
0.00011208 -3 4.5 0.5
0.00176065 -3.5 4.5 0.5
0.00455209 -4 4.5 0.5
2.72887e-005 -7.5 4.5 1
0.00672408 -4.5 4.5 0.5
0.007228 -5 4.5 0.5
0.00586305 -5.5 4.5 0.5
0.00016967 -7 4.5 1
0.000912248 -6.5 4.5 1
0.00131869 -3.5 4.5 1
0.00443734 -4 4.5 1
0.00691734 -4.5 4.5 1
0.00753974 -5 4.5 1
0.00660062 -5.5 4.5 1
0.00336072 -6 4.5 1
2.89974e-005 -7.5 4.5 1.5
0.000207487 -7 4.5 1.5
0.000680944 -3.5 4.5 1.5
0.00344303 -4 4.5 1.5
0.00642704 -4.5 4.5 1.5
0.00740928 -5 4.5 1.5
0.0067642 -5.5 4.5 1.5
0.00369412 -6 4.5 1.5
0.0011138 -6.5 4.5 1.5
3.33623e-005 -7.5 4.5 2
0.000211199 -3.5 4.5 2
0.00212448 -4 4.5 2
0.00472621 -4.5 4.5 2
0.00601923 -5 4.5 2
0.00603467 -5.5 4.5 2
0.00376886 -6 4.5 2
0.00121801 -6.5 4.5 2
0.000233781 -7 4.5 2
3.44302e-005 -7.5 4.5 2.5
2.49026e-005 -3.5 4.5 2.5
0.000982379 -4 4.5 2.5
0.00284319 -4.5 4.5 2.5
0.00409629 -5 4.5 2.5
0.00429756 -5.5 4.5 2.5
0.0032295 -6 4.5 2.5
0.00124519 -6.5 4.5 2.5
0.000241621 -7 4.5 2.5
0.000302995 -4 4.5 3
0.00136897 -4.5 4.5 3
0.00229848 -5 4.5 3
0.00251254 -5.5 4.5 3
0.00215621 -6 4.5 3
0.00102692 -6.5 4.5 3
0.000236681 -7 4.5 3
3.34657e-005 -7.5 4.5 3
6.01195e-005 -4 4.5 3.5
0.000489867 -4.5 4.5 3.5
0.00103533 -5 4.5 3.5
0.00121135 -5.5 4.5 3.5
0.00114182 -6 4.5 3.5
0.000628769 -6.5 4.5 3.5
0.00017547 -7 4.5 3.5
2.49882e-005 -7.5 4.5 3.5
0.000127572 -4.5 4.5 4
0.000339482 -5 4.5 4
0.000454132 -5.5 4.5 4
0.000459591 -6 4.5 4
0.000297861 -6.5 4.5 4
9.11678e-005 -7 4.5 4
2.49532e-005 -4.5 4.5 4.5
8.41625e-005 -5 4.5 4.5
0.000123872 -5.5 4.5 4.5
0.000130241 -6 4.5 4.5
9.90975e-005 -6.5 4.5 4.5
3.4225e-005 -7 4.5 4.5
0.000429198 -6.5 4.5 0
2.68525e-005 -5.5 4.5 5
2.86034e-005 -6 4.5 5
2.14989e-005 -6.5 4.5 5
2.12405e-005 -5 5 -2.5
4.21598e-005 -4.5 5 -2.5
3.63549e-005 -3.5 5 -2.5
4.51203e-005 -4 5 -2.5
0.000104292 -5.5 5 -2
5.79346e-005 -3 5 -2
2.04375e-005 -6.5 5 -1.5
0.000153474 -3.5 5 -2
0.000242116 -4 5 -2
0.000272485 -4.5 5 -2
0.000119563 -6 5 -1.5
0.000131926 -3 5 -1.5
0.000382051 -3.5 5 -1.5
0.000633724 -4 5 -1.5
0.000735749 -4.5 5 -1.5
0.00070359 -5 5 -1.5
0.000400213 -5.5 5 -1.5
6.47385e-005 -6.5 5 -1
0.000317593 -6 5 -1
0.00093171 -5.5 5 -1
0.000216275 -3 5 -1
0.000723492 -3.5 5 -1
0.00126738 -4 5 -1
2.33303e-005 -7 5 -0.5
0.001518 -4.5 5 -1
0.001497 -5 5 -1
0.000139607 -6.5 5 -0.5
0.000648182 -6 5 -0.5
0.000264632 -3 5 -0.5
0.00109963 -3.5 5 -0.5
0.00205915 -4 5 -0.5
0.002568 -4.5 5 -0.5
0.00259214 -5 5 -0.5
0.0017406 -5.5 5 -0.5
4.99192e-005 -7 5 0
0.000269244 -3 5 0
0.0013643 -3.5 5 0
0.00278512 -4 5 0
0.00364823 -4.5 5 0
0.00376185 -5 5 0
0.00272386 -5.5 5 0
0.00110539 -6 5 0
7.1764e-005 -7 5 0.5
0.000391219 -6.5 5 0.5
0.00161684 -6 5 0.5
0.000183889 -3 5 0.5
0.00143682 -3.5 5 0.5
0.00318038 -4 5 0.5
0.00442205 -4.5 5 0.5
0.00466708 -5 5 0.5
0.00364604 -5.5 5 0.5
0.000100222 -7 5 1
0.000537067 -6.5 5 1
7.6044e-005 -3 5 1
0.00123878 -3.5 5 1
0.00324798 -4 5 1
0.00466005 -4.5 5 1
0.00500588 -5 5 1
0.00421448 -5.5 5 1
0.00205287 -6 5 1
0.000121893 -7 5 1.5
0.000803626 -3.5 5 1.5
0.00274138 -4 5 1.5
0.00450378 -4.5 5 1.5
0.00497493 -5 5 1.5
0.00436636 -5.5 5 1.5
0.00228587 -6 5 1.5
0.000656665 -6.5 5 1.5
0.000323564 -3.5 5 2
0.00175778 -4 5 2
0.00334724 -4.5 5 2
0.00397051 -5 5 2
0.00392337 -5.5 5 2
0.00233049 -6 5 2
0.000716073 -6.5 5 2
0.000136297 -7 5 2
7.88777e-005 -3.5 5 2.5
0.000871566 -4 5 2.5
0.00199771 -4.5 5 2.5
0.00260327 -5 5 2.5
0.00267064 -5.5 5 2.5
0.00191534 -6 5 2.5
0.000725184 -6.5 5 2.5
0.000139934 -7 5 2.5
0.00031878 -4 5 3
0.000964463 -4.5 5 3
0.00140467 -5 5 3
0.0014909 -5.5 5 3
0.00120481 -6 5 3
0.000544832 -6.5 5 3
0.000123578 -7 5 3
7.52043e-005 -7 5 3.5
7.59456e-005 -4 5 3.5
0.00035079 -4.5 5 3.5
0.000606433 -5 5 3.5
0.000672142 -5.5 5 3.5
0.000598007 -6 5 3.5
0.000302911 -6.5 5 3.5
9.22807e-005 -4.5 5 4
0.00019039 -5 5 4
0.000227758 -5.5 5 4
0.000222025 -6 5 4
0.000125142 -6.5 5 4
3.18246e-005 -7 5 4
4.56478e-005 -5 5 4.5
5.79514e-005 -5.5 5 4.5
5.66981e-005 -6 5 4.5
3.3785e-005 -6.5 5 4.5
2.77686e-005 -5 5.5 -2
3.01611e-005 -4 5.5 -2
3.39735e-005 -4.5 5.5 -2
6.90342e-005 -5.5 5.5 -1.5
5.84571e-005 -3.5 5.5 -1.5
0.00010358 -4 5.5 -1.5
0.000123636 -4.5 5.5 -1.5
0.000118707 -5 5.5 -1.5
4.96565e-005 -3 5.5 -1
0.000151776 -3.5 5.5 -1
0.000262221 -4 5.5 -1
0.000318587 -4.5 5.5 -1
0.00031561 -5 5.5 -1
0.000198622 -5.5 5.5 -1
7.07318e-005 -6 5.5 -1
3.55956e-005 -6.5 5.5 -0.5
9.21169e-005 -3 5.5 -0.5
0.000297833 -3.5 5.5 -0.5
0.000527919 -4 5.5 -0.5
0.000660314 -4.5 5.5 -0.5
0.000669255 -5 5.5 -0.5
0.000451477 -5.5 5.5 -0.5
0.000164302 -6 5.5 -0.5
0.000124098 -3 5.5 0
0.000462646 -3.5 5.5 0
0.000859088 -4 5.5 0
0.00110584 -4.5 5.5 0
0.00114141 -5 5.5 0
0.000823376 -5.5 5.5 0
0.000327381 -6 5.5 0
7.04922e-005 -6.5 5.5 0
2.53276e-005 -7 5.5 0.5
0.000131266 -3 5.5 0.5
0.000575314 -3.5 5.5 0.5
0.0011426 -4 5.5 0.5
0.00152633 -4.5 5.5 0.5
0.00160128 -5 5.5 0.5
0.00122994 -5.5 5.5 0.5
0.000528466 -6 5.5 0.5
0.000125833 -6.5 5.5 0.5
9.8827e-005 -3 5.5 1
0.000602575 -3.5 5.5 1
0.00125101 -4 5.5 1
0.00174542 -4.5 5.5 1
0.00186459 -5 5.5 1
0.00153058 -5.5 5.5 1
0.000714675 -6 5.5 1
0.000179493 -6.5 5.5 1
3.22412e-005 -7 5.5 1
4.45942e-005 -3 5.5 1.5
0.00049707 -3.5 5.5 1.5
0.00122401 -4 5.5 1.5
0.00176767 -4.5 5.5 1.5
0.0019097 -5 5.5 1.5
0.00162097 -5.5 5.5 1.5
0.000810309 -6 5.5 1.5
0.000220692 -6.5 5.5 1.5
4.03098e-005 -7 5.5 1.5
0.000819731 -6 5.5 2
0.000279755 -3.5 5.5 2
0.000858245 -4 5.5 2
0.00138382 -4.5 5.5 2
0.00155409 -5 5.5 2
0.00149166 -5.5 5.5 2
0.000234407 -6.5 5.5 2
4.28977e-005 -7 5.5 2
0.000100188 -3.5 5.5 2.5
0.000460228 -4 5.5 2.5
0.000822312 -4.5 5.5 2.5
0.00096593 -5 5.5 2.5
0.000955026 -5.5 5.5 2.5
0.000610988 -6 5.5 2.5
0.000220658 -6.5 5.5 2.5
4.05025e-005 -7 5.5 2.5
0.000187104 -4 5.5 3
0.00039541 -4.5 5.5 3
0.000491108 -5 5.5 3
0.000494396 -5.5 5.5 3
0.000330835 -6 5.5 3
0.000124356 -6.5 5.5 3
2.42832e-005 -7 5.5 3
5.01798e-005 -4 5.5 3.5
0.000142485 -4.5 5.5 3.5
0.000193687 -5 5.5 3.5
0.000197881 -5.5 5.5 3.5
0.000130914 -6 5.5 3.5
4.59056e-005 -6.5 5.5 3.5
3.53844e-005 -4.5 5.5 4
5.27876e-005 -5 5.5 4
5.40414e-005 -5.5 5.5 4
3.39829e-005 -6 5.5 4
2.30242e-005 -4.5 6 -0.5
2.37573e-005 -3.5 6 0
3.48538e-005 -4 6 0
3.65826e-005 -4.5 6 0
3.55049e-005 -5 6 0
4.18761e-005 -3.5 6 0.5
6.11046e-005 -4 6 0.5
6.74175e-005 -4.5 6 0.5
6.32263e-005 -5 6 0.5
3.96634e-005 -5.5 6 0.5
9.763e-005 -4.5 6 1
9.37942e-005 -5 6 1
5.90001e-005 -3.5 6 1
8.89731e-005 -4 6 1
5.89004e-005 -5.5 6 1
2.47553e-005 -6 6 1
6.69803e-005 -3.5 6 1.5
0.000102852 -4 6 1.5
0.000112299 -4.5 6 1.5
0.000105054 -5 6 1.5
6.75889e-005 -5.5 6 1.5
2.4643e-005 -6 6 1.5
6.2895e-005 -3.5 6 2
0.000100815 -4 6 2
0.000108468 -4.5 6 2
8.60021e-005 -5 6 2
5.41651e-005 -5.5 6 2
3.18229e-005 -3.5 6 2.5
6.02354e-005 -4 6 2.5
6.33331e-005 -4.5 6 2.5
3.716e-005 -5 6 2.5
2.47569e-005 -4 6 3
2.66627e-005 -4.5 6 3
2.37547e-005 -5.5 6 0
2.11498e-005 -6 5.5 -1.5
0.000252599 -6.5 5 0
0.000233622 -5 5 -2
