0.746587
2.28312e-05 -5 -10 -16.5
3.96935e-05 -5 -10.5 -15.5
6.77861e-05 -5 -10.5 -17
2.48609e-05 -5 -10.5 -18
4.65857e-05 -5 -10.5 -17.5
7.93101e-05 -5 -10.5 -16.5
6.74136e-05 -5 -10.5 -16
3.06769e-05 -4.5 -10 -15.5
8.98308e-05 -4.5 -10 -16
0.000162265 -4.5 -10 -18
4.19381e-05 -4.5 -10 -19
9.91713e-05 -4.5 -10 -18.5
0.000195713 -4.5 -10 -17.5
0.000191232 -4.5 -10 -17
0.000156896 -4.5 -10 -16.5
5.0137e-05 -5 -11 -15
2.61515e-05 -5.5 -11.5 -14.5
4.62086e-05 -5.5 -11.5 -15
9.69868e-05 -5 -11 -15.5
7.78816e-05 -4.5 -10.5 -15.5
5.14671e-05 -5.5 -11.5 -16
0.00021741 -4.5 -10.5 -16.5
0.000131531 -5 -11 -16
0.000237491 -4.5 -10.5 -17.5
0.000127584 -5 -11 -17
4.89612e-05 -5 -11 -18
0.00017405 -4.5 -10.5 -18
3.77093e-05 -4.5 -10.5 -19
9.7806e-05 -4.5 -10.5 -18.5
9.26304e-05 -5 -11 -17.5
3.94223e-05 -5.5 -11.5 -16.5
0.00025421 -4.5 -10.5 -17
0.000142447 -5 -11 -16.5
5.93694e-05 -5.5 -11.5 -15.5
0.000157865 -4.5 -10.5 -16
2.00658e-05 -4.5 -10.5 -15
3.43222e-05 -4 -10 -15.5
0.000116981 -4 -10 -16
0.00022007 -4 -10 -16.5
0.000301611 -4 -10 -17
0.000337399 -4 -10 -17.5
0.000106319 -4.5 -9.5 -17
0.000321407 -4 -10 -18
0.000239403 -4 -10 -18.5
9.13479e-05 -4.5 -9.5 -18
2.11196e-05 -4.5 -9.5 -19
0.000127021 -4 -10 -19
4.33338e-05 -4 -10 -19.5
5.35146e-05 -4.5 -9.5 -18.5
0.00011478 -4.5 -9.5 -17.5
7.53938e-05 -4.5 -9.5 -16.5
3.23388e-05 -4.5 -9.5 -16
2.00583e-05 -6 -12.5 -13.5
2.84745e-05 -5.5 -12 -14
5.83212e-05 -4.5 -11 -15
4.15044e-05 -5 -11.5 -14.5
3.31845e-05 -6 -12.5 -14
6.41564e-05 -5.5 -12 -14.5
9.65068e-05 -5 -11.5 -15
0.000131796 -4.5 -11 -15.5
4.9424e-05 -4 -10.5 -15.5
4.03288e-05 -6 -12.5 -14.5
9.3354e-05 -5.5 -12 -15
4.20687e-05 -6 -12.5 -15
0.00018058 -5 -11.5 -16
0.000105273 -5.5 -12 -15.5
0.000218145 -4 -10.5 -16.5
0.000206105 -4.5 -11 -16
3.56959e-05 -6 -12.5 -15.5
9.88132e-05 -5.5 -12 -16
2.04036e-05 -6 -12.5 -16
0.000150497 -5 -11.5 -17
7.73027e-05 -5.5 -12 -16.5
0.000298834 -4 -10.5 -17.5
0.000255841 -4.5 -11 -17
4.51739e-05 -5.5 -12 -17
0.000255196 -4 -10.5 -18
0.000146107 -4.5 -11 -18
2.35236e-05 -5.5 -12 -17.5
4.77784e-05 -5 -11.5 -18
7.2397e-05 -4 -10.5 -19
2.00505e-05 -4.5 -11 -19
7.40138e-05 -4.5 -11 -18.5
0.000166884 -4 -10.5 -18.5
9.50612e-05 -5 -11.5 -17.5
0.000214901 -4.5 -11 -17.5
0.000187217 -5 -11.5 -16.5
0.000279439 -4 -10.5 -17
0.000244889 -4.5 -11 -16.5
0.000147554 -5 -11.5 -15.5
0.00012069 -4 -10.5 -16
2.83766e-05 -3.5 -10 -16
7.92781e-05 -3.5 -10 -16.5
5.87265e-05 -4 -9.5 -16
0.000156654 -3.5 -10 -17
0.000158674 -4 -9.5 -16.5
0.000219406 -3.5 -10 -17.5
3.09353e-05 -4.5 -9 -17
0.000277767 -4 -9.5 -17
0.000229595 -3.5 -10 -18
0.000201288 -3.5 -10 -18.5
0.000128295 -3.5 -10 -19
0.000271484 -4 -9.5 -18.5
2.74673e-05 -4.5 -9 -18
4.90175e-05 -3.5 -10 -19.5
2.02917e-05 -3.5 -10 -20
6.67732e-05 -4 -9.5 -19.5
0.000167615 -4 -9.5 -19
0.000338187 -4 -9.5 -18
3.47486e-05 -4.5 -9 -17.5
0.000334417 -4 -9.5 -17.5
2.10954e-05 -4.5 -9 -16.5
2.30506e-05 -6 -13 -13
2.69539e-05 -5.5 -12.5 -13.5
2.84434e-05 -5 -12 -14
2.8484e-05 -6.5 -13.5 -13
4.70995e-05 -6 -13 -13.5
6.49581e-05 -5.5 -12.5 -14
8.1606e-05 -5 -12 -14.5
7.0301e-05 -4.5 -11.5 -15
3.28081e-05 -6.5 -13.5 -13.5
6.58921e-05 -6 -13 -14
0.000101054 -5.5 -12.5 -14.5
0.000134862 -5 -12 -15
2.07554e-05 -3.5 -10.5 -16
3.23913e-05 -6.5 -13.5 -14
7.45271e-05 -6 -13 -14.5
0.000127231 -5.5 -12.5 -15
0.000201044 -4.5 -11.5 -16
0.000175056 -5 -12 -15.5
4.78302e-05 -3.5 -10.5 -16.5
0.000103102 -4 -11 -16
2.64343e-05 -6.5 -13.5 -14.5
0.000137233 -5.5 -12.5 -15.5
0.000189978 -5 -12 -16
7.43667e-05 -6 -13 -15
6.20821e-05 -6 -13 -15.5
0.000118941 -5.5 -12.5 -16
0.000103959 -3.5 -10.5 -17.5
0.000219568 -4.5 -11.5 -17
0.000173949 -5 -12 -16.5
0.000192288 -4 -11 -17
0.000106061 -3.5 -10.5 -18
8.14222e-05 -5.5 -12.5 -16.5
0.000129995 -5 -12 -17
4.02e-05 -6 -13 -16
0.000151541 -4 -11 -18
2.00585e-05 -6 -13 -16.5
4.54752e-05 -5.5 -12.5 -17
9.35894e-05 -4.5 -11.5 -18
4.19497e-05 -3.5 -10.5 -19
3.48765e-05 -5 -12 -18
2.49856e-05 -5.5 -12.5 -17.5
2.86899e-05 -4 -11 -19
3.84172e-05 -4.5 -11.5 -18.5
8.53456e-05 -4 -11 -18.5
7.76167e-05 -5 -12 -17.5
8.78513e-05 -3.5 -10.5 -18.5
0.000161124 -4.5 -11.5 -17.5
0.000197332 -4 -11 -17.5
0.000227243 -4.5 -11.5 -16.5
7.97021e-05 -3.5 -10.5 -17
0.000166206 -4 -11 -16.5
0.000139762 -4.5 -11.5 -15.5
4.52256e-05 -4 -11 -15.5
2.49746e-05 -4.5 -11.5 -14.5
3.38503e-05 -3.5 -9.5 -16
0.000100502 -3.5 -9.5 -16.5
2.14626e-05 -4 -9 -16
0.000220595 -3.5 -9.5 -17
8.44755e-05 -4 -9 -16.5
0.000338109 -3.5 -9.5 -17.5
0.000376982 -3.5 -9.5 -18
0.00034608 -3.5 -9.5 -18.5
0.000247548 -3.5 -9.5 -19
0.000113735 -3.5 -9.5 -19.5
2.44746e-05 -3.5 -9.5 -20
7.35349e-05 -4 -9 -19.5
0.000170206 -4 -9 -19
0.000250729 -4 -9 -18.5
0.000283913 -4 -9 -18
0.000261645 -4 -9 -17.5
2.3019e-05 -6.5 -14 -12
2.31383e-05 -6 -13.5 -12.5
2.133e-05 -5.5 -13 -13
2.88648e-05 -7 -14.5 -12
3.9127e-05 -6.5 -14 -12.5
4.96739e-05 -6 -13.5 -13
5.89115e-05 -5.5 -13 -13.5
4.58563e-05 -5 -12.5 -14
3.07915e-05 -7 -14.5 -12.5
5.0849e-05 -6.5 -14 -13
7.42096e-05 -6 -13.5 -13.5
9.36724e-05 -5.5 -13 -14
9.255e-05 -5 -12.5 -14.5
2.76268e-05 -7 -14.5 -13
5.62884e-05 -6.5 -14 -13.5
8.79779e-05 -6 -13.5 -14
0.000120816 -5.5 -13 -14.5
3.36612e-05 -4 -11.5 -15.5
0.000135368 -5 -12.5 -15
6.41726e-05 -4.5 -12 -15
2.20356e-05 -7 -14.5 -13.5
5.19488e-05 -6.5 -14 -14
9.40368e-05 -6 -13.5 -14.5
0.000163269 -5 -12.5 -15.5
0.000149827 -4.5 -12 -16
0.000130863 -5.5 -13 -15
6.43719e-05 -4 -11.5 -16
3.94279e-05 -6.5 -14 -14.5
8.15867e-05 -6 -13.5 -15
0.000128754 -5.5 -13 -15.5
0.000170565 -5 -12.5 -16
2.49136e-05 -3.5 -11 -17
0.000101373 -4 -11.5 -17
6.16607e-05 -6 -13.5 -15.5
0.000137754 -5 -12.5 -16.5
0.000141534 -4.5 -12 -17
0.000104 -5.5 -13 -16
3.85114e-05 -6 -13.5 -16
6.7276e-05 -5.5 -13 -16.5
2.73736e-05 -3.5 -11 -18
9.10722e-05 -5 -12.5 -17
6.12133e-05 -4 -11.5 -18
4.34176e-05 -4.5 -12 -18
4.39578e-05 -5 -12.5 -17.5
2.0761e-05 -3.5 -11 -19
2.10171e-05 -4 -11.5 -18.5
3.50539e-05 -5.5 -13 -17
9.27144e-05 -4.5 -12 -17.5
9.17195e-05 -4 -11.5 -17.5
3.47568e-05 -3.5 -11 -17.5
0.000170003 -4.5 -12 -16.5
9.10982e-05 -4 -11.5 -16.5
0.000114449 -4.5 -12 -15.5
2.5823e-05 -4.5 -12 -14.5
0.000183298 -4 -9 -17
2.4368e-05 -3.5 -9 -16
3.3726e-05 -3 -9.5 -17
0.000101887 -3.5 -9 -16.5
6.49671e-05 -3 -9.5 -17.5
0.000238039 -3.5 -9 -17
8.49215e-05 -3 -9.5 -18
0.000370082 -3.5 -9 -17.5
0.000101183 -3 -9.5 -18.5
0.000447525 -3.5 -9 -18
9.03154e-05 -3 -9.5 -19
0.000426234 -3.5 -9 -18.5
5.33253e-05 -3 -9.5 -19.5
0.000348473 -3.5 -9 -19
4.77298e-05 -4 -8.5 -19.5
0.000189611 -3.5 -9 -19.5
5.81315e-05 -3.5 -9 -20
0.000104924 -4 -8.5 -19
0.000146468 -4 -8.5 -18.5
0.000164666 -4 -8.5 -18
3.26981e-05 -7 -15 -11.5
4.29674e-05 -6.5 -14.5 -12
4.55697e-05 -6 -14 -12.5
3.49688e-05 -5.5 -13.5 -13
2.01898e-05 -7.5 -15.5 -11.5
3.94595e-05 -7 -15 -12
5.58193e-05 -6.5 -14.5 -12.5
6.84693e-05 -6 -14 -13
6.24161e-05 -5.5 -13.5 -13.5
4.39122e-05 -5 -13 -14
3.96094e-05 -7 -15 -12.5
6.14436e-05 -6.5 -14.5 -13
8.17053e-05 -6 -14 -13.5
9.30512e-05 -5.5 -13.5 -14
7.86644e-05 -5 -13 -14.5
2.35192e-05 -4.5 -12.5 -14.5
3.4335e-05 -7 -15 -13
6.15856e-05 -6.5 -14.5 -13.5
8.77813e-05 -6 -14 -14
0.000111868 -5.5 -13.5 -14.5
2.56196e-05 -7 -15 -13.5
5.18162e-05 -6.5 -14.5 -14
8.42048e-05 -6 -14 -14.5
0.000118134 -5.5 -13.5 -15
2.48632e-05 -4 -12 -16
0.00012348 -5 -13 -15.5
7.32694e-05 -4.5 -12.5 -15.5
3.70639e-05 -6.5 -14.5 -14.5
6.85087e-05 -6 -14 -15
3.49415e-05 -4 -12 -16.5
9.93901e-05 -5.5 -13.5 -15.5
8.75738e-05 -4.5 -12.5 -16.5
2.30157e-05 -6.5 -14.5 -15
4.503e-05 -6 -14 -15.5
6.98389e-05 -5.5 -13.5 -16
8.03426e-05 -5 -13 -16.5
6.35031e-05 -4.5 -12.5 -17
3.59983e-05 -4 -12 -17
2.54393e-05 -6 -14 -16
3.69069e-05 -5.5 -13.5 -16.5
3.4485e-05 -4.5 -12.5 -17.5
2.24382e-05 -6 -14 -17
4.45282e-05 -5 -13 -17
3.04963e-05 -4 -12 -17.5
0.000113606 -5 -13 -16
8.30856e-05 -4.5 -12.5 -16
0.000108972 -5 -13 -15
4.85626e-05 -4.5 -12.5 -15
0.000147216 -4 -8.5 -17.5
8.97646e-05 -4 -8.5 -17
3.03392e-05 -4 -8.5 -16.5
6.43911e-05 -3 -9 -17
5.24482e-05 -3.5 -8.5 -16.5
0.000140873 -3 -9 -17.5
0.000175105 -3.5 -8.5 -17
0.000210045 -3 -9 -18
0.000253765 -3 -9 -18.5
0.000459487 -3.5 -8.5 -18
4.81488e-05 -4 -8 -17.5
0.000235491 -3 -9 -19
0.000152976 -3 -9 -19.5
5.92919e-05 -3 -9 -20
0.000240587 -3.5 -8.5 -19.5
9.42094e-05 -3.5 -8.5 -20
2.55948e-05 -7 -15.5 -11
3.2596e-05 -6.5 -15 -11.5
2.69293e-05 -6 -14.5 -12
3.62682e-05 -7 -15.5 -11.5
4.81892e-05 -6.5 -15 -12
4.76489e-05 -6 -14.5 -12.5
3.4673e-05 -5.5 -14 -13
3.68049e-05 -4 -8 -19
0.000381484 -3.5 -8.5 -19
2.09218e-05 -7.5 -16 -11.5
5.59424e-05 -6.5 -15 -12.5
6.56416e-05 -6 -14.5 -13
3.84354e-05 -7 -15.5 -12
5.52159e-05 -5.5 -14 -13.5
3.61915e-05 -7 -15.5 -12.5
5.8619e-05 -6.5 -15 -13
7.34451e-05 -6 -14.5 -13.5
7.318e-05 -5.5 -14 -14
3.34882e-05 -5 -13.5 -14
2.99389e-05 -7 -15.5 -13
5.20045e-05 -6.5 -15 -13.5
8.18363e-05 -5.5 -14 -14.5
2.01799e-05 -7 -15.5 -13.5
3.94122e-05 -6.5 -15 -14
2.51558e-05 -4.5 -13 -15.5
7.48928e-05 -5.5 -14 -15
6.14731e-05 -6 -14.5 -14.5
6.20309e-05 -5 -13.5 -15
4.35201e-05 -6 -14.5 -15
2.67118e-05 -6.5 -15 -14.5
5.22897e-05 -5.5 -14 -15.5
3.0811e-05 -4.5 -13 -16
2.12681e-05 -6.5 -15 -15
2.37756e-05 -6 -14.5 -15.5
2.70215e-05 -5.5 -14 -16
2.76173e-05 -5 -13.5 -16.5
2.07926e-05 -4.5 -13 -16.5
2.10101e-05 -6.5 -15 -15.5
4.9965e-05 -5 -13.5 -16
6.69339e-05 -5 -13.5 -15.5
7.44775e-05 -6 -14.5 -14
5.05877e-05 -5 -13.5 -14.5
4.70944e-05 -4 -8 -18.5
0.000444883 -3.5 -8.5 -18.5
5.2152e-05 -4 -8 -18
0.000353179 -3.5 -8.5 -17.5
2.50873e-05 -4 -8 -17
2.26112e-05 -3 -8.5 -16.5
9.95476e-05 -3 -8.5 -17
2.03559e-05 -3.5 -8 -16.5
0.000227365 -3 -8.5 -17.5
0.000372584 -3 -8.5 -18
0.000453202 -3 -8.5 -18.5
0.000360542 -3.5 -8 -18
0.000431012 -3 -8.5 -19
0.000303657 -3 -8.5 -19.5
0.000136604 -3 -8.5 -20
0.000246205 -3.5 -8 -19.5
2.14119e-05 -3.5 -8 -20.5
2.81918e-05 -3 -8.5 -20.5
0.000107973 -3.5 -8 -20
2.43868e-05 -7 -16 -11
2.67286e-05 -6 -15 -12
3.16373e-05 -6.5 -15.5 -11.5
2.04357e-05 -7.5 -16.5 -11
3.07621e-05 -7 -16 -11.5
4.18126e-05 -6 -15 -12.5
4.17118e-05 -6.5 -15.5 -12
2.1562e-05 -7.5 -16.5 -11.5
4.51902e-05 -6.5 -15.5 -12.5
3.0621e-05 -7 -16 -12
5.06302e-05 -6 -15 -13
3.59947e-05 -5.5 -14.5 -13.5
2.58912e-05 -7 -16 -12.5
4.11683e-05 -6.5 -15.5 -13
5.38201e-05 -6 -15 -13.5
4.20051e-05 -5.5 -14.5 -14
3.11927e-05 -6.5 -15.5 -13.5
4.46679e-05 -6 -15 -14
4.38319e-05 -5.5 -14.5 -14.5
2.00067e-05 -7.5 -16.5 -13
2.47818e-05 -6 -15 -15
3.07759e-05 -5.5 -14.5 -15
2.20694e-05 -6 -15 -15.5
3.20427e-05 -6 -15 -14.5
2.36286e-05 -5.5 -14.5 -13
0.000366499 -3.5 -8 -19
0.000411043 -3.5 -8 -18.5
0.000233757 -3.5 -8 -17.5
9.74311e-05 -3.5 -8 -17
2.32591e-05 -3 -8 -16.5
0.000109503 -3 -8 -17
4.17687e-05 -2.5 -8.5 -18
0.000272885 -3 -8 -17.5
6.76036e-05 -2.5 -8.5 -18.5
0.000460198 -3 -8 -18
7.82113e-05 -2.5 -8.5 -19
0.000571794 -3 -8 -18.5
0.000214709 -3.5 -7.5 -18
7.56803e-05 -2.5 -8.5 -19.5
0.000559497 -3 -8 -19
4.77437e-05 -2.5 -8.5 -20
0.000429481 -3 -8 -19.5
0.000229859 -3 -8 -20
0.000161883 -3.5 -7.5 -19.5
2.00816e-05 -3.5 -7.5 -20.5
6.74309e-05 -3 -8 -20.5
2.03322e-05 -6.5 -16 -11.5
2.50537e-05 -7.5 -17 -11
2.23157e-05 -7 -16.5 -11.5
2.5216e-05 -6.5 -16 -12
2.32773e-05 -7.5 -17 -11.5
2.14473e-05 -6.5 -16 -12.5
8.24341e-05 -3.5 -7.5 -20
0.000217654 -3.5 -7.5 -19
0.000237374 -3.5 -7.5 -18.5
0.000127542 -3.5 -7.5 -17.5
4.00567e-05 -3.5 -7.5 -17
5.11762e-05 -2.5 -8 -17.5
6.77007e-05 -3 -7.5 -17
0.000122525 -2.5 -8 -18
0.000240376 -3 -7.5 -17.5
0.000196661 -2.5 -8 -18.5
0.000221694 -2.5 -8 -19
0.000599984 -3 -7.5 -18.5
0.00021733 -2.5 -8 -19.5
0.000146626 -2.5 -8 -20
5.96002e-05 -2.5 -8 -20.5
0.00011329 -3 -7.5 -20.5
2.68447e-05 -3 -7.5 -21
3.30987e-05 -3.5 -7 -20
0.000295782 -3 -7.5 -20
5.90153e-05 -3.5 -7 -19.5
0.000480693 -3 -7.5 -19.5
7.73568e-05 -3.5 -7 -19
0.000600236 -3 -7.5 -19
8.74375e-05 -3.5 -7 -18.5
7.70317e-05 -3.5 -7 -18
0.000458581 -3 -7.5 -18
3.69511e-05 -3.5 -7 -17.5
2.04536e-05 -2.5 -7.5 -17
9.0954e-05 -2.5 -7.5 -17.5
0.00025123 -2.5 -7.5 -18
0.000398159 -2.5 -7.5 -18.5
0.000443765 -2.5 -7.5 -19
0.000436966 -2.5 -7.5 -19.5
0.0003129 -2.5 -7.5 -20
0.000140038 -2.5 -7.5 -20.5
3.57814e-05 -2.5 -7.5 -21
0.000135797 -3 -7 -20.5
3.22947e-05 -3 -7 -21
0.000319524 -3 -7 -20
0.00048022 -3 -7 -19.5
0.000513842 -3 -7 -19
0.000484304 -3 -7 -18.5
0.000319958 -3 -7 -18
0.0001355 -3 -7 -17.5
2.84539e-05 -3 -7 -17
2.51371e-05 -2.5 -7 -17
0.000114592 -2.5 -7 -17.5
0.000339453 -2.5 -7 -18
0.000571247 -2.5 -7 -18.5
3.07593e-05 -2 -7.5 -19.5
0.000655446 -2.5 -7 -19
2.99556e-05 -2 -7.5 -20
0.000636446 -2.5 -7 -19.5
0.0004923 -2.5 -7 -20
7.20246e-05 -2.5 -7 -21
0.000125539 -3 -6.5 -20.5
3.44537e-05 -3 -6.5 -21
0.00025939 -2.5 -7 -20.5
0.000230561 -3 -6.5 -20
0.000311916 -3 -6.5 -19.5
0.000336049 -3 -6.5 -19
0.000314796 -3 -6.5 -18.5
0.000189868 -3 -6.5 -18
6.15953e-05 -3 -6.5 -17.5
3.78559e-05 -2 -7 -18
0.000109864 -2.5 -6.5 -17.5
8.68168e-05 -2 -7 -18.5
0.000342568 -2.5 -6.5 -18
0.000134415 -2 -7 -19
0.000610098 -2.5 -6.5 -18.5
0.00015376 -2 -7 -19.5
0.000715046 -2.5 -6.5 -19
0.000150008 -2 -7 -20
0.000700291 -2.5 -6.5 -19.5
0.000154214 -3 -6 -19
0.000109652 -2 -7 -20.5
4.30874e-05 -2 -7 -21
5.70265e-05 -3 -6 -20.5
0.000126344 -2.5 -6.5 -21
0.000362353 -2.5 -6.5 -20.5
0.00010478 -3 -6 -20
0.000603101 -2.5 -6.5 -20
0.000142443 -3 -6 -19.5
0.00013044 -3 -6 -18.5
6.13967e-05 -3 -6 -18
2.32892e-05 -2 -6.5 -17.5
9.13111e-05 -2 -6.5 -18
0.000213169 -2 -6.5 -18.5
0.000218729 -2.5 -6 -18
0.000351632 -2 -6.5 -19
0.000407133 -2 -6.5 -19.5
0.000657663 -2.5 -6 -19
2.34969e-05 -3 -5.5 -19
0.000388559 -2 -6.5 -20
0.000280976 -2 -6.5 -20.5
0.000131833 -2 -6.5 -21
2.67222e-05 -2 -6.5 -21.5
2.36581e-05 -2.5 -6 -21.5
0.000157503 -2.5 -6 -21
0.00040642 -2.5 -6 -20.5
0.000626612 -2.5 -6 -20
2.09118e-05 -3 -5.5 -19.5
0.000686762 -2.5 -6 -19.5
2.01336e-05 -3 -5.5 -18.5
0.000488919 -2.5 -6 -18.5
5.00072e-05 -2.5 -6 -17.5
3.41587e-05 -2 -6 -17.5
0.000151194 -2 -6 -18
0.000369226 -2 -6 -18.5
0.000637971 -2 -6 -19
0.000724809 -2 -6 -20
0.000542777 -2 -6 -20.5
0.000262525 -2 -6 -21
5.82459e-05 -2 -6 -21.5
2.42627e-05 -2.5 -5.5 -21.5
0.000154319 -2.5 -5.5 -21
0.000351216 -2.5 -5.5 -20.5
0.000480661 -2.5 -5.5 -20
0.000508315 -2.5 -5.5 -19.5
0.000751632 -2 -6 -19.5
0.000466967 -2.5 -5.5 -19
0.000288453 -2.5 -5.5 -18.5
0.000113561 -2.5 -5.5 -18
2.2506e-05 -2.5 -5.5 -17.5
3.53646e-05 -2 -5.5 -17.5
0.000455574 -2 -5.5 -18.5
4.7541e-05 -1.5 -6 -19.5
0.00081995 -2 -5.5 -19
7.32164e-05 -1.5 -6 -20
7.96803e-05 -1.5 -6 -20.5
6.34109e-05 -1.5 -6 -21
0.0007429 -2 -5.5 -20.5
0.000244416 -2.5 -5 -20
3.78908e-05 -1.5 -6 -21.5
0.000385689 -2 -5.5 -21
9.12818e-05 -2 -5.5 -21.5
7.78252e-05 -2.5 -5 -21
0.000179479 -2.5 -5 -20.5
0.000969617 -2 -5.5 -20
0.000258531 -2.5 -5 -19.5
0.000997452 -2 -5.5 -19.5
0.00022942 -2.5 -5 -19
0.000130751 -2.5 -5 -18.5
3.94654e-05 -2.5 -5 -18
0.000171332 -2 -5.5 -18
2.02765e-05 -1.5 -5.5 -18
2.13222e-05 -2 -5 -17.5
8.17669e-05 -1.5 -5.5 -18.5
0.000188942 -1.5 -5.5 -19
0.000290918 -1.5 -5.5 -19.5
0.000848308 -2 -5 -19
2.53415e-05 -2.5 -4.5 -18.5
0.000335723 -1.5 -5.5 -20
0.0003306 -1.5 -5.5 -20.5
0.000235162 -1.5 -5.5 -21
0.000796374 -2 -5 -20.5
4.99837e-05 -2.5 -4.5 -20
9.26497e-05 -1.5 -5.5 -21.5
0.000429435 -2 -5 -21
0.000110451 -2 -5 -21.5
3.83669e-05 -2.5 -4.5 -20.5
0.00103255 -2 -5 -20
5.30324e-05 -2.5 -4.5 -19.5
0.00105683 -2 -5 -19.5
4.79566e-05 -2.5 -4.5 -19
0.000445316 -2 -5 -18.5
0.000124057 -2 -5 -18
5.51192e-05 -1.5 -5 -18
0.000224419 -1.5 -5 -18.5
0.000509776 -1.5 -5 -19
0.000753046 -1.5 -5 -19.5
0.000805017 -1.5 -5 -20
0.000765104 -1.5 -5 -20.5
0.000500084 -1.5 -5 -21
0.000709371 -2 -4.5 -20.5
0.000169196 -1.5 -5 -21.5
2.00979e-05 -1.5 -5 -22
0.000109758 -2 -4.5 -21.5
0.000406832 -2 -4.5 -21
0.000803566 -2 -4.5 -20
0.000811563 -2 -4.5 -19.5
0.000621509 -2 -4.5 -19
0.000286433 -2 -4.5 -18.5
6.78686e-05 -2 -4.5 -18
8.57461e-05 -1.5 -4.5 -18
0.000369642 -1.5 -4.5 -18.5
0.00123989 -1.5 -4.5 -19.5
0.00128842 -1.5 -4.5 -20
0.000433329 -2 -4 -19.5
0.000249675 -1.5 -4.5 -21.5
2.11864e-05 -1.5 -4.5 -22
6.83372e-05 -2 -4 -21.5
0.000198647 -2 -4 -21
0.00074606 -1.5 -4.5 -21
0.00034123 -2 -4 -20.5
0.00116973 -1.5 -4.5 -20.5
0.000419847 -2 -4 -20
0.000342768 -2 -4 -19
0.000853076 -1.5 -4.5 -19
0.000150352 -2 -4 -18.5
3.32439e-05 -2 -4 -18
3.99257e-05 -1 -4.5 -19
0.000116822 -1 -4.5 -19.5
0.000191376 -1 -4.5 -20
0.000208591 -1 -4.5 -20.5
0.00141835 -1.5 -4 -20
0.000177419 -1 -4.5 -21
0.00010295 -1 -4.5 -21.5
2.6921e-05 -1 -4.5 -22
2.46603e-05 -1.5 -4 -22
2.42499e-05 -2 -3.5 -21.5
0.000278516 -1.5 -4 -21.5
4.70321e-05 -2 -3.5 -21
0.000820712 -1.5 -4 -21
7.85098e-05 -2 -3.5 -20.5
0.00128209 -1.5 -4 -20.5
9.75239e-05 -2 -3.5 -20
0.000102227 -2 -3.5 -19.5
0.00139175 -1.5 -4 -19.5
8.85551e-05 -2 -3.5 -19
0.000966498 -1.5 -4 -19
3.35997e-05 -2 -3.5 -18.5
0.000406239 -1.5 -4 -18.5
8.89277e-05 -1.5 -4 -18
9.10632e-05 -1 -4 -18.5
0.000305589 -1 -4 -19
0.00059983 -1 -4 -19.5
0.000716972 -1 -4 -20
0.000689411 -1 -4 -20.5
0.000519018 -1 -4 -21
3.7611e-05 -1 -4 -22
3.24586e-05 -1.5 -3.5 -22
0.000268255 -1.5 -3.5 -21.5
0.000237306 -1 -4 -21.5
0.000643461 -1.5 -3.5 -21
0.000926427 -1.5 -3.5 -20.5
0.000998388 -1.5 -3.5 -20
0.000975416 -1.5 -3.5 -19.5
0.000665755 -1.5 -3.5 -19
0.000263102 -1.5 -3.5 -18.5
4.99378e-05 -1.5 -3.5 -18
4.02482e-05 -1 -3.5 -18
0.000208077 -1 -3.5 -18.5
0.000642733 -1 -3.5 -19
0.0011135 -1 -3.5 -19.5
0.0012253 -1 -3.5 -20
0.000878184 -1 -3.5 -21
7.20605e-05 -1 -3.5 -22
0.000168019 -1.5 -3 -21.5
3.33813e-05 -1.5 -3 -22
0.000400137 -1 -3.5 -21.5
0.000349482 -1.5 -3 -21
0.000470455 -1.5 -3 -20.5
0.00117792 -1 -3.5 -20.5
0.000497072 -1.5 -3 -20
0.000465531 -1.5 -3 -19.5
0.000272247 -1.5 -3 -19
8.51841e-05 -1.5 -3 -18.5
4.48626e-05 -1 -3 -18
0.000238209 -1 -3 -18.5
0.00138312 -1 -3 -20
0.000124004 -1.5 -2.5 -19.5
0.00135265 -1 -3 -20.5
0.00109292 -1 -3 -21
6.36989e-05 -1.5 -2.5 -21.5
0.000163619 -1 -3 -22
0.000585137 -1 -3 -21.5
0.000115046 -1.5 -2.5 -21
0.000141396 -1.5 -2.5 -20.5
0.000145992 -1.5 -2.5 -20
0.00120676 -1 -3 -19.5
6.50584e-05 -1.5 -2.5 -19
0.000715324 -1 -3 -19
2.98853e-05 -0.5 -3 -21.5
0.00124704 -1 -2.5 -21
4.90189e-05 -0.5 -3 -22
3.12183e-05 -0.5 -3 -22.5
2.16756e-05 -1 -2.5 -22.5
0.000222512 -1 -2.5 -22
0.000716912 -1 -2.5 -21.5
0.00146411 -1 -2.5 -20.5
0.00146881 -1 -2.5 -20
0.00112809 -1 -2.5 -19.5
0.000538888 -1 -2.5 -19
0.000150886 -1 -2.5 -18.5
2.76224e-05 -1 -2.5 -18
9.99549e-05 -0.5 -2.5 -19
0.000299078 -0.5 -2.5 -19.5
0.000565863 -0.5 -2.5 -20
0.000789347 -0.5 -2.5 -20.5
0.000806167 -0.5 -2.5 -21
0.000684829 -0.5 -2.5 -21.5
0.000347279 -0.5 -2.5 -22
6.55206e-05 -0.5 -2.5 -22.5
0.000198388 -1 -2 -22
0.000558994 -1 -2 -21.5
0.000866778 -1 -2 -21
0.000972861 -1 -2 -20.5
0.000967623 -1 -2 -20
0.000702473 -1 -2 -19.5
0.000323222 -1 -2 -19
8.31041e-05 -1 -2 -18.5
2.26402e-05 -0.5 -2.5 -18.5
4.58697e-05 -0.5 -2 -18
0.000246334 -0.5 -2 -18.5
0.000964428 -0.5 -2 -19
0.00215172 -0.5 -2 -19.5
0.00314673 -0.5 -2 -20
0.00324916 -0.5 -2 -20.5
3.78193e-05 -0.5 -2 -22.5
4.58673e-05 -1 -1.5 -22
0.000663979 -0.5 -2 -22
0.00015251 -1 -1.5 -21.5
0.00192036 -0.5 -2 -21.5
0.000253482 -1 -1.5 -21
0.00296775 -0.5 -2 -21
0.000295326 -1 -1.5 -20.5
0.000298826 -1 -1.5 -20
0.000229587 -1 -1.5 -19.5
0.000110118 -1 -1.5 -19
2.99439e-05 -1 -1.5 -18.5
7.8266e-05 -0.5 -1.5 -18
0.000416784 -0.5 -1.5 -18.5
0.00248775 -0.5 -1.5 -21.5
0.000749677 -0.5 -1.5 -22
2.35569e-05 -0.5 -1.5 -22.5
0.00407934 -0.5 -1.5 -21
0.00462106 -0.5 -1.5 -20.5
0.00461451 -0.5 -1.5 -20
0.00343621 -0.5 -1.5 -19.5
0.00160649 -0.5 -1.5 -19
0.00306909 -0.5 -1 -19.5
0.00386027 -0.5 -1 -20
0.0037852 -0.5 -1 -20.5
0.0031416 -0.5 -1 -21
0.000398762 -0.5 -1 -22
0.00172363 -0.5 -1 -21.5
0.00145085 -0.5 -1 -19
0.000364566 -0.5 -1 -18.5
6.70753e-05 -0.5 -1 -18
5.48587e-05 -0.5 -0.5 -22
0.000239223 -0.5 -0.5 -21.5
0.000445738 -0.5 -0.5 -21
0.000550988 -0.5 -0.5 -20.5
0.000567273 -0.5 -0.5 -20
0.000463767 -0.5 -0.5 -19.5
0.000209744 -0.5 -0.5 -19
4.71148e-05 -0.5 -0.5 -18.5
2.05497e-05 -0.5 0 -20.5
2.07027e-05 -0.5 0 -20
5.81942e-05 0 0 -18
0.000302923 0 0 -18.5
0.00276848 0 0 -19.5
0.00399476 0 0 -20
0.00410348 0 0 -20.5
0.00380706 0 0 -21
0.0026264 0 0 -21.5
0.00108557 0 0 -22
0.000117723 0 0 -22.5
0.00121866 0 0 -19
0.00154893 0 0.5 -19
7.09279e-05 0 0.5 -22.5
0.00101446 0 0.5 -22
0.00281352 0 0.5 -21.5
0.00431295 0 0.5 -21
0.00474574 0 0.5 -20.5
0.00469117 0 0.5 -20
0.00339281 0 0.5 -19.5
0.00039321 0 0.5 -18.5
7.37828e-05 0 0.5 -18
0.000199717 0.5 0.5 -19
0.000442956 0.5 0.5 -19.5
0.000616443 0.5 0.5 -20
0.0014321 0 1 -19.5
0.00014623 0.5 0.5 -22
0.00100519 0 1 -21.5
0.000283361 0 1 -22
0.000374212 0.5 0.5 -21.5
0.00167143 0 1 -21
0.00056363 0.5 0.5 -21
0.00189507 0 1 -20.5
0.000622069 0.5 0.5 -20.5
0.00189614 0 1 -20
0.000671236 0 1 -19
0.000171147 0 1 -18.5
5.07571e-05 0.5 0.5 -18.5
3.1068e-05 0 1 -18
3.25748e-05 0.5 1 -18
0.0013963 0.5 1 -19.5
0.00102051 0.5 1 -21.5
2.03635e-05 0.5 1 -22.5
0.000364286 0.5 1 -22
3.26366e-05 0 1.5 -21.5
5.27973e-05 0 1.5 -21
0.00160174 0.5 1 -21
5.68017e-05 0 1.5 -20.5
0.00181856 0.5 1 -20.5
5.43992e-05 0 1.5 -20
0.00182699 0.5 1 -20
3.39683e-05 0 1.5 -19.5
0.00065811 0.5 1 -19
0.000170545 0.5 1 -18.5
5.76652e-05 0.5 1.5 -18
3.71206e-05 1 1 -19
7.67901e-05 1 1 -19.5
9.69627e-05 1 1 -20
9.5408e-05 1 1 -20.5
0.00264963 0.5 1.5 -20
8.27811e-05 1 1 -21
0.00260558 0.5 1.5 -20.5
5.3659e-05 1 1 -21.5
0.00220187 0.5 1.5 -21
0.000336585 0.5 1.5 -22
0.0012548 0.5 1.5 -21.5
0.00217042 0.5 1.5 -19.5
0.00110919 0.5 1.5 -19
0.000313755 0.5 1.5 -18.5
7.1761e-05 1 1.5 -18.5
0.000248026 1 1.5 -19
0.000315886 0.5 2 -18.5
0.000479404 1 1.5 -19.5
0.000568621 1 1.5 -20
0.000553445 1 1.5 -20.5
0.000459479 1 1.5 -21
7.98527e-05 1 1.5 -22
0.00109489 0.5 2 -21.5
0.000252061 0.5 2 -22
0.000267716 1 1.5 -21.5
0.00199238 0.5 2 -21
0.00238763 0.5 2 -20.5
0.00243383 0.5 2 -20
0.00203159 0.5 2 -19.5
0.00106761 0.5 2 -19
5.98509e-05 0.5 2 -18
3.80629e-05 1 2 -18
0.000195346 1 2 -18.5
3.3276e-05 0.5 2.5 -18
0.00123846 1 2 -19.5
0.000567536 0.5 2.5 -19
0.00139102 1 2 -20.5
0.00114024 1 2 -21
0.00129521 0.5 2.5 -20.5
0.000630435 1 2 -21.5
0.000159217 1 2 -22
0.000134835 0.5 2.5 -22
0.000591256 0.5 2.5 -21.5
0.00108695 0.5 2.5 -21
0.00131137 0.5 2.5 -20
0.00142891 1 2 -20
0.00107292 0.5 2.5 -19.5
0.00065515 1 2 -19
0.000175341 0.5 2.5 -18.5
7.94657e-05 1 2.5 -18
2.42351e-05 1.5 2 -19
4.80723e-05 1.5 2 -19.5
0.00141545 1 2.5 -19
5.66622e-05 1.5 2 -20
5.50444e-05 1.5 2 -20.5
0.00256267 1 2.5 -20
4.53624e-05 1.5 2 -21
0.0024526 1 2.5 -20.5
2.58245e-05 1.5 2 -21.5
0.00186002 1 2.5 -21
0.000149464 1 2.5 -22
4.67339e-05 0.5 3 -22
0.000158213 0.5 3 -21.5
0.00089104 1 2.5 -21.5
0.000272205 0.5 3 -21
0.000311002 0.5 3 -20.5
0.000308014 0.5 3 -20
0.000232965 0.5 3 -19.5
0.0023828 1 2.5 -19.5
0.000120103 0.5 3 -19
3.67147e-05 0.5 3 -18.5
0.000440253 1 2.5 -18.5
2.19203e-05 1 3 -17.5
8.24604e-05 1.5 2.5 -18.5
0.000268321 1.5 2.5 -19
0.000601906 1 3 -18.5
0.00045208 1.5 2.5 -19.5
0.000476708 1.5 2.5 -20
0.00231463 1 3 -19.5
0.00044946 1.5 2.5 -20.5
0.000333714 1.5 2.5 -21
0.000163025 1.5 2.5 -21.5
3.1978e-05 1.5 2.5 -22
0.000806023 1 3 -21.5
0.000115032 1 3 -22
0.00175356 1 3 -21
0.00235423 1 3 -20.5
0.002469 1 3 -20
0.00147521 1 3 -19
0.000130998 1 3 -18
6.61382e-05 1.5 3 -18
0.000313586 1.5 3 -18.5
0.000118611 1 3.5 -18
0.000799605 1.5 3 -19
0.00120058 1.5 3 -19.5
0.00118039 1 3.5 -19
0.00113694 1.5 3 -20.5
0.00189968 1 3.5 -20
0.000365371 1.5 3 -21.5
0.00128607 1 3.5 -21
4.99243e-05 1.5 3 -22
5.7254e-05 1 3.5 -22
0.00053069 1 3.5 -21.5
0.00080655 1.5 3 -21
0.00180163 1 3.5 -20.5
0.0012278 1.5 3 -20
0.00179494 1 3.5 -19.5
0.000499923 1 3.5 -18.5
2.04993e-05 1 3.5 -17.5
2.47021e-05 1.5 3.5 -17.5
0.000146633 1.5 3.5 -18
2.73038e-05 2 3 -19
4.03263e-05 2 3 -19.5
0.00141969 1.5 3.5 -19
0.000227189 1 4 -18.5
4.11687e-05 2 3 -20
3.72563e-05 2 3 -20.5
0.00186861 1.5 3.5 -20
2.63533e-05 2 3 -21
0.00119172 1.5 3.5 -21
3.71282e-05 1.5 3.5 -22
0.000252531 1 4 -21.5
2.78795e-05 1 4 -22
0.000445114 1.5 3.5 -21.5
0.000637794 1 4 -21
0.000864436 1 4 -20.5
0.00173551 1.5 3.5 -20.5
0.000888113 1 4 -20
0.000782508 1 4 -19.5
0.00186621 1.5 3.5 -19.5
0.00050506 1 4 -19
0.000639664 1.5 3.5 -18.5
5.92651e-05 1 4 -18
2.8032e-05 2 3.5 -18
0.000115038 2 3.5 -18.5
0.000264359 2 3.5 -19
0.00107547 1.5 4 -18.5
0.000346225 2 3.5 -19.5
0.000343815 2 3.5 -20
0.00239687 1.5 4 -19.5
0.000309185 2 3.5 -20.5
0.002359 1.5 4 -20
0.000190621 2 3.5 -21
0.00198931 1.5 4 -20.5
6.63516e-05 2 3.5 -21.5
0.00118663 1.5 4 -21
0.000388238 1.5 4 -21.5
2.597e-05 1.5 4 -22
8.53342e-05 1 4.5 -21.5
0.000192238 1 4.5 -21
0.000248931 1 4.5 -20.5
0.000249738 1 4.5 -20
0.000200945 1 4.5 -19.5
0.00012431 1 4.5 -19
0.00201404 1.5 4 -19
5.77141e-05 1 4.5 -18.5
0.000301486 1.5 4 -18
4.94854e-05 1.5 4 -17.5
0.000140679 2 4 -18
7.76797e-05 1.5 4.5 -17.5
0.000489475 2 4 -18.5
0.00090523 2 4 -19
0.00101949 2 4 -19.5
0.00188772 1.5 4.5 -19
0.000983458 2 4 -20
0.000792011 2 4 -20.5
0.00215596 1.5 4.5 -20
0.000453017 2 4 -21
0.000132429 2 4 -21.5
0.000979771 1.5 4.5 -21
0.000252064 1.5 4.5 -21.5
0.00176789 1.5 4.5 -20.5
0.00219792 1.5 4.5 -19.5
0.00107062 1.5 4.5 -18.5
0.000378392 1.5 4.5 -18
2.36542e-05 2 4 -17.5
6.45085e-05 2 4.5 -17.5
2.27188e-05 2.5 4 -19
0.000945636 2 4.5 -18.5
0.000293491 1.5 5 -18
2.4532e-05 2.5 4 -19.5
0.00159793 2 4.5 -19
2.30212e-05 2.5 4 -20
0.00166665 2 4.5 -20
0.000669735 2 4.5 -21
0.000122741 1.5 5 -21.5
0.000132736 2 4.5 -21.5
0.000579797 1.5 5 -21
0.00110463 1.5 5 -20.5
0.00133041 2 4.5 -20.5
0.00138452 1.5 5 -20
0.00141959 1.5 5 -19.5
0.00173126 2 4.5 -19.5
0.00125975 1.5 5 -19
0.000771897 1.5 5 -18.5
0.000324654 2 4.5 -18
6.35666e-05 1.5 5 -17.5
2.0311e-05 2 5 -17
5.29852e-05 2.5 4.5 -18
0.000147831 2.5 4.5 -18.5
0.000638107 2 5 -18
3.11056e-05 1.5 5.5 -17.5
0.000215262 2.5 4.5 -19
0.000210107 2.5 4.5 -19.5
0.00230875 2 5 -19
0.000338959 1.5 5.5 -18.5
0.000191154 2.5 4.5 -20
0.00235236 2 5 -19.5
0.00051997 1.5 5.5 -19
0.000141122 2.5 4.5 -20.5
7.15993e-05 2.5 4.5 -21
0.00144646 2 5 -20.5
9.51572e-05 2 5 -21.5
5.1409e-05 1.5 5.5 -21.5
0.000244907 1.5 5.5 -21
0.000621745 2 5 -21
0.000481378 1.5 5.5 -20.5
0.000581931 1.5 5.5 -20
0.0021616 2 5 -20
0.000583402 1.5 5.5 -19.5
0.00161547 2 5 -18.5
0.000141305 1.5 5.5 -18
0.000130309 2 5 -17.5
0.000265889 2.5 5 -18
0.000288015 2 5.5 -17.5
0.000636098 2.5 5 -18.5
0.000815609 2.5 5 -19
0.00175792 2 5.5 -18.5
0.000795371 2.5 5 -19.5
0.00226871 2 5.5 -19
0.00068667 2.5 5 -20
0.000452509 2.5 5 -20.5
0.00205428 2 5.5 -20
0.000194781 2.5 5 -21
2.08979e-05 2.5 5 -21.5
0.000474588 2 5.5 -21
5.05382e-05 2 5.5 -21.5
6.64742e-05 1.5 6 -21
0.000136076 1.5 6 -20.5
0.00131009 2 5.5 -20.5
0.000162377 1.5 6 -20
0.000160063 1.5 6 -19.5
0.00228808 2 5.5 -19.5
0.000138107 1.5 6 -19
9.39431e-05 1.5 6 -18.5
4.19132e-05 1.5 6 -18
0.00094482 2 5.5 -18
5.18431e-05 2.5 5 -17.5
5.2133e-05 2 5.5 -17
3.44098e-05 2.5 5.5 -17
0.000205218 2.5 5.5 -17.5
5.89168e-05 2 6 -17
0.000698029 2.5 5.5 -18
0.0012871 2.5 5.5 -18.5
0.00082603 2 6 -18
0.00150693 2.5 5.5 -19
0.00148763 2.5 5.5 -19.5
0.00130373 2.5 5.5 -20
0.00183559 2 6 -19.5
0.0002303 2.5 5.5 -21
0.000922154 2 6 -20.5
2.11648e-05 2 6 -21.5
0.000267875 2 6 -21
0.000774998 2.5 5.5 -20.5
0.00159953 2 6 -20
0.00178113 2 6 -19
0.00143243 2 6 -18.5
0.000284033 2 6 -17.5
2.79944e-05 3 5.5 -17.5
8.95304e-05 2.5 6 -17
8.3284e-05 3 5.5 -18
0.000134604 3 5.5 -18.5
0.00124744 2.5 6 -18
0.000190984 2 6.5 -17.5
0.000135887 3 5.5 -19
0.000126372 3 5.5 -19.5
0.00216523 2.5 6 -19
0.000790547 2 6.5 -18.5
0.000103607 3 5.5 -20
0.00202012 2.5 6 -19.5
0.000983535 2 6.5 -19
6.22004e-05 3 5.5 -20.5
0.000775816 2.5 6 -20.5
0.000104537 2 6.5 -21
0.000193545 2.5 6 -21
0.000448882 2 6.5 -20.5
0.000864817 2 6.5 -20
0.00150943 2.5 6 -20
0.00102643 2 6.5 -19.5
0.00203436 2.5 6 -18.5
0.000468882 2 6.5 -18
0.000471379 2.5 6 -17.5
4.49218e-05 2 6.5 -17
3.48467e-05 3 6 -17
0.000171391 3 6 -17.5
0.000437049 3 6 -18
0.000904123 2.5 6.5 -17.5
0.000640196 3 6 -18.5
0.000642392 3 6 -19
0.00221561 2.5 6.5 -18.5
0.00057881 3 6 -19.5
0.00224375 2.5 6.5 -19
0.000396294 3 6 -20
0.00018183 3 6 -20.5
0.00142761 2.5 6.5 -20
3.39814e-05 3 6 -21
0.000108731 2.5 6.5 -21
2.82288e-05 2 7 -21
0.000151396 2 7 -20.5
0.000647656 2.5 6.5 -20.5
0.000317631 2 7 -20
0.0003849 2 7 -19.5
0.00202376 2.5 6.5 -19.5
0.000374426 2 7 -19
0.000300697 2 7 -18.5
0.000192908 2 7 -18
0.00173544 2.5 6.5 -18
8.79979e-05 2 7 -17.5
2.61966e-05 2 7 -17
0.000269024 2.5 6.5 -17
4.10618e-05 2.5 6.5 -16.5
7.82185e-05 2.5 7 -16.5
0.000587355 3 6.5 -17.5
0.000331744 2.5 7 -17
0.00131809 3 6.5 -18.5
0.00166008 2.5 7 -18
0.00128273 3 6.5 -19
0.0011026 3 6.5 -19.5
0.000730917 3 6.5 -20
0.00177234 2.5 7 -19.5
0.000272034 3 6.5 -20.5
3.28267e-05 3 6.5 -21
0.000392143 2.5 7 -20.5
4.4622e-05 2.5 7 -21
5.82462e-05 2 7.5 -20
0.0011015 2.5 7 -20
8.71149e-05 2 7.5 -19.5
9.01727e-05 2 7.5 -19
0.00203697 2.5 7 -19
7.3206e-05 2 7.5 -18.5
0.00202442 2.5 7 -18.5
5.04703e-05 2 7.5 -18
2.5631e-05 2 7.5 -17.5
0.0011073 3 6.5 -18
0.000898988 2.5 7 -17.5
0.00017084 3 6.5 -17
2.62909e-05 3 6.5 -16.5
2.21593e-05 3.5 6.5 -17
8.8685e-05 3 7 -16.5
6.40071e-05 3.5 6.5 -17.5
0.000452685 3 7 -17
0.000101101 3.5 6.5 -18
9.93067e-05 3.5 6.5 -18.5
0.00165154 3 7 -18
0.000687854 2.5 7.5 -17.5
8.73378e-05 3.5 6.5 -19
6.84039e-05 3.5 6.5 -19.5
0.00183163 3 7 -19
0.00136317 2.5 7.5 -18.5
3.76223e-05 3.5 6.5 -20
0.00147124 3 7 -19.5
0.00135211 2.5 7.5 -19
0.000241424 3 7 -20.5
0.000612184 2.5 7.5 -20
2.13229e-05 3 7 -21
0.000163551 2.5 7.5 -20.5
0.000786045 3 7 -20
0.00110002 2.5 7.5 -19.5
0.00183969 3 7 -18.5
0.00117235 2.5 7.5 -18
0.00111782 3 7 -17.5
0.000264386 2.5 7.5 -17
6.62224e-05 2.5 7.5 -16.5
3.61236e-05 3.5 7 -16.5
4.66675e-05 3 7.5 -16
0.000156479 3.5 7 -17
4.59358e-05 2.5 8 -16.5
0.000373789 3.5 7 -17.5
0.000502094 3.5 7 -18
0.00171773 3 7.5 -17.5
0.00044496 3.5 7 -19
0.00219193 3 7.5 -18.5
0.000291296 3.5 7 -19.5
0.00195987 3 7.5 -19
0.000132196 3.5 7 -20
3.21817e-05 3.5 7 -20.5
0.000660519 3 7.5 -20
3.52222e-05 2.5 8 -20.5
0.00014655 3 7.5 -20.5
0.000227876 2.5 8 -20
0.000478444 2.5 8 -19.5
0.0014084 3 7.5 -19.5
0.000628091 2.5 8 -19
0.000635729 2.5 8 -18.5
0.000537238 2.5 8 -18
0.00049147 3.5 7 -18.5
0.00213658 3 7.5 -18
0.000342944 2.5 8 -17.5
0.000156841 2.5 8 -17
0.000928392 3 7.5 -17
0.000286852 3 7.5 -16.5
3.18939e-05 3.5 7.5 -16
2.40467e-05 3 8 -15.5
0.000600523 3.5 7.5 -17
0.000479228 3 8 -16.5
0.00100143 3.5 7.5 -17.5
0.00113992 3 8 -17
0.00108849 3.5 7.5 -18.5
0.00207388 3 8 -18
0.000212069 2.5 8.5 -18.5
0.000927421 3.5 7.5 -19
0.000608936 3.5 7.5 -19.5
0.00023988 3.5 7.5 -20
0.00110011 3 8 -19.5
3.58473e-05 3.5 7.5 -20.5
5.90691e-05 3 8 -20.5
3.29655e-05 2.5 8.5 -20
0.000416047 3 8 -20
0.000128669 2.5 8.5 -19.5
0.000201323 2.5 8.5 -19
0.00177257 3 8 -19
0.00207688 3 8 -18.5
0.00017825 2.5 8.5 -18
0.00012503 2.5 8.5 -17.5
0.00112614 3.5 7.5 -18
0.00173954 3 8 -17.5
6.97676e-05 2.5 8.5 -17
2.58393e-05 2.5 8.5 -16.5
0.000194338 3.5 7.5 -16.5
0.000122717 3 8 -16
2.44483e-05 3 8.5 -15.5
2.01916e-05 3.5 8 -15.5
6.37685e-05 4 7.5 -17
0.000529774 3.5 8 -16.5
0.00011981 3 8.5 -16
8.3759e-05 4 7.5 -17.5
0.00109701 3.5 8 -17
5.24525e-05 4 7.5 -18.5
0.00171506 3.5 8 -18
0.00139538 3 8.5 -17.5
2.97435e-05 4 7.5 -19
0.00158616 3 8.5 -18.5
0.000680199 3.5 8 -19.5
0.00125112 3 8.5 -19
0.000224285 3.5 8 -20
2.45547e-05 3.5 8 -20.5
0.000173036 3 8.5 -20
0.000647776 3 8.5 -19.5
2.4684e-05 2.5 9 -18.5
0.00129592 3.5 8 -19
0.00170163 3.5 8 -18.5
0.0015724 3 8.5 -18
7.1791e-05 4 7.5 -18
0.0015813 3.5 8 -17.5
0.000956994 3 8.5 -17
0.000436126 3 8.5 -16.5
2.94266e-05 4 7.5 -16.5
0.000138156 3.5 8 -16
2.18359e-05 3 9 -15.5
5.86313e-05 4 8 -16
0.000191872 4 8 -16.5
9.45986e-05 3 9 -16
0.000392816 3.5 8.5 -16
0.000276693 3 9 -16.5
0.000361479 4 8 -17
0.000426273 4 8 -17.5
0.000388813 4 8 -18
0.00210259 3.5 8.5 -17.5
0.000310634 4 8 -18.5
0.000190322 4 8 -19
0.00174523 3.5 8.5 -18.5
8.32728e-05 4 8 -19.5
0.00121693 3.5 8.5 -19
3.08851e-05 3 9 -20
0.000142415 3.5 8.5 -20
0.000242354 3 9 -19.5
0.000575042 3.5 8.5 -19.5
0.000595232 3 9 -19
0.000851264 3 9 -18.5
0.000861091 3 9 -18
0.00211189 3.5 8.5 -18
0.000774484 3 9 -17.5
0.000564403 3 9 -17
0.00172259 3.5 8.5 -17
0.00102168 3.5 8.5 -16.5
8.70842e-05 3.5 8.5 -15.5
5.28635e-05 3.5 9 -15
0.000236204 3.5 9 -15.5
0.00134737 3.5 9 -16.5
5.71486e-05 3 9.5 -16
0.00100715 4 8.5 -17.5
0.00182807 3.5 9 -17
0.000725386 4 8.5 -18.5
0.00201557 3.5 9 -18
0.000305679 3 9.5 -17.5
0.000311806 3 9.5 -18.5
0.000447008 4 8.5 -19
0.000168745 4 8.5 -19.5
2.92982e-05 4 8.5 -20
5.26349e-05 3.5 9 -20
2.64426e-05 3 9.5 -19.5
0.000358388 3.5 9 -19.5
0.000173823 3 9.5 -19
0.000950738 3.5 9 -19
0.00160529 3.5 9 -18.5
0.000334792 3 9.5 -18
0.000939944 4 8.5 -18
0.00207242 3.5 9 -17.5
0.000239499 3 9.5 -17
0.000134463 3 9.5 -16.5
0.000937208 4 8.5 -17
0.000648239 4 8.5 -16.5
0.000716854 3.5 9 -16
0.00028139 4 8.5 -16
6.48059e-05 4 8.5 -15.5
6.56558e-05 3.5 9.5 -15
0.000261949 4 9 -15.5
0.000244476 3.5 9.5 -15.5
6.77784e-05 4.5 8.5 -17
0.00118864 4 9 -16.5
0.000679266 3.5 9.5 -16
4.70269e-05 3 10 -16.5
4.20888e-05 4.5 8.5 -17.5
0.00151983 4 9 -17
7.06538e-05 3 10 -17
8.42828e-05 3 10 -17.5
0.00148201 4 9 -18
8.19521e-05 3 10 -18
0.00115073 3.5 9.5 -18.5
5.11967e-05 3 10 -18.5
2.00095e-05 4 9 -20
0.00014175 3.5 9.5 -19.5
0.000163444 4 9 -19.5
0.000554102 3.5 9.5 -19
0.00050975 4 9 -19
0.00102748 4 9 -18.5
0.00160846 3.5 9.5 -18
0.00176965 3.5 9.5 -17.5
2.26519e-05 4.5 8.5 -18
0.00167315 4 9 -17.5
0.00154587 3.5 9.5 -17
0.00116676 3.5 9.5 -16.5
6.72911e-05 4.5 8.5 -16.5
0.000674748 4 9 -16
4.35666e-05 4.5 8.5 -16
5.5018e-05 4 9 -15
4.25674e-05 4 9.5 -14.5
6.08949e-05 3.5 10 -15
0.000112304 4.5 9 -15.5
0.000210047 4 9.5 -15
0.000195815 3.5 10 -15.5
0.000243857 4.5 9 -16
0.000469065 3.5 10 -16
0.000343592 4.5 9 -16.5
0.000758049 3.5 10 -16.5
0.000360956 4.5 9 -17
0.000303439 4.5 9 -17.5
0.000207599 4.5 9 -18
0.00181593 4 9.5 -17.5
0.000115319 4.5 9 -18.5
4.43095e-05 4.5 9 -19
0.000973744 4 9.5 -18.5
0.000900108 3.5 10 -18
0.000427769 4 9.5 -19
0.000108012 4 9.5 -19.5
0.000196742 3.5 10 -19
0.000546981 3.5 10 -18.5
0.00148908 4 9.5 -18
0.00107762 3.5 10 -17.5
0.000976491 3.5 10 -17
0.0019987 4 9.5 -17
0.00177942 4 9.5 -16.5
0.0012155 4 9.5 -16
0.000618009 4 9.5 -15.5
3.2563e-05 4.5 9 -15
2.91603e-05 4 10 -14
0.000148167 4 10 -14.5
0.000498801 4 10 -15
0.000171131 4.5 9.5 -15
4.60658e-05 3.5 10.5 -15
0.00099679 4 10 -15.5
0.000118018 3.5 10.5 -15.5
0.00153764 4 10 -16
0.000236681 3.5 10.5 -16
0.00184642 4 10 -16.5
0.000341893 3.5 10.5 -16.5
0.00041662 3.5 10.5 -17
0.000748868 4.5 9.5 -17.5
0.000453794 3.5 10.5 -17.5
0.00033408 3.5 10.5 -18
0.000278731 4.5 9.5 -18.5
0.000142458 3.5 10.5 -18.5
9.41324e-05 4.5 9.5 -19
3.61102e-05 4 10 -19.5
0.0002517 4 10 -19
0.000730814 4 10 -18.5
0.00133515 4 10 -18
0.00051625 4.5 9.5 -18
0.00174574 4 10 -17.5
0.00197367 4 10 -17
0.000898337 4.5 9.5 -17
0.000882748 4.5 9.5 -16.5
0.000721698 4.5 9.5 -16
0.000432155 4.5 9.5 -15.5
3.84905e-05 4.5 9.5 -14.5
0.000195171 4 10.5 -14.5
4.08235e-05 5 9.5 -15
0.000189375 4.5 10 -14.5
0.000895133 4.5 10 -15.5
0.00050413 4 10.5 -15
6.07449e-05 5 9.5 -15.5
2.68926e-05 3.5 11 -15
5.54413e-05 3.5 11 -15.5
4.62579e-05 5 9.5 -16.5
0.0012787 4.5 10 -16
9.12211e-05 3.5 11 -16
0.00167901 4 10.5 -16.5
0.00149051 4.5 10 -16.5
0.000112228 3.5 11 -16.5
0.00170064 4 10.5 -17
0.00012697 3.5 11 -17
0.00140423 4 10.5 -17.5
0.000112392 3.5 11 -17.5
0.000904013 4 10.5 -18
0.000386918 4 10.5 -18.5
4.50745e-05 3.5 11 -18
9.2403e-05 4 10.5 -19
9.49919e-05 4.5 10 -19
0.000334343 4.5 10 -18.5
0.000734803 4.5 10 -18
0.0011483 4.5 10 -17.5
0.00146413 4.5 10 -17
0.00136134 4 10.5 -16
0.00092926 4 10.5 -15.5
6.71959e-05 5 9.5 -16
0.000478178 4.5 10 -15
5.01941e-05 4 10.5 -14
4.17658e-05 4.5 10 -14
4.10864e-05 4.5 10.5 -13.5
5.0668e-05 4 11 -14
0.000487642 4.5 10.5 -14.5
9.78331e-05 5 10 -14.5
0.000167133 4 11 -14.5
0.000402106 4 11 -15
0.000295748 5 10 -15.5
0.000941252 4.5 10.5 -15
0.000674651 4 11 -15.5
0.000333878 5 10 -16
0.000307565 5 10 -16.5
0.000208765 5 10 -17
0.000131135 5 10 -17.5
0.00154416 4.5 10.5 -17
0.00111318 4 11 -16.5
0.00115144 4.5 10.5 -17.5
0.000681806 4.5 10.5 -18
0.000267218 4.5 10.5 -18.5
6.3951e-05 4.5 10.5 -19
0.000112925 4 11 -18.5
0.000393398 4 11 -18
0.000764475 4 11 -17.5
5.49945e-05 5 10 -18
0.00102509 4 11 -17
0.00174759 4.5 10.5 -16.5
0.000935417 4 11 -16
0.00176475 4.5 10.5 -16
0.00146779 4.5 10.5 -15.5
0.000200379 5 10 -15
0.000186376 4.5 10.5 -14
3.18054e-05 5 10 -14
2.69667e-05 4.5 11 -13
0.000145516 4.5 11 -13.5
4.39892e-05 5 10.5 -13.5
0.000422776 4.5 11 -14
4.38038e-05 4 11.5 -14
0.000846161 4.5 11 -14.5
0.00011285 4 11.5 -14.5
0.0012964 4.5 11 -15
0.000605778 5 10.5 -15
0.000225595 4 11.5 -15
0.00162076 4.5 11 -15.5
0.000341988 4 11.5 -15.5
0.000444712 4 11.5 -16
0.00050756 4 11.5 -16.5
0.000530771 5 10.5 -17
0.00170495 4.5 11 -16.5
0.000416606 4 11.5 -17
0.000321468 5 10.5 -17.5
0.000247709 4 11.5 -17.5
0.000146961 5 10.5 -18
7.03905e-05 4 11.5 -18
4.48025e-05 5 10.5 -18.5
0.000141676 4.5 11 -18.5
0.000463675 4.5 11 -18
0.00096422 4.5 11 -17.5
0.00143344 4.5 11 -17
0.000740862 5 10.5 -16.5
0.0017758 4.5 11 -16
0.000836302 5 10.5 -16
0.000776428 5 10.5 -15.5
0.000375604 5 10.5 -14.5
0.000163692 5 10.5 -14
5.45183e-05 4.5 11.5 -13
2.59168e-05 5.5 10.5 -13.5
0.000181953 4.5 11.5 -13.5
5.04402e-05 5.5 10.5 -14
0.000214518 5 11 -13.5
2.8747e-05 4 12 -14
0.000805987 4.5 11.5 -14.5
7.51502e-05 5.5 10.5 -15
0.00078246 5 11 -14.5
5.8605e-05 4 12 -14.5
5.49501e-05 5.5 10.5 -15.5
0.00118867 4.5 11.5 -15
9.58046e-05 4 12 -15
3.02822e-05 5.5 10.5 -16
0.00148876 4.5 11.5 -15.5
0.00130694 5 11 -15.5
0.00015128 4 12 -16
0.00141919 4.5 11.5 -16.5
0.00113718 5 11 -16.5
0.000143417 4 12 -16.5
0.00104218 4.5 11.5 -17
7.6944e-05 4 12 -17
0.000578447 4.5 11.5 -17.5
0.000208698 4.5 11.5 -18
3.69156e-05 4.5 11.5 -18.5
4.79908e-05 5 11 -18.5
0.000182005 5 11 -18
0.00045481 5 11 -17.5
0.000806036 5 11 -17
0.00160115 4.5 11.5 -16
0.000129802 4 12 -15.5
0.00136749 5 11 -16
0.0011144 5 11 -15
0.000431291 4.5 11.5 -14
6.88073e-05 5.5 10.5 -14.5
0.000463345 5 11 -14
5.97363e-05 5 11 -13
7.05209e-05 5 11.5 -12.5
0.000240419 5 11.5 -13
5.57987e-05 4.5 12 -13
0.000514647 5 11.5 -13.5
0.000128643 5.5 11 -13.5
0.000159497 4.5 12 -13.5
0.000355269 4.5 12 -14
0.00130057 5 11.5 -14.5
0.00029808 5.5 11 -14.5
0.00060784 4.5 12 -14.5
0.000854669 4.5 12 -15
0.000315078 5.5 11 -15.5
0.000224829 5.5 11 -16
0.000132815 5.5 11 -16.5
0.00145453 5 11.5 -16
0.000775692 5 11.5 -17
0.000809576 4.5 12 -16.5
5.70166e-05 5.5 11 -17
0.000397456 5 11.5 -17.5
0.000134502 5 11.5 -18
2.4207e-05 5 11.5 -18.5
3.9972e-05 4.5 12 -18
0.000202395 4.5 12 -17.5
0.000501576 4.5 12 -17
0.00115582 5 11.5 -16.5
0.000999362 4.5 12 -16
0.00101924 4.5 12 -15.5
0.00157015 5 11.5 -15.5
0.00155416 5 11.5 -15
0.000336068 5.5 11 -15
0.000886615 5 11.5 -14
0.000225262 5.5 11 -14
5.08788e-05 5 12 -12
0.000188472 5 12 -12.5
8.72079e-05 5.5 11.5 -12.5
0.000431668 5 12 -13
0.000428705 5.5 11.5 -13.5
4.81284e-05 4.5 12.5 -13
0.000812014 5 12 -13.5
0.000110364 4.5 12.5 -13.5
0.00116117 5 12 -14
0.000206995 4.5 12.5 -14
0.00142466 5 12 -14.5
0.000315 4.5 12.5 -14.5
0.00156439 5 12 -15
0.000420542 4.5 12.5 -15
0.000481545 4.5 12.5 -15.5
0.000520941 5.5 11.5 -16
0.000272482 4.5 12.5 -16.5
0.000169626 5.5 11.5 -17
0.000992584 5 12 -16.5
0.000105526 4.5 12.5 -17
6.4967e-05 5.5 11.5 -17.5
6.22725e-05 5 12 -18
0.000233257 5 12 -17.5
0.000567923 5 12 -17
0.000408389 4.5 12.5 -16
0.000326617 5.5 11.5 -16.5
0.00135255 5 12 -16
0.00153383 5 12 -15.5
0.000712215 5.5 11.5 -15.5
0.000791824 5.5 11.5 -15
0.000735927 5.5 11.5 -14.5
0.000614693 5.5 11.5 -14
0.000226361 5.5 11.5 -13
3.20166e-05 5.5 12 -11.5
0.000130283 5.5 12 -12
7.30174e-05 5 12.5 -12
0.000313719 5.5 12 -12.5
5.01818e-05 6 11.5 -12.5
0.000197233 5 12.5 -12.5
0.000428466 5 12.5 -13
0.000100535 6 11.5 -13.5
3.11817e-05 4.5 13 -13
0.000748544 5 12.5 -13.5
8.90732e-05 6 11.5 -14
0.000792961 5.5 12 -13.5
5.85168e-05 4.5 13 -13.5
0.00120728 5.5 12 -14.5
0.00104637 5 12.5 -14
6.92709e-05 6 11.5 -14.5
9.15191e-05 4.5 13 -14
0.00130568 5 12.5 -14.5
0.000122038 4.5 13 -14.5
0.000143225 4.5 13 -15
0.00127187 5 12.5 -15.5
0.00104782 5.5 12 -15.5
0.000131729 4.5 13 -15.5
6.91498e-05 4.5 13 -16
0.000614298 5 12.5 -16.5
0.000479537 5.5 12 -16.5
0.000281956 5 12.5 -17
8.12621e-05 5 12.5 -17.5
8.17079e-05 5.5 12 -17.5
0.000236473 5.5 12 -17
0.000980278 5 12.5 -16
0.000772611 5.5 12 -16
0.001404 5 12.5 -15
0.00124499 5.5 12 -15
4.09117e-05 6 11.5 -15
0.00105057 5.5 12 -14
0.000559606 5.5 12 -13
4.33787e-05 5.5 12.5 -11
0.00016385 5.5 12.5 -11.5
2.49461e-05 5 13 -11.5
0.000377813 5.5 12.5 -12
6.97778e-05 5 13 -12
0.000648953 5.5 12.5 -12.5
0.000213688 6 12 -12.5
0.000168464 5 13 -12.5
0.000941789 5.5 12.5 -13
0.000337677 5 13 -13
0.00122466 5.5 12.5 -13.5
0.000356625 6 12 -13.5
0.000541475 5 13 -13.5
0.00134966 5.5 12.5 -14.5
0.000739604 5 13 -14
0.000332426 6 12 -14.5
0.000866891 5 13 -14.5
0.000135767 6 12 -15.5
0.000703842 5 13 -15.5
5.87675e-05 6 12 -16
0.00104667 5.5 12.5 -15.5
0.000456394 5 13 -16
5.73505e-05 5 13 -17
0.000185337 5.5 12.5 -17
5.45604e-05 5.5 12.5 -17.5
0.000217026 5 13 -16.5
0.000426832 5.5 12.5 -16.5
0.000738646 5.5 12.5 -16
0.000855205 5 13 -15
0.00127424 5.5 12.5 -15
0.000230789 6 12 -15
0.00138215 5.5 12.5 -14
0.000368147 6 12 -14
3.30582e-05 6 12.5 -10.5
0.000309088 6 12 -13
2.94904e-05 5.5 13 -10.5
9.46604e-05 6 12.5 -11
0.000104313 5.5 13 -11
0.000202051 6 12.5 -11.5
2.55277e-05 6.5 12 -11.5
0.000250527 5.5 13 -11.5
2.29801e-05 5 13.5 -11.5
0.000458607 5.5 13 -12
0.000543471 6 12.5 -12.5
3.3035e-05 6.5 12 -12.5
5.37155e-05 5 13.5 -12
0.000744634 5.5 13 -12.5
0.000109185 5 13.5 -12.5
0.0010572 5.5 13 -13
0.000187371 5 13.5 -13
0.00125476 5.5 13 -13.5
0.000761846 6 12.5 -13.5
0.000270423 5 13.5 -13.5
0.000350192 5 13.5 -14
0.00129734 5.5 13 -14.5
0.000671198 6 12.5 -14.5
0.000388281 5 13.5 -14.5
0.000321167 5 13.5 -15
0.000872358 5.5 13 -15.5
0.000315 6 12.5 -15.5
8.09593e-05 5 13.5 -16
7.18089e-05 6 12.5 -16.5
0.000536459 5.5 13 -16
8.6121e-05 5.5 13 -17
0.000259397 5.5 13 -16.5
0.000212112 5 13.5 -15.5
0.000173287 6 12.5 -16
0.00115993 5.5 13 -15
0.000490912 6 12.5 -15
0.00135796 5.5 13 -14
0.000765697 6 12.5 -14
0.00069767 6 12.5 -13
5.49148e-05 6 13 -10
0.000146494 6 13 -10.5
4.03476e-05 5.5 13.5 -10.5
0.000277646 6 13 -11
0.00010368 5.5 13.5 -11
0.00047131 6 13 -11.5
0.00011725 6.5 12.5 -11.5
0.000233033 5.5 13.5 -11.5
0.000422102 5.5 13.5 -12
0.00015114 6.5 12.5 -12.5
3.12954e-05 5 14 -12
0.00066534 5.5 13.5 -12.5
0.000129039 6.5 12.5 -13
0.000885065 6 13 -12.5
5.30175e-05 5 14 -12.5
0.000911808 5.5 13.5 -13
0.00113715 6 13 -13.5
9.95376e-05 6.5 12.5 -13.5
7.69542e-05 5 14 -13
0.0010966 5.5 13.5 -13.5
9.40695e-05 5 14 -13.5
0.00115287 5.5 13.5 -14
0.000103665 5 14 -14
0.00101523 5.5 13.5 -14.5
0.000903807 6 13 -14.5
8.18969e-05 5 14 -14.5
0.000783864 5.5 13.5 -15
2.70246e-05 5 14 -15
0.000257756 5.5 13.5 -16
0.00023284 6 13 -16
8.95755e-05 5.5 13.5 -16.5
2.30091e-05 6 13 -17
9.27366e-05 6 13 -16.5
0.000511154 5.5 13.5 -15.5
0.000435479 6 13 -15.5
0.000674286 6 13 -15
0.00109096 6 13 -14
5.58154e-05 6.5 12.5 -14
0.00101673 6 13 -13
0.000694569 6 13 -12
4.20683e-05 6.5 13 -9.5
5.79322e-05 6 13.5 -9.5
8.63944e-05 6.5 13 -10
0.000137396 6 13.5 -10
0.000150883 6.5 13 -10.5
0.000286371 6 13.5 -10.5
3.75893e-05 5.5 14 -10.5
0.000509178 6 13.5 -11
8.56136e-05 5.5 14 -11
0.000733507 6 13.5 -11.5
0.000170302 5.5 14 -11.5
0.000950088 6 13.5 -12
0.000301547 5.5 14 -12
0.00111939 6 13.5 -12.5
0.000444284 6.5 13 -12.5
0.000450687 5.5 14 -12.5
0.00120381 6 13.5 -13
0.000584299 5.5 14 -13
0.001154 6 13.5 -13.5
0.000354123 6.5 13 -13.5
0.000657195 5.5 14 -13.5
0.000628051 5.5 14 -14
0.000134483 6.5 13 -14.5
0.00106427 6 13.5 -14
0.000497147 5.5 14 -14.5
6.02171e-05 6.5 13 -15
0.000317396 5.5 14 -15
0.000615968 6 13.5 -15
0.000156452 5.5 14 -15.5
4.02541e-05 5.5 14 -16
0.000179595 6 13.5 -16
6.06731e-05 6 13.5 -16.5
0.000372339 6 13.5 -15.5
0.000859642 6 13.5 -14.5
0.000233248 6.5 13 -14
3.59262e-05 6.5 13.5 -8.5
8.62663e-05 6.5 13.5 -9
2.07955e-05 7 13 -9
2.68201e-05 6 14 -9
6.53214e-05 6 14 -9.5
5.32067e-05 7 13 -10
0.00015684 6.5 13.5 -9.5
0.000147616 6 14 -10
6.67574e-05 7 13 -10.5
0.000256129 6.5 13.5 -10
0.000376207 6.5 13.5 -10.5
3.48687e-05 7 13 -9.5
0.000420093 6.5 13 -13
0.000294277 6 14 -10.5
0.000500026 6.5 13.5 -11
7.24579e-05 7 13 -11
2.78815e-05 5.5 14.5 -10.5
0.00049529 6 14 -11
0.000649649 6.5 13.5 -11.5
6.24554e-05 7 13 -11.5
5.48137e-05 5.5 14.5 -11
0.000713325 6 14 -11.5
9.57855e-05 5.5 14.5 -11.5
0.000933995 6 14 -12
0.00075774 6.5 13.5 -12
0.000148993 5.5 14.5 -12
0.00106875 6 14 -12.5
0.000200791 5.5 14.5 -12.5
0.00112263 6 14 -13
0.000742695 6.5 13.5 -13
0.000233544 5.5 14.5 -13
0.00104023 6 14 -13.5
0.000244076 5.5 14.5 -13.5
0.000876714 6 14 -14
0.000459766 6.5 13.5 -14
0.000184388 5.5 14.5 -14
0.000646803 6 14 -14.5
0.000103368 5.5 14.5 -14.5
0.000409049 6 14 -15
0.000161202 6.5 13.5 -15
0.00021085 6 14 -15.5
7.83314e-05 6 14 -16
2.68141e-05 5.5 14.5 -15
7.26458e-05 6.5 13.5 -15.5
0.000290199 6.5 13.5 -14.5
0.000641495 6.5 13.5 -13.5
3.56074e-05 7 13.5 -8
0.000792337 6.5 13.5 -12.5
4.19097e-05 6.5 14 -8
5.92655e-05 7 13.5 -8.5
9.39471e-05 6.5 14 -8.5
9.20619e-05 7 13.5 -9
0.000191281 6.5 14 -9
2.59464e-05 6 14.5 -9
0.000331771 6.5 14 -9.5
0.000140447 7 13.5 -9.5
5.96547e-05 6 14.5 -9.5
0.000475828 6.5 14 -10
0.000190019 7 13.5 -10
0.000129093 6 14.5 -10
0.000630267 6.5 14 -10.5
0.000250457 6 14.5 -10.5
0.000792953 6.5 14 -11
0.000401296 6 14.5 -11
0.00056872 6 14.5 -11.5
0.00019254 7 13.5 -12
0.000906026 6.5 14 -11.5
3.49075e-05 5.5 15 -11.5
0.000716918 6 14.5 -12
0.000135978 7 13.5 -12.5
4.21741e-05 5.5 15 -12
0.000798296 6 14.5 -12.5
7.97421e-05 7 13.5 -13
0.000980169 6.5 14 -12.5
4.39131e-05 5.5 15 -12.5
0.000708166 6.5 14 -13.5
0.000824616 6 14.5 -13
3.5982e-05 5.5 15 -13
0.000687971 6 14.5 -13.5
0.000329342 6 14.5 -14.5
0.000332276 6.5 14 -14.5
5.68202e-05 6 14.5 -15.5
7.68665e-05 6.5 14 -15.5
2.24058e-05 6.5 14 -16
0.000166512 6 14.5 -15
0.000181829 6.5 14 -15
0.000514873 6 14.5 -14
0.000516215 6.5 14 -14
3.94019e-05 7 14 -7
7.59499e-05 7 14 -7.5
0.000890321 6.5 14 -13
2.23449e-05 6.5 14.5 -7.5
2.75153e-05 7.5 13.5 -8
4.89439e-05 6.5 14.5 -8
3.65739e-05 7.5 13.5 -8.5
0.000120278 7 14 -8
0.000179293 7 14 -8.5
0.000944676 6.5 14 -12
0.000106938 6.5 14.5 -8.5
4.20877e-05 7.5 13.5 -9
0.000207505 6.5 14.5 -9
4.3169e-05 7.5 13.5 -9.5
0.000248528 7 14 -9
0.000321601 7 14 -9.5
0.000337687 6.5 14.5 -9.5
0.000414494 7 14 -10
3.48179e-05 7.5 13.5 -10
4.47496e-05 6 15 -9.5
0.0005055 6.5 14.5 -10
0.000485846 7 14 -10.5
8.48399e-05 6 15 -10
0.000693034 6.5 14.5 -10.5
0.000145849 6 15 -10.5
0.000818029 6.5 14.5 -11
0.000224017 6 15 -11
0.000911959 6.5 14.5 -11.5
0.000497903 7 14 -11.5
0.000308959 6 15 -11.5
0.000949717 6.5 14.5 -12
0.000365351 6 15 -12
0.000913198 6.5 14.5 -12.5
0.000339687 7 14 -12.5
0.000391372 6 15 -12.5
0.00035209 6 15 -13
0.000608746 6.5 14.5 -13.5
0.000125476 7 14 -13.5
0.000260225 6 15 -13.5
0.000153715 6 15 -14
0.000258603 6.5 14.5 -14.5
6.1468e-05 6 15 -14.5
4.53487e-05 6.5 14.5 -15.5
0.000128497 6.5 14.5 -15
2.64325e-05 7.5 14 -6
0.000426319 6.5 14.5 -14
4.18811e-05 7.5 14 -6.5
5.96644e-05 7 14 -14
3.87836e-05 7 14.5 -6.5
0.000779337 6.5 14.5 -13
8.11931e-05 7 14.5 -7
5.99473e-05 7.5 14 -7
0.000220682 7 14 -13
0.000149949 7 14.5 -7.5
7.98971e-05 7.5 14 -7.5
0.000242113 7 14.5 -8
0.000108255 7.5 14 -8
4.67291e-05 6.5 15 -8
0.000333478 7 14.5 -8.5
0.000134278 7.5 14 -8.5
0.000439096 7 14 -12
9.61637e-05 6.5 15 -8.5
0.000432959 7 14.5 -9
0.000151334 7.5 14 -9
0.000183175 6.5 15 -9
0.000542734 7 14.5 -9.5
0.000157045 7.5 14 -9.5
0.000303316 6.5 15 -9.5
0.000447452 6.5 15 -10
0.000110295 7.5 14 -10.5
4.15562e-05 6 15.5 -10
0.00060597 6.5 15 -10.5
7.63636e-05 7.5 14 -11
6.29572e-05 6 15.5 -10.5
0.000740985 6.5 15 -11
0.000717707 7 14.5 -11.5
3.54174e-05 7.5 14 -11.5
8.76541e-05 6 15.5 -11
0.000790165 6.5 15 -11.5
0.000102153 6 15.5 -11.5
0.000800108 6.5 15 -12
0.000105019 6 15.5 -12
0.000686012 6.5 15 -12.5
0.000514409 7 14.5 -12.5
8.41563e-05 6 15.5 -12.5
0.000546975 6.5 15 -13
4.38351e-05 6 15.5 -13
0.000391121 6.5 15 -13.5
0.000231369 7 14.5 -13.5
0.000242838 6.5 15 -14
0.000122804 6.5 15 -14.5
6.01507e-05 7 14.5 -14.5
4.75277e-05 6.5 15 -15
4.15409e-05 7.5 14.5 -5.5
2.5056e-05 8 14 -6
7.36654e-05 7.5 14.5 -6
0.000129095 7 14.5 -14
0.000114404 7.5 14.5 -6.5
3.10958e-05 8 14 -6.5
4.184e-05 7 15 -6.5
0.000154646 7.5 14.5 -7
3.59246e-05 8 14 -7
8.26959e-05 7 15 -7
0.000197247 7.5 14.5 -7.5
3.82336e-05 8 14 -7.5
0.000365263 7 14.5 -13
0.00015058 7 15 -7.5
0.000239173 7.5 14.5 -8
3.49239e-05 8 14 -8
0.000245126 7 15 -8
2.68566e-05 8 14 -8.5
0.000636582 7 14.5 -12
3.58583e-05 6.5 15.5 -8
0.000366671 7 15 -8.5
0.000295104 7.5 14.5 -8.5
6.67193e-05 6.5 15.5 -8.5
0.000506587 7 15 -9
0.000335543 7.5 14.5 -9
0.000116338 6.5 15.5 -9
0.000613272 7 15 -9.5
0.000192997 6.5 15.5 -9.5
0.000701486 7 15 -10
0.000289274 6.5 15.5 -10
0.000739743 7 15 -10.5
0.000379566 6.5 15.5 -10.5
0.000446848 6.5 15.5 -11
0.000153123 7.5 14.5 -11.5
0.00073435 7 15 -11
0.000467053 6.5 15.5 -11.5
7.72067e-05 7.5 14.5 -12
0.00042555 6.5 15.5 -12
2.85307e-05 7.5 14.5 -12.5
0.000627708 7 15 -12
0.000342551 6.5 15.5 -12.5
0.000239624 6.5 15.5 -13
0.000350605 7 15 -13
0.000140309 6.5 15.5 -13.5
5.88792e-05 6.5 15.5 -14
0.000122808 7 15 -14
5.51881e-05 7 15 -14.5
4.52367e-05 8 14.5 -5
3.00135e-05 7.5 15 -5
6.49618e-05 8 14.5 -5.5
0.000221642 7 15 -13.5
6.37756e-05 7.5 15 -5.5
8.55844e-05 8 14.5 -6
0.000114934 7.5 15 -6
0.000188158 7.5 15 -6.5
0.000103663 8 14.5 -6.5
0.000495505 7 15 -12.5
0.000710139 7 15 -11.5
3.65484e-05 7 15.5 -6.5
0.000259665 7.5 15 -7
0.00011908 8 14.5 -7
7.06432e-05 7 15.5 -7
0.000325078 7.5 15 -7.5
0.000124153 8 14.5 -7.5
0.000132249 7 15.5 -7.5
0.000390817 7.5 15 -8
0.00012168 8 14.5 -8
0.000221145 7 15.5 -8
0.000447306 7.5 15 -8.5
0.000102329 8 14.5 -8.5
0.000331975 7 15.5 -8.5
0.000487353 7.5 15 -9
3.2257e-05 6.5 16 -8.5
0.000458147 7 15.5 -9
0.000532649 7.5 15 -9.5
5.65271e-05 6.5 16 -9
0.000567274 7 15.5 -9.5
8.46286e-05 6.5 16 -9.5
0.000639685 7 15.5 -10
0.000116046 6.5 16 -10
0.000668802 7 15.5 -10.5
0.000142507 6.5 16 -10.5
0.000655554 7 15.5 -11
0.000412113 7.5 15 -11
0.000155797 6.5 16 -11
0.000602962 7 15.5 -11.5
0.000141133 6.5 16 -11.5
0.000499699 7 15.5 -12
0.000181435 7.5 15 -12
0.000100167 6.5 16 -12
5.7976e-05 6.5 16 -12.5
5.73941e-05 7.5 15 -13
0.000364052 7 15.5 -12.5
0.000136843 7 15.5 -13.5
2.11205e-05 7 15.5 -14.5
2.947e-05 8 15 -4
6.69165e-05 7 15.5 -14
2.68808e-05 8.5 14.5 -4.5
6.34493e-05 8 15 -4.5
3.57297e-05 8.5 14.5 -5
0.000103181 8 15 -5
0.000237586 7 15.5 -13
2.97274e-05 7.5 15.5 -5
4.00442e-05 8.5 14.5 -5.5
0.000137541 8 15 -5.5
6.13984e-05 7.5 15.5 -5.5
4.11819e-05 8.5 14.5 -6
0.000173037 8 15 -6
0.000112755 7.5 15.5 -6
3.14979e-05 8.5 14.5 -6.5
0.000183583 7.5 15.5 -6.5
0.000203592 8 15 -6.5
0.00023418 8 15 -7
0.000263878 7.5 15.5 -7
0.000110242 7.5 15 -12.5
0.000287942 7.5 15 -11.5
4.71932e-05 7 16 -7
0.000356028 7.5 15.5 -7.5
0.000254273 8 15 -7.5
8.30817e-05 7 16 -7.5
0.000430398 7.5 15.5 -8
0.000258583 8 15 -8
0.000141104 7 16 -8
0.000219522 7 16 -8.5
0.00021278 8 15 -9
0.000495026 7.5 15.5 -8.5
0.000302418 7 16 -9
0.000163741 8 15 -9.5
0.000534104 7.5 15.5 -9
0.000372017 7 16 -9.5
0.000109381 8 15 -10
0.000551177 7.5 15.5 -9.5
0.00042387 7 16 -10
0.000513475 7.5 15.5 -10.5
6.24435e-05 8 15 -10.5
0.00044898 7 16 -10.5
0.000413603 7 16 -11
0.000353152 7 16 -11.5
0.000345981 7.5 15.5 -11.5
0.000265172 7 16 -12
0.000170446 7 16 -12.5
0.000162742 7.5 15.5 -12.5
8.82533e-05 7 16 -13
2.66187e-05 7 16 -13.5
4.20288e-05 7.5 15.5 -13.5
3.58884e-05 8.5 15 -3.5
6.25351e-05 8.5 15 -4
3.91138e-05 8 15.5 -4
8.30612e-05 8.5 15 -4.5
7.60486e-05 8 15.5 -4.5
0.000129203 8 15.5 -5
9.73535e-05 8.5 15 -5
8.919e-05 7.5 15.5 -13
0.000109625 8.5 15 -5.5
0.000190805 8 15.5 -5.5
4.77287e-05 7.5 16 -5.5
0.000243104 8 15.5 -6
0.000112429 8.5 15 -6
0.000251963 7.5 15.5 -12
8.83073e-05 7.5 16 -6
0.000292784 8 15.5 -6.5
0.000103027 8.5 15 -6.5
0.000149518 7.5 16 -6.5
8.48415e-05 8.5 15 -7
0.000330186 8 15.5 -7
0.000433195 7.5 15.5 -11
0.000230871 7.5 16 -7
0.000350728 8 15.5 -7.5
6.31789e-05 8.5 15 -7.5
0.000318215 7.5 16 -7.5
3.59784e-05 8.5 15 -8
3.90581e-05 7 16.5 -7.5
0.000395775 7.5 16 -8
0.000375527 8 15.5 -8
6.28471e-05 7 16.5 -8
0.000453507 7.5 16 -8.5
0.000381035 8 15.5 -8.5
9.18141e-05 7 16.5 -8.5
0.000493511 7.5 16 -9
0.000121225 7 16.5 -9
0.000510947 7.5 16 -9.5
0.000145034 7 16.5 -9.5
0.000489084 7.5 16 -10
0.000159811 7 16.5 -10
0.000427152 7.5 16 -10.5
0.00013922 8 15.5 -10.5
0.000158036 7 16.5 -10.5
0.000362644 7.5 16 -11
0.000131327 7 16.5 -11
0.000285668 7.5 16 -11.5
3.68585e-05 8 15.5 -11.5
8.89095e-05 7 16.5 -11.5
4.36308e-05 7 16.5 -12
0.000201503 7.5 16 -12
5.7993e-05 7.5 16 -13
2.23799e-05 8.5 15.5 -3
3.49362e-05 9 15 -3.5
6.78529e-05 8.5 15.5 -3.5
4.23186e-05 9 15 -4
0.00010773 8.5 15.5 -4
3.48323e-05 8 16 -4
4.29031e-05 9 15 -4.5
0.000137856 8.5 15.5 -4.5
6.99246e-05 8 16 -4.5
3.31186e-05 9 15 -5
0.00011811 8 16 -5
0.000162303 8.5 15.5 -5
0.000121113 7.5 16 -12.5
0.000180602 8.5 15.5 -5.5
0.000179765 8 16 -5.5
2.00274e-05 7.5 16.5 -5.5
0.00024078 8 16 -6
0.000197078 8.5 15.5 -6
5.01359e-05 7.5 16.5 -6
0.000294218 8 16 -6.5
0.000199973 8.5 15.5 -6.5
8.61981e-05 7.5 16.5 -6.5
0.000185491 8.5 15.5 -7
0.000136387 7.5 16.5 -7
0.0001579 8.5 15.5 -7.5
0.000338094 8 16 -7
0.000197601 7.5 16.5 -7.5
0.000117026 8.5 15.5 -8
0.000366709 8 16 -7.5
0.000382166 8 16 -8
0.000256518 7.5 16.5 -8
0.000392943 8 16 -8.5
7.623e-05 8.5 15.5 -8.5
0.00030576 7.5 16.5 -8.5
0.000374139 8 16 -9
4.07011e-05 8.5 15.5 -9
0.000337049 7.5 16.5 -9
0.000342739 7.5 16.5 -9.5
0.000304452 7.5 16.5 -10
0.000274958 8 16 -10
0.000258162 7.5 16.5 -10.5
0.000205428 7.5 16.5 -11
0.000131627 8 16 -11
4.22468e-05 8 16 -12
8.94405e-05 7.5 16.5 -12
5.23099e-05 9 15.5 -3
2.42964e-05 8.5 16 -3
7.87812e-05 9 15.5 -3.5
6.72161e-05 8.5 16 -3.5
4.35372e-05 7.5 16.5 -12.5
9.06807e-05 9 15.5 -4
0.000109294 8.5 16 -4
0.000150228 8.5 16 -4.5
9.49707e-05 9 15.5 -4.5
0.000146874 7.5 16.5 -11.5
4.3933e-05 8 16.5 -4.5
0.000186888 8.5 16 -5
8.9906e-05 9 15.5 -5
7.81152e-05 8 16.5 -5
0.000217791 8.5 16 -5.5
7.61574e-05 9 15.5 -5.5
7.882e-05 8 16 -11.5
0.00012606 8 16.5 -5.5
0.000240441 8.5 16 -6
5.69215e-05 9 15.5 -6
0.000188905 8 16.5 -6
0.000259818 8.5 16 -6.5
3.41304e-05 9 15.5 -6.5
0.00025063 8 16.5 -6.5
0.000263786 8.5 16 -7
2.8152e-05 7.5 17 -6.5
0.000295399 8 16.5 -7
0.000199412 8 16 -10.5
4.85776e-05 7.5 17 -7
0.000328277 8 16.5 -7.5
0.000239214 8.5 16 -7.5
7.09551e-05 7.5 17 -7.5
0.000343525 8 16.5 -8
0.000196487 8.5 16 -8
9.64924e-05 7.5 17 -8
0.000116751 7.5 17 -8.5
9.94456e-05 8.5 16 -9
0.000317677 8 16.5 -9
0.000343407 8 16.5 -8.5
0.000124743 7.5 17 -9
0.000288287 8 16.5 -9.5
5.43172e-05 8.5 16 -9.5
0.000113684 7.5 17 -9.5
0.00023425 8 16.5 -10
9.36271e-05 7.5 17 -10
6.96801e-05 7.5 17 -10.5
4.03934e-05 7.5 17 -11
0.000115118 8 16.5 -11
3.52352e-05 8 16.5 -12
3.0416e-05 9.5 15.5 -3
6.34417e-05 9 16 -3
3.52132e-05 9.5 15.5 -3.5
4.48923e-05 8.5 16.5 -3.5
2.69559e-05 9.5 15.5 -4
9.94868e-05 9 16 -3.5
0.000119748 9 16 -4
8.7634e-05 8.5 16.5 -4
0.000133005 8.5 16.5 -4.5
0.000134143 9 16 -4.5
0.00017067 8.5 16.5 -5
0.00014066 9 16 -5
3.1411e-05 8 17 -5
0.000205427 8.5 16.5 -5.5
0.000133041 9 16 -5.5
6.81734e-05 8 16.5 -11.5
6.11816e-05 8 17 -5.5
0.000115264 9 16 -6
0.00023261 8.5 16.5 -6
0.000172258 8 16.5 -10.5
9.2764e-05 8 17 -6
0.000246998 8.5 16.5 -6.5
8.77232e-05 9 16 -6.5
0.00012775 8 17 -6.5
0.000255996 8.5 16.5 -7
5.44892e-05 9 16 -7
0.000167753 8 17 -7
0.000202603 8 17 -7.5
0.000243246 8.5 16.5 -7.5
0.000214344 8 17 -8
0.000215336 8 17 -8.5
0.000195804 8 17 -9
5.84825e-05 8.5 16.5 -10
2.02724e-05 8.5 16.5 -10.5
0.000125483 8 17 -10
4.97721e-05 8 17 -11
4.77677e-05 9 16.5 -3
5.08667e-05 9.5 16 -3
9.01687e-05 9 16.5 -3.5
6.14595e-05 9.5 16 -3.5
0.00011673 9 16.5 -4
5.93734e-05 9.5 16 -4
2.28963e-05 8 17 -11.5
4.1743e-05 8.5 17 -4
4.36348e-05 9.5 16 -4.5
7.16664e-05 8.5 17 -4.5
2.81424e-05 9.5 16 -5
0.000132056 9 16.5 -4.5
0.000147646 9 16.5 -5
8.30212e-05 8 17 -10.5
0.000108646 8.5 17 -5
0.000166816 8 17 -9.5
0.00014585 8.5 17 -5.5
0.000154667 9 16.5 -5.5
0.000172143 8.5 17 -6
0.000153568 9 16.5 -6
0.000190517 8.5 17 -6.5
0.000132794 9 16.5 -6.5
3.16539e-05 8 17.5 -6.5
4.73848e-05 8 17.5 -7
6.69026e-05 9 16.5 -7.5
0.000198348 8.5 17 -7
5.95039e-05 8 17.5 -7.5
3.97148e-05 9 16.5 -8
6.46308e-05 8 17.5 -8
6.37932e-05 8 17.5 -8.5
5.13402e-05 8 17.5 -9
0.000125309 8.5 17 -9
3.59898e-05 8 17.5 -9.5
5.25599e-05 8.5 17 -10
4.47296e-05 9.5 16.5 -3
4.55048e-05 9 17 -3.5
6.76992e-05 9.5 16.5 -3.5
7.99143e-05 9 17 -4
7.26894e-05 9.5 16.5 -4
6.95435e-05 9.5 16.5 -4.5
5.44734e-05 9.5 16.5 -5
0.000105058 9 17 -4.5
0.000122794 9 17 -5
2.72578e-05 8.5 17 -10.5
3.43645e-05 8.5 17.5 -5
0.000133894 9 17 -5.5
3.81048e-05 9.5 16.5 -5.5
5.5312e-05 8.5 17.5 -5.5
0.000137596 9 17 -6
7.34577e-05 8.5 17.5 -6
8.72115e-05 8.5 17.5 -6.5
0.000125141 9 17 -6.5
9.63096e-05 8.5 17.5 -7
0.000107105 9 17 -7
9.94459e-05 8.5 17.5 -7.5
9.31135e-05 8.5 17.5 -8
3.43764e-05 8.5 17.5 -9.5
4.29774e-05 9.5 17 -3.5
2.07093e-05 9 17.5 -4
6.09583e-05 9.5 17 -4
4.02266e-05 9 17.5 -4.5
6.46433e-05 9.5 17 -4.5
5.87129e-05 9 17.5 -5
6.28797e-05 9.5 17 -5
3.75444e-05 9.5 17 -6
7.03336e-05 9 17.5 -5.5
5.34072e-05 9.5 17 -5.5
7.54994e-05 9 17.5 -6
5.43737e-05 8.5 17.5 -9
7.757e-05 8.5 17.5 -8.5
7.77341e-05 9 17.5 -6.5
7.52374e-05 9 17.5 -7
4.52097e-05 9 17.5 -8
2.09451e-05 9.5 17.5 -4
3.18358e-05 9.5 17.5 -4.5
3.65823e-05 9.5 17.5 -5
3.52588e-05 9.5 17.5 -5.5
2.08919e-05 9.5 17.5 -6.5
3.09445e-05 9.5 17.5 -6
2.96941e-05 9 17.5 -8.5
6.26045e-05 9 17.5 -7.5
3.64715e-05 9 17 -8.5
5.96767e-05 9 17 -8
8.75512e-05 9 17 -7.5
8.83897e-05 8.5 17 -9.5
0.000161299 8.5 17 -8.5
0.000185146 8.5 17 -8
0.000193771 8.5 17 -7.5
9.99581e-05 9 16.5 -7
9.85047e-05 8.5 16.5 -9.5
0.000145517 8.5 16.5 -9
0.000191321 8.5 16.5 -8.5
0.000222869 8.5 16.5 -8
2.03527e-05 9 16 -7.5
0.000146201 8.5 16 -8.5
0.0003363 8 16 -9.5
7.92175e-05 8 15.5 -11
0.000211965 8 15.5 -10
0.000283745 8 15.5 -9.5
0.000343413 8 15.5 -9
0.000563461 7.5 15.5 -10
0.000242081 8 15 -8.5
0.000494846 7.5 15 -10.5
0.000544329 7.5 15 -10
4.78011e-05 8 14.5 -9.5
7.7355e-05 8 14.5 -9
0.000238964 7.5 14.5 -11
0.000307398 7.5 14.5 -10.5
0.000339405 7.5 14.5 -10
0.000349834 7.5 14.5 -9.5
0.000733945 7 14.5 -11
0.000683306 7 14.5 -10.5
0.000631907 7 14.5 -10
0.000137631 7.5 14 -10
0.000514828 7 14 -11
0.000236154 7 13.5 -11.5
0.000250129 7 13.5 -11
0.000229551 7 13.5 -10.5
4.20791e-05 7 13 -12
0.000415571 6.5 13 -12
0.000346447 6.5 13 -11.5
0.000249119 6.5 13 -11
0.000144296 6.5 12.5 -12
7.2676e-05 6.5 12.5 -11
3.44602e-05 6.5 12.5 -10.5
0.000356759 6 12.5 -12
3.40615e-05 6.5 12 -12
0.000115193 6 12 -12
4.65455e-05 6 12 -11.5
8.41965e-05 6 11.5 -13
2.2867e-05 6 11.5 -12
2.29878e-05 5.5 11.5 -12
5.10471e-05 5.5 11 -13
