0.779263
4.76268e-05 -5 -10.5 -17
4.37308e-05 -5 -10.5 -18
3.02181e-05 -5 -10.5 -18.5
5.14666e-05 -5 -10.5 -17.5
3.15959e-05 -5 -10.5 -16.5
0.000179064 -4.5 -10 -18
0.00012217 -4.5 -10 -19
6.58299e-05 -4.5 -10 -19.5
0.000164869 -4.5 -10 -18.5
0.000152997 -4.5 -10 -17.5
9.30057e-05 -4.5 -10 -17
3.40494e-05 -4.5 -10 -16.5
3.30701e-05 -5.5 -11.5 -16
8.81354e-05 -4.5 -10.5 -16.5
4.85487e-05 -5 -11 -16
3.50916e-05 -5.5 -11.5 -17
0.00025079 -4.5 -10.5 -17.5
0.000122353 -5 -11 -17
0.00010641 -5 -11 -18
0.000289045 -4.5 -10.5 -18
3.16958e-05 -5 -11 -19
0.000170142 -4.5 -10.5 -19
2.04113e-05 -4.5 -10.5 -20
7.97682e-05 -4.5 -10.5 -19.5
6.88816e-05 -5 -11 -18.5
0.000246297 -4.5 -10.5 -18.5
0.00012986 -5 -11 -17.5
3.85324e-05 -5.5 -11.5 -16.5
0.000176429 -4.5 -10.5 -17
9.18973e-05 -5 -11 -16.5
2.24764e-05 -5.5 -11.5 -15.5
2.45891e-05 -4.5 -10.5 -16
4.48402e-05 -4 -10 -16.5
0.000145406 -4 -10 -17
0.000286648 -4 -10 -17.5
2.9788e-05 -4.5 -9.5 -17
0.00038422 -4 -10 -18
0.000397108 -4 -10 -18.5
7.69121e-05 -4.5 -9.5 -18
5.12477e-05 -4.5 -9.5 -19
0.000343124 -4 -10 -19
0.000107533 -4 -10 -20
2.47028e-05 -4 -10 -20.5
3.26861e-05 -4.5 -9.5 -19.5
0.000236484 -4 -10 -19.5
7.23384e-05 -4.5 -9.5 -18.5
5.91049e-05 -4.5 -9.5 -17.5
3.31493e-05 -5.5 -12 -15
2.82639e-05 -6 -12.5 -15
0.000110718 -5 -11.5 -16
6.51605e-05 -5.5 -12 -15.5
9.50915e-05 -4 -10.5 -16.5
7.02177e-05 -4.5 -11 -16
3.20132e-05 -6 -12.5 -15.5
8.90254e-05 -5.5 -12 -16
2.75996e-05 -6 -12.5 -16
0.000202309 -5 -11.5 -17
9.825e-05 -5.5 -12 -16.5
0.000311072 -4 -10.5 -17.5
0.000266606 -4.5 -11 -17
8.51134e-05 -5.5 -12 -17
0.000376102 -4 -10.5 -18
0.000301786 -4.5 -11 -18
5.44401e-05 -5.5 -12 -17.5
0.00016067 -5 -11.5 -18
0.000303036 -4 -10.5 -19
3.15881e-05 -5.5 -12 -18
0.00015916 -4.5 -11 -19
4.35555e-05 -5 -11.5 -19
6.62034e-05 -4 -10.5 -20
6.62695e-05 -4.5 -11 -19.5
0.000177939 -4 -10.5 -19.5
9.84318e-05 -5 -11.5 -18.5
0.000245423 -4.5 -11 -18.5
0.000375666 -4 -10.5 -18.5
0.000206314 -5 -11.5 -17.5
0.000306764 -4.5 -11 -17.5
0.000172142 -5 -11.5 -16.5
0.000204671 -4 -10.5 -17
0.000162871 -4.5 -11 -16.5
4.96674e-05 -5 -11.5 -15.5
6.49344e-05 -3.5 -10 -17
0.000167767 -3.5 -10 -17.5
7.55503e-05 -4 -9.5 -17
0.000280582 -3.5 -10 -18
0.000358475 -3.5 -10 -18.5
0.000359335 -3.5 -10 -19
0.000368569 -4 -9.5 -18.5
0.000271859 -3.5 -10 -19.5
0.000134678 -3.5 -10 -20
3.77747e-05 -3.5 -10 -20.5
0.000128338 -4 -9.5 -20
4.39983e-05 -4 -9.5 -20.5
0.00025282 -4 -9.5 -19.5
0.000347311 -4 -9.5 -19
0.000300779 -4 -9.5 -18
0.000182131 -4 -9.5 -17.5
2.10883e-05 -6.5 -13.5 -13.5
2.95803e-05 -6 -13 -14
3.57904e-05 -5.5 -12.5 -14.5
4.38264e-05 -5 -12 -15
2.71718e-05 -6.5 -13.5 -14
5.48096e-05 -6 -13 -14.5
8.34603e-05 -5.5 -12.5 -15
0.000130728 -4.5 -11.5 -16
0.000108289 -5 -12 -15.5
3.41727e-05 -4 -11 -16
2.87961e-05 -6.5 -13.5 -14.5
0.000126995 -5.5 -12.5 -15.5
0.000180462 -5 -12 -16
7.19482e-05 -6 -13 -15
7.8602e-05 -6 -13 -15.5
0.000149549 -5.5 -12.5 -16
0.000111897 -3.5 -10.5 -17.5
0.000277091 -4.5 -11.5 -17
0.000226147 -5 -12 -16.5
0.00019059 -4 -11 -17
0.000168688 -3.5 -10.5 -18
0.000158209 -5.5 -12.5 -16.5
0.000243102 -5 -12 -17
6.57947e-05 -6 -13 -16
0.000323117 -4 -11 -18
4.21493e-05 -6 -13 -16.5
0.000131099 -5.5 -12.5 -17
0.000283102 -4.5 -11.5 -18
2.7719e-05 -6 -13 -17
0.000199047 -3.5 -10.5 -19
0.000157339 -5 -12 -18
8.67431e-05 -5.5 -12.5 -17.5
0.000208116 -4 -11 -19
0.000131468 -3.5 -10.5 -19.5
9.0065e-05 -5 -12 -18.5
0.000112284 -4.5 -11.5 -19
5.79068e-05 -3.5 -10.5 -20
3.64466e-05 -5 -12 -19
2.69144e-05 -4 -11 -20
3.96245e-05 -4.5 -11.5 -19.5
9.74156e-05 -4 -11 -19.5
4.61464e-05 -5.5 -12.5 -18
0.000209484 -4.5 -11.5 -18.5
0.000294873 -4 -11 -18.5
0.000214407 -5 -12 -17.5
0.000207526 -3.5 -10.5 -18.5
0.000304221 -4.5 -11.5 -17.5
0.000282859 -4 -11 -17.5
0.000217011 -4.5 -11.5 -16.5
4.82738e-05 -3.5 -10.5 -17
9.55057e-05 -4 -11 -16.5
5.0418e-05 -4.5 -11.5 -15.5
6.66865e-05 -3.5 -9.5 -17
3.36876e-05 -3 -10 -18
0.000192237 -3.5 -9.5 -17.5
5.95611e-05 -3 -10 -18.5
0.000335438 -3.5 -9.5 -18
6.85351e-05 -3 -10 -19
0.000441236 -3.5 -9.5 -18.5
6.29635e-05 -3 -10 -19.5
0.000460688 -3.5 -9.5 -19
3.53404e-05 -3 -10 -20
0.000388139 -3.5 -9.5 -19.5
0.000234464 -3.5 -9.5 -20
2.62418e-05 -3.5 -9.5 -21
4.55865e-05 -4 -9 -20.5
9.57227e-05 -3.5 -9.5 -20.5
0.000118386 -4 -9 -20
0.000188577 -4 -9 -19.5
0.00023529 -4 -9 -19
0.000239464 -4 -9 -18.5
0.000192723 -4 -9 -18
9.82311e-05 -4 -9 -17.5
2.51442e-05 -7 -14.5 -12.5
3.23506e-05 -6.5 -14 -13
3.5252e-05 -6 -13.5 -13.5
3.41944e-05 -5.5 -13 -14
3.21583e-05 -5 -12.5 -14.5
2.72836e-05 -7 -14.5 -13
5.19036e-05 -6.5 -14 -13.5
7.10614e-05 -6 -13.5 -14
8.57143e-05 -5.5 -13 -14.5
9.65452e-05 -5 -12.5 -15
2.08046e-05 -4.5 -12 -15
2.79155e-05 -7 -14.5 -13.5
6.11681e-05 -6.5 -14 -14
0.000103871 -6 -13.5 -14.5
0.000159532 -5 -12.5 -15.5
0.000130808 -4.5 -12 -16
0.000139836 -5.5 -13 -15
3.06762e-05 -4 -11.5 -16
6.33023e-05 -6.5 -14 -14.5
0.00011929 -6 -13.5 -15
0.000172518 -5.5 -13 -15.5
0.000208718 -5 -12.5 -16
3.00833e-05 -3.5 -11 -17
0.000139688 -4 -11.5 -17
5.10233e-05 -6.5 -14 -15
0.000122914 -6 -13.5 -15.5
0.000228649 -5 -12.5 -16.5
0.000254153 -4.5 -12 -17
0.000184767 -5.5 -13 -16
3.80889e-05 -6.5 -14 -15.5
0.000100778 -6 -13.5 -16
0.000169768 -5.5 -13 -16.5
7.39807e-05 -3.5 -11 -18
0.000235153 -5 -12.5 -17
0.000197905 -4 -11.5 -18
2.33265e-05 -6.5 -14 -16
6.85817e-05 -6 -13.5 -16.5
0.000212843 -4.5 -12 -18
0.000189298 -5 -12.5 -17.5
7.68247e-05 -3.5 -11 -19
8.08779e-05 -5.5 -13 -17.5
4.08707e-05 -6 -13.5 -17
9.91834e-05 -4 -11.5 -19
3.30648e-05 -3.5 -11 -19.5
3.86709e-05 -5.5 -13 -18
5.75404e-05 -5 -12.5 -18.5
5.83257e-05 -4.5 -12 -19
2.09047e-05 -5.5 -13 -19
3.0721e-05 -4 -11.5 -19.5
0.00013344 -4.5 -12 -18.5
0.000121324 -5 -12.5 -18
0.000162497 -4 -11.5 -18.5
0.000129895 -5.5 -13 -17
8.62989e-05 -3.5 -11 -18.5
0.000263212 -4.5 -12 -17.5
0.000186295 -4 -11.5 -17.5
5.86266e-05 -3.5 -11 -17.5
0.000210605 -4.5 -12 -16.5
7.87703e-05 -4 -11.5 -16.5
6.45403e-05 -4.5 -12 -15.5
2.70899e-05 -4 -9 -17
3.06347e-05 -3 -9.5 -17.5
3.64681e-05 -3.5 -9 -17
7.59691e-05 -3 -9.5 -18
0.000140607 -3.5 -9 -17.5
0.00014804 -3 -9.5 -18.5
0.000324769 -3.5 -9 -18
0.000176357 -3 -9.5 -19
0.000453092 -3.5 -9 -18.5
0.000171693 -3 -9.5 -19.5
0.000494079 -3.5 -9 -19
0.00013942 -3 -9.5 -20
9.26127e-05 -4 -8.5 -19.5
0.000436463 -3.5 -9 -19.5
6.40537e-05 -3 -9.5 -20.5
4.52847e-05 -3.5 -9 -21
2.13182e-05 -4 -8.5 -20.5
0.000153994 -3.5 -9 -20.5
5.45609e-05 -4 -8.5 -20
0.000308429 -3.5 -9 -20
0.000113913 -4 -8.5 -19
0.00011318 -4 -8.5 -18.5
7.65742e-05 -4 -8.5 -18
2.19702e-05 -7.5 -15.5 -11
2.54192e-05 -7 -15 -11.5
2.02904e-05 -6.5 -14.5 -12
2.57933e-05 -7.5 -15.5 -11.5
3.99887e-05 -7 -15 -12
4.21595e-05 -6.5 -14.5 -12.5
3.69899e-05 -6 -14 -13
2.89266e-05 -5.5 -13.5 -13.5
5.01392e-05 -7 -15 -12.5
2.77125e-05 -7.5 -15.5 -12
6.59087e-05 -6.5 -14.5 -13
7.72559e-05 -6 -14 -13.5
7.94595e-05 -5.5 -13.5 -14
5.08998e-05 -5 -13 -14.5
2.57966e-05 -7.5 -15.5 -12.5
5.35957e-05 -7 -15 -13
8.84176e-05 -6.5 -14.5 -13.5
0.000115988 -6 -14 -14
0.000126211 -5.5 -13.5 -14.5
5.0245e-05 -7 -15 -13.5
9.7719e-05 -6.5 -14.5 -14
0.000134713 -6 -14 -14.5
0.000162296 -5.5 -13.5 -15
2.25798e-05 -4 -12 -16
0.000158811 -5 -13 -15.5
5.8749e-05 -4.5 -12.5 -15.5
3.96232e-05 -7 -15 -14
9.30716e-05 -6.5 -14.5 -14.5
0.000142462 -6 -14 -15
4.7321e-05 -4 -12 -16.5
0.000176457 -5.5 -13.5 -15.5
0.000154597 -4.5 -12.5 -16.5
7.7414e-05 -6.5 -14.5 -15
2.77574e-05 -7 -15 -14.5
0.000128459 -6 -14 -15.5
0.000180876 -5.5 -13.5 -16
0.000208804 -5 -13 -16.5
0.000172501 -4.5 -12.5 -17
7.45185e-05 -4 -12 -17
5.39725e-05 -6.5 -14.5 -15.5
9.9672e-05 -6 -14 -16
0.000148175 -5.5 -13.5 -16.5
3.13343e-05 -6.5 -14.5 -16
6.45886e-05 -6 -14 -16.5
0.000127144 -5 -13 -17.5
0.000100186 -5.5 -13.5 -17
8.80134e-05 -4 -12 -18
0.000159104 -4.5 -12.5 -17.5
3.51979e-05 -6 -14 -17
2.85121e-05 -5 -13 -18.5
2.77873e-05 -4 -12 -19
5.97197e-05 -4.5 -12.5 -18.5
2.05243e-05 -4 -12 -19.5
2.18389e-05 -5 -13 -19
6.57026e-05 -5 -13 -18
5.28241e-05 -5.5 -13.5 -17.5
5.94757e-05 -4 -12 -18.5
0.000115345 -4.5 -12.5 -18
0.000183757 -5 -13 -17
9.14188e-05 -4 -12 -17.5
0.000195448 -5 -13 -16
0.000108429 -4.5 -12.5 -16
0.000101853 -5 -13 -15
2.22757e-05 -4.5 -12.5 -15
2.83426e-05 -4 -8.5 -17.5
4.40122e-05 -3 -9 -17.5
0.000134262 -3 -9 -18
0.000272842 -3 -9 -18.5
0.00021354 -3.5 -8.5 -18
0.00033949 -3 -9 -19
0.000341017 -3 -9 -19.5
0.000286192 -3 -9 -20
2.02369e-05 -4 -8 -19.5
0.000434077 -3.5 -8.5 -19.5
0.000161952 -3 -9 -20.5
5.52681e-05 -3 -9 -21
7.13081e-05 -3.5 -8.5 -21
0.000188777 -3.5 -8.5 -20.5
0.000340926 -3.5 -8.5 -20
2.04009e-05 -8 -16.5 -10
3.03772e-05 -7.5 -16 -10.5
2.99893e-05 -7 -15.5 -11
2.04296e-05 -6.5 -15 -11.5
2.80399e-05 -8 -16.5 -10.5
4.20126e-05 -7.5 -16 -11
4.91158e-05 -7 -15.5 -11.5
4.66142e-05 -6.5 -15 -12
3.41346e-05 -6 -14.5 -12.5
2.50106e-05 -4 -8 -19
0.000435212 -3.5 -8.5 -19
2.67167e-05 -8 -16.5 -11
4.55946e-05 -7.5 -16 -11.5
7.40924e-05 -6.5 -15 -12.5
7.07312e-05 -6 -14.5 -13
6.17368e-05 -7 -15.5 -12
4.49445e-05 -5.5 -14 -13.5
2.17633e-05 -8 -16.5 -11.5
7.07853e-05 -7 -15.5 -12.5
4.42093e-05 -7.5 -16 -12
9.25961e-05 -6.5 -15 -13
0.000102191 -6 -14.5 -13.5
8.13253e-05 -5.5 -14 -14
3.87749e-05 -7.5 -16 -12.5
7.30319e-05 -7 -15.5 -13
9.94266e-05 -6.5 -15 -13.5
0.000124716 -5.5 -14 -14.5
2.93459e-05 -7.5 -16 -13
6.37126e-05 -7 -15.5 -13.5
0.000102839 -6.5 -15 -14
4.07744e-05 -4.5 -13 -15.5
0.000151719 -5.5 -14 -15
0.000134002 -6 -14.5 -14.5
8.82275e-05 -5 -13.5 -15
5.05549e-05 -7 -15.5 -14
0.000136132 -6 -14.5 -15
9.3263e-05 -6.5 -15 -14.5
0.00016095 -5.5 -14 -15.5
6.71393e-05 -4.5 -13 -16
3.36662e-05 -7 -15.5 -14.5
7.37597e-05 -6.5 -15 -15
2.77153e-05 -4 -12.5 -17
0.000110336 -6 -14.5 -15.5
0.000142845 -5.5 -14 -16
0.000136455 -5 -13.5 -16.5
8.26587e-05 -4.5 -13 -16.5
2.8442e-05 -4 -12.5 -17.5
7.73821e-05 -6 -14.5 -16
0.000101946 -5.5 -14 -16.5
4.72443e-05 -6.5 -15 -15.5
7.05711e-05 -4.5 -13 -17.5
0.000101945 -5 -13.5 -17
2.47338e-05 -6.5 -15 -16
4.23951e-05 -6 -14.5 -16.5
5.69204e-05 -5.5 -14 -17
2.00347e-05 -5 -13.5 -18
2.00419e-05 -5.5 -14 -17.5
3.61467e-05 -4.5 -13 -18
5.78961e-05 -5 -13.5 -17.5
8.71592e-05 -4.5 -13 -17
0.000137852 -5 -13.5 -16
0.000124341 -5 -13.5 -15.5
0.000123741 -6 -14.5 -14
4.76198e-05 -5 -13.5 -14.5
2.59954e-05 -4 -8 -18.5
0.000354944 -3.5 -8.5 -18.5
7.14311e-05 -3.5 -8.5 -17.5
5.04309e-05 -3 -8.5 -17.5
0.000164788 -3 -8.5 -18
2.38277e-05 -2.5 -9 -19
0.000360138 -3 -8.5 -18.5
0.000111578 -3.5 -8 -18
3.20403e-05 -2.5 -9 -19.5
0.000486067 -3 -8.5 -19
2.95903e-05 -2.5 -9 -20
0.000509511 -3 -8.5 -19.5
0.000443721 -3 -8.5 -20
0.000314974 -3.5 -8 -19.5
0.000123194 -3 -8.5 -21
0.000185881 -3.5 -8 -20.5
7.85536e-05 -3.5 -8 -21
2.00641e-05 -8 -17 -9.5
3.121e-05 -7.5 -16.5 -10
0.000294774 -3 -8.5 -20.5
0.000274101 -3.5 -8 -20
3.19379e-05 -8 -17 -10
4.57513e-05 -7.5 -16.5 -10.5
5.12394e-05 -7 -16 -11
3.88756e-05 -6.5 -15.5 -11.5
3.36808e-05 -8 -17 -10.5
4.99176e-05 -7.5 -16.5 -11
6.32152e-05 -7 -16 -11.5
4.07346e-05 -6 -15 -12.5
6.2343e-05 -6.5 -15.5 -12
2.83541e-05 -8 -17 -11
5.13398e-05 -7.5 -16.5 -11.5
7.9141e-05 -6.5 -15.5 -12.5
6.96385e-05 -7 -16 -12
6.88092e-05 -6 -15 -13
4.1651e-05 -5.5 -14.5 -13.5
2.00857e-05 -8 -17 -11.5
4.52852e-05 -7.5 -16.5 -12
7.07215e-05 -7 -16 -12.5
9.09686e-05 -6.5 -15.5 -13
9.78909e-05 -6 -15 -13.5
7.07117e-05 -5.5 -14.5 -14
3.76642e-05 -7.5 -16.5 -12.5
6.91882e-05 -7 -16 -13
9.60409e-05 -6.5 -15.5 -13.5
0.000112518 -6 -15 -14
9.60162e-05 -5.5 -14.5 -14.5
3.49143e-05 -5 -14 -14.5
2.80168e-05 -7.5 -16.5 -13
5.8287e-05 -7 -16 -13.5
9.07676e-05 -6.5 -15.5 -14
7.33555e-05 -6.5 -15.5 -14.5
4.23028e-05 -7 -16 -14
0.000101284 -6 -15 -15
2.68282e-05 -4.5 -13.5 -16
6.96274e-05 -5 -14 -15.5
0.000105022 -5.5 -14.5 -15
2.61523e-05 -7 -16 -14.5
2.89047e-05 -4.5 -13.5 -16.5
5.05827e-05 -6.5 -15.5 -15
8.0887e-05 -5.5 -14.5 -16
2.88396e-05 -6.5 -15.5 -15.5
4.39703e-05 -6 -15 -16
4.63824e-05 -5.5 -14.5 -16.5
5.90902e-05 -5 -14 -16.5
3.55896e-05 -5 -14 -17
7.25032e-05 -6 -15 -15.5
7.27289e-05 -5 -14 -16
0.000108887 -5.5 -14.5 -15.5
0.000117688 -6 -15 -14.5
5.67265e-05 -5 -14 -15
0.000313397 -3.5 -8 -19
0.000240406 -3.5 -8 -18.5
2.59762e-05 -3.5 -8 -17.5
2.009e-05 -2.5 -8.5 -18
3.60528e-05 -3 -8 -17.5
5.57575e-05 -2.5 -8.5 -18.5
0.000162742 -3 -8 -18
9.25325e-05 -2.5 -8.5 -19
0.000365458 -3 -8 -18.5
3.47285e-05 -3.5 -7.5 -18
0.000117711 -2.5 -8.5 -19.5
0.000523003 -3 -8 -19
0.000128192 -2.5 -8.5 -20
0.000561948 -3 -8 -19.5
0.000105973 -2.5 -8.5 -20.5
0.000524527 -3 -8 -20
0.000171625 -3.5 -7.5 -19.5
5.65704e-05 -2.5 -8.5 -21
0.000206978 -3 -8 -21
0.000105483 -3.5 -7.5 -20.5
5.12775e-05 -3 -8 -21.5
4.85994e-05 -3.5 -7.5 -21
2.46001e-05 -8 -17.5 -9.5
3.84551e-05 -7.5 -17 -10
3.31325e-05 -7 -16.5 -10.5
0.000402259 -3 -8 -20.5
2.93181e-05 -8 -17.5 -10
4.47169e-05 -7.5 -17 -10.5
5.07815e-05 -7 -16.5 -11
3.86153e-05 -6.5 -16 -11.5
2.85839e-05 -8 -17.5 -10.5
4.68509e-05 -7.5 -17 -11
6.02976e-05 -7 -16.5 -11.5
3.6788e-05 -6 -15.5 -12.5
5.58505e-05 -6.5 -16 -12
2.36947e-05 -8 -17.5 -11
4.29164e-05 -7.5 -17 -11.5
6.37895e-05 -7 -16.5 -12
7.06457e-05 -6.5 -16 -12.5
5.43559e-05 -6 -15.5 -13
3.57164e-05 -7.5 -17 -12
6.15794e-05 -7 -16.5 -12.5
7.64964e-05 -6.5 -16 -13
6.96149e-05 -6 -15.5 -13.5
2.6735e-05 -7.5 -17 -12.5
5.1636e-05 -7 -16.5 -13
7.22793e-05 -6.5 -16 -13.5
7.53748e-05 -6 -15.5 -14
3.79817e-05 -7 -16.5 -13.5
6.91933e-05 -6 -15.5 -14.5
5.66843e-05 -6.5 -16 -14
2.04971e-05 -5 -14.5 -15.5
5.45415e-05 -5.5 -15 -15
2.64005e-05 -7 -16.5 -14
3.86175e-05 -6.5 -16 -14.5
5.05583e-05 -6 -15.5 -15
2.82024e-05 -6 -15.5 -15.5
3.26515e-05 -5.5 -15 -16
2.00129e-05 -6.5 -16 -15
2.12793e-05 -7.5 -17 -14.5
2.01111e-05 -6 -15.5 -16.5
2.2301e-05 -5.5 -15 -16.5
4.50696e-05 -5.5 -15 -15.5
5.23517e-05 -5.5 -15 -14.5
4.46793e-05 -5.5 -15 -14
2.95905e-05 -5.5 -15 -13.5
0.000155225 -3.5 -7.5 -20
0.000161466 -3.5 -7.5 -19
0.000102435 -3.5 -7.5 -18.5
3.67799e-05 -2.5 -8 -18
0.000110305 -2.5 -8 -18.5
0.000207485 -2.5 -8 -19
0.000259188 -3 -7.5 -18.5
0.000286777 -2.5 -8 -19.5
0.000309714 -2.5 -8 -20
0.000269185 -2.5 -8 -20.5
0.000157991 -2.5 -8 -21
0.000439188 -3 -7.5 -20.5
5.35628e-05 -2.5 -8 -21.5
8.6522e-05 -3 -7.5 -21.5
2.97005e-05 -7.5 -17.5 -10
2.9564e-05 -7 -17 -10.5
3.38153e-05 -7.5 -17.5 -10.5
4.02509e-05 -7 -17 -11
3.19908e-05 -7.5 -17.5 -11
4.44496e-05 -7 -17 -11.5
3.26004e-05 -6.5 -16.5 -11.5
4.11582e-05 -6.5 -16.5 -12
2.04894e-05 -8.5 -18.5 -10.5
2.81446e-05 -7.5 -17.5 -11.5
4.13558e-05 -7 -17 -12
4.72925e-05 -6.5 -16.5 -12.5
2.35125e-05 -7.5 -17.5 -12
3.33711e-05 -7 -17 -12.5
4.72267e-05 -6.5 -16.5 -13
3.03561e-05 -6 -16 -13
2.08318e-05 -7 -17 -13
3.64592e-05 -6.5 -16.5 -13.5
3.39203e-05 -6 -16 -13.5
2.15033e-05 -8 -18 -12.5
2.42245e-05 -6.5 -16.5 -14
2.01127e-05 -7 -17 -14.5
2.67336e-05 -6 -16 -14
0.000259716 -3 -7.5 -21
3.32444e-05 -3.5 -7 -20.5
4.12447e-05 -3.5 -7 -20
0.000539526 -3 -7.5 -20
4.34876e-05 -3.5 -7 -19.5
0.000561801 -3 -7.5 -19.5
3.97367e-05 -3.5 -7 -19
0.000474476 -3 -7.5 -19
2.39548e-05 -3.5 -7 -18.5
8.29429e-05 -3 -7.5 -18
4.86324e-05 -2.5 -7.5 -18
0.000167553 -2.5 -7.5 -18.5
0.000336399 -2.5 -7.5 -19
0.000501336 -2.5 -7.5 -19.5
0.000547997 -2.5 -7.5 -20
0.00050322 -2.5 -7.5 -20.5
0.000327987 -2.5 -7.5 -21
0.000419799 -3 -7 -20.5
0.000134314 -2.5 -7.5 -21.5
9.81514e-05 -3 -7 -21.5
2.02764e-05 -7.5 -18 -12.5
0.000266501 -3 -7 -21
0.000454408 -3 -7 -20
0.000432496 -3 -7 -19.5
0.000308275 -3 -7 -19
0.00014788 -3 -7 -18.5
3.68319e-05 -3 -7 -18
4.72871e-05 -2.5 -7 -18
2.60318e-05 -2 -7.5 -19
0.000185104 -2.5 -7 -18.5
4.8959e-05 -2 -7.5 -19.5
0.000398916 -2.5 -7 -19
6.70599e-05 -2 -7.5 -20
0.000628433 -2.5 -7 -19.5
7.23436e-05 -2 -7.5 -20.5
0.000710144 -2.5 -7 -20
6.46554e-05 -2 -7.5 -21
4.12776e-05 -2 -7.5 -21.5
0.000484531 -2.5 -7 -21
0.000244129 -3 -6.5 -20.5
0.000224021 -2.5 -7 -21.5
4.32094e-05 -2.5 -7 -22
7.20609e-05 -3 -6.5 -21.5
0.000170838 -3 -6.5 -21
0.00067357 -2.5 -7 -20.5
0.000268314 -3 -6.5 -20
0.000254706 -3 -6.5 -19.5
0.000163897 -3 -6.5 -19
6.18886e-05 -3 -6.5 -18.5
2.41186e-05 -2 -7 -18.5
2.2308e-05 -2.5 -6.5 -18
8.11856e-05 -2 -7 -19
0.000123088 -2.5 -6.5 -18.5
0.000160015 -2 -7 -19.5
0.000365553 -2.5 -6.5 -19
0.000225412 -2 -7 -20
0.000645054 -2.5 -6.5 -19.5
4.86559e-05 -3 -6 -19
0.000239072 -2 -7 -20.5
0.000222991 -2 -7 -21
8.52045e-05 -3 -6 -20.5
0.000136956 -2 -7 -21.5
4.65098e-05 -2 -7 -22
0.000290152 -2.5 -6.5 -21.5
7.05771e-05 -2.5 -6.5 -22
2.73479e-05 -3 -6 -21.5
5.87783e-05 -3 -6 -21
0.000557557 -2.5 -6.5 -21
0.000736454 -2.5 -6.5 -20.5
9.35807e-05 -3 -6 -20
0.000768414 -2.5 -6.5 -20
8.62605e-05 -3 -6 -19.5
4.64967e-05 -2 -6.5 -18.5
0.000174943 -2 -6.5 -19
0.000368668 -2 -6.5 -19.5
0.000240261 -2.5 -6 -19
0.000519 -2 -6.5 -20
0.000540501 -2 -6.5 -20.5
0.000497007 -2 -6.5 -21
0.000310074 -2 -6.5 -21.5
0.000102298 -2 -6.5 -22
0.000310294 -2.5 -6 -21.5
8.16889e-05 -2.5 -6 -22
0.000563632 -2.5 -6 -21
0.000672049 -2.5 -6 -20.5
0.00066623 -2.5 -6 -20
0.000501819 -2.5 -6 -19.5
6.44477e-05 -2.5 -6 -18.5
6.21857e-05 -2 -6 -18.5
0.000255712 -2 -6 -19
0.000827363 -2 -6 -20
0.000863796 -2 -6 -20.5
0.000780352 -2 -6 -21
0.000502982 -2 -6 -21.5
0.000173118 -2 -6 -22
7.19702e-05 -2.5 -5.5 -22
0.000211186 -2.5 -5.5 -21.5
0.000355377 -2.5 -5.5 -21
0.000424549 -2.5 -5.5 -20.5
0.000433572 -2.5 -5.5 -20
0.000330257 -2.5 -5.5 -19.5
0.000575209 -2 -6 -19.5
0.000146005 -2.5 -5.5 -19
3.225e-05 -2.5 -5.5 -18.5
6.05403e-05 -2 -5.5 -18.5
4.87678e-05 -1.5 -6 -19.5
0.000271035 -2 -5.5 -19
0.000105362 -1.5 -6 -20
0.000155075 -1.5 -6 -20.5
0.000164068 -1.5 -6 -21
0.000965748 -2 -5.5 -20.5
0.000187277 -2.5 -5 -20
0.000144199 -1.5 -6 -21.5
0.000877718 -2 -5.5 -21
8.41353e-05 -1.5 -6 -22
2.7277e-05 -2 -5.5 -22.5
3.3368e-05 -2.5 -5 -22
0.000230438 -2 -5.5 -22
8.62892e-05 -2.5 -5 -21.5
0.000594611 -2 -5.5 -21.5
0.000152507 -2.5 -5 -21
0.000183746 -2.5 -5 -20.5
0.000928774 -2 -5.5 -20
0.000131983 -2.5 -5 -19.5
0.000639655 -2 -5.5 -19.5
4.73675e-05 -2.5 -5 -19
6.05877e-05 -1.5 -5.5 -19
0.000184379 -1.5 -5.5 -19.5
0.000187858 -2 -5 -19
0.000354409 -1.5 -5.5 -20
0.000477604 -1.5 -5.5 -20.5
0.000482255 -1.5 -5.5 -21
0.000888328 -2 -5 -20.5
2.52525e-05 -2.5 -4.5 -20
0.000393094 -1.5 -5.5 -21.5
0.000831467 -2 -5 -21
0.000197137 -1.5 -5.5 -22
4.01237e-05 -1.5 -5.5 -22.5
3.37737e-05 -2 -5 -22.5
0.000252388 -2 -5 -22
0.000596923 -2 -5 -21.5
2.04676e-05 -2.5 -4.5 -21
2.38179e-05 -2.5 -4.5 -20.5
0.000874443 -2 -5 -20
0.000549317 -2 -5 -19.5
3.48193e-05 -2 -5 -18.5
2.33353e-05 -1.5 -5 -18.5
0.000120034 -1.5 -5 -19
0.000374761 -1.5 -5 -19.5
0.000706894 -1.5 -5 -20
0.000895387 -1.5 -5 -20.5
0.000882306 -1.5 -5 -21
0.000565809 -2 -4.5 -20.5
0.000701963 -1.5 -5 -21.5
0.000341095 -1.5 -5 -22
0.000403203 -2 -4.5 -21.5
6.53745e-05 -1.5 -5 -22.5
0.000195212 -2 -4.5 -22
3.89851e-05 -2 -4.5 -22.5
0.000536175 -2 -4.5 -21
0.00051933 -2 -4.5 -20
0.000300802 -2 -4.5 -19.5
9.76532e-05 -2 -4.5 -19
2.69974e-05 -1.5 -4.5 -18.5
0.000472963 -1.5 -4.5 -19.5
0.000894255 -1.5 -4.5 -20
0.000117609 -2 -4 -19.5
3.34138e-05 -1 -5 -21
3.82623e-05 -1 -5 -21.5
2.992e-05 -1 -5 -22
0.000862249 -1.5 -4.5 -21.5
0.000109949 -1.5 -4.5 -22.5
2.73642e-05 -2 -4 -22.5
9.59703e-05 -2 -4 -22
0.000457648 -1.5 -4.5 -22
0.00018072 -2 -4 -21.5
0.000229955 -2 -4 -21
0.0010564 -1.5 -4.5 -21
0.000241706 -2 -4 -20.5
0.00108164 -1.5 -4.5 -20.5
0.000216498 -2 -4 -20
3.27442e-05 -2 -4 -19
0.000143833 -1.5 -4.5 -19
5.38832e-05 -1 -4.5 -19.5
0.000146512 -1 -4.5 -20
0.000226137 -1 -4.5 -20.5
0.000864214 -1.5 -4 -20
0.000239145 -1 -4.5 -21
0.00022201 -1 -4.5 -21.5
0.00015353 -1 -4.5 -22
5.85094e-05 -1 -4.5 -22.5
0.00015073 -1.5 -4 -22.5
2.06337e-05 -1.5 -4 -23
0.000489274 -1.5 -4 -22
3.34769e-05 -2 -3.5 -21.5
0.000872895 -1.5 -4 -21.5
3.97363e-05 -2 -3.5 -21
0.00104386 -1.5 -4 -21
4.07553e-05 -2 -3.5 -20.5
0.00106341 -1.5 -4 -20.5
3.29092e-05 -2 -3.5 -20
0.000429165 -1.5 -4 -19.5
0.00011202 -1.5 -4 -19
3.51245e-05 -1 -4 -19
0.000167842 -1 -4 -19.5
0.000407863 -1 -4 -20
0.000590635 -1 -4 -20.5
0.000607448 -1 -4 -21
0.00037837 -1 -4 -22
0.00014338 -1 -4 -22.5
0.000419143 -1.5 -3.5 -22
2.89609e-05 -1 -4 -23
2.47575e-05 -1.5 -3.5 -23
0.000176014 -1.5 -3.5 -22.5
0.000604899 -1.5 -3.5 -21.5
0.000560681 -1 -4 -21.5
0.000656209 -1.5 -3.5 -21
0.000644546 -1.5 -3.5 -20.5
0.000446912 -1.5 -3.5 -20
0.000184829 -1.5 -3.5 -19.5
4.00442e-05 -1.5 -3.5 -19
5.60925e-05 -1 -3.5 -19
0.000249371 -1 -3.5 -19.5
0.000606956 -1 -3.5 -20
0.000982633 -1 -3.5 -21
0.000671999 -1 -3.5 -22
0.000353476 -1.5 -3 -21.5
0.000312443 -1 -3.5 -22.5
0.000260293 -1.5 -3 -22
2.80046e-05 -1.5 -3 -23
5.99578e-05 -1 -3.5 -23
0.000117771 -1.5 -3 -22.5
0.00092882 -1 -3.5 -21.5
0.000371146 -1.5 -3 -21
0.000344576 -1.5 -3 -20.5
0.00092721 -1 -3.5 -20.5
0.000209189 -1.5 -3 -20
7.70532e-05 -1.5 -3 -19.5
0.000647538 -1 -3 -20
0.00110405 -1 -3 -20.5
0.00126801 -1 -3 -21
0.000116154 -1.5 -2.5 -21.5
0.000522674 -1 -3 -22.5
0.00012031 -1 -3 -23
3.24482e-05 -1.5 -2.5 -22.5
8.15327e-05 -1.5 -2.5 -22
0.000984963 -1 -3 -22
0.00123351 -1 -3 -21.5
0.000121119 -1.5 -2.5 -21
0.000104112 -1.5 -2.5 -20.5
5.48374e-05 -1.5 -2.5 -20
0.000248134 -1 -3 -19.5
5.29358e-05 -1 -3 -19
5.56049e-05 -0.5 -3 -21
0.000102083 -0.5 -3 -21.5
0.00148873 -1 -2.5 -21
0.000149557 -0.5 -3 -22
0.000143155 -0.5 -3 -22.5
9.25612e-05 -0.5 -3 -23
2.17855e-05 -0.5 -3 -23.5
0.000138977 -1 -2.5 -23
0.000611793 -1 -2.5 -22.5
0.00114873 -1 -2.5 -22
0.0014372 -1 -2.5 -21.5
0.00127289 -1 -2.5 -20.5
0.00067961 -1 -2.5 -20
0.000203499 -1 -2.5 -19.5
4.08134e-05 -1 -2.5 -19
2.37189e-05 -0.5 -2.5 -19
0.00012273 -0.5 -2.5 -19.5
0.000443179 -0.5 -2.5 -20
0.000937639 -0.5 -2.5 -20.5
0.00138442 -0.5 -2.5 -21
0.0014639 -0.5 -2.5 -21.5
0.00132808 -0.5 -2.5 -22
0.000822693 -0.5 -2.5 -22.5
7.90186e-05 -1 -2 -23
0.000245758 -0.5 -2.5 -23
0.000382638 -1 -2 -22.5
0.000750258 -1 -2 -22
0.000946722 -1 -2 -21.5
0.000979641 -1 -2 -21
0.000846989 -1 -2 -20.5
0.000464963 -1 -2 -20
0.000153593 -1 -2 -19.5
3.15173e-05 -1 -2 -19
9.4247e-05 -0.5 -2 -19
0.000475456 -0.5 -2 -19.5
0.00151893 -0.5 -2 -20
0.002869 -0.5 -2 -20.5
0.000296325 -0.5 -2 -23
8.68886e-05 -1 -1.5 -22.5
0.00143623 -0.5 -2 -22.5
0.000175318 -1 -1.5 -22
0.00275484 -0.5 -2 -22
0.000228509 -1 -1.5 -21.5
0.00339192 -0.5 -2 -21.5
0.000239429 -1 -1.5 -21
0.00347262 -0.5 -2 -21
0.000215022 -1 -1.5 -20.5
0.000120901 -1 -1.5 -20
3.94167e-05 -1 -1.5 -19.5
2.04291e-05 -0.5 -1.5 -18.5
0.00388752 -0.5 -1.5 -21.5
0.00306038 -0.5 -1.5 -22
0.00151925 -0.5 -1.5 -22.5
0.000253585 -0.5 -1.5 -23
0.00401959 -0.5 -1.5 -21
0.00348215 -0.5 -1.5 -20.5
0.0018942 -0.5 -1.5 -20
0.000594952 -0.5 -1.5 -19.5
0.000117217 -0.5 -1.5 -19
0.000323821 -0.5 -1 -19.5
0.00106412 -0.5 -1 -20
0.00188536 -0.5 -1 -20.5
0.00203918 -0.5 -1 -21
8.61368e-05 -0.5 -1 -23
0.000626397 -0.5 -1 -22.5
0.00141143 -0.5 -1 -22
0.00193035 -0.5 -1 -21.5
6.16364e-05 -0.5 -1 -19
5.61175e-05 -0.5 -0.5 -22.5
0.000122011 -0.5 -0.5 -22
0.000165272 -0.5 -0.5 -21.5
0.000174702 -0.5 -0.5 -21
0.000159566 -0.5 -0.5 -20.5
8.57187e-05 -0.5 -0.5 -20
2.34106e-05 -0.5 -0.5 -19.5
0.000461152 0 0 -19.5
0.00159189 0 0 -20
0.00320072 0 0 -20.5
0.00415238 0 0 -21
0.00414016 0 0 -21.5
0.00364058 0 0 -22
0.00226443 0 0 -22.5
0.00075277 0 0 -23
3.73109e-05 0 0 -23.5
9.18358e-05 0 0 -19
0.000104794 0 0.5 -19
0.000582122 0 0.5 -23
0.0021234 0 0.5 -22.5
0.00364636 0 0.5 -22
0.00427185 0 0.5 -21.5
0.00432713 0 0.5 -21
0.0034742 0 0.5 -20.5
0.00178685 0 0.5 -20
0.000533692 0 0.5 -19.5
7.0703e-05 0.5 0.5 -19.5
0.000236139 0.5 0.5 -20
0.000185982 0 1 -19.5
0.000477077 0.5 0.5 -22
0.00138167 0 1 -21.5
0.000112921 0 1 -23
8.14884e-05 0.5 0.5 -23
0.000579496 0 1 -22.5
0.000280709 0.5 0.5 -22.5
0.00112966 0 1 -22
0.000563245 0.5 0.5 -21.5
0.00141249 0 1 -21
0.000573264 0.5 0.5 -21
0.0011776 0 1 -20.5
0.000462006 0.5 0.5 -20.5
0.000619811 0 1 -20
3.53545e-05 0 1 -19
0.000201273 0.5 1 -19.5
0.00143729 0.5 1 -21.5
0.000700169 0.5 1 -22.5
0.000191907 0.5 1 -23
0.00119705 0.5 1 -22
2.26565e-05 0 1.5 -21.5
2.24123e-05 0 1.5 -21
0.00147289 0.5 1 -21
0.00124669 0.5 1 -20.5
0.000660533 0.5 1 -20
4.00106e-05 0.5 1 -19
3.76668e-05 1 1 -20
6.95633e-05 1 1 -20.5
0.00104234 0.5 1.5 -20
7.99101e-05 1 1 -21
0.00181921 0.5 1.5 -20.5
7.72325e-05 1 1 -21.5
0.0020318 0.5 1.5 -21
6.2976e-05 1 1 -22
3.4458e-05 1 1 -22.5
0.00154071 0.5 1.5 -22
0.000154217 0.5 1.5 -23
0.000774404 0.5 1.5 -22.5
0.00196342 0.5 1.5 -21.5
0.000349367 0.5 1.5 -19.5
6.95035e-05 0.5 1.5 -19
7.82374e-05 1 1.5 -19.5
0.000231124 1 1.5 -20
0.000397327 1 1.5 -20.5
0.000432672 1 1.5 -21
0.000319066 1 1.5 -22
0.00181667 0.5 2 -21.5
0.000163467 1 1.5 -22.5
3.57958e-05 1 1.5 -23
0.000671195 0.5 2 -22.5
0.000106727 0.5 2 -23
0.00140113 0.5 2 -22
0.000413596 1 1.5 -21.5
0.00188584 0.5 2 -21
0.00171222 0.5 2 -20.5
0.00100568 0.5 2 -20
0.000348908 0.5 2 -19.5
7.10559e-05 0.5 2 -19
0.000212497 1 2 -19.5
4.27722e-05 0.5 2.5 -19
0.000991452 1 2 -20.5
0.00106015 1 2 -21
0.000978844 0.5 2.5 -20.5
0.00101172 1 2 -21.5
0.000766425 1 2 -22
0.000372387 1 2 -22.5
0.000813801 0.5 2.5 -22
5.4968e-05 0.5 2.5 -23
6.7237e-05 1 2 -23
0.000382644 0.5 2.5 -22.5
0.00105786 0.5 2.5 -21.5
0.00109394 0.5 2.5 -21
0.000576616 0.5 2.5 -20
0.000596169 1 2 -20
0.000206916 0.5 2.5 -19.5
4.48416e-05 1 2 -19
9.01273e-05 1 2.5 -19
2.14573e-05 1.5 2 -20
3.64516e-05 1.5 2 -20.5
0.00127215 1 2.5 -20
3.92199e-05 1.5 2 -21
0.00193489 1 2.5 -20.5
3.71457e-05 1.5 2 -21.5
0.00198566 1 2.5 -21
2.79665e-05 1.5 2 -22
0.00127318 1 2.5 -22
5.33859e-05 1 2.5 -23
2.28498e-05 0.5 3 -23
0.000113388 0.5 3 -22.5
0.000518194 1 2.5 -22.5
0.000226891 0.5 3 -22
0.000286269 0.5 3 -21.5
0.00184207 1 2.5 -21.5
0.00029285 0.5 3 -21
0.000246043 0.5 3 -20.5
0.000140405 0.5 3 -20
4.93089e-05 0.5 3 -19.5
0.000454504 1 2.5 -19.5
2.55204e-05 1 3 -18.5
7.90897e-05 1.5 2.5 -19.5
0.000222537 1.5 2.5 -20
0.000604186 1 3 -19.5
0.000335889 1.5 2.5 -20.5
0.000340212 1.5 2.5 -21
0.000311639 1.5 2.5 -21.5
0.000212092 1.5 2.5 -22
0.00180595 1 3 -21.5
8.98479e-05 1.5 2.5 -22.5
0.000474743 1 3 -22.5
3.96958e-05 1 3 -23
0.00122367 1 3 -22
0.00195819 1 3 -21
0.00191368 1 3 -20.5
0.00134151 1 3 -20
0.000144698 1 3 -19
6.86966e-05 1.5 3 -19
0.000300067 1.5 3 -19.5
0.000137794 1 3.5 -19
0.000929474 1.5 3 -20.5
0.00117608 1 3.5 -20
0.000811356 1.5 3 -21.5
0.00161029 1 3.5 -21
0.000521866 1.5 3 -22
0.000196753 1.5 3 -22.5
0.000922366 1 3.5 -22
0.000314305 1 3.5 -22.5
0.00145007 1 3.5 -21.5
0.000924051 1.5 3 -21
0.00159678 1 3.5 -20.5
0.00068762 1.5 3 -20
0.000544011 1 3.5 -19.5
2.5113e-05 1 3.5 -18.5
0.000143909 1.5 3.5 -19
2.20612e-05 2 3 -20
2.86322e-05 2 3 -20.5
0.00113305 1.5 3.5 -20
2.81456e-05 2 3 -21
2.29617e-05 2 3 -21.5
0.00143478 1.5 3.5 -21
0.000796205 1.5 3.5 -22
0.000768827 1 4 -21.5
0.000241218 1.5 3.5 -22.5
0.000150452 1 4 -22.5
0.000479446 1 4 -22
0.00126832 1.5 3.5 -21.5
0.00084445 1 4 -21
0.000823801 1 4 -20.5
0.00144769 1.5 3.5 -20.5
0.000588611 1 4 -20
0.000270381 1 4 -19.5
0.00054777 1.5 3.5 -19.5
7.26884e-05 1 4 -19
2.60603e-05 1.5 3.5 -18.5
2.59942e-05 2 3.5 -19
4.99056e-05 1.5 4 -18.5
9.32247e-05 2 3.5 -19.5
0.000190918 2 3.5 -20
0.000942371 1.5 4 -19.5
0.000216112 2 3.5 -20.5
0.00163523 1.5 4 -20
0.000210538 2 3.5 -21
0.00186563 1.5 4 -20.5
0.000179185 2 3.5 -21.5
0.00181936 1.5 4 -21
0.000104873 2 3.5 -22
0.00147948 1.5 4 -21.5
3.68629e-05 2 3.5 -22.5
0.000204071 1.5 4 -22.5
0.000156665 1 4.5 -22
5.43978e-05 1 4.5 -22.5
0.000801955 1.5 4 -22
0.000245447 1 4.5 -21.5
0.000265367 1 4.5 -21
0.000247501 1 4.5 -20.5
0.000166459 1 4.5 -20
7.69497e-05 1 4.5 -19.5
2.1284e-05 1 4.5 -19
0.000292206 1.5 4 -19
2.11408e-05 2 4 -18.5
0.000123632 2 4 -19
0.000388355 2 4 -19.5
0.000382308 1.5 4.5 -19
0.000653293 2 4 -20
0.000694501 2 4 -20.5
0.00155898 1.5 4.5 -20
0.000661799 2 4 -21
0.000511318 2 4 -21.5
0.00168873 1.5 4.5 -21
0.00027303 2 4 -22
6.77613e-05 2 4 -22.5
0.000673825 1.5 4.5 -22
0.000130498 1.5 4.5 -22.5
0.00133281 1.5 4.5 -21.5
0.00173998 1.5 4.5 -20.5
0.000953576 1.5 4.5 -19.5
8.35613e-05 1.5 4.5 -18.5
6.525e-05 2 4.5 -18.5
0.000304992 2 4.5 -19
0.00118659 2 4.5 -20
0.00117231 2 4.5 -21
0.000415647 2 4.5 -22
0.000894286 1.5 5 -21.5
6.42904e-05 2 4.5 -22.5
6.09723e-05 1.5 5 -22.5
0.000411212 1.5 5 -22
0.000906578 2 4.5 -21.5
0.0011491 1.5 5 -21
0.0011905 1.5 5 -20.5
0.00123207 2 4.5 -20.5
0.00110402 1.5 5 -20
0.00073372 1.5 5 -19.5
0.000774434 2 4.5 -19.5
0.000316039 1.5 5 -19
7.61393e-05 1.5 5 -18.5
2.18328e-05 2 5 -18
3.98515e-05 2.5 4.5 -19
9.44376e-05 2.5 4.5 -19.5
0.000560327 2 5 -19
4.37902e-05 1.5 5.5 -18.5
0.000120558 2.5 4.5 -20
0.00128482 2 5 -19.5
0.000163997 1.5 5.5 -19
0.000118395 2.5 4.5 -20.5
0.000104793 2.5 4.5 -21
0.00178884 2 5 -20.5
7.76215e-05 2.5 4.5 -21.5
3.75e-05 2.5 4.5 -22
0.000974296 2 5 -21.5
4.26407e-05 2 5 -22.5
0.000183701 1.5 5.5 -22
2.45248e-05 1.5 5.5 -22.5
0.000384872 2 5 -22
0.00042435 1.5 5.5 -21.5
0.000551549 1.5 5.5 -21
0.00158355 2 5 -21
0.000562674 1.5 5.5 -20.5
0.000512469 1.5 5.5 -20
0.00178639 2 5 -20
0.000348201 1.5 5.5 -19.5
0.000130521 2 5 -18.5
4.45305e-05 2.5 5 -18.5
0.000198536 2.5 5 -19
0.000278108 2 5.5 -18.5
0.000437981 2.5 5 -19.5
0.000860493 2 5.5 -19
0.00053742 2.5 5 -20
0.00052254 2.5 5 -20.5
0.00181057 2 5.5 -20
0.000441906 2.5 5 -21
0.000276563 2.5 5 -21.5
0.00153211 2 5.5 -21
9.7442e-05 2.5 5 -22
0.000287485 2 5.5 -22
2.21982e-05 2 5.5 -22.5
5.67772e-05 1.5 6 -22
0.000133108 1.5 6 -21.5
0.00090474 2 5.5 -21.5
0.000179776 1.5 6 -21
0.000183498 1.5 6 -20.5
0.00178842 2 5.5 -20.5
0.000162372 1.5 6 -20
0.000113998 1.5 6 -19.5
0.00155028 2 5.5 -19.5
5.88893e-05 1.5 6 -19
4.84153e-05 2 5.5 -18
3.03181e-05 2.5 5.5 -18
0.000173126 2.5 5.5 -18.5
6.39002e-05 2 6 -18
0.000558691 2.5 5.5 -19
0.000993422 2.5 5.5 -19.5
0.00108966 2.5 5.5 -20
0.00141177 2 6 -19.5
0.000835736 2.5 5.5 -21
0.00157576 2 6 -20.5
0.000482272 2.5 5.5 -21.5
0.000118657 2.5 5.5 -22
0.000662396 2 6 -21.5
0.000158045 2 6 -22
0.00125538 2 6 -21
0.0010415 2.5 5.5 -20.5
0.00161545 2 6 -20
0.000804563 2 6 -19
0.000282431 2 6 -18.5
7.57486e-05 2.5 6 -18
5.22516e-05 3 5.5 -19
7.98548e-05 3 5.5 -19.5
0.000977518 2.5 6 -19
0.000210195 2 6.5 -18.5
7.77779e-05 3 5.5 -20
0.0014174 2.5 6 -19.5
0.000526339 2 6.5 -19
6.78797e-05 3 5.5 -20.5
4.95521e-05 3 5.5 -21
0.00146341 2.5 6 -20.5
2.92644e-05 3 5.5 -21.5
0.000502572 2.5 6 -21.5
0.000726024 2 6.5 -21
6.08897e-05 2 6.5 -22
9.66324e-05 2.5 6 -22
0.00034606 2 6.5 -21.5
0.00109645 2.5 6 -21
0.000974794 2 6.5 -20.5
0.00100593 2 6.5 -20
0.00150144 2.5 6 -20
0.000882019 2 6.5 -19.5
0.00038386 2.5 6 -18.5
4.88513e-05 2 6.5 -18
2.49688e-05 3 6 -18
2.82005e-05 2.5 6.5 -17.5
0.000115311 3 6 -18.5
0.000293968 3 6 -19
0.000719939 2.5 6.5 -18.5
0.000402113 3 6 -19.5
0.00143378 2.5 6.5 -19
0.000390129 3 6 -20
0.00034933 3 6 -20.5
0.0017947 2.5 6.5 -20
0.000223744 3 6 -21
9.03599e-05 3 6 -21.5
0.00105418 2.5 6.5 -21
5.10337e-05 2.5 6.5 -22
0.000127401 2 7 -21.5
0.000422789 2.5 6.5 -21.5
0.000304127 2 7 -21
0.000416805 2 7 -20.5
0.00157256 2.5 6.5 -20.5
0.000421927 2 7 -20
0.000365681 2 7 -19.5
0.00178794 2.5 6.5 -19.5
0.000234683 2 7 -19
0.00010833 2 7 -18.5
2.98563e-05 2 7 -18
0.000181199 2.5 6.5 -18
0.000427814 3 6.5 -18.5
0.000347654 2.5 7 -18
0.000793121 3 6.5 -19
0.000914941 3 6.5 -19.5
0.000875097 3 6.5 -20
0.00171204 2.5 7 -19.5
0.000729065 3 6.5 -20.5
0.000457265 3 6.5 -21
0.00143098 2.5 7 -20.5
0.000153778 3 6.5 -21.5
0.000259238 2.5 7 -21.5
2.15574e-05 2.5 7 -22
7.95666e-05 2 7.5 -21
0.000841673 2.5 7 -21
0.000124175 2 7.5 -20.5
0.000126769 2 7.5 -20
0.00170081 2.5 7 -20
0.000108803 2 7.5 -19.5
7.54336e-05 2 7.5 -19
0.00142722 2.5 7 -19
4.04803e-05 2 7.5 -18.5
0.000874 2.5 7 -18.5
0.000113657 3 6.5 -18
7.78196e-05 2.5 7 -17.5
3.45671e-05 3.5 6.5 -18.5
0.000312645 3 7 -18
7.74358e-05 2.5 7.5 -17.5
5.30393e-05 3.5 6.5 -19
5.01836e-05 3.5 6.5 -19.5
0.00127114 3 7 -19
0.000736099 2.5 7.5 -18.5
3.97914e-05 3.5 6.5 -20
0.00139272 3 7 -19.5
0.00112352 2.5 7.5 -19
2.43001e-05 3.5 6.5 -20.5
0.00107455 3 7 -20.5
0.00127403 2.5 7.5 -20
0.000139058 3 7 -21.5
0.000509937 2.5 7.5 -21
0.000107631 2.5 7.5 -21.5
0.000540187 3 7 -21
0.00102725 2.5 7.5 -20.5
0.00137579 3 7 -20
0.00127293 2.5 7.5 -19.5
0.000800136 3 7 -18.5
0.000325023 2.5 7.5 -18
6.33868e-05 3 7 -17.5
2.06401e-05 3.5 7 -17.5
8.76969e-05 3.5 7 -18
0.000174009 3 7.5 -17.5
0.00029452 3.5 7 -19
0.00129025 3 7.5 -18.5
0.000270411 3.5 7 -19.5
0.00174588 3 7.5 -19
0.000239262 3.5 7 -20
0.000149682 3.5 7 -20.5
0.00153432 3 7.5 -20
6.68893e-05 3.5 7 -21
0.00046693 3 7.5 -21
2.33298e-05 2.5 8 -21.5
8.44684e-05 3 7.5 -21.5
0.000208198 2.5 8 -21
0.000508651 2.5 8 -20.5
0.00103378 3 7.5 -20.5
0.000682661 2.5 8 -20
0.000682044 2.5 8 -19.5
0.00177259 3 7.5 -19.5
0.000616962 2.5 8 -19
0.000431043 2.5 8 -18.5
0.000204768 2.5 8 -18
0.000217674 3.5 7 -18.5
0.000623714 3 7.5 -18
5.81509e-05 2.5 8 -17.5
2.73443e-05 3 7.5 -17
0.000102316 3.5 7.5 -17.5
9.43811e-05 3 8 -17
0.000655264 3.5 7.5 -18.5
0.00096925 3 8 -18
0.000184755 2.5 8.5 -18.5
0.000761116 3.5 7.5 -19
0.000721242 3.5 7.5 -19.5
0.000593917 3.5 7.5 -20
0.0017302 3 8 -19.5
0.000372889 3.5 7.5 -20.5
0.00013975 3.5 7.5 -21
0.000863886 3 8 -20.5
0.000252769 2.5 8.5 -20
3.15758e-05 3 8 -21.5
3.83244e-05 2.5 8.5 -21
0.000310344 3 8 -21
0.000162784 2.5 8.5 -20.5
0.00143887 3 8 -20
0.000262887 2.5 8.5 -19.5
0.000242275 2.5 8.5 -19
0.0017417 3 8 -19
0.00151285 3 8 -18.5
9.72332e-05 2.5 8.5 -18
3.45517e-05 2.5 8.5 -17.5
0.000348362 3.5 7.5 -18
0.00041403 3 8 -17.5
7.89806e-05 3.5 8 -17
3.23519e-05 4 7.5 -18.5
0.000784377 3.5 8 -18
0.000427482 3 8.5 -17.5
0.00131169 3 8.5 -18.5
3.43813e-05 2.5 9 -18
0.00123565 3.5 8 -19.5
0.00152149 3 8.5 -19
6.91867e-05 2.5 9 -19.5
0.000936447 3.5 8 -20
4.7312e-05 2.5 9 -20
0.000485407 3.5 8 -20.5
0.000137894 3 8.5 -21
0.000138119 3.5 8 -21
0.0005573 3 8.5 -20.5
0.00111451 3 8.5 -20
0.00146976 3 8.5 -19.5
6.80232e-05 2.5 9 -19
5.60795e-05 2.5 9 -18.5
0.00127333 3.5 8 -19
0.00116626 3.5 8 -18.5
0.000901068 3 8.5 -18
2.78395e-05 4 7.5 -18
0.00034309 3.5 8 -17.5
0.000144628 3 8.5 -17
3.09545e-05 3 8.5 -16.5
2.86352e-05 3 9 -16.5
2.61065e-05 4 8 -17
8.85528e-05 4 8 -17.5
0.000167654 4 8 -18
0.000707985 3.5 8.5 -17.5
0.000193196 4 8 -18.5
0.00018025 4 8 -19
0.00164178 3.5 8.5 -18.5
0.000154169 4 8 -19.5
0.00162917 3.5 8.5 -19
9.88025e-05 4 8 -20
4.38463e-05 4 8 -20.5
0.000593809 3 9 -20
9.50266e-05 3.5 8.5 -21
2.58588e-05 3 9 -21
0.000236214 3 9 -20.5
0.000432545 3.5 8.5 -20.5
0.000940764 3.5 8.5 -20
0.000900226 3 9 -19.5
0.00140209 3.5 8.5 -19.5
0.000990886 3 9 -19
0.000874853 3 9 -18.5
0.000630825 3 9 -18
0.0012804 3.5 8.5 -18
0.000339059 3 9 -17.5
0.000121367 3 9 -17
0.000240015 3.5 8.5 -17
4.3555e-05 3.5 8.5 -16.5
0.000160586 3.5 9 -16.5
0.000361727 4 8.5 -17.5
0.000576837 3.5 9 -17
0.000635643 4 8.5 -18.5
0.00159958 3.5 9 -18
0.00019288 3 9.5 -17.5
0.000402747 3 9.5 -18.5
0.00058731 4 8.5 -19
0.000447806 4 8.5 -19.5
0.000256678 4 8.5 -20
9.41609e-05 4 8.5 -20.5
0.000808057 3.5 9 -20
0.00028311 3.5 9 -20.5
3.48101e-05 3.5 9 -21
3.63401e-05 3 9.5 -20.5
0.000209422 3 9.5 -20
0.000387519 3 9.5 -19.5
0.00133678 3.5 9 -19.5
0.00046151 3 9.5 -19
0.00163937 3.5 9 -19
0.00174957 3.5 9 -18.5
0.00030801 3 9.5 -18
0.000572093 4 8.5 -18
0.00114295 3.5 9 -17.5
8.19215e-05 3 9.5 -17
2.24976e-05 3 9.5 -16.5
0.000131474 4 8.5 -17
2.725e-05 4 8.5 -16.5
2.52202e-05 3.5 9 -16
0.000136028 4 9 -16.5
7.21235e-05 3.5 9.5 -16
2.04024e-05 4.5 8.5 -17.5
0.000450322 4 9 -17
4.43705e-05 3 10 -17
8.47656e-05 3 10 -17.5
0.00110105 4 9 -18
0.000114853 3 10 -18
0.00162687 3.5 9.5 -18.5
0.000140721 3 10 -18.5
0.000153788 3 10 -19
0.000100576 3 10 -19.5
0.000373957 4 9 -20
2.16816e-05 3 10 -20
0.000104271 4 9 -20.5
0.000124554 3.5 9.5 -20.5
0.000506807 3.5 9.5 -20
0.00105629 3.5 9.5 -19.5
0.000747828 4 9 -19.5
0.00146707 3.5 9.5 -19
0.00100617 4 9 -19
0.00113012 4 9 -18.5
0.00152306 3.5 9.5 -18
0.0011384 3.5 9.5 -17.5
0.0008542 4 9 -17.5
0.000628437 3.5 9.5 -17
0.000263755 3.5 9.5 -16.5
2.22368e-05 4 9 -16
7.18599e-05 3.5 10 -16
4.42504e-05 4.5 9 -16.5
0.000238649 3.5 10 -16.5
9.97619e-05 4.5 9 -17
0.000142682 4.5 9 -17.5
0.000140235 4.5 9 -18
0.00130398 4 9.5 -17.5
0.000126202 4.5 9 -18.5
9.91169e-05 4.5 9 -19
0.001504 4 9.5 -18.5
0.00111769 3.5 10 -18
5.08335e-05 4.5 9 -19.5
0.00122975 4 9.5 -19
0.000604873 3.5 10 -19.5
0.000206336 3.5 10 -20
2.03334e-05 3.5 10 -20.5
7.66265e-05 4 9.5 -20.5
0.000335971 4 9.5 -20
0.000762247 4 9.5 -19.5
0.000986715 3.5 10 -19
0.00115752 3.5 10 -18.5
0.0014783 4 9.5 -18
0.000913486 3.5 10 -17.5
0.000549443 3.5 10 -17
0.000884205 4 9.5 -17
0.000395711 4 9.5 -16.5
0.000100493 4 9.5 -16
7.81187e-05 4 10 -15.5
0.000331031 4 10 -16
6.12894e-05 3.5 10.5 -16
0.00080119 4 10 -16.5
0.000166618 3.5 10.5 -16.5
0.000331691 3.5 10.5 -17
0.000526543 4.5 9.5 -17.5
0.000510489 3.5 10.5 -17.5
0.000603995 3.5 10.5 -18
0.000449258 4.5 9.5 -18.5
0.00059128 3.5 10.5 -18.5
0.00030502 4.5 9.5 -19
0.000149279 4.5 9.5 -19.5
4.89188e-05 4.5 9.5 -20
0.000626049 4 10 -19.5
0.000204996 4 10 -20
2.62434e-05 4 10 -20.5
3.11335e-05 3.5 10.5 -20
0.000206555 3.5 10.5 -19.5
0.000451974 3.5 10.5 -19
0.00113921 4 10 -19
0.0015212 4 10 -18.5
0.00171193 4 10 -18
0.000534405 4.5 9.5 -18
0.00165109 4 10 -17.5
0.00134821 4 10 -17
0.000409552 4.5 9.5 -17
0.000210374 4.5 9.5 -16.5
6.59636e-05 4.5 9.5 -16
7.24101e-05 4.5 10 -15.5
4.35009e-05 4 10.5 -15
0.000282854 4.5 10 -16
4.17233e-05 3.5 11 -16
0.000953323 4 10.5 -16.5
0.000619742 4.5 10 -16.5
9.14877e-05 3.5 11 -16.5
0.00138771 4 10.5 -17
0.000153112 3.5 11 -17
0.00161091 4 10.5 -17.5
0.00021253 3.5 11 -17.5
0.00160537 4 10.5 -18
0.00134451 4 10.5 -18.5
0.000239227 3.5 11 -18
0.000241444 4.5 10 -19.5
0.000858667 4 10.5 -19
6.79314e-05 4.5 10 -20
8.60267e-05 4 10.5 -20
0.000372682 4 10.5 -19.5
0.000110131 3.5 11 -19
0.000203355 3.5 11 -18.5
0.000537267 4.5 10 -19
0.000819594 4.5 10 -18.5
0.000990448 4.5 10 -18
0.00103616 4.5 10 -17.5
0.000921096 4.5 10 -17
0.000492875 4 10.5 -16
0.000185588 4 10.5 -15.5
5.69483e-05 4 11 -15
3.47743e-05 5 10 -15.5
6.39148e-05 4.5 10.5 -15
0.000185598 4 11 -15.5
7.99184e-05 5 10 -16
0.000117093 5 10 -16.5
0.000123925 5 10 -17
0.000117596 5 10 -17.5
3.82399e-05 3.5 11.5 -16.5
0.00133129 4.5 10.5 -17
0.0008282 4 11 -16.5
0.00148485 4.5 10.5 -17.5
5.35609e-05 3.5 11.5 -17
4.66762e-05 5 10 -18.5
6.43347e-05 3.5 11.5 -17.5
0.00132743 4.5 10.5 -18
5.12757e-05 3.5 11.5 -18
0.000974908 4.5 10.5 -18.5
0.000538461 4.5 10.5 -19
0.000135431 4 11 -19.5
4.91398e-05 4.5 10.5 -20
0.000213601 4.5 10.5 -19.5
0.000468624 4 11 -19
0.000907202 4 11 -18.5
0.00122283 4 11 -18
0.00129053 4 11 -17.5
8.86352e-05 5 10 -18
0.0011394 4 11 -17
0.00105874 4.5 10.5 -16.5
0.000459494 4 11 -16
0.000659012 4.5 10.5 -16
0.000277603 4.5 10.5 -15.5
6.01127e-05 4.5 11 -14.5
0.000256767 4.5 11 -15
5.35604e-05 5 10.5 -15
5.45614e-05 4 11.5 -15
0.000623139 4.5 11 -15.5
0.000151914 4 11.5 -15.5
0.0003174 4 11.5 -16
0.000542936 4 11.5 -16.5
0.000484383 5 10.5 -17
0.00148756 4.5 11 -16.5
0.000685267 4 11.5 -17
0.000447111 5 10.5 -17.5
0.000755063 4 11.5 -17.5
0.000311177 5 10.5 -18
0.000640702 4 11.5 -18
0.00017244 5 10.5 -18.5
0.000390628 4 11.5 -18.5
7.29271e-05 5 10.5 -19
0.000122573 4.5 11 -19.5
0.000137018 4 11.5 -19
0.000422405 4.5 11 -19
0.000852855 4.5 11 -18.5
0.00127138 4.5 11 -18
0.00155064 4.5 11 -17.5
0.00164977 4.5 11 -17
0.000448129 5 10.5 -16.5
0.00109206 4.5 11 -16
0.000328845 5 10.5 -16
0.000164424 5 10.5 -15.5
0.000176576 4.5 11.5 -14.5
6.61985e-05 5 11 -14.5
2.15542e-05 5.5 10.5 -15.5
0.000436292 4.5 11.5 -15
4.28036e-05 4 12 -15
0.00084404 4.5 11.5 -15.5
0.000512895 5 11 -15.5
0.00017129 4 12 -16
0.00149143 4.5 11.5 -16.5
0.000923401 5 11 -16.5
0.00025105 4 12 -16.5
0.00159567 4.5 11.5 -17
0.000286895 4 12 -17
0.00142515 4.5 11.5 -17.5
0.00104561 4.5 11.5 -18
0.000291236 4 12 -17.5
0.000595677 4.5 11.5 -18.5
3.4435e-05 5 11 -19.5
0.00022339 4.5 11.5 -19
4.48535e-05 4.5 11.5 -19.5
6.95625e-05 4 12 -18.5
0.000131082 5 11 -19
0.000204473 4 12 -18
0.000325105 5 11 -18.5
0.000601762 5 11 -18
0.000816911 5 11 -17.5
0.00094786 5 11 -17
0.00126351 4.5 11.5 -16
9.55029e-05 4 12 -15.5
0.000789896 5 11 -16
0.000235297 5 11 -15
3.56469e-05 4.5 11.5 -14
6.36135e-05 4.5 12 -14
0.000275092 5 11.5 -14.5
4.05906e-05 5.5 11 -14.5
0.0001853 4.5 12 -14.5
0.000422916 4.5 12 -15
0.000119125 5.5 11 -15.5
2.60579e-05 4 12.5 -15
0.000125636 5.5 11 -16
4.755e-05 4 12.5 -15.5
0.000110263 5.5 11 -16.5
0.00120232 5 11.5 -16
7.08372e-05 4 12.5 -16
0.00132232 5 11.5 -17
0.00126559 4.5 12 -16.5
8.3289e-05 5.5 11 -17
8.31901e-05 4 12.5 -16.5
8.05159e-05 4 12.5 -17
0.0010348 5 11.5 -17.5
4.66677e-05 4 12.5 -17.5
0.000649354 5 11.5 -18
0.000322532 5 11.5 -18.5
0.00011363 5 11.5 -19
2.07265e-05 5 11.5 -19.5
6.66645e-05 4.5 12 -19
0.000279498 4.5 12 -18.5
0.000647071 4.5 12 -18
0.0010393 4.5 12 -17.5
0.00130897 4.5 12 -17
4.23244e-05 5.5 11 -17.5
0.00137069 5 11.5 -16.5
0.001082 4.5 12 -16
0.000755514 4.5 12 -15.5
0.000922295 5 11.5 -15.5
0.000589607 5 11.5 -15
8.59744e-05 5.5 11 -15
8.03354e-05 5 11.5 -14
9.12502e-05 5 12 -13.5
2.00712e-05 4.5 12.5 -13.5
0.000298431 5 12 -14
6.26433e-05 4.5 12.5 -14
0.000615998 5 12 -14.5
0.000159879 4.5 12.5 -14.5
0.000993078 5 12 -15
0.000321086 4.5 12.5 -15
0.000528389 4.5 12.5 -15.5
0.000467168 5.5 11.5 -16
0.000796304 4.5 12.5 -16.5
0.00030832 5.5 11.5 -17
0.00148152 5 12 -16.5
0.000720414 4.5 12.5 -17
0.000180427 5.5 11.5 -17.5
8.30914e-05 5.5 11.5 -18
0.000235907 4.5 12.5 -18
2.80035e-05 5.5 11.5 -18.5
5.96043e-05 4.5 12.5 -18.5
6.03505e-05 5 12 -19
0.000233471 5 12 -18.5
0.000549369 5 12 -18
0.000491116 4.5 12.5 -17.5
0.000947513 5 12 -17.5
0.00128106 5 12 -17
0.000705907 4.5 12.5 -16
0.000434711 5.5 11.5 -16.5
0.00153004 5 12 -16
0.00135727 5 12 -15.5
0.000425199 5.5 11.5 -15.5
0.00032268 5.5 11.5 -15
0.000183216 5.5 11.5 -14.5
7.24521e-05 5.5 11.5 -14
6.75651e-05 5 12.5 -13
0.000219454 5 12.5 -13.5
2.39748e-05 6 11.5 -14
0.000113682 5.5 12 -13.5
0.000526945 5.5 12 -14.5
0.000463786 5 12.5 -14
3.04065e-05 6 11.5 -14.5
5.0518e-05 4.5 13 -14
0.000816332 5 12.5 -14.5
0.000106076 4.5 13 -14.5
0.000183767 4.5 13 -15
0.00137695 5 12.5 -15.5
0.00086834 5.5 12 -15.5
0.000263236 4.5 13 -15.5
0.000311959 4.5 13 -16
0.00137965 5 12.5 -16.5
0.000795238 5.5 12 -16.5
0.000337465 4.5 13 -16.5
0.00108423 5 12.5 -17
0.000243826 4.5 13 -17
0.00033889 5 12.5 -18
0.000108662 4.5 13 -17.5
0.00010429 5 12.5 -18.5
2.03346e-05 4.5 13 -18
5.64017e-05 5.5 12 -18.5
0.000167266 5.5 12 -18
0.000699119 5 12.5 -17.5
0.000357659 5.5 12 -17.5
0.000598459 5.5 12 -17
0.00149428 5 12.5 -16
0.00090062 5.5 12 -16
0.00117677 5 12.5 -15
0.000755915 5.5 12 -15
2.48124e-05 6 11.5 -15
0.000284303 5.5 12 -14
2.9833e-05 5.5 12 -13
3.92874e-05 5.5 12.5 -12.5
2.49879e-05 5 13 -12.5
0.000156103 5.5 12.5 -13
8.88602e-05 5 13 -13
0.000365481 5.5 12.5 -13.5
6.66797e-05 6 12 -13.5
0.00022024 5 13 -13.5
0.00092123 5.5 12.5 -14.5
0.00044152 5 13 -14
0.000144559 6 12 -14.5
3.15186e-05 4.5 13.5 -14
0.000734932 5 13 -14.5
5.4463e-05 4.5 13.5 -14.5
0.00011734 6 12 -15.5
7.9369e-05 4.5 13.5 -15
0.00119368 5 13 -15.5
8.68543e-05 6 12 -16
0.00128197 5.5 12.5 -15.5
9.5159e-05 4.5 13.5 -15.5
0.00125175 5 13 -16
4.37027e-05 6 12 -16.5
9.083e-05 4.5 13.5 -16
6.0175e-05 4.5 13.5 -16.5
0.000691532 5 13 -17
0.000672544 5.5 12.5 -17
0.000162162 5.5 12.5 -18
4.82052e-05 5.5 12.5 -18.5
0.000123154 5 13 -18
0.000362499 5 13 -17.5
0.000370997 5.5 12.5 -17.5
0.00102438 5 13 -16.5
0.00100126 5.5 12.5 -16.5
0.00124191 5.5 12.5 -16
0.00101985 5 13 -15
0.0011352 5.5 12.5 -15
0.000149094 6 12 -15
0.000648738 5.5 12.5 -14
0.00011461 6 12 -14
2.87121e-05 6 12 -13
5.0516e-05 5.5 13 -12
5.66964e-05 6 12.5 -12.5
0.000196816 5.5 13 -12.5
3.22033e-05 5 13.5 -12.5
0.000441887 5.5 13 -13
8.32359e-05 5 13.5 -13
0.000738367 5.5 13 -13.5
0.000260786 6 12.5 -13.5
0.00018166 5 13.5 -13.5
0.000334358 5 13.5 -14
0.00128982 5.5 13 -14.5
0.000451899 6 12.5 -14.5
0.000518364 5 13.5 -14.5
0.000675622 5 13.5 -15
0.00135215 5.5 13 -15.5
0.000426906 6 12.5 -15.5
0.000685018 5 13.5 -16
0.00017802 6 12.5 -16.5
0.00120061 5.5 13 -16
0.000485359 5 13.5 -16.5
8.41715e-05 6 12.5 -17
3.1933e-05 6 12.5 -17.5
0.000290338 5.5 13 -17.5
0.000261252 5 13.5 -17
9.95453e-05 5.5 13 -18
8.50891e-05 5 13.5 -17.5
0.000577007 5.5 13 -17
0.000916164 5.5 13 -16.5
0.000753281 5 13.5 -15.5
0.00030257 6 12.5 -16
0.00141431 5.5 13 -15
0.000479544 6 12.5 -15
0.00103161 5.5 13 -14
0.00038007 6 12.5 -14
0.000138442 6 12.5 -13
3.56193e-05 6 13 -11.5
3.59514e-05 5.5 13.5 -11.5
0.000134906 5.5 13.5 -12
3.08045e-05 6.5 12.5 -12.5
0.00030281 5.5 13.5 -12.5
4.35807e-05 6.5 12.5 -13
0.000233086 6 13 -12.5
2.91136e-05 5 14 -12.5
0.000524489 5.5 13.5 -13
0.000625298 6 13 -13.5
4.75296e-05 6.5 12.5 -13.5
6.23214e-05 5 14 -13
0.000807736 5.5 13.5 -13.5
0.000116584 5 14 -13.5
0.00111647 5.5 13.5 -14
0.000187539 5 14 -14
0.00128391 5.5 13.5 -14.5
0.000872942 6 13 -14.5
0.00025581 5 14 -14.5
0.00136463 5.5 13.5 -15
0.000296257 5 14 -15
0.000310474 5 14 -15.5
0.000997797 5.5 13.5 -16
0.000562965 6 13 -16
0.000218929 5 14 -16
0.00067277 5.5 13.5 -16.5
0.000102179 5 14 -16.5
2.09919e-05 5 14 -17
6.93074e-05 6 13 -17.5
0.000364663 5.5 13.5 -17
2.32458e-05 5.5 13.5 -18
0.000141301 5.5 13.5 -17.5
0.000175216 6 13 -17
0.000345309 6 13 -16.5
0.00124775 5.5 13.5 -15.5
0.000760353 6 13 -15.5
0.000867323 6 13 -15
0.000800906 6 13 -14
3.64207e-05 6.5 12.5 -14
0.00041442 6 13 -13
0.000107222 6 13 -12
5.52701e-05 6 13.5 -11
0.000168251 6 13.5 -11.5
5.63293e-05 5.5 14 -11.5
0.000325592 6 13.5 -12
0.000134582 5.5 14 -12
0.000545492 6 13.5 -12.5
0.000135004 6.5 13 -12.5
0.000281439 5.5 14 -12.5
0.000796462 6 13.5 -13
0.000481555 5.5 14 -13
0.0010069 6 13.5 -13.5
0.000198275 6.5 13 -13.5
3.65049e-05 5 14.5 -13
0.000725548 5.5 14 -13.5
5.73143e-05 5 14.5 -13.5
0.000954791 5.5 14 -14
0.000140056 6.5 13 -14.5
0.00110956 6 13.5 -14
7.59576e-05 5 14.5 -14
0.00107478 5.5 14 -14.5
9.82101e-05 6.5 13 -15
8.62019e-05 5 14.5 -14.5
0.00109442 5.5 14 -15
4.66302e-05 6.5 13 -15.5
0.00112436 6 13.5 -15
7.38824e-05 5 14.5 -15
0.000889821 5.5 14 -15.5
3.88776e-05 5 14.5 -15.5
0.000614047 5.5 14 -16
0.000612141 6 13.5 -16
0.000342581 5.5 14 -16.5
0.000134823 5.5 14 -17
0.000174625 6 13.5 -17
2.49004e-05 5.5 14 -17.5
6.29083e-05 6 13.5 -17.5
0.000359213 6 13.5 -16.5
0.000895255 6 13.5 -15.5
0.00120874 6 13.5 -14.5
0.000184232 6.5 13 -14
3.97869e-05 6.5 13.5 -10.5
0.000178573 6.5 13 -13
6.65602e-05 6 14 -10.5
9.2228e-05 6.5 13.5 -11
0.000173479 6 14 -11
0.000172513 6.5 13.5 -11.5
2.12936e-05 5.5 14.5 -11
0.000365951 6 14 -11.5
5.28577e-05 5.5 14.5 -11.5
0.000626772 6 14 -12
0.000289015 6.5 13.5 -12
0.000112661 5.5 14.5 -12
0.000867795 6 14 -12.5
0.000207203 5.5 14.5 -12.5
0.00107972 6 14 -13
0.000490738 6.5 13.5 -13
0.000345258 5.5 14.5 -13
0.00122673 6 14 -13.5
0.000488269 5.5 14.5 -13.5
0.00128944 6 14 -14
0.000505309 6.5 13.5 -14
0.000592426 5.5 14.5 -14
0.00120201 6 14 -14.5
0.000635401 5.5 14.5 -14.5
0.00104473 6 14 -15
0.000286688 6.5 13.5 -15
0.000385414 5.5 14.5 -15.5
7.86471e-05 6.5 13.5 -16
0.000792024 6 14 -15.5
3.20679e-05 6.5 13.5 -16.5
6.67412e-05 5.5 14.5 -16.5
0.0002774 6 14 -16.5
3.13147e-05 6 14 -17.5
0.000112238 6 14 -17
0.000209873 5.5 14.5 -16
0.000514941 6 14 -16
0.00054927 5.5 14.5 -15
0.000167628 6.5 13.5 -15.5
0.000421486 6.5 13.5 -14.5
0.000531797 6.5 13.5 -13.5
0.000401465 6.5 13.5 -12.5
3.01688e-05 6.5 14 -9.5
8.58093e-05 6.5 14 -10
3.76845e-05 6 14.5 -10
0.000175252 6.5 14 -10.5
9.34645e-05 6 14.5 -10.5
0.00030106 6.5 14 -11
0.000210421 6 14.5 -11
0.000390123 6 14.5 -11.5
9.1581e-05 7 13.5 -12
0.000448278 6.5 14 -11.5
3.96287e-05 5.5 15 -11.5
0.000618266 6 14.5 -12
7.4446e-05 7 13.5 -12.5
7.29655e-05 5.5 15 -12
0.000850544 6 14.5 -12.5
5.75177e-05 7 13.5 -13
0.000766298 6.5 14 -12.5
0.000119975 5.5 15 -12.5
0.00090811 6.5 14 -13.5
0.00106226 6 14.5 -13
3.18146e-05 7 13.5 -13.5
0.000173366 5.5 15 -13
0.00115699 6 14.5 -13.5
0.000214483 5.5 15 -13.5
0.000236012 5.5 15 -14
0.00103668 6 14.5 -14.5
0.000702069 6.5 14 -14.5
0.000215008 5.5 15 -14.5
0.000134003 5.5 15 -15
0.000550233 6 14.5 -15.5
0.000303918 6.5 14 -15.5
5.47513e-05 5.5 15 -15.5
0.000126695 6 14.5 -16.5
6.88333e-05 6.5 14 -16.5
3.46286e-05 6 14.5 -17
0.000308933 6 14.5 -16
0.000160131 6.5 14 -16
0.000806177 6 14.5 -15
0.000496491 6.5 14 -15
0.00118829 6 14.5 -14
0.000841972 6.5 14 -14
0.00087174 6.5 14 -13
0.00060224 6.5 14 -12
4.85892e-05 6.5 14.5 -9
2.90915e-05 7 14 -9
5.23268e-05 7 14 -9.5
0.000122047 6.5 14.5 -9.5
9.5159e-05 7 14 -10
0.000256475 6.5 14.5 -10
0.000157501 7 14 -10.5
3.97166e-05 6 15 -10
0.00042094 6.5 14.5 -10.5
9.09281e-05 6 15 -10.5
0.000588931 6.5 14.5 -11
0.000191955 6 15 -11
0.000782347 6.5 14.5 -11.5
0.000272656 7 14 -11.5
0.000343517 6 15 -11.5
0.000978695 6.5 14.5 -12
0.000517035 6 15 -12
0.00107693 6.5 14.5 -12.5
0.000284473 7 14 -12.5
3.53955e-05 5.5 15.5 -12
0.000688789 6 15 -12.5
4.7736e-05 5.5 15.5 -12.5
0.000825578 6 15 -13
0.00106941 6.5 14.5 -13.5
0.000178267 7 14 -13.5
5.51762e-05 5.5 15.5 -13
0.000881613 6 15 -13.5
4.73154e-05 5.5 15.5 -13.5
0.000830527 6 15 -14
0.00072295 6.5 14.5 -14.5
4.59285e-05 7 14 -14.5
2.46004e-05 5.5 15.5 -14
0.000658892 6 15 -14.5
0.000443781 6 15 -15
0.000241596 6 15 -15.5
0.000302253 6.5 14.5 -15.5
9.60973e-05 6 15 -16
5.98269e-05 6.5 14.5 -16.5
0.000153838 6.5 14.5 -16
0.000499155 6.5 14.5 -15
0.000942185 6.5 14.5 -14
0.000104194 7 14 -14
0.00108766 6.5 14.5 -13
0.000240964 7 14 -13
2.03556e-05 7 14.5 -7.5
3.70832e-05 7 14.5 -8
7.5231e-05 7 14.5 -8.5
0.000296099 7 14 -12
3.42583e-05 6.5 15 -8.5
0.000129072 7 14.5 -9
2.49909e-05 7.5 14 -9
8.31232e-05 6.5 15 -9
0.000207237 7 14.5 -9.5
3.5162e-05 7.5 14 -9.5
0.000180271 6.5 15 -9.5
0.000311475 6.5 15 -10
5.0202e-05 7.5 14 -10.5
3.67857e-05 6 15.5 -10
0.000490036 6.5 15 -10.5
4.36488e-05 7.5 14 -11
7.31615e-05 6 15.5 -10.5
0.00071691 6.5 15 -11
0.000593898 7 14.5 -11.5
2.94878e-05 7.5 14 -11.5
0.000131989 6 15.5 -11
0.000916718 6.5 15 -11.5
0.000211362 6 15.5 -11.5
0.00103237 6.5 15 -12
0.00030826 6 15.5 -12
0.00108571 6.5 15 -12.5
0.000600064 7 14.5 -12.5
0.000391146 6 15.5 -12.5
0.00108565 6.5 15 -13
0.000434551 6 15.5 -13
0.000993259 6.5 15 -13.5
0.000391388 7 14.5 -13.5
0.000424439 6 15.5 -13.5
0.000810155 6.5 15 -14
0.000341373 6 15.5 -14
0.0006031 6.5 15 -14.5
0.000150597 7 14.5 -14.5
0.000225405 6 15.5 -14.5
0.000106605 6 15.5 -15
0.000389531 6.5 15 -15
2.26194e-05 6 15.5 -15.5
8.82358e-05 6.5 15 -16
2.22476e-05 6.5 15 -16.5
0.000211561 6.5 15 -15.5
7.03522e-05 7 14.5 -15
0.00025545 7 14.5 -14
2.74417e-05 7.5 14.5 -7
3.04171e-05 7 15 -7
3.94241e-05 7.5 14.5 -7.5
0.000519555 7 14.5 -13
6.59819e-05 7 15 -7.5
5.55307e-05 7.5 14.5 -8
0.000125031 7 15 -8
0.000626021 7 14.5 -12
0.000212721 7 15 -8.5
7.92699e-05 7.5 14.5 -8.5
3.81302e-05 6.5 15.5 -8.5
0.000314091 7 15 -9
0.0001138 7.5 14.5 -9
8.26129e-05 6.5 15.5 -9
0.000431901 7 15 -9.5
0.000163932 6.5 15.5 -9.5
0.00057542 7 15 -10
0.000289802 6.5 15.5 -10
0.00071022 7 15 -10.5
0.000453667 6.5 15.5 -10.5
4.35908e-05 6 16 -10.5
0.000647785 6.5 15.5 -11
0.000136851 7.5 14.5 -11.5
0.000800115 7 15 -11
6.79645e-05 6 16 -11
0.000827782 6.5 15.5 -11.5
8.83347e-05 7.5 14.5 -12
9.59613e-05 6 16 -11.5
0.000937536 6.5 15.5 -12
4.61317e-05 7.5 14.5 -12.5
0.000920047 7 15 -12
0.000121245 6 16 -12
0.000972007 6.5 15.5 -12.5
0.000135008 6 16 -12.5
0.000901579 6.5 15.5 -13
0.000732057 7 15 -13
0.00012363 6 16 -13
0.000750471 6.5 15.5 -13.5
8.42519e-05 6 16 -13.5
0.000557884 6.5 15.5 -14
0.000401158 7 15 -14
3.71932e-05 6 16 -14
0.000366906 6.5 15.5 -14.5
0.000201609 6.5 15.5 -15
0.000131715 7 15 -15
8.23685e-05 6.5 15.5 -15.5
5.87862e-05 7 15 -15.5
0.000246718 7 15 -14.5
0.000570989 7 15 -13.5
2.83881e-05 7.5 15 -5.5
4.64446e-05 7.5 15 -6
7.14139e-05 7.5 15 -6.5
2.02158e-05 8 14.5 -6.5
0.000860451 7 15 -12.5
0.000863258 7 15 -11.5
0.00010634 7.5 15 -7
2.44767e-05 8 14.5 -7
4.08136e-05 7 15.5 -7
0.000146481 7.5 15 -7.5
2.9457e-05 8 14.5 -7.5
8.2849e-05 7 15.5 -7.5
0.000196152 7.5 15 -8
3.46676e-05 8 14.5 -8
0.000160647 7 15.5 -8
0.000247961 7.5 15 -8.5
3.79286e-05 8 14.5 -8.5
0.000269841 7 15.5 -8.5
0.000308929 7.5 15 -9
3.48601e-05 6.5 16 -8.5
0.000425305 7 15.5 -9
0.000378111 7.5 15 -9.5
6.76971e-05 6.5 16 -9
0.000612176 7 15.5 -9.5
0.000122889 6.5 16 -9.5
0.000761628 7 15.5 -10
0.000210973 6.5 16 -10
0.000882537 7 15.5 -10.5
0.000329358 6.5 16 -10.5
0.000955509 7 15.5 -11
0.000427703 7.5 15 -11
0.000450541 6.5 16 -11
0.000979688 7 15.5 -11.5
0.000552544 6.5 16 -11.5
0.000921852 7 15.5 -12
0.000291742 7.5 15 -12
0.000598636 6.5 16 -12
0.000576825 6.5 16 -12.5
9.92686e-05 7.5 15 -13
0.000854898 7 15.5 -12.5
0.000494329 6.5 16 -13
4.18741e-05 7.5 15 -13.5
0.000366028 6.5 16 -13.5
0.000546526 7 15.5 -13.5
0.000228934 6.5 16 -14
0.000225186 7 15.5 -14.5
0.000113859 6.5 16 -14.5
3.33175e-05 6.5 16 -15
4.51642e-05 7 15.5 -15.5
0.000114869 7 15.5 -15
2.63057e-05 8 15 -4
0.000373952 7 15.5 -14
4.01445e-05 8 15 -4.5
5.46824e-05 8 15 -5
0.000717339 7 15.5 -13
2.55521e-05 7.5 15.5 -5
6.39598e-05 8 15 -5.5
4.83415e-05 7.5 15.5 -5.5
7.56231e-05 8 15 -6
8.97058e-05 7.5 15.5 -6
0.000151465 7.5 15.5 -6.5
8.77669e-05 8 15 -6.5
0.000102669 8 15 -7
0.000228289 7.5 15.5 -7
0.0001869 7.5 15 -12.5
0.000372887 7.5 15 -11.5
4.06159e-05 7 16 -7
0.000304278 7.5 15.5 -7.5
0.000122615 8 15 -7.5
7.89975e-05 7 16 -7.5
0.000381181 7.5 15.5 -8
0.000138753 8 15 -8
0.000146835 7 16 -8
0.000254901 7 16 -8.5
0.000143171 8 15 -9
0.000472913 7.5 15.5 -8.5
0.000399543 7 16 -9
0.000120906 8 15 -9.5
0.000555351 7.5 15.5 -9
4.30014e-05 6.5 16.5 -9
0.00056725 7 16 -9.5
8.72277e-05 8 15 -10
0.000618859 7.5 15.5 -9.5
7.15301e-05 6.5 16.5 -9.5
0.000728074 7 16 -10
0.000735123 7.5 15.5 -10.5
5.32459e-05 8 15 -10.5
0.000111528 6.5 16.5 -10
0.000841646 7 16 -10.5
0.000157654 6.5 16.5 -10.5
0.000890369 7 16 -11
0.000203526 6.5 16.5 -11
0.000903904 7 16 -11.5
0.000625956 7.5 15.5 -11.5
0.000230354 6.5 16.5 -11.5
0.000834536 7 16 -12
0.00022495 6.5 16.5 -12
0.00072742 7 16 -12.5
0.000344647 7.5 15.5 -12.5
0.000181981 6.5 16.5 -12.5
0.00056567 7 16 -13
0.000118642 6.5 16.5 -13
0.000394269 7 16 -13.5
0.000131239 7.5 15.5 -13.5
5.59333e-05 6.5 16.5 -13.5
0.00024334 7 16 -14
5.32193e-05 7 16 -15
0.000129716 7 16 -14.5
3.0634e-05 8.5 15 -3
3.83351e-05 8.5 15 -3.5
3.25916e-05 8 15.5 -3.5
4.55063e-05 8.5 15 -4
6.43372e-05 7.5 15.5 -14
5.7031e-05 8 15.5 -4
4.89742e-05 8.5 15 -4.5
8.64886e-05 8 15.5 -4.5
0.000121189 8 15.5 -5
5.01516e-05 8.5 15 -5
0.000218044 7.5 15.5 -13
5.09651e-05 8.5 15 -5.5
2.61531e-05 7.5 16 -5
0.000156499 8 15.5 -5.5
4.84773e-05 7.5 16 -5.5
0.000190364 8 15.5 -6
4.93989e-05 8.5 15 -6
0.000505544 7.5 15.5 -12
8.77295e-05 7.5 16 -6
0.000227061 8 15.5 -6.5
4.78823e-05 8.5 15 -6.5
0.000152875 7.5 16 -6.5
4.36848e-05 8.5 15 -7
0.00026041 8 15.5 -7
0.000703849 7.5 15.5 -11
0.000248036 7.5 16 -7
0.000295829 8 15.5 -7.5
3.53173e-05 8.5 15 -7.5
3.42175e-05 7 16.5 -7
0.000374302 7.5 16 -7.5
2.42416e-05 8.5 15 -8
6.21466e-05 7 16.5 -7.5
0.000516779 7.5 16 -8
0.000332323 8 15.5 -8
0.00011145 7 16.5 -8
0.000627558 7.5 16 -8.5
0.000349034 8 15.5 -8.5
0.000192129 7 16.5 -8.5
0.000719728 7.5 16 -9
0.000300125 7 16.5 -9
0.000783416 7.5 16 -9.5
0.000416215 7 16.5 -9.5
0.000810263 7.5 16 -10
0.000531832 7 16.5 -10
0.00081529 7.5 16 -10.5
0.000209311 8 15.5 -10.5
3.34093e-05 6.5 17 -10
0.000618 7 16.5 -10.5
0.000772742 7.5 16 -11
3.86655e-05 6.5 17 -10.5
0.000665745 7 16.5 -11
0.000675596 7.5 16 -11.5
7.08204e-05 8 15.5 -11.5
4.13628e-05 6.5 17 -11
0.000629561 7 16.5 -11.5
2.52836e-05 6.5 17 -11.5
0.000545236 7 16.5 -12
0.000545116 7.5 16 -12
0.000431104 7 16.5 -12.5
0.000299605 7 16.5 -13
0.000286206 7.5 16 -13
8.45653e-05 7 16.5 -14
9.18935e-05 7.5 16 -14
2.03283e-05 9 15 -1.5
2.15599e-05 7 16.5 -14.5
2.9347e-05 9 15 -2
3.05645e-05 8.5 15.5 -2
3.12462e-05 9 15 -2.5
5.12158e-05 8.5 15.5 -2.5
4.18181e-05 7.5 16 -14.5
3.18434e-05 9 15 -3
7.81409e-05 8.5 15.5 -3
0.000177399 7 16.5 -13.5
3.24178e-05 9 15 -3.5
0.000107702 8.5 15.5 -3.5
3.10805e-05 8 16 -3.5
2.9868e-05 9 15 -4
0.000123968 8.5 15.5 -4
0.000174278 7.5 16 -13.5
5.62848e-05 8 16 -4
2.48557e-05 9 15 -4.5
0.00013578 8.5 15.5 -4.5
0.000101515 8 16 -4.5
0.000163753 8 16 -5
0.000142455 8.5 15.5 -5
0.000416029 7.5 16 -12.5
0.00014965 8.5 15.5 -5.5
0.000238555 8 16 -5.5
4.20386e-05 7.5 16.5 -5.5
0.000319376 8 16 -6
0.000158955 8.5 15.5 -6
7.7291e-05 7.5 16.5 -6
0.000379149 8 16 -6.5
0.000161294 8.5 15.5 -6.5
0.000139856 7.5 16.5 -6.5
0.000152067 8.5 15.5 -7
0.000230553 7.5 16.5 -7
0.000133684 8.5 15.5 -7.5
0.000437774 8 16 -7
0.000346201 7.5 16.5 -7.5
0.00010351 8.5 15.5 -8
0.000489385 8 16 -7.5
0.000525932 8 16 -8
3.85014e-05 7 17 -7.5
0.000479385 7.5 16.5 -8
0.000568107 8 16 -8.5
6.81024e-05 8.5 15.5 -8.5
6.53671e-05 7 17 -8
0.00060555 7.5 16.5 -8.5
0.000579725 8 16 -9
3.87143e-05 8.5 15.5 -9
0.000104296 7 17 -8.5
0.000692677 7.5 16.5 -9
0.000151897 7 17 -9
0.000750064 7.5 16.5 -9.5
0.000204371 7 17 -9.5
0.000774971 7.5 16.5 -10
0.000470033 8 16 -10
0.000252241 7 17 -10
0.000763662 7.5 16.5 -10.5
0.000280725 7 17 -10.5
0.000675543 7.5 16.5 -11
0.000270203 8 16 -11
0.00028974 7 17 -11
0.000248121 7 17 -11.5
9.46593e-05 8 16 -12
0.000188166 7 17 -12
4.20944e-05 8 16 -12.5
0.000464839 7.5 16.5 -12
0.000116493 7 17 -12.5
5.29206e-05 7 17 -13
0.000224746 7.5 16.5 -13
5.78151e-05 7.5 16.5 -14
4.62662e-05 9 15.5 -1
6.80276e-05 9 15.5 -1.5
8.51582e-05 9 15.5 -2
3.46171e-05 8.5 16 -2
9.469e-05 9 15.5 -2.5
6.49588e-05 8.5 16 -2.5
0.000100908 9 15.5 -3
0.000126587 7.5 16.5 -13.5
0.000107918 8.5 16 -3
0.000102174 9 15.5 -3.5
0.000158735 8.5 16 -3.5
0.000343216 7.5 16.5 -12.5
0.000102496 9 15.5 -4
2.73305e-05 8 16.5 -3.5
0.000204165 8.5 16 -4
5.11515e-05 8 16.5 -4
0.000233264 8.5 16 -4.5
9.1307e-05 9 15.5 -4.5
0.000580079 7.5 16.5 -11.5
9.1787e-05 8 16.5 -4.5
0.000263339 8.5 16 -5
7.7574e-05 9 15.5 -5
0.000152274 8 16.5 -5
0.000287549 8.5 16 -5.5
6.23555e-05 9 15.5 -5.5
0.000172995 8 16 -11.5
0.000229765 8 16.5 -5.5
0.000306124 8.5 16 -6
4.53772e-05 9 15.5 -6
2.93719e-05 7.5 17 -5.5
0.000319941 8 16.5 -6
0.000323799 8.5 16 -6.5
2.73572e-05 9 15.5 -6.5
5.34162e-05 7.5 17 -6
0.000425864 8 16.5 -6.5
0.000326062 8.5 16 -7
9.47375e-05 7.5 17 -6.5
0.000519318 8 16.5 -7
0.000379327 8 16 -10.5
0.000161978 7.5 17 -7
0.000590672 8 16.5 -7.5
0.000304596 8.5 16 -7.5
0.000251164 7.5 17 -7.5
0.000632808 8 16.5 -8
0.000273464 8.5 16 -8
0.00035073 7.5 17 -8
0.000452922 7.5 17 -8.5
0.000154529 8.5 16 -9
0.000658922 8 16.5 -9
0.000646891 8 16.5 -8.5
3.47559e-05 7 17.5 -8.5
0.000535828 7.5 17 -9
0.000638043 8 16.5 -9.5
9.055e-05 8.5 16 -9.5
4.78028e-05 7 17.5 -9
0.000588517 7.5 17 -9.5
0.000575878 8 16.5 -10
4.0996e-05 8.5 16 -10
5.57998e-05 7 17.5 -9.5
0.000599886 7.5 17 -10
5.62795e-05 7 17.5 -10
0.000544103 7.5 17 -10.5
4.92401e-05 7 17.5 -10.5
0.000464489 7.5 17 -11
0.000370667 8 16.5 -11
3.60509e-05 7 17.5 -11
0.000374519 7.5 17 -11.5
0.000278061 7.5 17 -12
0.000164673 8 16.5 -12
0.000182023 7.5 17 -12.5
9.59031e-05 7.5 17 -13
4.56623e-05 8 16.5 -13
3.14966e-05 9.5 15.5 0
6.08136e-05 9.5 15.5 -0.5
2.03771e-05 9 16 -0.5
7.34598e-05 9.5 15.5 -1
5.52743e-05 9 16 -1
7.52861e-05 9.5 15.5 -1.5
4.0361e-05 7.5 17 -13.5
8.93233e-05 9 16 -1.5
7.49535e-05 9.5 15.5 -2
0.000129488 9 16 -2
2.91632e-05 8.5 16.5 -2
6.7747e-05 9.5 15.5 -2.5
0.000159728 9 16 -2.5
5.5694e-05 8.5 16.5 -2.5
5.58178e-05 9.5 15.5 -3
0.000181575 9 16 -3
9.50864e-05 8.5 16.5 -3
4.13076e-05 9.5 15.5 -3.5
0.000149845 8.5 16.5 -3.5
2.49162e-05 9.5 15.5 -4
0.000194674 9 16 -3.5
0.000198307 9 16 -4
9.35384e-05 8 16.5 -12.5
0.00021559 8.5 16.5 -4
3.62971e-05 8 17 -4
0.000290053 8.5 16.5 -4.5
0.000201759 9 16 -4.5
6.47232e-05 8 17 -4.5
0.000348612 8.5 16.5 -5
0.000191636 9 16 -5
0.000115412 8 17 -5
0.000397375 8.5 16.5 -5.5
0.000171363 9 16 -5.5
0.000257348 8 16.5 -11.5
0.00018966 8 17 -5.5
0.000141771 9 16 -6
0.000433654 8.5 16.5 -6
0.000482037 8 16.5 -10.5
0.000279754 8 17 -6
0.000454588 8.5 16.5 -6.5
0.000104302 9 16 -6.5
2.15039e-05 7.5 17.5 -6
0.000382693 8 17 -6.5
0.000478825 8.5 16.5 -7
6.79286e-05 9 16 -7
4.92444e-05 7.5 17.5 -6.5
0.000484804 8 17 -7
7.91399e-05 7.5 17.5 -7
0.000553454 8 17 -7.5
0.000483826 8.5 16.5 -7.5
0.000120191 7.5 17.5 -7.5
0.000599864 8 17 -8
0.000169263 7.5 17.5 -8
0.000619497 8 17 -8.5
0.000221358 7.5 17.5 -8.5
0.000615793 8 17 -9
0.000264164 7.5 17.5 -9
0.000281191 7.5 17.5 -9.5
0.000129507 8.5 16.5 -10
0.000263936 7.5 17.5 -10
6.10121e-05 8.5 16.5 -10.5
0.000525271 8 17 -10
0.000223599 7.5 17.5 -10.5
0.000332422 8 17 -11
0.000179727 7.5 17.5 -11
0.000130998 7.5 17.5 -11.5
7.85479e-05 7.5 17.5 -12
0.000150867 8 17 -12
2.26771e-05 7.5 17.5 -12.5
3.93968e-05 8 17 -13
3.60543e-05 10 15.5 0
4.33823e-05 9.5 16 0
4.66753e-05 10 15.5 -0.5
8.77928e-05 9.5 16 -0.5
4.56161e-05 10 15.5 -1
0.000116369 9.5 16 -1
4.42811e-05 9 16.5 -1
3.26734e-05 10 15.5 -1.5
0.0001319 9.5 16 -1.5
8.04091e-05 9 16.5 -1.5
0.000137767 9.5 16 -2
0.00012872 9 16.5 -2
0.000140405 9.5 16 -2.5
0.00018291 9 16.5 -2.5
8.53685e-05 8 17 -12.5
3.67643e-05 8.5 17 -2.5
0.000227905 9 16.5 -3
0.000133345 9.5 16 -3
6.89457e-05 8.5 17 -3
0.000263861 9 16.5 -3.5
0.000113956 9.5 16 -3.5
0.000121471 8.5 17 -3.5
0.000288283 9 16.5 -4
8.96647e-05 9.5 16 -4
0.000233432 8 17 -11.5
0.00019077 8.5 17 -4
6.12887e-05 9.5 16 -4.5
0.000264844 8.5 17 -4.5
3.43467e-05 9.5 16 -5
0.000297301 9 16.5 -4.5
0.000305821 9 16.5 -5
0.000436645 8 17 -10.5
3.63689e-05 8 17.5 -4.5
0.000338668 8.5 17 -5
0.000575159 8 17 -9.5
6.30507e-05 8 17.5 -5
0.00039688 8.5 17 -5.5
0.000299249 9 16.5 -5.5
0.000107739 8 17.5 -5.5
0.000448084 8.5 17 -6
0.000274287 9 16.5 -6
0.000173367 8 17.5 -6
0.000483323 8.5 17 -6.5
0.000240072 9 16.5 -6.5
0.000252555 8 17.5 -6.5
0.000331107 8 17.5 -7
0.000129937 9 16.5 -7.5
0.000493254 8.5 17 -7
0.000402977 8 17.5 -7.5
6.83916e-05 9 16.5 -8
2.99622e-05 7.5 18 -7.5
0.000455445 8 17.5 -8
4.47473e-05 7.5 18 -8
0.00047067 8 17.5 -8.5
5.29785e-05 7.5 18 -8.5
0.000452025 8 17.5 -9
0.000383796 8.5 17 -9
5.44846e-05 7.5 18 -9
0.000415471 8 17.5 -9.5
4.34639e-05 7.5 18 -9.5
0.00035883 8 17.5 -10
0.000211996 8.5 17 -10
2.55892e-05 7.5 18 -10
8.06901e-05 8.5 17 -11
0.000282749 8 17.5 -10.5
3.84215e-05 8.5 17 -11.5
0.000134762 8 17.5 -11.5
3.4361e-05 8 17.5 -12.5
2.64602e-05 10 16 0.5
6.9002e-05 10 16 0
3.66761e-05 9.5 16.5 0
8.79972e-05 10 16 -0.5
8.30808e-05 9.5 16.5 -0.5
9.28311e-05 10 16 -1
0.000125545 9.5 16.5 -1
2.04149e-05 9 17 -1
8.41516e-05 10 16 -1.5
0.000155838 9.5 16.5 -1.5
5.61406e-05 9 17 -1.5
0.000180508 9.5 16.5 -2
6.66624e-05 10 16 -2
7.55055e-05 8 17.5 -12
0.000100145 9 17 -2
4.68853e-05 10 16 -2.5
0.0001952 9.5 16.5 -2.5
0.00015709 9 17 -2.5
2.64711e-05 10 16 -3
0.000204382 8 17.5 -11
0.000214561 9 17 -3
0.000203111 9.5 16.5 -3
3.50734e-05 8.5 17.5 -3
0.000261875 9 17 -3.5
0.000203412 9.5 16.5 -3.5
6.77933e-05 8.5 17.5 -3.5
0.000301636 9 17 -4
0.000182144 9.5 16.5 -4
0.000118556 8.5 17.5 -4
0.000151307 9.5 16.5 -4.5
0.000185323 8.5 17.5 -4.5
0.00011008 9.5 16.5 -5
0.000333958 9 17 -4.5
0.000353422 9 17 -5
0.000136027 8.5 17 -10.5
0.000259163 8.5 17.5 -5
0.000370287 9 17 -5.5
7.03699e-05 9.5 16.5 -5.5
0.000335904 8.5 17.5 -5.5
0.000374239 9 17 -6
3.61825e-05 9.5 16.5 -6
4.04155e-05 8 18 -5.5
0.000395646 8.5 17.5 -6
6.8438e-05 8 18 -6
0.000435117 8.5 17.5 -6.5
0.000345749 9 17 -6.5
0.000103094 8 18 -6.5
0.000454603 8.5 17.5 -7
0.000292529 9 17 -7
0.000140142 8 18 -7
0.000458607 8.5 17.5 -7.5
0.000173336 8 18 -7.5
0.000436495 8.5 17.5 -8
0.000198333 8 18 -8
0.000208144 8 18 -8.5
4.74334e-05 9 17 -9
0.000203138 8 18 -9
0.000182264 8 18 -9.5
0.00027894 8.5 17.5 -9.5
0.000139891 8 18 -10
9.40219e-05 8 18 -10.5
0.000137438 8.5 17.5 -10.5
5.54711e-05 8 18 -11
2.31807e-05 8 18 -11.5
4.62788e-05 8.5 17.5 -11.5
2.1032e-05 10.5 16 0.5
2.58931e-05 10 16.5 0.5
3.64437e-05 10.5 16 0
7.52973e-05 10 16.5 0
3.61045e-05 10.5 16 -0.5
0.000106612 10 16.5 -0.5
5.12803e-05 9.5 17 -0.5
2.3293e-05 10.5 16 -1
9.71221e-05 9.5 17 -1
0.000119539 10 16.5 -1
0.000126234 10 16.5 -1.5
0.000143435 9.5 17 -1.5
0.000179134 9.5 17 -2
0.000121481 10 16.5 -2
5.03272e-05 9 17.5 -2
0.000209376 9.5 17 -2.5
0.00010158 10 16.5 -2.5
9.25097e-05 9 17.5 -2.5
7.4156e-05 10 16.5 -3
0.000150906 9 17.5 -3
4.38971e-05 10 16.5 -3.5
0.000229961 9.5 17 -3
0.000243102 9.5 17 -3.5
8.51399e-05 8.5 17.5 -11
0.000215542 9 17.5 -3.5
0.000204581 8.5 17.5 -10
2.17551e-05 8.5 18 -3.5
0.000268584 9 17.5 -4
0.000245955 9.5 17 -4
5.01959e-05 8.5 18 -4
0.000309572 9 17.5 -4.5
0.000224706 9.5 17 -4.5
8.12595e-05 8.5 18 -4.5
0.00033958 9 17.5 -5
0.000194767 9.5 17 -5
0.00012262 8.5 18 -5
0.000177176 8.5 18 -5.5
0.000106703 9.5 17 -6
0.000354241 9 17.5 -5.5
0.000154113 9.5 17 -5.5
0.000361045 9 17.5 -6
0.000350894 8.5 17.5 -9
0.000407928 8.5 17.5 -8.5
0.00023482 8.5 18 -6
0.000346336 9 17.5 -6.5
5.83686e-05 9.5 17 -6.5
0.00028128 8.5 18 -6.5
0.000315468 9 17.5 -7
0.000300375 8.5 18 -7
0.000304715 8.5 18 -7.5
2.0424e-05 8 18.5 -7.5
0.000293322 8.5 18 -8
0.000221557 9 17.5 -8
2.28287e-05 8 18.5 -8
0.000268808 8.5 18 -8.5
2.21452e-05 8 18.5 -8.5
0.000225893 8.5 18 -9
0.000104773 9 17.5 -9
2.02879e-05 8 18.5 -9
0.000125285 8.5 18 -10
4.69119e-05 8.5 18 -11
2.51115e-05 10.5 16.5 0.5
4.35661e-05 10 17 0
5.26589e-05 10.5 16.5 0
5.88816e-05 10.5 16.5 -0.5
8.95847e-05 10 17 -0.5
0.000120367 10 17 -1
5.31207e-05 10.5 16.5 -1
4.64046e-05 9.5 17.5 -1
3.39732e-05 10.5 16.5 -1.5
2.03996e-05 8.5 18 -11.5
0.000136776 10 17 -1.5
8.98388e-05 9.5 17.5 -1.5
0.000138954 9.5 17.5 -2
0.00014604 10 17 -2
0.000179294 9.5 17.5 -2.5
0.000145606 10 17 -2.5
8.13026e-05 8.5 18 -10.5
3.11933e-05 9 18 -2.5
0.000128009 10 17 -3
6.82691e-05 9 18 -3
0.00010167 10 17 -3.5
0.000211068 9.5 17.5 -3
0.000172695 8.5 18 -9.5
0.000230257 9.5 17.5 -3.5
0.000112847 9 18 -3.5
0.000244279 9.5 17.5 -4
6.8746e-05 10 17 -4
0.000166817 9 18 -4
0.000251326 9.5 17.5 -4.5
3.69452e-05 10 17 -4.5
0.000214466 9 18 -4.5
0.000248517 9 18 -5
0.000240105 9.5 17.5 -5
2.01205e-05 8.5 18.5 -5
0.000272684 9 18 -5.5
0.000211485 9.5 17.5 -5.5
4.69267e-05 8.5 18.5 -5.5
0.000282156 9 18 -6
7.31975e-05 8.5 18.5 -6
9.01775e-05 8.5 18.5 -6.5
7.07892e-05 9.5 17.5 -7
0.000274597 9 18 -6.5
0.000101801 8.5 18.5 -7
3.62238e-05 9.5 17.5 -7.5
0.000264348 9 18 -7
0.000108239 8.5 18.5 -7.5
0.000110363 8.5 18.5 -8
9.67236e-05 8.5 18.5 -8.5
7.82637e-05 8.5 18.5 -9
0.000104954 9 18 -9
5.41056e-05 8.5 18.5 -9.5
2.24094e-05 8.5 18.5 -10
3.92026e-05 9 18 -10
3.91051e-05 10.5 17 0
4.04518e-05 10 17.5 -0.5
6.37351e-05 10.5 17 -0.5
8.24281e-05 10 17.5 -1
6.8594e-05 10.5 17 -1
6.01874e-05 10.5 17 -1.5
0.000113648 10 17.5 -1.5
2.39172e-05 9.5 18 -1.5
0.000133339 10 17.5 -2
4.25502e-05 10.5 17 -2
6.25509e-05 9.5 18 -2
2.67954e-05 10.5 17 -2.5
0.000101683 9.5 18 -2.5
0.000146792 10 17.5 -2.5
0.000139842 9.5 18 -3
0.000148793 10 17.5 -3
0.000172972 9.5 18 -3.5
0.000134779 10 17.5 -3.5
2.41427e-05 9 18.5 -3.5
5.52004e-05 9 18.5 -4
7.67961e-05 10 17.5 -4.5
0.000196437 9.5 18 -4
8.05479e-05 9 18.5 -4.5
4.61189e-05 10 17.5 -5
0.000207478 9.5 18 -4.5
0.000108835 10 17.5 -4
6.76118e-05 9 18 -9.5
0.000106483 9 18.5 -5
0.000211419 9.5 18 -5
0.000131662 9 18.5 -5.5
0.00019438 9.5 18 -5.5
0.000144152 9 18.5 -6
0.000148528 9 18.5 -6.5
0.000143887 9 18.5 -7
0.000101282 9.5 18 -7
3.87946e-05 9.5 18 -8
8.44039e-05 9 18.5 -8.5
3.79168e-05 9 18.5 -9.5
3.60193e-05 10.5 17.5 -0.5
2.04611e-05 10 18 -1
5.94363e-05 10.5 17.5 -1
5.28095e-05 10 18 -1.5
6.54481e-05 10.5 17.5 -1.5
6.07925e-05 10.5 17.5 -2
8.22354e-05 10 18 -2
6.1123e-05 9 18.5 -9
0.000103779 10 18 -2.5
4.46322e-05 10.5 17.5 -2.5
2.15783e-05 9.5 18.5 -2.5
0.000119517 10 18 -3
2.94531e-05 10.5 17.5 -3
4.72656e-05 9.5 18.5 -3
0.000123785 10 18 -3.5
7.61792e-05 9.5 18.5 -3.5
0.000104801 9 18.5 -8
0.000127224 9 18.5 -7.5
0.000100779 9.5 18.5 -4
0.000116679 10 18 -4
0.000116547 9.5 18.5 -4.5
0.000101167 10 18 -4.5
0.000122024 9.5 18.5 -5
2.06321e-05 9 19 -5.5
0.00012291 9.5 18.5 -5.5
2.28315e-05 9 19 -6
0.00011891 9.5 18.5 -6
2.38418e-05 9 19 -6.5
2.25377e-05 9 19 -7
2.04901e-05 10.5 18 -1
3.81518e-05 10.5 18 -1.5
4.81532e-05 10.5 18 -2
3.50155e-05 10 18.5 -2.5
4.87685e-05 10.5 18 -2.5
2.57745e-05 10.5 18 -3.5
5.54549e-05 10 18.5 -3
3.7616e-05 10.5 18 -3
7.08015e-05 10 18.5 -3.5
7.82945e-05 10 18.5 -4
2.09721e-05 9.5 19 -4.5
7.68359e-05 10 18.5 -4.5
2.92587e-05 9.5 19 -5
6.35676e-05 10 18.5 -5
3.32719e-05 9.5 19 -5.5
3.41257e-05 9.5 19 -6
2.8458e-05 10 18.5 -6
2.96721e-05 9.5 19 -6.5
2.04452e-05 10.5 18.5 -2.5
2.12534e-05 9.5 19 -7
2.34105e-05 10.5 18.5 -3
2.22388e-05 10.5 18.5 -3.5
4.40971e-05 10 18.5 -5.5
3.72496e-05 9.5 18.5 -8
5.78918e-05 9.5 18.5 -7.5
7.96358e-05 9.5 18.5 -7
0.000102183 9.5 18.5 -6.5
4.58491e-05 10 18 -5.5
7.45439e-05 10 18 -5
6.66356e-05 9.5 18 -7.5
0.000138411 9.5 18 -6.5
0.000167147 9.5 18 -6
0.000151684 9 18 -8.5
0.000197572 9 18 -8
0.000238007 9 18 -7.5
0.00010966 9.5 17.5 -6.5
0.000163611 9.5 17.5 -6
5.50556e-05 9 17.5 -9.5
0.000161788 9 17.5 -8.5
0.000275701 9 17.5 -7.5
9.75515e-05 9 17 -8.5
0.000153539 9 17 -8
0.00022003 9 17 -7.5
0.000302013 8.5 17 -9.5
0.000451006 8.5 17 -8.5
0.000495886 8.5 17 -8
0.000507785 8.5 17 -7.5
0.000190654 9 16.5 -7
0.000207231 8.5 16.5 -9.5
0.000293172 8.5 16.5 -9
0.000372489 8.5 16.5 -8.5
0.000436302 8.5 16.5 -8
3.59044e-05 9 16 -7.5
0.000220552 8.5 16 -8.5
0.000533054 8 16 -9.5
0.000132116 8 15.5 -11
0.000277414 8 15.5 -10
0.000323727 8 15.5 -9.5
0.000344631 8 15.5 -9
0.000698226 7.5 15.5 -10
0.00014748 8 15 -8.5
0.00044984 7.5 15 -10.5
0.000430543 7.5 15 -10
2.87451e-05 8 14.5 -9.5
3.70668e-05 8 14.5 -9
0.000170962 7.5 14.5 -11
0.000188466 7.5 14.5 -10.5
0.000176185 7.5 14.5 -10
0.000148541 7.5 14.5 -9.5
0.000513753 7 14.5 -11
0.000404556 7 14.5 -10.5
0.000298315 7 14.5 -10
4.54226e-05 7.5 14 -10
0.000223615 7 14 -11
8.29593e-05 7 13.5 -11.5
5.91445e-05 7 13.5 -11
3.61937e-05 7 13.5 -10.5
8.23249e-05 6.5 13 -12
3.82612e-05 6.5 13 -11.5
