0.296813
3.35534e-05 -4.5 1 -5.5
4.2067e-05 -4.5 1 -6
4.16746e-05 -4.5 1 -6.5
2.7776e-05 -4.5 1 -7
3.67374e-05 -4 1 -4.5
7.73299e-05 -4 1 -5
0.00011387 -4 1 -5.5
2.9475e-05 -4.5 1.5 -5
0.000118087 -4 1 -6
4.69036e-05 -4.5 1.5 -5.5
9.34581e-05 -4 1 -6.5
5.927e-05 -4.5 1.5 -6
3.8418e-05 -4 1 -7
6.42796e-05 -4.5 1.5 -6.5
4.5433e-05 -4.5 1.5 -7
2.86575e-05 -3.5 1 -4.5
7.10113e-05 -4 1.5 -4
9.89719e-05 -3.5 1 -5
0.000205951 -4 1.5 -4.5
0.000160907 -3.5 1 -5.5
0.00034836 -4 1.5 -5
0.000163802 -3.5 1 -6
0.00039731 -4 1.5 -5.5
2.9212e-05 -4.5 2 -5
0.000114136 -3.5 1 -6.5
0.000370046 -4 1.5 -6
4.40242e-05 -4.5 2 -5.5
3.92303e-05 -3.5 1 -7
0.000214447 -4 1.5 -6.5
5.42042e-05 -4.5 2 -6
6.47496e-05 -4 1.5 -7
5.97743e-05 -4.5 2 -6.5
5.5504e-05 -4.5 2 -7
2.93479e-05 -3.5 1.5 -3
0.000163162 -3.5 1.5 -3.5
0.000551218 -3.5 1.5 -4
6.83509e-05 -3 1 -5
0.00102745 -3.5 1.5 -4.5
0.000100668 -4 2 -4
0.00012812 -3 1 -5.5
0.00121211 -3.5 1.5 -5
0.00026119 -4 2 -4.5
0.000139455 -3 1 -6
0.0011394 -3.5 1.5 -5.5
0.000401604 -4 2 -5
9.35948e-05 -3 1 -6.5
0.000764953 -3.5 1.5 -6
0.00047397 -4 2 -5.5
2.63523e-05 -3 1 -7
0.000315975 -3.5 1.5 -6.5
0.000479934 -4 2 -6
2.12734e-05 -4.5 2.5 -5.5
6.49992e-05 -3.5 1.5 -7
0.000332212 -4 2 -6.5
2.48237e-05 -4.5 2.5 -6
9.13117e-05 -4 2 -7
3.40525e-05 -4.5 2.5 -6.5
4.14463e-05 -4.5 2.5 -7
4.3805e-05 -3 1.5 -3
0.000267813 -3 1.5 -3.5
6.76028e-05 -3.5 2 -3
2.54094e-05 -2.5 1 -4.5
0.000762259 -3 1.5 -4
0.000502313 -3.5 2 -3.5
6.40441e-05 -2.5 1 -5
0.00125784 -3 1.5 -4.5
0.00145228 -3.5 2 -4
7.99323e-05 -2.5 1 -5.5
0.00140226 -3 1.5 -5
0.0022829 -3.5 2 -4.5
7.66212e-05 -4 2.5 -4
7.92478e-05 -2.5 1 -6
0.00127504 -3 1.5 -5.5
0.0024948 -3.5 2 -5
0.000203737 -4 2.5 -4.5
4.88319e-05 -2.5 1 -6.5
0.000802998 -3 1.5 -6
0.00240493 -3.5 2 -5.5
0.000308247 -4 2.5 -5
2.27703e-05 -2.5 1 -7
0.000307104 -3 1.5 -6.5
0.00158891 -3.5 2 -6
0.000360495 -4 2.5 -5.5
5.40777e-05 -3 1.5 -7
0.00059408 -3.5 2 -6.5
0.000384283 -4 2.5 -6
7.99455e-05 -3.5 2 -7
0.000329665 -4 2.5 -6.5
0.000114874 -4 2.5 -7
2.65895e-05 -2.5 1.5 -3
0.000100412 -3 2 -2.5
0.000228625 -2.5 1.5 -3.5
0.000667912 -3 2 -3
0.000638165 -2.5 1.5 -4
0.00214285 -3 2 -3.5
6.02903e-05 -3.5 2.5 -3
2.76212e-05 -2 1 -5
0.00100973 -2.5 1.5 -4.5
0.00392237 -3 2 -4
0.000461428 -3.5 2.5 -3.5
3.26252e-05 -2 1 -5.5
0.00109887 -2.5 1.5 -5
0.00487997 -3 2 -4.5
0.00147156 -3.5 2.5 -4
2.61648e-05 -2 1 -6
0.000986825 -2.5 1.5 -5.5
0.00486083 -3 2 -5
0.00238515 -3.5 2.5 -4.5
0.000598614 -2.5 1.5 -6
0.00395188 -3 2 -5.5
0.00261109 -3.5 2.5 -5
7.0647e-05 -4 3 -4.5
0.000222529 -2.5 1.5 -6.5
0.00214267 -3 2 -6
0.00259656 -3.5 2.5 -5.5
0.000116798 -4 3 -5
3.39686e-05 -2.5 1.5 -7
0.000654137 -3 2 -6.5
0.00192175 -3.5 2.5 -6
0.000136118 -4 3 -5.5
8.46088e-05 -3 2 -7
0.000770416 -3.5 2.5 -6.5
0.00015311 -4 3 -6
0.000100785 -3.5 2.5 -7
0.000180095 -4 3 -6.5
0.00011231 -4 3 -7
2.49276e-05 -2.5 2 -2
0.000181877 -2.5 2 -2.5
9.37537e-05 -2 1.5 -3.5
0.000897432 -2.5 2 -3
0.000143458 -3 2.5 -2.5
0.000266402 -2 1.5 -4
0.00236427 -2.5 2 -3.5
0.00111725 -3 2.5 -3
0.000427505 -2 1.5 -4.5
0.00402518 -2.5 2 -4
0.00376262 -3 2.5 -3.5
2.08711e-05 -3.5 3 -3
0.000479211 -2 1.5 -5
0.0047998 -2.5 2 -4.5
0.00664743 -3 2.5 -4
0.000214387 -3.5 3 -3.5
0.000436706 -2 1.5 -5.5
0.00473359 -2.5 2 -5
0.00766081 -3 2.5 -4.5
0.000868634 -3.5 3 -4
0.000279788 -2 1.5 -6
0.00372894 -2.5 2 -5.5
0.00762768 -3 2.5 -5
0.00148524 -3.5 3 -4.5
0.000115166 -2 1.5 -6.5
0.001938 -2.5 2 -6
0.00638926 -3 2.5 -5.5
0.0016806 -3.5 3 -5
2.24128e-05 -2 1.5 -7
0.000553326 -2.5 2 -6.5
0.00354425 -3 2.5 -6
0.00176825 -3.5 3 -5.5
7.46315e-05 -2.5 2 -7
0.00102432 -3 2.5 -6.5
0.00159924 -3.5 3 -6
0.000105908 -3 2.5 -7
0.000729837 -3.5 3 -6.5
9.67549e-05 -3.5 3 -7
3.15627e-05 -4 3.5 -6.5
4.89094e-05 -4 3.5 -7
2.10415e-05 -2 2 -2
0.000149522 -2 2 -2.5
0.000101031 -2.5 2.5 -2
2.62232e-05 -1.5 1.5 -3.5
0.000681503 -2 2 -3
0.000684073 -2.5 2.5 -2.5
4.95691e-05 -1.5 1.5 -4
0.00164556 -2 2 -3.5
0.00275636 -2.5 2.5 -3
9.39728e-05 -3 3 -2.5
7.52542e-05 -1.5 1.5 -4.5
0.00266422 -2 2 -4
0.00605824 -2.5 2.5 -3.5
0.000947512 -3 3 -3
8.69138e-05 -1.5 1.5 -5
0.00310832 -2 2 -4.5
0.00900339 -2.5 2.5 -4
0.00366041 -3 3 -3.5
8.45314e-05 -1.5 1.5 -5.5
0.00302829 -2 2 -5
0.00975835 -2.5 2.5 -4.5
0.00663963 -3 3 -4
6.2964e-05 -1.5 1.5 -6
0.00230481 -2 2 -5.5
0.00940948 -2.5 2.5 -5
0.00757152 -3 3 -4.5
0.000180442 -3.5 3.5 -4
4.10196e-05 -1.5 1.5 -6.5
0.00119509 -2 2 -6
0.00717948 -2.5 2.5 -5.5
0.00755132 -3 3 -5
0.000405456 -3.5 3.5 -4.5
0.000359107 -2 2 -6.5
0.00371038 -2.5 2.5 -6
0.00652507 -3 3 -5.5
0.000486105 -3.5 3.5 -5
4.79008e-05 -2 2 -7
0.00101092 -2.5 2.5 -6.5
0.003814 -3 3 -6
0.000514741 -3.5 3.5 -5.5
0.000104423 -2.5 2.5 -7
0.00114041 -3 3 -6.5
0.000554111 -3.5 3.5 -6
0.000101347 -3 3 -7
0.000418555 -3.5 3.5 -6.5
6.9138e-05 -3.5 3.5 -7
3.96788e-05 -1.5 2 -2.5
0.000131376 -2 2.5 -2
0.000140791 -1.5 2 -3
0.000752922 -2 2.5 -2.5
0.000124022 -2.5 3 -2
0.000339119 -1.5 2 -3.5
0.00256706 -2 2.5 -3
0.000970034 -2.5 3 -2.5
0.000612636 -1.5 2 -4
0.00521488 -2 2.5 -3.5
0.00412027 -2.5 3 -3
0.000863809 -1.5 2 -4.5
0.00750558 -2 2.5 -4
0.00869163 -2.5 3 -3.5
0.00025173 -3 3.5 -3
0.000902274 -1.5 2 -5
0.0080353 -2 2.5 -4.5
0.0120377 -2.5 3 -4
0.00178548 -3 3.5 -3.5
0.000778677 -1.5 2 -5.5
0.00766151 -2 2.5 -5
0.0124645 -2.5 3 -4.5
0.00388011 -3 3.5 -4
0.000470036 -1.5 2 -6
0.00562361 -2 2.5 -5.5
0.0118941 -2.5 3 -5
0.00450226 -3 3.5 -4.5
0.000173672 -1.5 2 -6.5
0.00281787 -2 2.5 -6
0.00888823 -2.5 3 -5.5
0.00453473 -3 3.5 -5
4.35059e-05 -3.5 4 -4.5
3.02596e-05 -1.5 2 -7
0.000773486 -2 2.5 -6.5
0.00462193 -2.5 3 -6
0.00420473 -3 3.5 -5.5
6.11228e-05 -3.5 4 -5
8.47757e-05 -2 2.5 -7
0.00126435 -2.5 3 -6.5
0.00264611 -3 3.5 -6
6.00491e-05 -3.5 4 -5.5
0.000112673 -2.5 3 -7
0.000804461 -3 3.5 -6.5
6.08159e-05 -3.5 4 -6
6.34555e-05 -3 3.5 -7
3.91256e-05 -3.5 4 -7
7.14802e-05 -3.5 4 -6.5
8.68152e-05 -1.5 2.5 -2
4.7463e-05 -2 3 -1.5
0.000378541 -1.5 2.5 -2.5
0.000319581 -2 3 -2
0.000981448 -1.5 2.5 -3
0.00165816 -2 3 -2.5
6.42244e-05 -2.5 3.5 -2
0.00189071 -1.5 2.5 -3.5
0.00481267 -2 3 -3
0.000658071 -2.5 3.5 -2.5
2.93644e-05 -1 2 -4.5
0.00284829 -1.5 2.5 -4
0.00902355 -2 3 -3.5
0.00363385 -2.5 3.5 -3
4.22838e-05 -1 2 -5
0.00334792 -1.5 2.5 -4.5
0.0119394 -2 3 -4
0.0083492 -2.5 3.5 -3.5
6.62751e-05 -1 2 -5.5
0.00323374 -1.5 2.5 -5
0.0122192 -2 3 -4.5
0.0115228 -2.5 3.5 -4
0.00018198 -3 4 -3.5
6.70026e-05 -1 2 -6
0.00250447 -1.5 2.5 -5.5
0.0114569 -2 3 -5
0.0117721 -2.5 3.5 -4.5
0.000762907 -3 4 -4
4.16818e-05 -1 2 -6.5
0.00138235 -1.5 2.5 -6
0.00826024 -2 3 -5.5
0.0112093 -2.5 3.5 -5
0.00102975 -3 4 -4.5
0.000462498 -1.5 2.5 -6.5
0.00416474 -2 3 -6
0.0083343 -2.5 3.5 -5.5
0.00104565 -3 4 -5
6.51426e-05 -1.5 2.5 -7
0.00110129 -2 3 -6.5
0.00432559 -2.5 3.5 -6
0.00106466 -3 4 -5.5
0.000105291 -2 3 -7
0.00109258 -2.5 3.5 -6.5
0.000791372 -3 4 -6
7.62146e-05 -2.5 3.5 -7
0.000280747 -3 4 -6.5
2.12193e-05 -3 4 -7
4.99472e-05 -1.5 3 -1.5
0.000300089 -1.5 3 -2
5.25061e-05 -2 3.5 -1.5
2.43502e-05 -1 2.5 -3
0.001236 -1.5 3 -2.5
0.000376879 -2 3.5 -2
5.59424e-05 -1 2.5 -3.5
0.00299933 -1.5 3 -3
0.00201998 -2 3.5 -2.5
0.000140772 -1 2.5 -4
0.00517669 -1.5 3 -3.5
0.005666 -2 3.5 -3
9.70409e-05 -2.5 4 -2.5
0.00025381 -1 2.5 -4.5
0.00688912 -1.5 3 -4
0.0101824 -2 3.5 -3.5
0.00115699 -2.5 4 -3
0.000368211 -1 2.5 -5
0.00718911 -1.5 3 -4.5
0.0128559 -2 3.5 -4
0.00401614 -2.5 4 -3.5
0.000426439 -1 2.5 -5.5
0.00666307 -1.5 3 -5
0.0129741 -2 3.5 -4.5
0.00594367 -2.5 4 -4
0.000354949 -1 2.5 -6
0.00480011 -1.5 3 -5.5
0.0119581 -2 3.5 -5
0.00601067 -2.5 4 -4.5
5.94946e-05 -3 4.5 -4
0.000178996 -1 2.5 -6.5
0.00251297 -1.5 3 -6
0.00854838 -2 3.5 -5.5
0.00563674 -2.5 4 -5
0.000108833 -3 4.5 -4.5
4.34568e-05 -1 2.5 -7
0.000778137 -1.5 3 -6.5
0.00429191 -2 3.5 -6
0.00408118 -2.5 4 -5.5
0.00010794 -3 4.5 -5
8.49959e-05 -1.5 3 -7
0.00109604 -2 3.5 -6.5
0.00204748 -2.5 4 -6
8.48955e-05 -2 3.5 -7
0.000443762 -2.5 4 -6.5
8.92245e-05 -3 4.5 -6
3.19791e-05 -2.5 4 -7
4.41122e-05 -3 4.5 -6.5
0.000103103 -3 4.5 -5.5
7.06627e-05 -1 3 -2
8.706e-05 -1.5 3.5 -1.5
0.00016506 -1 3 -2.5
0.000487827 -1.5 3.5 -2
0.000323885 -1 3 -3
0.00204419 -1.5 3.5 -2.5
0.000184057 -2 4 -2
0.000602367 -1 3 -3.5
0.00491094 -1.5 3.5 -3
0.00141887 -2 4 -2.5
0.00100082 -1 3 -4
0.00810175 -1.5 3.5 -3.5
0.00482245 -2 4 -3
0.00128907 -1 3 -4.5
0.0098012 -1.5 3.5 -4
0.00874119 -2 4 -3.5
7.84826e-05 -2.5 4.5 -3
0.00140428 -1 3 -5
0.00979164 -1.5 3.5 -4.5
0.0102194 -2 4 -4
0.000644811 -2.5 4.5 -3.5
0.0012683 -1 3 -5.5
0.00867791 -1.5 3.5 -5
0.0100825 -2 4 -4.5
0.00118406 -2.5 4.5 -4
2.01707e-05 -0.5 2.5 -6.5
0.000864849 -1 3 -6
0.00593628 -1.5 3.5 -5.5
0.00868105 -2 4 -5
0.00120757 -2.5 4.5 -4.5
0.000387501 -1 3 -6.5
0.00298668 -1.5 3.5 -6
0.00571543 -2 4 -5.5
0.00114277 -2.5 4.5 -5
7.30615e-05 -1 3 -7
0.00086741 -1.5 3.5 -6.5
0.00265639 -2 4 -6
0.000803099 -2.5 4.5 -5.5
8.27983e-05 -1.5 3.5 -7
0.00056844 -2 4 -6.5
0.000376098 -2.5 4.5 -6
3.70661e-05 -2 4 -7
6.8768e-05 -2.5 4.5 -6.5
6.9063e-05 -1 3.5 -1.5
0.000296843 -1 3.5 -2
8.66164e-05 -1.5 4 -1.5
0.000746176 -1 3.5 -2.5
0.000506105 -1.5 4 -2
0.00141159 -1 3.5 -3
0.00211734 -1.5 4 -2.5
2.22496e-05 -2 4.5 -2
0.00229174 -1 3.5 -3.5
0.00514277 -1.5 4 -3
0.000327972 -2 4.5 -2.5
2.06129e-05 -0.5 3 -4.5
0.00299855 -1 3.5 -4
0.00845753 -1.5 4 -3.5
0.0018924 -2 4.5 -3
2.5172e-05 -0.5 3 -5
0.00322185 -1 3.5 -4.5
0.00962529 -1.5 4 -4
0.00381792 -2 4.5 -3.5
3.54256e-05 -0.5 3 -5.5
0.00295968 -1 3.5 -5
0.00946103 -1.5 4 -4.5
0.00418498 -2 4.5 -4
2.96019e-05 -2.5 5 -3.5
7.85261e-05 -0.5 3 -6
0.00222054 -1 3.5 -5.5
0.00801198 -1.5 4 -5
0.00403463 -2 4.5 -4.5
8.23255e-05 -2.5 5 -4
7.61542e-05 -0.5 3 -6.5
0.00129046 -1 3.5 -6
0.00518377 -1.5 4 -5.5
0.00312196 -2 4.5 -5
9.54958e-05 -2.5 5 -4.5
3.68809e-05 -0.5 3 -7
0.000509766 -1 3.5 -6.5
0.0023863 -1.5 4 -6
0.0017942 -2 4.5 -5.5
9.68594e-05 -2.5 5 -5
7.73906e-05 -1 3.5 -7
0.000549506 -1.5 4 -6.5
0.000697252 -2 4.5 -6
4.24689e-05 -1.5 4 -7
0.000100152 -2 4.5 -6.5
3.49796e-05 -2.5 5 -6
8.0419e-05 -2.5 5 -5.5
9.70749e-05 -1 4 -1.5
0.000489996 -1 4 -2
3.52875e-05 -1.5 4.5 -1.5
0.00142321 -1 4 -2.5
0.000287299 -1.5 4.5 -2
2.15092e-05 -0.5 3.5 -3.5
0.00274142 -1 4 -3
0.00145456 -1.5 4.5 -2.5
5.41838e-05 -0.5 3.5 -4
0.00399241 -1 4 -3.5
0.00348148 -1.5 4.5 -3
2.23307e-05 -2 5 -2.5
0.00010442 -0.5 3.5 -4.5
0.00459752 -1 4 -4
0.00513925 -1.5 4.5 -3.5
0.00024575 -2 5 -3
0.000146308 -0.5 3.5 -5
0.00451279 -1 4 -4.5
0.00534504 -1.5 4.5 -4
0.000204342 -0.5 3.5 -5.5
0.00382894 -1 4 -5
0.00499273 -1.5 4.5 -4.5
0.00064734 -2 5 -4
0.000221904 -0.5 3.5 -6
0.00259224 -1 4 -5.5
0.00367511 -1.5 4.5 -5
0.00063007 -2 5 -4.5
0.000158565 -0.5 3.5 -6.5
0.00134068 -1 4 -6
0.00205155 -1.5 4.5 -5.5
0.000469731 -2 5 -5
5.60711e-05 -0.5 3.5 -7
0.000435034 -1 4 -6.5
4.17265e-05 -1 4 -7
0.000123144 -1.5 4.5 -6.5
2.17945e-05 -1.5 4.5 -7
7.73387e-05 -2 5 -6
0.000787416 -1.5 4.5 -6
0.000244004 -2 5 -5.5
0.000586857 -2 5 -3.5
4.64206e-05 -0.5 4 -1.5
0.00010055 -0.5 4 -2
9.28239e-05 -1 4.5 -1.5
0.000153996 -0.5 4 -2.5
0.000465668 -1 4.5 -2
0.000208706 -0.5 4 -3
0.00146867 -1 4.5 -2.5
6.76833e-05 -1.5 5 -2
0.000319118 -0.5 4 -3.5
0.00291375 -1 4.5 -3
0.000498534 -1.5 5 -2.5
0.000457467 -0.5 4 -4
0.004043 -1 4.5 -3.5
0.00123486 -1.5 5 -3
0.000509958 -0.5 4 -4.5
0.00418514 -1 4.5 -4
0.00150893 -1.5 5 -3.5
0.000507012 -0.5 4 -5
0.00387391 -1 4.5 -4.5
0.000456665 -0.5 4 -5.5
0.00282316 -1 4.5 -5
0.00122919 -1.5 5 -4.5
2.29993e-05 -2 5.5 -4
0.00035305 -0.5 4 -6
0.00158575 -1 4.5 -5.5
0.000775307 -1.5 5 -5
2.34791e-05 -2 5.5 -5
0.000186217 -0.5 4 -6.5
4.99569e-05 -0.5 4 -7
0.000128084 -1 4.5 -6.5
2.43324e-05 -1.5 5 -6.5
0.000102561 -1.5 5 -6
0.000637437 -1 4.5 -6
0.000358861 -1.5 5 -5.5
2.59276e-05 -2 5.5 -4.5
0.00148374 -1.5 5 -4
8.669e-05 -0.5 4.5 -1.5
0.000266249 -0.5 4.5 -2
4.89512e-05 -1 5 -1.5
0.000494282 -0.5 4.5 -2.5
0.000286175 -1 5 -2
0.000745097 -0.5 4.5 -3
0.000845549 -1 5 -2.5
0.000997909 -0.5 4.5 -3.5
0.00147216 -1 5 -3
0.00111668 -0.5 4.5 -4
0.00165873 -1 5 -3.5
0.00011376 -1.5 5.5 -3
0.0010604 -0.5 4.5 -4.5
0.00160319 -1 5 -4
0.00014226 -1.5 5.5 -3.5
0.000862342 -0.5 4.5 -5
0.000119602 -1.5 5.5 -4.5
0.000571471 -0.5 4.5 -5.5
7.12644e-05 -1.5 5.5 -5
0.000780797 -1 5 -5
9.75007e-05 -1 5 -6
9.5949e-05 -0.5 4.5 -6.5
0.000291316 -0.5 4.5 -6
0.000351608 -1 5 -5.5
0.00128279 -1 5 -4.5
0.000142946 -1.5 5.5 -4
3.66632e-05 -1.5 5.5 -2.5
7.26198e-05 -0.5 5 -1.5
0.000272747 -0.5 5 -2
0.000589304 -0.5 5 -2.5
6.58251e-05 -1 5.5 -2
0.000892679 -0.5 5 -3
0.000193316 -1 5.5 -2.5
2.24622e-05 0 4.5 -4
0.00100175 -0.5 5 -3.5
0.000272853 -1 5.5 -3
2.87466e-05 0 4.5 -4.5
0.000964914 -0.5 5 -4
2.98724e-05 0 4.5 -5
0.000763449 -0.5 5 -4.5
0.000243403 -1 5.5 -4
3.97198e-05 0 4.5 -5.5
0.000471954 -0.5 5 -5
0.000167766 -1 5.5 -4.5
3.97005e-05 0 4.5 -6
0.000222626 -0.5 5 -5.5
2.38424e-05 0 4.5 -6.5
7.55103e-05 -0.5 5 -6
2.8603e-05 -1 5.5 -5.5
8.93931e-05 -1 5.5 -5
0.000274615 -1 5.5 -3.5
3.15534e-05 0 5 -1.5
5.43158e-05 0 5 -2
2.76772e-05 -0.5 5.5 -1.5
7.4808e-05 0 5 -2.5
0.000111592 -0.5 5.5 -2
9.76802e-05 0 5 -3
0.000229544 -0.5 5.5 -2.5
0.000119854 0 5 -3.5
0.000286175 -0.5 5.5 -3
0.000123384 0 5 -4
0.000281396 -0.5 5.5 -3.5
0.000112709 0 5 -4.5
0.00023593 -0.5 5.5 -4
8.79928e-05 0 5 -5
0.000153307 -0.5 5.5 -4.5
5.99334e-05 0 5 -5.5
7.31549e-05 -0.5 5.5 -5
2.40102e-05 0 5 -6
2.39124e-05 0 5.5 -1.5
6.73202e-05 0 5.5 -2
0.000116873 0 5.5 -2.5
0.000141243 0 5.5 -3
0.000137243 0 5.5 -3.5
0.000109175 0 5.5 -4
6.72923e-05 0 5.5 -4.5
2.65784e-05 0 5.5 -5
