0.307339
2.08474e-05 -4.5 0.5 -7.5
2.0941e-05 -4 0.5 -5.5
3.22109e-05 -4 0.5 -6
4.88943e-05 -4 0.5 -6.5
4.53419e-05 -4 0.5 -7
2.43242e-05 -4.5 1 -6.5
2.56606e-05 -4 0.5 -7.5
2.80191e-05 -4.5 1 -7
2.16355e-05 -4.5 1 -7.5
2.01651e-05 -4 1 -4.5
5.89941e-05 -4 1 -5
0.000116964 -4 1 -5.5
5.18201e-05 -3.5 0.5 -6.5
0.000161768 -4 1 -6
6.12174e-05 -3.5 0.5 -7
0.00016586 -4 1 -6.5
3.07732e-05 -3.5 0.5 -7.5
0.000123201 -4 1 -7
2.22506e-05 -4.5 1.5 -6.5
5.11436e-05 -4 1 -7.5
2.60341e-05 -4.5 1.5 -7
2.8585e-05 -4.5 1.5 -7.5
7.85275e-05 -3.5 1 -4.5
0.000230749 -3.5 1 -5
2.61704e-05 -4 1.5 -4.5
0.000403144 -3.5 1 -5.5
8.49343e-05 -4 1.5 -5
3.39501e-05 -3 0.5 -6.5
0.00044857 -3.5 1 -6
0.000155591 -4 1.5 -5.5
4.49364e-05 -3 0.5 -7
0.000383156 -3.5 1 -6.5
0.000202217 -4 1.5 -6
2.35511e-05 -3 0.5 -7.5
0.000215434 -3.5 1 -7
0.000218164 -4 1.5 -6.5
6.57714e-05 -3.5 1 -7.5
0.000189663 -4 1.5 -7
7.81153e-05 -4 1.5 -7.5
2.13008e-05 -4.5 2 -7.5
0.000135369 -3.5 1.5 -4
0.000166572 -3 1 -5
0.000510842 -3.5 1.5 -4.5
0.000337634 -3 1 -5.5
0.000987656 -3.5 1.5 -5
2.37033e-05 -4 2 -4.5
2.09683e-05 -2.5 0.5 -6.5
0.000436027 -3 1 -6
0.00123227 -3.5 1.5 -5.5
7.75618e-05 -4 2 -5
2.25171e-05 -2.5 0.5 -7
0.00038895 -3 1 -6.5
0.00123042 -3.5 1.5 -6
0.000135427 -4 2 -5.5
0.000214745 -3 1 -7
0.000944341 -3.5 1.5 -6.5
0.00017218 -4 2 -6
5.71643e-05 -3 1 -7.5
0.000424516 -3.5 1.5 -7
0.000180628 -4 2 -6.5
8.037e-05 -3.5 1.5 -7.5
0.000181881 -4 2 -7
9.55107e-05 -4 2 -7.5
2.13464e-05 -3 1.5 -3
0.000135843 -3 1.5 -3.5
0.000608085 -3 1.5 -4
8.24753e-05 -2.5 1 -5
0.00148561 -3 1.5 -4.5
0.000145126 -3.5 2 -4
0.000193165 -2.5 1 -5.5
0.00228846 -3 1.5 -5
0.00057902 -3.5 2 -4.5
0.000272861 -2.5 1 -6
0.00245177 -3 1.5 -5.5
0.00111753 -3.5 2 -5
0.000253645 -2.5 1 -6.5
0.00220678 -3 1.5 -6
0.00138574 -3.5 2 -5.5
3.17079e-05 -4 2.5 -5
0.0001455 -2.5 1 -7
0.00137594 -3 1.5 -6.5
0.0014195 -3.5 2 -6
5.86629e-05 -4 2.5 -5.5
4.03177e-05 -2.5 1 -7.5
0.000517377 -3 1.5 -7
0.0012074 -3.5 2 -6.5
7.18426e-05 -4 2.5 -6
7.58483e-05 -3 1.5 -7.5
0.000580633 -3.5 2 -7
7.87788e-05 -4 2.5 -6.5
0.000107174 -3.5 2 -7.5
9.66445e-05 -4 2.5 -7
8.619e-05 -4 2.5 -7.5
0.000108223 -2.5 1.5 -3.5
5.07386e-05 -3 2 -3
0.000575438 -2.5 1.5 -4
0.000419033 -3 2 -3.5
4.22395e-05 -2 1 -5
0.00142902 -2.5 1.5 -4.5
0.00180138 -3 2 -4
7.90777e-05 -2 1 -5.5
0.00214609 -2.5 1.5 -5
0.00374916 -3 2 -4.5
7.49221e-05 -3.5 2.5 -4
9.33076e-05 -2 1 -6
0.00227543 -2.5 1.5 -5.5
0.0049219 -3 2 -5
0.000379216 -3.5 2.5 -4.5
9.17959e-05 -2 1 -6.5
0.00202365 -2.5 1.5 -6
0.00499955 -3 2 -5.5
0.000761629 -3.5 2.5 -5
5.93745e-05 -2 1 -7
0.00122665 -2.5 1.5 -6.5
0.00444801 -3 2 -6
0.000959685 -3.5 2.5 -5.5
0.000440854 -2.5 1.5 -7
0.0026528 -3 2 -6.5
0.00102251 -3.5 2.5 -6
6.77281e-05 -2.5 1.5 -7.5
0.00086327 -3 2 -7
0.00102022 -3.5 2.5 -6.5
8.99141e-05 -3 2 -7.5
0.000572187 -3.5 2.5 -7
0.000115281 -3.5 2.5 -7.5
3.6097e-05 -4 3 -7.5
3.61368e-05 -2.5 2 -2.5
5.15857e-05 -2 1.5 -3.5
0.000257576 -2.5 2 -3
0.000316527 -2 1.5 -4
0.00124895 -2.5 2 -3.5
3.72183e-05 -3 2.5 -3
0.00079067 -2 1.5 -4.5
0.00326204 -2.5 2 -4
0.000348144 -3 2.5 -3.5
2.21752e-05 -1.5 1 -5.5
0.00119475 -2 1.5 -5
0.00549662 -2.5 2 -4.5
0.00187005 -3 2.5 -4
2.18907e-05 -1.5 1 -6
0.00128153 -2 1.5 -5.5
0.00652221 -2.5 2 -5
0.00405194 -3 2.5 -4.5
2.05084e-05 -1.5 1 -6.5
0.00114503 -2 1.5 -6
0.00643035 -2.5 2 -5.5
0.00525491 -3 2.5 -5
0.000100864 -3.5 3 -4.5
0.000702756 -2 1.5 -6.5
0.00520177 -2.5 2 -6
0.00532715 -3 2.5 -5.5
0.000257446 -3.5 3 -5
0.000263958 -2 1.5 -7
0.00284691 -2.5 2 -6.5
0.00490604 -3 2.5 -6
0.000340859 -3.5 3 -5.5
4.53433e-05 -2 1.5 -7.5
0.00086558 -2.5 2 -7
0.00308819 -3 2.5 -6.5
0.000361856 -3.5 3 -6
9.17766e-05 -2.5 2 -7.5
0.00103683 -3 2.5 -7
0.000387919 -3.5 3 -6.5
9.68304e-05 -3 2.5 -7.5
0.00035858 -3.5 3 -7
0.000103774 -3.5 3 -7.5
4.00465e-05 -2 2 -2.5
2.06039e-05 -1.5 1.5 -3.5
0.000264481 -2 2 -3
5.86065e-05 -2.5 2.5 -2.5
7.00276e-05 -1.5 1.5 -4
0.00118806 -2 2 -3.5
0.000468544 -2.5 2.5 -3
0.000156965 -1.5 1.5 -4.5
0.00288815 -2 2 -4
0.0025202 -2.5 2.5 -3.5
0.000258562 -1.5 1.5 -5
0.00466677 -2 2 -4.5
0.00619974 -2.5 2.5 -4
0.000131094 -3 3 -3.5
0.000312894 -1.5 1.5 -5.5
0.00539817 -2 2 -5
0.00956148 -2.5 2.5 -4.5
0.000998394 -3 3 -4
0.000300149 -1.5 1.5 -6
0.00528479 -2 2 -5.5
0.0104328 -2.5 2.5 -5
0.00268943 -3 3 -4.5
0.000218184 -1.5 1.5 -6.5
0.00412852 -2 2 -6
0.0101705 -2.5 2.5 -5.5
0.00354902 -3 3 -5
0.000104467 -1.5 1.5 -7
0.0021774 -2 2 -6.5
0.00804784 -2.5 2.5 -6
0.00363146 -3 3 -5.5
3.06669e-05 -3.5 3.5 -5
2.01242e-05 -1.5 1.5 -7.5
0.000641798 -2 2 -7
0.00432979 -2.5 2.5 -6.5
0.00355788 -3 3 -6
5.11505e-05 -3.5 3.5 -5.5
7.7274e-05 -2 2 -7.5
0.00121078 -2.5 2.5 -7
0.00253812 -3 3 -6.5
5.10572e-05 -3.5 3.5 -6
0.000110262 -2.5 2.5 -7.5
0.000897445 -3 3 -7
5.13999e-05 -3.5 3.5 -6.5
7.26017e-05 -3 3 -7.5
7.4254e-05 -3.5 3.5 -7
5.77163e-05 -3.5 3.5 -7.5
2.15335e-05 -1.5 2 -2.5
2.33642e-05 -2 2.5 -2
0.000128014 -1.5 2 -3
0.000167391 -2 2.5 -2.5
0.000479345 -1.5 2 -3.5
0.000949446 -2 2.5 -3
3.70987e-05 -2.5 3 -2.5
0.0010982 -1.5 2 -4
0.00323516 -2 2.5 -3.5
0.000378165 -2.5 3 -3
2.63165e-05 -1 1.5 -5
0.0018227 -1.5 2 -4.5
0.00673277 -2 2.5 -4
0.00242289 -2.5 3 -3.5
3.02859e-05 -1 1.5 -5.5
0.00226474 -1.5 2 -5
0.00984084 -2 2.5 -4.5
0.00658855 -2.5 3 -4
2.85248e-05 -1 1.5 -6
0.0022463 -1.5 2 -5.5
0.0105421 -2 2.5 -5
0.0101836 -2.5 3 -4.5
0.000147388 -3 3.5 -4
2.16261e-05 -1 1.5 -6.5
0.00181173 -1.5 2 -6
0.0101523 -2 2.5 -5.5
0.0108374 -2.5 3 -5
0.000672365 -3 3.5 -4.5
0.00102334 -1.5 2 -6.5
0.00772629 -2 2.5 -6
0.0106012 -2.5 3 -5.5
0.00102192 -3 3.5 -5
0.000353123 -1.5 2 -7
0.00400242 -2 2.5 -6.5
0.00845072 -2.5 3 -6
0.00105395 -3 3.5 -5.5
5.80695e-05 -1.5 2 -7.5
0.00108451 -2 2.5 -7
0.00458827 -2.5 3 -6.5
0.00108136 -3 3.5 -6
0.0001018 -2 2.5 -7.5
0.00125448 -2.5 3 -7
0.00100175 -3 3.5 -6.5
9.08258e-05 -2.5 3 -7.5
0.000438073 -3 3.5 -7
3.88632e-05 -3 3.5 -7.5
2.38624e-05 -1.5 2.5 -2
0.000154576 -1.5 2.5 -2.5
3.32136e-05 -2 3 -2
2.00572e-05 -1 2 -3.5
0.000767618 -1.5 2.5 -3
0.000254128 -2 3 -2.5
4.83662e-05 -1 2 -4
0.00219922 -1.5 2.5 -3.5
0.00153244 -2 3 -3
0.000110765 -1 2 -4.5
0.00419238 -1.5 2.5 -4
0.00499462 -2 3 -3.5
9.65082e-05 -2.5 3.5 -3
0.000189061 -1 2 -5
0.0059601 -1.5 2.5 -4.5
0.0095976 -2 3 -4
0.0010423 -2.5 3.5 -3.5
0.000257259 -1 2 -5.5
0.00646439 -1.5 2.5 -5
0.0126871 -2 3 -4.5
0.00397616 -2.5 3.5 -4
0.000278236 -1 2 -6
0.00615477 -1.5 2.5 -5.5
0.0129637 -2 3 -5
0.0066096 -2.5 3.5 -4.5
0.000230988 -1 2 -6.5
0.00458837 -1.5 2.5 -6
0.0122289 -2 3 -5.5
0.0069497 -2.5 3.5 -5
5.38945e-05 -3 4 -4.5
0.000117007 -1 2 -7
0.00241843 -1.5 2.5 -6.5
0.00905923 -2 3 -6
0.00680505 -2.5 3.5 -5.5
0.000126446 -3 4 -5
2.90717e-05 -1 2 -7.5
0.000749097 -1.5 2.5 -7
0.00472922 -2 3 -6.5
0.00556148 -2.5 3.5 -6
0.000131261 -3 4 -5.5
7.33479e-05 -1.5 2.5 -7.5
0.00126554 -2 3 -7
0.00304232 -2.5 3.5 -6.5
0.000124443 -3 4 -6
0.000101539 -2 3 -7.5
0.000748453 -2.5 3.5 -7
0.000117753 -3 4 -6.5
4.50131e-05 -2.5 3.5 -7.5
2.49121e-05 -3 4 -7.5
9.33548e-05 -3 4 -7
4.46515e-05 -1 2.5 -2.5
6.1627e-05 -1.5 3 -2
0.000134766 -1 2.5 -3
0.000365705 -1.5 3 -2.5
0.000300153 -1 2.5 -3.5
0.00169607 -1.5 3 -3
0.000176921 -2 3.5 -2.5
0.000589423 -1 2.5 -4
0.00458937 -1.5 3 -3.5
0.00133155 -2 3.5 -3
0.000988084 -1 2.5 -4.5
0.00816171 -1.5 3 -4
0.00493931 -2 3.5 -3.5
0.00131386 -1 2.5 -5
0.0105944 -1.5 3 -4.5
0.00968599 -2 3.5 -4
7.89841e-05 -2.5 4 -3.5
0.00143411 -1 2.5 -5.5
0.0108021 -1.5 3 -5
0.0125399 -2 3.5 -4.5
0.000700067 -2.5 4 -4
0.00128583 -1 2.5 -6
0.0099878 -1.5 3 -5.5
0.0126507 -2 3.5 -5
0.00167958 -2.5 4 -4.5
0.000840263 -1 2.5 -6.5
0.00711509 -1.5 3 -6
0.0116848 -2 3.5 -5.5
0.00179824 -2.5 4 -5
0.000356097 -1 2.5 -7
0.00359352 -1.5 3 -6.5
0.0083483 -2 3.5 -6
0.00178307 -2.5 4 -5.5
6.40651e-05 -1 2.5 -7.5
0.000999001 -1.5 3 -7
0.00415404 -2 3.5 -6.5
0.00150485 -2.5 4 -6
9.09006e-05 -1.5 3 -7.5
0.000969097 -2 3.5 -7
0.000860956 -2.5 4 -6.5
5.51364e-05 -2 3.5 -7.5
2.24198e-05 -2.5 4 -7.5
0.000209469 -2.5 4 -7
4.2628e-05 -1 3 -2
0.000230013 -1 3 -2.5
7.95521e-05 -1.5 3.5 -2
0.000717494 -1 3 -3
0.000466984 -1.5 3.5 -2.5
0.001508 -1 3 -3.5
0.00210774 -1.5 3.5 -3
2.92948e-05 -2 4 -2.5
0.00258933 -1 3 -4
0.00547993 -1.5 3.5 -3.5
0.000366377 -2 4 -3
2.35893e-05 -0.5 2.5 -5
0.00355452 -1 3 -4.5
0.00970275 -1.5 3.5 -4
0.00240129 -2 4 -3.5
3.39777e-05 -0.5 2.5 -5.5
0.00399027 -1 3 -5
0.0119745 -1.5 3.5 -4.5
0.00571517 -2 4 -4
4.75165e-05 -0.5 2.5 -6
0.0037841 -1 3 -5.5
0.0119958 -1.5 3.5 -5
0.00707417 -2 4 -4.5
4.01968e-05 -2.5 4.5 -4
8.14823e-05 -0.5 2.5 -6.5
0.00291092 -1 3 -6
0.0108534 -1.5 3.5 -5.5
0.00702139 -2 4 -5
0.000153315 -2.5 4.5 -4.5
6.9126e-05 -0.5 2.5 -7
0.00166839 -1 3 -6.5
0.00754432 -1.5 3.5 -6
0.00617272 -2 4 -5.5
0.000185977 -2.5 4.5 -5
2.77214e-05 -0.5 2.5 -7.5
0.000610428 -1 3 -7
0.00370739 -1.5 3.5 -6.5
0.0040992 -2 4 -6
0.000182614 -2.5 4.5 -5.5
8.52946e-05 -1 3 -7.5
0.000926199 -1.5 3.5 -7
0.00184696 -2 4 -6.5
0.000172097 -2.5 4.5 -6
6.25278e-05 -1.5 3.5 -7.5
0.000321192 -2 4 -7
2.61225e-05 -2 4 -7.5
3.54328e-05 -2.5 4.5 -7
0.000106955 -2.5 4.5 -6.5
8.88635e-05 -1 3.5 -2
0.000473852 -1 3.5 -2.5
4.47443e-05 -1.5 4 -2
0.00160484 -1 3.5 -3
0.000337487 -1.5 4 -2.5
3.77111e-05 -0.5 3 -4
0.00343469 -1 3.5 -3.5
0.00184718 -1.5 4 -3
9.63433e-05 -0.5 3 -4.5
0.00532024 -1 3.5 -4
0.0049646 -1.5 4 -3.5
2.64143e-05 -2 4.5 -3
0.000176699 -0.5 3 -5
0.00645573 -1 3.5 -4.5
0.00827226 -1.5 4 -4
0.000333239 -2 4.5 -3.5
0.000242516 -0.5 3 -5.5
0.00648382 -1 3.5 -5
0.00929598 -1.5 4 -4.5
0.00122224 -2 4.5 -4
0.00032247 -0.5 3 -6
0.00571981 -1 3.5 -5.5
0.00908142 -1.5 4 -5
0.00157208 -2 4.5 -4.5
0.000303117 -0.5 3 -6.5
0.00396325 -1 3.5 -6
0.00760297 -1.5 4 -5.5
0.00155794 -2 4.5 -5
0.000201815 -0.5 3 -7
0.00209014 -1 3.5 -6.5
0.00485018 -1.5 4 -6
0.00132964 -2 4.5 -5.5
6.51038e-05 -0.5 3 -7.5
0.000684336 -1 3.5 -7
0.0021372 -1.5 4 -6.5
0.000817861 -2 4.5 -6
7.01786e-05 -1 3.5 -7.5
0.000404042 -1.5 4 -7
2.3994e-05 -1.5 4 -7.5
4.07986e-05 -2 4.5 -7
0.000316572 -2 4.5 -6.5
4.40456e-05 -0.5 3.5 -2
0.000124371 -0.5 3.5 -2.5
0.000100652 -1 4 -2
0.0002254 -0.5 3.5 -3
0.000529177 -1 4 -2.5
0.000363177 -0.5 3.5 -3.5
0.0019254 -1 4 -3
8.285e-05 -1.5 4.5 -2.5
0.000567764 -0.5 3.5 -4
0.00423929 -1 4 -3.5
0.000726432 -1.5 4.5 -3
0.00082919 -0.5 3.5 -4.5
0.00651 -1 4 -4
0.00244473 -1.5 4.5 -3.5
0.000967662 -0.5 3.5 -5
0.00726585 -1 4 -4.5
0.00388471 -1.5 4.5 -4
0.000977936 -0.5 3.5 -5.5
0.00708805 -1 4 -5
0.00403238 -1.5 4.5 -4.5
7.98527e-05 -2 5 -4
0.000862029 -0.5 3.5 -6
0.00587868 -1 4 -5.5
0.003768 -1.5 4.5 -5
0.000130831 -2 5 -4.5
0.000622252 -0.5 3.5 -6.5
0.00376365 -1 4 -6
0.00273851 -1.5 4.5 -5.5
0.00013636 -2 5 -5
0.000309327 -0.5 3.5 -7
0.00172246 -1 4 -6.5
7.36466e-05 -0.5 3.5 -7.5
0.000408137 -1 4 -7
0.000514109 -1.5 4.5 -6.5
2.72447e-05 -1 4 -7.5
6.54144e-05 -1.5 4.5 -7
8.41247e-05 -2 5 -6
0.00147856 -1.5 4.5 -6
0.000131586 -2 5 -5.5
9.16595e-05 -0.5 4 -2
0.000339617 -0.5 4 -2.5
6.52438e-05 -1 4.5 -2
0.000738858 -0.5 4 -3
0.000398207 -1 4.5 -2.5
0.00122694 -0.5 4 -3.5
0.00145223 -1 4.5 -3
0.00176603 -0.5 4 -4
0.00305228 -1 4.5 -3.5
9.36909e-05 -1.5 5 -3
0.0021147 -0.5 4 -4.5
0.00425509 -1 4.5 -4
0.000431509 -1.5 5 -3.5
0.00209251 -0.5 4 -5
0.00434234 -1 4.5 -4.5
0.00181242 -0.5 4 -5.5
0.0039878 -1 4.5 -5
0.000685019 -1.5 5 -4.5
3.31385e-05 0 3.5 -6.5
0.0013193 -0.5 4 -6
0.00285445 -1 4.5 -5.5
0.000626171 -1.5 5 -5
4.58442e-05 0 3.5 -7
0.000752945 -0.5 4 -6.5
2.43468e-05 0 3.5 -7.5
0.000284951 -0.5 4 -7
0.000543419 -1 4.5 -6.5
3.93062e-05 -0.5 4 -7.5
7.4656e-05 -1 4.5 -7
6.13331e-05 -1.5 5 -6.5
0.000201241 -1.5 5 -6
0.0015339 -1 4.5 -6
0.000421159 -1.5 5 -5.5
0.000673698 -1.5 5 -4
2.22956e-05 0 4 -2.5
9.79144e-05 -0.5 4.5 -2
0.000419091 -0.5 4.5 -2.5
0.0010682 -0.5 4.5 -3
0.000148112 -1 5 -2.5
2.38692e-05 0 4 -4
0.00187407 -0.5 4.5 -3.5
0.000619149 -1 5 -3
3.98805e-05 0 4 -4.5
0.00246648 -0.5 4.5 -4
0.00114679 -1 5 -3.5
5.84259e-05 0 4 -5
0.00253468 -0.5 4.5 -4.5
0.00127539 -1 5 -4
6.79186e-05 0 4 -5.5
0.00232211 -0.5 4.5 -5
3.44434e-05 -1.5 5.5 -4.5
8.46808e-05 0 4 -6
0.0017029 -0.5 4.5 -5.5
3.51704e-05 -1.5 5.5 -5
0.00097715 -1 5 -5
9.85963e-05 0 4 -6.5
0.000259688 -1 5 -6
7.73664e-05 0 4 -7
0.000397427 -0.5 4.5 -6.5
2.4901e-05 0 4 -7.5
8.51938e-05 -0.5 4.5 -7
6.62516e-05 -1 5 -6.5
0.000968967 -0.5 4.5 -6
0.000590159 -1 5 -5.5
0.00123199 -1 5 -4.5
3.00166e-05 -1.5 5.5 -4
5.45819e-05 0 4.5 -2
0.000112552 0 4.5 -2.5
6.36507e-05 -0.5 5 -2
0.000156047 0 4.5 -3
0.000286436 -0.5 5 -2.5
0.000198565 0 4.5 -3.5
0.000702767 -0.5 5 -3
0.000268708 0 4.5 -4
0.00113868 -0.5 5 -3.5
6.8762e-05 -1 5.5 -3
0.000318192 0 4.5 -4.5
0.00122887 -0.5 5 -4
0.000316265 0 4.5 -5
0.00117457 -0.5 5 -4.5
0.000141968 -1 5.5 -4
0.000283133 0 4.5 -5.5
0.000908074 -0.5 5 -5
0.000137358 -1 5.5 -4.5
0.000219044 0 4.5 -6
0.000536927 -0.5 5 -5.5
0.000133234 0 4.5 -6.5
0.000234169 -0.5 5 -6
5.53533e-05 -1 5.5 -5.5
5.88113e-05 -0.5 5 -6.5
5.147e-05 0 4.5 -7
0.000103843 -1 5.5 -5
0.000130516 -1 5.5 -3.5
6.27392e-05 0 5 -2
0.000175857 0 5 -2.5
0.000318063 0 5 -3
8.06221e-05 -0.5 5.5 -2.5
0.000434885 0 5 -3.5
0.000178476 -0.5 5.5 -3
0.000486587 0 5 -4
0.000220758 -0.5 5.5 -3.5
0.000465245 0 5 -4.5
0.000218471 -0.5 5.5 -4
0.000372405 0 5 -5
0.000186315 -0.5 5.5 -4.5
0.000239182 0 5 -5.5
0.000124217 -0.5 5.5 -5
0.000119937 0 5 -6
6.06492e-05 -0.5 5.5 -5.5
3.60469e-05 0 5 -6.5
2.58194e-05 0 5.5 -2
8.92163e-05 0 5.5 -2.5
0.000169187 0 5.5 -3
2.0052e-05 0.5 5 -4
0.000196609 0 5.5 -3.5
2.22139e-05 0.5 5 -4.5
0.000191412 0 5.5 -4
2.31213e-05 0.5 5 -5
0.000154891 0 5.5 -4.5
2.15685e-05 0.5 5 -5.5
3.73083e-05 0 5.5 -5.5
9.45547e-05 0 5.5 -5
2.78796e-05 0.5 5.5 -2.5
4.56807e-05 0.5 5.5 -3
5.56712e-05 0.5 5.5 -3.5
5.39335e-05 0.5 5.5 -4
4.14419e-05 0.5 5.5 -4.5
2.35673e-05 0.5 5.5 -5
