0.773393
5.49055e-05 -5 -10.5 -17
4.26445e-05 -5 -10.5 -18
2.81567e-05 -5 -10.5 -18.5
5.61014e-05 -5 -10.5 -17.5
4.01591e-05 -5 -10.5 -16.5
2.07557e-05 -5 -10.5 -16
0.000186489 -4.5 -10 -18
0.00011331 -4.5 -10 -19
5.12881e-05 -4.5 -10 -19.5
0.000159361 -4.5 -10 -18.5
0.000169823 -4.5 -10 -17.5
0.000118045 -4.5 -10 -17
5.36006e-05 -4.5 -10 -16.5
2.48227e-05 -5 -11 -15.5
3.86574e-05 -5.5 -11.5 -16
0.000113836 -4.5 -10.5 -16.5
6.54214e-05 -5 -11 -16
3.56458e-05 -5.5 -11.5 -17
0.000264065 -4.5 -10.5 -17.5
0.000129693 -5 -11 -17
0.000100227 -5 -11 -18
0.000282688 -4.5 -10.5 -18
2.01164e-05 -5 -11 -19
0.000143419 -4.5 -10.5 -19
5.93529e-05 -4.5 -10.5 -19.5
6.13862e-05 -5 -11 -18.5
0.000224512 -4.5 -10.5 -18.5
0.00012945 -5 -11 -17.5
4.20363e-05 -5.5 -11.5 -16.5
0.00020485 -4.5 -10.5 -17
0.000106991 -5 -11 -16.5
2.83723e-05 -5.5 -11.5 -15.5
4.2547e-05 -4.5 -10.5 -16
7.03468e-05 -4 -10 -16.5
0.000186373 -4 -10 -17
0.000318059 -4 -10 -17.5
4.15367e-05 -4.5 -9.5 -17
0.000392085 -4 -10 -18
0.000380063 -4 -10 -18.5
8.65208e-05 -4.5 -9.5 -18
4.87394e-05 -4.5 -9.5 -19
0.000315075 -4 -10 -19
7.83157e-05 -4 -10 -20
2.48807e-05 -4.5 -9.5 -19.5
0.000193474 -4 -10 -19.5
7.23082e-05 -4.5 -9.5 -18.5
7.47561e-05 -4.5 -9.5 -17.5
2.23007e-05 -5 -11.5 -15
2.75758e-05 -4.5 -11 -15.5
2.46003e-05 -6 -12.5 -14.5
4.6087e-05 -5.5 -12 -15
3.17381e-05 -6 -12.5 -15
0.00012955 -5 -11.5 -16
7.73119e-05 -5.5 -12 -15.5
0.000121532 -4 -10.5 -16.5
9.76388e-05 -4.5 -11 -16
3.47835e-05 -6 -12.5 -15.5
9.45034e-05 -5.5 -12 -16
2.86211e-05 -6 -12.5 -16
0.000211469 -5 -11.5 -17
9.88803e-05 -5.5 -12 -16.5
0.000321732 -4 -10.5 -17.5
0.000278033 -4.5 -11 -17
7.93977e-05 -5.5 -12 -17
0.000374486 -4 -10.5 -18
0.000281729 -4.5 -11 -18
4.92933e-05 -5.5 -12 -17.5
0.000140848 -5 -11.5 -18
0.000258969 -4 -10.5 -19
2.05525e-05 -5.5 -12 -18
0.000126235 -4.5 -11 -19
3.20752e-05 -5 -11.5 -19
4.13125e-05 -4 -10.5 -20
4.80489e-05 -4.5 -11 -19.5
0.000134754 -4 -10.5 -19.5
7.98239e-05 -5 -11.5 -18.5
0.000215967 -4.5 -11 -18.5
0.000349005 -4 -10.5 -18.5
0.000192217 -5 -11.5 -17.5
0.00030197 -4.5 -11 -17.5
0.000183387 -5 -11.5 -16.5
0.000232279 -4 -10.5 -17
0.00019428 -4.5 -11 -16.5
6.83887e-05 -5 -11.5 -15.5
3.71453e-05 -4 -10.5 -16
2.23752e-05 -3.5 -10 -16.5
8.31766e-05 -3.5 -10 -17
2.75935e-05 -4 -9.5 -16.5
0.000190447 -3.5 -10 -17.5
0.000108502 -4 -9.5 -17
0.000287677 -3.5 -10 -18
0.000344244 -3.5 -10 -18.5
0.000328307 -3.5 -10 -19
0.000375296 -4 -9.5 -18.5
0.000222988 -3.5 -10 -19.5
9.69678e-05 -3.5 -10 -20
9.83594e-05 -4 -9.5 -20
2.61004e-05 -4 -9.5 -20.5
0.000218863 -4 -9.5 -19.5
0.000329114 -4 -9.5 -19
0.00032615 -4 -9.5 -18
0.000221154 -4 -9.5 -17.5
2.44315e-05 -6.5 -13.5 -13.5
3.81321e-05 -6 -13 -14
5.00406e-05 -5.5 -12.5 -14.5
6.31646e-05 -5 -12 -15
2.98586e-05 -6.5 -13.5 -14
6.33727e-05 -6 -13 -14.5
9.75965e-05 -5.5 -12.5 -15
0.000151672 -4.5 -11.5 -16
0.000130803 -5 -12 -15.5
2.04699e-05 -3.5 -10.5 -16.5
4.50671e-05 -4 -11 -16
3.13536e-05 -6.5 -13.5 -14.5
0.000137832 -5.5 -12.5 -15.5
0.000198014 -5 -12 -16
7.50654e-05 -6 -13 -15
7.835e-05 -6 -13 -15.5
0.00015638 -5.5 -12.5 -16
0.000120705 -3.5 -10.5 -17.5
0.00027659 -4.5 -11.5 -17
0.000222656 -5 -12 -16.5
0.000207175 -4 -11 -17
0.000160914 -3.5 -10.5 -18
0.000148797 -5.5 -12.5 -16.5
0.000228594 -5 -12 -17
6.21643e-05 -6 -13 -16
0.000304125 -4 -11 -18
3.80513e-05 -6 -13 -16.5
0.000115429 -5.5 -12.5 -17
0.000253051 -4.5 -11.5 -18
0.000169005 -3.5 -10.5 -19
0.000132148 -5 -12 -18
7.14102e-05 -5.5 -12.5 -17.5
0.000164005 -4 -11 -19
9.82427e-05 -3.5 -10.5 -19.5
6.70739e-05 -5 -12 -18.5
8.21094e-05 -4.5 -11.5 -19
3.43403e-05 -3.5 -10.5 -20
2.49882e-05 -5 -12 -19
2.53935e-05 -4.5 -11.5 -19.5
6.82511e-05 -4 -11 -19.5
3.41642e-05 -5.5 -12.5 -18
0.000172029 -4.5 -11.5 -18.5
0.000256813 -4 -11 -18.5
0.000191665 -5 -12 -17.5
0.000188201 -3.5 -10.5 -18.5
0.000291029 -4.5 -11.5 -17.5
0.000282705 -4 -11 -17.5
0.000230737 -4.5 -11.5 -16.5
5.68481e-05 -3.5 -10.5 -17
0.000115657 -4 -11 -16.5
7.28491e-05 -4.5 -11.5 -15.5
2.11797e-05 -3.5 -9.5 -16.5
9.03163e-05 -3.5 -9.5 -17
3.45388e-05 -3 -10 -18
0.000227317 -3.5 -9.5 -17.5
5.53179e-05 -3 -10 -18.5
0.00036792 -3.5 -9.5 -18
6.18299e-05 -3 -10 -19
0.000449283 -3.5 -9.5 -18.5
5.24359e-05 -3 -10 -19.5
0.000442181 -3.5 -9.5 -19
2.15647e-05 -3 -10 -20
0.000345585 -3.5 -9.5 -19.5
0.000183055 -3.5 -9.5 -20
2.31951e-05 -3.5 -9.5 -21
3.05055e-05 -4 -9 -20.5
5.90584e-05 -3.5 -9.5 -20.5
9.70994e-05 -4 -9 -20
0.000176283 -4 -9 -19.5
0.000236443 -4 -9 -19
0.000255668 -4 -9 -18.5
0.000221549 -4 -9 -18
0.000133376 -4 -9 -17.5
2.13077e-05 -7 -14.5 -12
2.15137e-05 -6.5 -14 -12.5
2.72252e-05 -7 -14.5 -12.5
3.85461e-05 -6.5 -14 -13
4.58097e-05 -6 -13.5 -13.5
5.02817e-05 -5.5 -13 -14
4.97949e-05 -5 -12.5 -14.5
2.88436e-05 -7 -14.5 -13
5.59612e-05 -6.5 -14 -13.5
8.03696e-05 -6 -13.5 -14
0.000100496 -5.5 -13 -14.5
0.000112503 -5 -12.5 -15
3.00502e-05 -4.5 -12 -15
2.7374e-05 -7 -14.5 -13.5
6.28949e-05 -6.5 -14 -14
0.000109518 -6 -13.5 -14.5
0.000170716 -5 -12.5 -15.5
0.00014527 -4.5 -12 -16
0.000150612 -5.5 -13 -15
3.81771e-05 -4 -11.5 -16
6.1515e-05 -6.5 -14 -14.5
0.000122835 -6 -13.5 -15
0.000169682 -5.5 -13 -15.5
0.000205703 -5 -12.5 -16
3.32611e-05 -3.5 -11 -17
0.000142031 -4 -11.5 -17
4.84795e-05 -6.5 -14 -15
0.000114555 -6 -13.5 -15.5
0.000222015 -5 -12.5 -16.5
0.000247895 -4.5 -12 -17
0.000176231 -5.5 -13 -16
3.51344e-05 -6.5 -14 -15.5
8.9577e-05 -6 -13.5 -16
0.000150782 -5.5 -13 -16.5
6.73502e-05 -3.5 -11 -18
0.000211886 -5 -12.5 -17
0.000175633 -4 -11.5 -18
5.7749e-05 -6 -13.5 -16.5
0.000175707 -4.5 -12 -18
0.000159557 -5 -12.5 -17.5
5.85568e-05 -3.5 -11 -19
6.12892e-05 -5.5 -13 -17.5
3.16988e-05 -6 -13.5 -17
7.21563e-05 -4 -11.5 -19
2.58049e-05 -5.5 -13 -18
4.04794e-05 -5 -12.5 -18.5
3.96217e-05 -4.5 -12 -19
9.91909e-05 -4.5 -12 -18.5
9.32494e-05 -5 -12.5 -18
0.000132805 -4 -11.5 -18.5
0.000110238 -5.5 -13 -17
7.29346e-05 -3.5 -11 -18.5
0.000235043 -4.5 -12 -17.5
0.000176168 -4 -11.5 -17.5
5.87092e-05 -3.5 -11 -17.5
0.000214743 -4.5 -12 -16.5
8.72824e-05 -4 -11.5 -16.5
7.69625e-05 -4.5 -12 -15.5
4.631e-05 -4 -9 -17
3.92885e-05 -3 -9.5 -17.5
6.30712e-05 -3.5 -9 -17
8.42094e-05 -3 -9.5 -18
0.000194955 -3.5 -9 -17.5
0.000148375 -3 -9.5 -18.5
0.000372814 -3.5 -9 -18
0.000167093 -3 -9.5 -19
0.000474226 -3.5 -9 -18.5
0.000155842 -3 -9.5 -19.5
0.000482811 -3.5 -9 -19
0.000111814 -3 -9.5 -20
8.88492e-05 -4 -8.5 -19.5
0.000412243 -3.5 -9 -19.5
3.82099e-05 -3 -9.5 -20.5
2.52102e-05 -3.5 -9 -21
0.000109351 -3.5 -9 -20.5
4.79125e-05 -4 -8.5 -20
0.000256884 -3.5 -9 -20
0.000119821 -4 -8.5 -19
0.000128239 -4 -8.5 -18.5
9.94929e-05 -4 -8.5 -18
2.31529e-05 -7.5 -15.5 -11
2.83124e-05 -7 -15 -11.5
2.42926e-05 -6.5 -14.5 -12
2.60035e-05 -7.5 -15.5 -11.5
4.2339e-05 -7 -15 -12
4.76235e-05 -6.5 -14.5 -12.5
4.77206e-05 -6 -14 -13
4.17955e-05 -5.5 -13.5 -13.5
2.20548e-05 -5 -13 -14
5.05141e-05 -7 -15 -12.5
2.66775e-05 -7.5 -15.5 -12
6.96811e-05 -6.5 -14.5 -13
8.57394e-05 -6 -14 -13.5
8.92635e-05 -5.5 -13.5 -14
5.77154e-05 -5 -13 -14.5
5.3251e-05 -7 -15 -13
8.78436e-05 -6.5 -14.5 -13.5
0.000117148 -6 -14 -14
0.000130339 -5.5 -13.5 -14.5
4.75592e-05 -7 -15 -13.5
9.36957e-05 -6.5 -14.5 -14
0.000128621 -6 -14 -14.5
0.000157361 -5.5 -13.5 -15
2.61431e-05 -4 -12 -16
0.000165257 -5 -13 -15.5
6.74014e-05 -4.5 -12.5 -15.5
3.79465e-05 -7 -15 -14
8.38846e-05 -6.5 -14.5 -14.5
0.000132374 -6 -14 -15
4.82271e-05 -4 -12 -16.5
0.000169582 -5.5 -13.5 -15.5
0.000145942 -4.5 -12.5 -16.5
6.79439e-05 -6.5 -14.5 -15
2.57397e-05 -7 -15 -14.5
0.000114847 -6 -14 -15.5
0.000164775 -5.5 -13.5 -16
0.000190988 -5 -13 -16.5
0.000155661 -4.5 -12.5 -17
6.93432e-05 -4 -12 -17
4.48737e-05 -6.5 -14.5 -15.5
8.54321e-05 -6 -14 -16
0.000127783 -5.5 -13.5 -16.5
2.43014e-05 -6.5 -14.5 -16
5.08573e-05 -6 -14 -16.5
9.58074e-05 -5 -13 -17.5
7.95108e-05 -5.5 -13.5 -17
7.06827e-05 -4 -12 -18
0.000131152 -4.5 -12.5 -17.5
2.15273e-05 -6 -14 -17
4.06543e-05 -4.5 -12.5 -18.5
4.53053e-05 -5 -13 -18
3.74951e-05 -5.5 -13.5 -17.5
3.87123e-05 -4 -12 -18.5
8.52073e-05 -4.5 -12.5 -18
0.000152826 -5 -13 -17
8.232e-05 -4 -12 -17.5
0.000188469 -5 -13 -16
0.000112625 -4.5 -12.5 -16
0.000110978 -5 -13 -15
2.83773e-05 -4.5 -12.5 -15
4.46791e-05 -4 -8.5 -17.5
6.11583e-05 -3 -9 -17.5
2.29232e-05 -3.5 -8.5 -17
0.000158881 -3 -9 -18
0.000289474 -3 -9 -18.5
0.000273758 -3.5 -8.5 -18
0.000334749 -3 -9 -19
0.000318269 -3 -9 -19.5
0.00024262 -3 -9 -20
2.17686e-05 -4 -8 -19.5
0.000419645 -3.5 -8.5 -19.5
0.000116545 -3 -9 -20.5
3.60822e-05 -3 -9 -21
4.38196e-05 -3.5 -8.5 -21
0.000145623 -3.5 -8.5 -20.5
0.000294668 -3.5 -8.5 -20
3.0528e-05 -7.5 -16 -10.5
3.27508e-05 -7 -15.5 -11
2.51155e-05 -6.5 -15 -11.5
2.49933e-05 -8 -16.5 -10.5
4.08865e-05 -7.5 -16 -11
5.10206e-05 -7 -15.5 -11.5
5.09209e-05 -6.5 -15 -12
4.17922e-05 -6 -14.5 -12.5
2.68125e-05 -4 -8 -19
0.00045627 -3.5 -8.5 -19
2.04153e-05 -8 -16.5 -11
4.35546e-05 -7.5 -16 -11.5
7.5037e-05 -6.5 -15 -12.5
7.39796e-05 -6 -14.5 -13
6.07978e-05 -7 -15.5 -12
4.79991e-05 -5.5 -14 -13.5
6.69759e-05 -7 -15.5 -12.5
3.95566e-05 -7.5 -16 -12
8.83087e-05 -6.5 -15 -13
9.95377e-05 -6 -14.5 -13.5
8.65446e-05 -5.5 -14 -14
2.28472e-05 -5 -13.5 -14
3.24677e-05 -7.5 -16 -12.5
6.51391e-05 -7 -15.5 -13
9.09856e-05 -6.5 -15 -13.5
2.15942e-05 -4.5 -13 -15
0.000125809 -5.5 -14 -14.5
2.06765e-05 -7.5 -16 -13
5.47858e-05 -7 -15.5 -13.5
9.30907e-05 -6.5 -15 -14
4.21592e-05 -4.5 -13 -15.5
0.000142623 -5.5 -14 -15
0.000125622 -6 -14.5 -14.5
8.89962e-05 -5 -13.5 -15
4.03466e-05 -7 -15.5 -14
0.0001217 -6 -14.5 -15
7.9954e-05 -6.5 -15 -14.5
0.000146851 -5.5 -14 -15.5
6.42016e-05 -4.5 -13 -16
2.67327e-05 -7 -15.5 -14.5
6.10667e-05 -6.5 -15 -15
9.39607e-05 -6 -14.5 -15.5
0.000119867 -5.5 -14 -16
0.000111261 -5 -13.5 -16.5
7.49184e-05 -4.5 -13 -16.5
6.1524e-05 -6 -14.5 -16
8.04182e-05 -5.5 -14 -16.5
3.7731e-05 -6.5 -15 -15.5
5.10164e-05 -4.5 -13 -17.5
7.65051e-05 -5 -13.5 -17
3.29459e-05 -6 -14.5 -16.5
4.23862e-05 -5.5 -14 -17
3.90838e-05 -5 -13.5 -17.5
7.00507e-05 -4.5 -13 -17
0.000126426 -5 -13.5 -16
0.00011765 -5 -13.5 -15.5
0.000117354 -6 -14.5 -14
5.21768e-05 -5 -13.5 -14.5
3.0278e-05 -4 -8 -18.5
0.000398763 -3.5 -8.5 -18.5
2.20173e-05 -4 -8 -18
0.000110644 -3.5 -8.5 -17.5
7.23924e-05 -3 -8.5 -17.5
0.000212429 -3 -8.5 -18
0.000406018 -3 -8.5 -18.5
0.000156168 -3.5 -8 -18
2.53035e-05 -2.5 -9 -19.5
0.000502393 -3 -8.5 -19
2.10321e-05 -2.5 -9 -20
0.000496056 -3 -8.5 -19.5
0.000398089 -3 -8.5 -20
0.000318462 -3.5 -8 -19.5
7.83793e-05 -3 -8.5 -21
0.000149342 -3.5 -8 -20.5
5.30818e-05 -3.5 -8 -21
2.54784e-05 -7.5 -16.5 -10
0.000229827 -3 -8.5 -20.5
0.000261179 -3.5 -8 -20
2.51395e-05 -8 -17 -10
4.15828e-05 -7.5 -16.5 -10.5
4.96236e-05 -7 -16 -11
2.13393e-05 -6 -15 -12
3.99062e-05 -6.5 -15.5 -11.5
2.67708e-05 -8 -17 -10.5
4.45319e-05 -7.5 -16.5 -11
5.97077e-05 -7 -16 -11.5
4.2244e-05 -6 -15 -12.5
6.10424e-05 -6.5 -15.5 -12
2.29451e-05 -8 -17 -11
4.42236e-05 -7.5 -16.5 -11.5
7.5386e-05 -6.5 -15.5 -12.5
6.26427e-05 -7 -16 -12
6.82754e-05 -6 -15 -13
4.29942e-05 -5.5 -14.5 -13.5
3.81861e-05 -7.5 -16.5 -12
6.39152e-05 -7 -16 -12.5
8.36841e-05 -6.5 -15.5 -13
9.23299e-05 -6 -15 -13.5
6.84019e-05 -5.5 -14.5 -14
2.98345e-05 -7.5 -16.5 -12.5
5.93177e-05 -7 -16 -13
8.57494e-05 -6.5 -15.5 -13.5
0.00010212 -6 -15 -14
8.85309e-05 -5.5 -14.5 -14.5
3.52117e-05 -5 -14 -14.5
2.00192e-05 -7.5 -16.5 -13
4.79398e-05 -7 -16 -13.5
7.47688e-05 -6.5 -15.5 -14
5.49339e-05 -6.5 -15.5 -14.5
3.23376e-05 -7 -16 -14
8.21811e-05 -6 -15 -15
6.16223e-05 -5 -14 -15.5
9.43125e-05 -5.5 -14.5 -15
2e-05 -7 -16 -14.5
3.60143e-05 -6.5 -15.5 -15
6.43157e-05 -5.5 -14.5 -16
2.02552e-05 -6.5 -15.5 -15.5
3.08397e-05 -6 -15 -16
3.65692e-05 -5.5 -14.5 -16.5
4.49225e-05 -5 -14 -16.5
2.61084e-05 -5 -14 -17
5.3741e-05 -6 -15 -15.5
6.0214e-05 -5 -14 -16
8.82123e-05 -5.5 -14.5 -15.5
0.000101239 -6 -15 -14.5
5.2555e-05 -5 -14 -15
2.07352e-05 -5.5 -14.5 -13
0.000332298 -3.5 -8 -19
0.000284251 -3.5 -8 -18.5
4.75128e-05 -3.5 -8 -17.5
2.53495e-05 -2.5 -8.5 -18
6.38493e-05 -3 -8 -17.5
6.40548e-05 -2.5 -8.5 -18.5
0.000219742 -3 -8 -18
9.52677e-05 -2.5 -8.5 -19
0.000427969 -3 -8 -18.5
5.85755e-05 -3.5 -7.5 -18
0.000114666 -2.5 -8.5 -19.5
0.000549226 -3 -8 -19
0.000117269 -2.5 -8.5 -20
0.000562532 -3 -8 -19.5
8.52419e-05 -2.5 -8.5 -20.5
0.000490753 -3 -8 -20
0.000177712 -3.5 -7.5 -19.5
3.48717e-05 -2.5 -8.5 -21
0.00014529 -3 -8 -21
9.11669e-05 -3.5 -7.5 -20.5
2.59382e-05 -3 -8 -21.5
3.76911e-05 -3.5 -7.5 -21
3.17271e-05 -7.5 -17 -10
2.77828e-05 -7 -16.5 -10.5
0.000336006 -3 -8 -20.5
2.21458e-05 -8 -17.5 -10
3.78328e-05 -7.5 -17 -10.5
4.73573e-05 -7 -16.5 -11
3.89021e-05 -6.5 -16 -11.5
2.25191e-05 -8 -17.5 -10.5
3.96048e-05 -7.5 -17 -11
5.31422e-05 -7 -16.5 -11.5
3.71601e-05 -6 -15.5 -12.5
5.31513e-05 -6.5 -16 -12
3.442e-05 -7.5 -17 -11.5
5.44394e-05 -7 -16.5 -12
6.35391e-05 -6.5 -16 -12.5
5.0141e-05 -6 -15.5 -13
2.79094e-05 -7.5 -17 -12
4.85806e-05 -7 -16.5 -12.5
6.63744e-05 -6.5 -16 -13
5.9812e-05 -6 -15.5 -13.5
3.94043e-05 -7 -16.5 -13
5.93594e-05 -6.5 -16 -13.5
6.39034e-05 -6 -15.5 -14
2.83594e-05 -7 -16.5 -13.5
5.16688e-05 -6 -15.5 -14.5
4.31429e-05 -6.5 -16 -14
4.24051e-05 -5.5 -15 -15
2.81635e-05 -6.5 -16 -14.5
3.26686e-05 -6 -15.5 -15
2.08252e-05 -7 -16.5 -15
2.65629e-05 -5.5 -15 -15.5
4.41043e-05 -5.5 -15 -14.5
3.89465e-05 -5.5 -15 -14
2.76396e-05 -5.5 -15 -13.5
0.000148334 -3.5 -7.5 -20
0.000179191 -3.5 -7.5 -19
0.000135714 -3.5 -7.5 -18.5
5.0786e-05 -2.5 -8 -18
2.51956e-05 -3 -7.5 -17.5
0.000135778 -2.5 -8 -18.5
0.000224712 -2.5 -8 -19
0.000338305 -3 -7.5 -18.5
0.000281894 -2.5 -8 -19.5
0.000289818 -2.5 -8 -20
0.000226271 -2.5 -8 -20.5
0.000115831 -2.5 -8 -21
0.000385077 -3 -7.5 -20.5
2.45636e-05 -2.5 -8 -21.5
4.99055e-05 -3 -7.5 -21.5
2.03199e-05 -7 -17 -10.5
2.74043e-05 -7.5 -17.5 -10.5
3.3612e-05 -7 -17 -11
2.47211e-05 -7.5 -17.5 -11
3.60829e-05 -7 -17 -11.5
2.80991e-05 -6.5 -16.5 -11.5
3.54378e-05 -6.5 -16.5 -12
3.16465e-05 -7 -17 -12
3.86029e-05 -6.5 -16.5 -12.5
2.28667e-05 -7 -17 -12.5
3.53001e-05 -6.5 -16.5 -13
2.50656e-05 -6 -16 -13
2.13702e-05 -6.5 -16.5 -13.5
2.89216e-05 -6 -16 -13.5
0.000200051 -3 -7.5 -21
3.06726e-05 -3.5 -7 -20.5
4.40641e-05 -3.5 -7 -20
0.000512922 -3 -7.5 -20
4.62629e-05 -3.5 -7 -19.5
0.000569164 -3 -7.5 -19.5
4.70091e-05 -3.5 -7 -19
0.000536145 -3 -7.5 -19
3.36821e-05 -3.5 -7 -18.5
0.000131135 -3 -7.5 -18
7.56291e-05 -2.5 -7.5 -18
0.000214957 -2.5 -7.5 -18.5
0.000382788 -2.5 -7.5 -19
0.000504852 -2.5 -7.5 -19.5
0.000524623 -2.5 -7.5 -20
0.000446419 -2.5 -7.5 -20.5
0.00025219 -2.5 -7.5 -21
0.00038504 -3 -7 -20.5
8.45668e-05 -2.5 -7.5 -21.5
6.1813e-05 -3 -7 -21.5
0.000213936 -3 -7 -21
0.000461491 -3 -7 -20
0.000452552 -3 -7 -19.5
0.000367431 -3 -7 -19
0.000203974 -3 -7 -18.5
6.38833e-05 -3 -7 -18
7.81143e-05 -2.5 -7 -18
2.83996e-05 -2 -7.5 -19
0.000249912 -2.5 -7 -18.5
4.86121e-05 -2 -7.5 -19.5
0.000466289 -2.5 -7 -19
6.19076e-05 -2 -7.5 -20
0.000662237 -2.5 -7 -19.5
6.34526e-05 -2 -7.5 -20.5
0.000689782 -2.5 -7 -20
4.84596e-05 -2 -7.5 -21
3.02135e-05 -2 -7.5 -21.5
0.000398186 -2.5 -7 -21
0.000234434 -3 -6.5 -20.5
0.000155411 -2.5 -7 -21.5
5.16641e-05 -3 -6.5 -21.5
0.000148873 -3 -6.5 -21
0.000625612 -2.5 -7 -20.5
0.000271607 -3 -6.5 -20
0.0002747 -3 -6.5 -19.5
0.00020671 -3 -6.5 -19
9.68679e-05 -3 -6.5 -18.5
2.17884e-05 -3 -6.5 -18
3.3097e-05 -2 -7 -18.5
4.17275e-05 -2.5 -6.5 -18
9.58767e-05 -2 -7 -19
0.000192698 -2.5 -6.5 -18.5
0.000169154 -2 -7 -19.5
0.000455653 -2.5 -6.5 -19
0.00021537 -2 -7 -20
0.000695934 -2.5 -6.5 -19.5
6.6504e-05 -3 -6 -19
0.000218735 -2 -7 -20.5
0.000188074 -2 -7 -21
8.6393e-05 -3 -6 -20.5
9.9502e-05 -2 -7 -21.5
2.60373e-05 -2 -7 -22
0.000216079 -2.5 -6.5 -21.5
3.64945e-05 -2.5 -6.5 -22
5.37012e-05 -3 -6 -21
0.000484876 -2.5 -6.5 -21
0.00069567 -2.5 -6.5 -20.5
0.000100636 -3 -6 -20
0.000750702 -2.5 -6.5 -20
9.98517e-05 -3 -6 -19.5
2.49941e-05 -3 -6 -18.5
6.73482e-05 -2 -6.5 -18.5
0.000214079 -2 -6.5 -19
0.00040393 -2 -6.5 -19.5
0.000312535 -2.5 -6 -19
0.000513732 -2 -6.5 -20
0.000513392 -2 -6.5 -20.5
0.000432945 -2 -6.5 -21
0.000235184 -2 -6.5 -21.5
6.33464e-05 -2 -6.5 -22
0.000239672 -2.5 -6 -21.5
4.49752e-05 -2.5 -6 -22
0.000504303 -2.5 -6 -21
0.000672901 -2.5 -6 -20.5
0.000690906 -2.5 -6 -20
0.000569939 -2.5 -6 -19.5
0.000105962 -2.5 -6 -18.5
9.69418e-05 -2 -6 -18.5
0.000331389 -2 -6 -19
0.000846325 -2 -6 -20
0.000848413 -2 -6 -20.5
0.000712755 -2 -6 -21
0.000401186 -2 -6 -21.5
0.000106097 -2 -6 -22
4.43368e-05 -2.5 -5.5 -22
0.000176883 -2.5 -5.5 -21.5
0.000337877 -2.5 -5.5 -21
0.000435004 -2.5 -5.5 -20.5
0.000454577 -2.5 -5.5 -20
0.000388947 -2.5 -5.5 -19.5
0.000651297 -2 -6 -19.5
0.000200561 -2.5 -5.5 -19
5.43647e-05 -2.5 -5.5 -18.5
9.89864e-05 -2 -5.5 -18.5
5.18966e-05 -1.5 -6 -19.5
0.000365406 -2 -5.5 -19
0.000105105 -1.5 -6 -20
0.000144978 -1.5 -6 -20.5
0.00014773 -1.5 -6 -21
0.000966919 -2 -5.5 -20.5
0.000204318 -2.5 -5 -20
0.000122293 -1.5 -6 -21.5
0.000828386 -2 -5.5 -21
6.30419e-05 -1.5 -6 -22
2.10321e-05 -2.5 -5 -22
0.000150098 -2 -5.5 -22
7.56018e-05 -2.5 -5 -21.5
0.000504102 -2 -5.5 -21.5
0.000150552 -2.5 -5 -21
0.000195417 -2.5 -5 -20.5
0.000968314 -2 -5.5 -20
0.000167092 -2.5 -5 -19.5
0.000739209 -2 -5.5 -19.5
7.46186e-05 -2.5 -5 -19
8.45405e-05 -1.5 -5.5 -19
0.00021841 -1.5 -5.5 -19.5
0.000288491 -2 -5 -19
0.0003749 -1.5 -5.5 -20
0.000463892 -1.5 -5.5 -20.5
0.000456043 -1.5 -5.5 -21
0.000938562 -2 -5 -20.5
2.95989e-05 -2.5 -4.5 -20
0.000336612 -1.5 -5.5 -21.5
0.000820418 -2 -5 -21
0.000143726 -1.5 -5.5 -22
2.12998e-05 -1.5 -5.5 -22.5
0.000170927 -2 -5 -22
0.000520364 -2 -5 -21.5
2.18648e-05 -2.5 -4.5 -21
2.74003e-05 -2.5 -4.5 -20.5
0.000950964 -2 -5 -20
2.60489e-05 -2.5 -4.5 -19.5
0.000698236 -2 -5 -19.5
6.06628e-05 -2 -5 -18.5
3.78205e-05 -1.5 -5 -18.5
0.000178321 -1.5 -5 -19
0.000471492 -1.5 -5 -19.5
0.000785212 -1.5 -5 -20
0.000905817 -1.5 -5 -20.5
0.000867103 -1.5 -5 -21
0.000609118 -2 -4.5 -20.5
0.000618403 -1.5 -5 -21.5
0.000248703 -1.5 -5 -22
0.000372136 -2 -4.5 -21.5
3.05293e-05 -1.5 -5 -22.5
0.000146757 -2 -4.5 -22
0.000552646 -2 -4.5 -21
0.000598779 -2 -4.5 -20
0.00040495 -2 -4.5 -19.5
0.000158346 -2 -4.5 -19
3.22588e-05 -2 -4.5 -18.5
4.56856e-05 -1.5 -4.5 -18.5
0.000618672 -1.5 -4.5 -19.5
0.00103157 -1.5 -4.5 -20
0.00017051 -2 -4 -19.5
2.90032e-05 -1 -5 -21
3.2675e-05 -1 -5 -21.5
2.27812e-05 -1 -5 -22
0.000790514 -1.5 -4.5 -21.5
5.54029e-05 -1.5 -4.5 -22.5
7.6119e-05 -2 -4 -22
0.000346921 -1.5 -4.5 -22
0.000170499 -2 -4 -21.5
0.000240841 -2 -4 -21
0.00107573 -1.5 -4.5 -21
0.000265538 -2 -4 -20.5
0.00113016 -1.5 -4.5 -20.5
0.000260255 -2 -4 -20
6.07848e-05 -2 -4 -19
0.000222178 -1.5 -4.5 -19
7.20649e-05 -1 -4.5 -19.5
0.000168676 -1 -4.5 -20
0.000236514 -1 -4.5 -20.5
0.00103045 -1.5 -4 -20
0.00023996 -1 -4.5 -21
0.000210176 -1 -4.5 -21.5
0.000127481 -1 -4.5 -22
3.91924e-05 -1 -4.5 -22.5
8.3008e-05 -1.5 -4 -22.5
0.000377193 -1.5 -4 -22
3.30755e-05 -2 -3.5 -21.5
0.000812395 -1.5 -4 -21.5
4.32903e-05 -2 -3.5 -21
0.00107811 -1.5 -4 -21
4.5932e-05 -2 -3.5 -20.5
0.00112791 -1.5 -4 -20.5
4.30924e-05 -2 -3.5 -20
2.60801e-05 -2 -3.5 -19.5
0.000601734 -1.5 -4 -19.5
0.000200464 -1.5 -4 -19
3.63012e-05 -1.5 -4 -18.5
5.86014e-05 -1 -4 -19
0.000237179 -1 -4 -19.5
0.000494906 -1 -4 -20
0.000627816 -1 -4 -20.5
0.000624024 -1 -4 -21
0.000310773 -1 -4 -22
8.15428e-05 -1 -4 -22.5
0.000349276 -1.5 -3.5 -22
2.01911e-05 -1 -4 -23
0.000110964 -1.5 -3.5 -22.5
0.000581847 -1.5 -3.5 -21.5
0.000532405 -1 -4 -21.5
0.000686446 -1.5 -3.5 -21
0.000698507 -1.5 -3.5 -20.5
0.000571294 -1.5 -3.5 -20
0.00028488 -1.5 -3.5 -19.5
7.58127e-05 -1.5 -3.5 -19
9.66938e-05 -1 -3.5 -19
0.000366359 -1 -3.5 -19.5
0.000755999 -1 -3.5 -20
0.00100278 -1 -3.5 -21
0.000556733 -1 -3.5 -22
0.000339891 -1.5 -3 -21.5
0.000204997 -1 -3.5 -22.5
0.000220134 -1.5 -3 -22
2.69428e-05 -1 -3.5 -23
7.99627e-05 -1.5 -3 -22.5
0.000886483 -1 -3.5 -21.5
0.000376872 -1.5 -3 -21
0.000373903 -1.5 -3 -20.5
0.00099866 -1 -3.5 -20.5
0.000268677 -1.5 -3 -20
0.000118766 -1.5 -3 -19.5
2.8182e-05 -1.5 -3 -19
0.000812419 -1 -3 -20
2.69518e-05 -1.5 -2.5 -19.5
0.00119896 -1 -3 -20.5
0.00125883 -1 -3 -21
0.000112919 -1.5 -2.5 -21.5
0.000368255 -1 -3 -22.5
5.60237e-05 -1 -3 -23
2.16923e-05 -1.5 -2.5 -22.5
7.11405e-05 -1.5 -2.5 -22
0.000833812 -1 -3 -22
0.00117866 -1 -3 -21.5
0.000121129 -1.5 -2.5 -21
0.000114864 -1.5 -2.5 -20.5
7.05095e-05 -1.5 -2.5 -20
0.000371516 -1 -3 -19.5
9.29721e-05 -1 -3 -19
3.94506e-05 -0.5 -3 -21
7.93354e-05 -0.5 -3 -21.5
0.00147509 -1 -2.5 -21
0.000122707 -0.5 -3 -22
0.000115713 -0.5 -3 -22.5
6.42715e-05 -0.5 -3 -23
6.43454e-05 -1 -2.5 -23
0.000442747 -1 -2.5 -22.5
0.000986532 -1 -2.5 -22
0.00137896 -1 -2.5 -21.5
0.00137979 -1 -2.5 -20.5
0.000847165 -1 -2.5 -20
0.000305128 -1 -2.5 -19.5
6.6392e-05 -1 -2.5 -19
3.31668e-05 -0.5 -2.5 -19
0.000163961 -0.5 -2.5 -19.5
0.000511266 -0.5 -2.5 -20
0.000977883 -0.5 -2.5 -20.5
0.00131928 -0.5 -2.5 -21
0.00133581 -0.5 -2.5 -21.5
0.00114095 -0.5 -2.5 -22
0.000617565 -0.5 -2.5 -22.5
3.83434e-05 -1 -2 -23
0.000133365 -0.5 -2.5 -23
0.000285483 -1 -2 -22.5
0.000664198 -1 -2 -22
0.000924714 -1 -2 -21.5
0.000981895 -1 -2 -21
0.000926982 -1 -2 -20.5
0.000579858 -1 -2 -20
0.00022517 -1 -2 -19.5
5.02847e-05 -1 -2 -19
2.72602e-05 -0.5 -2 -18.5
0.000153374 -0.5 -2 -19
0.000709484 -0.5 -2 -19.5
0.00190732 -0.5 -2 -20
0.00317212 -0.5 -2 -20.5
0.000129931 -0.5 -2 -23
6.44903e-05 -1 -1.5 -22.5
0.00106121 -0.5 -2 -22.5
0.000158301 -1 -1.5 -22
0.00243528 -0.5 -2 -22
0.000230616 -1 -1.5 -21.5
0.00331318 -0.5 -2 -21.5
0.000251226 -1 -1.5 -21
0.0034764 -0.5 -2 -21
0.000243628 -1 -1.5 -20.5
0.00015883 -1 -1.5 -20
6.22452e-05 -1 -1.5 -19.5
3.58058e-05 -0.5 -1.5 -18.5
0.00390644 -0.5 -1.5 -21.5
0.00275487 -0.5 -1.5 -22
0.00112283 -0.5 -1.5 -22.5
9.88166e-05 -0.5 -1.5 -23
0.00415942 -0.5 -1.5 -21
0.00393625 -0.5 -1.5 -20.5
0.00246874 -0.5 -1.5 -20
0.000929964 -0.5 -1.5 -19.5
0.000200108 -0.5 -1.5 -19
0.000566066 -0.5 -1 -19.5
0.00151776 -0.5 -1 -20
0.00227724 -0.5 -1 -20.5
0.00231089 -0.5 -1 -21
3.45542e-05 -0.5 -1 -23
0.000477804 -0.5 -1 -22.5
0.00135426 -0.5 -1 -22
0.00208915 -0.5 -1 -21.5
0.000116046 -0.5 -1 -19
2.11484e-05 -0.5 -1 -18.5
4.64545e-05 -0.5 -0.5 -22.5
0.000127185 -0.5 -0.5 -22
0.000194146 -0.5 -0.5 -21.5
0.000215564 -0.5 -0.5 -21
0.00021206 -0.5 -0.5 -20.5
0.000136722 -0.5 -0.5 -20
4.67787e-05 -0.5 -0.5 -19.5
2.85014e-05 0 0 -18.5
0.0007204 0 0 -19.5
0.00207029 0 0 -20
0.0036337 0 0 -20.5
0.00416777 0 0 -21
0.0040554 0 0 -21.5
0.00327988 0 0 -22
0.00176031 0 0 -22.5
0.000405314 0 0 -23
0.000152034 0 0 -19
0.000178375 0 0.5 -19
0.000282878 0 0.5 -23
0.00162552 0 0.5 -22.5
0.00329943 0 0.5 -22
0.00424834 0 0.5 -21.5
0.00440417 0 0.5 -21
0.00397397 0 0.5 -20.5
0.0023489 0 0.5 -20
0.000844607 0 0.5 -19.5
3.22333e-05 0 0.5 -18.5
2.41228e-05 0.5 0.5 -19
0.000110882 0.5 0.5 -19.5
0.000309709 0.5 0.5 -20
0.000307524 0 1 -19.5
0.000431954 0.5 0.5 -22
0.00141919 0 1 -21.5
4.8803e-05 0 1 -23
4.28104e-05 0.5 0.5 -23
0.000431843 0 1 -22.5
0.000218204 0.5 0.5 -22.5
0.00103569 0 1 -22
0.000558276 0.5 0.5 -21.5
0.00148845 0 1 -21
0.000581332 0.5 0.5 -21
0.00138242 0 1 -20.5
0.000527286 0.5 0.5 -20.5
0.000843665 0 1 -20
6.36543e-05 0 1 -19
0.000323802 0.5 1 -19.5
0.00144993 0.5 1 -21.5
0.000543911 0.5 1 -22.5
9.51967e-05 0.5 1 -23
0.00109856 0.5 1 -22
2.62725e-05 0 1.5 -21.5
2.69514e-05 0 1.5 -21
0.00152407 0.5 1 -21
2.15185e-05 0 1.5 -20.5
0.00142912 0.5 1 -20.5
0.00088007 0.5 1 -20
6.92778e-05 0.5 1 -19
5.00745e-05 1 1 -20
7.91617e-05 1 1 -20.5
0.00136756 0.5 1.5 -20
8.27866e-05 1 1 -21
0.0020516 0.5 1.5 -20.5
7.77405e-05 1 1 -21.5
0.00212045 0.5 1.5 -21
5.76284e-05 1 1 -22
2.53829e-05 1 1 -22.5
0.00137746 0.5 1.5 -22
6.30056e-05 0.5 1.5 -23
0.000569049 0.5 1.5 -22.5
0.00197884 0.5 1.5 -21.5
0.000551612 0.5 1.5 -19.5
0.000122446 0.5 1.5 -19
2.19268e-05 0.5 1.5 -18.5
2.77863e-05 1 1.5 -19
2.25439e-05 0.5 2 -18.5
0.000123627 1 1.5 -19.5
0.000302871 1 1.5 -20
0.000444257 1 1.5 -20.5
0.000451545 1 1.5 -21
0.000286223 1 1.5 -22
0.00182238 0.5 2 -21.5
0.000123179 1 1.5 -22.5
0.000472607 0.5 2 -22.5
3.85134e-05 0.5 2 -23
0.00123944 0.5 2 -22
0.000414615 1 1.5 -21.5
0.00196521 0.5 2 -21
0.00191509 0.5 2 -20.5
0.00130682 0.5 2 -20
0.000544139 0.5 2 -19.5
0.000124642 0.5 2 -19
0.000329027 1 2 -19.5
7.43899e-05 0.5 2.5 -19
0.00110333 1 2 -20.5
0.00111331 1 2 -21
0.00108723 0.5 2.5 -20.5
0.00101541 1 2 -21.5
0.000683597 1 2 -22
0.000270396 1 2 -22.5
0.000709178 0.5 2.5 -22
2.83024e-05 1 2 -23
0.000265972 0.5 2.5 -22.5
0.00105056 0.5 2.5 -21.5
0.00112794 0.5 2.5 -21
0.00073659 0.5 2.5 -20
0.000776915 1 2 -20
0.000313652 0.5 2.5 -19.5
7.83056e-05 1 2 -19
0.000161403 1 2.5 -19
2.87016e-05 1.5 2 -20
4.11854e-05 1.5 2 -20.5
0.00161654 1 2.5 -20
4.16911e-05 1.5 2 -21
0.00208561 1 2.5 -20.5
3.77539e-05 1.5 2 -21.5
0.00206454 1 2.5 -21
2.50809e-05 1.5 2 -22
0.00108611 1 2.5 -22
8.16717e-05 0.5 3 -22.5
0.000332642 1 2.5 -22.5
0.000197495 0.5 3 -22
0.000280981 0.5 3 -21.5
0.00179095 1 2.5 -21.5
0.000297046 0.5 3 -21
0.000273695 0.5 3 -20.5
0.000175852 0.5 3 -20
7.35715e-05 0.5 3 -19.5
0.000717228 1 2.5 -19.5
2.84669e-05 1 2.5 -18.5
2.87378e-05 1.5 2.5 -19
4.66258e-05 1 3 -18.5
0.000126992 1.5 2.5 -19.5
0.000287452 1.5 2.5 -20
0.000855724 1 3 -19.5
0.000364938 1.5 2.5 -20.5
0.000357532 1.5 2.5 -21
0.000305437 1.5 2.5 -21.5
0.000183144 1.5 2.5 -22
0.00174022 1 3 -21.5
6.2074e-05 1.5 2.5 -22.5
0.000292047 1 3 -22.5
0.00102918 1 3 -22
0.00202532 1 3 -21
0.00204724 1 3 -20.5
0.00163686 1 3 -20
0.000254623 1 3 -19
2.25379e-05 1.5 3 -18.5
0.000122183 1.5 3 -19
0.000437587 1.5 3 -19.5
0.000234844 1 3.5 -19
0.000987123 1.5 3 -20.5
0.00140404 1 3.5 -20
0.000776598 1.5 3 -21.5
0.00164393 1 3.5 -21
0.000439133 1.5 3 -22
0.000120828 1.5 3 -22.5
0.000746254 1 3.5 -22
0.000177852 1 3.5 -22.5
0.00136417 1 3.5 -21.5
0.000956239 1.5 3 -21
0.00167515 1 3.5 -20.5
0.000846173 1.5 3 -20
0.0007523 1 3.5 -19.5
4.51879e-05 1 3.5 -18.5
0.000255306 1.5 3.5 -19
2.422e-05 1 4 -18.5
2.7562e-05 2 3 -20
3.07698e-05 2 3 -20.5
0.00135376 1.5 3.5 -20
2.93656e-05 2 3 -21
2.11907e-05 2 3 -21.5
0.00147279 1.5 3.5 -21
0.000637765 1.5 3.5 -22
0.000713341 1 4 -21.5
0.000127389 1.5 3.5 -22.5
8.07044e-05 1 4 -22.5
0.000378126 1 4 -22
0.00121219 1.5 3.5 -21.5
0.000849056 1 4 -21
0.000854034 1 4 -20.5
0.0015153 1.5 3.5 -20.5
0.000682779 1 4 -20
0.000360585 1 4 -19.5
0.000774213 1.5 3.5 -19.5
0.00011721 1 4 -19
4.78924e-05 1.5 3.5 -18.5
4.46883e-05 2 3.5 -19
9.56627e-05 1.5 4 -18.5
0.000134238 2 3.5 -19.5
0.00022683 2 3.5 -20
0.00124448 1.5 4 -19.5
0.00023268 2 3.5 -20.5
0.00185019 1.5 4 -20
0.000222925 2 3.5 -21
0.00193587 1.5 4 -20.5
0.000172759 2 3.5 -21.5
0.00183205 1.5 4 -21
8.58562e-05 2 3.5 -22
0.00132518 1.5 4 -21.5
2.26796e-05 2 3.5 -22.5
9.73135e-05 1.5 4 -22.5
0.000124796 1 4.5 -22
3.20864e-05 1 4.5 -22.5
0.000615311 1.5 4 -22
0.000225819 1 4.5 -21.5
0.000261266 1 4.5 -21
0.000255799 1 4.5 -20.5
0.000189247 1 4.5 -20
9.90171e-05 1 4.5 -19.5
3.3496e-05 1 4.5 -19
0.000495339 1.5 4 -19
4.10948e-05 2 4 -18.5
0.000209329 2 4 -19
0.000521907 2 4 -19.5
0.000566572 1.5 4.5 -19
0.000733947 2 4 -20
0.00073626 2 4 -20.5
0.00173875 1.5 4.5 -20
0.000671034 2 4 -21
0.000467474 2 4 -21.5
0.00168551 1.5 4.5 -21
0.000210911 2 4 -22
3.19023e-05 2 4 -22.5
0.000480745 1.5 4.5 -22
5.40536e-05 1.5 4.5 -22.5
0.00117534 1.5 4.5 -21.5
0.00180147 1.5 4.5 -20.5
0.0012227 1.5 4.5 -19.5
0.000149851 1.5 4.5 -18.5
2.66125e-05 1.5 4.5 -18
0.000119188 2 4.5 -18.5
2.46671e-05 1.5 5 -18
0.000465583 2 4.5 -19
0.00130587 2 4.5 -20
0.0011792 2 4.5 -21
0.000281897 2 4.5 -22
0.000766027 1.5 5 -21.5
2.39809e-05 2 4.5 -22.5
2.15019e-05 1.5 5 -22.5
0.000274768 1.5 5 -22
0.000797409 2 4.5 -21.5
0.00113171 1.5 5 -21
0.00122547 1.5 5 -20.5
0.0013014 2 4.5 -20.5
0.00120048 1.5 5 -20
0.000901548 1.5 5 -19.5
0.000993937 2 4.5 -19.5
0.000452562 1.5 5 -19
0.000132373 1.5 5 -18.5
2.08906e-05 2 4.5 -18
4.11563e-05 2 5 -18
6.26935e-05 2.5 4.5 -19
0.000121531 2.5 4.5 -19.5
0.000827744 2 5 -19
7.26727e-05 1.5 5.5 -18.5
0.000132922 2.5 4.5 -20
0.00161706 2 5 -19.5
0.000224172 1.5 5.5 -19
0.000127594 2.5 4.5 -20.5
0.00010689 2.5 4.5 -21
0.00185063 2 5 -20.5
7.17707e-05 2.5 4.5 -21.5
2.54867e-05 2.5 4.5 -22
0.000806257 2 5 -21.5
0.000118693 1.5 5.5 -22
0.000244224 2 5 -22
0.000352463 1.5 5.5 -21.5
0.000534827 1.5 5.5 -21
0.00149612 2 5 -21
0.000570616 1.5 5.5 -20.5
0.000547974 1.5 5.5 -20
0.00190305 2 5 -20
0.000414291 1.5 5.5 -19.5
0.000237806 2 5 -18.5
8.46462e-05 2.5 5 -18.5
0.000300999 2.5 5 -19
0.000451879 2 5.5 -18.5
0.000540632 2.5 5 -19.5
0.00114466 2 5.5 -19
0.000577108 2.5 5 -20
0.000545579 2.5 5 -20.5
0.00189931 2 5.5 -20
0.000421982 2.5 5 -21
0.000233951 2.5 5 -21.5
0.00141828 2 5.5 -21
5.51711e-05 2.5 5 -22
0.000156236 2 5.5 -22
3.40446e-05 1.5 6 -22
0.000107318 1.5 6 -21.5
0.000714751 2 5.5 -21.5
0.000169374 1.5 6 -21
0.000181459 1.5 6 -20.5
0.0018318 2 5.5 -20.5
0.000170065 1.5 6 -20
0.000129648 1.5 6 -19.5
0.00176267 2 5.5 -19.5
7.58118e-05 1.5 6 -19
2.66714e-05 1.5 6 -18.5
9.52291e-05 2 5.5 -18
5.93889e-05 2.5 5.5 -18
0.000294277 2.5 5.5 -18.5
0.000108689 2 6 -18
0.000758478 2.5 5.5 -19
0.0011305 2.5 5.5 -19.5
0.00115187 2.5 5.5 -20
0.00157076 2 6 -19.5
0.000781826 2.5 5.5 -21
0.00157142 2 6 -20.5
0.000370224 2.5 5.5 -21.5
5.71015e-05 2.5 5.5 -22
0.000486437 2 6 -21.5
7.4783e-05 2 6 -22
0.00111295 2 6 -21
0.00106628 2.5 5.5 -20.5
0.00166804 2 6 -20
0.00103132 2 6 -19
0.000439529 2 6 -18.5
2.19625e-05 2 6 -17.5
3.06906e-05 3 5.5 -18.5
0.00014471 2.5 6 -18
7.10693e-05 3 5.5 -19
8.88808e-05 3 5.5 -19.5
0.00124998 2.5 6 -19
0.000300979 2 6.5 -18.5
8.38634e-05 3 5.5 -20
0.00156357 2.5 6 -19.5
0.000636669 2 6.5 -19
6.9357e-05 3 5.5 -20.5
5.05467e-05 3 5.5 -21
0.00146757 2.5 6 -20.5
2.13308e-05 3 5.5 -21.5
0.000360554 2.5 6 -21.5
0.000615634 2 6.5 -21
2.40016e-05 2 6.5 -22
4.07444e-05 2.5 6 -22
0.000237613 2 6.5 -21.5
0.000949958 2.5 6 -21
0.000942485 2 6.5 -20.5
0.00101745 2 6.5 -20
0.00158049 2.5 6 -20
0.00094461 2 6.5 -19.5
0.000600337 2.5 6 -18.5
8.36569e-05 2 6.5 -18
2.2368e-05 2.5 6 -17.5
4.66281e-05 3 6 -18
6.10368e-05 2.5 6.5 -17.5
0.000186132 3 6 -18.5
0.000380118 3 6 -19
0.00102782 2.5 6.5 -18.5
0.00044208 3 6 -19.5
0.00168941 2.5 6.5 -19
0.000424584 3 6 -20
0.000345212 3 6 -20.5
0.0018381 2.5 6.5 -20
0.000192735 3 6 -21
6.42018e-05 3 6 -21.5
0.000880502 2.5 6.5 -21
7.62348e-05 2 7 -21.5
0.00026553 2.5 6.5 -21.5
0.000247045 2 7 -21
0.000392322 2 7 -20.5
0.0014856 2.5 6.5 -20.5
0.000418205 2 7 -20
0.000384022 2 7 -19.5
0.00189474 2.5 6.5 -19.5
0.000271772 2 7 -19
0.000142696 2 7 -18.5
4.92159e-05 2 7 -18
0.000338849 2.5 6.5 -18
3.6826e-05 3 6.5 -17.5
2.58158e-05 2.5 7 -17
0.000600522 3 6.5 -18.5
0.000524547 2.5 7 -18
0.000935366 3 6.5 -19
0.00097806 3 6.5 -19.5
0.000909793 3 6.5 -20
0.00179159 2.5 7 -19.5
0.000697093 3 6.5 -20.5
0.000377448 3 6.5 -21
0.00130614 2.5 7 -20.5
8.92816e-05 3 6.5 -21.5
0.000138854 2.5 7 -21.5
5.3148e-05 2 7.5 -21
0.00065259 2.5 7 -21
0.000110622 2 7.5 -20.5
0.000121979 2 7.5 -20
0.00171323 2.5 7 -20
0.000111953 2 7.5 -19.5
8.26189e-05 2 7.5 -19
0.00163356 2.5 7 -19
4.90566e-05 2 7.5 -18.5
0.00109587 2.5 7 -18.5
2.07584e-05 2 7.5 -18
0.000213945 3 6.5 -18
0.000138464 2.5 7 -17.5
2.01494e-05 3 7 -17
2.16845e-05 3.5 6.5 -18
4.78333e-05 3.5 6.5 -18.5
0.000488894 3 7 -18
0.000129649 2.5 7.5 -17.5
6.11701e-05 3.5 6.5 -19
5.49698e-05 3.5 6.5 -19.5
0.00142979 3 7 -19
0.000901705 2.5 7.5 -18.5
4.19537e-05 3.5 6.5 -20
0.00146717 3 7 -19.5
0.00122373 2.5 7.5 -19
2.36796e-05 3.5 6.5 -20.5
0.000953252 3 7 -20.5
0.00124242 2.5 7.5 -20
6.98597e-05 3 7 -21.5
0.000356126 2.5 7.5 -21
4.7772e-05 2.5 7.5 -21.5
0.000396767 3 7 -21
0.000879695 2.5 7.5 -20.5
0.00139674 3 7 -20
0.00129725 2.5 7.5 -19.5
0.0010345 3 7 -18.5
0.000458144 2.5 7.5 -18
0.000125515 3 7 -17.5
2.69572e-05 2.5 7.5 -17
4.11213e-05 3.5 7 -17.5
0.000143816 3.5 7 -18
0.000320625 3 7.5 -17.5
0.000322437 3.5 7 -19
0.00157932 3 7.5 -18.5
0.000295229 3.5 7 -19.5
0.00185396 3 7.5 -19
0.000237045 3.5 7 -20
0.000132801 3.5 7 -20.5
0.00144185 3 7.5 -20
5.04027e-05 3.5 7 -21
0.000322966 3 7.5 -21
3.48453e-05 3 7.5 -21.5
0.000127104 2.5 8 -21
0.000405328 2.5 8 -20.5
0.000878407 3 7.5 -20.5
0.000638514 2.5 8 -20
0.00067877 2.5 8 -19.5
0.00180994 3 7.5 -19.5
0.000644275 2.5 8 -19
0.000503608 2.5 8 -18.5
0.000267315 2.5 8 -18
0.000287744 3.5 7 -18.5
0.000890662 3 7.5 -18
8.94838e-05 2.5 8 -17.5
2.07082e-05 2.5 8 -17
5.7584e-05 3 7.5 -17
3.62187e-05 3.5 7.5 -17
3.15717e-05 3 8 -16.5
0.000194589 3.5 7.5 -17.5
0.000189136 3 8 -17
0.000776796 3.5 7.5 -18.5
0.00122278 3 8 -18
0.000201136 2.5 8.5 -18.5
0.00080715 3.5 7.5 -19
0.000749503 3.5 7.5 -19.5
0.000566775 3.5 7.5 -20
0.00173696 3 8 -19.5
0.000318735 3.5 7.5 -20.5
8.7713e-05 3.5 7.5 -21
0.000680425 3 8 -20.5
0.000222286 2.5 8.5 -20
0.000184305 3 8 -21
0.00010887 2.5 8.5 -20.5
0.00132002 3 8 -20
0.000254931 2.5 8.5 -19.5
0.000244706 2.5 8.5 -19
0.00181787 3 8 -19
0.00166677 3 8 -18.5
0.000120311 2.5 8.5 -18
4.96585e-05 2.5 8.5 -17.5
0.000503586 3.5 7.5 -18
0.000615944 3 8 -17.5
2.59347e-05 3.5 8 -16.5
2.15381e-05 4 7.5 -17.5
0.000159042 3.5 8 -17
3.49072e-05 4 7.5 -18.5
0.000997165 3.5 8 -18
0.000600388 3 8.5 -17.5
2.0914e-05 4 7.5 -19
0.00142808 3 8.5 -18.5
3.73647e-05 2.5 9 -18
0.00124829 3.5 8 -19.5
0.00156032 3 8.5 -19
5.83558e-05 2.5 9 -19.5
0.000832473 3.5 8 -20
2.81081e-05 2.5 9 -20
0.000358439 3.5 8 -20.5
6.35923e-05 3 8.5 -21
7.78988e-05 3.5 8 -21
0.000393423 3 8.5 -20.5
0.000950048 3 8.5 -20
0.00141233 3 8.5 -19.5
6.35923e-05 2.5 9 -19
5.4802e-05 2.5 9 -18.5
0.00135819 3.5 8 -19
0.00129862 3.5 8 -18.5
0.00108197 3 8.5 -18
3.86577e-05 4 7.5 -18
0.000525436 3.5 8 -17.5
0.000225376 3 8.5 -17
5.47818e-05 3 8.5 -16.5
4.79665e-05 3 9 -16.5
4.84135e-05 4 8 -17
0.000136924 4 8 -17.5
0.000216012 4 8 -18
0.000975244 3.5 8.5 -17.5
0.000216651 4 8 -18.5
0.000200045 4 8 -19
0.0017611 3.5 8.5 -18.5
0.000153855 4 8 -19.5
0.00164245 3.5 8.5 -19
8.70429e-05 4 8 -20
3.1289e-05 4 8 -20.5
0.000461698 3 9 -20
4.19747e-05 3.5 8.5 -21
0.000139571 3 9 -20.5
0.000300536 3.5 8.5 -20.5
0.000801898 3.5 8.5 -20
0.000814761 3 9 -19.5
0.00130534 3.5 8.5 -19.5
0.00098448 3 9 -19
0.000920129 3 9 -18.5
0.000714039 3 9 -18
0.00153452 3.5 8.5 -18
0.000436533 3 9 -17.5
0.000181094 3 9 -17
0.000407998 3.5 8.5 -17
9.27706e-05 3.5 8.5 -16.5
0.000295241 3.5 9 -16.5
0.00049923 4 8.5 -17.5
0.000810769 3.5 9 -17
0.000680079 4 8.5 -18.5
0.0017375 3.5 9 -18
0.000228005 3 9.5 -17.5
0.000407939 3 9.5 -18.5
0.000597782 4 8.5 -19
0.000417049 4 8.5 -19.5
0.000216528 4 8.5 -20
5.99968e-05 4 8.5 -20.5
0.00062316 3.5 9 -20
0.000174531 3.5 9 -20.5
0.000136051 3 9.5 -20
0.000324915 3 9.5 -19.5
0.00121192 3.5 9 -19.5
0.000438155 3 9.5 -19
0.00161094 3.5 9 -19
0.00179426 3.5 9 -18.5
0.000330509 3 9.5 -18
0.000673129 4 8.5 -18
0.00138427 3.5 9 -17.5
0.000112917 3 9.5 -17
3.53941e-05 3 9.5 -16.5
0.00022946 4 8.5 -17
5.76525e-05 4 8.5 -16.5
5.85675e-05 3.5 9 -16
2.68721e-05 3.5 9.5 -15.5
2.24375e-05 4.5 8.5 -17
0.000249771 4 9 -16.5
0.000124005 3.5 9.5 -16
2.14475e-05 3 10 -16.5
2.6675e-05 4.5 8.5 -17.5
0.000639609 4 9 -17
5.45469e-05 3 10 -17
9.26476e-05 3 10 -17.5
0.00121314 4 9 -18
0.000116422 3 10 -18
0.0016471 3.5 9.5 -18.5
0.000136581 3 10 -18.5
0.000133257 3 10 -19
6.42929e-05 3 10 -19.5
0.000275987 4 9 -20
6.04906e-05 4 9 -20.5
5.64597e-05 3.5 9.5 -20.5
0.000344805 3.5 9.5 -20
0.000882291 3.5 9.5 -19.5
0.000652553 4 9 -19.5
0.00137502 3.5 9.5 -19
0.00100585 4 9 -19
0.00117991 4 9 -18.5
0.00161506 3.5 9.5 -18
0.00132719 3.5 9.5 -17.5
0.00103678 4 9 -17.5
0.000813958 3.5 9.5 -17
0.000379025 3.5 9.5 -16.5
5.08314e-05 4 9 -16
2.74536e-05 3.5 10 -15.5
2.45976e-05 4.5 9 -16
0.000115327 3.5 10 -16
7.50018e-05 4.5 9 -16.5
0.00032881 3.5 10 -16.5
0.000140132 4.5 9 -17
0.000175417 4.5 9 -17.5
0.000160441 4.5 9 -18
0.00149298 4 9.5 -17.5
0.000137487 4.5 9 -18.5
9.80312e-05 4.5 9 -19
0.00149662 4 9.5 -18.5
0.00115319 3.5 10 -18
4.21542e-05 4.5 9 -19.5
0.00111653 4 9.5 -19
0.000441777 3.5 10 -19.5
0.000115635 3.5 10 -20
3.53331e-05 4 9.5 -20.5
0.000226708 4 9.5 -20
0.00063583 4 9.5 -19.5
0.00086282 3.5 10 -19
0.00111179 3.5 10 -18.5
0.00160201 4 9.5 -18
0.000992865 3.5 10 -17.5
0.000669635 3.5 10 -17
0.00113915 4 9.5 -17
0.000597058 4 9.5 -16.5
0.000197976 4 9.5 -16
3.4937e-05 4 9.5 -15.5
2.40056e-05 4 10 -15
0.00015802 4 10 -15.5
2.54344e-05 3.5 10.5 -15.5
0.000530351 4 10 -16
8.7504e-05 3.5 10.5 -16
0.00106111 4 10 -16.5
0.000213132 3.5 10.5 -16.5
0.000372153 3.5 10.5 -17
0.00060892 4.5 9.5 -17.5
0.000527335 3.5 10.5 -17.5
0.000597925 3.5 10.5 -18
0.000444 4.5 9.5 -18.5
0.000531055 3.5 10.5 -18.5
0.000271019 4.5 9.5 -19
0.000118129 4.5 9.5 -19.5
3.30485e-05 4.5 9.5 -20
0.000470011 4 10 -19.5
0.000126891 4 10 -20
0.000116501 3.5 10.5 -19.5
0.000351693 3.5 10.5 -19
0.000992332 4 10 -19
0.00146868 4 10 -18.5
0.00171675 4 10 -18
0.000574735 4.5 9.5 -18
0.00177008 4 10 -17.5
0.00154668 4 10 -17
0.000523387 4.5 9.5 -17
0.000320185 4.5 9.5 -16.5
0.000123422 4.5 9.5 -16
2.83605e-05 4.5 9.5 -15.5
0.000145611 4.5 10 -15.5
8.66313e-05 4 10.5 -15
2.36448e-05 5 9.5 -16.5
0.000438017 4.5 10 -16
5.41017e-05 3.5 11 -16
0.00111703 4 10.5 -16.5
0.000806199 4.5 10 -16.5
0.00010581 3.5 11 -16.5
0.0015236 4 10.5 -17
0.000160176 3.5 11 -17
0.00168146 4 10.5 -17.5
0.000209622 3.5 11 -17.5
0.00156816 4 10.5 -18
0.00121059 4 10.5 -18.5
0.000219079 3.5 11 -18
0.000172235 4.5 10 -19.5
0.000691224 4 10.5 -19
3.78298e-05 4.5 10 -20
3.79794e-05 4 10.5 -20
0.000239674 4 10.5 -19.5
6.03167e-05 3.5 11 -19
0.00016255 3.5 11 -18.5
0.000450743 4.5 10 -19
0.000790165 4.5 10 -18.5
0.00101109 4.5 10 -18
0.00112467 4.5 10 -17.5
0.00105509 4.5 10 -17
0.000633486 4 10.5 -16
0.000280144 4 10.5 -15.5
2.55212e-05 4.5 10 -15
2.15204e-05 4.5 10.5 -14.5
2.29003e-05 4 11 -14.5
8.95607e-05 4 11 -15
5.85081e-05 5 10 -15.5
0.000135385 4.5 10.5 -15
0.000263974 4 11 -15.5
0.000113741 5 10 -16
0.000150341 5 10 -16.5
0.000143547 5 10 -17
0.000129538 5 10 -17.5
3.77013e-05 3.5 11.5 -16.5
0.00145382 4.5 10.5 -17
0.000943879 4 11 -16.5
0.00152115 4.5 10.5 -17.5
4.88495e-05 3.5 11.5 -17
4.13024e-05 5 10 -18.5
5.29623e-05 3.5 11.5 -17.5
0.00127451 4.5 10.5 -18
2.90311e-05 3.5 11.5 -18
0.000840256 4.5 10.5 -18.5
0.000433813 4.5 10.5 -19
6.67275e-05 4 11 -19.5
2.08725e-05 4.5 10.5 -20
0.000139929 4.5 10.5 -19.5
0.000322099 4 11 -19
0.000745625 4 11 -18.5
0.00112539 4 11 -18
0.0012761 4 11 -17.5
9.05513e-05 5 10 -18
0.00117964 4 11 -17
0.00126099 4.5 10.5 -16.5
0.000569805 4 11 -16
0.000869275 4.5 10.5 -16
0.000431154 4.5 10.5 -15.5
2.00452e-05 5 10 -15
0.000133503 4.5 11 -14.5
2.45351e-05 4 11.5 -14.5
0.000415382 4.5 11 -15
9.97381e-05 5 10.5 -15
8.02885e-05 4 11.5 -15
0.000854322 4.5 11 -15.5
0.000192859 4 11.5 -15.5
0.000369534 4 11.5 -16
0.000574374 4 11.5 -16.5
0.000536596 5 10.5 -17
0.00160858 4.5 11 -16.5
0.000672116 4 11.5 -17
0.000442566 5 10.5 -17.5
0.000690618 4 11.5 -17.5
0.000289435 5 10.5 -18
0.000535021 4 11.5 -18
0.000146185 5 10.5 -18.5
0.000277649 4 11.5 -18.5
5.70171e-05 5 10.5 -19
7.35405e-05 4.5 11 -19.5
6.51059e-05 4 11.5 -19
0.000299134 4.5 11 -19
0.000705173 4.5 11 -18.5
0.00116806 4.5 11 -18
0.00151524 4.5 11 -17.5
0.00170235 4.5 11 -17
0.000531463 5 10.5 -16.5
0.00132273 4.5 11 -16
0.000428777 5 10.5 -16
0.000252463 5 10.5 -15.5
2.44438e-05 5 10.5 -14.5
0.000265024 4.5 11.5 -14.5
2.32984e-05 5.5 10.5 -15
0.000134903 5 11 -14.5
2.20659e-05 4 12 -14.5
2.71237e-05 5.5 10.5 -15.5
0.000567357 4.5 11.5 -15
5.54444e-05 4 12 -15
0.000975006 4.5 11.5 -15.5
0.000673512 5 11 -15.5
0.000182633 4 12 -16
0.0015666 4.5 11.5 -16.5
0.00102857 5 11 -16.5
0.000242434 4 12 -16.5
0.00159343 4.5 11.5 -17
0.000270246 4 12 -17
0.00132946 4.5 11.5 -17.5
0.000890087 4.5 11.5 -18
0.000235531 4 12 -17.5
0.000448471 4.5 11.5 -18.5
0.000134161 4.5 11.5 -19
2.69875e-05 4 12 -18.5
9.2315e-05 5 11 -19
0.000135664 4 12 -18
0.000261777 5 11 -18.5
0.000536995 5 11 -18
0.000804887 5 11 -17.5
0.000984124 5 11 -17
0.00137504 4.5 11.5 -16
0.000111303 4 12 -15.5
0.000927828 5 11 -16
0.000370131 5 11 -15
8.33487e-05 4.5 11.5 -14
3.083e-05 5 11 -14
3.287e-05 5 11.5 -13.5
2.66371e-05 4.5 12 -13.5
9.59065e-05 4.5 12 -14
0.000415943 5 11.5 -14.5
6.82264e-05 5.5 11 -14.5
0.000257669 4.5 12 -14.5
0.000521354 4.5 12 -15
0.000151375 5.5 11 -15.5
3.01001e-05 4 12.5 -15
0.000149533 5.5 11 -16
5.03518e-05 4 12.5 -15.5
0.000126467 5.5 11 -16.5
0.00131791 5 11.5 -16
6.77478e-05 4 12.5 -16
0.0012848 5 11.5 -17
0.00128255 4.5 12 -16.5
8.67685e-05 5.5 11 -17
7.30229e-05 4 12.5 -16.5
5.78415e-05 4 12.5 -17
0.000934806 5 11.5 -17.5
2.06854e-05 4 12.5 -17.5
0.000541868 5 11.5 -18
0.000246609 5 11.5 -18.5
7.27921e-05 5 11.5 -19
2.41225e-05 4.5 12 -19
0.000176817 4.5 12 -18.5
0.000495228 4.5 12 -18
0.000893917 4.5 12 -17.5
0.0012079 4.5 12 -17
3.96005e-05 5.5 11 -17.5
0.00144689 5 11.5 -16.5
0.0011389 4.5 12 -16
0.000849996 4.5 12 -15.5
0.00110882 5 11.5 -15.5
0.000777033 5 11.5 -15
0.000119758 5.5 11 -15
0.000159736 5 11.5 -14
2.64893e-05 5.5 11 -14
3.32452e-05 5 12 -13
4.16829e-05 5.5 11.5 -13.5
0.00018292 5 12 -13.5
3.04597e-05 4.5 12.5 -13.5
0.000453891 5 12 -14
8.79515e-05 4.5 12.5 -14
0.000823978 5 12 -14.5
0.000199361 4.5 12.5 -14.5
0.0011947 5 12 -15
0.00037095 4.5 12.5 -15
0.000564041 4.5 12.5 -15.5
0.000510765 5.5 11.5 -16
0.000746839 4.5 12.5 -16.5
0.000290603 5.5 11.5 -17
0.00145604 5 12 -16.5
0.000611483 4.5 12.5 -17
0.000159042 5.5 11.5 -17.5
7.05127e-05 5.5 11.5 -18
0.000144842 4.5 12.5 -18
2.01175e-05 4.5 12.5 -18.5
3.05965e-05 5 12 -19
0.000153725 5 12 -18.5
0.000431527 5 12 -18
0.000371895 4.5 12.5 -17.5
0.000814419 5 12 -17.5
0.0011949 5 12 -17
0.000689738 4.5 12.5 -16
0.000440448 5.5 11.5 -16.5
0.00158211 5 12 -16
0.00146617 5 12 -15.5
0.000504927 5.5 11.5 -15.5
0.000419878 5.5 11.5 -15
0.000267772 5.5 11.5 -14.5
0.000128249 5.5 11.5 -14
0.00011957 5 12.5 -13
2.1927e-05 6 11.5 -13.5
0.000305418 5 12.5 -13.5
3.27388e-05 6 11.5 -14
0.000194298 5.5 12 -13.5
2.73516e-05 4.5 13 -13.5
0.000668913 5.5 12 -14.5
0.000570431 5 12.5 -14
3.68906e-05 6 11.5 -14.5
6.26295e-05 4.5 13 -14
0.000917914 5 12.5 -14.5
0.000120011 4.5 13 -14.5
0.000194424 4.5 13 -15
0.00143511 5 12.5 -15.5
0.000968909 5.5 12 -15.5
0.000258757 4.5 13 -15.5
0.000285164 4.5 13 -16
0.00129781 5 12.5 -16.5
0.000786826 5.5 12 -16.5
0.000271579 4.5 13 -16.5
0.000940042 5 12.5 -17
0.000169821 4.5 13 -17
0.000230468 5 12.5 -18
5.40475e-05 4.5 13 -17.5
5.77841e-05 5 12.5 -18.5
3.81032e-05 5.5 12 -18.5
0.000130162 5.5 12 -18
0.000554183 5 12.5 -17.5
0.000300585 5.5 12 -17.5
0.000551408 5.5 12 -17
0.00149759 5 12.5 -16
0.000931706 5.5 12 -16
0.00126514 5 12.5 -15
0.000880688 5.5 12 -15
2.82946e-05 6 11.5 -15
0.00041375 5.5 12 -14
6.80705e-05 5.5 12 -13
9.48656e-05 5.5 12.5 -12.5
2.03999e-05 6 12 -12.5
4.43047e-05 5 13 -12.5
0.000258061 5.5 12.5 -13
0.000123421 5 13 -13
0.000508657 5.5 12.5 -13.5
0.000104176 6 12 -13.5
0.000288048 5 13 -13.5
0.00107866 5.5 12.5 -14.5
0.000521446 5 13 -14
0.000175912 6 12 -14.5
3.49206e-05 4.5 13.5 -14
0.000806247 5 13 -14.5
5.58519e-05 4.5 13.5 -14.5
0.00013513 6 12 -15.5
7.27058e-05 4.5 13.5 -15
0.00119256 5 13 -15.5
8.91081e-05 6 12 -16
0.00133642 5.5 12.5 -15.5
7.98258e-05 4.5 13.5 -15.5
0.00114647 5 13 -16
3.92061e-05 6 12 -16.5
6.36229e-05 4.5 13.5 -16
2.35502e-05 4.5 13.5 -16.5
0.000542764 5 13 -17
0.000568935 5.5 12.5 -17
0.000114749 5.5 12.5 -18
2.24855e-05 5.5 12.5 -18.5
6.5533e-05 5 13 -18
0.000243822 5 13 -17.5
0.000297223 5.5 12.5 -17.5
0.000882692 5 13 -16.5
0.000908346 5.5 12.5 -16.5
0.00120696 5.5 12.5 -16
0.00106433 5 13 -15
0.00123071 5.5 12.5 -15
0.000169732 6 12 -15
0.000815373 5.5 12.5 -14
0.000151927 6 12 -14
5.18721e-05 6 12 -13
2.09483e-05 5.5 13 -11.5
0.000105805 5.5 13 -12
0.000101955 6 12.5 -12.5
0.000308518 5.5 13 -12.5
4.45727e-05 5 13.5 -12.5
0.000585132 5.5 13 -13
0.000108002 5 13.5 -13
0.000891311 5.5 13 -13.5
0.000349712 6 12.5 -13.5
0.000214587 5 13.5 -13.5
0.000373253 5 13.5 -14
0.00136073 5.5 13 -14.5
0.000528358 6 12.5 -14.5
0.000536303 5 13.5 -14.5
0.000647239 5 13.5 -15
0.00132959 5.5 13 -15.5
0.000433427 6 12.5 -15.5
0.000571339 5 13.5 -16
0.000157578 6 12.5 -16.5
0.00111315 5.5 13 -16
0.000367891 5 13.5 -16.5
7.33461e-05 6 12.5 -17
0.000208235 5.5 13 -17.5
0.000167359 5 13.5 -17
6.07397e-05 5.5 13 -18
3.66646e-05 5 13.5 -17.5
0.000463992 5.5 13 -17
0.000793108 5.5 13 -16.5
0.000694733 5 13.5 -15.5
0.000283498 6 12.5 -16
0.0014432 5.5 13 -15
0.000511824 6 12.5 -15
0.00117088 5.5 13 -14
0.000469377 6 12.5 -14
0.000216693 6 12.5 -13
7.75016e-05 6 13 -11.5
6.35241e-05 5.5 13.5 -11.5
0.000186669 5.5 13.5 -12
4.66558e-05 6.5 12.5 -12.5
0.000371615 5.5 13.5 -12.5
5.7204e-05 6.5 12.5 -13
0.000334065 6 13 -12.5
3.62301e-05 5 14 -12.5
0.000611269 5.5 13.5 -13
0.000744006 6 13 -13.5
5.69796e-05 6.5 12.5 -13.5
7.21436e-05 5 14 -13
0.000901579 5.5 13.5 -13.5
0.000126304 5 14 -13.5
0.00118323 5.5 13.5 -14
0.000191129 5 14 -14
0.00130306 5.5 13.5 -14.5
0.000951464 6 13 -14.5
0.000239692 5 14 -14.5
0.00133995 5.5 13.5 -15
0.000260731 5 14 -15
0.000237133 5 14 -15.5
0.000859994 5.5 13.5 -16
0.000516134 6 13 -16
0.000144154 5 14 -16
0.000539484 5.5 13.5 -16.5
4.94845e-05 5 14 -16.5
5.3119e-05 6 13 -17.5
0.000261471 5.5 13.5 -17
8.47024e-05 5.5 13.5 -17.5
0.000143748 6 13 -17
0.000295474 6 13 -16.5
0.00115544 5.5 13.5 -15.5
0.000746667 6 13 -15.5
0.000888578 6 13 -15
0.000896136 6 13 -14
4.1359e-05 6.5 12.5 -14
0.000535954 6 13 -13
0.000184245 6 13 -12
3.44984e-05 6 13.5 -10.5
0.000114192 6 13.5 -11
2.59932e-05 5.5 14 -11
0.000257653 6 13.5 -11.5
7.20688e-05 5.5 14 -11.5
0.000446029 6 13.5 -12
0.000172867 5.5 14 -12
0.000688087 6 13.5 -12.5
0.000186465 6.5 13 -12.5
0.000337904 5.5 14 -12.5
0.000939742 6 13.5 -13
0.000546587 5.5 14 -13
0.00113047 6 13.5 -13.5
0.000236215 6.5 13 -13.5
3.72462e-05 5 14.5 -13
0.000770936 5.5 14 -13.5
5.44054e-05 5 14.5 -13.5
0.000959229 5.5 14 -14
0.000153681 6.5 13 -14.5
0.0011853 6 13.5 -14
6.6295e-05 5 14.5 -14
0.00104105 5.5 14 -14.5
9.60613e-05 6.5 13 -15
6.23025e-05 5 14.5 -14.5
0.000968907 5.5 14 -15
3.96592e-05 6.5 13 -15.5
0.00106616 6 13.5 -15
4.2058e-05 5 14.5 -15
0.000748056 5.5 14 -15.5
0.00047804 5.5 14 -16
0.000522505 6 13.5 -16
0.000231254 5.5 14 -16.5
6.9377e-05 5.5 14 -17
0.000132024 6 13.5 -17
4.22358e-05 6 13.5 -17.5
0.000291988 6 13.5 -16.5
0.000797056 6 13.5 -15.5
0.00121149 6 13.5 -14.5
0.000207298 6.5 13 -14
3.43273e-05 6 14 -10
3.05863e-05 6.5 13.5 -10
7.55043e-05 6.5 13.5 -10.5
0.000224383 6.5 13 -13
0.000110735 6 14 -10.5
0.000148928 6.5 13.5 -11
0.000242443 6 14 -11
0.000254994 6.5 13.5 -11.5
2.50235e-05 7 13 -11.5
2.67912e-05 5.5 14.5 -11
0.000448413 6 14 -11.5
6.43195e-05 5.5 14.5 -11.5
0.000728534 6 14 -12
0.000386687 6.5 13.5 -12
0.00013075 5.5 14.5 -12
0.000960844 6 14 -12.5
0.000230327 5.5 14.5 -12.5
0.00114334 6 14 -13
0.000561873 6.5 13.5 -13
0.000358949 5.5 14.5 -13
0.00122591 6 14 -13.5
0.000472585 5.5 14.5 -13.5
0.00125969 6 14 -14
0.000527554 6.5 13.5 -14
0.000537137 5.5 14.5 -14
0.00115454 6 14 -14.5
0.000548668 5.5 14.5 -14.5
0.000938993 6 14 -15
0.000264111 6.5 13.5 -15
0.000275858 5.5 14.5 -15.5
6.94498e-05 6.5 13.5 -16
0.000676627 6 14 -15.5
2.42492e-05 5.5 14.5 -16.5
0.000201821 6 14 -16.5
6.81724e-05 6 14 -17
0.0001242 5.5 14.5 -16
0.000414956 6 14 -16
0.000435092 5.5 14.5 -15
0.000146892 6.5 13.5 -15.5
0.000410772 6.5 13.5 -14.5
0.000588646 6.5 13.5 -13.5
0.000497372 6.5 13.5 -12.5
2.25094e-05 6.5 14 -9
5.97385e-05 6.5 14 -9.5
0.000142047 6.5 14 -10
3.22784e-05 7 13.5 -10
5.39863e-05 6 14.5 -10
0.00025355 6.5 14 -10.5
0.000118369 6 14.5 -10.5
0.000402151 6.5 14 -11
0.000251068 6 14.5 -11
2.26071e-05 5.5 15 -11
0.000448164 6 14.5 -11.5
0.000112114 7 13.5 -12
0.000559887 6.5 14 -11.5
4.4094e-05 5.5 15 -11.5
0.000689817 6 14.5 -12
8.64958e-05 7 13.5 -12.5
7.66619e-05 5.5 15 -12
0.000909588 6 14.5 -12.5
6.20219e-05 7 13.5 -13
0.000862129 6.5 14 -12.5
0.000118414 5.5 15 -12.5
0.000932924 6.5 14 -13.5
0.00108173 6 14.5 -13
3.20733e-05 7 13.5 -13.5
0.000161741 5.5 15 -13
0.00113822 6 14.5 -13.5
0.000185406 5.5 15 -13.5
0.000183213 5.5 15 -14
0.000924061 6 14.5 -14.5
0.000651143 6.5 14 -14.5
0.000142076 5.5 15 -14.5
7.49574e-05 5.5 15 -15
0.000429501 6 14.5 -15.5
0.000261184 6.5 14 -15.5
7.60836e-05 6 14.5 -16.5
5.29983e-05 6.5 14 -16.5
0.000217127 6 14.5 -16
0.000133515 6.5 14 -16
0.000677987 6 14.5 -15
0.000442313 6.5 14 -15
0.00110141 6 14.5 -14
0.000828978 6.5 14 -14
0.00094683 6.5 14 -13
2.76243e-05 7 14 -8.5
0.00070316 6.5 14 -12
3.03042e-05 6.5 14.5 -8.5
7.96304e-05 6.5 14.5 -9
4.9307e-05 7 14 -9
8.91553e-05 7 14 -9.5
0.000174331 6.5 14.5 -9.5
0.000142991 7 14 -10
2.28946e-05 6 15 -9.5
0.000330636 6.5 14.5 -10
0.000219764 7 14 -10.5
5.18132e-05 6 15 -10
0.000518032 6.5 14.5 -10.5
0.000109546 6 15 -10.5
0.00070088 6.5 14.5 -11
0.000217226 6 15 -11
0.000881099 6.5 14.5 -11.5
0.000329152 7 14 -11.5
0.000369092 6 15 -11.5
0.00103005 6.5 14.5 -12
0.000531787 6 15 -12
0.00109958 6.5 14.5 -12.5
0.000320374 7 14 -12.5
2.97299e-05 5.5 15.5 -12
0.00068343 6 15 -12.5
3.76893e-05 5.5 15.5 -12.5
0.000768339 6 15 -13
0.00101147 6.5 14.5 -13.5
0.000177153 7 14 -13.5
3.5567e-05 5.5 15.5 -13
0.000797884 6 15 -13.5
2.1502e-05 5.5 15.5 -13.5
0.000695678 6 15 -14
0.000647235 6.5 14.5 -14.5
3.85191e-05 7 14 -14.5
0.00052223 6 15 -14.5
0.000325047 6 15 -15
0.000154285 6 15 -15.5
0.000246628 6.5 14.5 -15.5
4.23616e-05 6 15 -16
3.94134e-05 6.5 14.5 -16.5
0.000116316 6.5 14.5 -16
0.000429966 6.5 14.5 -15
0.000854055 6.5 14.5 -14
9.56671e-05 7 14 -14
0.00107037 6.5 14.5 -13
0.000265098 7 14 -13
3.477e-05 7 14.5 -7.5
6.73411e-05 7 14.5 -8
2.02038e-05 6.5 15 -8
0.000118087 7 14.5 -8.5
2.6974e-05 7.5 14 -8.5
0.000343521 7 14 -12
4.53921e-05 6.5 15 -8.5
0.000183782 7 14.5 -9
3.91422e-05 7.5 14 -9
9.99018e-05 6.5 15 -9
0.000271799 7 14.5 -9.5
5.2545e-05 7.5 14 -9.5
0.000208047 6.5 15 -9.5
0.000352172 6.5 15 -10
6.09581e-05 7.5 14 -10.5
4.20536e-05 6 15.5 -10
0.000535147 6.5 15 -10.5
5.05234e-05 7.5 14 -11
7.84402e-05 6 15.5 -10.5
0.000743132 6.5 15 -11
0.000650275 7 14.5 -11.5
3.18285e-05 7.5 14 -11.5
0.000134841 6 15.5 -11
0.000924323 6.5 15 -11.5
0.000206635 6 15.5 -11.5
0.00103223 6.5 15 -12
0.000286039 6 15.5 -12
0.00107664 6.5 15 -12.5
0.000618065 7 14.5 -12.5
0.000344963 6 15.5 -12.5
0.00103014 6.5 15 -13
0.000366176 6 15.5 -13
0.000919122 6.5 15 -13.5
0.000361593 7 14.5 -13.5
0.000325698 6 15.5 -13.5
0.00071735 6.5 15 -14
0.000239416 6 15.5 -14
0.000500629 6.5 15 -14.5
0.000132675 7 14.5 -14.5
0.000130786 6 15.5 -14.5
4.23389e-05 6 15.5 -15
0.000304129 6.5 15 -15
5.4839e-05 6.5 15 -16
0.000152852 6.5 15 -15.5
6.43153e-05 7 14.5 -15
2.15411e-05 7.5 14.5 -6
0.00023135 7 14.5 -14
3.11992e-05 7.5 14.5 -6.5
4.41695e-05 7.5 14.5 -7
4.25875e-05 7 15 -7
6.24232e-05 7.5 14.5 -7.5
0.00051126 7 14.5 -13
8.8101e-05 7 15 -7.5
8.72287e-05 7.5 14.5 -8
0.000163182 7 15 -8
0.000670235 7 14.5 -12
2.14192e-05 6.5 15.5 -8
0.000272311 7 15 -8.5
0.000116982 7.5 14.5 -8.5
4.52223e-05 6.5 15.5 -8.5
0.000392578 7 15 -9
0.00015717 7.5 14.5 -9
9.54456e-05 6.5 15.5 -9
0.0005095 7 15 -9.5
0.000187387 6.5 15.5 -9.5
0.000653491 7 15 -10
0.000320801 6.5 15.5 -10
0.00078926 7 15 -10.5
0.000480973 6.5 15.5 -10.5
4.18187e-05 6 16 -10.5
0.000654994 6.5 15.5 -11
0.000150971 7.5 14.5 -11.5
0.000870887 7 15 -11
6.17672e-05 6 16 -11
0.000815427 6.5 15.5 -11.5
9.74073e-05 7.5 14.5 -12
8.48105e-05 6 16 -11.5
0.000896435 6.5 15.5 -12
4.82388e-05 7.5 14.5 -12.5
0.00091311 7 15 -12
9.99687e-05 6 16 -12
0.000892637 6.5 15.5 -12.5
9.81909e-05 6 16 -12.5
0.000799603 6.5 15.5 -13
0.00067918 7 15 -13
7.36185e-05 6 16 -13
0.000638759 6.5 15.5 -13.5
3.59823e-05 6 16 -13.5
0.000449103 6.5 15.5 -14
0.000349454 7 15 -14
0.000271415 6.5 15.5 -14.5
0.00013232 6.5 15.5 -15
0.000110709 7 15 -15
4.59654e-05 6.5 15.5 -15.5
4.63547e-05 7 15 -15.5
0.000213 7 15 -14.5
2.28029e-05 7.5 15 -5
2.13276e-05 8 14.5 -5.5
0.000512388 7 15 -13.5
3.91466e-05 7.5 15 -5.5
2.61361e-05 8 14.5 -6
6.3277e-05 7.5 15 -6
9.86411e-05 7.5 15 -6.5
3.10584e-05 8 14.5 -6.5
0.000828916 7 15 -12.5
0.000894383 7 15 -11.5
2.38948e-05 7 15.5 -6.5
0.000139833 7.5 15 -7
3.74602e-05 8 14.5 -7
4.78603e-05 7 15.5 -7
0.000187253 7.5 15 -7.5
4.29691e-05 8 14.5 -7.5
9.52087e-05 7 15.5 -7.5
0.000244028 7.5 15 -8
4.72934e-05 8 14.5 -8
0.000179053 7 15.5 -8
0.000303221 7.5 15 -8.5
5.01216e-05 8 14.5 -8.5
0.000290823 7 15.5 -8.5
0.000372205 7.5 15 -9
3.86337e-05 6.5 16 -8.5
0.000443158 7 15.5 -9
0.000436886 7.5 15 -9.5
7.26395e-05 6.5 16 -9
0.00062525 7 15.5 -9.5
0.000127703 6.5 16 -9.5
0.00076819 7 15.5 -10
0.000210862 6.5 16 -10
0.000872767 7 15.5 -10.5
0.000316653 6.5 16 -10.5
0.000929258 7 15.5 -11
0.000455948 7.5 15 -11
0.000416104 6.5 16 -11
0.000938489 7 15.5 -11.5
0.000492372 6.5 16 -11.5
0.000880822 7 15.5 -12
0.000286491 7.5 15 -12
0.000521318 6.5 16 -12
0.000467645 6.5 16 -12.5
9.19741e-05 7.5 15 -13
0.00079297 7 15.5 -12.5
0.000375467 6.5 16 -13
3.59385e-05 7.5 15 -13.5
0.000255922 6.5 16 -13.5
0.000473292 7 15.5 -13.5
0.000143194 6.5 16 -14
0.000177345 7 15.5 -14.5
5.49109e-05 6.5 16 -14.5
2.91473e-05 7 15.5 -15.5
8.18914e-05 7 15.5 -15
2.94001e-05 8 15 -4
0.000310558 7 15.5 -14
4.85486e-05 8 15 -4.5
7.15358e-05 8 15 -5
0.000644199 7 15.5 -13
2.78006e-05 7.5 15.5 -5
8.48808e-05 8 15 -5.5
5.38598e-05 7.5 15.5 -5.5
9.9812e-05 8 15 -6
9.99879e-05 7.5 15.5 -6
0.000167431 7.5 15.5 -6.5
0.000115756 8 15 -6.5
0.000134848 8 15 -7
0.000256915 7.5 15.5 -7
0.000180279 7.5 15 -12.5
0.000386738 7.5 15 -11.5
4.56407e-05 7 16 -7
0.000353088 7.5 15.5 -7.5
0.000156176 8 15 -7.5
8.80126e-05 7 16 -7.5
0.000432572 7.5 15.5 -8
0.00017007 8 15 -8
0.000161648 7 16 -8
0.00026929 7 16 -8.5
0.000163265 8 15 -9
0.000525602 7.5 15.5 -8.5
0.000405577 7 16 -9
0.000134797 8 15 -9.5
0.000606035 7.5 15.5 -9
4.17667e-05 6.5 16.5 -9
0.000560879 7 16 -9.5
9.59783e-05 8 15 -10
0.000655081 7.5 15.5 -9.5
6.57327e-05 6.5 16.5 -9.5
0.000709603 7 16 -10
0.000740545 7.5 15.5 -10.5
5.70485e-05 8 15 -10.5
9.77857e-05 6.5 16.5 -10
0.000805792 7 16 -10.5
0.000131859 6.5 16.5 -10.5
0.000847763 7 16 -11
0.000159908 6.5 16.5 -11
0.000823862 7 16 -11.5
0.00060149 7.5 15.5 -11.5
0.000175528 6.5 16.5 -11.5
0.000730665 7 16 -12
0.000157312 6.5 16.5 -12
0.000615209 7 16 -12.5
0.000329347 7.5 15.5 -12.5
0.000107304 6.5 16.5 -12.5
0.00046811 7 16 -13
5.71124e-05 6.5 16.5 -13
0.000311037 7 16 -13.5
0.000118381 7.5 15.5 -13.5
0.000178031 7 16 -14
2.4411e-05 7 16 -15
8.18184e-05 7 16 -14.5
3.30574e-05 8.5 15 -3
4.36766e-05 8.5 15 -3.5
3.0968e-05 8 15.5 -3.5
5.43274e-05 8.5 15 -4
5.76548e-05 7.5 15.5 -14
6.05514e-05 8 15.5 -4
6.13812e-05 8.5 15 -4.5
9.76921e-05 8 15.5 -4.5
0.000139056 8 15.5 -5
6.52948e-05 8.5 15 -5
0.000204507 7.5 15.5 -13
6.79461e-05 8.5 15 -5.5
2.75048e-05 7.5 16 -5
0.000177428 8 15.5 -5.5
5.19741e-05 7.5 16 -5.5
0.000215561 8 15.5 -6
6.53733e-05 8.5 15 -6
0.000472414 7.5 15.5 -12
9.54596e-05 7.5 16 -6
0.000256626 8 15.5 -6.5
6.04492e-05 8.5 15 -6.5
0.000164227 7.5 16 -6.5
5.48717e-05 8.5 15 -7
0.000294357 8 15.5 -7
0.000696618 7.5 15.5 -11
0.000257927 7.5 16 -7
0.000333144 8 15.5 -7.5
4.26338e-05 8.5 15 -7.5
3.51361e-05 7 16.5 -7
0.000375026 7.5 16 -7.5
2.75981e-05 8.5 15 -8
6.31166e-05 7 16.5 -7.5
0.000514627 7.5 16 -8
0.00037055 8 15.5 -8
0.00011109 7 16.5 -8
0.000624098 7.5 16 -8.5
0.000384025 8 15.5 -8.5
0.000186974 7 16.5 -8.5
0.000707658 7.5 16 -9
0.000285804 7 16.5 -9
0.000752905 7.5 16 -9.5
0.000386703 7 16.5 -9.5
0.000759723 7.5 16 -10
0.000476824 7 16.5 -10
0.000759055 7.5 16 -10.5
0.000206145 8 15.5 -10.5
0.000533536 7 16.5 -10.5
0.00071091 7.5 16 -11
0.000561814 7 16.5 -11
0.000605579 7.5 16 -11.5
6.53397e-05 8 15.5 -11.5
0.000515841 7 16.5 -11.5
0.000427906 7 16.5 -12
0.0004731 7.5 16 -12
0.000319964 7 16.5 -12.5
0.000208568 7 16.5 -13
0.000228014 7.5 16 -13
3.77925e-05 7 16.5 -14
6.26009e-05 7.5 16 -14
2.69558e-05 9 15 -2
2.41066e-05 8.5 15.5 -2
3.35812e-05 9 15 -2.5
5.01887e-05 8.5 15.5 -2.5
2.21929e-05 7.5 16 -14.5
3.57133e-05 9 15 -3
7.57573e-05 8.5 15.5 -3
0.000107897 7 16.5 -13.5
3.681e-05 9 15 -3.5
0.00010959 8.5 15.5 -3.5
3.11291e-05 8 16 -3.5
3.62132e-05 9 15 -4
0.000133125 8.5 15.5 -4
0.000132021 7.5 16 -13.5
5.69305e-05 8 16 -4
3.02523e-05 9 15 -4.5
0.000150871 8.5 15.5 -4.5
0.000100007 8 16 -4.5
2.23192e-05 9 15 -5
0.000162604 8 16 -5
0.000160954 8.5 15.5 -5
0.000342439 7.5 16 -12.5
0.000169957 8.5 15.5 -5.5
0.00023994 8 16 -5.5
4.22808e-05 7.5 16.5 -5.5
0.000325048 8 16 -6
0.000179857 8.5 15.5 -6
7.75461e-05 7.5 16.5 -6
0.000393418 8 16 -6.5
0.000181848 8.5 15.5 -6.5
0.000140623 7.5 16.5 -6.5
0.00016995 8.5 15.5 -7
0.00022959 7.5 16.5 -7
0.000147084 8.5 15.5 -7.5
0.000457562 8 16 -7
0.000337679 7.5 16.5 -7.5
0.00011308 8.5 15.5 -8
0.000507054 8 16 -7.5
0.000537817 8 16 -8
3.50838e-05 7 17 -7.5
0.000463013 7.5 16.5 -8
0.000573756 8 16 -8.5
7.47428e-05 8.5 15.5 -8.5
5.77127e-05 7 17 -8
0.000583212 7.5 16.5 -8.5
0.000583199 8 16 -9
3.93245e-05 8.5 15.5 -9
9.08436e-05 7 17 -8.5
0.000655697 7.5 16.5 -9
0.000131334 7 17 -9
0.000698461 7.5 16.5 -9.5
0.000170898 7 17 -9.5
0.000713443 7.5 16.5 -10
0.000456218 8 16 -10
0.000196149 7 17 -10
0.000685365 7.5 16.5 -10.5
0.000208634 7 17 -10.5
0.00059761 7.5 16.5 -11
0.000243622 8 16 -11
0.000196735 7 17 -11
0.000163995 7 17 -11.5
8.07944e-05 8 16 -12
0.000112602 7 17 -12
3.7622e-05 8 16 -12.5
0.000374438 7.5 16.5 -12
5.69521e-05 7 17 -12.5
0.000164251 7.5 16.5 -13
3.29767e-05 7.5 16.5 -14
2.91954e-05 9 15.5 -1
5.81816e-05 9 15.5 -1.5
8.01715e-05 9 15.5 -2
2.63665e-05 8.5 16 -2
9.32989e-05 9 15.5 -2.5
5.60923e-05 8.5 16 -2.5
0.000101515 9 15.5 -3
8.32749e-05 7.5 16.5 -13.5
9.76684e-05 8.5 16 -3
0.000105849 9 15.5 -3.5
0.000151315 8.5 16 -3.5
0.00026449 7.5 16.5 -12.5
0.000109928 9 15.5 -4
2.03289e-05 8 16.5 -3.5
0.000203939 8.5 16 -4
4.92133e-05 8 16.5 -4
0.000239607 8.5 16 -4.5
0.000101807 9 15.5 -4.5
0.000484975 7.5 16.5 -11.5
8.92275e-05 8 16.5 -4.5
0.000270165 8.5 16 -5
8.69732e-05 9 15.5 -5
0.000148975 8 16.5 -5
0.000295131 8.5 16 -5.5
7.0067e-05 9 15.5 -5.5
0.000153557 8 16 -11.5
0.000226197 8 16.5 -5.5
0.000312925 8.5 16 -6
5.06213e-05 9 15.5 -6
2.48109e-05 7.5 17 -5.5
0.000313192 8 16.5 -6
0.000332444 8.5 16 -6.5
2.98785e-05 9 15.5 -6.5
5.02223e-05 7.5 17 -6
0.000404848 8 16.5 -6.5
0.000334613 8.5 16 -7
8.66709e-05 7.5 17 -6.5
0.000485246 8 16.5 -7
0.000349748 8 16 -10.5
0.000146349 7.5 17 -7
0.000553192 8 16.5 -7.5
0.000310227 8.5 16 -7.5
0.0002265 7.5 17 -7.5
0.00059225 8 16.5 -8
0.000275773 8.5 16 -8
0.000312675 7.5 17 -8
0.000399017 7.5 17 -8.5
0.00015672 8.5 16 -9
0.000609537 8 16.5 -9
0.000598639 8 16.5 -8.5
0.00046627 7.5 17 -9
0.000577013 8 16.5 -9.5
9.07965e-05 8.5 16 -9.5
2.31186e-05 7 17.5 -9
0.000503834 7.5 17 -9.5
0.000512597 8 16.5 -10
4.00606e-05 8.5 16 -10
2.99681e-05 7 17.5 -9.5
0.000506119 7.5 17 -10
2.2301e-05 7 17.5 -10
0.000445353 7.5 17 -10.5
0.000365482 7.5 17 -11
0.000323885 8 16.5 -11
0.000277449 7.5 17 -11.5
0.000196004 7.5 17 -12
0.000133771 8 16.5 -12
0.000120689 7.5 17 -12.5
5.89048e-05 7.5 17 -13
3.46638e-05 8 16.5 -13
2.6125e-05 9.5 15.5 -0.5
5.83778e-05 9.5 15.5 -1
3.83488e-05 9 16 -1
6.87508e-05 9.5 15.5 -1.5
7.39191e-05 9 16 -1.5
7.02821e-05 9.5 15.5 -2
0.000111706 9 16 -2
6.85375e-05 9.5 15.5 -2.5
0.000146788 9 16 -2.5
4.84013e-05 8.5 16.5 -2.5
5.73515e-05 9.5 15.5 -3
0.000170552 9 16 -3
8.56523e-05 8.5 16.5 -3
4.38931e-05 9.5 15.5 -3.5
0.00013665 8.5 16.5 -3.5
2.71994e-05 9.5 15.5 -4
0.000188502 9 16 -3.5
0.000197499 9 16 -4
7.34049e-05 8 16.5 -12.5
0.000198842 8.5 16.5 -4
3.21117e-05 8 17 -4
0.000266255 8.5 16.5 -4.5
0.000204545 9 16 -4.5
5.97974e-05 8 17 -4.5
0.000326954 8.5 16.5 -5
0.000198967 9 16 -5
0.000105045 8 17 -5
0.000374704 8.5 16.5 -5.5
0.000177189 9 16 -5.5
0.000219391 8 16.5 -11.5
0.000170536 8 17 -5.5
0.000147264 9 16 -6
0.000410512 8.5 16.5 -6
0.000427276 8 16.5 -10.5
0.00025504 8 17 -6
0.000430853 8.5 16.5 -6.5
0.000108155 9 16 -6.5
0.000349354 8 17 -6.5
0.000450796 8.5 16.5 -7
7.03773e-05 9 16 -7
3.94374e-05 7.5 17.5 -6.5
0.000440852 8 17 -7
6.44916e-05 7.5 17.5 -7
0.000502372 8 17 -7.5
0.000456991 8.5 16.5 -7.5
9.56812e-05 7.5 17.5 -7.5
0.000544194 8 17 -8
0.000131823 7.5 17.5 -8
0.000560952 8 17 -8.5
0.000167459 7.5 17.5 -8.5
0.000548288 8 17 -9
0.000196775 7.5 17.5 -9
0.000207418 7.5 17.5 -9.5
0.000118484 8.5 16.5 -10
0.000188131 7.5 17.5 -10
5.60489e-05 8.5 16.5 -10.5
0.000446564 8 17 -10
0.000149923 7.5 17.5 -10.5
0.000275887 8 17 -11
0.000107118 7.5 17.5 -11
6.73685e-05 7.5 17.5 -11.5
3.32377e-05 7.5 17.5 -12
0.000113597 8 17 -12
2.02982e-05 8 17 -13
2.4239e-05 10 15.5 -0.5
5.08605e-05 9.5 16 -0.5
3.45236e-05 10 15.5 -1
9.087e-05 9.5 16 -1
2.7799e-05 9 16.5 -1
3.17872e-05 10 15.5 -1.5
0.000114602 9.5 16 -1.5
6.24035e-05 9 16.5 -1.5
0.000125523 9.5 16 -2
0.000104245 9 16.5 -2
0.000129456 9.5 16 -2.5
0.000154477 9 16.5 -2.5
5.81017e-05 8 17 -12.5
2.75305e-05 8.5 17 -2.5
0.000200121 9 16.5 -3
0.000128325 9.5 16 -3
5.74522e-05 8.5 17 -3
0.000237736 9 16.5 -3.5
0.000111395 9.5 16 -3.5
0.000101187 8.5 17 -3.5
0.000265854 9 16.5 -4
8.94111e-05 9.5 16 -4
0.000186772 8 17 -11.5
0.00016471 8.5 17 -4
6.20522e-05 9.5 16 -4.5
0.000237142 8.5 17 -4.5
3.59232e-05 9.5 16 -5
0.000281681 9 16.5 -4.5
0.000291065 9 16.5 -5
0.000368362 8 17 -10.5
2.77252e-05 8 17.5 -4.5
0.000307031 8.5 17 -5
0.000496248 8 17 -9.5
5.38407e-05 8 17.5 -5
0.000360546 8.5 17 -5.5
0.00028717 9 16.5 -5.5
8.86681e-05 8 17.5 -5.5
0.000405766 8.5 17 -6
0.00025968 9 16.5 -6
0.000139359 8 17.5 -6
0.000436636 8.5 17 -6.5
0.0002268 9 16.5 -6.5
0.000205505 8 17.5 -6.5
0.000272697 8 17.5 -7
0.000123902 9 16.5 -7.5
0.000448026 8.5 17 -7
0.000329638 8 17.5 -7.5
6.72736e-05 9 16.5 -8
0.000372317 8 17.5 -8
0.000384156 8 17.5 -8.5
2.23091e-05 7.5 18 -8.5
0.00036322 8 17.5 -9
0.000335066 8.5 17 -9
2.25858e-05 7.5 18 -9
0.000329937 8 17.5 -9.5
0.000280448 8 17.5 -10
0.000182294 8.5 17 -10
6.44684e-05 8.5 17 -11
0.000215027 8 17.5 -10.5
2.92043e-05 8.5 17 -11.5
9.01137e-05 8 17.5 -11.5
2.0224e-05 10 16 0
5.80451e-05 10 16 -0.5
4.45115e-05 9.5 16.5 -0.5
7.39299e-05 10 16 -1
9.28207e-05 9.5 16.5 -1
7.49394e-05 10 16 -1.5
0.000127254 9.5 16.5 -1.5
3.68821e-05 9 17 -1.5
0.000151706 9.5 16.5 -2
6.04787e-05 10 16 -2
4.84155e-05 8 17.5 -12
7.6538e-05 9 17 -2
4.16142e-05 10 16 -2.5
0.000169451 9.5 16.5 -2.5
0.000125008 9 17 -2.5
2.52539e-05 10 16 -3
0.000147729 8 17.5 -11
0.000181417 9 17 -3
0.000181152 9.5 16.5 -3
0.000227352 9 17 -3.5
0.000183746 9.5 16.5 -3.5
5.11953e-05 8.5 17.5 -3.5
0.000264382 9 17 -4
0.000168919 9.5 16.5 -4
9.16493e-05 8.5 17.5 -4
0.000143939 9.5 16.5 -4.5
0.000147697 8.5 17.5 -4.5
0.000107266 9.5 16.5 -5
0.000290896 9 17 -4.5
0.000308878 9 17 -5
0.000116986 8.5 17 -10.5
0.000214965 8.5 17.5 -5
0.000329761 9 17 -5.5
6.87128e-05 9.5 16.5 -5.5
0.000279411 8.5 17.5 -5.5
0.000333722 9 17 -6
3.50132e-05 9.5 16.5 -6
0.000332796 8.5 17.5 -6
4.14376e-05 8 18 -6
0.000369478 8.5 17.5 -6.5
0.000310708 9 17 -6.5
6.81448e-05 8 18 -6.5
0.000386979 8.5 17.5 -7
0.000268657 9 17 -7
9.66328e-05 8 18 -7
0.00038889 8.5 17.5 -7.5
0.000120243 8 18 -7.5
0.000360778 8.5 17.5 -8
0.000132959 8 18 -8
0.000136211 8 18 -8.5
4.33504e-05 9 17 -9
0.000128237 8 18 -9
0.000114019 8 18 -9.5
0.000230275 8.5 17.5 -9.5
8.37067e-05 8 18 -10
4.75227e-05 8 18 -10.5
0.000108196 8.5 17.5 -10.5
3.04771e-05 8.5 17.5 -11.5
2.13362e-05 10 16.5 0
2.10851e-05 10.5 16 -0.5
6.66751e-05 10 16.5 -0.5
6.25942e-05 9.5 17 -1
9.34131e-05 10 16.5 -1
0.000103516 10 16.5 -1.5
0.000107619 9.5 17 -1.5
0.000142412 9.5 17 -2
0.000103825 10 16.5 -2
2.93953e-05 9 17.5 -2
0.000170349 9.5 17 -2.5
8.99504e-05 10 16.5 -2.5
6.53556e-05 9 17.5 -2.5
6.83754e-05 10 16.5 -3
0.00011097 9 17.5 -3
4.2106e-05 10 16.5 -3.5
0.000191707 9.5 17 -3
0.000210259 9.5 17 -3.5
6.04812e-05 8.5 17.5 -11
0.000168093 9 17.5 -3.5
0.000166291 8.5 17.5 -10
0.000218583 9 17.5 -4
0.000215971 9.5 17 -4
3.16871e-05 8.5 18 -4
0.000258067 9 17.5 -4.5
0.000201029 9.5 17 -4.5
6.02674e-05 8.5 18 -4.5
0.000286595 9 17.5 -5
0.000172117 9.5 17 -5
9.12894e-05 8.5 18 -5
0.000125683 8.5 18 -5.5
9.38749e-05 9.5 17 -6
0.000301554 9 17.5 -5.5
0.000134784 9.5 17 -5.5
0.000307789 9 17.5 -6
0.000290466 8.5 17.5 -9
0.000335529 8.5 17.5 -8.5
0.000166235 8.5 18 -6
0.000298864 9 17.5 -6.5
5.35022e-05 9.5 17 -6.5
0.000206609 8.5 18 -6.5
0.000265817 9 17.5 -7
0.000224956 8.5 18 -7
0.000227764 8.5 18 -7.5
0.000215668 8.5 18 -8
0.000182481 9 17.5 -8
0.000195621 8.5 18 -8.5
0.000164367 8.5 18 -9
8.74235e-05 9 17.5 -9
8.87424e-05 8.5 18 -10
2.12567e-05 8.5 18 -11
3.40976e-05 10.5 16.5 -0.5
4.05293e-05 10 17 -0.5
8.01141e-05 10 17 -1
3.8062e-05 10.5 16.5 -1
2.93029e-05 10.5 16.5 -1.5
0.000103936 10 17 -1.5
5.42981e-05 9.5 17.5 -1.5
9.62415e-05 9.5 17.5 -2
0.000116676 10 17 -2
0.000134431 9.5 17.5 -2.5
0.00011878 10 17 -2.5
5.09963e-05 8.5 18 -10.5
0.000107032 10 17 -3
4.29434e-05 9 18 -3
8.62676e-05 10 17 -3.5
0.000166428 9.5 17.5 -3
0.000126892 8.5 18 -9.5
0.000187676 9.5 17.5 -3.5
7.40446e-05 9 18 -3.5
0.00020034 9.5 17.5 -4
6.15135e-05 10 17 -4
0.000114388 9 18 -4
0.000204755 9.5 17.5 -4.5
3.44613e-05 10 17 -4.5
0.000159441 9 18 -4.5
0.00019 9 18 -5
0.000198031 9.5 17.5 -5
0.000209914 9 18 -5.5
0.000178177 9.5 17.5 -5.5
0.000218836 9 18 -6
3.9307e-05 8.5 18.5 -6
4.95635e-05 8.5 18.5 -6.5
5.60011e-05 9.5 17.5 -7
0.000215946 9 18 -6.5
5.50179e-05 8.5 18.5 -7
2.74983e-05 9.5 17.5 -7.5
0.000201953 9 18 -7
5.76318e-05 8.5 18.5 -7.5
5.67404e-05 8.5 18.5 -8
4.75979e-05 8.5 18.5 -8.5
3.43135e-05 8.5 18.5 -9
8.02641e-05 9 18 -9
2.01926e-05 8.5 18.5 -9.5
2.20955e-05 9 18 -10
2.57862e-05 10.5 17 -0.5
3.16875e-05 10 17.5 -1
4.31289e-05 10.5 17 -1
4.47696e-05 10.5 17 -1.5
7.12957e-05 10 17.5 -1.5
9.50719e-05 10 17.5 -2
3.36561e-05 10.5 17 -2
3.02607e-05 9.5 18 -2
5.97653e-05 9.5 18 -2.5
0.000110364 10 17.5 -2.5
9.10153e-05 9.5 18 -3
0.000114152 10 17.5 -3
0.000119951 9.5 18 -3.5
0.000107828 10 17.5 -3.5
2.14031e-05 9 18.5 -4
6.47544e-05 10 17.5 -4.5
0.000143088 9.5 18 -4
4.70808e-05 9 18.5 -4.5
3.98369e-05 10 17.5 -5
0.000156734 9.5 18 -4.5
8.88016e-05 10 17.5 -4
4.86399e-05 9 18 -9.5
6.68596e-05 9 18.5 -5
0.000164019 9.5 18 -5
8.27852e-05 9 18.5 -5.5
0.00015652 9.5 18 -5.5
9.15414e-05 9 18.5 -6
9.45465e-05 9 18.5 -6.5
9.17039e-05 9 18.5 -7
7.78647e-05 9.5 18 -7
2.13771e-05 9.5 18 -8
4.576e-05 9 18.5 -8.5
2.0247e-05 10.5 17.5 -1
3.76943e-05 10.5 17.5 -1.5
4.11386e-05 10.5 17.5 -2
3.9678e-05 10 18 -2
3.21176e-05 9 18.5 -9
6.28553e-05 10 18 -2.5
3.31642e-05 10.5 17.5 -2.5
7.922e-05 10 18 -3
8.5598e-05 10 18 -3.5
3.44917e-05 9.5 18.5 -3.5
6.32406e-05 9 18.5 -8
8.02451e-05 9 18.5 -7.5
5.5865e-05 9.5 18.5 -4
8.44991e-05 10 18 -4
7.22748e-05 9.5 18.5 -4.5
7.37472e-05 10 18 -4.5
7.9255e-05 9.5 18.5 -5
8.00288e-05 9.5 18.5 -5.5
7.73595e-05 9.5 18.5 -6
2.1691e-05 10.5 18 -2
2.68949e-05 10.5 18 -2.5
2.08931e-05 10 18.5 -3
2.29159e-05 10.5 18 -3
3.25361e-05 10 18.5 -3.5
4.28835e-05 10 18.5 -4
4.50149e-05 10 18.5 -4.5
4.11783e-05 10 18.5 -5
3.17855e-05 10 18.5 -5.5
3.1198e-05 9.5 18.5 -7.5
4.944e-05 9.5 18.5 -7
6.81564e-05 9.5 18.5 -6.5
3.75505e-05 10 18 -5.5
5.74276e-05 10 18 -5
4.90613e-05 9.5 18 -7.5
0.000105056 9.5 18 -6.5
0.000132497 9.5 18 -6
0.000114366 9 18 -8.5
0.000149115 9 18 -8
0.000182091 9 18 -7.5
9.8875e-05 9.5 17.5 -6.5
0.000142774 9.5 17.5 -6
4.96151e-05 9 17.5 -9.5
0.000132414 9 17.5 -8.5
0.000227054 9 17.5 -7.5
8.74446e-05 9 17 -8.5
0.000135233 9 17 -8
0.000201244 9 17 -7.5
0.000261691 8.5 17 -9.5
0.000391342 8.5 17 -8.5
0.000434011 8.5 17 -8
0.00045673 8.5 17 -7.5
0.000179536 9 16.5 -7
0.000187266 8.5 16.5 -9.5
0.000270318 8.5 16.5 -9
0.000358545 8.5 16.5 -8.5
0.000421663 8.5 16.5 -8
3.64312e-05 9 16 -7.5
0.000222113 8.5 16 -8.5
0.000535148 8 16 -9.5
0.000125331 8 15.5 -11
0.00027821 8 15.5 -10
0.000336021 8 15.5 -9.5
0.00036957 8 15.5 -9
0.000710607 7.5 15.5 -10
0.000176731 8 15 -8.5
0.00048977 7.5 15 -10.5
0.000475554 7.5 15 -10
3.34919e-05 8 14.5 -9.5
4.54329e-05 8 14.5 -9
0.000194249 7.5 14.5 -11
0.000221518 7.5 14.5 -10.5
0.000215207 7.5 14.5 -10
0.000193569 7.5 14.5 -9.5
0.000593078 7 14.5 -11
0.000486804 7 14.5 -10.5
0.000371661 7 14.5 -10
6.14737e-05 7.5 14 -10
0.000286993 7 14 -11
0.000111959 7 13.5 -11.5
9.11944e-05 7 13.5 -11
5.75823e-05 7 13.5 -10.5
2.44311e-05 7 13 -12
0.00012856 6.5 13 -12
6.96051e-05 6.5 13 -11.5
3.21894e-05 6.5 13 -11
2.78335e-05 6.5 12.5 -12
3.75765e-05 6 12.5 -12
