0.0468085
3.1783e-05 -11 -6.5 10.5
2.42263e-05 -11.5 -6 11.5
5.77502e-05 -11 -6.5 11.5
6.65702e-05 -11 -6.5 11
0.000118179 -11 -6 10
0.000114295 -10.5 -6.5 10.5
3.90824e-05 -11.5 -5.5 10
0.00113208 -11 -6 10.5
0.000127357 -10.5 -6.5 11
0.00082111 -11.5 -5.5 10.5
0.00115688 -11 -6 11
0.000975156 -11.5 -5.5 11
0.000900338 -11 -6 11.5
9.97434e-05 -10.5 -6.5 11.5
0.000867275 -11.5 -5.5 11.5
2.38463e-05 -10.5 -6 9.5
0.000121132 -11 -5.5 9.5
0.000520001 -10.5 -6 10
2.67183e-05 -11.5 -5 9.5
0.00405592 -11 -5.5 10
0.00165793 -10.5 -6 10.5
0.00179822 -11.5 -5 10
0.0118179 -11 -5.5 10.5
0.00162887 -10.5 -6 11
0.00744542 -11.5 -5 10.5
0.0105219 -11 -5.5 11
0.00720932 -11.5 -5 11
0.0041835 -11 -5.5 11.5
0.00100143 -10.5 -6 11.5
0.00310065 -11.5 -5 11.5
0.000479573 -10.5 -5.5 9.5
0.00180028 -11 -5 9.5
0.0060754 -10.5 -5.5 10
0.000177971 -10 -6 10
0.000505059 -11.5 -4.5 9.5
0.018245 -11 -5 10
0.0118436 -10.5 -5.5 10.5
0.00643477 -11.5 -4.5 10
0.0310863 -11 -5 10.5
0.0125498 -11.5 -4.5 10.5
0.0247275 -11 -5 11
0.000148216 -10 -6 11.5
0.0109996 -11.5 -4.5 11
0.00733734 -11 -5 11.5
0.00368655 -11.5 -4.5 11.5
7.33248e-05 -12 -4.5 10.5
7.94493e-05 -12 -4.5 11
5.00355e-05 -12 -4.5 11.5
0.000284361 -10 -5.5 9.5
0.00321874 -10.5 -5 9.5
0.00166331 -10 -5.5 10
0.00537643 -11 -4.5 9.5
0.00166073 -10 -5.5 10.5
0.019092 -10.5 -5 10
0.00130357 -11.5 -4 9.5
0.0268043 -11 -4.5 10
0.0273502 -10.5 -5 10.5
0.00759709 -11.5 -4 10
0.0385172 -11 -4.5 10.5
0.0198899 -10.5 -5 11
0.0128356 -11.5 -4 10.5
0.0283011 -11 -4.5 11
0.00523698 -10.5 -5 11.5
0.0108711 -11.5 -4 11
0.00757929 -11 -4.5 11.5
0.00332903 -11.5 -4 11.5
8.45636e-05 -12 -4 10
0.000174925 -12 -4 11
0.000190148 -12 -4 10.5
6.96038e-05 -12 -4 11.5
0.00671591 -10.5 -4.5 9.5
3.06499e-05 -10 -5 9
6.1719e-05 -10.5 -4.5 9
0.00653719 -11 -4 9.5
0.0257872 -10.5 -4.5 10
0.000120887 -11 -4 9
0.00147589 -11.5 -3.5 9.5
0.0258959 -11 -4 10
0.0332258 -10.5 -4.5 10.5
6.58894e-05 -11.5 -3.5 9
0.00594629 -11.5 -3.5 10
0.0358511 -11 -4 10.5
0.0222001 -10.5 -4.5 11
0.00900102 -11.5 -3.5 10.5
0.0256726 -11 -4 11
0.0072991 -11.5 -3.5 11
2.15743e-05 -10 -5 12
0.00214795 -11.5 -3.5 11.5
2.19022e-05 -12 -3.5 9.5
0.000116009 -12 -3.5 10
0.000199454 -12 -3.5 10.5
0.000178554 -12 -3.5 11
6.39819e-05 -12 -3.5 11.5
0.00630141 -11 -4 11.5
0.00356529 -10 -4.5 9.5
0.000189225 -10 -4.5 9
0.00735437 -10.5 -4 9.5
0.00485034 -11 -3.5 9.5
0.000445773 -10.5 -4 9
0.0241363 -10.5 -4 10
0.000657703 -11.5 -3 9.5
0.000478024 -11 -3.5 9
0.0140972 -11 -3.5 10
0.000112735 -11.5 -3 9
0.0015206 -11.5 -3 10
0.0195086 -11 -3.5 10.5
0.00543894 -10 -4.5 11
0.0022681 -11.5 -3 10.5
0.0144924 -11 -3.5 11
0.00106773 -10 -4.5 11.5
0.00210573 -11.5 -3 11
0.00392351 -11 -3.5 11.5
0.000898389 -11.5 -3 11.5
2.23777e-05 -11.5 -3 12
2.08358e-05 -12 -3 9.5
0.000138966 -12 -3 11
4.04361e-05 -12 -3 11.5
0.000157242 -12 -3 10.5
0.000100817 -12 -3 10
5.63137e-05 -11 -3.5 12
0.000211238 -9.5 -4.5 9.5
6.90646e-05 -9.5 -4.5 9
0.00389744 -10 -4 9.5
0.0048542 -10.5 -3.5 9.5
0.000390112 -10 -4 9
0.00126863 -11 -3 9.5
0.000611831 -10.5 -3.5 9
0.0127079 -10.5 -3.5 10
0.000318582 -11 -3 9
5.65835e-05 -11.5 -2.5 9.5
0.00276409 -11 -3 10
0.0163815 -10.5 -3.5 10.5
2.95243e-05 -11.5 -2.5 9
2.14392e-05 -11 -3 8.5
0.000135274 -11.5 -2.5 10
0.00419305 -11 -3 10.5
0.0111502 -10.5 -3.5 11
0.000213962 -11.5 -2.5 10.5
0.00383848 -11 -3 11
0.000229999 -11.5 -2.5 11
0.00164744 -11 -3 11.5
0.000137633 -11.5 -2.5 11.5
7.81059e-05 -11 -3 12
2.94171e-05 -11.5 -2.5 12
2.69599e-05 -12 -2.5 10
3.81526e-05 -12 -2.5 10.5
3.41264e-05 -12 -2.5 11
6.51709e-05 -10.5 -3.5 12
0.00276337 -10.5 -3.5 11.5
0.000587523 -9.5 -4 9.5
0.000112024 -9.5 -4 9
0.00122035 -10.5 -3 9.5
0.00040318 -10 -3.5 9
0.000876722 -9.5 -4 10
0.000328236 -10.5 -3 9
0.000123009 -11 -2.5 9.5
0.00262392 -10.5 -3 10
0.000500408 -9.5 -4 10.5
4.22317e-05 -11 -2.5 9
2.81689e-05 -10.5 -3 8.5
0.000273017 -11 -2.5 10
0.00377104 -10.5 -3 10.5
0.000436542 -11 -2.5 10.5
0.00318269 -10.5 -3 11
2.07453e-05 -11.5 -2 10.5
0.000446305 -11 -2.5 11
0.00123157 -10.5 -3 11.5
0.000284116 -11 -2.5 11.5
6.48507e-05 -11 -2.5 12
7.3231e-05 -10.5 -3 12
0.000784497 -10 -3.5 11.5
0.00395898 -10 -3.5 11
6.69949e-05 -9.5 -4 11
0.000614175 -9.5 -3.5 9.5
0.000112001 -9.5 -3.5 9
0.00109943 -9.5 -3.5 10
0.000765138 -10 -3 9.5
0.000195845 -10 -3 9
0.000126135 -10.5 -2.5 9.5
0.0010093 -9.5 -3.5 10.5
0.00165938 -10 -3 10
4.43305e-05 -10.5 -2.5 9
0.000272339 -10.5 -2.5 10
0.00215628 -10 -3 10.5
2.54474e-05 -11 -2 10
0.000416237 -10.5 -2.5 10.5
0.00156951 -10 -3 11
3.49728e-05 -11 -2 10.5
0.000407442 -10.5 -2.5 11
0.000448719 -10 -3 11.5
3.72096e-05 -11 -2 11
0.000260175 -10.5 -2.5 11.5
2.6435e-05 -11 -2 11.5
4.69428e-05 -10.5 -2.5 12
3.0861e-05 -9 -3.5 9.5
0.000286344 -9.5 -3 9.5
6.46577e-05 -9.5 -3 9
9.03721e-05 -10 -2.5 9.5
0.000601998 -9.5 -3 10
3.22398e-05 -10 -2.5 9
0.000180378 -10 -2.5 10
0.000658077 -9.5 -3 10.5
2.60707e-05 -10.5 -2 10
0.00024968 -10 -2.5 10.5
3.51515e-05 -10.5 -2 10.5
0.000222942 -10 -2.5 11
3.70666e-05 -10.5 -2 11
0.000137622 -10 -2.5 11.5
2.49361e-05 -10.5 -2 11.5
3.7379e-05 -9 -3 9.5
3.97569e-05 -9.5 -2.5 9.5
4.87495e-05 -9 -3 10.5
7.926e-05 -9.5 -2.5 10
0.000118159 -9.5 -2.5 10.5
9.86036e-05 -9.5 -2.5 11
3.21523e-05 -9.5 -2.5 11.5
2.25244e-05 -9 -2.5 10.5
2.44578e-05 -9 -2.5 10
2.52479e-05 -10 -2 11
2.45869e-05 -10 -2 10.5
6.58025e-05 -9 -3 10
4.95081e-05 -9.5 -3 11.5
0.000344569 -9.5 -3 11
2.64059e-05 -9 -3.5 10
2.98693e-05 -9.5 -3.5 11.5
0.000380535 -9.5 -3.5 11
0.00683428 -10 -3.5 10.5
0.00592079 -10 -3.5 10
0.00255297 -10 -3.5 9.5
0.00101938 -10 -4 11.5
0.00543153 -10 -4 11
0.0101011 -10 -4 10.5
0.00927193 -10 -4 10
0.00439958 -10.5 -4 11.5
0.0197798 -10.5 -4 11
0.0303792 -10.5 -4 10.5
0.00999859 -10 -4.5 10.5
0.00934271 -10 -4.5 10
0.00530038 -10.5 -4.5 11.5
0.00092285 -10 -5 11.5
0.00350062 -10 -5 11
0.0058836 -10 -5 10.5
0.00567457 -10 -5 10
0.001722 -10 -5 9.5
2.27773e-05 -10 -5.5 12
0.000509258 -10 -5.5 11.5
0.00109914 -10 -5.5 11
0.00338862 -10.5 -5.5 11.5
0.00972047 -10.5 -5.5 11
0.000229592 -10 -6 11
0.000281431 -10 -6 10.5
