0.0920834
2.20209e-05 -9.5 -2.5 9
2.79849e-05 -9 -2.5 9.5
0.000200016 -9.5 -2 9.5
3.15938e-05 -9 -2.5 8.5
0.000166765 -10 -1.5 9.5
2.19206e-05 -9.5 -2 10
0.000242059 -9.5 -2 9
0.000223744 -10 -1.5 9
0.000163217 -9.5 -2 8.5
4.78374e-05 -10.5 -1 9
0.000184158 -10 -1.5 8.5
3.89422e-05 -10.5 -1 8.5
0.000271284 -9 -2 9.5
0.000380874 -9 -2 9
0.00181923 -9.5 -1.5 9.5
0.00033352 -9 -2 8.5
0.00259213 -10 -1 9.5
0.00207672 -9.5 -1.5 9
0.000413989 -9.5 -1.5 10
0.00269384 -10 -1 9
0.00048568 -10.5 -0.5 9.5
4.13756e-05 -9 -2 8
0.000862429 -10 -1 10
0.00143733 -9.5 -1.5 8.5
0.000553157 -10.5 -0.5 9
5.33523e-05 -10.5 -0.5 10
0.0016254 -10 -1 8.5
3.31887e-05 -11 0 9
0.000446426 -10.5 -0.5 8.5
3.43938e-05 -11 0 8.5
0.000187323 -8.5 -2 9
0.00205144 -9 -1.5 9.5
8.82153e-05 -8.5 -2 9.5
0.000208159 -8.5 -2 8.5
0.00827149 -9.5 -1 9.5
0.000547417 -9 -1.5 10
0.00253626 -9 -1.5 9
0.00892952 -9.5 -1 9
0.000120203 -8.5 -2 8
0.00862732 -10 -0.5 9.5
2.81869e-05 -9 -1.5 10.5
0.00314968 -9.5 -1 10
0.00218574 -9 -1.5 8.5
0.00698635 -9.5 -1 8.5
0.00876512 -10 -0.5 9
0.00142587 -10.5 0 9.5
0.00327859 -10 -0.5 10
0.000666002 -9 -1.5 8
0.00171785 -10.5 0 9
5.99415e-05 -11 0.5 9.5
0.000330138 -10.5 0 10
0.00126762 -9.5 -1 8
0.00642165 -10 -0.5 8.5
0.000262392 -10 -0.5 10.5
0.000117428 -11 0.5 9
0.0014235 -10.5 0 8.5
0.00134647 -10 -0.5 8
0.000110099 -11 0.5 8.5
0.000448419 -10.5 0 8
6.20621e-05 -11 0.5 8
0.000528066 -8.5 -1.5 9.5
0.00754771 -9 -1 9.5
4.37061e-05 -8 -2 8
0.00127194 -8.5 -1.5 8.5
0.00264213 -9 -1 10
0.0154675 -9.5 -0.5 9.5
0.00885456 -9 -1 9
0.0176409 -9.5 -0.5 9
0.000738589 -8.5 -1.5 8
0.0103589 -10 0 9.5
0.000287492 -9 -1 10.5
0.0058856 -9.5 -0.5 10
0.00737915 -9 -1 8.5
0.0122222 -10 0 9
0.00147847 -10.5 0.5 9.5
0.000109218 -8.5 -1.5 7.5
0.00330524 -9 -1 8
0.0147601 -9.5 -0.5 8.5
0.0035533 -10 0 10
0.000766874 -9.5 -0.5 10.5
0.00216915 -10.5 0.5 9
0.0107284 -10 0 8.5
5.75009e-05 -11 1 9.5
0.000325077 -10.5 0.5 10
0.0060722 -9.5 -0.5 8
0.000374764 -10 0 10.5
4.57735e-05 -9.5 -0.5 11
0.000129573 -11 1 9
0.00206748 -10.5 0.5 8.5
0.00484616 -10 0 8
0.00013642 -11 1 8.5
0.00126594 -10.5 0.5 8
0.00011318 -11 1 8
0.00013235 -10.5 0.5 7.5
3.16097e-05 -11 1 7.5
8.97107e-05 -10 0 7.5
0.00165656 -8.5 -1 9.5
0.0132756 -9 -0.5 9.5
0.000233016 -8 -1.5 8
0.00368574 -8.5 -1 8.5
0.0165062 -9.5 0 9.5
0.0161892 -9 -0.5 9
0.00489998 -9 -0.5 10
0.020336 -9.5 0 9
0.000109876 -8 -1.5 7.5
0.00978741 -10 0.5 9.5
0.00248231 -8.5 -1 8
0.00601629 -9.5 0 10
0.0141922 -9 -0.5 8.5
0.000689291 -9 -0.5 10.5
0.0122202 -10 0.5 9
0.018413 -9.5 0 8.5
0.00142094 -10.5 1 9.5
0.00320651 -10 0.5 10
0.000719017 -8.5 -1 7.5
0.000831236 -9.5 0 10.5
0.0073777 -9 -0.5 8
0.002191 -10.5 1 9
0.0110581 -10 0.5 8.5
5.20604e-05 -11 1.5 9.5
0.000296777 -10.5 1 10
0.00125615 -9 -0.5 7.5
0.000367287 -10 0.5 10.5
0.0105949 -9.5 0 8
6.11845e-05 -9.5 0 11
0.000123501 -11 1.5 9
0.00212611 -10.5 1 8.5
0.00659012 -10 0.5 8
0.00199595 -9.5 0 7.5
0.000133552 -11 1.5 8.5
0.00143954 -10.5 1 8
0.0017894 -10 0.5 7.5
0.000113696 -11 1.5 8
0.000567045 -10.5 1 7.5
6.03978e-05 -11 1.5 7.5
4.88516e-05 -9 -0.5 11
0.00372033 -8.5 -0.5 9.5
0.0141432 -9 0 9.5
6.87662e-05 -8 -1 8.5
0.00666411 -8.5 -0.5 9
0.018368 -9 0 9
0.000506777 -8 -1 8
0.0149687 -9.5 0.5 9.5
0.00509265 -9 0 10
0.00671681 -8.5 -0.5 8.5
0.0194027 -9.5 0.5 9
0.00655224 -10 1 9.5
0.000361415 -8 -1 7.5
0.00481009 -8.5 -0.5 8
0.00527674 -9.5 0.5 10
0.016905 -9 0 8.5
0.000745022 -9 0 10.5
0.00958385 -10 1 9
0.0177204 -9.5 0.5 8.5
0.000757995 -10.5 1.5 9.5
8.91057e-05 -8 -1 7
0.00203604 -10 1 10
0.00166287 -8.5 -0.5 7.5
0.000741673 -9.5 0.5 10.5
0.0103853 -9 0 8
6.01646e-05 -9 0 11
0.00151267 -10.5 1.5 9
0.00896795 -10 1 8.5
0.0109188 -9.5 0.5 8
3.75258e-05 -11 2 9.5
0.000167571 -10.5 1.5 10
2.40147e-05 -8.5 -0.5 7
0.000257663 -10 1 10.5
0.00338079 -9 0 7.5
5.84755e-05 -9.5 0.5 11
9.90532e-05 -11 2 9
0.00159458 -10.5 1.5 8.5
0.00606284 -10 1 8
0.00408663 -9.5 0.5 7.5
0.000114618 -11 2 8.5
0.00123737 -10.5 1.5 8
0.00246481 -10 1 7.5
9.28663e-05 -11 2 8
0.000608825 -10.5 1.5 7.5
5.64967e-05 -11 2 7.5
0.000176857 -10.5 1.5 7
0.000360396 -10 1 7
0.000183566 -9.5 0.5 7
0.0004642 -8 -0.5 8.5
0.0128935 -9 0.5 9.5
0.00863553 -8.5 0 9
0.0172427 -9 0.5 9
0.00921783 -9.5 1 9.5
0.000939556 -8 -0.5 8
0.0045947 -9 0.5 10
0.00849948 -8.5 0 8.5
0.0128021 -9.5 1 9
2.304e-05 -7.5 -1 7
0.00178619 -10 1.5 9.5
0.000728801 -8 -0.5 7.5
0.00335723 -9.5 1 10
0.00608027 -8.5 0 8
0.00067856 -9 0.5 10.5
0.0160407 -9 0.5 8.5
0.00340796 -10 1.5 9
0.0120981 -9.5 1 8.5
0.0103554 -9 0.5 8
2.70035e-05 -10.5 2 9.5
0.000506061 -10 1.5 10
0.000220226 -8 -0.5 7
0.000496901 -9.5 1 10.5
0.00257416 -8.5 0 7.5
5.60562e-05 -9 0.5 11
0.000174591 -10.5 2 9
0.00387016 -10 1.5 8.5
0.00843212 -9.5 1 8
8.25352e-05 -10 1.5 10.5
0.000398829 -8.5 0 7
4.00756e-05 -9.5 1 11
0.00415603 -9 0.5 7.5
0.000341402 -10.5 2 8.5
0.00318407 -10 1.5 8
0.00386367 -9.5 1 7.5
0.000406788 -10.5 2 8
0.00188482 -10 1.5 7.5
2.24844e-05 -11 2.5 8
0.000342416 -10.5 2 7.5
2.10193e-05 -11 2.5 7.5
0.000170638 -10.5 2 7
3.633e-05 -10.5 2 6.5
7.71158e-05 -10 1.5 6.5
0.00063565 -10 1.5 7
0.00101456 -9.5 1 7
0.000689933 -9 0.5 7
0.00554663 -8.5 0.5 9.5
0.00811177 -9 1 9.5
0.0011967 -8 0 8.5
0.00184575 -8.5 0.5 10
0.00834004 -8.5 0.5 9
0.00817015 -8.5 0.5 8.5
0.0110933 -9 1 9
5.37148e-05 -7.5 -0.5 7.5
0.0027234 -9.5 1.5 9.5
0.00304179 -9 1 10
0.0013248 -8 0 8
0.000288397 -8.5 0.5 10.5
0.00439459 -9.5 1.5 9
5.32051e-05 -10 2 9.5
5.9402e-05 -7.5 -0.5 7
0.00102081 -9.5 1.5 10
0.000925516 -8 0 7.5
0.00587178 -8.5 0.5 8
0.000463637 -9 1 10.5
0.0105087 -9 1 8.5
0.000177073 -10 2 9
0.00445688 -9.5 1.5 8.5
0.00268103 -8.5 0.5 7.5
0.00738061 -9 1 8
0.000191609 -9.5 1.5 10.5
0.000318148 -8 0 7
0.000411199 -10 2 8.5
0.00362747 -9.5 1.5 8
2.66676e-05 -8 0 6.5
0.000543815 -10 2 8
0.00216613 -9.5 1.5 7.5
0.000682199 -8.5 0.5 7
0.000545538 -10 2 7.5
3.92594e-05 -8.5 0.5 6.5
2.99011e-05 -10.5 2.5 7.5
0.000356707 -10 2 7
9.35219e-05 -9 1 6.5
3.56472e-05 -10.5 2.5 7
2.5776e-05 -10.5 2.5 6.5
0.000112111 -10 2 6.5
0.000189863 -9.5 1.5 6.5
0.000880668 -9.5 1.5 7
0.00104081 -9 1 7
0.00355662 -9 1 7.5
0.000374791 -8 0.5 9.5
0.00133307 -8 0.5 9
0.00589921 -8.5 1 9
0.00264521 -9 1.5 9.5
0.00172663 -8 0.5 8.5
0.00386138 -9 1.5 9
0.00565906 -8.5 1 8.5
0.000116543 -9.5 2 9.5
7.23339e-05 -7.5 0 7.5
0.00115467 -9 1.5 10
0.00151444 -8 0.5 8
0.000306816 -9.5 2 9
0.00379236 -9 1.5 8.5
2.06348e-05 -9.5 2 10
6.95871e-05 -7.5 0 7
0.000222565 -9 1.5 10.5
0.000906169 -8 0.5 7.5
0.00400524 -8.5 1 8
0.000503619 -9.5 2 8.5
0.0029632 -9 1.5 8
2.49836e-05 -7.5 0 6.5
0.000328157 -8 0.5 7
0.000560258 -9.5 2 8
0.00176325 -9 1.5 7.5
4.96096e-05 -8 0.5 6.5
2.23294e-05 -10 2.5 8
0.000517267 -9.5 2 7.5
2.36125e-05 -10 2.5 7.5
0.000343637 -9.5 2 7
0.000114256 -8.5 1 6.5
0.000753165 -9 1.5 7
3.99407e-05 -10 2.5 7
2.59367e-05 -9.5 2 6
3.9215e-05 -10 2.5 6.5
0.000135752 -9.5 2 6.5
0.000187078 -9 1.5 6.5
0.000663813 -8.5 1 7
0.00201155 -8.5 1 7.5
2.31524e-05 -8.5 1 11
0.000966279 -8 1 9.5
0.00193577 -8.5 1.5 9.5
0.00245156 -8.5 1.5 9
0.000179993 -9 2 9.5
6.63544e-05 -7.5 0.5 8
0.000856526 -8.5 1.5 10
0.00160056 -8 1 8.5
0.000354091 -9 2 9
0.00230165 -8.5 1.5 8.5
5.48225e-05 -9 2 10
9.40918e-05 -7.5 0.5 7.5
0.000154111 -8.5 1.5 10.5
0.00126863 -8 1 8
0.000457746 -9 2 8.5
0.00165392 -8.5 1.5 8
6.34657e-05 -7.5 0.5 7
2.5987e-05 -9 2 10.5
2.35097e-05 -7.5 0.5 6.5
2.67979e-05 -9.5 2.5 8
0.000368853 -9 2 7.5
0.000238518 -8 1 7
0.000918473 -8.5 1.5 7.5
2.75378e-05 -9.5 2.5 7.5
5.31735e-05 -8 1 6.5
9.9885e-05 -8.5 1.5 6.5
3.05164e-05 -9.5 2.5 7
0.000235276 -9 2 7
2.48942e-05 -9 2 6
3.30281e-05 -9.5 2.5 6.5
0.000101355 -9 2 6.5
0.000385413 -8.5 1.5 7
0.00045951 -9 2 8
0.000792855 -8 1.5 9.5
0.000250058 -8.5 2 9.5
0.000121085 -7.5 1 8.5
0.000372042 -8.5 2 9
0.000305074 -8 1.5 10
0.00102489 -8 1.5 9
0.000130263 -8.5 2 10
0.000138783 -7.5 1 8
0.000642245 -8 1.5 8
0.000371573 -8.5 2 8.5
4.64176e-05 -8.5 2 10.5
9.76041e-05 -7.5 1 7.5
2.16611e-05 -9 2.5 8.5
0.000312118 -8.5 2 8
4.31401e-05 -7.5 1 7
2.61072e-05 -9 2.5 8
0.000209919 -8.5 2 7.5
0.000320789 -8 1.5 7.5
2.74372e-05 -9 2.5 7.5
3.01982e-05 -8 1.5 6.5
4.44227e-05 -8.5 2 6.5
2.19036e-05 -9 2.5 7
0.000111783 -8.5 2 7
0.000120036 -8 1.5 7
9.1539e-05 -7.5 1.5 9.5
0.000248849 -8 2 9.5
0.000280395 -8 2 9
0.000141971 -8 2 10
0.000172098 -7.5 1.5 8.5
0.000243228 -8 2 8.5
2.99601e-05 -8 2 10.5
0.000131493 -7.5 1.5 8
2.09346e-05 -8.5 2.5 8.5
0.000166756 -8 2 8
2.25655e-05 -8.5 2.5 8
2.09105e-05 -7.5 1.5 7
2.09377e-05 -8.5 2.5 7.5
3.61453e-05 -8 2 7
8.68953e-05 -7.5 2 9.5
8.95781e-05 -7.5 2 8.5
2.44677e-05 -7.5 2 7.5
5.52124e-05 -7.5 2 8
3.66102e-05 -7.5 2 10
0.000103718 -7.5 2 9
9.12703e-05 -8 2 7.5
6.48047e-05 -7.5 1.5 7.5
0.000166648 -7.5 1.5 9
4.87215e-05 -8 1.5 10.5
0.00094763 -8 1.5 8.5
0.00065265 -8 1 7.5
2.30963e-05 -8 1 10.5
0.000268447 -8 1 10
0.00152087 -8 1 9
0.000251925 -8.5 1 10.5
0.00160829 -8.5 1 10
0.00432886 -8.5 1 9.5
3.89729e-05 -9 1 11
2.576e-05 -8.5 0.5 11
0.000483627 -8 0 9
0.000244249 -8.5 0 10.5
0.00171844 -8.5 0 10
0.00556298 -8.5 0 9.5
0.00011472 -8.5 -0.5 10.5
0.000911806 -8.5 -0.5 10
2.22284e-05 -8.5 -1 10.5
0.00030271 -8.5 -1 10
0.00340034 -8.5 -1 9
9.05311e-05 -8.5 -1.5 10
0.00105533 -8.5 -1.5 9
0.000247003 -9.5 -1 10.5
4.88507e-05 -9 -2 10
4.17962e-05 -9 -2.5 9
