0.805711
3.08671e-05 -5 -10.5 -18
2.82318e-05 -5 -10.5 -18.5
2.59446e-05 -5 -10.5 -17.5
0.000104384 -4.5 -10 -18
0.000139455 -4.5 -10 -19
3.23645e-05 -4.5 -10 -20.5
6.62604e-05 -4.5 -10 -20
0.000108412 -4.5 -10 -19.5
0.00013486 -4.5 -10 -18.5
5.08078e-05 -4.5 -10 -17.5
2.32214e-05 -5.5 -11.5 -17
0.00013336 -4.5 -10.5 -17.5
6.03646e-05 -5 -11 -17
0.000105326 -5 -11 -18
2.20385e-05 -5.5 -11.5 -17.5
0.000213847 -4.5 -10.5 -18
5.69772e-05 -5 -11 -19
0.000234709 -4.5 -10.5 -19
4.53925e-05 -4.5 -10.5 -20.5
0.000104517 -4.5 -10.5 -20
3.41143e-05 -5 -11 -19.5
0.000183057 -4.5 -10.5 -19.5
9.39027e-05 -5 -11 -18.5
0.000245452 -4.5 -10.5 -18.5
9.2546e-05 -5 -11 -17.5
2.02996e-05 -5.5 -11.5 -16.5
5.06851e-05 -4.5 -10.5 -17
2.35452e-05 -5 -11 -16.5
9.05786e-05 -4 -10 -17.5
0.000220266 -4 -10 -18
0.000341632 -4 -10 -18.5
2.95847e-05 -4.5 -9.5 -18
4.3228e-05 -4.5 -9.5 -19
0.000389076 -4 -10 -19
0.000273467 -4 -10 -20
6.16483e-05 -4 -10 -21
0.000162615 -4 -10 -20.5
2.84033e-05 -4.5 -9.5 -20
3.99931e-05 -4.5 -9.5 -19.5
0.000367599 -4 -10 -19.5
4.08402e-05 -4.5 -9.5 -18.5
2.25363e-05 -5 -11.5 -16
3.83935e-05 -5.5 -12 -16
0.000141397 -5 -11.5 -17
6.69714e-05 -5.5 -12 -16.5
0.000173804 -4 -10.5 -17.5
0.000120578 -4.5 -11 -17
7.99287e-05 -5.5 -12 -17
0.000310924 -4 -10.5 -18
0.000296431 -4.5 -11 -18
7.55314e-05 -5.5 -12 -17.5
0.000196125 -5 -11.5 -18
0.000403854 -4 -10.5 -19
5.13677e-05 -5.5 -12 -18
0.000288942 -4.5 -11 -19
3.35619e-05 -5.5 -12 -18.5
0.000112882 -5 -11.5 -19
0.000238992 -4 -10.5 -20
9.88844e-05 -4.5 -11 -20
3.22575e-05 -4 -10.5 -21
3.89026e-05 -4.5 -11 -20.5
0.000113203 -4 -10.5 -20.5
5.64516e-05 -5 -11.5 -19.5
0.00019017 -4.5 -11 -19.5
0.000349429 -4 -10.5 -19.5
0.000168073 -5 -11.5 -18.5
0.000333828 -4.5 -11 -18.5
0.000391577 -4 -10.5 -18.5
0.000182494 -5 -11.5 -17.5
0.00022032 -4.5 -11 -17.5
7.75565e-05 -5 -11.5 -16.5
5.79557e-05 -4 -10.5 -17
3.65647e-05 -4.5 -11 -16.5
5.49534e-05 -3.5 -10 -17.5
0.000148422 -3.5 -10 -18
0.000291481 -3.5 -10 -18.5
0.000385805 -3.5 -10 -19
0.000235805 -4 -9.5 -18.5
0.000404794 -3.5 -10 -19.5
0.000340827 -3.5 -10 -20
0.000217828 -3.5 -10 -20.5
0.000266385 -4 -9.5 -20
9.11883e-05 -3.5 -10 -21
7.52219e-05 -4 -9.5 -21
0.000174608 -4 -9.5 -20.5
0.000314653 -4 -9.5 -19.5
0.000302478 -4 -9.5 -19
0.000121548 -4 -9.5 -18
3.45996e-05 -4 -9.5 -17.5
2.03687e-05 -4.5 -11.5 -16
5.45455e-05 -5.5 -12.5 -15.5
7.22276e-05 -5 -12 -16
3.36466e-05 -6 -13 -15
5.31878e-05 -6 -13 -15.5
0.000100461 -5.5 -12.5 -16
4.8013e-05 -3.5 -10.5 -17.5
0.000199474 -4.5 -11.5 -17
0.000144801 -5 -12 -16.5
8.78704e-05 -4 -11 -17
0.000123442 -3.5 -10.5 -18
0.000138732 -5.5 -12.5 -16.5
0.000218179 -5 -12 -17
6.19004e-05 -6 -13 -16
0.00031093 -4 -11 -18
5.61333e-05 -6 -13 -16.5
0.00015332 -5.5 -12.5 -17
0.000345927 -4.5 -11.5 -18
4.46788e-05 -6 -13 -17
0.000267115 -3.5 -10.5 -19
0.000263575 -5 -12 -18
0.000138825 -5.5 -12.5 -17.5
0.000365308 -4 -11 -19
2.80697e-05 -6 -13 -17.5
0.00025386 -3.5 -10.5 -19.5
0.000199943 -5 -12 -18.5
0.000261853 -4.5 -11.5 -19
5.92687e-05 -5.5 -12.5 -18.5
0.00019906 -3.5 -10.5 -20
0.000115423 -5 -12 -19
0.000161057 -4 -11 -20
5.2293e-05 -5 -12 -19.5
2.09e-05 -5.5 -12.5 -19
6.76488e-05 -4.5 -11.5 -20
3.47886e-05 -3.5 -10.5 -21
6.22198e-05 -4 -11 -20.5
0.000107324 -3.5 -10.5 -20.5
0.000160757 -4.5 -11.5 -19.5
0.000279085 -4 -11 -19.5
0.000102559 -5.5 -12.5 -18
0.000335049 -4.5 -11.5 -18.5
0.000369727 -4 -11 -18.5
0.000263026 -5 -12 -17.5
0.000218108 -3.5 -10.5 -18.5
0.000299812 -4.5 -11.5 -17.5
0.000192377 -4 -11 -17.5
9.27286e-05 -4.5 -11.5 -16.5
2.28126e-05 -4 -11 -16.5
3.80555e-05 -3.5 -9.5 -17.5
4.85283e-05 -3 -10 -18.5
0.000146683 -3.5 -9.5 -18
7.74877e-05 -3 -10 -19
0.000304054 -3.5 -9.5 -18.5
9.07045e-05 -3 -10 -19.5
0.000417739 -3.5 -9.5 -19
9.87046e-05 -3 -10 -20
0.000466037 -3.5 -9.5 -19.5
7.51562e-05 -3 -10 -20.5
0.00042383 -3.5 -9.5 -20
2.64321e-05 -3 -10 -21
0.000167384 -3.5 -9.5 -21
4.55954e-05 -3.5 -9.5 -21.5
6.76529e-05 -4 -9 -21
0.000125251 -4 -9 -20.5
0.00032134 -3.5 -9.5 -20.5
0.000168845 -4 -9 -20
0.000189508 -4 -9 -19.5
0.000177687 -4 -9 -19
0.000117074 -4 -9 -18.5
4.59633e-05 -4 -9 -18
2.10492e-05 -6.5 -14 -13.5
2.16107e-05 -6 -13.5 -14
2.07629e-05 -7 -14.5 -13.5
3.66358e-05 -6.5 -14 -14
5.10832e-05 -6 -13.5 -14.5
6.10983e-05 -5 -12.5 -15.5
5.35896e-05 -4.5 -12 -16
5.77803e-05 -5.5 -13 -15
4.74418e-05 -6.5 -14 -14.5
8.53737e-05 -6 -13.5 -15
0.00011026 -5.5 -13 -15.5
0.000137916 -5 -12.5 -16
8.32268e-05 -4 -11.5 -17
5.04679e-05 -6.5 -14 -15
0.000111905 -6 -13.5 -15.5
0.000224756 -5 -12.5 -16.5
0.000231984 -4.5 -12 -17
0.000167625 -5.5 -13 -16
4.78226e-05 -6.5 -14 -15.5
0.000120586 -6 -13.5 -16
0.000204479 -5.5 -13 -16.5
7.33768e-05 -3.5 -11 -18
0.000270392 -5 -12.5 -17
0.000250157 -4 -11.5 -18
3.45059e-05 -6.5 -14 -16
0.000109785 -6 -13.5 -16.5
0.000328584 -4.5 -12 -18
0.000277179 -5 -12.5 -17.5
2.29141e-05 -3 -10.5 -19.5
0.00013954 -3.5 -11 -19
0.000173533 -5.5 -13 -17.5
8.60466e-05 -6 -13.5 -17
0.00026337 -4 -11.5 -19
2.02901e-05 -3 -10.5 -20
0.00012257 -3.5 -11 -19.5
0.000114035 -5.5 -13 -18
0.00017662 -5 -12.5 -18.5
0.000200287 -4.5 -12 -19
8.45622e-05 -3.5 -11 -20
2.0574e-05 -6 -13.5 -18
5.8336e-05 -5.5 -13 -18.5
7.71671e-05 -4 -11.5 -20
0.000101391 -4.5 -12 -19.5
3.51683e-05 -5 -12.5 -19.5
2.06551e-05 -4 -11.5 -20.5
3.21557e-05 -4.5 -12 -20
2.88099e-05 -3.5 -11 -20.5
9.49662e-05 -5 -12.5 -19
0.000172044 -4 -11.5 -19.5
5.17114e-05 -6 -13.5 -17.5
0.000295974 -4.5 -12 -18.5
0.00024863 -5 -12.5 -18
0.000285985 -4 -11.5 -18.5
0.000214884 -5.5 -13 -17
0.000118882 -3.5 -11 -18.5
0.000297523 -4.5 -12 -17.5
0.000165731 -4 -11.5 -17.5
3.49444e-05 -3.5 -11 -17.5
0.000140758 -4.5 -12 -16.5
2.71778e-05 -4 -11.5 -16.5
2.76382e-05 -3 -9.5 -18
8.82429e-05 -3 -9.5 -18.5
7.49155e-05 -3.5 -9 -18
0.000163247 -3 -9.5 -19
0.000217778 -3.5 -9 -18.5
0.000210332 -3 -9.5 -19.5
0.000389292 -3.5 -9 -19
0.000234303 -3 -9.5 -20
7.27833e-05 -4 -8.5 -19.5
0.000475721 -3.5 -9 -19.5
0.000204682 -3 -9.5 -20.5
0.000123838 -3 -9.5 -21
3.55942e-05 -3 -9.5 -21.5
0.00023148 -3.5 -9 -21
4.98486e-05 -4 -8.5 -20.5
8.66448e-05 -3.5 -9 -21.5
3.06321e-05 -4 -8.5 -21
0.000374252 -3.5 -9 -20.5
6.78377e-05 -4 -8.5 -20
0.0004463 -3.5 -9 -20
6.49892e-05 -4 -8.5 -19
3.56062e-05 -4 -8.5 -18.5
3.09677e-05 -7 -15 -12.5
2.25109e-05 -7.5 -15.5 -12
3.01121e-05 -6.5 -14.5 -13
2.41126e-05 -6 -14 -13.5
2.3716e-05 -7.5 -15.5 -12.5
4.27714e-05 -7 -15 -13
5.81468e-05 -6.5 -14.5 -13.5
6.10022e-05 -6 -14 -14
5.56465e-05 -5.5 -13.5 -14.5
2.06158e-05 -7.5 -15.5 -13
4.93413e-05 -7 -15 -13.5
8.23974e-05 -6.5 -14.5 -14
0.000100341 -6 -14 -14.5
0.000114056 -5.5 -13.5 -15
0.000111255 -5 -13 -15.5
4.62085e-05 -7 -15 -14
9.43967e-05 -6.5 -14.5 -14.5
0.000140098 -6 -14 -15
2.45787e-05 -4 -12 -16.5
0.00017957 -5.5 -13.5 -15.5
0.000129266 -4.5 -12.5 -16.5
9.83858e-05 -6.5 -14.5 -15
4.08559e-05 -7 -15 -14.5
0.000164551 -6 -14 -15.5
0.000214131 -5.5 -13.5 -16
0.000233847 -5 -13 -16.5
0.000202934 -4.5 -12.5 -17
6.03926e-05 -4 -12 -17
3.06107e-05 -7 -15 -15
3.49347e-05 -3.5 -11.5 -18
8.87576e-05 -6.5 -14.5 -15.5
0.000168071 -6 -14 -16
0.000219821 -5.5 -13.5 -16.5
6.39767e-05 -6.5 -14.5 -16
0.000139513 -6 -14 -16.5
0.000255835 -5 -13 -17.5
0.000208442 -5.5 -13.5 -17
5.00335e-05 -3.5 -11.5 -18.5
0.000144144 -4 -12 -18
0.000248216 -4.5 -12.5 -17.5
5.66429e-05 -3.5 -11.5 -19
3.85986e-05 -6.5 -14.5 -16.5
9.81472e-05 -6 -14 -17
9.75482e-05 -5.5 -13.5 -18
5.45234e-05 -6 -14 -17.5
4.15364e-05 -3.5 -11.5 -19.5
0.000123343 -5 -13 -18.5
0.00013009 -4 -12 -19
0.000200373 -4.5 -12.5 -18.5
6.7728e-05 -4 -12 -19.5
2.47992e-05 -6 -14 -18
4.33129e-05 -4.5 -12.5 -19.5
5.41815e-05 -5 -13 -19
2.1154e-05 -3.5 -11.5 -20.5
2.07039e-05 -5 -13 -20
4.30407e-05 -5.5 -13.5 -18.5
0.000114039 -4.5 -12.5 -19
0.000199879 -5 -13 -18
0.000159376 -5.5 -13.5 -17.5
0.000160819 -4 -12 -18.5
0.000259655 -4.5 -12.5 -18
0.000264356 -5 -13 -17
0.000108715 -4 -12 -17.5
0.000180488 -5 -13 -16
5.91504e-05 -4.5 -12.5 -16
4.05846e-05 -5 -13 -15
3.42794e-05 -3 -9 -18
0.000126717 -3 -9 -18.5
3.00157e-05 -3.5 -8.5 -18
0.0002519 -3 -9 -19
0.000359657 -3 -9 -19.5
0.00041075 -3 -9 -20
0.0003773 -3.5 -8.5 -19.5
0.000388269 -3 -9 -20.5
0.000261275 -3 -9 -21
0.000108852 -3 -9 -21.5
0.000256977 -3.5 -8.5 -21
2.72146e-05 -3 -9 -22
0.000106991 -3.5 -8.5 -21.5
0.000384678 -3.5 -8.5 -20.5
0.000426067 -3.5 -8.5 -20
2.25167e-05 -8 -16.5 -10
2.72056e-05 -8 -16.5 -10.5
3.10653e-05 -7.5 -16 -11
2.67636e-05 -7 -15.5 -11.5
0.000260094 -3.5 -8.5 -19
2.87531e-05 -8 -16.5 -11
4.29003e-05 -7.5 -16 -11.5
3.82947e-05 -6.5 -15 -12.5
2.512e-05 -6 -14.5 -13
4.5684e-05 -7 -15.5 -12
2.52687e-05 -8 -16.5 -11.5
6.71805e-05 -7 -15.5 -12.5
4.97322e-05 -7.5 -16 -12
7.09717e-05 -6.5 -15 -13
6.40567e-05 -6 -14.5 -13.5
4.48149e-05 -5.5 -14 -14
5.15767e-05 -7.5 -16 -12.5
8.19683e-05 -7 -15.5 -13
9.98384e-05 -6.5 -15 -13.5
9.95234e-05 -5.5 -14 -14.5
4.38154e-05 -7.5 -16 -13
8.65989e-05 -7 -15.5 -13.5
0.000122594 -6.5 -15 -14
2.01703e-05 -4.5 -13 -15.5
0.000150243 -5.5 -14 -15
0.000153622 -6 -14.5 -14.5
5.27491e-05 -5 -13.5 -15
3.31567e-05 -7.5 -16 -13.5
8.16932e-05 -7 -15.5 -14
0.000172401 -6 -14.5 -15
0.000135126 -6.5 -15 -14.5
0.00018858 -5.5 -14 -15.5
5.05941e-05 -4.5 -13 -16
6.84383e-05 -7 -15.5 -14.5
2.28921e-05 -7.5 -16 -14
0.000126581 -6.5 -15 -15
3.71488e-05 -4 -12.5 -17
0.000169666 -6 -14.5 -15.5
0.000209554 -5.5 -14 -16
0.000211063 -5 -13.5 -16.5
9.43532e-05 -4.5 -13 -16.5
5.44428e-05 -4 -12.5 -17.5
4.74474e-05 -7 -15.5 -15
0.000161283 -6 -14.5 -16
0.000206696 -5.5 -14 -16.5
0.000100126 -6.5 -15 -15.5
5.94416e-05 -4 -12.5 -18
0.000151618 -4.5 -13 -17.5
0.000225656 -5 -13.5 -17
2.89793e-05 -7 -15.5 -15.5
6.95782e-05 -6.5 -15 -16
0.000126791 -6 -14.5 -16.5
0.000173035 -5.5 -14 -17
8.99624e-05 -4.5 -13 -18.5
0.00012298 -5 -13.5 -18
0.000115124 -5.5 -14 -17.5
8.34793e-05 -6 -14.5 -17
3.97899e-05 -6.5 -15 -16.5
5.88152e-05 -4 -12.5 -18.5
6.02639e-05 -5.5 -14 -18
4.33112e-05 -4.5 -13 -19
2.82221e-05 -5.5 -14 -18.5
5.96423e-05 -5 -13.5 -18.5
4.32217e-05 -6 -14.5 -17.5
3.15641e-05 -4 -12.5 -19
0.000137728 -4.5 -13 -18
0.000186436 -5 -13.5 -17.5
0.000134825 -4.5 -13 -17
0.000165577 -5 -13.5 -16
0.000106376 -5 -13.5 -15.5
0.000111061 -6 -14.5 -14
0.000122287 -3.5 -8.5 -18.5
3.37717e-05 -3 -8.5 -18
2.22823e-05 -2.5 -9 -19
0.000135013 -3 -8.5 -18.5
3.98692e-05 -2.5 -9 -19.5
0.000292863 -3 -8.5 -19
5.52709e-05 -2.5 -9 -20
0.000453972 -3 -8.5 -19.5
6.03241e-05 -2.5 -9 -20.5
0.000536721 -3 -8.5 -20
0.000249123 -3.5 -8 -19.5
4.60011e-05 -2.5 -9 -21
0.000410294 -3 -8.5 -21
0.000266822 -3.5 -8 -20.5
0.000208134 -3 -8.5 -21.5
0.000198831 -3.5 -8 -21
5.34859e-05 -3 -8.5 -22
2.23542e-05 -3.5 -8 -22
0.000104172 -3.5 -8 -21.5
3.1649e-05 -8.5 -17.5 -9
3.49412e-05 -8 -17 -9.5
2.72579e-05 -7.5 -16.5 -10
0.000524631 -3 -8.5 -20.5
0.000281875 -3.5 -8 -20
3.41498e-05 -8.5 -17.5 -9.5
4.52152e-05 -8 -17 -10
4.44966e-05 -7.5 -16.5 -10.5
3.32397e-05 -7 -16 -11
2.95401e-05 -8.5 -17.5 -10
4.8453e-05 -8 -17 -10.5
5.81779e-05 -7.5 -16.5 -11
5.79105e-05 -7 -16 -11.5
4.48377e-05 -6.5 -15.5 -12
2.39372e-05 -8.5 -17.5 -10.5
4.92291e-05 -8 -17 -11
7.17985e-05 -7.5 -16.5 -11.5
7.80068e-05 -6.5 -15.5 -12.5
8.21866e-05 -7 -16 -12
5.18028e-05 -6 -15 -13
2.09942e-05 -5.5 -14.5 -13.5
4.37984e-05 -8 -17 -11.5
7.67054e-05 -7.5 -16.5 -12
9.91289e-05 -7 -16 -12.5
0.000109095 -6.5 -15.5 -13
9.53177e-05 -6 -15 -13.5
5.18864e-05 -5.5 -14.5 -14
3.40827e-05 -8 -17 -12
7.33857e-05 -7.5 -16.5 -12.5
0.000105302 -7 -16 -13
0.000130195 -6.5 -15.5 -13.5
0.000130567 -6 -15 -14
9.55676e-05 -5.5 -14.5 -14.5
2.00677e-05 -5 -14 -14.5
2.48914e-05 -8 -17 -12.5
6.32344e-05 -7.5 -16.5 -13
0.000106251 -7 -16 -13.5
0.000138095 -6.5 -15.5 -14
4.91747e-05 -7.5 -16.5 -13.5
0.00013239 -6.5 -15.5 -14.5
9.12743e-05 -7 -16 -14
0.000166269 -6 -15 -15
3.36108e-05 -4.5 -13.5 -16
8.3265e-05 -5 -14 -15.5
0.00014002 -5.5 -14.5 -15
3.14442e-05 -7.5 -16.5 -14
6.86548e-05 -7 -16 -14.5
5.14453e-05 -4.5 -13.5 -16.5
0.000116984 -6.5 -15.5 -15
0.000178599 -5.5 -14.5 -16
8.75815e-05 -6.5 -15.5 -15.5
0.000128883 -6 -15 -16
4.58161e-05 -7 -16 -15
6.42198e-05 -4.5 -13.5 -17
0.00015127 -5.5 -14.5 -16.5
0.000134678 -5 -14 -16.5
6.80352e-05 -4.5 -13.5 -17.5
2.76084e-05 -7 -16 -15.5
5.7231e-05 -6.5 -15.5 -16
9.14946e-05 -5 -14 -17.5
4.7862e-05 -6 -15 -17
3.08753e-05 -6.5 -15.5 -16.5
4.35962e-05 -4.5 -13.5 -18
0.000106205 -5.5 -14.5 -17
5.01491e-05 -5 -14 -18
2.54057e-05 -5.5 -14.5 -18
5.91887e-05 -5.5 -14.5 -17.5
8.69072e-05 -6 -15 -16.5
0.000127136 -5 -14 -17
0.000156822 -6 -15 -15.5
0.000116839 -5 -14 -16
0.000170625 -5.5 -14.5 -15.5
0.000154252 -6 -15 -14.5
4.63564e-05 -5 -14 -15
0.000150505 -3.5 -8 -19
5.17842e-05 -3.5 -8 -18.5
5.09461e-05 -2.5 -8.5 -19
7.94946e-05 -3 -8 -18.5
0.000106064 -2.5 -8.5 -19.5
0.000253934 -3 -8 -19
0.000162997 -2.5 -8.5 -20
0.000459864 -3 -8 -19.5
0.00017889 -2.5 -8.5 -20.5
0.000577456 -3 -8 -20
0.00010991 -3.5 -7.5 -19.5
0.000165089 -2.5 -8.5 -21
0.000112861 -2.5 -8.5 -21.5
0.000496122 -3 -8 -21
0.00013168 -3.5 -7.5 -20.5
3.79438e-05 -2.5 -8.5 -22
0.000287935 -3 -8 -21.5
9.73013e-05 -3.5 -7.5 -21
9.96517e-05 -3 -8 -22
3.70194e-05 -8.5 -18 -8.5
4.16894e-05 -8 -17.5 -9
4.84835e-05 -3.5 -7.5 -21.5
4.03864e-05 -8.5 -18 -9
5.20002e-05 -8 -17.5 -9.5
5.31415e-05 -7.5 -17 -10
3.07276e-05 -7 -16.5 -10.5
0.000575963 -3 -8 -20.5
3.75296e-05 -8.5 -18 -9.5
5.58696e-05 -8 -17.5 -10
6.60072e-05 -7.5 -17 -10.5
5.73477e-05 -7 -16.5 -11
3.24651e-05 -6.5 -16 -11.5
3.15505e-05 -8.5 -18 -10
5.82717e-05 -8 -17.5 -10.5
7.43518e-05 -7.5 -17 -11
7.85726e-05 -7 -16.5 -11.5
2.77786e-05 -6 -15.5 -12.5
5.7162e-05 -6.5 -16 -12
2.66541e-05 -8.5 -18 -10.5
5.43584e-05 -8 -17.5 -11
7.66075e-05 -7.5 -17 -11.5
9.29981e-05 -7 -16.5 -12
8.79636e-05 -6.5 -16 -12.5
5.23768e-05 -6 -15.5 -13
4.67178e-05 -8 -17.5 -11.5
7.86259e-05 -7.5 -17 -12
0.00010154 -7 -16.5 -12.5
0.000109931 -6.5 -16 -13
8.72157e-05 -6 -15.5 -13.5
3.56474e-05 -8 -17.5 -12
7.24213e-05 -7.5 -17 -12.5
0.00010417 -7 -16.5 -13
0.000123978 -6.5 -16 -13.5
0.000119158 -6 -15.5 -14
3.15343e-05 -5 -14.5 -15
2.57968e-05 -8 -17.5 -12.5
5.94819e-05 -7.5 -17 -13
9.46143e-05 -7 -16.5 -13.5
0.000135647 -6 -15.5 -14.5
0.000127994 -6.5 -16 -14
4.78975e-05 -5 -14.5 -15.5
9.85305e-05 -5.5 -15 -15
4.35164e-05 -7.5 -17 -13.5
7.94732e-05 -7 -16.5 -14
0.000112377 -6.5 -16 -14.5
0.000131856 -6 -15.5 -15
2.8295e-05 -7.5 -17 -14
5.74966e-05 -7 -16.5 -14.5
0.000106779 -6 -15.5 -15.5
9.83556e-05 -5.5 -15 -16
8.57378e-05 -6.5 -16 -15
5.94588e-05 -5 -14.5 -16
5.45959e-05 -6.5 -16 -15.5
3.31175e-05 -7 -16.5 -15
7.2635e-05 -6 -15.5 -16
4.52928e-05 -5 -14.5 -17
3.74592e-05 -5.5 -15 -17
4.00859e-05 -6 -15.5 -16.5
2.48686e-05 -5 -14.5 -17.5
2.05842e-05 -5 -14.5 -18
3.04877e-05 -6.5 -16 -16
6.91265e-05 -5.5 -15 -16.5
6.23624e-05 -5 -14.5 -16.5
0.000109062 -5.5 -15 -15.5
7.41954e-05 -5.5 -15 -14.5
4.58892e-05 -5.5 -15 -14
2.19124e-05 -5.5 -15 -13.5
0.000141677 -3.5 -7.5 -20
5.01391e-05 -3.5 -7.5 -19
2.40073e-05 -2.5 -8 -18.5
9.05189e-05 -2.5 -8 -19
3.6777e-05 -3 -7.5 -18.5
0.000218223 -2.5 -8 -19.5
0.000354081 -2.5 -8 -20
0.000391025 -2.5 -8 -20.5
0.000365052 -2.5 -8 -21
0.000566614 -3 -7.5 -20.5
0.000264459 -2.5 -8 -21.5
2.16733e-05 -3.5 -7 -21
0.000110162 -2.5 -8 -22
2.00624e-05 -2.5 -8 -22.5
2.90231e-05 -8.5 -18.5 -8
2.94174e-05 -8 -18 -8.5
3.58763e-05 -8.5 -18.5 -8.5
4.53123e-05 -8 -18 -9
0.000127752 -3 -7.5 -22
3.85574e-05 -7.5 -17.5 -9.5
0.000327225 -3 -7.5 -21.5
2.0027e-05 -9.5 -19.5 -8
3.66404e-05 -8.5 -18.5 -9
5.09676e-05 -8 -18 -9.5
5.43415e-05 -7.5 -17.5 -10
3.77561e-05 -7 -17 -10.5
3.24843e-05 -8.5 -18.5 -9.5
5.2877e-05 -8 -18 -10
6.51175e-05 -7.5 -17.5 -10.5
5.53441e-05 -7 -17 -11
2.65103e-05 -8.5 -18.5 -10
5.05603e-05 -8 -18 -10.5
7.07477e-05 -7.5 -17.5 -11
7.53576e-05 -7 -17 -11.5
3.21305e-05 -6.5 -16.5 -11.5
2.55776e-05 -6 -16 -12.5
5.21247e-05 -6.5 -16.5 -12
2.076e-05 -8.5 -18.5 -10.5
4.68665e-05 -8 -18 -11
7.26683e-05 -7.5 -17.5 -11.5
8.57628e-05 -7 -17 -12
7.31987e-05 -6.5 -16.5 -12.5
3.93517e-05 -8 -18 -11.5
6.74689e-05 -7.5 -17.5 -12
8.99297e-05 -7 -17 -12.5
8.87595e-05 -6.5 -16.5 -13
4.43044e-05 -6 -16 -13
2.99614e-05 -5.5 -15.5 -14
2.80249e-05 -8 -18 -12
5.50998e-05 -7.5 -17.5 -12.5
8.26433e-05 -7 -17 -13
9.67416e-05 -6.5 -16.5 -13.5
6.33114e-05 -6 -16 -13.5
4.24373e-05 -5.5 -15.5 -14.5
3.88661e-05 -7.5 -17.5 -13
6.70675e-05 -7 -17 -13.5
8.94826e-05 -6.5 -16.5 -14
2.50638e-05 -7.5 -17.5 -13.5
4.89319e-05 -7 -17 -14
4.99612e-05 -5.5 -15.5 -15
7.05121e-05 -6.5 -16.5 -14.5
8.13402e-05 -6 -16 -14.5
3.29583e-05 -7 -17 -14.5
4.54875e-05 -5.5 -15.5 -15.5
4.46434e-05 -6 -16 -15.5
2.16094e-05 -7 -17 -15
2.03447e-05 -6 -16 -16
2.67695e-05 -5.5 -15.5 -16
4.38999e-05 -6.5 -16.5 -15
6.67156e-05 -6 -16 -15
7.76096e-05 -6 -16 -14
0.000509003 -3 -7.5 -21
2.66827e-05 -3.5 -7 -20.5
3.06851e-05 -3.5 -7 -20
0.000522082 -3 -7.5 -20
2.41217e-05 -3.5 -7 -19.5
0.000347794 -3 -7.5 -19.5
0.000155643 -3 -7.5 -19
2.82839e-05 -2.5 -7.5 -18.5
0.000114957 -2.5 -7.5 -19
0.000319586 -2.5 -7.5 -19.5
0.000545226 -2.5 -7.5 -20
0.000632783 -2.5 -7.5 -20.5
0.000604974 -2.5 -7.5 -21
0.000418377 -3 -7 -20.5
0.00044709 -2.5 -7.5 -21.5
0.000211932 -2.5 -7.5 -22
4.07588e-05 -2.5 -7.5 -22.5
2.00789e-05 -3 -7 -22.5
2.00837e-05 -8.5 -19 -8
2.74998e-05 -8 -18.5 -8.5
2.4437e-05 -8.5 -19 -8.5
3.80863e-05 -8 -18.5 -9
3.45648e-05 -7.5 -18 -9.5
0.000128436 -3 -7 -22
0.000280801 -3 -7 -21.5
2.37695e-05 -8.5 -19 -9
3.98611e-05 -8 -18.5 -9.5
4.44301e-05 -7.5 -18 -10
3.29436e-05 -7 -17.5 -10.5
2.06986e-05 -9 -19.5 -9
3.64304e-05 -8 -18.5 -10
5.04524e-05 -7.5 -18 -10.5
4.49418e-05 -7 -17.5 -11
2.51562e-05 -6.5 -17 -11.5
3.17655e-05 -8 -18.5 -10.5
5.2008e-05 -7.5 -18 -11
5.47995e-05 -7 -17.5 -11.5
2.82014e-05 -8 -18.5 -11
4.9185e-05 -7.5 -18 -11.5
5.94591e-05 -7 -17.5 -12
2.30212e-05 -8 -18.5 -11.5
3.73657e-05 -7.5 -18 -12
5.72426e-05 -7 -17.5 -12.5
2.89622e-05 -6 -16.5 -13.5
5.19294e-05 -6.5 -17 -13
2.42697e-05 -7.5 -18 -12.5
4.27589e-05 -7 -17.5 -13
2.98075e-05 -6 -16.5 -14
2.8534e-05 -7 -17.5 -13.5
3.11566e-05 -6 -16.5 -14.5
3.94354e-05 -6.5 -17 -14
2.18743e-05 -6 -16.5 -15
2.48275e-05 -6.5 -17 -14.5
5.0049e-05 -6.5 -17 -13.5
4.72225e-05 -6.5 -17 -12.5
3.841e-05 -6.5 -17 -12
0.000387059 -3 -7 -21
0.000382264 -3 -7 -20
0.000231635 -3 -7 -19.5
8.02912e-05 -3 -7 -19
2.10064e-05 -2.5 -7 -18.5
3.1995e-05 -2 -7.5 -19.5
0.000116222 -2.5 -7 -19
6.89481e-05 -2 -7.5 -20
0.00034576 -2.5 -7 -19.5
0.000102151 -2 -7.5 -20.5
0.000601807 -2.5 -7 -20
0.000119698 -2 -7.5 -21
0.00011452 -2 -7.5 -21.5
0.00071563 -2.5 -7 -21
0.000223943 -3 -6.5 -20.5
7.78876e-05 -2 -7.5 -22
0.000558931 -2.5 -7 -21.5
2.40461e-05 -2 -7.5 -22.5
0.000303264 -2.5 -7 -22
2.06649e-05 -8 -19 -9
2.00756e-05 -8.5 -19.5 -9
2.05603e-05 -8 -19 -9.5
2.39592e-05 -7.5 -18.5 -10
7.3097e-05 -2.5 -7 -22.5
2.38536e-05 -7.5 -18.5 -10.5
2.31933e-05 -7 -18 -11.5
2.51284e-05 -7.5 -18.5 -11
2.14486e-05 -7 -18 -12
2.25925e-05 -6.5 -17.5 -13
7.31182e-05 -3 -6.5 -22
0.000155343 -3 -6.5 -21.5
0.000209909 -3 -6.5 -21
0.000738074 -2.5 -7 -20.5
0.000198811 -3 -6.5 -20
0.000105111 -3 -6.5 -19.5
2.66409e-05 -3 -6.5 -19
2.25138e-05 -2 -7 -19
8.41489e-05 -2 -7 -19.5
6.47486e-05 -2.5 -6.5 -19
0.000189846 -2 -7 -20
0.000269337 -2.5 -6.5 -19.5
0.000284167 -2 -7 -20.5
0.000328794 -2 -7 -21
5.48357e-05 -3 -6 -20.5
0.000316603 -2 -7 -21.5
0.000207645 -2 -7 -22
0.000586446 -2.5 -6.5 -21.5
7.70498e-05 -2 -7 -22.5
0.000338426 -2.5 -6.5 -22
2.01082e-05 -7.5 -19 -9.5
2.01689e-05 -7 -18.5 -11
0.000102705 -2.5 -6.5 -22.5
2.47061e-05 -3 -6 -22
4.17484e-05 -3 -6 -21.5
5.09691e-05 -3 -6 -21
0.000730445 -2.5 -6.5 -21
0.000751349 -2.5 -6.5 -20.5
5.08962e-05 -3 -6 -20
0.000584105 -2.5 -6.5 -20
2.61923e-05 -3 -6 -19.5
3.71399e-05 -2 -6.5 -19
0.000156604 -2 -6.5 -19.5
3.55459e-05 -2.5 -6 -19
0.000369204 -2 -6.5 -20
0.000553382 -2 -6.5 -20.5
0.000622595 -2 -6.5 -21
0.000597229 -2 -6.5 -21.5
0.000401263 -2 -6.5 -22
0.000507448 -2.5 -6 -21.5
0.00014614 -2 -6.5 -22.5
0.000328723 -2.5 -6 -22
0.000111541 -2.5 -6 -22.5
0.000553057 -2.5 -6 -21
0.000548764 -2.5 -6 -20.5
0.000392378 -2.5 -6 -20
0.000162905 -2.5 -6 -19.5
4.17027e-05 -2 -6 -19
0.000480415 -2 -6 -20
3.75049e-05 -1.5 -6.5 -21
0.000756621 -2 -6 -20.5
4.87237e-05 -1.5 -6.5 -21.5
0.000825041 -2 -6 -21
4.73589e-05 -1.5 -6.5 -22
0.000779948 -2 -6 -21.5
2.69228e-05 -1.5 -6.5 -22.5
0.000553171 -2 -6 -22
0.000228917 -2 -6 -22.5
3.38869e-05 -2 -6 -23
7.93589e-05 -2.5 -5.5 -22.5
0.000186343 -2.5 -5.5 -22
0.000271052 -2.5 -5.5 -21.5
0.000308212 -2.5 -5.5 -21
0.000309601 -2.5 -5.5 -20.5
0.000213952 -2.5 -5.5 -20
7.81407e-05 -2.5 -5.5 -19.5
0.000188875 -2 -6 -19.5
2.98458e-05 -2 -5.5 -19
6.18859e-05 -1.5 -6 -20
0.0001397 -1.5 -6 -20.5
0.00019864 -1.5 -6 -21
0.000776274 -2 -5.5 -20.5
5.86153e-05 -2.5 -5 -20
0.000205352 -1.5 -6 -21.5
0.000854463 -2 -5.5 -21
0.000183182 -1.5 -6 -22
0.000107321 -1.5 -6 -22.5
2.9462e-05 -1.5 -6 -23
5.47609e-05 -2 -5.5 -23
3.09046e-05 -2.5 -5 -22.5
0.000280259 -2 -5.5 -22.5
6.33642e-05 -2.5 -5 -22
0.000602697 -2 -5.5 -22
8.30523e-05 -2.5 -5 -21.5
0.000815385 -2 -5.5 -21.5
9.16101e-05 -2.5 -5 -21
9.45063e-05 -2.5 -5 -20.5
0.000479418 -2 -5.5 -20
0.000167136 -2 -5.5 -19.5
4.2217e-05 -1.5 -5.5 -19.5
0.000159332 -1.5 -5.5 -20
0.000357696 -1.5 -5.5 -20.5
0.000489353 -1.5 -5.5 -21
0.000540508 -2 -5 -20.5
0.000492614 -1.5 -5.5 -21.5
0.000647735 -2 -5 -21
0.000419035 -1.5 -5.5 -22
0.000236179 -1.5 -5.5 -22.5
5.80484e-05 -1.5 -5.5 -23
7.86827e-05 -2 -5 -23
0.000293038 -2 -5 -22.5
0.000530126 -2 -5 -22
0.000632462 -2 -5 -21.5
0.000291185 -2 -5 -20
8.37433e-05 -2 -5 -19.5
6.78342e-05 -1.5 -5 -19.5
0.000268424 -1.5 -5 -20
0.000584637 -1.5 -5 -20.5
0.00078159 -1.5 -5 -21
0.000318019 -2 -4.5 -20.5
0.000781837 -1.5 -5 -21.5
0.000673946 -1.5 -5 -22
0.000397273 -2 -4.5 -21.5
0.000394959 -1.5 -5 -22.5
0.000335321 -2 -4.5 -22
0.00012141 -1.5 -5 -23
8.12138e-05 -2 -4.5 -23
0.00020884 -2 -4.5 -22.5
0.000405665 -2 -4.5 -21
0.000146354 -2 -4.5 -20
3.52157e-05 -2 -4.5 -19.5
6.9562e-05 -1.5 -4.5 -19.5
0.00028901 -1.5 -4.5 -20
3.47065e-05 -1 -5 -21
4.98034e-05 -1 -5 -21.5
5.04989e-05 -1 -5 -22
0.000881133 -1.5 -4.5 -21.5
3.87861e-05 -1 -5 -22.5
0.000518875 -1.5 -4.5 -22.5
0.000204019 -1.5 -4.5 -23
0.000101615 -2 -4 -22.5
3.27226e-05 -1.5 -4.5 -23.5
4.8721e-05 -2 -4 -23
0.000150221 -2 -4 -22
0.00078316 -1.5 -4.5 -22
0.000162661 -2 -4 -21.5
0.000158566 -2 -4 -21
0.00087722 -1.5 -4.5 -21
0.000104578 -2 -4 -20.5
0.000640678 -1.5 -4.5 -20.5
3.89388e-05 -2 -4 -20
4.06637e-05 -1 -4.5 -20
0.000116119 -1 -4.5 -20.5
0.00017643 -1.5 -4 -20
0.000192928 -1 -4.5 -21
0.000214079 -1 -4.5 -21.5
0.000211201 -1 -4.5 -22
0.000172883 -1 -4.5 -22.5
8.84907e-05 -1 -4.5 -23
0.000560459 -1.5 -4 -22.5
2.57789e-05 -2 -3.5 -22
0.000260595 -1.5 -4 -23
5.7345e-05 -1.5 -4 -23.5
0.000785273 -1.5 -4 -22
2.77241e-05 -2 -3.5 -21.5
0.000816823 -1.5 -4 -21.5
2.6534e-05 -2 -3.5 -21
0.000754041 -1.5 -4 -21
0.000471989 -1.5 -4 -20.5
3.57379e-05 -1.5 -4 -19.5
9.66596e-05 -1 -4 -20
0.000271865 -1 -4 -20.5
0.000472369 -1 -4 -21
0.000540048 -1 -4 -22
0.000448973 -1 -4 -22.5
0.000580945 -1.5 -3.5 -22
0.000255146 -1 -4 -23
7.48065e-05 -1 -4 -23.5
0.000274304 -1.5 -3.5 -23
7.06335e-05 -1.5 -3.5 -23.5
0.000487944 -1.5 -3.5 -22.5
0.000594631 -1.5 -3.5 -21.5
0.000550481 -1 -4 -21.5
0.000502826 -1.5 -3.5 -21
0.000268019 -1.5 -3.5 -20.5
8.35775e-05 -1.5 -3.5 -20
2.56683e-05 -1 -3.5 -19.5
0.000127396 -1 -3.5 -20
0.000763153 -1 -3.5 -21
0.000964372 -1 -3.5 -22
0.000363204 -1.5 -3 -21.5
0.000838585 -1 -3.5 -22.5
0.000352772 -1.5 -3 -22
4.68636e-05 -1.5 -3 -23.5
0.000161532 -1 -3.5 -23.5
0.000158171 -1.5 -3 -23
0.000504981 -1 -3.5 -23
0.000283625 -1.5 -3 -22.5
0.000965762 -1 -3.5 -21.5
0.000295278 -1.5 -3 -21
0.000145393 -1.5 -3 -20.5
0.000403319 -1 -3.5 -20.5
4.09948e-05 -1.5 -3 -20
0.000133177 -1 -3 -20
0.000483728 -1 -3 -20.5
0.000999064 -1 -3 -21
9.8974e-05 -1.5 -2.5 -21.5
0.00123413 -1 -3 -22.5
0.000240924 -1 -3 -23.5
3.62503e-05 -1.5 -2.5 -23
0.000762447 -1 -3 -23
6.65113e-05 -1.5 -2.5 -22.5
9.16215e-05 -1.5 -2.5 -22
0.00137879 -1 -3 -22
0.00135375 -1 -3 -21.5
9.53381e-05 -1.5 -2.5 -21
4.33726e-05 -1.5 -2.5 -20.5
2.6069e-05 -1 -3 -19.5
2.51826e-05 -0.5 -3 -20.5
9.50856e-05 -0.5 -3 -21
0.000215579 -0.5 -3 -21.5
0.00113624 -1 -2.5 -21
0.00031505 -0.5 -3 -22
0.000329911 -0.5 -3 -22.5
0.000293504 -0.5 -3 -23
0.000160469 -0.5 -3 -23.5
3.51026e-05 -0.5 -3 -24
0.000244966 -1 -2.5 -23.5
0.00081575 -1 -2.5 -23
0.00134357 -1 -2.5 -22.5
0.00152933 -1 -2.5 -22
0.0015258 -1 -2.5 -21.5
0.000551716 -1 -2.5 -20.5
0.000145423 -1 -2.5 -20
2.73542e-05 -1 -2.5 -19.5
2.24509e-05 -0.5 -2.5 -19.5
0.000119649 -0.5 -2.5 -20
0.000483477 -0.5 -2.5 -20.5
0.00115283 -0.5 -2.5 -21
0.00178195 -0.5 -2.5 -21.5
0.0018891 -0.5 -2.5 -22
0.00174593 -0.5 -2.5 -22.5
0.000398911 -0.5 -2.5 -23.5
2.03115e-05 -0.5 -2.5 -24
0.000114221 -1 -2 -23.5
0.000413196 -1 -2 -23
0.00115198 -0.5 -2.5 -23
0.000716619 -1 -2 -22.5
0.000850827 -1 -2 -22
0.000865978 -1 -2 -21.5
0.000675097 -1 -2 -21
0.000323501 -1 -2 -20.5
8.83521e-05 -1 -2 -20
5.14032e-05 -0.5 -2 -19.5
0.000272011 -0.5 -2 -20
0.00106199 -0.5 -2 -20.5
0.000493078 -0.5 -2 -23.5
2.09614e-05 -1 -1.5 -23.5
8.80263e-05 -1 -1.5 -23
0.00164193 -0.5 -2 -23
0.000152745 -1 -1.5 -22.5
0.00270863 -0.5 -2 -22.5
0.000181533 -1 -1.5 -22
0.00310549 -0.5 -2 -22
0.00018513 -1 -1.5 -21.5
0.00310763 -0.5 -2 -21.5
0.000144284 -1 -1.5 -21
0.00230519 -0.5 -2 -21
6.82832e-05 -1 -1.5 -20.5
0.00316002 -0.5 -1.5 -21.5
0.00312595 -0.5 -1.5 -22
0.00267352 -0.5 -1.5 -22.5
0.00153513 -0.5 -1.5 -23
0.000384632 -0.5 -1.5 -23.5
0.00241751 -0.5 -1.5 -21
0.0011241 -0.5 -1.5 -20.5
0.000286391 -0.5 -1.5 -20
5.39594e-05 -0.5 -1.5 -19.5
9.5306e-05 -0.5 -1 -20
0.000394866 -0.5 -1 -20.5
0.00084401 -0.5 -1 -21
9.86615e-05 -0.5 -1 -23.5
0.00042072 -0.5 -1 -23
0.000794148 -0.5 -1 -22.5
0.000989906 -0.5 -1 -22
0.00102273 -0.5 -1 -21.5
2.67692e-05 -0.5 -0.5 -23
5.22279e-05 -0.5 -0.5 -22.5
6.25967e-05 -0.5 -0.5 -22
6.41818e-05 -0.5 -0.5 -21.5
5.00427e-05 -0.5 -0.5 -21
2.12848e-05 -0.5 -0.5 -20.5
5.04997e-05 0 0 -19.5
0.000259429 0 0 -20
0.00108703 0 0 -20.5
0.00262397 0 0 -21
0.00401476 0 0 -21.5
0.00422115 0 0 -22
0.00398261 0 0 -22.5
0.002881 0 0 -23
0.00128026 0 0 -23.5
0.000167531 0 0 -24
8.66026e-05 0 0.5 -24
0.0010008 0 0.5 -23.5
0.00253626 0 0.5 -23
0.00369912 0 0.5 -22.5
0.00398581 0 0.5 -22
0.0038674 0 0.5 -21.5
0.00262956 0 0.5 -21
0.00112507 0 0.5 -20.5
0.000272434 0 0.5 -20
5.18193e-05 0 0.5 -19.5
3.7201e-05 0.5 0.5 -20
0.000529342 0.5 0.5 -22
0.00105583 0 1 -21.5
0.000186041 0 1 -23.5
0.000131264 0.5 0.5 -23.5
0.000598211 0 1 -23
0.00032935 0.5 0.5 -23
0.000965895 0 1 -22.5
0.000486115 0.5 0.5 -22.5
0.00107235 0 1 -22
0.000517865 0.5 0.5 -21.5
0.00073882 0 1 -21
0.000353734 0.5 0.5 -21
0.000319106 0 1 -20.5
0.000151435 0.5 0.5 -20.5
7.59245e-05 0 1 -20
0.00123548 0.5 1 -21.5
0.00113636 0.5 1 -22.5
0.000310697 0.5 1 -23.5
2.64709e-05 0.5 1 -24
0.000784049 0.5 1 -23
0.00124657 0.5 1 -22
0.0008827 0.5 1 -21
0.000386967 0.5 1 -20.5
9.48627e-05 0.5 1 -20
2.10117e-05 1 1 -20.5
0.000157763 0.5 1.5 -20
4.76421e-05 1 1 -21
0.000597802 0.5 1.5 -20.5
6.512e-05 1 1 -21.5
0.00125464 0.5 1.5 -21
6.50116e-05 1 1 -22
5.80081e-05 1 1 -22.5
0.0016325 0.5 1.5 -22
3.81199e-05 1 1 -23
0.000876113 0.5 1.5 -23
0.000290083 0.5 1.5 -23.5
0.0014323 0.5 1.5 -22.5
0.00164005 0.5 1.5 -21.5
2.97918e-05 0.5 1.5 -19.5
3.37771e-05 1 1.5 -20
0.000129647 1 1.5 -20.5
0.000271712 1 1.5 -21
0.00034128 1 1.5 -22
0.00152867 0.5 2 -21.5
0.000293258 1 1.5 -22.5
0.000178745 1 1.5 -23
0.00131393 0.5 2 -22.5
6.10429e-05 1 1.5 -23.5
0.000222577 0.5 2 -23.5
0.000782703 0.5 2 -23
0.00151617 0.5 2 -22
0.00034692 1 1.5 -21.5
0.00119338 0.5 2 -21
0.00058372 0.5 2 -20.5
0.000159382 0.5 2 -20
3.03496e-05 0.5 2 -19.5
0.00033787 1 2 -20.5
0.000674169 1 2 -21
0.00035768 0.5 2.5 -20.5
0.000831982 1 2 -21.5
0.000816745 1 2 -22
0.000695817 1 2 -22.5
0.000919674 0.5 2.5 -22
0.000125495 1 2 -23.5
0.000464446 0.5 2.5 -23
0.000124033 0.5 2.5 -23.5
0.000414108 1 2 -23
0.000796822 0.5 2.5 -22.5
0.000923248 0.5 2.5 -21.5
0.000717055 0.5 2.5 -21
0.000102509 0.5 2.5 -20
9.72047e-05 1 2 -20
0.000194663 1 2.5 -20
2.32452e-05 1.5 2 -21
0.000711217 1 2.5 -20.5
2.86501e-05 1.5 2 -21.5
0.00139215 1 2.5 -21
2.80547e-05 1.5 2 -22
2.31479e-05 1.5 2 -22.5
0.00155287 1 2.5 -22
0.000644913 1 2.5 -23
4.37947e-05 0.5 3 -23.5
0.00013243 1 2.5 -23.5
0.000141287 0.5 3 -23
0.000235609 0.5 3 -22.5
0.00123764 1 2.5 -22.5
0.000266587 0.5 3 -22
0.000263401 0.5 3 -21.5
0.00160332 1 2.5 -21.5
0.000195447 0.5 3 -21
9.58227e-05 0.5 3 -20.5
2.62059e-05 0.5 3 -20
3.65423e-05 1 2.5 -19.5
3.22649e-05 1.5 2.5 -20
5.94803e-05 1 3 -19.5
0.000117472 1.5 2.5 -20.5
0.000229909 1.5 2.5 -21
0.000259206 1.5 2.5 -21.5
0.000249031 1.5 2.5 -22
0.00161126 1 3 -21.5
0.000194508 1.5 2.5 -22.5
0.00010224 1.5 2.5 -23
0.00122233 1 3 -22.5
2.59776e-05 1.5 2.5 -23.5
0.000113364 1 3 -23.5
0.000616654 1 3 -23
0.00155595 1 3 -22
0.00144972 1 3 -21
0.000865614 1 3 -20.5
0.000300701 1 3 -20
2.72449e-05 1.5 3 -19.5
0.000409329 1.5 3 -20.5
0.000289648 1 3.5 -20
0.000720916 1.5 3 -21.5
0.00126865 1 3.5 -21
0.000680844 1.5 3 -22
0.000502746 1.5 3 -22.5
0.00131411 1 3.5 -22
0.000243001 1.5 3 -23
4.25699e-05 1.5 3 -23.5
0.000452069 1 3.5 -23
6.46709e-05 1 3.5 -23.5
0.000984779 1 3.5 -22.5
0.00137292 1 3.5 -21.5
0.000679231 1.5 3 -21
0.000780101 1 3.5 -20.5
0.000139162 1.5 3 -20
6.01462e-05 1 3.5 -19.5
0.000266622 1.5 3.5 -20
0.0011186 1.5 3.5 -21
0.00109762 1.5 3.5 -22
0.000774068 1 4 -21.5
0.000808034 1.5 3.5 -22.5
0.00035427 1.5 3.5 -23
0.000546381 1 4 -22.5
4.15091e-05 1.5 3.5 -23.5
2.99369e-05 1 4 -23.5
0.00023605 1 4 -23
0.00074213 1 4 -22
0.00116548 1.5 3.5 -21.5
0.000712254 1 4 -21
0.000446214 1 4 -20.5
0.00071321 1.5 3.5 -20.5
0.000173644 1 4 -20
3.7721e-05 1 4 -19.5
5.55722e-05 1.5 3.5 -19.5
4.07266e-05 2 3.5 -20
0.000105871 1.5 4 -19.5
0.000103029 2 3.5 -20.5
0.000487704 1.5 4 -20
0.000148623 2 3.5 -21
0.00112146 1.5 4 -20.5
0.000147602 2 3.5 -21.5
0.00153683 1.5 4 -21
0.000131412 2 3.5 -22
0.00154836 1.5 4 -21.5
9.3597e-05 2 3.5 -22.5
3.93747e-05 2 3.5 -23
0.000901173 1.5 4 -22.5
0.000256579 1 4.5 -22
2.89096e-05 1.5 4 -23.5
8.27313e-05 1 4.5 -23
0.00033778 1.5 4 -23
0.000188425 1 4.5 -22.5
0.00139811 1.5 4 -22
0.000266847 1 4.5 -21.5
0.000237961 1 4.5 -21
0.000147792 1 4.5 -20.5
5.76197e-05 1 4.5 -20
4.00611e-05 2 4 -19.5
3.17024e-05 1.5 4.5 -19
0.000184747 2 4 -20
0.000414022 2 4 -20.5
0.00056461 1.5 4.5 -20
0.000530958 2 4 -21
0.000520148 2 4 -21.5
0.00146335 1.5 4.5 -21
0.000443834 2 4 -22
0.000280171 2 4 -22.5
0.00130444 1.5 4.5 -22
0.000101479 2 4 -23
0.000256499 1.5 4.5 -23
2.00205e-05 1 5 -22.5
0.000810073 1.5 4.5 -22.5
2.97501e-05 1 5 -22
2.87102e-05 1 5 -21.5
0.00146812 1.5 4.5 -21.5
0.00111083 1.5 4.5 -20.5
0.000171159 1.5 4.5 -19.5
2.24304e-05 2 4.5 -19
0.000426903 2 4.5 -20
0.000965317 2 4.5 -21
0.0008192 2 4.5 -22
0.00104984 1.5 5 -21.5
0.0004979 2 4.5 -22.5
0.000131721 2 4.5 -23
0.000549588 1.5 5 -22.5
0.00014361 1.5 5 -23
0.000946397 1.5 5 -22
0.000946999 2 4.5 -21.5
0.00104186 1.5 5 -21
0.000842764 1.5 5 -20.5
0.000811826 2 4.5 -20.5
0.000463424 1.5 5 -20
0.000156195 1.5 5 -19.5
0.000125784 2 4.5 -19.5
3.06763e-05 1.5 5 -19
4.61543e-05 2 5 -19
4.43529e-05 2.5 4.5 -20
0.000244977 2 5 -19.5
2.0092e-05 1.5 5.5 -19
7.55512e-05 2.5 4.5 -20.5
7.90302e-05 2.5 4.5 -21
0.00124963 2 5 -20.5
7.44861e-05 2.5 4.5 -21.5
5.95057e-05 2.5 4.5 -22
0.00135928 2 5 -21.5
3.7e-05 2.5 4.5 -22.5
0.000504731 2 5 -22.5
0.000484377 1.5 5.5 -22
6.13668e-05 1.5 5.5 -23
0.000112812 2 5 -23
0.000269493 1.5 5.5 -22.5
0.00101136 2 5 -22
0.00053672 1.5 5.5 -21.5
0.000522416 1.5 5.5 -21
0.00141332 2 5 -21
0.00042238 1.5 5.5 -20.5
0.000239596 1.5 5.5 -20
0.000715526 2 5 -20
9.11411e-05 1.5 5.5 -19.5
7.38987e-05 2.5 5 -19.5
0.000100871 2 5.5 -19
0.000219706 2.5 5 -20
0.00036368 2.5 5 -20.5
0.00102008 2 5.5 -20
0.00038154 2.5 5 -21
0.000356696 2.5 5 -21.5
0.00147589 2 5.5 -21
0.000258611 2.5 5 -22
0.000122873 2.5 5 -22.5
0.000972034 2 5.5 -22
2.2762e-05 2.5 5 -23
6.67501e-05 2 5.5 -23
9.07014e-05 1.5 6 -22.5
0.000446443 2 5.5 -22.5
0.000166665 1.5 6 -22
0.000189975 1.5 6 -21.5
0.00136613 2 5.5 -21.5
0.000184041 1.5 6 -21
0.000148615 1.5 6 -20.5
0.00144572 2 5.5 -20.5
8.96508e-05 1.5 6 -20
3.735e-05 1.5 6 -19.5
0.000445226 2 5.5 -19.5
5.89391e-05 2.5 5.5 -19
0.000265953 2.5 5.5 -19.5
0.000599348 2.5 5.5 -20
0.000477281 2 6 -19.5
0.000801044 2.5 5.5 -21
0.0013232 2 6 -20.5
0.000708594 2.5 5.5 -21.5
0.000482558 2.5 5.5 -22
0.00121496 2 6 -21.5
0.000201213 2.5 5.5 -22.5
2.20899e-05 2.5 5.5 -23
0.000300263 2 6 -22.5
2.97441e-05 2 6 -23
0.000795188 2 6 -22
2.85505e-05 1.5 6.5 -21.5
2.84534e-05 1.5 6.5 -21
0.00134048 2 6 -21
0.000806269 2.5 5.5 -20.5
0.000992862 2 6 -20
0.000135228 2 6 -19
2.72581e-05 2 6 -18.5
2.13745e-05 3 5.5 -19.5
0.000145316 2.5 6 -19
2.38964e-05 2 6.5 -18.5
4.35569e-05 3 5.5 -20
0.000493531 2.5 6 -19.5
0.000111213 2 6.5 -19
4.85513e-05 3 5.5 -20.5
4.4639e-05 3 5.5 -21
0.00116848 2.5 6 -20.5
3.43622e-05 3 5.5 -21.5
0.0010288 2.5 6 -21.5
0.000896048 2 6.5 -21
0.000195266 2.5 6 -22.5
0.000470734 2 6.5 -22
0.000146287 2 6.5 -22.5
0.000613837 2.5 6 -22
0.000772584 2 6.5 -21.5
0.00115564 2.5 6 -21
0.0008913 2 6.5 -20.5
0.000727366 2 6.5 -20
0.000954312 2.5 6 -20
0.000380425 2 6.5 -19.5
2.5236e-05 2.5 6 -18.5
4.01311e-05 3 6 -19
5.32461e-05 2.5 6.5 -18.5
0.000137268 3 6 -19.5
0.000296449 2.5 6.5 -19
0.000247006 3 6 -20
0.000255158 3 6 -20.5
0.00136634 2.5 6.5 -20
0.000239537 3 6 -21
0.000184841 3 6 -21.5
0.00140839 2.5 6.5 -21
9.25824e-05 3 6 -22
2.6468e-05 3 6 -22.5
0.000560197 2.5 6.5 -22
4.53547e-05 2 7 -22.5
0.00013799 2.5 6.5 -22.5
0.000202644 2 7 -22
0.000360371 2 7 -21.5
0.00106376 2.5 6.5 -21.5
0.00042976 2 7 -21
0.000424687 2 7 -20.5
0.00147742 2.5 6.5 -20.5
0.0003485 2 7 -20
0.000200439 2 7 -19.5
0.000830408 2.5 6.5 -19.5
6.62981e-05 2 7 -19
2.96105e-05 3 6.5 -18.5
2.02579e-05 2.5 7 -18
0.000165918 3 6.5 -19
0.0004404 3 6.5 -19.5
0.000641647 3 6.5 -20
0.00100543 2.5 7 -19.5
0.00064175 3 6.5 -20.5
0.000581842 3 6.5 -21
0.00143981 2.5 7 -20.5
0.000421168 3 6.5 -21.5
0.000207942 3 6.5 -22
0.000954463 2.5 7 -21.5
3.38062e-05 3 6.5 -22.5
6.4786e-05 2.5 7 -22.5
4.79629e-05 2 7.5 -22
0.000416965 2.5 7 -22
0.000119199 2 7.5 -21.5
0.000149916 2 7.5 -21
0.00134418 2.5 7 -21
0.000148691 2 7.5 -20.5
0.000121146 2 7.5 -20
0.00137489 2.5 7 -20
7.67192e-05 2 7.5 -19.5
3.03771e-05 2 7.5 -19
0.000492254 2.5 7 -19
0.00013378 2.5 7 -18.5
2.57878e-05 3.5 6.5 -19.5
0.000411853 3 7 -19
0.000150055 2.5 7.5 -18.5
2.32941e-05 3.5 6.5 -20
0.000816771 3 7 -19.5
0.000463276 2.5 7.5 -19
0.00106064 3 7 -20.5
0.001116 2.5 7.5 -20
0.000618815 3 7 -21.5
0.00107745 2.5 7.5 -21
0.000223697 3 7 -22
2.45362e-05 3 7 -22.5
0.000229051 2.5 7.5 -22
2.08823e-05 2.5 7.5 -22.5
0.000674206 2.5 7.5 -21.5
0.000977593 3 7 -21
0.00119327 2.5 7.5 -20.5
0.00105155 3 7 -20
0.000855588 2.5 7.5 -19.5
0.000108281 3 7 -18.5
3.37012e-05 2.5 7.5 -18
8.76192e-05 3.5 7 -19
0.000255778 3 7.5 -18.5
0.000154423 3.5 7 -19.5
0.000728232 3 7.5 -19
0.000152002 3.5 7 -20
0.000142079 3.5 7 -20.5
0.00144799 3 7.5 -20
0.000115795 3.5 7 -21
6.56861e-05 3.5 7 -21.5
0.00103536 3 7.5 -21
2.01461e-05 3.5 7 -22
0.000183318 3 7.5 -22
0.000330723 2.5 8 -21.5
8.1358e-05 2.5 8 -22
0.000594871 3 7.5 -21.5
0.000615469 2.5 8 -21
0.000723456 2.5 8 -20.5
0.00135407 3 7.5 -20.5
0.000666263 2.5 8 -20
0.000532754 2.5 8 -19.5
0.001238 3 7.5 -19.5
0.00031103 2.5 8 -19
0.00011971 2.5 8 -18.5
2.8504e-05 2.5 8 -18
2.64984e-05 3.5 7 -18.5
4.67217e-05 3 7.5 -18
0.000122261 3.5 7.5 -18.5
0.000140686 3 8 -18
7.18859e-05 2.5 8.5 -18.5
0.000337311 3.5 7.5 -19
0.000511238 3.5 7.5 -19.5
0.00052007 3.5 7.5 -20
0.00142417 3 8 -19.5
0.000466002 3.5 7.5 -20.5
0.000328932 3.5 7.5 -21
0.00134139 3 8 -20.5
0.000288218 2.5 8.5 -20
0.000167682 3.5 7.5 -21.5
3.52704e-05 3.5 7.5 -22
0.000474088 3 8 -21.5
9.7395e-05 3 8 -22
0.000105763 2.5 8.5 -21.5
0.000252712 2.5 8.5 -21
0.000978974 3 8 -21
0.000310565 2.5 8.5 -20.5
0.0014713 3 8 -20
0.000240815 2.5 8.5 -19.5
0.000155289 2.5 8.5 -19
0.00105725 3 8 -19
0.000536815 3 8 -18.5
2.03364e-05 2.5 8.5 -18
2.39204e-05 3.5 7.5 -18
2.03854e-05 3 8 -17.5
0.000106 3.5 8 -18
5.35393e-05 3 8.5 -17.5
0.000554577 3 8.5 -18.5
0.000949212 3.5 8 -19.5
0.00103989 3 8.5 -19
8.23416e-05 2.5 9 -19.5
0.00093034 3.5 8 -20
9.55122e-05 2.5 9 -20
0.000801504 3.5 8 -20.5
0.000215602 3.5 8 -21.5
0.000753409 3 8.5 -21
9.65771e-05 2.5 9 -20.5
2.85681e-05 3 8.5 -22
3.17592e-05 3.5 8 -22
0.000278656 3 8.5 -21.5
5.60143e-05 2.5 9 -21
0.000541414 3.5 8 -21
0.00117406 3 8.5 -20.5
0.00135498 3 8.5 -20
0.00132485 3 8.5 -19.5
6.07437e-05 2.5 9 -19
3.28032e-05 2.5 9 -18.5
0.000761035 3.5 8 -19
0.000386603 3.5 8 -18.5
0.000221341 3 8.5 -18
2.4263e-05 4 8 -18
6.19143e-05 3.5 8.5 -17.5
6.26642e-05 4 8 -18.5
0.000100068 4 8 -19
0.000731309 3.5 8.5 -18.5
0.00010383 4 8 -19.5
0.00110895 3.5 8.5 -19
8.98785e-05 4 8 -20
7.30157e-05 4 8 -20.5
0.000947932 3 9 -20
3.86586e-05 4 8 -21
0.000546148 3.5 8.5 -21
0.000102772 3 9 -21.5
0.000182891 3.5 8.5 -21.5
0.000417724 3 9 -21
0.000768104 3 9 -20.5
0.000988007 3.5 8.5 -20.5
0.00125478 3.5 8.5 -20
0.000949787 3 9 -19.5
0.00125484 3.5 8.5 -19.5
0.000808208 3 9 -19
0.000475589 3 9 -18.5
0.000199435 3 9 -18
0.000293202 3.5 8.5 -18
5.20939e-05 3 9 -17.5
3.14742e-05 4 8.5 -17.5
3.30881e-05 3.5 9 -17
0.000289624 4 8.5 -18.5
0.000570621 3.5 9 -18
4.28633e-05 3 9.5 -17.5
0.000277863 3 9.5 -18.5
0.000399457 4 8.5 -19
0.000403674 4 8.5 -19.5
0.000355952 4 8.5 -20
0.000233755 4 8.5 -20.5
0.00129364 3.5 9 -20
0.000104324 4 8.5 -21
0.000926871 3.5 9 -20.5
2.14863e-05 4 8.5 -21.5
0.000104771 3.5 9 -21.5
0.000145522 3 9.5 -21
0.000441328 3.5 9 -21
0.000351813 3 9.5 -20.5
0.000481498 3 9.5 -20
0.000501138 3 9.5 -19.5
0.00146654 3.5 9 -19.5
0.000435244 3 9.5 -19
0.00141849 3.5 9 -19
0.00112409 3.5 9 -18.5
0.00013525 3 9.5 -18
0.000123842 4 8.5 -18
0.000187727 3.5 9 -17.5
2.62672e-05 4 9 -17
2.91348e-05 3 10 -17.5
0.000413709 4 9 -18
7.27205e-05 3 10 -18
0.00118809 3.5 9.5 -18.5
0.000123937 3 10 -18.5
0.000175193 3 10 -19
0.000195947 3 10 -19.5
0.000662785 4 9 -20
0.000170746 3 10 -20
0.000426681 4 9 -20.5
2.7645e-05 4 9 -21.5
0.000259602 3.5 9.5 -21
9.43648e-05 3 10 -20.5
3.21289e-05 3.5 9.5 -21.5
0.000163573 4 9 -21
0.00070949 3.5 9.5 -20.5
0.0011664 3.5 9.5 -20
0.0013943 3.5 9.5 -19.5
0.000791008 4 9 -19.5
0.00139459 3.5 9.5 -19
0.000815553 4 9 -19
0.000703841 4 9 -18.5
0.000804579 3.5 9.5 -18
0.000368878 3.5 9.5 -17.5
0.000145707 4 9 -17.5
0.000102671 3.5 9.5 -17
3.00835e-05 3.5 10 -16.5
3.1516e-05 4.5 9 -17.5
5.99332e-05 4.5 9 -18
0.000384529 4 9.5 -17.5
7.62152e-05 4.5 9 -18.5
2.94029e-05 3 10.5 -18
7.37608e-05 4.5 9 -19
0.00107858 4 9.5 -18.5
0.000720335 3.5 10 -18
4.19802e-05 3 10.5 -18.5
5.54649e-05 4.5 9 -19.5
0.00120677 4 9.5 -19
3.33627e-05 4.5 9 -20
5.31854e-05 3 10.5 -19
0.00111064 3.5 10 -19.5
4.83408e-05 3 10.5 -19.5
0.000825783 3.5 10 -20
0.000144745 4 9.5 -21
9.75553e-05 3.5 10 -21
0.000402502 3.5 10 -20.5
0.00043615 4 9.5 -20.5
0.000850585 4 9.5 -20
0.00114512 4 9.5 -19.5
0.00114899 3.5 10 -19
0.000996322 3.5 10 -18.5
0.000762852 4 9.5 -18
0.000362691 3.5 10 -17.5
0.000124767 3.5 10 -17
0.000120965 4 9.5 -17
7.82638e-05 4 10 -16.5
2.96033e-05 3.5 10.5 -16.5
0.00010825 3.5 10.5 -17
0.000160204 4.5 9.5 -17.5
0.000270391 3.5 10.5 -17.5
0.00048821 3.5 10.5 -18
0.000326388 4.5 9.5 -18.5
0.000633171 3.5 10.5 -18.5
0.000321813 4.5 9.5 -19
0.000238716 4.5 9.5 -19.5
0.000138068 4.5 9.5 -20
0.00113332 4 10 -19.5
5.55964e-05 4.5 9.5 -20.5
0.000776503 4 10 -20
0.000353592 4 10 -20.5
8.50258e-05 4 10 -21
0.000132493 3.5 10.5 -20.5
0.000388574 3.5 10.5 -20
0.000631346 3.5 10.5 -19.5
0.000714776 3.5 10.5 -19
0.00139357 4 10 -19
0.00142973 4 10 -18.5
0.00118851 4 10 -18
0.000272031 4.5 9.5 -18
0.000730692 4 10 -17.5
0.000321268 4 10 -17
5.85526e-05 4.5 9.5 -17
0.000254631 4 10.5 -16.5
6.96727e-05 4.5 10 -16.5
2.55934e-05 3.5 11 -16.5
0.000613317 4 10.5 -17
7.53827e-05 3.5 11 -17
0.00102969 4 10.5 -17.5
0.000154525 3.5 11 -17.5
0.00131152 4 10.5 -18
0.0014283 4 10.5 -18.5
0.000237486 3.5 11 -18
0.000494516 4.5 10 -19.5
0.00132358 4 10.5 -19
0.000243645 3.5 11 -19.5
0.000284221 4.5 10 -20
0.00010035 3.5 11 -20
0.000102072 4.5 10 -20.5
2.40336e-05 4 10.5 -21
0.000198577 4 10.5 -20.5
0.00057791 4 10.5 -20
0.00101611 4 10.5 -19.5
0.000311531 3.5 11 -19
0.000283062 3.5 11 -18.5
0.00066214 4.5 10 -19
0.000722912 4.5 10 -18.5
0.000661098 4.5 10 -18
0.000477981 4.5 10 -17.5
0.000242562 4.5 10 -17
4.48099e-05 4 10.5 -16
2.36894e-05 5 10 -16.5
4.47664e-05 5 10 -17
6.02195e-05 5 10 -17.5
0.000558342 4.5 10.5 -17
0.000301063 4 11 -16.5
0.000879811 4.5 10.5 -17.5
4.1606e-05 3.5 11.5 -17
4.15977e-05 5 10 -18.5
7.06645e-05 3.5 11.5 -17.5
0.00106958 4.5 10.5 -18
8.90575e-05 3.5 11.5 -18
0.00116 4.5 10.5 -18.5
9.61595e-05 3.5 11.5 -18.5
0.000952913 4.5 10.5 -19
8.73608e-05 3.5 11.5 -19
0.000708363 4 11 -19.5
3.70335e-05 3.5 11.5 -19.5
0.000310312 4 11 -20
6.98438e-05 4 11 -20.5
9.31199e-05 4.5 10.5 -20.5
0.00029747 4.5 10.5 -20
0.000636257 4.5 10.5 -19.5
0.00107188 4 11 -19
0.00127893 4 11 -18.5
0.00118542 4 11 -18
0.000948734 4 11 -17.5
5.70939e-05 5 10 -18
0.000605584 4 11 -17
0.000246946 4.5 10.5 -16.5
0.00010009 4 11 -16
6.3472e-05 4.5 10.5 -16
4.6302e-05 4.5 11 -15.5
2.59972e-05 4 11.5 -15.5
9.76925e-05 4 11.5 -16
0.000258674 4 11.5 -16.5
0.00020186 5 10.5 -17
0.00055279 4.5 11 -16.5
0.000487995 4 11.5 -17
0.00025882 5 10.5 -17.5
0.000701029 4 11.5 -17.5
0.000271096 5 10.5 -18
0.000834642 4 11.5 -18
0.000222557 5 10.5 -18.5
0.00081711 4 11.5 -18.5
0.000138378 5 10.5 -19
7.36266e-05 5 10.5 -19.5
0.000579864 4.5 11 -19.5
0.000237071 4.5 11 -20
5.53627e-05 4.5 11 -20.5
8.98665e-05 4 11.5 -20
0.000318382 4 11.5 -19.5
0.000611553 4 11.5 -19
0.0009422 4.5 11 -19
0.00122709 4.5 11 -18.5
0.00136271 4.5 11 -18
0.00128429 4.5 11 -17.5
0.000973227 4.5 11 -17
0.000113179 5 10.5 -16.5
0.00022416 4.5 11 -16
4.04512e-05 5 10.5 -16
3.00526e-05 4.5 11.5 -15
0.000203623 4.5 11.5 -15.5
5.00019e-05 5 11 -15.5
7.89642e-05 4 12 -16
0.00091426 4.5 11.5 -16.5
0.000373498 5 11 -16.5
0.000170855 4 12 -16.5
0.00125078 4.5 11.5 -17
0.000276289 4 12 -17
0.00138707 4.5 11.5 -17.5
0.00135753 4.5 11.5 -18
0.00036955 4 12 -17.5
0.00116473 4.5 11.5 -18.5
0.00016113 5 11 -19.5
0.000808294 4.5 11.5 -19
6.38435e-05 4 12 -19.5
4.84575e-05 5 11 -20
0.000124624 4.5 11.5 -20
0.000402422 4.5 11.5 -19.5
0.00021962 4 12 -19
0.00036063 4 12 -18.5
0.000311782 5 11 -19
0.000431989 4 12 -18
0.000486759 5 11 -18.5
0.000626772 5 11 -18
0.00064279 5 11 -17.5
0.000557243 5 11 -17
0.000524973 4.5 11.5 -16
2.58577e-05 4 12 -15.5
0.000180717 5 11 -16
0.000100214 4.5 12 -15
2.47632e-05 5.5 11 -15.5
4.34802e-05 5.5 11 -16
2.14964e-05 4 12.5 -15.5
5.44601e-05 5.5 11 -16.5
0.000475614 5 11.5 -16
4.99161e-05 4 12.5 -16
0.000991898 5 11.5 -17
0.000890901 4.5 12 -16.5
5.09848e-05 5.5 11 -17
8.85457e-05 4 12.5 -16.5
0.00012448 4 12.5 -17
0.00107593 5 11.5 -17.5
0.000148057 4 12.5 -17.5
0.000964259 5 11.5 -18
0.000152297 4 12.5 -18
0.00071044 5 11.5 -18.5
8.63153e-05 4 12.5 -18.5
0.000419345 5 11.5 -19
2.03977e-05 4 12.5 -19
0.000187998 4.5 12 -19.5
3.17552e-05 4.5 12 -20
4.76978e-05 5 11.5 -20
0.000173492 5 11.5 -19.5
0.000515114 4.5 12 -19
0.000899945 4.5 12 -18.5
0.00118947 4.5 12 -18
0.00129742 4.5 12 -17.5
0.00118687 4.5 12 -17
3.52625e-05 5.5 11 -17.5
0.000767043 5 11.5 -16.5
0.000552785 4.5 12 -16
0.000291422 4.5 12 -15.5
0.000211585 5 11.5 -15.5
5.66677e-05 5 11.5 -15
5.11698e-05 5 12 -14.5
3.01123e-05 4.5 12.5 -14.5
0.000221763 5 12 -15
0.000102405 4.5 12.5 -15
0.000260994 4.5 12.5 -15.5
0.000185007 5.5 11.5 -16
0.000727351 4.5 12.5 -16.5
0.000245076 5.5 11.5 -17
0.00117968 5 12 -16.5
3.16545e-05 4 13 -16.5
0.000884178 4.5 12.5 -17
0.000208944 5.5 11.5 -17.5
3.48237e-05 4 13 -17
0.00013398 5.5 11.5 -18
0.00075699 4.5 12.5 -18
2.73061e-05 4 13 -17.5
6.9044e-05 5.5 11.5 -18.5
0.000477205 4.5 12.5 -18.5
0.00012961 5 12 -19.5
2.29047e-05 5 12 -20
4.50749e-05 4.5 12.5 -19.5
0.000200112 4.5 12.5 -19
0.000371322 5 12 -19
0.000693055 5 12 -18.5
0.00100319 5 12 -18
0.000928914 4.5 12.5 -17.5
0.0012505 5 12 -17.5
0.00131418 5 12 -17
0.000487604 4.5 12.5 -16
0.000230905 5.5 11.5 -16.5
0.000878433 5 12 -16
0.000513083 5 12 -15.5
0.00011164 5.5 11.5 -15.5
4.36992e-05 5.5 11.5 -15
6.43316e-05 5.5 12 -14.5
4.69039e-05 5 12.5 -14
0.000226727 5 12.5 -14.5
3.27744e-05 4.5 13 -14.5
8.97368e-05 4.5 13 -15
0.000880009 5 12.5 -15.5
0.000361203 5.5 12 -15.5
0.000182526 4.5 13 -15.5
0.000301894 4.5 13 -16
0.00134518 5 12.5 -16.5
0.000601345 5.5 12 -16.5
0.000428967 4.5 13 -16.5
0.00134101 5 12.5 -17
0.000490825 4.5 13 -17
0.000896553 5 12.5 -18
0.000448376 4.5 13 -17.5
6.82425e-05 5.5 12 -19
0.000533618 5 12.5 -18.5
0.000227274 5 12.5 -19
6.18444e-05 5 12.5 -19.5
0.000133726 4.5 13 -18.5
0.000306952 4.5 13 -18
0.000171685 5.5 12 -18.5
0.00030879 5.5 12 -18
0.00120697 5 12.5 -17.5
0.000479707 5.5 12 -17.5
0.000598389 5.5 12 -17
0.00119504 5 12.5 -16
0.000523013 5.5 12 -16
0.000529538 5 12.5 -15
0.000188817 5.5 12 -15
2.46164e-05 5 13 -13.5
0.000252663 5.5 12.5 -14.5
0.000131464 5 13 -14
3.33348e-05 6 12 -14.5
0.000321873 5 13 -14.5
2.83748e-05 4.5 13.5 -14.5
6.11979e-05 6 12 -15.5
5.93971e-05 4.5 13.5 -15
0.000870544 5 13 -15.5
5.43383e-05 6 12 -16
0.00074479 5.5 12.5 -15.5
0.000101566 4.5 13.5 -15.5
0.00116068 5 13 -16
3.53761e-05 6 12 -16.5
0.000146103 4.5 13.5 -16
0.000177977 4.5 13.5 -16.5
0.00120518 5 13 -17
0.000934011 5.5 12.5 -17
0.000185137 4.5 13.5 -17
0.000123691 4.5 13.5 -17.5
0.000457454 5.5 12.5 -18
4.45187e-05 4.5 13.5 -18
0.000233996 5.5 12.5 -18.5
8.15849e-05 5.5 12.5 -19
8.55374e-05 5 13 -19
0.00029106 5 13 -18.5
0.000615877 5 13 -18
0.000966497 5 13 -17.5
0.000720232 5.5 12.5 -17.5
0.00126917 5 13 -16.5
0.00102732 5.5 12.5 -16.5
0.000951536 5.5 12.5 -16
0.000564675 5 13 -15
0.000486924 5.5 12.5 -15
5.28576e-05 6 12 -15
9.49488e-05 5.5 12.5 -14
2.08957e-05 5.5 13 -13
0.000116135 5.5 13 -13.5
2.48443e-05 6 12.5 -13.5
4.94689e-05 5 13.5 -13.5
0.000131454 5 13.5 -14
0.000577856 5.5 13 -14.5
0.00014333 6 12.5 -14.5
0.000292953 5 13.5 -14.5
0.000506101 5 13.5 -15
0.00114136 5.5 13 -15.5
0.000240823 6 12.5 -15.5
3.05289e-05 4.5 14 -15
4.26642e-05 4.5 14 -15.5
0.000888411 5 13.5 -16
0.00020358 6 12.5 -16.5
0.00125166 5.5 13 -16
5.05628e-05 4.5 14 -16
0.000941217 5 13.5 -16.5
0.000128206 6 12.5 -17
4.16892e-05 4.5 14 -16.5
6.30325e-05 6 12.5 -17.5
0.000714283 5.5 13 -17.5
0.000806156 5 13.5 -17
0.000270373 5 13.5 -18
8.01901e-05 5 13.5 -18.5
5.66299e-05 5.5 13 -19
0.000192023 5.5 13 -18.5
0.000425592 5.5 13 -18
0.000544962 5 13.5 -17.5
0.000998884 5.5 13 -17
0.00120771 5.5 13 -16.5
0.00073005 5 13.5 -15.5
0.00024392 6 12.5 -16
0.000889908 5.5 13 -15
0.000208706 6 12.5 -15
0.000302454 5.5 13 -14
7.21443e-05 6 12.5 -14
2.37501e-05 5.5 13.5 -12.5
0.000119211 5.5 13.5 -13
0.00012473 6 13 -13.5
0.000334954 5.5 13.5 -13.5
4.86221e-05 5 14 -13.5
0.000624066 5.5 13.5 -14
0.000111107 5 14 -14
0.000919824 5.5 13.5 -14.5
0.000421028 6 13 -14.5
0.000207286 5 14 -14.5
0.00117126 5.5 13.5 -15
0.000334702 5 14 -15
0.00044854 5 14 -15.5
0.00127455 5.5 13.5 -16
0.000575127 6 13 -16
0.000501676 5 14 -16
0.00115642 5.5 13.5 -16.5
0.000464056 5 14 -16.5
0.000331944 5 14 -17
0.000167902 6 13 -17.5
0.000880974 5.5 13.5 -17
0.000160409 5 14 -17.5
0.000281693 5.5 13.5 -18
7.15743e-05 6 13 -18
9.87988e-05 5.5 13.5 -18.5
3.62738e-05 5 14 -18
2.04405e-05 6 13 -18.5
0.000562974 5.5 13.5 -17.5
0.000295102 6 13 -17
0.000459028 6 13 -16.5
0.00127858 5.5 13.5 -15.5
0.00060441 6 13 -15.5
0.000548983 6 13 -15
0.000264878 6 13 -14
4.42594e-05 6 13 -13
2.02165e-05 6 13.5 -12
8.0991e-05 6 13.5 -12.5
7.20226e-05 5.5 14 -12.5
0.000206393 6 13.5 -13
0.000201669 5.5 14 -13
0.000376832 6 13.5 -13.5
6.09973e-05 6.5 13 -13.5
0.000391007 5.5 14 -13.5
3.83586e-05 5 14.5 -13.5
0.000628507 5.5 14 -14
7.59038e-05 6.5 13 -14.5
0.000586128 6 13.5 -14
7.16961e-05 5 14.5 -14
0.00089634 5.5 14 -14.5
6.51054e-05 6.5 13 -15
0.000114764 5 14.5 -14.5
0.00112904 5.5 14 -15
4.063e-05 6.5 13 -15.5
0.000951184 6 13.5 -15
0.00016036 5 14.5 -15
0.00120114 5.5 14 -15.5
0.000187609 5 14.5 -15.5
0.00113203 5.5 14 -16
0.000883627 6 13.5 -16
0.000179751 5 14.5 -16
0.000918154 5.5 14 -16.5
0.000119372 5 14.5 -16.5
0.000609204 5.5 14 -17
0.000445464 6 13.5 -17
4.49357e-05 5 14.5 -17
0.000319943 5.5 14 -17.5
3.00246e-05 6 13.5 -18.5
2.10668e-05 5.5 14 -18.5
0.000117199 5.5 14 -18
0.000101232 6 13.5 -18
0.000244751 6 13.5 -17.5
0.000681451 6 13.5 -16.5
0.00100576 6 13.5 -15.5
0.000799376 6 13.5 -14.5
8.02255e-05 6.5 13 -14
3.41526e-05 6.5 13 -13
3.28176e-05 6 14 -11.5
0.000118502 6 14 -12
3.12954e-05 6.5 13.5 -12
3.1325e-05 5.5 14.5 -12
0.000275299 6 14 -12.5
8.03858e-05 5.5 14.5 -12.5
0.000478279 6 14 -13
0.000148949 6.5 13.5 -13
0.000187383 5.5 14.5 -13
0.0007354 6 14 -13.5
0.0003519 5.5 14.5 -13.5
0.00100204 6 14 -14
0.000273527 6.5 13.5 -14
0.000547506 5.5 14.5 -14
0.0011537 6 14 -14.5
3.57913e-05 5 15 -14
0.000731092 5.5 14.5 -14.5
0.00117734 6 14 -15
0.000264062 6.5 13.5 -15
4.50838e-05 5 15 -14.5
4.90178e-05 5 15 -15
0.000878252 5.5 14.5 -15.5
0.000120687 6.5 13.5 -16
0.00111007 6 14 -15.5
3.59888e-05 5 15 -15.5
5.6059e-05 6.5 13.5 -16.5
0.000504873 5.5 14.5 -16.5
0.000670109 6 14 -16.5
0.000265722 5.5 14.5 -17
0.000207035 6 14 -17.5
9.29234e-05 5.5 14.5 -17.5
7.31551e-05 6 14 -18
0.000415609 6 14 -17
0.000736874 5.5 14.5 -16
0.000917255 6 14 -16
0.000846609 5.5 14.5 -15
0.000207689 6.5 13.5 -15.5
0.000288344 6.5 13.5 -14.5
0.000224648 6.5 13.5 -13.5
7.58846e-05 6.5 13.5 -12.5
2.74882e-05 6.5 14 -11
3.76291e-05 6 14.5 -11
0.000124107 6 14.5 -11.5
7.07061e-05 6.5 14 -11.5
0.000268113 6 14.5 -12
2.80693e-05 7 13.5 -12.5
3.22451e-05 5.5 15 -12
0.000488115 6 14.5 -12.5
3.12512e-05 7 13.5 -13
0.000271789 6.5 14 -12.5
7.24767e-05 5.5 15 -12.5
0.000547807 6.5 14 -13.5
0.000766553 6 14.5 -13
2.39781e-05 7 13.5 -13.5
0.000139468 5.5 15 -13
0.000985905 6 14.5 -13.5
0.000234355 5.5 15 -13.5
0.000345501 5.5 15 -14
0.00119582 6 14.5 -14.5
0.000642847 6.5 14 -14.5
0.00042487 5.5 15 -14.5
0.000457826 5.5 15 -15
0.00103916 6 14.5 -15.5
0.00042543 6.5 14 -15.5
0.000401232 5.5 15 -15.5
0.000277357 5.5 15 -16
0.000514356 6 14.5 -16.5
0.000155301 6.5 14 -16.5
3.2184e-05 5.5 15 -17
0.00027459 6 14.5 -17
2.3498e-05 6 14.5 -18
0.000108701 6 14.5 -17.5
0.000129539 5.5 15 -16.5
6.91119e-05 6.5 14 -17
0.000788084 6 14.5 -16
0.000271152 6.5 14 -16
0.0011661 6 14.5 -15
0.000563388 6.5 14 -15
0.00114305 6 14.5 -14
0.000617909 6.5 14 -14
0.000420457 6.5 14 -13
0.000152632 6.5 14 -12
5.09271e-05 6.5 14.5 -10.5
2.41487e-05 6 15 -10.5
0.000135396 6.5 14.5 -11
6.61011e-05 6 15 -11
0.000261577 6.5 14.5 -11.5
5.69384e-05 7 14 -11.5
0.000140654 6 15 -11.5
0.000422531 6.5 14.5 -12
0.000283882 6 15 -12
0.000591568 6.5 14.5 -12.5
0.000122827 7 14 -12.5
2.72395e-05 5.5 15.5 -12
0.000487449 6 15 -12.5
5.01326e-05 5.5 15.5 -12.5
0.000726768 6 15 -13
0.000900331 6.5 14.5 -13.5
0.000114052 7 14 -13.5
8.19032e-05 5.5 15.5 -13
0.000926927 6 15 -13.5
0.000118621 5.5 15.5 -13.5
0.0010626 6 15 -14
0.000955171 6.5 14.5 -14.5
4.95871e-05 7 14 -14.5
0.000149869 5.5 15.5 -14
0.0010957 6 15 -14.5
0.000162478 5.5 15.5 -14.5
0.00098393 6 15 -15
0.000138059 5.5 15.5 -15
0.000776979 6 15 -15.5
0.000602206 6.5 14.5 -15.5
7.61261e-05 5.5 15.5 -15.5
0.000513319 6 15 -16
0.000108562 6 15 -17
0.000100005 6.5 14.5 -17
2.21249e-05 6 15 -17.5
3.42195e-05 6.5 14.5 -17.5
0.000276071 6 15 -16.5
0.000223137 6.5 14.5 -16.5
0.000396022 6.5 14.5 -16
0.000801177 6.5 14.5 -15
0.000989513 6.5 14.5 -14
7.99947e-05 7 14 -14
0.000743409 6.5 14.5 -13
0.000135141 7 14 -13
9.30042e-05 7 14 -12
2.00578e-05 7 14.5 -9.5
2.48549e-05 6.5 15 -9.5
7.84597e-05 6.5 15 -10
0.00019469 6.5 15 -10.5
3.02652e-05 6 15.5 -10.5
0.000379036 6.5 15 -11
0.000222502 7 14.5 -11.5
6.51645e-05 6 15.5 -11
0.000560173 6.5 15 -11.5
0.000132751 6 15.5 -11.5
0.000752228 6.5 15 -12
0.000251014 6 15.5 -12
0.000936181 6.5 15 -12.5
0.000356242 7 14.5 -12.5
0.000405511 6 15.5 -12.5
0.00106994 6.5 15 -13
0.000561454 6 15.5 -13
0.00112628 6.5 15 -13.5
0.000358425 7 14.5 -13.5
2.86229e-05 5.5 16 -13
0.000692012 6 15.5 -13.5
0.00105725 6.5 15 -14
3.29633e-05 5.5 16 -13.5
0.000749867 6 15.5 -14
0.000970096 6.5 15 -14.5
0.000205869 7 14.5 -14.5
2.26771e-05 5.5 16 -14
0.000706813 6 15.5 -14.5
0.000565808 6 15.5 -15
4.85879e-05 7 14.5 -15.5
0.000791218 6.5 15 -15
0.000368494 6 15.5 -15.5
0.000188471 6 15.5 -16
0.000355629 6.5 15 -16
5.95535e-05 6 15.5 -16.5
6.91805e-05 6.5 15 -17
0.000181326 6.5 15 -16.5
0.000571939 6.5 15 -15.5
0.000112641 7 14.5 -15
0.0003035 7 14.5 -14
0.00037879 7 14.5 -13
0.000299858 7 14.5 -12
2.43275e-05 7 15 -8.5
4.85245e-05 7 15 -9
2.34249e-05 6.5 15.5 -9
0.00010267 7 15 -9.5
6.25124e-05 6.5 15.5 -9.5
0.000179204 7 15 -10
0.00014091 6.5 15.5 -10
0.000274935 7 15 -10.5
0.000266737 6.5 15.5 -10.5
2.75953e-05 6 16 -10.5
0.000417654 6.5 15.5 -11
6.23957e-05 7.5 14.5 -11.5
0.000380653 7 15 -11
5.37019e-05 6 16 -11
0.000614714 6.5 15.5 -11.5
5.46345e-05 7.5 14.5 -12
9.78305e-05 6 16 -11.5
0.000836257 6.5 15.5 -12
3.74582e-05 7.5 14.5 -12.5
0.000634889 7 15 -12
0.00015879 6 16 -12
0.000995364 6.5 15.5 -12.5
0.000229803 6 16 -12.5
0.00106709 6.5 15.5 -13
0.000713532 7 15 -13
0.000304942 6 16 -13
0.00109601 6.5 15.5 -13.5
0.0003501 6 16 -13.5
0.0010075 6.5 15.5 -14
0.000544666 7 15 -14
0.000339794 6 16 -14
0.000862891 6.5 15.5 -14.5
0.000261789 6 16 -14.5
0.000633589 6.5 15.5 -15
0.000240279 7 15 -15
0.00016003 6 16 -15
0.00040736 6.5 15.5 -15.5
5.77086e-05 6 16 -15.5
0.000216357 6.5 15.5 -16
6.2215e-05 7 15 -16
8.53218e-05 6.5 15.5 -16.5
0.00013735 7 15 -15.5
0.000380151 7 15 -14.5
0.000656774 7 15 -13.5
0.000694044 7 15 -12.5
0.000520467 7 15 -11.5
2.79547e-05 7.5 15 -8
4.15011e-05 7 15.5 -8
4.42398e-05 7.5 15 -8.5
9.20731e-05 7 15.5 -8.5
6.8538e-05 7.5 15 -9
0.000178755 7 15.5 -9
0.000103024 7.5 15 -9.5
3.12636e-05 6.5 16 -9
0.000292335 7 15.5 -9.5
6.66402e-05 6.5 16 -9.5
0.000411283 7 15.5 -10
0.000134733 6.5 16 -10
0.000556302 7 15.5 -10.5
0.000244576 6.5 16 -10.5
0.000711454 7 15.5 -11
0.000216949 7.5 15 -11
0.000387335 6.5 16 -11
0.000846502 7 15.5 -11.5
3.40647e-05 6 16.5 -11
0.000560516 6.5 16 -11.5
0.000924747 7 15.5 -12
0.000205835 7.5 15 -12
5.3292e-05 6 16.5 -11.5
0.000738709 6.5 16 -12
7.45305e-05 6 16.5 -12
0.000888452 6.5 16 -12.5
0.000113628 7.5 15 -13
0.00096922 7 15.5 -12.5
9.52519e-05 6 16.5 -12.5
0.000943374 6.5 16 -13
6.26386e-05 7.5 15 -13.5
0.00010846 6 16.5 -13
0.000882842 6.5 16 -13.5
0.000845707 7 15.5 -13.5
9.55952e-05 6 16.5 -13.5
0.000753002 6.5 16 -14
0.00049035 7 15.5 -14.5
5.55435e-05 6 16.5 -14
0.000556763 6.5 16 -14.5
0.000355673 6.5 16 -15
0.000185141 6.5 16 -15.5
0.000177763 7 15.5 -15.5
7.1354e-05 6.5 16 -16
2.13027e-05 7 15.5 -16.5
7.78207e-05 7 15.5 -16
0.000317072 7 15.5 -15
0.00067573 7 15.5 -14
0.000945604 7 15.5 -13
2.03173e-05 7.5 15.5 -6
3.05068e-05 7.5 15.5 -6.5
4.90016e-05 7.5 15.5 -7
0.000166268 7.5 15 -12.5
0.000226788 7.5 15 -11.5
8.19357e-05 7.5 15.5 -7.5
3.57431e-05 7 16 -7.5
0.000125621 7.5 15.5 -8
2.57187e-05 8 15 -8
7.43861e-05 7 16 -8
0.000143755 7 16 -8.5
4.05132e-05 8 15 -9
0.000182279 7.5 15.5 -8.5
0.000252559 7 16 -9
4.54588e-05 8 15 -9.5
0.000244744 7.5 15.5 -9
2.95628e-05 6.5 16.5 -9
0.000403906 7 16 -9.5
4.27297e-05 8 15 -10
0.000308269 7.5 15.5 -9.5
5.82884e-05 6.5 16.5 -9.5
0.000594379 7 16 -10
0.000467961 7.5 15.5 -10.5
3.21541e-05 8 15 -10.5
0.000105446 6.5 16.5 -10
0.000772922 7 16 -10.5
0.000177733 6.5 16.5 -10.5
0.000897837 7 16 -11
0.000281835 6.5 16.5 -11
0.000996246 7 16 -11.5
0.000519277 7.5 15.5 -11.5
0.000392889 6.5 16.5 -11.5
0.00104103 7 16 -12
0.0004928 6.5 16.5 -12
0.000991563 7 16 -12.5
0.000414726 7.5 15.5 -12.5
0.000548792 6.5 16.5 -12.5
0.000914086 7 16 -13
0.000547031 6.5 16.5 -13
0.000789955 7 16 -13.5
0.00019515 7.5 15.5 -13.5
0.000451214 6.5 16.5 -13.5
0.000326378 6.5 16.5 -14
4.37785e-05 7.5 15.5 -14.5
0.00061667 7 16 -14
8.69967e-05 6.5 16.5 -15
0.00025934 7 16 -15
4.95166e-05 7 16 -16
0.000130623 7 16 -15.5
0.000194888 6.5 16.5 -14.5
0.000428068 7 16 -14.5
0.000102509 7.5 15.5 -14
2.17065e-05 8 15.5 -4
2.83078e-05 8 15.5 -4.5
3.59467e-05 8 15.5 -5
0.000306432 7.5 15.5 -13
4.28266e-05 8 15.5 -5.5
2.41139e-05 7.5 16 -5.5
5.00456e-05 8 15.5 -6
0.000487254 7.5 15.5 -12
4.47358e-05 7.5 16 -6
6.01009e-05 8 15.5 -6.5
8.32931e-05 7.5 16 -6.5
7.35204e-05 8 15.5 -7
0.000503892 7.5 15.5 -11
0.000139933 7.5 16 -7
9.15704e-05 8 15.5 -7.5
0.000217129 7.5 16 -7.5
3.8333e-05 7 16.5 -7.5
0.000305321 7.5 16 -8
0.000117138 8 15.5 -8
7.37091e-05 7 16.5 -8
0.000393272 7.5 16 -8.5
0.000143096 8 15.5 -8.5
0.000135227 7 16.5 -8.5
0.000496643 7.5 16 -9
0.000239261 7 16.5 -9
0.000599129 7.5 16 -9.5
0.000384469 7 16.5 -9.5
0.000682231 7.5 16 -10
3.95492e-05 6.5 17 -9.5
0.000556732 7 16.5 -10
0.000750805 7.5 16 -10.5
0.000134958 8 15.5 -10.5
6.46365e-05 6.5 17 -10
0.000720591 7 16.5 -10.5
0.00080669 7.5 16 -11
9.93135e-05 6.5 17 -10.5
0.000856062 7 16.5 -11
0.000817902 7.5 16 -11.5
5.62013e-05 8 15.5 -11.5
0.000139514 6.5 17 -11
0.000927011 7 16.5 -11.5
0.000178375 6.5 17 -11.5
0.000953059 7 16.5 -12
0.000755951 7.5 16 -12
0.000203312 6.5 17 -12
0.000881212 7 16.5 -12.5
0.000202253 6.5 17 -12.5
0.000751624 7 16.5 -13
0.000484998 7.5 16 -13
0.000160697 6.5 17 -13
9.39143e-05 6.5 17 -13.5
0.000417367 7 16.5 -14
0.000201765 7.5 16 -14
3.44351e-05 6.5 17 -14
0.000130851 7 16.5 -15
5.1064e-05 7.5 16 -15
5.16554e-05 7 16.5 -15.5
2.08189e-05 9 15 -1
0.000256004 7 16.5 -14.5
3.00729e-05 8.5 15.5 -2
3.73396e-05 8.5 15.5 -2.5
0.000111818 7.5 16 -14.5
4.26991e-05 8.5 15.5 -3
0.000588746 7 16.5 -13.5
4.39669e-05 8.5 15.5 -3.5
2.62202e-05 8 16 -3.5
4.38894e-05 8.5 15.5 -4
0.000330831 7.5 16 -13.5
4.31747e-05 8 16 -4
4.32633e-05 8.5 15.5 -4.5
6.31027e-05 8 16 -4.5
8.66277e-05 8 16 -5
4.25375e-05 8.5 15.5 -5
0.000637303 7.5 16 -12.5
4.28057e-05 8.5 15.5 -5.5
0.000120662 8 16 -5.5
2.71697e-05 7.5 16.5 -5.5
0.000158415 8 16 -6
4.43785e-05 8.5 15.5 -6
4.91727e-05 7.5 16.5 -6
0.000192316 8 16 -6.5
4.52665e-05 8.5 15.5 -6.5
9.09043e-05 7.5 16.5 -6.5
4.61785e-05 8.5 15.5 -7
0.00016443 7.5 16.5 -7
4.79996e-05 8.5 15.5 -7.5
0.000234618 8 16 -7
0.000267062 7.5 16.5 -7.5
4.52172e-05 8.5 15.5 -8
0.000275399 8 16 -7.5
0.000313698 8 16 -8
3.44597e-05 7 17 -7.5
0.000403791 7.5 16.5 -8
0.000365489 8 16 -8.5
3.69642e-05 8.5 15.5 -8.5
6.15231e-05 7 17 -8
0.000560455 7.5 16.5 -8.5
0.000403828 8 16 -9
2.50451e-05 8.5 15.5 -9
0.000108472 7 17 -8.5
0.000698557 7.5 16.5 -9
0.00018661 7 17 -9
0.000808908 7.5 16.5 -9.5
0.000298953 7 17 -9.5
0.00089199 7.5 16.5 -10
0.000399796 8 16 -10
0.00041647 7 17 -10
0.00092205 7.5 16.5 -10.5
0.00053051 7 17 -10.5
0.000878499 7.5 16.5 -11
0.000298852 8 16 -11
2.72263e-05 6.5 17.5 -10.5
0.000621711 7 17 -11
3.30555e-05 6.5 17.5 -11
0.000656852 7 17 -11.5
0.000130442 8 16 -12
3.11019e-05 6.5 17.5 -11.5
0.000650555 7 17 -12
6.64542e-05 8 16 -12.5
0.000781498 7.5 16.5 -12
2.10288e-05 6.5 17.5 -12
0.000562532 7 17 -12.5
0.000435115 7 17 -13
0.000482913 7.5 16.5 -13
0.000169036 7 17 -14
0.000205524 7.5 16.5 -14
4.98389e-05 7.5 16.5 -15
3.21413e-05 9.5 15 1.5
4.04789e-05 9.5 15 1
4.10978e-05 9.5 15 0.5
3.39315e-05 9.5 15 0
7.66299e-05 7 17 -14.5
3.7082e-05 9 15.5 0
2.49366e-05 9.5 15 -0.5
5.1214e-05 9 15.5 -0.5
6.2486e-05 9 15.5 -1
6.74573e-05 9 15.5 -1.5
0.000112068 7.5 16.5 -14.5
0.000297039 7 17 -13.5
2.62567e-05 8.5 16 -1.5
6.66023e-05 9 15.5 -2
4.17917e-05 8.5 16 -2
5.78938e-05 9 15.5 -2.5
6.33103e-05 8.5 16 -2.5
4.79158e-05 9 15.5 -3
0.000331485 7.5 16.5 -13.5
8.78587e-05 8.5 16 -3
4.06515e-05 9 15.5 -3.5
0.000113905 8.5 16 -3.5
0.0006406 7.5 16.5 -12.5
3.54416e-05 9 15.5 -4
2.42158e-05 8 16.5 -3.5
0.000131292 8.5 16 -4
4.11673e-05 8 16.5 -4
0.000138971 8.5 16 -4.5
3.0487e-05 9 15.5 -4.5
0.000861012 7.5 16.5 -11.5
7.29651e-05 8 16.5 -4.5
0.000146025 8.5 16 -5
2.65735e-05 9 15.5 -5
0.00012735 8 16.5 -5
0.000151879 8.5 16 -5.5
2.12941e-05 9 15.5 -5.5
0.000215071 8 16 -11.5
0.00019828 8 16.5 -5.5
0.000157696 8.5 16 -6
2.59459e-05 7.5 17 -5.5
0.000284117 8 16.5 -6
0.000171008 8.5 16 -6.5
4.71981e-05 7.5 17 -6
0.00037232 8 16.5 -6.5
0.000176997 8.5 16 -7
8.58065e-05 7.5 17 -6.5
0.000430983 8 16.5 -7
0.000362391 8 16 -10.5
0.000150984 7.5 17 -7
0.000504081 8 16.5 -7.5
0.000179901 8.5 16 -7.5
0.000250936 7.5 17 -7.5
0.000570828 8 16.5 -8
0.000170984 8.5 16 -8
0.000380753 7.5 17 -8
4.16642e-05 7 17.5 -8
0.000527613 7.5 17 -8.5
0.000106705 8.5 16 -9
0.000664571 8 16.5 -9
0.000617772 8 16.5 -8.5
6.95485e-05 7 17.5 -8.5
0.000671062 7.5 17 -9
0.000697293 8 16.5 -9.5
6.91098e-05 8.5 16 -9.5
0.000109539 7 17.5 -9
0.00079178 7.5 17 -9.5
0.000673638 8 16.5 -10
3.73646e-05 8.5 16 -10
0.000157833 7 17.5 -9.5
0.000857315 7.5 17 -10
0.000210374 7 17.5 -10
0.000877535 7.5 17 -10.5
0.000257404 7 17.5 -10.5
0.000844608 7.5 17 -11
0.000499324 8 16.5 -11
0.000283212 7 17.5 -11
0.00078459 7.5 17 -11.5
0.000280752 7 17.5 -11.5
0.000657189 7.5 17 -12
0.000257101 8 16.5 -12
0.00024628 7 17.5 -12
0.000520367 7.5 17 -12.5
0.000186218 7 17.5 -12.5
0.000378985 7.5 17 -13
8.3885e-05 8 16.5 -13
0.000111542 7 17.5 -13
4.63441e-05 7 17.5 -13.5
0.000141396 7.5 17 -14
3.45334e-05 10 15 2.5
5.51732e-05 10 15 2
5.7393e-05 10 15 1.5
4.79433e-05 10 15 1
4.28688e-05 9.5 15.5 1.5
6.81424e-05 9.5 15.5 1
3.23814e-05 10 15 0.5
8.86869e-05 9.5 15.5 0.5
6.49578e-05 7.5 17 -14.5
9.57955e-05 9.5 15.5 0
3.92221e-05 9 16 0
9.10303e-05 9.5 15.5 -0.5
6.44667e-05 9 16 -0.5
7.90538e-05 9.5 15.5 -1
9.52316e-05 9 16 -1
6.57648e-05 9.5 15.5 -1.5
0.000248092 7.5 17 -13.5
0.000123333 9 16 -1.5
5.37954e-05 9.5 15.5 -2
0.000138644 9 16 -2
4.00167e-05 8.5 16.5 -2
3.87544e-05 9.5 15.5 -2.5
0.000140954 9 16 -2.5
6.91121e-05 8.5 16.5 -2.5
2.48104e-05 9.5 15.5 -3
0.000140525 9 16 -3
3.78506e-05 8 16.5 -13.5
0.000113145 8.5 16.5 -3
0.000163771 8.5 16.5 -3.5
0.000133568 9 16 -3.5
0.000126067 9 16 -4
0.000161252 8 16.5 -12.5
0.000214719 8.5 16.5 -4
3.84679e-05 8 17 -4
0.000260791 8.5 16.5 -4.5
0.000118924 9 16 -4.5
6.8927e-05 8 17 -4.5
0.00029367 8.5 16.5 -5
0.000106623 9 16 -5
0.000119904 8 17 -5
0.000326697 8.5 16.5 -5.5
9.20852e-05 9 16 -5.5
0.000376885 8 16.5 -11.5
0.000193487 8 17 -5.5
7.57757e-05 9 16 -6
0.00035078 8.5 16.5 -6
0.000602295 8 16.5 -10.5
0.00028269 8 17 -6
0.00036735 8.5 16.5 -6.5
5.90723e-05 9 16 -6.5
3.72673e-05 7.5 17.5 -6
0.000394641 8 17 -6.5
0.000393825 8.5 16.5 -7
4.24608e-05 9 16 -7
6.47667e-05 7.5 17.5 -6.5
0.000531557 8 17 -7
0.000111713 7.5 17.5 -7
0.000648695 8 17 -7.5
0.000404841 8.5 16.5 -7.5
0.000187391 7.5 17.5 -7.5
0.000732371 8 17 -8
0.000290156 7.5 17.5 -8
0.00078966 8 17 -8.5
0.000403383 7.5 17.5 -8.5
0.000809499 8 17 -9
2.2121e-05 7 18 -8.5
0.000517884 7.5 17.5 -9
4.31199e-05 7 18 -9
0.000611742 7.5 17.5 -9.5
0.000160034 8.5 16.5 -10
5.48561e-05 7 18 -9.5
0.000671992 7.5 17.5 -10
8.7216e-05 8.5 16.5 -10.5
0.000782328 8 17 -10
6.29217e-05 7 18 -10
0.000687715 7.5 17.5 -10.5
0.000602311 8 17 -11
3.50771e-05 8.5 16.5 -11
6.25779e-05 7 18 -10.5
0.000636994 7.5 17.5 -11
5.03961e-05 7 18 -11
0.00053821 7.5 17.5 -11.5
3.44461e-05 7 18 -11.5
0.000419302 7.5 17.5 -12
0.000351901 8 17 -12
0.000302883 7.5 17.5 -12.5
0.00019537 7.5 17.5 -13
0.000137264 8 17 -13
0.000105526 7.5 17.5 -13.5
4.60759e-05 7.5 17.5 -14
3.30049e-05 8 17 -14
2.35397e-05 10.5 15 3
4.57812e-05 10.5 15 2.5
4.69133e-05 10 15.5 2.5
4.76011e-05 10.5 15 2
8.41821e-05 10 15.5 2
3.66805e-05 10.5 15 1.5
0.00010703 10 15.5 1.5
3.932e-05 9.5 16 1.5
0.000110917 10 15.5 1
7.24178e-05 9.5 16 1
0.000101071 10 15.5 0.5
0.000108429 9.5 16 0.5
8.39669e-05 10 15.5 0
0.000143235 9.5 16 0
2.93387e-05 9 16.5 0
6.43653e-05 10 15.5 -0.5
0.000160846 9.5 16 -0.5
5.66584e-05 9 16.5 -0.5
4.30186e-05 10 15.5 -1
0.000164078 9.5 16 -1
9.42522e-05 9 16.5 -1
2.52399e-05 10 15.5 -1.5
0.00015436 9.5 16 -1.5
7.0092e-05 8 17 -13.5
0.000140509 9 16.5 -1.5
0.000135585 9.5 16 -2
0.000189867 9 16.5 -2
0.000119777 9.5 16 -2.5
3.32063e-05 8.5 17 -2
0.000232555 9 16.5 -2.5
0.000231873 8 17 -12.5
5.70251e-05 8.5 17 -2.5
0.00025396 9 16.5 -3
9.79635e-05 9.5 16 -3
9.5252e-05 8.5 17 -3
0.000264332 9 16.5 -3.5
7.53309e-05 9.5 16 -3.5
0.00015158 8.5 17 -3.5
0.000265201 9 16.5 -4
5.48966e-05 9.5 16 -4
0.000479559 8 17 -11.5
0.000227457 8.5 17 -4
3.60861e-05 9.5 16 -4.5
2.9674e-05 8 17.5 -4
0.000321524 8.5 17 -4.5
2.0329e-05 9.5 16 -5
0.000259482 9 16.5 -4.5
0.000261662 9 16.5 -5
0.000713236 8 17 -10.5
5.39254e-05 8 17.5 -4.5
0.000417996 8.5 17 -5
0.000791803 8 17 -9.5
9.4588e-05 8 17.5 -5
0.000485547 8.5 17 -5.5
0.000248437 9 16.5 -5.5
0.0001606 8 17.5 -5.5
0.000537754 8.5 17 -6
0.00022441 9 16.5 -6
0.000251371 8 17.5 -6
0.000575316 8.5 17 -6.5
0.000192575 9 16.5 -6.5
0.000361577 8 17.5 -6.5
3.84264e-05 7.5 18 -6.5
0.000488023 8 17.5 -7
0.00010462 9 16.5 -7.5
0.000597028 8.5 17 -7
6.33499e-05 7.5 18 -7
0.000612806 8 17.5 -7.5
6.32431e-05 9 16.5 -8
9.92104e-05 7.5 18 -7.5
0.000702598 8 17.5 -8
3.05002e-05 9 16.5 -8.5
0.000145804 7.5 18 -8
0.000757252 8 17.5 -8.5
0.000206171 7.5 18 -8.5
0.000777223 8 17.5 -9
0.00050799 8.5 17 -9
0.000269682 7.5 18 -9
0.000760909 8 17.5 -9.5
0.000314181 7.5 18 -9.5
0.000710713 8 17.5 -10
0.000309717 8.5 17 -10
0.000332487 7.5 18 -10
0.000315903 7.5 18 -10.5
0.00012331 8.5 17 -11
0.000640553 8 17.5 -10.5
0.000269624 7.5 18 -11
5.53047e-05 8.5 17 -11.5
0.000203759 7.5 18 -11.5
0.000428367 8 17.5 -11.5
0.000138869 7.5 18 -12
7.75318e-05 7.5 18 -12.5
0.000199859 8 17.5 -12.5
2.25865e-05 7.5 18 -13
5.31332e-05 8 17.5 -13.5
4.4362e-05 10.5 15.5 3
8.42386e-05 10.5 15.5 2.5
3.72397e-05 10 16 2.5
9.62219e-05 10.5 15.5 2
8.7293e-05 10 16 2
9.4319e-05 10.5 15.5 1.5
0.000127939 10 16 1.5
7.5883e-05 10.5 15.5 1
0.000152681 10 16 1
5.50497e-05 9.5 16.5 1
4.98588e-05 10.5 15.5 0.5
0.000161843 10 16 0.5
9.91978e-05 9.5 16.5 0.5
2.62584e-05 10.5 15.5 0
0.000159507 10 16 0
0.000151118 9.5 16.5 0
0.000144122 10 16 -0.5
0.000114277 8 17.5 -13
0.000200213 9.5 16.5 -0.5
3.91471e-05 9 17 -0.5
0.0001225 10 16 -1
0.000230058 9.5 16.5 -1
7.26018e-05 9 17 -1
9.28853e-05 10 16 -1.5
0.000242779 9.5 16.5 -1.5
0.000123433 9 17 -1.5
0.000244112 9.5 16.5 -2
6.30552e-05 10 16 -2
0.000306234 8 17.5 -12
0.000186075 9 17 -2
3.73532e-05 10 16 -2.5
0.000231464 9.5 16.5 -2.5
0.000255461 9 17 -2.5
0.000545105 8 17.5 -11
3.91853e-05 8.5 17.5 -2.5
0.000325757 9 17 -3
0.000221193 9.5 16.5 -3
6.95045e-05 8.5 17.5 -3
0.000374204 9 17 -3.5
0.000197575 9.5 16.5 -3.5
0.000123985 8.5 17.5 -3.5
0.000406623 9 17 -4
0.000165834 9.5 16.5 -4
0.000203851 8.5 17.5 -4
0.000130777 9.5 16.5 -4.5
0.000295307 8.5 17.5 -4.5
9.22149e-05 9.5 16.5 -5
0.000423329 9 17 -4.5
0.000427739 9 17 -5
0.000207341 8.5 17 -10.5
3.34603e-05 8 18 -4.5
0.000392837 8.5 17.5 -5
0.000436387 9 17 -5.5
5.69718e-05 9.5 16.5 -5.5
5.8106e-05 8 18 -5
0.000486953 8.5 17.5 -5.5
0.000422229 9 17 -6
2.79924e-05 9.5 16.5 -6
9.93746e-05 8 18 -5.5
0.000569331 8.5 17.5 -6
0.000163932 8 18 -6
0.000631856 8.5 17.5 -6.5
0.000386074 9 17 -6.5
0.000250465 8 18 -6.5
0.000669022 8.5 17.5 -7
0.000339866 9 17 -7
0.00034397 8 18 -7
0.000677889 8.5 17.5 -7.5
0.000440736 8 18 -7.5
0.000679861 8.5 17.5 -8
3.29523e-05 7.5 18.5 -7.5
0.000530809 8 18 -8
4.76859e-05 7.5 18.5 -8
0.000594063 8 18 -8.5
6.02748e-05 9 17 -9
6.13528e-05 7.5 18.5 -8.5
0.000607793 8 18 -9
7.03589e-05 7.5 18.5 -9
0.000578067 8 18 -9.5
0.000516699 8.5 17.5 -9.5
7.44494e-05 7.5 18.5 -9.5
0.000519822 8 18 -10
6.30686e-05 7.5 18.5 -10
0.000451023 8 18 -10.5
0.00030764 8.5 17.5 -10.5
4.33165e-05 7.5 18.5 -10.5
0.000364164 8 18 -11
2.07395e-05 7.5 18.5 -11
0.000267402 8 18 -11.5
0.000127763 8.5 17.5 -11.5
0.000175401 8 18 -12
0.000100301 8 18 -12.5
3.47876e-05 8.5 17.5 -12.5
4.5386e-05 8 18 -13
3.87034e-05 11 15.5 3
4.33278e-05 10.5 16 3
5.24485e-05 11 15.5 2.5
9.42912e-05 10.5 16 2.5
4.9479e-05 11 15.5 2
0.000121481 10.5 16 2
5.88168e-05 10 16.5 2
3.07336e-05 11 15.5 1.5
0.000130555 10.5 16 1.5
0.000112928 10 16.5 1.5
0.000130997 10.5 16 1
0.00016504 10 16.5 1
2.16469e-05 9.5 17 1
0.000111924 10.5 16 0.5
0.000195067 10 16.5 0.5
6.55029e-05 9.5 17 0.5
8.32526e-05 10.5 16 0
0.000213476 10 16.5 0
0.000118532 9.5 17 0
5.19281e-05 10.5 16 -0.5
0.000216841 10 16.5 -0.5
0.000183416 9.5 17 -0.5
2.60705e-05 10.5 16 -1
0.000246382 9.5 17 -1
0.000211503 10 16.5 -1
0.000188335 10 16.5 -1.5
4.53691e-05 9 17.5 -1
0.000292269 9.5 17 -1.5
8.58408e-05 9 17.5 -1.5
0.000322349 9.5 17 -2
0.000154133 10 16.5 -2
7.2952e-05 8.5 17.5 -12
0.00014469 9 17.5 -2
0.000335938 9.5 17 -2.5
0.000114431 10 16.5 -2.5
0.000216668 9 17.5 -2.5
7.2999e-05 10 16.5 -3
0.000295386 9 17.5 -3
3.87603e-05 10 16.5 -3.5
0.000337611 9.5 17 -3
0.000339623 9.5 17 -3.5
0.000207481 8.5 17.5 -11
4.15335e-05 8.5 18 -3
0.000377228 9 17.5 -3.5
0.000416356 8.5 17.5 -10
7.63216e-05 8.5 18 -3.5
0.00044954 9 17.5 -4
0.000319906 9.5 17 -4
0.000134796 8.5 18 -4
0.000503607 9 17.5 -4.5
0.000281571 9.5 17 -4.5
0.000214315 8.5 18 -4.5
0.000535563 9 17.5 -5
0.000231698 9.5 17 -5
0.000307043 8.5 18 -5
2.12515e-05 8 18.5 -5
0.000413114 8.5 18 -5.5
0.000108465 9.5 17 -6
0.000545694 9 17.5 -5.5
0.000169419 9.5 17 -5.5
0.000548605 9 17.5 -6
0.000606197 8.5 17.5 -9
0.000663551 8.5 17.5 -8.5
4.63828e-05 8 18.5 -5.5
0.000513044 8.5 18 -6
0.000547506 9 17.5 -6.5
5.69188e-05 9.5 17 -6.5
7.36076e-05 8 18.5 -6
0.000578857 8.5 18 -6.5
0.000503999 9 17.5 -7
0.000110733 8 18.5 -6.5
0.000619852 8.5 18 -7
0.000156503 8 18.5 -7
0.00063727 8.5 18 -7.5
0.000207595 8 18.5 -7.5
0.000632321 8.5 18 -8
0.000340226 9 17.5 -8
0.000252945 8 18.5 -8
0.000590718 8.5 18 -8.5
0.000279013 8 18.5 -8.5
0.00054841 8.5 18 -9
0.000159819 9 17.5 -9
0.000286144 8 18.5 -9
0.000269098 8 18.5 -9.5
3.89225e-05 9 17.5 -10
0.000239839 8 18.5 -10
0.00038131 8.5 18 -10
0.000190819 8 18.5 -10.5
0.00020055 8.5 18 -11
0.000135181 8 18.5 -11
7.95538e-05 8 18.5 -11.5
3.42029e-05 8 18.5 -12
7.25384e-05 8.5 18 -12
4.56389e-05 11 16 3
7.17201e-05 10.5 16.5 2.5
7.19237e-05 11 16 2.5
7.7707e-05 11 16 2
0.000121927 10.5 16.5 2
6.29001e-05 11 16 1.5
0.000148913 10.5 16.5 1.5
6.84189e-05 10 17 1.5
3.64834e-05 11 16 1
0.000128471 10 17 1
0.00015991 10.5 16.5 1
0.000165603 10.5 16.5 0.5
0.000191019 10 17 0.5
3.52173e-05 8.5 18 -12.5
2.70446e-05 9.5 17.5 0.5
0.000230957 10 17 0
0.000148693 10.5 16.5 0
6.8374e-05 9.5 17.5 0
0.000116861 10.5 16.5 -0.5
0.000255175 10 17 -0.5
0.000126885 9.5 17.5 -0.5
0.000265986 10 17 -1
7.8757e-05 10.5 16.5 -1
0.000198925 9.5 17.5 -1
4.2515e-05 10.5 16.5 -1.5
0.00012715 8.5 18 -11.5
0.000270331 10 17 -1.5
0.000271322 9.5 17.5 -1.5
4.32281e-05 9 18 -1.5
0.000330378 9.5 17.5 -2
0.000257897 10 17 -2
8.14089e-05 9 18 -2
0.000373817 9.5 17.5 -2.5
0.000223419 10 17 -2.5
0.000287537 8.5 18 -10.5
0.000142811 9 18 -2.5
0.000181735 10 17 -3
0.000223635 9 18 -3
0.00013157 10 17 -3.5
0.00040248 9.5 17.5 -3
0.000473437 8.5 18 -9.5
0.000414502 9.5 17.5 -3.5
0.000315837 9 18 -3.5
0.000420471 9.5 17.5 -4
8.2566e-05 10 17 -4
3.53555e-05 8.5 18.5 -3.5
0.000406583 9 18 -4
0.00041225 9.5 17.5 -4.5
4.18043e-05 10 17 -4.5
6.14267e-05 8.5 18.5 -4
0.000471167 9 18 -4.5
0.000104656 8.5 18.5 -4.5
0.000518328 9 18 -5
0.000366661 9.5 17.5 -5
0.000167671 8.5 18.5 -5
0.000542428 9 18 -5.5
0.000314833 9.5 17.5 -5.5
0.000242921 8.5 18.5 -5.5
0.000546034 9 18 -6
0.000317836 8.5 18.5 -6
0.000388768 8.5 18.5 -6.5
0.000110852 9.5 17.5 -7
0.000544537 9 18 -6.5
2.06377e-05 8 19 -6.5
0.000443043 8.5 18.5 -7
5.20881e-05 9.5 17.5 -7.5
0.000519728 9 18 -7
3.53021e-05 8 19 -7
0.000458229 8.5 18.5 -7.5
4.1835e-05 8 19 -7.5
0.000448082 8.5 18.5 -8
4.504e-05 8 19 -8
0.000419883 8.5 18.5 -8.5
4.57699e-05 8 19 -8.5
0.000376739 8.5 18.5 -9
0.000244589 9 18 -9
4.22588e-05 8 19 -9
0.00031454 8.5 18.5 -9.5
3.37476e-05 8 19 -9.5
0.000241772 8.5 18.5 -10
0.000102337 9 18 -10
2.17898e-05 8 19 -10
0.000177953 8.5 18.5 -10.5
7.1708e-05 8.5 18.5 -11.5
2.7415e-05 11 16.5 3
2.32441e-05 10.5 17 2.5
7.1969e-05 11 16.5 2.5
8.09449e-05 10.5 17 2
9.09514e-05 11 16.5 2
0.000133713 10.5 17 1.5
9.26265e-05 11 16.5 1.5
2.08239e-05 10 17.5 1.5
0.000169315 10.5 17 1
7.7237e-05 11 16.5 1
3.82418e-05 8.5 18.5 -12
6.74136e-05 10 17.5 1
5.17382e-05 11 16.5 0.5
0.000184471 10.5 17 0.5
0.000126875 10 17.5 0.5
2.73063e-05 11 16.5 0
0.000194371 10 17.5 0
0.000192417 10.5 17 0
0.000120991 8.5 18.5 -11
2.16273e-05 9.5 18 0
0.000244637 10 17.5 -0.5
0.000183174 10.5 17 -0.5
6.31816e-05 9.5 18 -0.5
0.00027949 10 17.5 -1
0.000152716 10.5 17 -1
0.00011943 9.5 18 -1
0.0001129 10.5 17 -1.5
0.000298503 10 17.5 -1.5
0.00019272 9.5 18 -1.5
0.000309017 10 17.5 -2
7.1091e-05 10.5 17 -2
0.000269564 9.5 18 -2
3.58247e-05 10.5 17 -2.5
4.90544e-05 9 18 -10.5
3.08709e-05 9 18.5 -2
0.000334955 9.5 18 -2.5
0.000309999 10 17.5 -2.5
6.27952e-05 9 18.5 -2.5
0.000381189 9.5 18 -3
0.000280357 10 17.5 -3
0.000115664 9 18.5 -3
0.000410177 9.5 18 -3.5
0.000238236 10 17.5 -3.5
0.000184333 9 18.5 -3.5
0.000260382 9 18.5 -4
0.000117447 10 17.5 -4.5
0.000423288 9.5 18 -4
0.00034076 9 18.5 -4.5
6.10323e-05 10 17.5 -5
0.000438545 9.5 18 -4.5
0.00018122 10 17.5 -4
0.000166027 9 18 -9.5
3.01904e-05 8.5 19 -4.5
0.000408009 9 18.5 -5
2.60024e-05 10 17.5 -5.5
0.000440536 9.5 18 -5
5.461e-05 8.5 19 -5
0.00044857 9 18.5 -5.5
0.000406216 9.5 18 -5.5
8.31551e-05 8.5 19 -5.5
0.000467597 9 18.5 -6
0.000116294 8.5 19 -6
0.000469023 9 18.5 -6.5
0.000148072 8.5 19 -6.5
0.000437514 9 18.5 -7
0.000189066 9.5 18 -7
0.00017116 8.5 19 -7
0.00017999 8.5 19 -7.5
6.23997e-05 9.5 18 -8
0.000182363 8.5 19 -8
0.000176696 8.5 19 -8.5
0.000298537 9 18.5 -8.5
0.00015373 8.5 19 -9
0.00011839 8.5 19 -9.5
0.000163 9 18.5 -9.5
8.05056e-05 8.5 19 -10
4.85464e-05 8.5 19 -10.5
6.22839e-05 9 18.5 -10.5
2.16449e-05 8.5 19 -11
3.99234e-05 11 17 2.5
2.51048e-05 10.5 17.5 2
7.95857e-05 11 17 2
7.73885e-05 10.5 17.5 1.5
0.000102224 11 17 1.5
0.000127804 10.5 17.5 1
0.000104383 11 17 1
8.92884e-05 11 17 0.5
0.000169561 10.5 17.5 0.5
5.6884e-05 10 18 0.5
0.000193539 10.5 17.5 0
6.24658e-05 11 17 0
0.000112426 10 18 0
3.41893e-05 11 17 -0.5
0.000178921 10 18 -0.5
0.000205505 10.5 17.5 -0.5
0.000233209 10 18 -1
0.00020215 10.5 17.5 -1
4.3824e-05 9.5 18.5 -1
0.000274207 10 18 -1.5
0.000175382 10.5 17.5 -1.5
3.51438e-05 9 18.5 -11
8.44437e-05 9.5 18.5 -1.5
0.000137772 10.5 17.5 -2
0.000105201 9 18.5 -10
0.000299712 10 18 -2
0.000229017 9 18.5 -9
0.000144404 9.5 18.5 -2
0.000314667 10 18 -2.5
9.32349e-05 10.5 17.5 -2.5
0.000216215 9.5 18.5 -2.5
0.000319202 10 18 -3
5.1034e-05 10.5 17.5 -3
0.000284809 9.5 18.5 -3
0.000294993 10 18 -3.5
3.64929e-05 9 19 -3
0.000334943 9.5 18.5 -3.5
0.000363999 9 18.5 -8
0.000411724 9 18.5 -7.5
6.3143e-05 9 19 -3.5
0.000370908 9.5 18.5 -4
0.000255467 10 18 -4
9.7751e-05 9 19 -4
0.000386817 9.5 18.5 -4.5
0.000203194 10 18 -4.5
0.000145602 9 19 -4.5
0.000390152 9.5 18.5 -5
0.00020112 9 19 -5
0.00024801 9 19 -5.5
4.40346e-05 10 18 -6
0.000381526 9.5 18.5 -5.5
0.000273919 9 19 -6
0.000341661 9.5 18.5 -6
0.000280764 9 19 -6.5
0.000273848 9 19 -7
0.000252456 9 19 -7.5
7.4433e-05 9.5 18.5 -8.5
3.59666e-05 9.5 18.5 -9
0.000175825 9 19 -8.5
9.88999e-05 9 19 -9.5
3.2584e-05 9 19 -10.5
3.91871e-05 11 17.5 2
2.25935e-05 11.5 17 2
2.00084e-05 11.5 17 1.5
7.58047e-05 11 17.5 1.5
0.000101222 11 17.5 1
6.16844e-05 10.5 18 1
0.000107806 10.5 18 0.5
0.000107822 11 17.5 0.5
0.00015077 10.5 18 0
9.53002e-05 11 17.5 0
3.3388e-05 10 18.5 0
0.00018129 10.5 18 -0.5
6.91553e-05 11 17.5 -0.5
5.97118e-05 9 19 -10
0.000138453 9 19 -9
7.80946e-05 10 18.5 -0.5
0.000200016 10.5 18 -1
4.13538e-05 11 17.5 -1
0.000132457 10 18.5 -1
0.000201958 10.5 18 -1.5
0.000184396 10 18.5 -1.5
0.000218708 9 19 -8
0.00022605 10 18.5 -2
0.00018064 10.5 18 -2
4.07826e-05 9.5 19 -2
0.000256189 10 18.5 -2.5
0.000145709 10.5 18 -2.5
7.93454e-05 9.5 19 -2.5
0.000129471 9.5 19 -3
6.47923e-05 10.5 18 -3.5
0.000272208 10 18.5 -3
0.000103621 10.5 18 -3
0.000280132 10 18.5 -3.5
0.00018089 9.5 19 -3.5
0.00026844 10 18.5 -4
3.03132e-05 10.5 18 -4
0.000220873 9.5 19 -4
0.000250021 9.5 19 -4.5
0.000245325 10 18.5 -4.5
0.000264611 9.5 19 -5
0.000203635 10 18.5 -5
4.03013e-05 9 19.5 -5
0.000265529 9.5 19 -5.5
5.8107e-05 9 19.5 -5.5
0.000254056 9.5 19 -6
9.20149e-05 10 18.5 -6
7.07502e-05 9 19.5 -6
0.000234749 9.5 19 -6.5
4.66798e-05 10 18.5 -6.5
7.86957e-05 9 19.5 -6.5
8.16023e-05 9 19.5 -7
7.29838e-05 9 19.5 -7.5
5.86067e-05 9 19.5 -8
4.51187e-05 9 19.5 -8.5
7.42056e-05 9.5 19 -8.5
2.50572e-05 9 19.5 -9
2.49188e-05 11 18 1.5
2.20288e-05 11.5 17.5 1.5
2.00018e-05 11.5 17.5 1
6.07651e-05 11 18 1
8.63179e-05 11 18 0.5
3.49489e-05 10.5 18.5 0.5
7.48331e-05 10.5 18.5 0
9.64295e-05 11 18 0
0.000112574 10.5 18.5 -0.5
9.37151e-05 11 18 -0.5
7.01802e-05 11 18 -1
0.000142777 10.5 18.5 -1
4.37772e-05 9.5 19 -9
3.40239e-05 10 19 -1
0.0001634 10.5 18.5 -1.5
4.4468e-05 11 18 -1.5
6.8821e-05 10 19 -1.5
0.000170371 10.5 18.5 -2
2.00203e-05 11 18 -2
0.000107164 10 19 -2
0.000142953 10 19 -2.5
0.000158908 10.5 18.5 -2.5
0.000110091 9.5 19 -8
0.000153232 9.5 19 -7.5
0.000197714 9.5 19 -7
0.000173222 10 19 -3
0.00013424 10.5 18.5 -3
0.000192758 10 19 -3.5
0.000102098 10.5 18.5 -3.5
3.94513e-05 9.5 19.5 -3.5
6.22354e-05 9.5 19.5 -4
3.70487e-05 10.5 18.5 -4.5
0.000202082 10 19 -4
8.62316e-05 9.5 19.5 -4.5
0.000201278 10 19 -4.5
0.000105733 9.5 19.5 -5
0.00017713 10 19 -5
0.000115647 9.5 19.5 -5.5
0.000118572 9.5 19.5 -6
0.000110193 9.5 19.5 -6.5
9.10002e-05 9.5 19.5 -7
6.92282e-05 9.5 19.5 -7.5
3.30099e-05 9.5 19.5 -8.5
3.53156e-05 11 18.5 0.5
6.12758e-05 11 18.5 0
2.60388e-05 10.5 19 -0.5
7.45459e-05 11 18.5 -0.5
5.77426e-05 10.5 19 -1
7.68002e-05 11 18.5 -1
6.24016e-05 11 18.5 -1.5
4.17018e-05 11 18.5 -2
8.30633e-05 10.5 19 -1.5
0.000101606 10.5 19 -2
4.90195e-05 9.5 19.5 -8
3.36767e-05 10 19.5 -2.5
0.000113581 10.5 19 -2.5
5.53655e-05 10 19.5 -3
0.000114749 10.5 19 -3
7.37224e-05 10 19.5 -3.5
0.000102261 10.5 19 -3.5
8.7486e-05 10 19.5 -4
8.27491e-05 10.5 19 -4
9.30306e-05 10 19.5 -4.5
9.45713e-05 10 19.5 -5
2.27764e-05 11 19 -0.5
3.85455e-05 11 19 -1
4.37459e-05 11 19 -1.5
2.2661e-05 10.5 19.5 -2
4.16539e-05 11 19 -2
3.71455e-05 10.5 19.5 -2.5
4.85834e-05 10.5 19.5 -3
3.07226e-05 11 19 -2.5
5.37542e-05 10.5 19.5 -3.5
5.23164e-05 10.5 19.5 -4
3.2573e-05 10.5 19.5 -5
4.45378e-05 10.5 19.5 -4.5
3.68719e-05 10 19.5 -7
5.74974e-05 10 19.5 -6.5
7.70534e-05 10 19.5 -6
9.21227e-05 10 19.5 -5.5
3.4716e-05 10.5 19 -5
5.86538e-05 10.5 19 -4.5
4.51608e-05 10 19 -7
7.75506e-05 10 19 -6.5
0.00011215 10 19 -6
0.000145398 10 19 -5.5
6.98581e-05 10.5 18.5 -4
0.000147959 10 18.5 -5.5
0.000117771 9.5 18.5 -8
0.000174963 9.5 18.5 -7.5
0.000239689 9.5 18.5 -7
0.000293077 9.5 18.5 -6.5
9.37628e-05 10 18 -5.5
0.000148333 10 18 -5
0.000122551 9.5 18 -7.5
0.000273336 9.5 18 -6.5
0.000351834 9.5 18 -6
0.000332394 9 18 -8.5
0.000411683 9 18 -8
0.000475506 9 18 -7.5
0.000178978 9.5 17.5 -6.5
0.00025039 9.5 17.5 -6
8.95131e-05 9 17.5 -9.5
0.000245352 9 17.5 -8.5
0.000430564 9 17.5 -7.5
0.000129984 9 17 -8.5
0.000208203 9 17 -8
0.000280446 9 17 -7.5
0.000417452 8.5 17 -9.5
0.000582307 8.5 17 -8.5
0.000629123 8.5 17 -8
0.000616383 8.5 17 -7.5
0.000151409 9 16.5 -7
0.00023929 8.5 16.5 -9.5
0.000307866 8.5 16.5 -9
0.000357606 8.5 16.5 -8.5
0.000388281 8.5 16.5 -8
2.50547e-05 9 16 -7.5
0.000144861 8.5 16 -8.5
0.000416102 8 16 -9.5
9.28441e-05 8 15.5 -11
0.000166934 8 15.5 -10
0.000174669 8 15.5 -9.5
0.000162652 8 15.5 -9
0.000393683 7.5 15.5 -10
3.27107e-05 8 15 -8.5
0.000190554 7.5 15 -10.5
0.000150199 7.5 15 -10
5.89712e-05 7.5 14.5 -11
4.89801e-05 7.5 14.5 -10.5
3.42024e-05 7.5 14.5 -10
2.17729e-05 7.5 14.5 -9.5
0.000138176 7 14.5 -11
7.97576e-05 7 14.5 -10.5
4.012e-05 7 14.5 -10
2.9769e-05 7 14 -11
