0.103837
2.36196e-05 -9 -1.5 9
5.81618e-05 -9 -1.5 8.5
5.58992e-05 -9.5 -1 8.5
4.08563e-05 -9 -1.5 8
4.62257e-05 -9.5 -1 8
8.44037e-05 -8.5 -1.5 8.5
0.000237379 -9 -1 9
0.000339823 -9.5 -0.5 9
8.76031e-05 -8.5 -1.5 8
0.000501097 -9 -1 8.5
2.49822e-05 -10 0 9
2.87567e-05 -8.5 -1.5 7.5
0.000465203 -9 -1 8
0.000696868 -9.5 -0.5 8.5
0.000197599 -10 0 8.5
0.000105805 -9 -1 7.5
0.000665761 -9.5 -0.5 8
0.000100281 -9.5 -0.5 7.5
0.000205152 -10 0 8
9.39994e-05 -10 0 7.5
2.73524e-05 -8.5 -1 9.5
2.91567e-05 -8 -1.5 8.5
0.000220841 -9 -0.5 9.5
5.6345e-05 -8 -1.5 8
0.000626955 -8.5 -1 8.5
0.000670018 -9.5 0 9.5
0.0021465 -9 -0.5 9
0.00383722 -9.5 0 9
4.30889e-05 -8 -1.5 7.5
3.7541e-05 -10 0.5 9.5
0.000660865 -8.5 -1 8
0.00333528 -9 -0.5 8.5
0.000913247 -10 0.5 9
0.00462594 -9.5 0 8.5
0.000402533 -8.5 -1 7.5
0.00316147 -9 -0.5 8
3.02197e-05 -10.5 1 9
0.00135685 -10 0.5 8.5
0.00116424 -9 -0.5 7.5
0.00420298 -9.5 0 8
0.000121869 -10.5 1 8.5
0.00131164 -10 0.5 8
0.00139618 -9.5 0 7.5
0.000129213 -10.5 1 8
0.000648593 -10 0.5 7.5
0.000102199 -10.5 1 7.5
0.000349685 -8.5 -0.5 9.5
0.00204902 -9 0 9.5
0.000232151 -8 -1 8.5
0.00203122 -8.5 -0.5 9
0.00756293 -9 0 9
0.000420021 -8 -1 8
0.00197962 -9.5 0.5 9.5
0.000111595 -9 0 10
0.00349361 -8.5 -0.5 8.5
0.00794556 -9.5 0.5 9
0.00015784 -10 1 9.5
0.00033377 -8 -1 7.5
0.00345075 -8.5 -0.5 8
0.000124531 -9.5 0.5 10
0.0103421 -9 0 8.5
0.00126779 -10 1 9
0.0109024 -9.5 0.5 8.5
0.000118981 -8 -1 7
0.00222492 -8.5 -0.5 7.5
0.00972511 -9 0 8
3.97433e-05 -10.5 1.5 9
0.00260025 -10 1 8.5
0.00997737 -9.5 0.5 8
0.000274402 -8.5 -0.5 7
0.00536652 -9 0 7.5
0.000176992 -10.5 1.5 8.5
0.00258328 -10 1 8
0.000395867 -9 0 7
0.00553683 -9.5 0.5 7.5
0.000234236 -10.5 1.5 8
0.00192058 -10 1 7.5
0.000209557 -10.5 1.5 7.5
9.24724e-05 -10.5 1.5 7
0.000445334 -10 1 7
0.000494643 -9.5 0.5 7
5.69669e-05 -8 -0.5 9.5
0.000296194 -8 -0.5 9
0.00110175 -8 -0.5 8.5
0.00349108 -9 0.5 9.5
0.00616714 -8.5 0 9
0.0116316 -9 0.5 9
7.53353e-05 -7.5 -1 7.5
0.00197246 -9.5 1 9.5
0.00176628 -8 -0.5 8
0.000407769 -9 0.5 10
0.00947586 -8.5 0 8.5
0.00811756 -9.5 1 9
5.66569e-05 -7.5 -1 7
0.000149894 -10 1.5 9.5
0.00149538 -8 -0.5 7.5
0.000175845 -9.5 1 10
0.00923561 -8.5 0 8
2.1947e-05 -9 0.5 10.5
0.0169991 -9 0.5 8.5
0.00121231 -10 1.5 9
0.0123873 -9.5 1 8.5
0.016381 -9 0.5 8
0.000665207 -8 -0.5 7
0.00611224 -8.5 0 7.5
3.65734e-05 -10.5 2 9
0.00264425 -10 1.5 8.5
0.0122385 -9.5 1 8
0.00189172 -8.5 0 7
0.0112785 -9 0.5 7.5
0.000160912 -10.5 2 8.5
0.0028411 -10 1.5 8
0.00918848 -9.5 1 7.5
0.000234222 -10.5 2 8
0.00254394 -10 1.5 7.5
0.000226956 -10.5 2 7.5
0.000167941 -10.5 2 7
4.32555e-05 -10.5 2 6.5
6.99338e-05 -10 1.5 6.5
0.00126156 -10 1.5 7
0.00317048 -9.5 1 7
0.00330799 -9 0.5 7
0.000165324 -8 0 9.5
0.00294203 -8.5 0.5 9.5
0.00342849 -9 1 9.5
0.00294241 -8 0 8.5
0.000378078 -8.5 0.5 10
0.00967152 -8.5 0.5 9
0.0148336 -8.5 0.5 8.5
0.0116339 -9 1 9
0.000205496 -7.5 -0.5 7.5
0.00170061 -9.5 1.5 9.5
0.000438783 -9 1 10
0.00410423 -8 0 8
2.55991e-05 -8.5 0.5 10.5
0.00705384 -9.5 1.5 9
0.000147273 -10 2 9.5
0.000266971 -7.5 -0.5 7
0.000169008 -9.5 1.5 10
0.00365942 -8 0 7.5
0.0146985 -8.5 0.5 8
3.2975e-05 -9 1 10.5
0.0178569 -9 1 8.5
0.000966691 -10 2 9
0.0117682 -9.5 1.5 8.5
0.0108181 -8.5 0.5 7.5
0.0178015 -9 1 8
0.000118229 -7.5 -0.5 6.5
0.00178962 -8 0 7
3.12822e-05 -10.5 2.5 9
0.00237776 -10 2 8.5
0.0118283 -9.5 1.5 8
0.000312104 -8 0 6.5
0.000145531 -10.5 2.5 8.5
0.00277868 -10 2 8
0.00927633 -9.5 1.5 7.5
0.00459424 -8.5 0.5 7
0.000219899 -10.5 2.5 8
0.00243953 -10 2 7.5
0.000359376 -8.5 0.5 6.5
0.000219443 -10.5 2.5 7.5
0.00143447 -10 2 7
0.000774216 -9 1 6.5
0.000158253 -10.5 2.5 7
8.06139e-05 -10.5 2.5 6.5
0.000505885 -10 2 6.5
0.000918396 -9.5 1.5 6.5
0.00477385 -9.5 1.5 7
0.00653118 -9 1 7
0.0137928 -9 1 7.5
0.000551548 -8 0.5 9.5
0.00254472 -8 0.5 9
0.00980866 -8.5 1 9
6.48749e-05 -8 0.5 10
0.00291372 -9 1.5 9.5
2.59074e-05 -7.5 0 8
0.00547526 -8 0.5 8.5
0.00988897 -9 1.5 9
0.0155479 -8.5 1 8.5
0.000953584 -9.5 2 9.5
0.000497451 -7.5 0 7.5
0.00039212 -9 1.5 10
0.00660014 -8 0.5 8
0.00387257 -9.5 2 9
0.0160136 -9 1.5 8.5
2.2122e-05 -7 -0.5 6.5
4.63337e-05 -10 2.5 9.5
0.000120035 -9.5 2 10
0.000622719 -7.5 0 7
3.28769e-05 -9 1.5 10.5
0.00579296 -8 0.5 7.5
0.0157699 -8.5 1 8
0.000248587 -10 2.5 9
0.00764712 -9.5 2 8.5
0.0162616 -9 1.5 8
0.000297227 -7.5 0 6.5
0.00326706 -8 0.5 7
0.000918148 -10 2.5 8.5
0.0082629 -9.5 2 8
0.0130387 -9 1.5 7.5
4.57569e-05 -7.5 0 6
0.000920011 -8 0.5 6.5
5.29741e-05 -10.5 3 8.5
0.0014474 -10 2.5 8
0.00718245 -9.5 2 7.5
0.000119983 -10.5 3 8
0.00148977 -10 2.5 7.5
0.00431269 -9.5 2 7
0.00162908 -8.5 1 6.5
0.00683394 -9 1.5 7
0.000134174 -10.5 3 7.5
0.00113783 -10 2.5 7
0.000109544 -10.5 3 7
0.000151141 -10 2.5 6
7.14878e-05 -10.5 3 6.5
0.000191619 -9.5 2 6
0.000534836 -10 2.5 6.5
0.00165194 -9.5 2 6.5
0.00223463 -9 1.5 6.5
0.00641195 -8.5 1 7
0.012549 -8.5 1 7.5
0.00101302 -8 1 9.5
0.00261986 -8.5 1.5 9.5
0.0085764 -8.5 1.5 9
0.00174399 -9 2 9.5
0.000357953 -7.5 0.5 8
0.000375784 -8.5 1.5 10
0.00699598 -8 1 8.5
0.00561097 -9 2 9
0.0138497 -8.5 1.5 8.5
0.000130192 -9.5 2.5 9.5
0.000256611 -9 2 10
0.000924815 -7.5 0.5 7.5
3.42648e-05 -8.5 1.5 10.5
0.00762355 -8 1 8
0.000591739 -9.5 2.5 9
0.00944451 -9 2 8.5
0.0141719 -8.5 1.5 8
6.42178e-05 -7 0 6.5
0.000922797 -7.5 0.5 7
2.47161e-05 -9 2 10.5
0.00182281 -9.5 2.5 8.5
3.09193e-05 -7 0 6
0.000537096 -7.5 0.5 6.5
0.00273919 -9.5 2.5 8
0.008452 -9 2 7.5
0.00395624 -8 1 7
0.0115431 -8.5 1.5 7.5
0.000104205 -10 3 8
0.00011025 -7.5 0.5 6
0.0027957 -9.5 2.5 7.5
0.00141268 -8 1 6.5
0.000227264 -10 3 7.5
0.000163117 -8 1 6
0.00227123 -8.5 1.5 6.5
0.00220498 -9.5 2.5 7
0.00529284 -9 2 7
0.000317519 -10 3 7
0.000291673 -8.5 1.5 6
0.000423821 -9.5 2.5 6
2.55059e-05 -10 3 5.5
4.77341e-05 -9.5 2.5 5.5
0.000134754 -10 3 6
0.000269605 -10 3 6.5
0.000534629 -9 2 6
0.00123706 -9.5 2.5 6.5
0.00219992 -9 2 6.5
0.00633856 -8.5 1.5 7
0.00989466 -9 2 8
0.00113677 -8 1.5 9.5
0.00165663 -8.5 2 9.5
0.00029553 -7.5 1 8.5
0.00503821 -8.5 2 9
0.000174669 -8 1.5 10
0.00376492 -8 1.5 9
0.000364583 -9 2.5 9.5
0.000252039 -8.5 2 10
0.000928313 -7.5 1 8
0.00116542 -9 2.5 9
0.00706019 -8 1.5 8
0.00812822 -8.5 2 8.5
7.49357e-05 -9 2.5 10
2.60753e-05 -8.5 2 10.5
0.00132604 -7.5 1 7.5
0.00245664 -9 2.5 8.5
0.00843867 -8.5 2 8
7.76004e-05 -7 0.5 6.5
0.00114224 -7.5 1 7
0.00311084 -9 2.5 8
0.00710447 -8.5 2 7.5
0.00608035 -8 1.5 7.5
9.45769e-05 -9.5 3 8
4.91528e-05 -7 0.5 6
0.00293824 -9 2.5 7.5
0.000608251 -7.5 1 6.5
0.000164936 -7.5 1 6
0.000242572 -9.5 3 7.5
0.00147473 -8 1.5 6.5
0.00195564 -8.5 2 6.5
0.000354573 -9.5 3 7
0.000329058 -8 1.5 6
0.000351802 -9.5 3 6.5
5.13381e-05 -8.5 2 5.5
0.000228079 -9.5 3 6
6.74697e-05 -9.5 3 5.5
2.36546e-05 -10 3.5 6
0.000101888 -9 2.5 5.5
0.000489191 -9 2.5 6
0.000543035 -8.5 2 6
0.00130843 -9 2.5 6.5
0.00227927 -9 2.5 7
0.00440855 -8.5 2 7
0.00365391 -8 1.5 7
0.000988151 -8 2 9.5
0.00285849 -8 2 9
0.000517995 -8.5 2.5 9.5
0.000153335 -8 2 10
0.000994183 -7.5 1.5 8.5
0.00136028 -8.5 2.5 9
0.00440228 -8 2 8.5
0.000107813 -8.5 2.5 10
0.0014885 -7.5 1.5 8
0.00230259 -8.5 2.5 8.5
0.00455906 -8 2 8
4.22278e-05 -7 1 7
4.06187e-05 -9 3 8.5
0.00262975 -8.5 2.5 8
0.000181789 -9 3 8
8.29129e-05 -7 1 6.5
0.00108293 -7.5 1.5 7
0.0023689 -8.5 2.5 7.5
0.000274964 -9 3 7.5
5.71529e-05 -7 1 6
0.00170416 -8.5 2.5 7
0.000543254 -7.5 1.5 6.5
0.00230143 -8 2 7
0.000174405 -7.5 1.5 6
0.000335398 -9 3 7
2.88754e-05 -7.5 1.5 5.5
0.000311443 -9 3 6.5
0.000337077 -8 2 6
0.000953885 -8.5 2.5 6.5
5.24402e-05 -8 2 5.5
0.000200304 -9 3 6
2.44167e-05 -9.5 3.5 6
2.29258e-05 -9.5 3.5 5.5
7.11454e-05 -9 3 5.5
9.94494e-05 -8.5 2.5 5.5
0.000394822 -8.5 2.5 6
0.00107158 -8 2 6.5
0.000193347 -7.5 2 9.5
0.000492837 -8 2.5 9.5
0.00116272 -8 2.5 9
8.62867e-05 -8 2.5 10
0.00117863 -7.5 2 8.5
2.38997e-05 -8.5 3 9
0.00167163 -8 2.5 8.5
5.03573e-05 -7 1.5 7.5
0.000105587 -8.5 3 8.5
0.000207203 -8.5 3 8
9.16124e-05 -7 1.5 7
0.00137489 -8 2.5 7.5
0.00119986 -7.5 2 7.5
7.89701e-05 -7 1.5 6.5
0.00024105 -8.5 3 7.5
0.000887307 -8 2.5 7
0.000739608 -7.5 2 7
4.44579e-05 -7 1.5 6
0.000243791 -8.5 3 7
0.00011597 -7.5 2 6
0.000194589 -8.5 3 6.5
0.000461184 -8 2.5 6.5
0.000119791 -8.5 3 6
5.07671e-05 -8.5 3 5.5
5.09597e-05 -8 2.5 5.5
3.2001e-05 -7.5 2 5.5
0.000186863 -8 2.5 6
4.36482e-05 -8 3 9.5
0.000562695 -7.5 2.5 9
9.17751e-05 -8 3 9
0.000108674 -7 2 8
0.000775747 -7.5 2.5 8.5
0.000169705 -8 3 8.5
0.000207865 -8 3 8
0.000132705 -7 2 7.5
0.000752001 -7.5 2.5 8
0.000195696 -8 3 7.5
0.000105459 -7 2 7
5.52612e-05 -7 2 6.5
0.00014577 -7.5 2.5 6.5
9.69779e-05 -8 3 6.5
5.16713e-05 -8 3 6
5.18021e-05 -7.5 2.5 6
2.01787e-05 -8 3 5.5
2.07678e-05 -7.5 2.5 5.5
2.40949e-05 -7 2 6
0.000157081 -8 3 7
0.00033231 -7.5 2.5 7
0.000572243 -7.5 2.5 7.5
8.08435e-05 -7.5 3 9.5
0.000149803 -7.5 3 9
0.00018388 -7.5 3 8.5
0.000169607 -7.5 3 8
0.000151073 -7 2.5 8
6.8079e-05 -7 2.5 7
2.69124e-05 -7 2.5 6.5
7.60041e-05 -7.5 3 7
4.13663e-05 -7.5 3 6.5
0.000127058 -7.5 3 7.5
5.91848e-05 -7 3 9
2.3265e-05 -7 3 7
4.95861e-05 -7 3 7.5
7.22635e-05 -7 3 8
7.86965e-05 -7 3 8.5
0.000130861 -7 2.5 7.5
0.000141638 -7 2.5 8.5
7.62506e-05 -7 2.5 9
3.42675e-05 -7.5 2.5 10
0.000210343 -7.5 2.5 9.5
0.0003368 -7.5 2 6.5
0.001691 -8 2.5 8
0.00135498 -7.5 2 8
0.000697908 -7.5 2 9
0.00377349 -8 2 7.5
0.00145287 -7.5 1.5 7.5
0.000223024 -7.5 1.5 9
0.00658026 -8 1.5 8.5
0.00662617 -8 1 7.5
0.000139166 -8 1 10
0.00381986 -8 1 9
3.56389e-05 -8.5 1 10.5
0.000410195 -8.5 1 10
0.00298856 -8.5 1 9.5
0.00110005 -8 0 9
0.000146965 -8.5 0 10
0.00166239 -8.5 0 9.5
6.33712e-05 -8 -1 9
0.000281781 -8.5 -1 9
3.09371e-05 -8.5 -1.5 9
