0.717322
2.52302e-05 -5 -10 -15
2.99041e-05 -5 -10 -16.5
3.86815e-05 -5 -10 -16
3.62945e-05 -5 -10 -15.5
2.49631e-05 -5.5 -11 -14.5
3.22132e-05 -5 -10.5 -14.5
3e-05 -5.5 -11 -15
8.19202e-05 -5 -10.5 -15.5
4.6867e-05 -5 -10.5 -17
2.45042e-05 -5 -10.5 -17.5
7.4707e-05 -5 -10.5 -16.5
8.81367e-05 -5 -10.5 -16
6.24939e-05 -5 -10.5 -15
6.02497e-05 -4.5 -10 -15
0.000117 -4.5 -10 -15.5
0.000173392 -4.5 -10 -16
5.90285e-05 -4.5 -10 -18
0.000118288 -4.5 -10 -17.5
0.00017187 -4.5 -10 -17
0.000198966 -4.5 -10 -16.5
2.65727e-05 -5 -11 -14
3.64693e-05 -5.5 -11.5 -14
6.28253e-05 -5 -11 -14.5
4.35197e-05 -4.5 -10.5 -14.5
2.17727e-05 -6 -12 -14
0.000102447 -5 -11 -15
5.32368e-05 -5.5 -11.5 -14.5
6.02316e-05 -5.5 -11.5 -15
0.000128675 -5 -11 -15.5
0.000163131 -4.5 -10.5 -15.5
4.02545e-05 -5.5 -11.5 -16
0.000199082 -4.5 -10.5 -16.5
0.000130836 -5 -11 -16
0.000106474 -4.5 -10.5 -17.5
6.47318e-05 -5 -11 -17
4.76296e-05 -4.5 -10.5 -18
3.22509e-05 -5 -11 -17.5
2.49028e-05 -5.5 -11.5 -16.5
0.00016652 -4.5 -10.5 -17
0.000102986 -5 -11 -16.5
5.1692e-05 -5.5 -11.5 -15.5
0.00019695 -4.5 -10.5 -16
0.000102801 -4.5 -10.5 -15
5.12938e-05 -4 -10 -15
0.0001269 -4 -10 -15.5
0.000207469 -4 -10 -16
6.78147e-05 -4.5 -9.5 -15.5
0.000259546 -4 -10 -16.5
0.000263395 -4 -10 -17
0.000210967 -4 -10 -17.5
0.000117597 -4.5 -9.5 -17
0.000130932 -4 -10 -18
5.7593e-05 -4 -10 -18.5
5.00487e-05 -4.5 -9.5 -18
2.10722e-05 -4 -10 -19
9.07187e-05 -4.5 -9.5 -17.5
0.000128088 -4.5 -9.5 -16.5
0.000109688 -4.5 -9.5 -16
2.0365e-05 -4.5 -11 -14
2.45586e-05 -6 -12.5 -13
3.84382e-05 -5.5 -12 -13.5
5.5234e-05 -5 -11.5 -14
6.4444e-05 -4.5 -11 -14.5
3.53667e-05 -6 -12.5 -13.5
6.30915e-05 -5.5 -12 -14
0.000115475 -4.5 -11 -15
9.47305e-05 -5 -11.5 -14.5
4.13861e-05 -6 -12.5 -14
8.09761e-05 -5.5 -12 -14.5
0.000124528 -5 -11.5 -15
0.000161783 -4.5 -11 -15.5
0.000106295 -4 -10.5 -15.5
3.61569e-05 -6 -12.5 -14.5
8.58879e-05 -5.5 -12 -15
2.87568e-05 -6 -12.5 -15
0.000127037 -5 -11.5 -16
7.33189e-05 -5.5 -12 -15.5
0.000205122 -4 -10.5 -16.5
0.000186104 -4.5 -11 -16
5.14458e-05 -5.5 -12 -16
5.44332e-05 -5 -11.5 -17
2.63076e-05 -5.5 -12 -16.5
0.000136855 -4 -10.5 -17.5
0.00013502 -4.5 -11 -17
7.05187e-05 -4 -10.5 -18
2.87199e-05 -4.5 -11 -18
2.54062e-05 -5 -11.5 -17.5
7.54525e-05 -4.5 -11 -17.5
9.4846e-05 -5 -11.5 -16.5
0.000193295 -4 -10.5 -17
0.000177764 -4.5 -11 -16.5
0.000132233 -5 -11.5 -15.5
0.000167644 -4 -10.5 -16
4.74888e-05 -4 -10.5 -15
2.53559e-05 -4.5 -9.5 -15
2.6004e-05 -3.5 -10 -15.5
3.50895e-05 -4 -9.5 -15
6.57008e-05 -3.5 -10 -16
0.000106341 -4 -9.5 -15.5
0.000105794 -3.5 -10 -16.5
0.000205495 -4 -9.5 -16
0.00012599 -3.5 -10 -17
0.000274017 -4 -9.5 -16.5
0.000133873 -3.5 -10 -17.5
5.01341e-05 -4.5 -9 -17
0.000286744 -4 -9.5 -17
9.47484e-05 -3.5 -10 -18
4.83782e-05 -3.5 -10 -18.5
9.05846e-05 -4 -9.5 -18.5
2.66696e-05 -4 -9.5 -19
0.000181628 -4 -9.5 -18
3.75257e-05 -4.5 -9 -17.5
0.000251948 -4 -9.5 -17.5
5.62272e-05 -4.5 -9 -16.5
2.52876e-05 -6 -13 -12.5
3.23432e-05 -5.5 -12.5 -13
3.46542e-05 -5 -12 -13.5
2.36208e-05 -4.5 -11.5 -14
2.65379e-05 -6.5 -13.5 -12.5
4.12249e-05 -6 -13 -13
6.03054e-05 -5.5 -12.5 -13.5
6.77762e-05 -5 -12 -14
2.94578e-05 -6.5 -13.5 -13
5.34698e-05 -6 -13 -13.5
7.83654e-05 -5.5 -12.5 -14
9.73775e-05 -5 -12 -14.5
9.83246e-05 -4.5 -11.5 -15
3.50859e-05 -4 -11 -15
2.62286e-05 -6.5 -13.5 -13.5
5.64318e-05 -6 -13 -14
8.27433e-05 -5.5 -12.5 -14.5
0.000117923 -5 -12 -15
2.70929e-05 -3.5 -10.5 -16
4.83865e-05 -6 -13 -14.5
8.32843e-05 -5.5 -12.5 -15
0.000142624 -4.5 -11.5 -16
0.000123738 -5 -12 -15.5
4.36267e-05 -3.5 -10.5 -16.5
9.74311e-05 -4 -11 -16
6.84108e-05 -5.5 -12.5 -15.5
0.000102236 -5 -12 -16
3.46843e-05 -6 -13 -15
4.36403e-05 -5.5 -12.5 -16
4.16278e-05 -3.5 -10.5 -17.5
7.82576e-05 -4.5 -11.5 -17
6.27173e-05 -5 -12 -16.5
9.8981e-05 -4 -11 -17
2.14933e-05 -3.5 -10.5 -18
3.25226e-05 -5 -12 -17
2.46942e-05 -4 -11 -18
3.8968e-05 -4.5 -11.5 -17.5
6.88783e-05 -4 -11 -17.5
0.000119436 -4.5 -11.5 -16.5
4.91463e-05 -3.5 -10.5 -17
0.000113951 -4 -11 -16.5
0.000132504 -4.5 -11.5 -15.5
6.83336e-05 -4 -11 -15.5
5.86111e-05 -4.5 -11.5 -14.5
4.54226e-05 -4.5 -9 -16
2.28032e-05 -4.5 -9 -15.5
3.80102e-05 -3.5 -9.5 -15.5
0.00010983 -3.5 -9.5 -16
5.70119e-05 -4 -9 -15.5
0.000190874 -3.5 -9.5 -16.5
0.000140059 -4 -9 -16
0.000240847 -3.5 -9.5 -17
0.000225528 -4 -9 -16.5
0.000256994 -3.5 -9.5 -17.5
0.000203713 -3.5 -9.5 -18
0.000115017 -3.5 -9.5 -18.5
4.16987e-05 -3.5 -9.5 -19
3.88967e-05 -4 -9 -19
0.000106952 -4 -9 -18.5
0.000201546 -4 -9 -18
0.000262004 -4 -9 -17.5
2.05165e-05 -5.5 -13 -12.5
2.64283e-05 -6.5 -14 -12
3.78418e-05 -6 -13.5 -12.5
4.33027e-05 -5.5 -13 -13
3.44295e-05 -5 -12.5 -13.5
3.31461e-05 -6.5 -14 -12.5
5.02962e-05 -6 -13.5 -13
6.30887e-05 -5.5 -13 -13.5
5.91001e-05 -5 -12.5 -14
3.46837e-05 -6.5 -14 -13
5.33435e-05 -6 -13.5 -13.5
7.45801e-05 -5.5 -13 -14
8.31747e-05 -5 -12.5 -14.5
2.76197e-05 -6.5 -14 -13.5
5.32049e-05 -6 -13.5 -14
7.77632e-05 -5.5 -13 -14.5
3.1652e-05 -4 -11.5 -15.5
9.17727e-05 -5 -12.5 -15
6.48094e-05 -4.5 -12 -15
4.34218e-05 -6 -13.5 -14.5
8.56935e-05 -5 -12.5 -15.5
8.44855e-05 -4.5 -12 -16
6.69881e-05 -5.5 -13 -15
3.80396e-05 -4 -11.5 -16
2.9819e-05 -6 -13.5 -15
4.89391e-05 -5.5 -13 -15.5
6.21313e-05 -5 -12.5 -16
2.61382e-05 -4 -11.5 -17
3.14118e-05 -5 -12.5 -16.5
2.96702e-05 -4.5 -12 -17
2.7651e-05 -5.5 -13 -16
6.09169e-05 -4.5 -12 -16.5
3.96158e-05 -4 -11.5 -16.5
7.78193e-05 -4.5 -12 -15.5
4.28671e-05 -4.5 -12 -14.5
0.000276113 -4 -9 -17
4.26523e-05 -3.5 -9 -15.5
0.00013186 -3.5 -9 -16
2.16746e-05 -4 -8.5 -15.5
3.12271e-05 -3 -9.5 -17
0.000249369 -3.5 -9 -16.5
7.68144e-05 -4 -8.5 -16
4.02492e-05 -3 -9.5 -17.5
0.000336602 -3.5 -9 -17
4.07648e-05 -3 -9.5 -18
0.000361853 -3.5 -9 -17.5
2.64628e-05 -3 -9.5 -18.5
0.000320352 -3.5 -9 -18
0.0002052 -3.5 -9 -18.5
9.16711e-05 -3.5 -9 -19
2.57108e-05 -3.5 -9 -19.5
3.84275e-05 -4 -8.5 -19
9.68661e-05 -4 -8.5 -18.5
0.000151734 -4 -8.5 -18
2.71452e-05 -6.5 -14.5 -12
3.68048e-05 -6 -14 -12.5
3.91205e-05 -5.5 -13.5 -13
3.02277e-05 -5 -13 -13.5
3.07621e-05 -6.5 -14.5 -12.5
4.35307e-05 -6 -14 -13
5.44343e-05 -5.5 -13.5 -13.5
4.77621e-05 -5 -13 -14
3.0598e-05 -6.5 -14.5 -13
4.54838e-05 -6 -14 -13.5
5.90092e-05 -5.5 -13.5 -14
5.65534e-05 -5 -13 -14.5
2.36431e-05 -6.5 -14.5 -13.5
3.93033e-05 -6 -14 -14
5.35719e-05 -5.5 -13.5 -14.5
2.90856e-05 -6 -14 -14.5
4.04706e-05 -5.5 -13.5 -15
4.20652e-05 -5 -13 -15.5
3.06542e-05 -4.5 -12.5 -15.5
2.61567e-05 -5.5 -13.5 -15.5
2.40993e-05 -5 -13 -16
5.53296e-05 -5 -13 -15
2.82243e-05 -4.5 -12.5 -15
0.000179472 -4 -8.5 -17.5
0.000185385 -4 -8.5 -17
0.000145245 -4 -8.5 -16.5
2.16246e-05 -3 -9 -16
3.08168e-05 -3.5 -8.5 -15.5
5.25304e-05 -3 -9 -16.5
0.000119987 -3.5 -8.5 -16
0.000101171 -3 -9 -17
0.000251405 -3.5 -8.5 -16.5
0.000128437 -3 -9 -17.5
0.000358497 -3.5 -8.5 -17
0.000136173 -3 -9 -18
0.000118669 -3 -9 -18.5
0.000379611 -3.5 -8.5 -18
8.19855e-05 -4 -8 -17.5
6.36755e-05 -3 -9 -19
2.25549e-05 -3 -9 -19.5
4.42939e-05 -3.5 -8.5 -19.5
2.1376e-05 -6.5 -15 -12
2.90328e-05 -6 -14.5 -12.5
2.57382e-05 -5.5 -14 -13
0.000144633 -3.5 -8.5 -19
2.66857e-05 -6.5 -15 -12.5
3.15352e-05 -6 -14.5 -13
3.20482e-05 -5.5 -14 -13.5
2.64145e-05 -6.5 -15 -13
2.93024e-05 -6 -14.5 -13.5
3.20518e-05 -5.5 -14 -14
4.04626e-05 -4 -8 -18.5
0.000275549 -3.5 -8.5 -18.5
6.67638e-05 -4 -8 -18
0.000399772 -3.5 -8.5 -17.5
8.80352e-05 -4 -8 -17
5.69722e-05 -4 -8 -16.5
2.29306e-05 -4 -8 -16
3.33394e-05 -3 -8.5 -16
9.79172e-05 -3 -8.5 -16.5
6.08253e-05 -3.5 -8 -16
0.000210513 -3 -8.5 -17
0.000178771 -3.5 -8 -16.5
0.000280333 -3 -8.5 -17.5
0.000294559 -3 -8.5 -18
0.00026797 -3 -8.5 -18.5
0.000384055 -3.5 -8 -18
0.000164998 -3 -8.5 -19
6.33114e-05 -3 -8.5 -19.5
5.66378e-05 -3.5 -8 -19.5
0.000169858 -3.5 -8 -19
0.000307776 -3.5 -8 -18.5
0.00038993 -3.5 -8 -17.5
0.000300819 -3.5 -8 -17
4.00654e-05 -3 -8 -16
0.000135524 -3 -8 -16.5
2.29328e-05 -3.5 -7.5 -16
0.000306668 -3 -8 -17
0.000443847 -3 -8 -17.5
2.09324e-05 -2.5 -8.5 -18.5
0.000477527 -3 -8 -18
2.00809e-05 -2.5 -8.5 -19
0.000435368 -3 -8 -18.5
0.000276781 -3.5 -7.5 -18
0.000292763 -3 -8 -19
0.000122307 -3 -8 -19.5
2.14803e-05 -3 -8 -20
5.75996e-05 -3.5 -7.5 -19.5
0.000149948 -3.5 -7.5 -19
0.000238303 -3.5 -7.5 -18.5
0.000276394 -3.5 -7.5 -17.5
0.000204587 -3.5 -7.5 -17
9.55573e-05 -3.5 -7.5 -16.5
3.39393e-05 -3 -7.5 -16
4.27648e-05 -2.5 -8 -17
0.000143332 -3 -7.5 -16.5
8.35874e-05 -2.5 -8 -17.5
0.000328828 -3 -7.5 -17
0.000119314 -2.5 -8 -18
0.000492289 -3 -7.5 -17.5
0.000133239 -2.5 -8 -18.5
0.000118645 -2.5 -8 -19
0.000530718 -3 -7.5 -18.5
7.0915e-05 -2.5 -8 -19.5
4.45019e-05 -3 -7.5 -20
3.01326e-05 -3.5 -7 -19.5
0.000183919 -3 -7.5 -19.5
6.74995e-05 -3.5 -7 -19
0.000395411 -3 -7.5 -19
0.000119102 -3.5 -7 -18.5
0.000140183 -3.5 -7 -18
0.000550198 -3 -7.5 -18
0.000137947 -3.5 -7 -17.5
8.99969e-05 -3.5 -7 -17
3.12219e-05 -3.5 -7 -16.5
3.16169e-05 -2.5 -7.5 -16.5
0.000102294 -2.5 -7.5 -17
8.30952e-05 -3 -7 -16.5
0.000212949 -2.5 -7.5 -17.5
0.000318699 -2.5 -7.5 -18
2.66554e-05 -3.5 -6.5 -18
0.000340318 -2.5 -7.5 -18.5
0.000298657 -2.5 -7.5 -19
0.000182242 -2.5 -7.5 -19.5
5.81201e-05 -2.5 -7.5 -20
6.44261e-05 -3 -7 -20
0.000220375 -3 -7 -19.5
0.000431588 -3 -7 -19
2.30524e-05 -3.5 -6.5 -18.5
0.000545813 -3 -7 -18.5
0.000554047 -3 -7 -18
2.7639e-05 -3.5 -6.5 -17.5
0.000478316 -3 -7 -17.5
0.000265634 -3 -7 -17
4.87355e-05 -2.5 -7 -16.5
0.000172335 -2.5 -7 -17
0.000374028 -2.5 -7 -17.5
0.000576494 -2.5 -7 -18
0.000611423 -2.5 -7 -18.5
0.000539456 -2.5 -7 -19
0.000335726 -2.5 -7 -19.5
0.000118982 -2.5 -7 -20
2.63594e-05 -2.5 -7 -20.5
6.95422e-05 -3 -6.5 -20
0.000204927 -3 -6.5 -19.5
0.000351444 -3 -6.5 -19
0.00041868 -3 -6.5 -18.5
0.000420814 -3 -6.5 -18
0.000315924 -3 -6.5 -17.5
0.000154028 -3 -6.5 -17
3.94936e-05 -3 -6.5 -16.5
5.17591e-05 -2.5 -6.5 -16.5
0.000205188 -2.5 -6.5 -17
5.82753e-05 -2 -7 -18
0.000461993 -2.5 -6.5 -17.5
9.03937e-05 -2 -7 -18.5
0.000707548 -2.5 -6.5 -18
0.000103028 -2 -7 -19
0.000756918 -2.5 -6.5 -18.5
9.22931e-05 -2 -7 -19.5
0.000679392 -2.5 -6.5 -19
5.6487e-05 -2 -7 -20
0.000457185 -2.5 -6.5 -19.5
0.000183864 -3 -6 -19
3.69479e-05 -2.5 -6.5 -20.5
4.26705e-05 -3 -6 -20
0.000193072 -2.5 -6.5 -20
0.000107989 -3 -6 -19.5
0.000211474 -3 -6 -18.5
0.000211181 -3 -6 -18
0.00015341 -3 -6 -17.5
6.41128e-05 -3 -6 -17
3.29662e-05 -2 -6.5 -17
3.03371e-05 -2.5 -6 -16.5
0.000110168 -2 -6.5 -17.5
0.000215771 -2 -6.5 -18
0.000287294 -2 -6.5 -18.5
0.000717468 -2.5 -6 -18
0.000313232 -2 -6.5 -19
0.000271596 -2 -6.5 -19.5
0.000711642 -2.5 -6 -19
4.05271e-05 -3 -5.5 -19
0.000152411 -2 -6.5 -20
4.14634e-05 -2 -6.5 -20.5
6.22129e-05 -2.5 -6 -20.5
0.000245337 -2.5 -6 -20
2.74996e-05 -3 -5.5 -19.5
0.000497812 -2.5 -6 -19.5
4.53719e-05 -3 -5.5 -18.5
0.000781412 -2.5 -6 -18.5
4.65161e-05 -3 -5.5 -18
3.2445e-05 -3 -5.5 -17.5
0.000440249 -2.5 -6 -17.5
0.000158452 -2.5 -6 -17
6.82728e-05 -2 -6 -17
0.000240678 -2 -6 -17.5
0.000466814 -2 -6 -18
0.000602188 -2 -6 -18.5
0.000630387 -2 -6 -19
0.000312734 -2 -6 -20
0.000103463 -2 -6 -20.5
7.04869e-05 -2.5 -5.5 -20.5
0.000253396 -2.5 -5.5 -20
0.000477582 -2.5 -5.5 -19.5
0.000548327 -2 -6 -19.5
0.000573243 -2.5 -5.5 -19
0.000582971 -2.5 -5.5 -18.5
0.000502206 -2.5 -5.5 -18
0.000264758 -2.5 -5.5 -17.5
7.24266e-05 -2.5 -5.5 -17
8.62214e-05 -2 -5.5 -17
0.000321706 -2 -5.5 -17.5
0.000893555 -2 -5.5 -18.5
0.000913753 -2 -5.5 -19
2.37182e-05 -1.5 -6 -20
0.00019095 -2 -5.5 -20.5
0.000156962 -2.5 -5 -20
2.48739e-05 -2 -5.5 -21
5.17679e-05 -2.5 -5 -20.5
0.000504595 -2 -5.5 -20
0.000255273 -2.5 -5 -19.5
0.000811352 -2 -5.5 -19.5
0.00030866 -2.5 -5 -19
0.00032011 -2.5 -5 -18.5
0.00026743 -2.5 -5 -18
0.000661276 -2 -5.5 -18
0.000128292 -2.5 -5 -17.5
3.015e-05 -2.5 -5 -17
2.21924e-05 -1.5 -5.5 -17.5
7.47294e-05 -2 -5 -17
7.24464e-05 -1.5 -5.5 -18
0.000320208 -2 -5 -17.5
0.00014432 -1.5 -5.5 -18.5
0.000197473 -1.5 -5.5 -19
0.000204563 -1.5 -5.5 -19.5
0.00100676 -2 -5 -19
8.79487e-05 -2.5 -4.5 -18.5
0.000188578 -1.5 -5.5 -20
0.000111099 -1.5 -5.5 -20.5
3.81873e-05 -1.5 -5.5 -21
0.000260897 -2 -5 -20.5
4.57961e-05 -2.5 -4.5 -20
3.83078e-05 -2 -5 -21
0.000618854 -2 -5 -20
7.19165e-05 -2.5 -4.5 -19.5
0.000913492 -2 -5 -19.5
8.30523e-05 -2.5 -4.5 -19
0.000965708 -2 -5 -18.5
7.33536e-05 -2.5 -4.5 -18
0.000688389 -2 -5 -18
2.78155e-05 -2.5 -4.5 -17.5
8.02354e-05 -1.5 -5 -17.5
0.000245746 -1.5 -5 -18
0.000470552 -1.5 -5 -18.5
0.000617251 -1.5 -5 -19
0.000620521 -1.5 -5 -19.5
0.000526559 -1.5 -5 -20
0.000284002 -1.5 -5 -20.5
7.61731e-05 -1.5 -5 -21
0.000278558 -2 -4.5 -20.5
4.26239e-05 -2 -4.5 -21
0.000642528 -2 -4.5 -20
0.000881945 -2 -4.5 -19.5
0.000903088 -2 -4.5 -19
0.000790267 -2 -4.5 -18.5
0.000479013 -2 -4.5 -18
0.000180966 -2 -4.5 -17.5
3.42536e-05 -2 -4.5 -17
3.30204e-05 -1.5 -4.5 -17
0.000166337 -1.5 -4.5 -17.5
0.000517388 -1.5 -4.5 -18
0.00095737 -1.5 -4.5 -18.5
0.00118835 -1.5 -4.5 -19.5
0.000961401 -1.5 -4.5 -20
0.000538807 -2 -4 -19.5
2.82248e-05 -2 -4 -21
0.000118543 -1.5 -4.5 -21
0.000176678 -2 -4 -20.5
0.000501671 -1.5 -4.5 -20.5
0.000390041 -2 -4 -20
0.000571469 -2 -4 -19
0.00120552 -1.5 -4.5 -19
0.000519191 -2 -4 -18.5
0.000290087 -2 -4 -18
9.11274e-05 -2 -4 -17.5
3.77353e-05 -1.5 -4 -17
0.000198947 -1.5 -4 -17.5
5.13285e-05 -1 -4.5 -19.5
9.1077e-05 -1 -4.5 -20
9.44963e-05 -1 -4.5 -20.5
0.00119924 -1.5 -4 -20
6.64277e-05 -1 -4.5 -21
0.000136479 -1.5 -4 -21
5.89356e-05 -2 -3.5 -20.5
0.000613083 -1.5 -4 -20.5
0.000135011 -2 -3.5 -20
0.000195325 -2 -3.5 -19.5
0.00150713 -1.5 -4 -19.5
0.000208074 -2 -3.5 -19
0.00154627 -1.5 -4 -19
0.000187508 -2 -3.5 -18.5
0.00127653 -1.5 -4 -18.5
0.000100136 -2 -3.5 -18
0.000664811 -1.5 -4 -18
2.90596e-05 -2 -3.5 -17.5
2.45365e-05 -1 -4 -17.5
3.29145e-05 -1.5 -3.5 -17
0.000111152 -1 -4 -18
0.000295865 -1 -4 -18.5
0.000500804 -1 -4 -19
0.000609188 -1 -4 -19.5
0.000577381 -1 -4 -20
0.000393238 -1 -4 -20.5
0.000142913 -1 -4 -21
0.000135439 -1.5 -3.5 -21
0.000603789 -1.5 -3.5 -20.5
0.00116125 -1.5 -3.5 -20
0.00145365 -1.5 -3.5 -19.5
0.00150888 -1.5 -3.5 -19
0.00130391 -1.5 -3.5 -18.5
0.000670248 -1.5 -3.5 -18
0.000189628 -1.5 -3.5 -17.5
0.000105541 -1 -3.5 -17.5
0.000441183 -1 -3.5 -18
0.000987952 -1 -3.5 -18.5
0.00142388 -1 -3.5 -19
0.00145563 -1 -3.5 -19.5
0.00128538 -1 -3.5 -20
0.000201101 -1 -3.5 -21
9.5053e-05 -1.5 -3 -21
0.000352036 -1.5 -3 -20.5
0.000748797 -1 -3.5 -20.5
0.000650091 -1.5 -3 -20
0.0007927 -1.5 -3 -19.5
0.000812481 -1.5 -3 -19
0.000662852 -1.5 -3 -18.5
0.000312691 -1.5 -3 -18
7.39328e-05 -1.5 -3 -17.5
2.59298e-05 -1 -3 -17
0.000150155 -1 -3 -17.5
0.000620006 -1 -3 -18
0.00135807 -1 -3 -18.5
0.00157354 -1 -3 -20
0.000258634 -1.5 -2.5 -19.5
0.000945351 -1 -3 -20.5
0.000288004 -1 -3 -21
2.25997e-05 -1 -3 -22
3.16181e-05 -1 -3 -21.5
3.91842e-05 -1.5 -2.5 -21
0.000122623 -1.5 -2.5 -20.5
0.000212587 -1.5 -2.5 -20
0.00180148 -1 -3 -19.5
0.000266794 -1.5 -2.5 -19
0.0018032 -1 -3 -19
0.000209905 -1.5 -2.5 -18.5
8.99536e-05 -1.5 -2.5 -18
2.05665e-05 -1.5 -2.5 -17.5
2.09687e-05 -1 -2.5 -17
0.000127429 -1 -2.5 -17.5
3.12116e-05 -1.5 -2 -19
2.82259e-05 -1.5 -2 -19.5
2.14162e-05 -1.5 -2 -20
0.000368081 -1 -2.5 -21
5.3236e-05 -1 -2.5 -21.5
0.00102784 -1 -2.5 -20.5
0.00161648 -1 -2.5 -20
0.00180387 -1 -2.5 -19.5
0.0017843 -1 -2.5 -19
2.79506e-05 -1.5 -2 -18.5
0.00130305 -1 -2.5 -18.5
0.000568429 -1 -2.5 -18
7.21505e-05 -0.5 -2.5 -19
0.000184843 -0.5 -2.5 -19.5
0.000280851 -0.5 -2.5 -20
0.000339586 -0.5 -2.5 -20.5
0.000297566 -0.5 -2.5 -21
0.000140507 -0.5 -2.5 -21.5
2.17528e-05 -0.5 -2.5 -22
5.91368e-05 -1 -2 -21.5
0.000342002 -1 -2 -21
0.000727253 -1 -2 -20.5
0.0010112 -1 -2 -20
0.00107488 -1 -2 -19.5
0.00101117 -1 -2 -19
0.000645249 -1 -2 -18.5
0.000242419 -1 -2 -18
4.84156e-05 -1 -2 -17.5
0.000337219 -0.5 -2 -18
0.001016 -0.5 -2 -18.5
0.00191754 -0.5 -2 -19
0.00249258 -0.5 -2 -19.5
0.00247965 -0.5 -2 -20
0.00206214 -0.5 -2 -20.5
2.12622e-05 -1 -1.5 -21.5
0.000242911 -0.5 -2 -21.5
0.000114427 -1 -1.5 -21
0.00109842 -0.5 -2 -21
0.000236153 -1 -1.5 -20.5
0.000309689 -1 -1.5 -20
0.000323507 -1 -1.5 -19.5
0.000298134 -1 -1.5 -19
0.000179214 -1 -1.5 -18.5
6.64407e-05 -1 -1.5 -18
7.02131e-05 -0.5 -2 -17.5
3.80703e-05 -0.5 -1.5 -17
0.000214758 -0.5 -1.5 -17.5
0.00101826 -0.5 -1.5 -18
0.00276723 -0.5 -1.5 -18.5
0.000232772 -0.5 -1.5 -21.5
0.00161677 -0.5 -1.5 -21
0.00351748 -0.5 -1.5 -20.5
0.00477281 -0.5 -1.5 -20
0.00500496 -0.5 -1.5 -19.5
0.00458047 -0.5 -1.5 -19
4.14512e-05 -0.5 -1 -17
0.00521923 -0.5 -1 -19.5
0.0049173 -0.5 -1 -20
0.00349543 -0.5 -1 -20.5
0.00139702 -0.5 -1 -21
0.000129147 -0.5 -1 -21.5
0.00493717 -0.5 -1 -19
0.00308368 -0.5 -1 -18.5
0.00113745 -0.5 -1 -18
0.000235694 -0.5 -1 -17.5
6.1386e-05 -0.5 -0.5 -17.5
2.24077e-05 -0.5 -0.5 -21.5
0.000307493 -0.5 -0.5 -21
0.000870215 -0.5 -0.5 -20.5
0.00134679 -0.5 -0.5 -20
0.00148674 -0.5 -0.5 -19.5
0.00146553 -0.5 -0.5 -19
0.000962746 -0.5 -0.5 -18.5
0.000332279 -0.5 -0.5 -18
5.21517e-05 -0.5 0 -20.5
7.41926e-05 -0.5 0 -20
7.90179e-05 -0.5 0 -19.5
7.44511e-05 -0.5 0 -19
4.21453e-05 -0.5 0 -18.5
2.9549e-05 0 0 -17
0.000751266 0 0 -18
0.0021156 0 0 -18.5
0.00407509 0 0 -19.5
0.00395381 0 0 -20
0.00314511 0 0 -20.5
0.00164858 0 0 -21
0.000367894 0 0 -21.5
0.0036215 0 0 -19
0.00015705 0 0 -17.5
0.00478315 0 0.5 -19
0.000307533 0 0.5 -21.5
0.00183021 0 0.5 -21
0.00382412 0 0.5 -20.5
0.00500745 0 0.5 -20
0.00520966 0 0.5 -19.5
0.00291059 0 0.5 -18.5
0.00107264 0 0.5 -18
0.000224737 0 0.5 -17.5
4.00098e-05 0 0.5 -17
2.93901e-05 0.5 0.5 -17.5
0.000137523 0.5 0.5 -18
0.000626067 0.5 0.5 -19
0.00068243 0.5 0.5 -19.5
0.000654873 0.5 0.5 -20
0.00249015 0 1 -19.5
7.06397e-05 0 1 -21.5
5.38213e-05 0.5 0.5 -21.5
0.000710397 0 1 -21
0.000258875 0.5 0.5 -21
0.00169995 0 1 -20.5
0.000507174 0.5 0.5 -20.5
0.00236183 0 1 -20
0.00235598 0 1 -19
0.00149652 0 1 -18.5
0.000375892 0.5 0.5 -18.5
0.000566006 0 1 -18
0.000117301 0 1 -17.5
2.00784e-05 0 1 -17
0.000522263 0.5 1 -18
0.00223361 0.5 1 -19.5
0.000107878 0.5 1 -21.5
3.99502e-05 0 1.5 -21
0.000725347 0.5 1 -21
9.65494e-05 0 1.5 -20.5
0.00154411 0.5 1 -20.5
0.000125525 0 1.5 -20
0.00211296 0.5 1 -20
0.000129543 0 1.5 -19.5
0.000112931 0 1.5 -19
0.00213068 0.5 1 -19
5.94286e-05 0 1.5 -18.5
0.00136681 0.5 1 -18.5
0.000111193 0.5 1 -17.5
2.06938e-05 0.5 1 -17
2.73303e-05 1 1 -18
0.000206749 0.5 1.5 -17.5
7.00927e-05 1 1 -18.5
0.000942717 0.5 1.5 -18
0.000106561 1 1 -19
0.000110269 1 1 -19.5
0.000102944 1 1 -20
7.70244e-05 1 1 -20.5
0.00308681 0.5 1.5 -20
3.77977e-05 1 1 -21
0.00208549 0.5 1.5 -20.5
0.000802801 0.5 1.5 -21
7.72269e-05 0.5 1.5 -21.5
0.00334008 0.5 1.5 -19.5
0.00327121 0.5 1.5 -19
0.00226816 0.5 1.5 -18.5
3.52093e-05 0.5 1.5 -17
4.63607e-05 1 1.5 -17.5
0.000207869 1 1.5 -18
0.000497568 1 1.5 -18.5
0.000707291 1 1.5 -19
0.00210884 0.5 2 -18.5
0.000713395 1 1.5 -19.5
0.000646492 1 1.5 -20
0.000440446 1 1.5 -20.5
0.000184311 1 1.5 -21
4.00736e-05 0.5 2 -21.5
2.49545e-05 1 1.5 -21.5
0.000648573 0.5 2 -21
0.00181482 0.5 2 -20.5
0.00276023 0.5 2 -20
0.00300842 0.5 2 -19.5
0.00296283 0.5 2 -19
0.000915343 0.5 2 -18
0.000213697 0.5 2 -17.5
3.84229e-05 0.5 2 -17
0.00013104 1 2 -17.5
2.02512e-05 0.5 2.5 -17
0.000564599 1 2 -18
0.0013145 1 2 -18.5
0.000463738 0.5 2.5 -18
0.0018056 1 2 -19.5
0.00147583 0.5 2.5 -19
0.00107397 1 2 -20.5
0.00040934 1 2 -21
0.000926784 0.5 2.5 -20.5
2.95869e-05 1 2 -21.5
2.62614e-05 0.5 2.5 -21.5
0.000329002 0.5 2.5 -21
0.00140489 0.5 2.5 -20
0.00163068 1 2 -20
0.00151727 0.5 2.5 -19.5
0.00180066 1 2 -19
0.00103882 0.5 2.5 -18.5
0.000113368 0.5 2.5 -17.5
2.47364e-05 1 2 -17
5.33815e-05 1 2.5 -17
2.01166e-05 1.5 2 -18
5.18205e-05 1.5 2 -18.5
0.00130642 1 2.5 -18
2.24481e-05 0.5 3 -17.5
7.36814e-05 1.5 2 -19
7.47642e-05 1.5 2 -19.5
0.00315603 1 2.5 -19
6.78771e-05 1.5 2 -20
4.75749e-05 1.5 2 -20.5
0.00264501 1 2.5 -20
0.0015472 1 2.5 -20.5
0.000443036 1 2.5 -21
2.50296e-05 1 2.5 -21.5
9.33672e-05 0.5 3 -21
0.00022551 0.5 3 -20.5
0.000320524 0.5 3 -20
0.000337831 0.5 3 -19.5
0.00310666 1 2.5 -19.5
0.000314139 0.5 3 -19
0.000208706 0.5 3 -18.5
0.00261235 1 2.5 -18.5
9.29477e-05 0.5 3 -18
0.000317862 1 2.5 -17.5
6.28717e-05 1.5 2.5 -17.5
0.000263088 1.5 2.5 -18
0.000477762 1 3 -17.5
0.000532033 1.5 2.5 -18.5
0.00062719 1.5 2.5 -19
0.00254946 1 3 -18.5
0.0006087 1.5 2.5 -19.5
0.000504089 1.5 2.5 -20
0.00294726 1 3 -19.5
0.000299997 1.5 2.5 -20.5
9.75753e-05 1.5 2.5 -21
0.000353906 1 3 -21
0.00139288 1 3 -20.5
0.00247249 1 3 -20
0.00299988 1 3 -19
0.00141498 1 3 -18
9.02459e-05 1 3 -17
4.8965e-05 1.5 3 -17
0.000262722 1.5 3 -17.5
0.00080295 1.5 3 -18
0.00140099 1.5 3 -18.5
0.00109038 1 3.5 -18
0.00154389 1.5 3 -19
0.00149971 1.5 3 -19.5
0.00210835 1 3.5 -19
0.000680389 1.5 3 -20.5
0.00178472 1 3.5 -20
0.00019253 1 3.5 -21
0.00016606 1.5 3 -21
0.000937579 1 3.5 -20.5
0.001222 1.5 3 -20
0.00209734 1 3.5 -19.5
0.00182786 1 3.5 -18.5
0.000391262 1 3.5 -17.5
7.85491e-05 1 3.5 -17
2.84215e-05 2 3 -18
0.000555618 1.5 3.5 -17.5
3.51027e-05 1 4 -17
5.10518e-05 2 3 -18.5
0.00155252 1.5 3.5 -18
5.67359e-05 2 3 -19
5.50132e-05 2 3 -19.5
0.00260245 1.5 3.5 -19
0.000730051 1 4 -18.5
4.51424e-05 2 3 -20
2.79647e-05 2 3 -20.5
0.00181576 1.5 3.5 -20
0.000144281 1.5 3.5 -21
9.12513e-05 1 4 -21
0.000440479 1 4 -20.5
0.000846309 1.5 3.5 -20.5
0.000836016 1 4 -20
0.00094343 1 4 -19.5
0.00248627 1.5 3.5 -19.5
0.000910274 1 4 -19
0.00247574 1.5 3.5 -18.5
0.000445944 1 4 -18
0.000171075 1 4 -17.5
0.000104179 1.5 3.5 -17
0.000107221 2 3.5 -17.5
0.000235457 1.5 4 -17
0.000315137 2 3.5 -18
0.000502259 2 3.5 -18.5
0.000516656 2 3.5 -19
0.00296729 1.5 4 -18.5
0.000482648 2 3.5 -19.5
0.000339803 2 3.5 -20
0.00269281 1.5 4 -19.5
0.000147179 2 3.5 -20.5
0.00181687 1.5 4 -20
2.40652e-05 2 3.5 -21
0.000776219 1.5 4 -20.5
9.99484e-05 1.5 4 -21
3.24027e-05 1 4.5 -21
0.000133876 1 4.5 -20.5
0.000232391 1 4.5 -20
0.000255877 1 4.5 -19.5
0.00023606 1 4.5 -19
0.00300377 1.5 4 -19
0.000161393 1 4.5 -18.5
8.62257e-05 1 4.5 -18
0.00216603 1.5 4 -18
3.23649e-05 1 4.5 -17.5
0.000986455 1.5 4 -17.5
2.15773e-05 2 3.5 -17
3.7753e-05 1.5 4 -16.5
0.000111449 2 4 -17
5.07618e-05 1.5 4.5 -16.5
0.00108593 2 4 -18
0.000977959 1.5 4.5 -17.5
0.00140363 2 4 -18.5
0.00138348 2 4 -19
0.00119255 2 4 -19.5
0.00263815 1.5 4.5 -19
0.000774412 2 4 -20
0.000308301 2 4 -20.5
0.00151762 1.5 4.5 -20
3.34748e-05 2 4 -21
4.97302e-05 1.5 4.5 -21
0.000548503 1.5 4.5 -20.5
0.00235582 1.5 4.5 -19.5
0.00261636 1.5 4.5 -18.5
0.00199917 1.5 4.5 -18
0.000487813 2 4 -17.5
0.000266008 1.5 4.5 -17
4.31844e-05 2 4.5 -16.5
0.00025316 2 4.5 -17
3.30217e-05 2.5 4 -18
0.000942896 2 4.5 -17.5
0.000182305 1.5 5 -17
4.19147e-05 2.5 4 -18.5
4.11953e-05 2.5 4 -19
0.00222735 2 4.5 -18.5
0.00123783 1.5 5 -18
3.45463e-05 2.5 4 -19.5
0.00219661 2 4.5 -19
2.03893e-05 2.5 4 -20
0.00115911 2 4.5 -20
2.65157e-05 2 4.5 -21
2.65496e-05 1.5 5 -21
0.000277686 1.5 5 -20.5
0.000337739 2 4.5 -20.5
0.000861938 1.5 5 -20
0.00139942 1.5 5 -19.5
0.0019391 2 4.5 -19.5
0.00157361 1.5 5 -19
0.00155948 1.5 5 -18.5
0.00185035 2 4.5 -18
0.000650739 1.5 5 -17.5
3.32861e-05 1.5 5 -16.5
5.41508e-05 2.5 4.5 -17
0.000110393 2 5 -16.5
0.000186292 2.5 4.5 -17.5
0.000611819 2 5 -17
0.000338641 2.5 4.5 -18
0.000350907 2.5 4.5 -18.5
0.0026534 2 5 -18
0.000260011 1.5 5.5 -17.5
0.000338117 2.5 4.5 -19
0.000273953 2.5 4.5 -19.5
0.00276024 2 5 -19
0.00059359 1.5 5.5 -18.5
0.00014381 2.5 4.5 -20
0.00211979 2 5 -19.5
0.00060206 1.5 5.5 -19
5.1319e-05 2.5 4.5 -20.5
0.000267949 2 5 -20.5
2.19024e-05 2 5 -21
0.000107587 1.5 5.5 -20.5
0.000336999 1.5 5.5 -20
0.00111383 2 5 -20
0.000543918 1.5 5.5 -19.5
0.00286695 2 5 -18.5
0.000472387 1.5 5.5 -18
0.0016915 2 5 -17.5
8.09406e-05 1.5 5.5 -17
5.36327e-05 2.5 5 -16.5
4.29553e-05 2 5.5 -16
0.000299493 2.5 5 -17
0.00110591 2.5 5 -18
0.00178492 2 5.5 -17.5
0.00111534 2.5 5 -18.5
0.00102726 2.5 5 -19
0.00272396 2 5.5 -18.5
0.000758285 2.5 5 -19.5
0.00259234 2 5.5 -19
0.00038426 2.5 5 -20
7.7645e-05 2.5 5 -20.5
0.000864187 2 5.5 -20
2.18641e-05 1.5 6 -20.5
0.000151824 2 5.5 -20.5
7.5582e-05 1.5 6 -20
0.000123934 1.5 6 -19.5
0.00189779 2 5.5 -19.5
0.000136259 1.5 6 -19
0.000130852 1.5 6 -18.5
9.45728e-05 1.5 6 -18
0.00257337 2 5.5 -18
4.8081e-05 1.5 6 -17.5
0.00077328 2.5 5 -17.5
0.00088597 2 5.5 -17
0.000247161 2 5.5 -16.5
3.07101e-05 2.5 5.5 -16
0.000736411 2.5 5.5 -17
0.000225115 2 6 -16.5
0.00149477 2.5 5.5 -17.5
0.000726085 2 6 -17
0.00194998 2.5 5.5 -18
0.00196091 2.5 5.5 -18.5
0.00188393 2 6 -18
0.00186859 2.5 5.5 -19
0.00125348 2.5 5.5 -19.5
0.000481277 2.5 5.5 -20
0.00129027 2 6 -19.5
6.31884e-05 2 6 -20.5
6.47579e-05 2.5 5.5 -20.5
0.000497107 2 6 -20
0.00189617 2 6 -19
0.0019639 2 6 -18.5
0.00140558 2 6 -17.5
0.00019471 2.5 5.5 -16.5
4.0976e-05 2 6 -16
3.5579e-05 3 5.5 -16.5
0.000127479 3 5.5 -17
0.000480512 2.5 6 -16.5
2.55079e-05 2 6.5 -16
0.0002262 3 5.5 -17.5
0.00138906 2.5 6 -17
0.000227258 3 5.5 -18
0.000214904 3 5.5 -18.5
0.0027274 2.5 6 -18
0.000704407 2 6.5 -17.5
0.000188976 3 5.5 -19
0.000120772 3 5.5 -19.5
0.00205313 2.5 6 -19
0.000990551 2 6.5 -18.5
5.08341e-05 3 5.5 -20
0.00121433 2.5 6 -19.5
0.000943212 2 6.5 -19
4.08597e-05 2.5 6 -20.5
2.60755e-05 2 6.5 -20.5
0.000199662 2 6.5 -20
0.000417219 2.5 6 -20
0.00059479 2 6.5 -19.5
0.00265023 2.5 6 -18.5
0.00092138 2 6.5 -18
0.00240733 2.5 6 -17.5
0.00037832 2 6.5 -17
0.000132021 2 6.5 -16.5
8.092e-05 2.5 6 -16
0.000222753 3 6 -16.5
0.00024856 2.5 6.5 -16
5.61397e-05 2 7 -16.5
0.00061639 3 6 -17
0.000909151 3 6 -17.5
0.000918954 3 6 -18
0.0025242 2.5 6.5 -17.5
0.000856594 3 6 -18.5
0.000655067 3 6 -19
0.00257763 2.5 6.5 -18.5
0.000359691 3 6 -19.5
0.00192645 2.5 6.5 -19
9.89193e-05 3 6 -20
0.000251677 2.5 6.5 -20
2.57728e-05 2.5 6.5 -20.5
5.05489e-05 2 7 -20
0.000181658 2 7 -19.5
0.000997552 2.5 6.5 -19.5
0.000306379 2 7 -19
0.000337098 2 7 -18.5
0.000309133 2 7 -18
0.00269587 2.5 6.5 -18
0.000240679 2 7 -17.5
0.000141479 2 7 -17
0.00183816 2.5 6.5 -17
0.000892564 2.5 6.5 -16.5
3.77976e-05 3 6 -16
4.09783e-05 2.5 6.5 -15.5
0.000182464 3 6.5 -16
5.46119e-05 2.5 7 -15.5
0.00083577 2.5 7 -16.5
0.00174442 3 6.5 -17.5
0.00156539 2.5 7 -17
0.00162637 3 6.5 -18.5
0.00231012 2.5 7 -18
0.00113578 3 6.5 -19
0.000501777 3 6.5 -19.5
9.68318e-05 3 6.5 -20
0.000616372 2.5 7 -19.5
0.000108252 2.5 7 -20
3.318e-05 2 7.5 -19
0.00143736 2.5 7 -19
4.62194e-05 2 7.5 -18.5
0.00211752 2.5 7 -18.5
4.17333e-05 2 7.5 -18
2.03855e-05 2 7.5 -17.5
0.00175798 3 6.5 -18
0.00214813 2.5 7 -17.5
0.00136974 3 6.5 -17
0.000693164 3 6.5 -16.5
0.000264284 2.5 7 -16
2.72159e-05 3 6.5 -15.5
3.67988e-05 3.5 6.5 -16
9.20434e-05 3 7 -15.5
0.000108773 3.5 6.5 -16.5
0.000171108 3.5 6.5 -17
0.00134423 3 7 -16.5
0.000200229 2.5 7.5 -16
0.000176819 3.5 6.5 -17.5
0.00224748 3 7 -17
0.000162028 3.5 6.5 -18
0.000139217 3.5 6.5 -18.5
0.00235636 3 7 -18
0.00126827 2.5 7.5 -17.5
9.05282e-05 3.5 6.5 -19
3.31563e-05 3.5 6.5 -19.5
0.0011617 3 7 -19
0.00119747 2.5 7.5 -18.5
0.00045005 3 7 -19.5
0.000727157 2.5 7.5 -19
3.13402e-05 2.5 7.5 -20
6.45625e-05 3 7 -20
0.000264846 2.5 7.5 -19.5
0.00194055 3 7 -18.5
0.00136681 2.5 7.5 -18
0.00246568 3 7 -17.5
0.000932063 2.5 7.5 -17
0.000530533 2.5 7.5 -16.5
0.00050072 3 7 -16
4.40494e-05 2.5 7.5 -15.5
4.65133e-05 3.5 7 -15.5
0.000556835 3.5 7 -16.5
0.000994495 3 7.5 -16
2.89109e-05 2.5 8 -15.5
0.00078768 3.5 7 -17
0.000236789 2.5 8 -16.5
0.000796657 3.5 7 -17.5
0.000727151 3.5 7 -18
0.00256871 3 7.5 -17.5
0.000265844 3.5 7 -19
0.00183037 3 7.5 -18.5
8.25209e-05 3.5 7 -19.5
0.000995406 3 7.5 -19
2.90232e-05 3 7.5 -20
6.29846e-05 2.5 8 -19.5
0.000283099 3 7.5 -19.5
0.000257007 2.5 8 -19
0.000465063 2.5 8 -18.5
0.000541444 2.5 8 -18
0.000516996 3.5 7 -18.5
0.00237991 3 7.5 -18
0.000507681 2.5 8 -17.5
0.000383098 2.5 8 -17
0.00246635 3 7.5 -17
0.00187377 3 7.5 -16.5
0.000105131 2.5 8 -16
0.000233209 3.5 7 -16
0.000319343 3 7.5 -15.5
5.28411e-05 3 7.5 -15
0.000734704 3.5 7.5 -16
0.00038104 3 8 -15.5
0.00157675 3.5 7.5 -17
0.00174213 3 8 -16.5
3.64163e-05 2.5 8.5 -16
0.00154523 3.5 7.5 -17.5
0.00225316 3 8 -17
0.000943739 3.5 7.5 -18.5
0.00208703 3 8 -18
0.000103378 2.5 8.5 -18.5
0.00042332 3.5 7.5 -19
9.54526e-05 3.5 7.5 -19.5
0.000124087 3 8 -19.5
3.48443e-05 2.5 8.5 -19
0.000622273 3 8 -19
0.0014018 3 8 -18.5
0.00014028 2.5 8.5 -18
0.000136968 2.5 8.5 -17.5
0.00135365 3.5 7.5 -18
0.00232918 3 8 -17.5
0.000106101 2.5 8.5 -17
7.17741e-05 2.5 8.5 -16.5
0.0013041 3.5 7.5 -16.5
0.000965823 3 8 -16
0.000239948 3.5 7.5 -15.5
0.000100165 3 8 -15
3.95233e-05 3.5 7.5 -15
2.57294e-05 3.5 8 -14.5
5.08333e-05 4 7.5 -15.5
8.86149e-05 3 8.5 -15
0.00011306 4 7.5 -16
0.000304261 3 8.5 -15.5
0.000631274 3.5 8 -15.5
0.000148679 4 7.5 -17
0.00196771 3.5 8 -16.5
0.000704303 3 8.5 -16
0.000128267 4 7.5 -17.5
0.00216568 3.5 8 -17
4.62881e-05 4 7.5 -18.5
0.00171189 3.5 8 -18
0.00151777 3 8.5 -17.5
0.000784115 3 8.5 -18.5
6.87792e-05 3.5 8 -19.5
0.000266268 3 8.5 -19
3.13591e-05 3 8.5 -19.5
0.000390708 3.5 8 -19
0.00099147 3.5 8 -18.5
0.00128723 3 8.5 -18
9.79591e-05 4 7.5 -18
0.00212336 3.5 8 -17.5
0.00149653 3 8.5 -17
0.00119456 3 8.5 -16.5
0.000155698 4 7.5 -16.5
0.00139148 3.5 8 -16
0.000162345 3.5 8 -15
8.86328e-05 4 8 -15
6.2699e-05 3 9 -15
0.000295018 4 8 -15.5
0.000179183 3 9 -15.5
0.000558417 4 8 -16
0.000697727 4 8 -16.5
0.000343609 3 9 -16
0.00190561 3.5 8.5 -16
0.0005399 3 9 -16.5
0.000677603 4 8 -17
0.000572271 4 8 -17.5
0.000364492 4 8 -18
0.00214434 3.5 8.5 -17.5
0.00017109 4 8 -18.5
5.15661e-05 4 8 -19
0.000820095 3.5 8.5 -18.5
0.000248426 3.5 8.5 -19
2.70515e-05 3.5 8.5 -19.5
5.49962e-05 3 9 -19
0.000283721 3 9 -18.5
0.000544131 3 9 -18
0.00159216 3.5 8.5 -18
0.000683714 3 9 -17.5
0.000675607 3 9 -17
0.00237824 3.5 8.5 -17
0.00232633 3.5 8.5 -16.5
0.00117561 3.5 8.5 -15.5
0.00050314 3.5 8.5 -15
0.000119458 3.5 8.5 -14.5
5.22382e-05 3.5 9 -14
0.000214321 3.5 9 -14.5
0.000573185 3.5 9 -15
3.42626e-05 3 9.5 -15
0.00117088 3.5 9 -15.5
7.74117e-05 3 9.5 -15.5
0.00217484 3.5 9 -16.5
0.000123848 3 9.5 -16
0.00111343 4 8.5 -17.5
0.0021794 3.5 9 -17
0.000304496 4 8.5 -18.5
0.00118604 3.5 9 -18
0.000204955 3 9.5 -17.5
3.63038e-05 3 9.5 -18.5
7.18392e-05 4 8.5 -19
0.000104808 3.5 9 -19
0.000505104 3.5 9 -18.5
0.000127956 3 9.5 -18
0.000713505 4 8.5 -18
0.00186341 3.5 9 -17.5
0.000214823 3 9.5 -17
0.000177279 3 9.5 -16.5
0.00132868 4 8.5 -17
0.00139675 4 8.5 -16.5
0.0018409 3.5 9 -16
0.00126484 4 8.5 -16
0.000853556 4 8.5 -15.5
0.000388292 4 8.5 -15
0.000100549 4 8.5 -14.5
5.17801e-05 3.5 9.5 -14
0.000351162 4 9 -14.5
0.00018566 3.5 9.5 -14.5
0.000491154 3.5 9.5 -15
0.00146036 4 9 -15.5
0.00012462 4.5 8.5 -15.5
0.000936692 3.5 9.5 -15.5
9.42338e-05 4.5 8.5 -17
0.00197308 4 9 -16.5
0.00134571 3.5 9.5 -16
5.13963e-05 4.5 8.5 -17.5
0.00182871 4 9 -17
0.000738255 4 9 -18
0.000200717 3.5 9.5 -18.5
5.20617e-05 4 9 -19
0.000280104 4 9 -18.5
0.000648725 3.5 9.5 -18
0.00120887 3.5 9.5 -17.5
0.0013725 4 9 -17.5
0.00151642 3.5 9.5 -17
0.00152667 3.5 9.5 -16.5
0.000126403 4.5 8.5 -16.5
0.00179746 4 9 -16
0.000143721 4.5 8.5 -16
0.000873754 4 9 -15
8.20679e-05 4.5 8.5 -15
3.5424e-05 4.5 8.5 -14.5
8.37733e-05 4 9 -14
7.76056e-05 4 9.5 -13.5
0.000320792 4 9.5 -14
4.26696e-05 3.5 10 -14
0.000803899 4 9.5 -14.5
0.000194997 4.5 9 -14.5
0.00012845 3.5 10 -14.5
0.000288423 3.5 10 -15
0.000569853 4.5 9 -15.5
0.00140053 4 9.5 -15
0.000496845 3.5 10 -15.5
0.000625503 4.5 9 -16
0.000679356 3.5 10 -16
0.00056098 4.5 9 -16.5
0.000758162 3.5 10 -16.5
0.00041241 4.5 9 -17
0.000229939 4.5 9 -17.5
9.60495e-05 4.5 9 -18
0.00119485 4 9.5 -17.5
2.80538e-05 4.5 9 -18.5
0.000172967 4 9.5 -18.5
0.000206983 3.5 10 -18
2.46676e-05 3.5 10 -18.5
0.000593188 4 9.5 -18
0.000506646 3.5 10 -17.5
0.000724147 3.5 10 -17
0.00178587 4 9.5 -17
0.00208254 4 9.5 -16.5
0.00212888 4 9.5 -16
0.00189936 4 9.5 -15.5
0.00040417 4.5 9 -15
6.0499e-05 4.5 9 -14
3.21371e-05 4 10 -13
0.000151084 4 10 -13.5
0.00041291 4 10 -14
0.000277311 4.5 9.5 -14
2.73881e-05 3.5 10.5 -14
0.000835472 4 10 -14.5
6.76958e-05 3.5 10.5 -14.5
0.00141949 4 10 -15
0.000995258 4.5 9.5 -15
0.000124056 3.5 10.5 -15
0.00183549 4 10 -15.5
0.000193644 3.5 10.5 -15.5
0.00199869 4 10 -16
0.000243105 3.5 10.5 -16
0.00187612 4 10 -16.5
0.000256809 3.5 10.5 -16.5
0.000210925 3.5 10.5 -17
0.000472245 4.5 9.5 -17.5
9.82769e-05 3.5 10.5 -17.5
4.34781e-05 4.5 9.5 -18.5
6.49535e-05 4 10 -18.5
0.000331682 4 10 -18
0.000182872 4.5 9.5 -18
0.000845917 4 10 -17.5
0.00146189 4 10 -17
0.000837585 4.5 9.5 -17
0.00109247 4.5 9.5 -16.5
0.00123403 4.5 9.5 -16
0.0011948 4.5 9.5 -15.5
0.000622693 4.5 9.5 -14.5
7.51677e-05 4.5 9.5 -13.5
4.05888e-05 5 9.5 -13.5
0.000137784 4 10.5 -13.5
8.97219e-05 5 9.5 -14
0.00028595 4.5 10 -13.5
0.000716219 4 10.5 -14.5
0.000141143 5 9.5 -15
0.00115432 4.5 10 -14.5
0.00170193 4.5 10 -15.5
0.00112463 4 10.5 -15
0.000132518 5 9.5 -15.5
2.83335e-05 3.5 11 -15
3.96225e-05 3.5 11 -15.5
5.57945e-05 5 9.5 -16.5
0.00171096 4.5 10 -16
3.78984e-05 3.5 11 -16
0.00131217 4 10.5 -16.5
0.00142777 4.5 10 -16.5
2.88373e-05 3.5 11 -16.5
0.000883864 4 10.5 -17
0.000417757 4 10.5 -17.5
0.000110538 4 10.5 -18
3.0428e-05 4.5 10 -18.5
0.000165207 4.5 10 -18
0.000473771 4.5 10 -17.5
0.000943372 4.5 10 -17
0.00146164 4 10.5 -16
0.00135724 4 10.5 -15.5
0.000101787 5 9.5 -16
0.00147569 4.5 10 -15
0.000363617 4 10.5 -14
0.000129623 5 9.5 -14.5
0.000677112 4.5 10 -14
3.59933e-05 4 10.5 -13
7.97712e-05 4.5 10 -13
7.18312e-05 4.5 10.5 -12.5
3.35316e-05 4 11 -13
0.000653076 4.5 10.5 -13.5
0.000198974 5 10 -13.5
0.000101782 4 11 -13.5
0.000232978 4 11 -14
0.00155338 4.5 10.5 -14.5
0.000521907 5 10 -14.5
0.0004101 4 11 -14.5
0.000605258 4 11 -15
0.000546945 5 10 -15.5
0.00178365 4.5 10.5 -15
0.00070842 4 11 -15.5
0.000424741 5 10 -16
0.000258125 5 10 -16.5
0.000126922 5 10 -17
4.98696e-05 5 10 -17.5
0.000796015 4.5 10.5 -17
0.000591497 4 11 -16.5
0.000355129 4.5 10.5 -17.5
9.40844e-05 4.5 10.5 -18
9.67327e-05 4 11 -17.5
0.000323847 4 11 -17
0.00129252 4.5 10.5 -16.5
0.000729856 4 11 -16
0.00168165 4.5 10.5 -16
0.00186158 4.5 10.5 -15.5
0.00057904 5 10 -15
0.00112094 4.5 10.5 -14
0.000374414 5 10 -14
0.000287955 4.5 10.5 -13
2.56038e-05 5 10.5 -12
3.04123e-05 4.5 11 -12
0.000126657 4.5 11 -12.5
2.43167e-05 5.5 10 -13
0.000106076 5 10.5 -12.5
0.000340221 4.5 11 -13
2.42997e-05 4 11.5 -13
0.000672211 4.5 11 -13.5
2.80917e-05 5.5 10 -14
0.000557978 5 10.5 -13.5
5.89351e-05 4 11.5 -13.5
0.00111563 4.5 11 -14
0.000111756 4 11.5 -14
0.00151442 4.5 11 -14.5
0.000173239 4 11.5 -14.5
0.00168503 4.5 11 -15
0.00110944 5 10.5 -15
0.000227356 4 11.5 -15
0.00168524 4.5 11 -15.5
0.000252697 4 11.5 -15.5
0.00022159 4 11.5 -16
0.000127571 4 11.5 -16.5
0.00026538 5 10.5 -17
0.000959941 4.5 11 -16.5
3.56933e-05 4 11.5 -17
9.50953e-05 5 10.5 -17.5
2.40033e-05 4.5 11 -18
0.000169099 4.5 11 -17.5
0.000505227 4.5 11 -17
0.000540272 5 10.5 -16.5
0.00141498 4.5 11 -16
0.00083419 5 10.5 -16
0.00102591 5 10.5 -15.5
0.00105866 5 10.5 -14.5
0.000871745 5 10.5 -14
3.23884e-05 5.5 10 -13.5
0.000276446 5 10.5 -13
3.26089e-05 5 11 -11.5
3.44886e-05 4.5 11.5 -12
0.00011739 4.5 11.5 -12.5
0.000123262 5.5 10.5 -13
0.000317732 5 11 -12.5
0.000298976 4.5 11.5 -13
0.000167794 5.5 10.5 -13.5
0.00057876 4.5 11.5 -13.5
0.000181832 5.5 10.5 -14
0.00101531 5 11 -13.5
3.10584e-05 4 12 -14
0.00112511 4.5 11.5 -14.5
0.000120303 5.5 10.5 -15
0.00145359 5 11 -14.5
4.22604e-05 4 12 -14.5
6.52037e-05 5.5 10.5 -15.5
0.00124865 4.5 11.5 -15
4.00489e-05 4 12 -15
0.00118174 4.5 11.5 -15.5
0.00130657 5 11 -15.5
0.000505526 4.5 11.5 -16.5
0.000555111 5 11 -16.5
0.000196853 4.5 11.5 -17
3.54394e-05 4.5 11.5 -17.5
8.1822e-05 5 11 -17.5
0.000259163 5 11 -17
0.000880491 4.5 11.5 -16
3.19855e-05 4 12 -15.5
0.000946572 5 11 -16
0.00149397 5 11 -15
0.000894795 4.5 11.5 -14
0.000151737 5.5 10.5 -14.5
0.0013265 5 11 -14
0.00062745 5 11 -13
6.38861e-05 5.5 10.5 -12.5
0.000128772 5 11 -12
2.62527e-05 5 11.5 -11
0.000107674 5 11.5 -11.5
0.000286075 5 11.5 -12
3.19833e-05 4.5 12 -12
0.000598203 5 11.5 -12.5
0.000258887 5.5 11 -12.5
8.73578e-05 4.5 12 -12.5
0.000948378 5 11.5 -13
0.000189332 4.5 12 -13
0.00127265 5 11.5 -13.5
0.000531943 5.5 11 -13.5
0.000329467 4.5 12 -13.5
0.000490372 4.5 12 -14
0.00156285 5 11.5 -14.5
0.000535856 5.5 11 -14.5
0.000578423 4.5 12 -14.5
0.000620034 4.5 12 -15
0.00026063 5.5 11 -15.5
0.000138481 5.5 11 -16
6.24625e-05 5.5 11 -16.5
0.000802413 5 11.5 -16
0.000167521 5 11.5 -17
0.000127666 4.5 12 -16.5
3.60087e-05 5 11.5 -17.5
0.000436778 5 11.5 -16.5
0.000324167 4.5 12 -16
0.000521749 4.5 12 -15.5
0.00116832 5 11.5 -15.5
0.00145578 5 11.5 -15
0.000417829 5.5 11 -15
0.00147989 5 11.5 -14
0.000585557 5.5 11 -14
4.24661e-05 5 12 -11
2.58753e-05 6 11 -11.5
7.19949e-05 5.5 11.5 -11
0.000122623 5 12 -11.5
4.40643e-05 6 11 -12
0.00029952 5 12 -12
5.41633e-05 6 11 -12.5
2.25686e-05 4.5 12.5 -12
0.0005809 5 12 -12.5
5.13775e-05 6 11 -13
0.000563767 5.5 11.5 -12.5
4.92272e-05 4.5 12.5 -12.5
0.000899647 5 12 -13
0.000965717 5.5 11.5 -13.5
3.10209e-05 6 11 -13.5
8.92974e-05 4.5 12.5 -13
0.00121271 5 12 -13.5
0.000137359 4.5 12.5 -13.5
0.00136064 5 12 -14
0.000182204 4.5 12.5 -14
0.00140334 5 12 -14.5
0.000198514 4.5 12.5 -14.5
0.00119447 5 12 -15
0.000173975 4.5 12.5 -15
0.000100784 4.5 12.5 -15.5
0.00028718 5.5 11.5 -16
4.16315e-05 5.5 11.5 -17
0.000226824 5 12 -16.5
6.47469e-05 5 12 -17
2.75062e-05 4.5 12.5 -16
0.000128463 5.5 11.5 -16.5
0.000515042 5 12 -16
0.000860211 5 12 -15.5
0.000518982 5.5 11.5 -15.5
0.000766673 5.5 11.5 -15
0.000947925 5.5 11.5 -14.5
0.00101872 5.5 11.5 -14
0.000807639 5.5 11.5 -13
2.5152e-05 5.5 12 -10
9.4266e-05 5.5 12 -10.5
2.65141e-05 6 11.5 -10.5
0.000229172 5.5 12 -11
4.11682e-05 5 12.5 -11
0.000416973 5.5 12 -11.5
0.000110506 5 12.5 -11.5
0.000658399 5.5 12 -12
0.000251848 5 12.5 -12
0.000938521 5.5 12 -12.5
0.000228565 6 11.5 -12.5
0.000454362 5 12.5 -12.5
0.000674495 5 12.5 -13
0.000201736 6 11.5 -13.5
0.000864402 5 12.5 -13.5
0.0001417 6 11.5 -14
0.00121445 5.5 12 -13.5
2.72335e-05 4.5 13 -13.5
0.00109617 5.5 12 -14.5
0.000947567 5 12.5 -14
8.08321e-05 6 11.5 -14.5
2.16877e-05 4.5 13 -14
0.000915892 5 12.5 -14.5
0.000439709 5 12.5 -15.5
0.000522931 5.5 12 -15.5
5.27505e-05 5 12.5 -16.5
0.000113953 5.5 12 -16.5
3.14663e-05 5.5 12 -17
0.000202095 5 12.5 -16
0.000279932 5.5 12 -16
0.000708369 5 12.5 -15
0.000814228 5.5 12 -15
0.00124408 5.5 12 -14
0.00115482 5.5 12 -13
2.13249e-05 6 12 -9.5
5.71719e-05 6 12 -10
5.63888e-05 5.5 12.5 -10
0.000121646 6 12 -10.5
0.000148743 5.5 12.5 -10.5
0.000299541 5.5 12.5 -11
3.36578e-05 5 13 -11
0.000532656 5.5 12.5 -11.5
7.5127e-05 5 13 -11.5
0.000806141 5.5 12.5 -12
0.000145229 5 13 -12
0.00101346 5.5 12.5 -12.5
0.000549031 6 12 -12.5
0.000237459 5 13 -12.5
0.00116208 5.5 12.5 -13
0.000343563 5 13 -13
0.00122714 5.5 12.5 -13.5
0.000523335 6 12 -13.5
0.000408414 5 13 -13.5
0.000952609 5.5 12.5 -14.5
0.000431397 5 13 -14
0.000253011 6 12 -14.5
0.00035746 5 13 -14.5
6.77689e-05 6 12 -15.5
9.4219e-05 5 13 -15.5
0.000398248 5.5 12.5 -15.5
5.72375e-05 5.5 12.5 -16.5
0.000182515 5.5 12.5 -16
0.000230993 5 13 -15
0.000668099 5.5 12.5 -15
0.000136154 6 12 -15
0.00117527 5.5 12.5 -14
0.000396399 6 12 -14
3.17578e-05 6 12.5 -9
8.80162e-05 6 12.5 -9.5
2.25574e-05 6.5 12 -9.5
2.06956e-05 5.5 13 -9.5
5.64111e-05 5.5 13 -10
7.05771e-05 6.5 12 -10.5
0.00017242 6 12.5 -10
0.000296478 6 12.5 -10.5
4.32217e-05 6.5 12 -10
0.000584832 6 12 -13
0.000137551 5.5 13 -10.5
0.000452164 6 12.5 -11
8.59497e-05 6.5 12 -11
0.000276812 5.5 13 -11
0.000611606 6 12.5 -11.5
8.87867e-05 6.5 12 -11.5
0.000472648 5.5 13 -11.5
3.75671e-05 5 13.5 -11.5
0.000704654 5.5 13 -12
0.000871561 6 12.5 -12.5
5.43944e-05 6.5 12 -12.5
6.10503e-05 5 13.5 -12
0.000930667 5.5 13 -12.5
8.9964e-05 5 13.5 -12.5
0.00102235 5.5 13 -13
0.000112952 5 13.5 -13
0.00103917 5.5 13 -13.5
0.000810935 6 12.5 -13.5
0.000118681 5 13.5 -13.5
8.61801e-05 5 13.5 -14
0.00065708 5.5 13 -14.5
0.000445564 6 12.5 -14.5
3.91443e-05 5 13.5 -14.5
0.000199293 5.5 13 -15.5
0.000130698 6 12.5 -15.5
6.7548e-05 5.5 13 -16
4.98852e-05 6 12.5 -16
0.000406199 5.5 13 -15
0.000263183 6 12.5 -15
0.000892515 5.5 13 -14
0.000643931 6 12.5 -14
2.65533e-05 6.5 12.5 -8.5
2.3398e-05 6 13 -8.5
5.46011e-05 6.5 12.5 -9
7.08153e-05 6 13 -9
0.000912865 6 12.5 -13
0.000160822 6 13 -9.5
9.56924e-05 6.5 12.5 -9.5
0.00030045 6 13 -10
0.000156127 6.5 12.5 -10
4.75579e-05 5.5 13.5 -10
0.000469302 6 13 -10.5
0.00010102 5.5 13.5 -10.5
0.000644063 6 13 -11
0.000193772 5.5 13.5 -11
0.000812971 6 13 -11.5
0.000295889 6.5 12.5 -11.5
0.000321791 5.5 13.5 -11.5
0.000461843 5.5 13.5 -12
0.000241061 6.5 12.5 -12.5
0.000585442 5.5 13.5 -12.5
0.000159477 6.5 12.5 -13
0.000942181 6 13 -12.5
0.00062422 5.5 13.5 -13
0.000822064 6 13 -13.5
9.05494e-05 6.5 12.5 -13.5
0.000571884 5.5 13.5 -13.5
0.000446002 5.5 13.5 -14
0.00028215 5.5 13.5 -14.5
0.000427963 6 13 -14.5
0.00013375 5.5 13.5 -15
3.58489e-05 6 13 -16
3.61952e-05 5.5 13.5 -15.5
0.000109652 6 13 -15.5
0.000243569 6 13 -15
0.000637531 6 13 -14
2.79013e-05 6.5 12.5 -14
4.15583e-05 6.5 13 -8
2.17244e-05 7 12.5 -8.5
2.96714e-05 6 13.5 -8.5
3.24268e-05 7 12.5 -9
9.10746e-05 6.5 13 -8.5
0.000153681 6.5 13 -9
0.00092898 6 13 -13
0.000924018 6 13 -12
7.17278e-05 6 13.5 -9
0.000232086 6.5 13 -9.5
4.25948e-05 7 12.5 -9.5
0.000159061 6 13.5 -9.5
0.000317003 6.5 13 -10
4.71206e-05 7 12.5 -10
0.000290758 6 13.5 -10
0.0004212 6.5 13 -10.5
3.67379e-05 7 12.5 -10.5
3.0298e-05 5.5 14 -10
0.000453717 6 13.5 -10.5
5.8071e-05 5.5 14 -10.5
0.000639692 6 13.5 -11
9.81918e-05 5.5 14 -11
0.000783244 6 13.5 -11.5
0.00014579 5.5 14 -11.5
0.000871214 6 13.5 -12
0.000196388 5.5 14 -12
0.000897032 6 13.5 -12.5
0.000477195 6.5 13 -12.5
0.000228112 5.5 14 -12.5
0.000839189 6 13.5 -13
0.000226639 5.5 14 -13
0.000694993 6 13.5 -13.5
0.000227506 6.5 13 -13.5
0.000167105 5.5 14 -13.5
8.95593e-05 5.5 14 -14
6.49194e-05 6.5 13 -14.5
0.000491912 6 13.5 -14
2.76796e-05 5.5 14 -14.5
0.000141653 6 13.5 -15
5.04488e-05 6 13.5 -15.5
0.000294121 6 13.5 -14.5
3.70411e-05 6.5 13.5 -7.5
3.1818e-05 7 13 -7.5
5.39292e-05 7 13 -8
0.000125768 6.5 13 -14
8.50366e-05 6.5 13.5 -8
0.000168856 6.5 13.5 -8.5
8.42383e-05 7 13 -8.5
2.7208e-05 6 14 -8.5
0.000270912 6.5 13.5 -9
0.000117897 7 13 -9
6.02126e-05 6 14 -9
0.000125447 6 14 -9.5
0.000160045 7 13 -10
0.000378531 6.5 13.5 -9.5
0.000229639 6 14 -10
0.000149098 7 13 -10.5
0.000493336 6.5 13.5 -10
0.000598885 6.5 13.5 -10.5
0.000144757 7 13 -9.5
0.000351174 6.5 13 -13
0.000356039 6 14 -10.5
0.000666782 6.5 13.5 -11
0.000122722 7 13 -11
0.00049206 6 14 -11
0.000716112 6.5 13.5 -11.5
9.27035e-05 7 13 -11.5
2.22127e-05 5.5 14.5 -11
0.000602971 6 14 -11.5
3.57814e-05 5.5 14.5 -11.5
0.000665747 6 14 -12
0.000707296 6.5 13.5 -12
3.52279e-05 5.5 14.5 -12
0.000651719 6 14 -12.5
3.1485e-05 5.5 14.5 -12.5
0.000552049 6 14 -13
0.00048317 6.5 13.5 -13
0.000407202 6 14 -13.5
0.000252334 6 14 -14
0.000208684 6.5 13.5 -14
0.000118857 6 14 -14.5
2.63994e-05 6 14 -15
4.2307e-05 6.5 13.5 -15
4.6713e-05 7 13.5 -7
0.00010644 6.5 13.5 -14.5
8.95949e-05 7 13.5 -7.5
2.16789e-05 7.5 13 -7.5
3.8648e-05 6.5 14 -7.5
2.63481e-05 7.5 13 -8
0.000338799 6.5 13.5 -13.5
0.000136252 7 13.5 -8
0.000616882 6.5 13.5 -12.5
8.81642e-05 6.5 14 -8
0.000187006 7 13.5 -8.5
2.79377e-05 7.5 13 -8.5
0.000168516 6.5 14 -8.5
0.000245849 7 13.5 -9
0.000270983 6.5 14 -9
3.96036e-05 6 14.5 -9
0.000396428 6.5 14 -9.5
0.000300996 7 13.5 -9.5
7.27589e-05 6 14.5 -9.5
0.00050488 6.5 14 -10
0.000322898 7 13.5 -10
0.000122523 6 14.5 -10
0.000600431 6.5 14 -10.5
0.000187908 6 14.5 -10.5
0.000669919 6.5 14 -11
0.00024943 6 14.5 -11
0.000298304 6 14.5 -11.5
0.000172727 7 13.5 -12
0.000697026 6.5 14 -11.5
0.000316929 6 14.5 -12
9.66921e-05 7 13.5 -12.5
0.000272632 6 14.5 -12.5
4.19815e-05 7 13.5 -13
0.000561185 6.5 14 -12.5
0.000294723 6.5 14 -13.5
0.000201309 6 14.5 -13
0.000115601 6 14.5 -13.5
7.54108e-05 6.5 14 -14.5
2.07002e-05 6.5 14 -15
4.1709e-05 6 14.5 -14
2.94971e-05 7.5 13.5 -6.5
0.000170994 6.5 14 -14
3.66409e-05 7 14 -6.5
8.82959e-05 7 14 -7
4.96611e-05 7.5 13.5 -7
7.42173e-05 7.5 13.5 -7.5
0.000156141 7 14 -7.5
0.000435279 6.5 14 -13
3.4895e-05 6.5 14.5 -7.5
8.86481e-05 7.5 13.5 -8
7.41931e-05 6.5 14.5 -8
9.51489e-05 7.5 13.5 -8.5
0.000224208 7 14 -8
0.000302232 7 14 -8.5
0.000642656 6.5 14 -12
0.000139805 6.5 14.5 -8.5
8.73557e-05 7.5 13.5 -9
0.000230502 6.5 14.5 -9
7.37574e-05 7.5 13.5 -9.5
0.000371828 7 14 -9
0.000414114 7 14 -9.5
0.000335397 6.5 14.5 -9.5
0.000459372 7 14 -10
4.78234e-05 7.5 13.5 -10
2.69797e-05 6 15 -9.5
0.00044512 6.5 14.5 -10
0.000481451 7 14 -10.5
4.56091e-05 6 15 -10
0.000521489 6.5 14.5 -10.5
6.29307e-05 6 15 -10.5
0.000561644 6.5 14.5 -11
7.3981e-05 6 15 -11
0.000548097 6.5 14.5 -11.5
0.00039772 7 14 -11.5
7.23999e-05 6 15 -11.5
0.000475979 6.5 14.5 -12
5.91561e-05 6 15 -12
0.000384358 6.5 14.5 -12.5
0.000199149 7 14 -12.5
2.71481e-05 6 15 -12.5
0.000161691 6.5 14.5 -13.5
5.84615e-05 7 14 -13.5
2.12273e-05 6.5 14.5 -14.5
4.28672e-05 7.5 14 -6
7.7589e-05 6.5 14.5 -14
7.95112e-05 7.5 14 -6.5
4.32045e-05 7 14.5 -6.5
0.000271706 6.5 14.5 -13
8.89323e-05 7 14.5 -7
0.000115501 7.5 14 -7
0.000115971 7 14 -13
0.000156197 7 14.5 -7.5
0.000147603 7.5 14 -7.5
0.000237003 7 14.5 -8
0.0001825 7.5 14 -8
4.5527e-05 6.5 15 -8
0.000317162 7 14.5 -8.5
0.000203135 7.5 14 -8.5
0.000300157 7 14 -12
8.12527e-05 6.5 15 -8.5
0.000388128 7 14.5 -9
0.000210033 7.5 14 -9
0.000134519 6.5 15 -9
0.000440703 7 14.5 -9.5
0.000190944 7.5 14 -9.5
0.000195181 6.5 15 -9.5
0.000255644 6.5 15 -10
0.000101482 7.5 14 -10.5
0.000292877 6.5 15 -10.5
6.16717e-05 7.5 14 -11
0.000305848 6.5 15 -11
0.000389797 7 14.5 -11.5
0.000280104 6.5 15 -11.5
0.000231771 6.5 15 -12
0.000157897 6.5 15 -12.5
0.000200201 7 14.5 -12.5
8.60695e-05 6.5 15 -13
2.55147e-05 6.5 15 -13.5
6.051e-05 7 14.5 -13.5
2.62633e-05 7.5 14.5 -5.5
3.99799e-05 8 14 -6
7.359e-05 7.5 14.5 -6
2.20135e-05 7 14.5 -14
0.000126012 7.5 14.5 -6.5
5.39701e-05 8 14 -6.5
3.59517e-05 7 15 -6.5
0.000172466 7.5 14.5 -7
6.03634e-05 8 14 -7
7.28152e-05 7 15 -7
0.000216087 7.5 14.5 -7.5
6.13872e-05 8 14 -7.5
0.00011975 7 14.5 -13
0.000128187 7 15 -7.5
0.000253778 7.5 14.5 -8
4.99025e-05 8 14 -8
0.000202587 7 15 -8
3.39739e-05 8 14 -8.5
0.000294223 7 14.5 -12
0.000282298 7 15 -8.5
0.000293808 7.5 14.5 -8.5
2.81735e-05 6.5 15.5 -8.5
0.000346747 7 15 -9
0.000313478 7.5 14.5 -9
4.97552e-05 6.5 15.5 -9
0.000389755 7 15 -9.5
6.86782e-05 6.5 15.5 -9.5
0.000406177 7 15 -10
7.96456e-05 6.5 15.5 -10
0.00040535 7 15 -10.5
8.55632e-05 6.5 15.5 -10.5
7.3913e-05 6.5 15.5 -11
8.6858e-05 7.5 14.5 -11.5
0.000368048 7 15 -11
5.52498e-05 6.5 15.5 -11.5
4.43913e-05 7.5 14.5 -12
2.66467e-05 6.5 15.5 -12
0.000209988 7 15 -12
7.16669e-05 7 15 -13
5.79759e-05 8 14.5 -5.5
2.62247e-05 7 15 -13.5
3.00456e-05 7.5 15 -5.5
8.88569e-05 8 14.5 -6
7.28118e-05 7.5 15 -6
0.000124273 7.5 15 -6.5
0.00010881 8 14.5 -6.5
0.000135992 7 15 -12.5
0.00029348 7 15 -11.5
0.000174098 7.5 15 -7
0.000124373 8 14.5 -7
4.18692e-05 7 15.5 -7
0.000221969 7.5 15 -7.5
0.000129176 8 14.5 -7.5
7.51713e-05 7 15.5 -7.5
0.000267083 7.5 15 -8
0.000122106 8 14.5 -8
0.000116089 7 15.5 -8
0.000295181 7.5 15 -8.5
0.000102135 8 14.5 -8.5
0.000158159 7 15.5 -8.5
0.000312179 7.5 15 -9
0.00020035 7 15.5 -9
0.00031139 7.5 15 -9.5
0.000235407 7 15.5 -9.5
0.000251915 7 15.5 -10
0.000236137 7 15.5 -10.5
0.000197061 7 15.5 -11
0.000188196 7.5 15 -11
0.000143539 7 15.5 -11.5
8.91481e-05 7 15.5 -12
7.43742e-05 7.5 15 -12
3.93358e-05 7 15.5 -12.5
2.71131e-05 8 15 -5
3.70142e-05 8.5 14.5 -5.5
7.92862e-05 8 15 -5.5
4.27656e-05 8.5 14.5 -6
0.000115635 8 15 -6
5.39426e-05 7.5 15.5 -6
3.39039e-05 8.5 14.5 -6.5
9.34631e-05 7.5 15.5 -6.5
0.000141793 8 15 -6.5
0.000164172 8 15 -7
0.000143909 7.5 15.5 -7
3.52732e-05 7.5 15 -12.5
0.000131335 7.5 15 -11.5
0.000192395 7.5 15.5 -7.5
0.00018109 8 15 -7.5
0.000229136 7.5 15.5 -8
0.000185735 8 15 -8
2.90627e-05 7 16 -8
4.25618e-05 7 16 -8.5
0.000136774 8 15 -9
0.000254541 7.5 15.5 -8.5
5.5309e-05 7 16 -9
9.31163e-05 8 15 -9.5
0.000265574 7.5 15.5 -9
7.02256e-05 7 16 -9.5
5.56371e-05 8 15 -10
0.000257412 7.5 15.5 -9.5
7.63602e-05 7 16 -10
0.000196873 7.5 15.5 -10.5
6.26476e-05 7 16 -10.5
3.4988e-05 7 16 -11
0.000100068 7.5 15.5 -11.5
2.48048e-05 8 15.5 -5
3.65263e-05 8.5 15 -5
6.7335e-05 8.5 15 -5.5
7.17943e-05 8 15.5 -5.5
0.000108667 8 15.5 -6
7.52897e-05 8.5 15 -6
5.31636e-05 7.5 15.5 -12
0.000137684 8 15.5 -6.5
7.36218e-05 8.5 15 -6.5
4.60554e-05 7.5 16 -6.5
6.07686e-05 8.5 15 -7
0.000159949 8 15.5 -7
0.000150901 7.5 15.5 -11
7.40094e-05 7.5 16 -7
0.000176649 8 15.5 -7.5
4.48552e-05 8.5 15 -7.5
0.000101212 7.5 16 -7.5
0.000125497 7.5 16 -8
0.000184387 8 15.5 -8
0.000142157 7.5 16 -8.5
0.000173128 8 15.5 -8.5
0.000148279 7.5 16 -9
0.00014113 7.5 16 -9.5
0.000124986 7.5 16 -10
9.8458e-05 7.5 16 -10.5
5.52363e-05 8 15.5 -10.5
6.38586e-05 7.5 16 -11
3.31838e-05 7.5 16 -11.5
3.75112e-05 8.5 15.5 -5
6.8334e-05 8.5 15.5 -5.5
2.99351e-05 8 16 -5.5
7.12778e-05 8 16 -6
8.74999e-05 8.5 15.5 -6
0.000100488 8 16 -6.5
9.38886e-05 8.5 15.5 -6.5
9.38918e-05 8.5 15.5 -7
7.72299e-05 8.5 15.5 -7.5
0.000122789 8 16 -7
2.15013e-05 7.5 16.5 -7.5
5.46353e-05 8.5 15.5 -8
0.000136987 8 16 -7.5
0.000140443 8 16 -8
3.08668e-05 7.5 16.5 -8
0.000133559 8 16 -8.5
3.52747e-05 8.5 15.5 -8.5
3.31127e-05 7.5 16.5 -8.5
0.000121924 8 16 -9
3.30664e-05 7.5 16.5 -9
2.48422e-05 7.5 16.5 -9.5
2.02328e-05 7.5 16.5 -10
7.41273e-05 8 16 -10
2.09805e-05 8 16 -11
4.51264e-05 8.5 16 -5.5
2.3986e-05 9 15.5 -5.5
7.1838e-05 8.5 16 -6
2.05087e-05 9 15.5 -6
8.36237e-05 8.5 16 -6.5
3.54825e-05 8 16.5 -6.5
8.60394e-05 8.5 16 -7
4.98148e-05 8 16.5 -7
4.57424e-05 8 16 -10.5
5.68713e-05 8 16.5 -7.5
7.71504e-05 8.5 16 -7.5
5.92157e-05 8 16.5 -8
6.55133e-05 8.5 16 -8
3.12944e-05 8.5 16 -9
4.9803e-05 8 16.5 -9
5.7639e-05 8 16.5 -8.5
3.71953e-05 8 16.5 -9.5
2.24071e-05 8 16.5 -10
2.22393e-05 9 16 -5.5
2.82297e-05 9 16 -6
2.4773e-05 8.5 16.5 -6
3.85816e-05 8.5 16.5 -6.5
2.11419e-05 9 16 -6.5
4.4867e-05 8.5 16.5 -7
4.6415e-05 8.5 16.5 -7.5
3.12291e-05 8.5 16.5 -8.5
4.21579e-05 8.5 16.5 -8
4.86831e-05 8.5 16 -8.5
0.000101048 8 16 -9.5
2.20897e-05 8 15.5 -11
9.02447e-05 8 15.5 -10
0.000127265 8 15.5 -9.5
0.000153773 8 15.5 -9
0.000229532 7.5 15.5 -10
0.00017099 8 15 -8.5
0.000239233 7.5 15 -10.5
0.000279063 7.5 15 -10
4.25685e-05 8 14.5 -9.5
7.17659e-05 8 14.5 -9
0.000136533 7.5 14.5 -11
0.000203467 7.5 14.5 -10.5
0.00026459 7.5 14.5 -10
0.000300423 7.5 14.5 -9.5
0.000454538 7 14.5 -11
0.000476907 7 14.5 -10.5
0.000459723 7 14.5 -10
0.000149312 7.5 14 -10
0.000457887 7 14 -11
0.000251051 7 13.5 -11.5
0.00030738 7 13.5 -11
0.000328059 7 13.5 -10.5
5.23051e-05 7 13 -12
0.000553246 6.5 13 -12
0.000553107 6.5 13 -11.5
0.000514084 6.5 13 -11
0.000297965 6.5 12.5 -12
0.000268601 6.5 12.5 -11
0.000218996 6.5 12.5 -10.5
0.000755414 6 12.5 -12
7.82598e-05 6.5 12 -12
0.000473167 6 12 -12
0.000353379 6 12 -11.5
0.000221565 6 12 -11
0.000244003 6 11.5 -13
0.000185313 6 11.5 -12
0.000121453 6 11.5 -11.5
6.22818e-05 6 11.5 -11
0.00035494 5.5 11.5 -12
0.000184641 5.5 11.5 -11.5
0.000409054 5.5 11 -13
0.000121972 5.5 11 -12
4.18549e-05 5.5 11 -11.5
2.38143e-05 5.5 10.5 -12
7.30717e-05 5 10 -13
