0.111672
3.02315e-05 -8.5 -1 8.5
7.94975e-05 -8.5 -1 8
6.24194e-05 -9 -0.5 8.5
6.62497e-05 -8.5 -1 7.5
0.000177496 -9 -0.5 8
0.000159873 -9 -0.5 7.5
7.8056e-05 -9.5 0 8
8.30097e-05 -9.5 0 7.5
2.51303e-05 -8 -1 8.5
7.87612e-05 -8 -1 8
0.00027127 -8.5 -0.5 8.5
8.26521e-05 -8 -1 7.5
0.000596514 -8.5 -0.5 8
0.000939244 -9 0 8.5
0.000531209 -9.5 0.5 8.5
5.85784e-05 -8 -1 7
0.000601895 -8.5 -0.5 7.5
0.00158487 -9 0 8
3.19761e-05 -10 1 8.5
0.000924101 -9.5 0.5 8
0.000258474 -8.5 -0.5 7
0.00147785 -9 0 7.5
0.000147845 -10 1 8
0.000498771 -9 0 7
0.000939272 -9.5 0.5 7.5
0.000163926 -10 1 7.5
0.000115778 -10 1 7
0.000394205 -9.5 0.5 7
2.20137e-05 -8 -0.5 9
0.000222748 -8 -0.5 8.5
0.000258338 -8.5 0 9
0.00134125 -9 0.5 9
4.29782e-05 -7.5 -1 7.5
0.000560905 -8 -0.5 8
0.00205882 -8.5 0 8.5
0.000410055 -9.5 1 9
3.87687e-05 -7.5 -1 7
0.000612508 -8 -0.5 7.5
0.00339076 -8.5 0 8
0.00567394 -9 0.5 8.5
0.00279743 -9.5 1 8.5
0.00706618 -9 0.5 8
0.000469676 -8 -0.5 7
0.00333882 -8.5 0 7.5
0.000168713 -10 1.5 8.5
0.00386571 -9.5 1 8
7.16598e-05 -8 -0.5 6.5
0.00190672 -8.5 0 7
0.00651832 -9 0.5 7.5
0.000494054 -10 1.5 8
0.00362389 -9.5 1 7.5
0.000511148 -10 1.5 7.5
3.83209e-05 -10.5 2 7.5
3.54586e-05 -10.5 2 7
0.000102358 -10 1.5 6.5
0.000423274 -10 1.5 7
0.00199368 -9.5 1 7
0.00304043 -9 0.5 7
0.000132003 -8.5 0.5 9.5
8.63848e-05 -7.5 -0.5 8
0.000266891 -9 1 9.5
0.00141601 -8 0 8.5
0.00196492 -8.5 0.5 9
0.00681102 -8.5 0.5 8.5
0.00298941 -9 1 9
0.000254997 -7.5 -0.5 7.5
2.23932e-05 -9.5 1.5 9.5
0.00282386 -8 0 8
0.000515197 -9.5 1.5 9
0.000249923 -7.5 -0.5 7
0.00294786 -8 0 7.5
0.00952885 -8.5 0.5 8
0.00988445 -9 1 8.5
0.00311988 -9.5 1.5 8.5
0.00926559 -8.5 0.5 7.5
0.0136591 -9 1 8
0.00014479 -7.5 -0.5 6.5
0.00208124 -8 0 7
0.000162332 -10 2 8.5
0.00553502 -9.5 1.5 8
0.000652676 -8 0 6.5
0.000534099 -10 2 8
0.00556394 -9.5 1.5 7.5
0.00613488 -8.5 0.5 7
0.000702759 -10 2 7.5
0.00117183 -8.5 0.5 6.5
4.02649e-05 -10.5 2.5 7.5
0.000664648 -10 2 7
0.00189586 -9 1 6.5
4.28423e-05 -10.5 2.5 7
3.9105e-05 -10.5 2.5 6.5
0.000398365 -10 2 6.5
0.00144024 -9.5 1.5 6.5
0.00444864 -9.5 1.5 7
0.00827076 -9 1 7
0.0129565 -9 1 7.5
0.000123827 -8 0.5 9.5
2.38984e-05 -7.5 0 8.5
0.00118099 -8 0.5 9
0.00354898 -8.5 1 9
0.000328665 -9 1.5 9.5
0.000351349 -7.5 0 8
0.00423669 -8 0.5 8.5
0.00295161 -9 1.5 9
0.0107936 -8.5 1 8.5
2.68213e-05 -9.5 2 9.5
0.000838477 -7.5 0 7.5
0.00714678 -8 0.5 8
0.000472262 -9.5 2 9
0.00998848 -9 1.5 8.5
4.72774e-05 -7 -0.5 6.5
0.00104262 -7.5 0 7
0.00727139 -8 0.5 7.5
0.0154948 -8.5 1 8
0.00289277 -9.5 2 8.5
0.01486 -9 1.5 8
0.00060588 -7.5 0 6.5
0.00550104 -8 0.5 7
0.000127498 -10 2.5 8.5
0.00536455 -9.5 2 8
0.0148158 -9 1.5 7.5
0.000136926 -7.5 0 6
0.00229983 -8 0.5 6.5
0.00048769 -10 2.5 8
0.00560752 -9.5 2 7.5
0.000114132 -8 0.5 6
0.000684867 -10 2.5 7.5
0.00490218 -9.5 2 7
0.00450992 -8.5 1 6.5
0.0117871 -9 1.5 7
3.72829e-05 -10.5 3 7.5
9.44343e-05 -8.5 1 6
0.000671568 -10 2.5 7
4.1286e-05 -10.5 3 7
0.000320098 -9 1.5 6
0.000194848 -10 2.5 6
2.52387e-05 -10.5 3 6
3.93472e-05 -10.5 3 6.5
0.000444686 -9.5 2 6
0.000524348 -10 2.5 6.5
0.00278253 -9.5 2 6.5
0.00519261 -9 1.5 6.5
0.0112273 -8.5 1 7
0.0151446 -8.5 1 7.5
0.000316098 -8 1 9.5
0.000510192 -8.5 1.5 9.5
0.000166834 -7.5 0.5 8.5
0.00353218 -8.5 1.5 9
0.000306558 -9 2 9.5
0.00103709 -7.5 0.5 8
4.76144e-05 -8.5 1.5 10
0.00719263 -8 1 8.5
0.00253221 -9 2 9
0.0108981 -8.5 1.5 8.5
3.94535e-05 -7 0 7
2.73857e-05 -9.5 2.5 9.5
2.00102e-05 -9 2 10
0.00215152 -7.5 0.5 7.5
0.0114037 -8 1 8
0.000326087 -9.5 2.5 9
0.00869845 -9 2 8.5
0.0164626 -8.5 1.5 8
0.000176985 -7 0 6.5
0.00217195 -7.5 0.5 7
0.00184017 -9.5 2.5 8.5
0.000100094 -7 0 6
0.00151729 -7.5 0.5 6.5
8.21933e-05 -10 3 8.5
0.00425555 -9.5 2.5 8
0.0140292 -9 2 7.5
0.00926243 -8 1 7
0.0165271 -8.5 1.5 7.5
0.000361907 -10 3 8
0.000505453 -7.5 0.5 6
0.00479609 -9.5 2.5 7.5
0.00444801 -8 1 6.5
0.000601132 -10 3 7.5
0.000936354 -8 1 6
0.00709947 -8.5 1.5 6.5
0.00435992 -9.5 2.5 7
0.0114922 -9 2 7
3.68997e-05 -10.5 3.5 7.5
0.000589161 -10 3 7
0.00153971 -8.5 1.5 6
3.87822e-05 -10.5 3.5 7
3.21485e-05 -10.5 3.5 6.5
0.00113853 -9.5 2.5 6
6.86826e-05 -10 3 5.5
0.000114557 -9.5 2.5 5.5
0.00024781 -10 3 6
0.000478921 -10 3 6.5
0.00193429 -9 2 6
0.00274662 -9.5 2.5 6.5
0.00630584 -9 2 6.5
0.013314 -8.5 1.5 7
0.0138561 -9 2 8
9.97377e-05 -7.5 1 9
0.000420663 -8 1.5 9.5
0.000462201 -8.5 2 9.5
0.000759986 -7.5 1 8.5
0.00304966 -8.5 2 9
4.25911e-05 -8 1.5 10
0.002647 -8 1.5 9
0.000200773 -9 2.5 9.5
4.68972e-05 -8.5 2 10
0.00233493 -7.5 1 8
0.00139047 -9 2.5 9
0.0122834 -8 1.5 8
0.00953036 -8.5 2 8.5
6.30176e-05 -7 0.5 7
0.00369997 -7.5 1 7.5
5.74556e-05 -9.5 3 9
0.0049641 -9 2.5 8.5
0.0149536 -8.5 2 8
0.000303705 -7 0.5 6.5
0.00353315 -7.5 1 7
0.00032927 -9.5 3 8.5
0.00880686 -9 2.5 8
0.0152316 -8.5 2 7.5
0.0126262 -8 1.5 7.5
0.00129261 -9.5 3 8
0.000232449 -7 0.5 6
0.00934093 -9 2.5 7.5
0.00251109 -7.5 1 6.5
6.7411e-05 -7 0.5 5.5
3.46405e-05 -10 3.5 8
0.000928503 -7.5 1 6
0.0020454 -9.5 3 7.5
0.00595234 -8 1.5 6.5
0.0070804 -8.5 2 6.5
0.000121775 -10 3.5 7.5
8.72108e-05 -7.5 1 5.5
0.00218635 -9.5 3 7
0.00195493 -8 1.5 6
0.000201685 -10 3.5 7
9.45753e-05 -8 1.5 5.5
0.00179927 -9.5 3 6.5
0.000227259 -10 3.5 6.5
0.000304041 -8.5 2 5.5
0.000982869 -9.5 3 6
0.000346131 -9.5 3 5.5
2.14753e-05 -10 3.5 5
2.16485e-05 -9.5 3 5
7.77126e-05 -10 3.5 5.5
0.000164768 -10 3.5 6
0.000497381 -9 2.5 5.5
0.00225232 -9 2.5 6
0.00268024 -8.5 2 6
0.00526893 -9 2.5 6.5
0.00820358 -9 2.5 7
0.0125658 -8.5 2 7
0.0105483 -8 1.5 7
4.49096e-05 -7.5 1.5 9.5
0.000392826 -8 2 9.5
0.00243112 -8 2 9
0.000323299 -8.5 2.5 9.5
4.19102e-05 -8 2 10
0.00164683 -7.5 1.5 8.5
0.00198571 -8.5 2.5 9
0.00714633 -8 2 8.5
4.11087e-05 -9 3 9.5
3.69261e-05 -8.5 2.5 10
0.00379488 -7.5 1.5 8
0.000196346 -9 3 9
0.00565315 -8.5 2.5 8.5
0.0111968 -8 2 8
0.000176205 -7 1 7
0.000877439 -9 3 8.5
0.00917903 -8.5 2.5 8
0.00230427 -9 3 8
0.000450005 -7 1 6.5
0.00433194 -7.5 1.5 7
0.00960243 -8.5 2.5 7.5
0.00321095 -9 3 7.5
0.000375447 -7 1 6
0.00836366 -8.5 2.5 7
0.00286801 -7.5 1.5 6.5
0.00969931 -8 2 7
0.00012451 -7 1 5.5
8.52664e-05 -9.5 3.5 7.5
0.00128721 -7.5 1.5 6
0.00308831 -9 3 7
0.000253046 -9.5 3.5 7
0.000264301 -7.5 1.5 5.5
0.00249487 -9 3 6.5
0.00230463 -8 2 6
0.00536825 -8.5 2.5 6.5
0.000391485 -9.5 3.5 6.5
0.000467029 -8 2 5.5
0.00150078 -9 3 6
0.000361421 -9.5 3.5 6
2.24707e-05 -10 4 6
4.01777e-05 -8.5 2.5 5
7.47592e-05 -9.5 3.5 5
2.5269e-05 -10 4 5.5
0.000113064 -9 3 5
0.00022519 -9.5 3.5 5.5
0.000570375 -9 3 5.5
0.00071911 -8.5 2.5 5.5
0.00242655 -8.5 2.5 6
0.00572312 -8 2 6.5
0.00010549 -7.5 2 9.5
0.000288056 -8 2.5 9.5
0.00170584 -8 2.5 9
0.000110892 -8.5 3 9.5
3.39947e-05 -8 2.5 10
0.00233437 -7.5 2 8.5
0.00049493 -8.5 3 9
0.00458573 -8 2.5 8.5
0.000106142 -7 1.5 7.5
0.00139452 -8.5 3 8.5
0.00262608 -8.5 3 8
0.000440991 -7 1.5 7
0.00713034 -8 2.5 7.5
0.00451576 -7.5 2 7.5
2.33309e-05 -6.5 1 6
0.000537815 -7 1.5 6.5
0.00321733 -8.5 3 7.5
0.00601195 -8 2.5 7
0.00407954 -7.5 2 7
2.83376e-05 -6.5 1 5.5
0.000120747 -9 3.5 7.5
0.000400584 -7 1.5 6
0.00299936 -8.5 3 7
0.000162238 -7 1.5 5.5
0.000290827 -9 3.5 7
0.00122755 -7.5 2 6
0.00229822 -8.5 3 6.5
0.00381685 -8 2.5 6.5
2.03199e-05 -7 1.5 5
0.000397153 -9 3.5 6.5
0.00135469 -8.5 3 6
3.90203e-05 -7.5 2 5
0.000389972 -9 3.5 6
8.6786e-05 -8 2.5 5
2.93731e-05 -9.5 4 5.5
2.99154e-05 -9.5 4 5
0.0001004 -9 3.5 5
0.000146431 -8.5 3 5
0.00026891 -9 3.5 5.5
0.000564722 -8.5 3 5.5
0.00059506 -8 2.5 5.5
0.000362798 -7.5 2 5.5
0.00183962 -8 2.5 6
0.000134941 -8 3 9.5
0.000727629 -7.5 2.5 9
0.000645007 -8 3 9
0.000116357 -7 2 8
0.00205052 -7.5 2.5 8.5
0.00150769 -8 3 8.5
0.00230371 -8 3 8
0.000483681 -7 2 7.5
0.00312851 -7.5 2.5 8
5.43653e-05 -8.5 3.5 8
0.00242039 -8 3 7.5
0.000645958 -7 2 7
2.36788e-05 -6.5 1.5 6
0.000199567 -8.5 3.5 7.5
0.000561273 -7 2 6.5
0.00169611 -7.5 2.5 6.5
3.40553e-05 -6.5 1.5 5.5
0.000303827 -8.5 3.5 7
0.00148072 -8 3 6.5
0.000139645 -7 2 5.5
0.000341133 -8.5 3.5 6.5
0.000837442 -8 3 6
0.000823312 -7.5 2.5 6
2.91753e-05 -7 2 5
0.000305604 -8.5 3.5 6
6.91763e-05 -7.5 2.5 5
0.000200526 -8.5 3.5 5.5
2.71944e-05 -9 4 5.5
2.09239e-05 -8.5 3.5 4.5
2.23725e-05 -9 4 5
8.50239e-05 -8.5 3.5 5
0.000107357 -8 3 5
0.000375255 -8 3 5.5
0.000298403 -7.5 2.5 5.5
0.000346199 -7 2 6
0.00211961 -8 3 7
0.00270042 -7.5 2.5 7
0.00321167 -7.5 2.5 7.5
9.34351e-05 -7.5 3 9.5
0.000473694 -7.5 3 9
0.00105336 -7.5 3 8.5
2.63154e-05 -8 3.5 8.5
0.00140863 -7.5 3 8
0.000581619 -7 2.5 8
0.000139396 -8 3.5 8
0.000636254 -7 2.5 7
0.000234075 -8 3.5 7.5
2.83416e-05 -6.5 2 6
0.000259947 -8 3.5 7
0.000434515 -7 2.5 6.5
0.00109309 -7.5 3 7
0.000202774 -7 2.5 6
2.34169e-05 -6.5 2 5.5
7.68111e-05 -7 2.5 5.5
0.000350646 -7.5 3 6
2.64598e-05 -7 2.5 5
0.000141878 -7.5 3 5.5
0.000174403 -8 3.5 6
4.85811e-05 -7.5 3 5
0.000103391 -8 3.5 5.5
4.69398e-05 -8 3.5 5
0.000240057 -8 3.5 6.5
0.000685229 -7.5 3 6.5
2.19637e-05 -6.5 2 6.5
0.00138793 -7.5 3 7.5
2.40445e-05 -7 3 9.5
2.08251e-05 -7.5 3.5 9.5
8.71798e-05 -7.5 3.5 9
0.000144678 -7 3 9
0.000159136 -7.5 3.5 8.5
0.000221349 -7.5 3.5 8
0.000222846 -7.5 3.5 7.5
3.52906e-05 -6.5 2.5 7
4.19278e-05 -6.5 2.5 6.5
0.000190728 -7.5 3.5 7
0.000388384 -7 3 7
3.50223e-05 -6.5 2.5 6
9.20171e-05 -7 3 6
2.89543e-05 -7 3 5.5
7.74512e-05 -7.5 3.5 6
4.18758e-05 -7.5 3.5 5.5
0.000152497 -7 3.5 8.5
7.35835e-05 -7 3.5 9
0.000137038 -7.5 3.5 6.5
0.000164899 -7 3.5 8
5.14858e-05 -6.5 3 8
0.000151595 -7 3.5 7.5
6.53178e-05 -6.5 3 7.5
3.16085e-05 -6.5 3 6.5
5.80855e-05 -7 3.5 6.5
4.42651e-05 -6.5 3.5 7.5
2.60671e-05 -6.5 3.5 7
4.75015e-05 -6.5 3.5 8
3.86436e-05 -6.5 3.5 8.5
2.76234e-05 -7 3.5 6
0.000106388 -7 3.5 7
5.63863e-05 -6.5 3 7
0.000216796 -7 3 6.5
0.00050021 -7 3 7.5
0.000494904 -7 3 8
0.000342721 -7 3 8.5
0.000691371 -7 2.5 7.5
0.000257396 -7 2.5 8.5
2.07197e-05 -7 2.5 9
0.000130359 -7.5 2.5 9.5
0.00268124 -7.5 2 6.5
0.00692334 -8 2.5 8
0.00395098 -7.5 2 8
0.000745412 -7.5 2 9
0.011541 -8 2 7.5
0.00472204 -7.5 1.5 7.5
0.000360839 -7.5 1.5 9
0.0077973 -8 1.5 8.5
0.0115773 -8 1 7.5
2.49619e-05 -8 1 10
0.00229922 -8 1 9
2.83682e-05 -8.5 1 10
0.000460986 -8.5 1 9.5
0.000251053 -8 0 9
