0.612386
2.36809e-05 -5 -10.5 -13
2.49304e-05 -5 -10.5 -13.5
2.31017e-05 -4.5 -10 -13.5
2.23171e-05 -4.5 -10 -14
2.39407e-05 -4.5 -10 -14.5
2.05933e-05 -4.5 -10.5 -14
2.70378e-05 -4.5 -9.5 -13.5
3.20136e-05 -4.5 -9.5 -14
3.25515e-05 -4.5 -9.5 -14.5
2.105e-05 -4.5 -9.5 -15
2.01013e-05 -4 -9.5 -14
2.777e-05 -4.5 -9 -13.5
2.58077e-05 -4 -9.5 -14.5
3.55225e-05 -4.5 -9 -14
2.73044e-05 -4 -9.5 -15
2.66159e-05 -4.5 -9 -15
3.75371e-05 -4.5 -9 -14.5
2.94525e-05 -4 -9 -13.5
4.38406e-05 -4 -9 -14
5.35979e-05 -4 -9 -14.5
5.05004e-05 -4 -9 -15
3.4928e-05 -4 -9 -15.5
2.09501e-05 -4.5 -8.5 -15
2.8963e-05 -4.5 -8.5 -14.5
2.91256e-05 -4.5 -8.5 -14
2.19162e-05 -4.5 -8.5 -13.5
3.55516e-05 -4 -8.5 -13.5
5.63642e-05 -4 -8.5 -14
7.28755e-05 -4 -8.5 -14.5
7.10325e-05 -4 -8.5 -15
5.22092e-05 -4 -8.5 -15.5
3.23737e-05 -4 -8.5 -16
3.17044e-05 -3.5 -8.5 -14
3.50546e-05 -4 -8 -13.5
5.10645e-05 -3.5 -8.5 -14.5
5.87566e-05 -4 -8 -14
6.12483e-05 -3.5 -8.5 -15
7.83209e-05 -4 -8 -14.5
5.91448e-05 -3.5 -8.5 -15.5
3.95903e-05 -3.5 -8.5 -16
6.16831e-05 -4 -8 -15.5
2.43604e-05 -3.5 -8.5 -16.5
3.80117e-05 -4 -8 -16
7.91727e-05 -4 -8 -15
2.76267e-05 -3.5 -8 -13.5
6.06801e-05 -3.5 -8 -14
2.07323e-05 -4 -7.5 -13.5
9.29852e-05 -3.5 -8 -14.5
4.55325e-05 -4 -7.5 -14
0.000108427 -3.5 -8 -15
0.000103289 -3.5 -8 -15.5
6.34992e-05 -4 -7.5 -15
6.98505e-05 -3.5 -8 -16
3.47261e-05 -3.5 -8 -16.5
3.15805e-05 -4 -7.5 -16
4.9758e-05 -4 -7.5 -15.5
6.38197e-05 -4 -7.5 -14.5
3.06571e-05 -3.5 -7.5 -13.5
7.52969e-05 -3.5 -7.5 -14
2.07978e-05 -3 -8 -15
0.000123389 -3.5 -7.5 -14.5
3.00761e-05 -3 -8 -15.5
0.000149422 -3.5 -7.5 -15
3.01435e-05 -3 -8 -16
0.000145805 -3.5 -7.5 -15.5
2.56566e-05 -3 -8 -16.5
0.000102578 -3.5 -7.5 -16
2.23803e-05 -3 -8 -17
5.5121e-05 -3.5 -7.5 -16.5
2.63284e-05 -4 -7 -15
3.02964e-05 -4 -7 -14.5
2.08854e-05 -4 -7 -14
2.58577e-05 -3.5 -7 -13.5
5.67812e-05 -3 -7.5 -14.5
7.64158e-05 -3.5 -7 -14
9.41269e-05 -3 -7.5 -15
0.000127337 -3.5 -7 -14.5
0.000108979 -3 -7.5 -15.5
0.000158488 -3.5 -7 -15
0.000102025 -3 -7.5 -16
0.000157318 -3.5 -7 -15.5
6.81982e-05 -3 -7.5 -16.5
3.06733e-05 -3 -7.5 -17
2.0854e-05 -3.5 -7 -17
6.39384e-05 -3.5 -7 -16.5
0.000120089 -3.5 -7 -16
5.47057e-05 -3 -7 -14
0.000119957 -3 -7 -14.5
4.81269e-05 -3.5 -6.5 -14
0.000186702 -3 -7 -15
9.44835e-05 -3.5 -6.5 -14.5
0.000209012 -3 -7 -15.5
0.000195546 -3 -7 -16
0.000129034 -3 -7 -16.5
5.97212e-05 -3 -7 -17
4.9911e-05 -3.5 -6.5 -16.5
9.21756e-05 -3.5 -6.5 -16
0.00011718 -3.5 -6.5 -15.5
0.000121329 -3.5 -6.5 -15
2.0317e-05 -3 -6.5 -13.5
6.94681e-05 -3 -6.5 -14
0.000165664 -3 -6.5 -14.5
2.93882e-05 -2.5 -7 -15.5
0.000257287 -3 -6.5 -15
4.86225e-05 -2.5 -7 -16
0.000289712 -3 -6.5 -15.5
5.63678e-05 -2.5 -7 -16.5
0.000277251 -3 -6.5 -16
4.41021e-05 -2.5 -7 -17
2.60976e-05 -2.5 -7 -17.5
8.96905e-05 -3 -6.5 -17
0.000188702 -3 -6.5 -16.5
3.34404e-05 -3.5 -6 -16
4.53391e-05 -3.5 -6 -15.5
5.20858e-05 -3.5 -6 -15
3.89197e-05 -3.5 -6 -14.5
4.18442e-05 -2.5 -6.5 -14.5
6.652e-05 -3 -6 -14
9.93962e-05 -2.5 -6.5 -15
0.000170742 -3 -6 -14.5
0.000162794 -2.5 -6.5 -15.5
0.000269678 -3 -6 -15
0.000189035 -2.5 -6.5 -16
0.000311142 -3 -6 -15.5
0.000175355 -2.5 -6.5 -16.5
0.000108193 -2.5 -6.5 -17
4.304e-05 -2.5 -6.5 -17.5
2.00417e-05 -3 -6 -17.5
0.000101945 -3 -6 -17
0.000217026 -3 -6 -16.5
0.000301604 -3 -6 -16
3.36029e-05 -2.5 -6 -14
0.000115492 -2.5 -6 -14.5
3.36473e-05 -3 -5.5 -14
0.000242275 -2.5 -6 -15
0.000112442 -3 -5.5 -14.5
0.000365599 -2.5 -6 -15.5
0.000201209 -3 -5.5 -15
0.000393891 -2.5 -6 -16
0.000346036 -2.5 -6 -16.5
7.2497e-05 -2.5 -6 -17.5
7.54985e-05 -3 -5.5 -17
0.000200512 -2.5 -6 -17
0.0001632 -3 -5.5 -16.5
0.000229554 -3 -5.5 -16
0.000241835 -3 -5.5 -15.5
4.81132e-05 -2.5 -5.5 -14
0.000177405 -2.5 -5.5 -14.5
0.000377635 -2.5 -5.5 -15
4.5171e-05 -3 -5 -14.5
3.33026e-05 -2 -6 -16
0.000541909 -2.5 -5.5 -15.5
6.1129e-05 -2 -6 -16.5
0.00055511 -2.5 -5.5 -16
7.16348e-05 -2 -6 -17
0.000485914 -2.5 -5.5 -16.5
5.1308e-05 -2 -6 -17.5
9.66504e-05 -2.5 -5.5 -17.5
2.73111e-05 -3 -5 -17
0.000281616 -2.5 -5.5 -17
6.21503e-05 -3 -5 -16.5
9.16441e-05 -3 -5 -16
9.77644e-05 -3 -5 -15.5
8.53794e-05 -3 -5 -15
4.51196e-05 -2.5 -5 -14
7.45958e-05 -2 -5.5 -15
0.000188414 -2.5 -5 -14.5
0.000176 -2 -5.5 -15.5
0.000415023 -2.5 -5 -15
0.00026962 -2 -5.5 -16
0.000576674 -2.5 -5 -15.5
0.000275993 -2 -5.5 -16.5
0.000582971 -2.5 -5 -16
0.00023014 -2 -5.5 -17
0.000123244 -2 -5.5 -17.5
2.27855e-05 -2.5 -5 -18
4.02379e-05 -2 -5.5 -18
0.000107291 -2.5 -5 -17.5
0.00031221 -2.5 -5 -17
0.000515812 -2.5 -5 -16.5
9.5828e-05 -2 -5 -14.5
0.000275492 -2 -5 -15
0.000108296 -2.5 -4.5 -14.5
0.00049752 -2 -5 -15.5
0.000284319 -2.5 -4.5 -15
0.000626569 -2 -5 -16
0.000617183 -2 -5 -16.5
0.00047246 -2 -5 -17
0.000240459 -2 -5 -17.5
2.01057e-05 -2 -5 -18.5
2.17533e-05 -2.5 -4.5 -18
6.49929e-05 -2 -5 -18
7.91777e-05 -2.5 -4.5 -17.5
0.00023241 -2.5 -4.5 -17
0.00038123 -2.5 -4.5 -16.5
0.000425067 -2.5 -4.5 -16
0.000411644 -2.5 -4.5 -15.5
2.81696e-05 -2 -4.5 -14
0.000154045 -2 -4.5 -14.5
0.000450184 -2 -4.5 -15
3.36077e-05 -2.5 -4 -14.5
0.000786005 -2 -4.5 -15.5
0.000958994 -2 -4.5 -16
0.000949978 -2 -4.5 -16.5
5.65302e-05 -1.5 -5 -17.5
3.11591e-05 -2.5 -4 -17.5
5.22339e-05 -1.5 -5 -18
2.34016e-05 -1.5 -5 -18.5
8.53187e-05 -2 -4.5 -18
0.000356207 -2 -4.5 -17.5
8.93271e-05 -2.5 -4 -17
0.00073707 -2 -4.5 -17
0.000148684 -2.5 -4 -16.5
0.000165098 -2.5 -4 -16
0.000159663 -2.5 -4 -15.5
0.000104748 -2.5 -4 -15
2.82656e-05 -2 -4 -14
0.000165782 -2 -4 -14.5
2.27487e-05 -1.5 -4.5 -15.5
0.000510034 -2 -4 -15
0.00013259 -1.5 -4.5 -16
0.000922155 -2 -4 -15.5
0.000253164 -1.5 -4.5 -16.5
0.001115 -2 -4 -16
0.000332308 -1.5 -4.5 -17
0.000280281 -1.5 -4.5 -17.5
0.000130543 -1.5 -4.5 -18
2.15053e-05 -1.5 -4.5 -18.5
7.99652e-05 -2 -4 -18
0.000390979 -2 -4 -17.5
0.000813798 -2 -4 -17
0.00106956 -2 -4 -16.5
4.85155e-05 -1.5 -4 -14.5
0.000207701 -1.5 -4 -15
9.78032e-05 -2 -3.5 -14.5
0.000556998 -1.5 -4 -15.5
0.000372254 -2 -3.5 -15
0.000928158 -1.5 -4 -16
0.00106678 -1.5 -4 -16.5
0.00096584 -1.5 -4 -17
0.000591819 -1.5 -4 -17.5
5.5161e-05 -2 -3.5 -18
0.000190193 -1.5 -4 -18
0.000277745 -2 -3.5 -17.5
0.000602062 -2 -3.5 -17
0.000784147 -2 -3.5 -16.5
0.000805488 -2 -3.5 -16
0.000701749 -2 -3.5 -15.5
2.43639e-05 -1.5 -3.5 -14
0.000148303 -1.5 -3.5 -14.5
0.000601461 -1.5 -3.5 -15
2.35723e-05 -2 -3 -14.5
0.00129264 -1.5 -3.5 -15.5
0.00177069 -1.5 -3.5 -16
0.00179258 -1.5 -3.5 -16.5
0.00154529 -1.5 -3.5 -17
3.90517e-05 -1.5 -3.5 -18.5
2.2749e-05 -2 -3 -18
0.000242293 -1.5 -3.5 -18
0.000111635 -2 -3 -17.5
0.000868055 -1.5 -3.5 -17.5
0.000227777 -2 -3 -17
0.000286832 -2 -3 -16.5
0.000296488 -2 -3 -16
0.000243519 -2 -3 -15.5
0.000110823 -2 -3 -15
2.59762e-05 -1.5 -3 -14
0.000165918 -1.5 -3 -14.5
0.000695299 -1.5 -3 -15
0.00148631 -1.5 -3 -15.5
0.00201792 -1.5 -3 -16
6.12922e-05 -1 -3.5 -17.5
2.7951e-05 -2 -2.5 -17
0.00012145 -1 -3.5 -18
7.78438e-05 -1 -3.5 -18.5
4.05061e-05 -1.5 -3 -18.5
0.000269947 -1.5 -3 -18
0.000980436 -1.5 -3 -17.5
0.00178177 -1.5 -3 -17
4.21841e-05 -2 -2.5 -16.5
0.002051 -1.5 -3 -16.5
4.70767e-05 -2 -2.5 -16
4.9242e-05 -2 -2.5 -15.5
2.1031e-05 -2 -2.5 -15
0.000100723 -1.5 -2.5 -14.5
5.64531e-05 -1 -3 -15.5
0.000544497 -1.5 -2.5 -15
0.000279601 -1 -3 -16
0.00124001 -1.5 -2.5 -15.5
0.000563929 -1 -3 -16.5
0.000816719 -1 -3 -17
0.000775955 -1 -3 -17.5
0.000507391 -1 -3 -18
0.000144833 -1 -3 -18.5
2.90322e-05 -1.5 -2.5 -18.5
0.000171365 -1.5 -2.5 -18
0.000649504 -1.5 -2.5 -17.5
0.00121349 -1.5 -2.5 -17
0.0014829 -1.5 -2.5 -16.5
0.00150181 -1.5 -2.5 -16
0.00010311 -1 -2.5 -14.5
0.000457906 -1 -2.5 -15
0.00127412 -1 -2.5 -15.5
0.00284309 -1 -2.5 -16.5
0.00272488 -1 -2.5 -17
0.00200405 -1 -2.5 -17.5
0.000127547 -1 -2.5 -18.5
6.02127e-05 -1.5 -2 -18
0.000863293 -1 -2.5 -18
0.000177188 -1.5 -2 -17.5
0.000280574 -1.5 -2 -17
0.000323584 -1.5 -2 -16.5
0.000325105 -1.5 -2 -16
0.00230261 -1 -2.5 -16
0.000243309 -1.5 -2 -15.5
9.02175e-05 -1.5 -2 -15
3.34912e-05 -1 -2 -14
0.000211893 -1 -2 -14.5
0.00104414 -1 -2 -15
0.00261654 -1 -2 -15.5
0.00397398 -1 -2 -16
0.00417585 -1 -2 -16.5
8.83523e-05 -1 -2 -18.5
0.000964366 -1 -2 -18
0.00261348 -1 -2 -17.5
0.00387819 -1 -2 -17
2.88447e-05 -1 -1.5 -14
0.0001998 -1 -1.5 -14.5
0.0010527 -1 -1.5 -15
0.00268916 -1 -1.5 -15.5
9.88481e-05 -0.5 -2 -18
9.08199e-05 -0.5 -2 -18.5
3.19921e-05 -0.5 -2 -19
4.62457e-05 -1 -1.5 -18.5
0.000589722 -1 -1.5 -18
0.00218485 -1 -1.5 -17.5
3.59188e-05 -0.5 -2 -17.5
0.00366026 -1 -1.5 -17
0.00401752 -1 -1.5 -16.5
0.00393395 -1 -1.5 -16
6.5473e-05 -0.5 -1.5 -15
3.322e-05 -1 -1 -14.5
0.000272409 -0.5 -1.5 -15.5
0.000273806 -1 -1 -15
0.000686987 -0.5 -1.5 -16
0.00136145 -0.5 -1.5 -17
0.00127354 -0.5 -1.5 -17.5
0.000877948 -0.5 -1.5 -18
0.000324532 -0.5 -1.5 -18.5
2.79923e-05 -0.5 -1.5 -19
0.000121033 -1 -1 -18
0.000536462 -1 -1 -17.5
0.000949183 -1 -1 -17
0.00110861 -1 -1 -16.5
0.00113626 -0.5 -1.5 -16.5
0.00112986 -1 -1 -16
0.000854062 -1 -1 -15.5
3.4118e-05 -0.5 -1 -14
0.00020508 -0.5 -1 -14.5
0.000988605 -0.5 -1 -15
0.0026477 -0.5 -1 -15.5
0.00450114 -0.5 -1 -16
0.00523494 -0.5 -1 -16.5
0.00508011 -0.5 -1 -17
2.02397e-05 -0.5 -1 -19
0.000395371 -0.5 -1 -18.5
0.00189793 -0.5 -1 -18
5.22263e-05 -1 -0.5 -17.5
0.00391113 -0.5 -1 -17.5
7.57154e-05 -1 -0.5 -17
8.09807e-05 -1 -0.5 -16.5
7.84056e-05 -1 -0.5 -16
4.21074e-05 -1 -0.5 -15.5
4.96159e-05 -0.5 -0.5 -14
0.000314854 -0.5 -0.5 -14.5
0.0015742 -0.5 -0.5 -15
0.00640627 -0.5 -0.5 -16
0.00462321 -0.5 -0.5 -17.5
0.000229611 -0.5 -0.5 -18.5
0.00190996 -0.5 -0.5 -18
0.0064684 -0.5 -0.5 -17
0.00680867 -0.5 -0.5 -16.5
0.00409295 -0.5 -0.5 -15.5
2.1289e-05 -0.5 0 -14
0.000159195 -0.5 0 -14.5
0.000946917 -0.5 0 -15
0.00350534 -0.5 0 -17
4.4451e-05 -0.5 0 -18.5
0.000735122 -0.5 0 -18
0.00227222 -0.5 0 -17.5
0.00379842 -0.5 0 -16.5
0.00373959 -0.5 0 -16
0.00257563 -0.5 0 -15.5
2.71733e-05 0 0 -14
0.000157517 0 0 -14.5
0.000748114 0 0 -15
0.0030105 0 0 -16
0.00329694 0 0 -16.5
0.000538081 -0.5 0.5 -16
0.00317276 0 0 -17
0.00120025 0 0 -18
0.000265545 0 0 -18.5
2.19896e-05 0 0 -19
0.000122408 -0.5 0.5 -18
0.000364632 -0.5 0.5 -17.5
0.00240319 0 0 -17.5
0.000522846 -0.5 0.5 -17
0.000552873 -0.5 0.5 -16.5
0.000325246 -0.5 0.5 -15.5
0.00189099 0 0 -15.5
7.87433e-05 -0.5 0.5 -15
6.06706e-05 0 0.5 -14
0.000378181 0 0.5 -14.5
0.00180965 0 0.5 -15
0.00655056 0 0.5 -16
0.00686075 0 0.5 -16.5
0.00030615 0 0.5 -18.5
0.00201935 0 0.5 -18
2.71183e-05 -0.5 1 -17.5
0.00464717 0 0.5 -17.5
3.17377e-05 -0.5 1 -17
0.00650283 0 0.5 -17
3.21264e-05 -0.5 1 -16.5
2.62722e-05 -0.5 1 -16
0.00440413 0 0.5 -15.5
4.86651e-05 0.5 0.5 -14.5
0.000221094 0.5 0.5 -15
0.000387052 0 1 -14.5
0.000526308 0.5 0.5 -15.5
0.00182461 0 1 -15
0.000796034 0.5 0.5 -16
0.000841421 0.5 0.5 -16.5
0.000796097 0.5 0.5 -17
0.000587603 0.5 0.5 -17.5
0.000294473 0.5 0.5 -18
0.000131498 0 1 -18.5
7.03681e-05 0.5 0.5 -18.5
0.00137987 0 1 -18
0.00374015 0 1 -17.5
0.00561465 0 1 -17
0.0060349 0 1 -16.5
0.0059192 0 1 -16
0.00423742 0 1 -15.5
5.95589e-05 0 1 -14
3.90481e-05 0.5 1 -14
0.000240711 0.5 1 -14.5
0.00106936 0.5 1 -15
0.00244126 0.5 1 -15.5
0.0034485 0.5 1 -16
0.00161598 0 1.5 -15.5
0.000978783 0.5 1 -18
0.00134222 0 1.5 -17.5
2.53727e-05 0 1.5 -18.5
0.000145769 0.5 1 -18.5
0.000396017 0 1.5 -18
0.00227148 0.5 1 -17.5
0.00212252 0 1.5 -17
0.00328469 0.5 1 -17
0.00229227 0 1.5 -16.5
0.00352441 0.5 1 -16.5
0.00226058 0 1.5 -16
0.000618132 0 1.5 -15
9.87535e-05 0 1.5 -14.5
9.21167e-05 0.5 1.5 -14
2.06835e-05 1 1 -15
0.000581203 0.5 1.5 -14.5
5.50681e-05 1 1 -15.5
0.00236073 0.5 1.5 -15
9.32374e-05 1 1 -16
0.00491267 0.5 1.5 -15.5
0.000105341 1 1 -16.5
0.000101047 1 1 -17
8.21413e-05 1 1 -17.5
4.75719e-05 1 1 -18
0.00361904 0.5 1.5 -17.5
0.00121964 0.5 1.5 -18
0.000109212 0.5 1.5 -18.5
4.89021e-05 0 2 -18
0.000138646 0 2 -17.5
0.000183168 0 2 -17
0.00572853 0.5 1.5 -17
0.000187964 0 2 -16.5
0.0063454 0.5 1.5 -16.5
0.000172196 0 2 -16
0.00632502 0.5 1.5 -16
9.34487e-05 0 2 -15.5
2.09515e-05 0 2 -15
0.000100856 1 1.5 -14.5
0.000381906 1 1.5 -15
0.000758478 0.5 2 -14.5
0.000784416 1 1.5 -15.5
0.00105955 1 1.5 -16
0.00107472 1 1.5 -16.5
0.00100475 1 1.5 -17
0.00573212 0.5 2 -16.5
0.00070417 1 1.5 -17.5
0.00030373 1 1.5 -18
4.6722e-05 1 1.5 -18.5
6.17384e-05 0.5 2 -18.5
0.000869989 0.5 2 -18
0.00296149 0.5 2 -17.5
0.00500945 0.5 2 -17
0.0057621 0.5 2 -16
0.00483831 0.5 2 -15.5
0.00262412 0.5 2 -15
0.000122272 0.5 2 -14
7.59659e-05 1 2 -14
0.000468575 1 2 -14.5
0.00296994 1 2 -15.5
0.0033902 1 2 -16
0.00333749 1 2 -16.5
0.00367353 0.5 2.5 -16
0.001725 1 2 -17.5
0.00304264 0.5 2.5 -17
0.000570718 1 2 -18
4.36889e-05 1 2 -18.5
0.000382781 0.5 2.5 -18
3.95131e-05 0.5 2.5 -18.5
0.00164139 0.5 2.5 -17.5
0.00284644 1 2 -17
0.00363265 0.5 2.5 -16.5
0.003173 0.5 2.5 -15.5
0.00168413 0.5 2.5 -15
0.00162182 1 2 -15
0.000447134 0.5 2.5 -14.5
6.53418e-05 0.5 2.5 -14
0.000190326 1 2.5 -14
5.60418e-05 1.5 2 -15
0.000116594 1.5 2 -15.5
0.000150882 1.5 2 -16
0.000149092 1.5 2 -16.5
0.00602362 1 2.5 -16
0.000725579 0.5 3 -15.5
0.000131185 1.5 2 -17
9.50406e-05 1.5 2 -17.5
0.00464231 1 2.5 -17
5.26606e-05 1.5 2 -18
0.000510829 1 2.5 -18
0.000516501 0.5 3 -17.5
4.63778e-05 1 2.5 -18.5
0.00013693 0.5 3 -18
0.00232455 1 2.5 -17.5
0.000862774 0.5 3 -17
0.000963649 0.5 3 -16.5
0.00586797 1 2.5 -16.5
0.000953553 0.5 3 -16
0.00548482 1 2.5 -15.5
0.000353728 0.5 3 -15
0.00326211 1 2.5 -15
8.51296e-05 0.5 3 -14.5
0.00112545 1 2.5 -14.5
2.64829e-05 1 2.5 -13.5
4.23101e-05 1.5 2.5 -14
0.000229845 1.5 2.5 -14.5
0.000335322 1 3 -14
0.0006724 1.5 2.5 -15
0.00159559 1 3 -14.5
0.00115964 1.5 2.5 -15.5
0.00127919 1.5 2.5 -16
0.00535337 1 3 -15.5
0.00124234 1.5 2.5 -16.5
0.00101323 1.5 2.5 -17
0.000571556 1.5 2.5 -17.5
0.000159255 1.5 2.5 -18
0.00201799 1 3 -17.5
2.05551e-05 1.5 2.5 -18.5
2.67513e-05 1 3 -18.5
3.31665e-05 0.5 3.5 -18
0.000360754 1 3 -18
6.71733e-05 0.5 3.5 -17.5
6.73491e-05 0.5 3.5 -17
0.00427046 1 3 -17
4.31806e-05 0.5 3.5 -16.5
0.00551762 1 3 -16.5
0.00567915 1 3 -16
0.00371541 1 3 -15
4.95904e-05 1 3 -13.5
2.79389e-05 1.5 3 -13.5
0.000181625 1.5 3 -14
3.42611e-05 1 3.5 -13.5
0.000907445 1.5 3 -14.5
0.000228266 1 3.5 -14
0.00310016 1.5 3 -15.5
0.00260202 1 3.5 -15
0.00319078 1.5 3 -16
0.00308599 1.5 3 -16.5
0.00401616 1 3.5 -16
0.002382 1.5 3 -17
0.00391511 1 3.5 -16.5
0.00112709 1.5 3 -17.5
0.000196445 1.5 3 -18
2.05211e-05 1.5 3 -18.5
0.00017479 1 3.5 -18
2.1047e-05 1 3.5 -18.5
0.00118321 1 3.5 -17.5
0.00282883 1 3.5 -17
0.00377386 1 3.5 -15.5
0.00218313 1.5 3 -15
0.0010986 1 3.5 -14.5
7.87369e-05 1.5 3.5 -13.5
2.29816e-05 2 3 -14.5
0.000600371 1.5 3.5 -14
8.03325e-05 2 3 -15
0.00247637 1.5 3.5 -14.5
0.000132107 2 3 -15.5
0.00463665 1.5 3.5 -15
0.000144154 2 3 -16
0.000139657 2 3 -16.5
0.00531053 1.5 3.5 -16
0.00148711 1 4 -15.5
0.000120304 2 3 -17
0.00454779 1.5 3.5 -16.5
8.5486e-05 2 3 -17.5
4.06993e-05 2 3 -18
0.00110819 1.5 3.5 -17.5
0.00115375 1 4 -17
0.000153931 1.5 3.5 -18
7.53151e-05 1 4 -18
0.000464881 1 4 -17.5
0.00283412 1.5 3.5 -17
0.00162551 1 4 -16.5
0.00166987 1 4 -16
0.00536707 1.5 3.5 -15.5
0.000924811 1 4 -15
0.000372714 1 4 -14.5
7.6108e-05 1 4 -14
0.000149416 2 3.5 -14
0.000191546 1.5 4 -13.5
0.000617977 2 3.5 -14.5
0.00115267 2 3.5 -15
0.00284722 1.5 4 -14.5
0.0013 2 3.5 -15.5
0.00126677 2 3.5 -16
0.00531381 1.5 4 -15.5
0.00107059 2 3.5 -16.5
0.000303557 2 3.5 -17.5
0.00261472 1.5 4 -17
0.000317371 1 4.5 -16.5
5.53355e-05 2 3.5 -18
2.70438e-05 1 4.5 -18
9.35639e-05 1.5 4 -18
0.00013104 1 4.5 -17.5
0.000849701 1.5 4 -17.5
0.000262138 1 4.5 -17
0.000698066 2 3.5 -17
0.00442291 1.5 4 -16.5
0.000315972 1 4.5 -16
0.00524436 1.5 4 -16
0.000230858 1 4.5 -15.5
9.09119e-05 1 4.5 -15
0.00469228 1.5 4 -15
0.00105725 1.5 4 -14
2.62782e-05 1.5 4 -13
0.00010121 2 4 -13.5
2.10257e-05 1.5 4.5 -13
0.00190553 2 4 -14.5
0.00294353 2 4 -15
0.00307867 2 4 -15.5
0.00351434 1.5 4.5 -15
0.00297472 2 4 -16
0.00238829 2 4 -16.5
0.00137553 2 4 -17
0.0033495 1.5 4.5 -16.5
5.08821e-05 2 4 -18
0.000459418 1.5 4.5 -17.5
6.06619e-05 1.5 4.5 -18
0.000400912 2 4 -17.5
0.00177008 1.5 4.5 -17
0.00410622 1.5 4.5 -16
0.00412238 1.5 4.5 -15.5
0.00207798 1.5 4.5 -14.5
0.000780329 1.5 4.5 -14
0.000659792 2 4 -14
0.000146411 1.5 4.5 -13.5
4.29534e-05 2 4.5 -13
8.41093e-05 2.5 4 -14.5
0.00175758 2 4.5 -14
6.31027e-05 1.5 5 -13.5
0.00013644 2.5 4 -15
0.000144838 2.5 4 -15.5
0.00451356 2 4.5 -15
0.000864428 1.5 5 -14.5
0.000137773 2.5 4 -16
0.000116322 2.5 4 -16.5
0.00420451 2 4.5 -16
0.00190701 1.5 5 -15.5
8.78474e-05 2.5 4 -17
0.00305449 2 4.5 -16.5
4.98924e-05 2.5 4 -17.5
0.00145333 2 4.5 -17
0.000340767 2 4.5 -17.5
0.000791157 1.5 5 -17
2.20569e-05 1.5 5 -18
4.07805e-05 2 4.5 -18
0.000206544 1.5 5 -17.5
0.00154947 1.5 5 -16.5
0.00191136 1.5 5 -16
0.00453362 2 4.5 -15.5
0.00155729 1.5 5 -15
0.00362012 2 4.5 -14.5
0.00031485 1.5 5 -14
0.000378937 2 4.5 -13.5
2.04905e-05 2 5 -12.5
0.000109139 2.5 4.5 -13.5
0.000502342 2.5 4.5 -14
0.000815908 2 5 -13.5
0.00100972 2.5 4.5 -14.5
0.0011951 2.5 4.5 -15
0.00368124 2 5 -14.5
0.00117572 2.5 4.5 -15.5
0.00103579 2.5 4.5 -16
0.00449388 2 5 -15.5
0.000364543 1.5 5.5 -15
0.000686375 2.5 4.5 -16.5
0.000330052 2.5 4.5 -17
0.00283426 2 5 -16.5
0.000496065 1.5 5.5 -16
9.28667e-05 2.5 4.5 -17.5
0.00119789 2 5 -17
2.46706e-05 2 5 -18
7.68286e-05 1.5 5.5 -17.5
0.000206626 2 5 -17.5
0.000247858 1.5 5.5 -17
0.000417863 1.5 5.5 -16.5
0.00413953 2 5 -16
0.000485434 1.5 5.5 -15.5
0.00446049 2 5 -15
0.000184459 1.5 5.5 -14.5
5.13136e-05 1.5 5.5 -14
0.00216764 2 5 -14
0.00015528 2 5 -13
8.70672e-05 2.5 5 -13
0.000553411 2.5 5 -13.5
0.000132945 2 5.5 -13
0.00242305 2.5 5 -14.5
0.00167428 2 5.5 -14
0.00263291 2.5 5 -15
0.0025948 2.5 5 -15.5
0.00360473 2 5.5 -15
0.00141124 2.5 5 -16.5
0.00321163 2 5.5 -16
0.000510195 2.5 5 -17
0.000104783 2 5.5 -17.5
2.64218e-05 1.5 6 -17.5
3.97599e-05 1.5 6 -17
8.66996e-05 2.5 5 -17.5
0.000704974 2 5.5 -17
2.71638e-05 1.5 6 -16.5
0.00196634 2 5.5 -16.5
0.00226834 2.5 5 -16
0.0036368 2 5.5 -15.5
0.00290017 2 5.5 -14.5
0.0015163 2.5 5 -14
0.000659855 2 5.5 -13.5
4.05459e-05 3 5 -13.5
0.0003909 2.5 5.5 -13
0.000102776 3 5 -14
0.000144815 3 5 -14.5
0.00281082 2.5 5.5 -14
0.000303125 2 6 -13.5
0.000145643 3 5 -15
0.000133723 3 5 -15.5
0.00359815 2.5 5.5 -15
0.0013922 2 6 -14.5
0.000105289 3 5 -16
7.20039e-05 3 5 -16.5
0.00276819 2.5 5.5 -16
0.00178364 2 6 -15.5
3.66255e-05 3 5 -17
0.000465231 2.5 5.5 -17
0.000901363 2 6 -16.5
6.73529e-05 2.5 5.5 -17.5
0.000322421 2 6 -17
5.37136e-05 2 6 -17.5
0.0014794 2.5 5.5 -16.5
0.0015187 2 6 -16
0.0035047 2.5 5.5 -15.5
0.001753 2 6 -15
0.00353042 2.5 5.5 -14.5
0.000783958 2 6 -14
0.0014599 2.5 5.5 -13.5
7.16074e-05 2 6 -13
4.85484e-05 2.5 5.5 -12.5
2.1413e-05 3 5.5 -12.5
2.29006e-05 2.5 6 -12
0.00049598 3 5.5 -13.5
0.000878205 3 5.5 -14
0.00179268 2.5 6 -13.5
0.00102281 3 5.5 -14.5
0.00101097 3 5.5 -15
0.00349787 2.5 6 -14.5
0.000218052 2 6.5 -14
0.000893829 3 5.5 -15.5
0.000581502 3 5.5 -16
0.00340464 2.5 6 -15.5
0.00049827 2 6.5 -15
0.000295956 3 5.5 -16.5
9.46514e-05 3 5.5 -17
0.00120706 2.5 6 -16.5
0.000433792 2 6.5 -16
0.000302282 2.5 6 -17
2.02188e-05 2 6.5 -17.5
4.71408e-05 2.5 6 -17.5
0.000115538 2 6.5 -17
0.000277236 2 6.5 -16.5
0.00248258 2.5 6 -16
0.000511339 2 6.5 -15.5
0.00357421 2.5 6 -15
0.00038687 2 6.5 -14.5
0.00289017 2.5 6 -14
7.8297e-05 2 6.5 -13.5
0.000747223 2.5 6 -13
0.000154018 3 5.5 -13
0.000165987 2.5 6 -12.5
0.000119119 3 6 -12.5
0.000590891 3 6 -13
0.00014318 2.5 6.5 -12.5
0.00137836 3 6 -13.5
0.00204203 3 6 -14
0.00217948 3 6 -14.5
0.00237318 2.5 6.5 -14
0.0018469 3 6 -15.5
0.00290521 2.5 6.5 -15
0.000491664 3 6 -16.5
0.00165429 2.5 6.5 -16
3.70859e-05 2 7 -16.5
0.000100179 3 6 -17
2.10033e-05 2.5 6.5 -17.5
2.28227e-05 2 7 -17
0.000155781 2.5 6.5 -17
0.000707294 2.5 6.5 -16.5
3.68006e-05 2 7 -16
0.00116088 3 6 -16
0.00256654 2.5 6.5 -15.5
0.00214516 3 6 -15
0.00286642 2.5 6.5 -14.5
0.00141321 2.5 6.5 -13.5
0.000608364 2.5 6.5 -13
2.78967e-05 3.5 6 -12.5
8.51062e-05 3.5 6 -13
8.61459e-05 2.5 7 -12.5
0.000465171 3 6.5 -12.5
0.000290084 2.5 7 -13
0.000148267 3.5 6 -13.5
0.00016902 3.5 6 -14
0.000158587 3.5 6 -14.5
0.00273067 3 6.5 -14
0.000129885 3.5 6 -15
8.17831e-05 3.5 6 -15.5
0.00269968 3 6.5 -15
0.00142611 2.5 7 -14.5
4.4571e-05 3.5 6 -16
0.00117924 3 6.5 -16
0.00119614 2.5 7 -15.5
0.000303999 2.5 7 -16.5
6.5423e-05 2.5 7 -17
8.11151e-05 3 6.5 -17
0.000451212 3 6.5 -16.5
0.000741101 2.5 7 -16
0.00207462 3 6.5 -15.5
0.00144271 2.5 7 -15
0.00281158 3 6.5 -14.5
0.00117133 2.5 7 -14
0.000685505 2.5 7 -13.5
0.00227504 3 6.5 -13.5
0.00131414 3 6.5 -13
8.27267e-05 3 6.5 -12
3.03022e-05 3 7 -11.5
0.000555681 3.5 6.5 -13
0.00144557 3 7 -13
7.61618e-05 2.5 7.5 -13
0.000184363 2.5 7.5 -13.5
0.00089293 3.5 6.5 -14
0.000856613 3.5 6.5 -14.5
0.000693594 3.5 6.5 -15
0.00270492 3 7 -14.5
0.000420599 3.5 6.5 -15.5
0.000213245 3.5 6.5 -16
0.00180381 3 7 -15.5
7.45909e-05 3.5 6.5 -16.5
0.000286806 3 7 -16.5
0.000218267 2.5 7.5 -16
4.96127e-05 3 7 -17
2.34662e-05 2.5 7.5 -17
8.80865e-05 2.5 7.5 -16.5
0.000920102 3 7 -16
0.000350094 2.5 7.5 -15.5
0.000422378 2.5 7.5 -15
0.00251549 3 7 -15
0.00041855 2.5 7.5 -14.5
0.000327267 2.5 7.5 -14
0.00263732 3 7 -14
0.00224693 3 7 -13.5
0.00082338 3.5 6.5 -13.5
2.92531e-05 2.5 7.5 -12.5
0.000692267 3 7 -12.5
0.000249535 3.5 6.5 -12.5
0.000195747 3 7 -12
4.73445e-05 3.5 7 -11.5
0.000243466 3.5 7 -12
0.00064328 3.5 7 -12.5
0.000175906 3 7.5 -12
0.00109287 3 7.5 -13
0.00123049 3.5 7 -13
0.00166787 3 7.5 -13.5
0.00167853 3.5 7 -14.5
0.000812593 3.5 7 -15.5
8.69246e-05 3.5 7 -16.5
0.000510076 3 7.5 -16
2.89008e-05 2.5 8 -15.5
2.42743e-05 3 7.5 -17
0.000135724 3 7.5 -16.5
2.10949e-05 2.5 8 -16
0.000359526 3.5 7 -16
0.00115521 3 7.5 -15.5
2.13207e-05 2.5 8 -15
0.00178676 3 7.5 -15
0.0013297 3.5 7 -15
0.00206081 3 7.5 -14.5
0.00202812 3 7.5 -14
0.00177279 3.5 7 -14
0.00171335 3.5 7 -13.5
0.000552118 3 7.5 -12.5
2.88093e-05 3 7.5 -11.5
2.29584e-05 4 7 -11.5
4.29755e-05 3.5 7.5 -11
2.25231e-05 3 8 -11.5
7.97777e-05 4 7 -12
0.000105073 3 8 -12
0.00017096 4 7 -12.5
0.000556839 3.5 7.5 -12
0.000258801 3 8 -12.5
0.000212083 4 7 -13
0.000192223 4 7 -13.5
0.000472821 3 8 -13
0.000166879 4 7 -14
0.000755192 3 8 -13.5
0.00189103 3.5 7.5 -13.5
0.000116542 4 7 -14.5
0.000961362 3 8 -14
0.000979048 3 8 -14.5
0.000318939 3.5 7.5 -16
0.000493832 3 8 -15.5
4.54029e-05 3 8 -16.5
6.72762e-05 3.5 7.5 -16.5
0.000199322 3 8 -16
0.000801176 3.5 7.5 -15.5
0.000804308 3 8 -15
0.00138217 3.5 7.5 -15
5.43295e-05 4 7 -15
0.00182035 3.5 7.5 -14.5
0.00193979 3.5 7.5 -14
0.00169273 3.5 7.5 -13
0.00109655 3.5 7.5 -12.5
6.44097e-05 3.5 8 -11
3.37562e-05 4 7.5 -11
0.000233184 3.5 8 -11.5
0.000143526 4 7.5 -11.5
0.000603199 3.5 8 -12
2.91354e-05 3 8.5 -12
0.00109633 3.5 8 -12.5
0.000571384 4 7.5 -12.5
5.92704e-05 3 8.5 -12.5
0.000719601 4 7.5 -13.5
0.000104112 3 8.5 -13
0.00156813 3.5 8 -13
0.000195634 3 8.5 -13.5
0.000647884 4 7.5 -14
0.000483741 4 7.5 -14.5
0.00162091 3.5 8 -14.5
0.000268975 3 8.5 -14.5
0.000133179 4 7.5 -15.5
0.000212265 3 8.5 -15
4.82889e-05 4 7.5 -16
0.000124569 3 8.5 -15.5
0.000580647 3.5 8 -15.5
3.4752e-05 3.5 8 -16.5
4.25993e-05 3 8.5 -16
0.000190697 3.5 8 -16
0.00115399 3.5 8 -15
0.000277635 4 7.5 -15
0.000266049 3 8.5 -14
0.00179076 3.5 8 -14
0.00175014 3.5 8 -13.5
0.000715882 4 7.5 -13
3.48654e-05 4 8 -10.5
5.4431e-05 3.5 8.5 -11
2.10603e-05 4.5 7.5 -11.5
0.000145899 4 8 -11
0.000193783 3.5 8.5 -11.5
2.70902e-05 4.5 7.5 -12
0.000447771 3.5 8.5 -12
0.00063338 4 8 -12
0.00122941 4 8 -13
0.000743151 3.5 8.5 -12.5
0.00123497 3.5 8.5 -13.5
0.00123185 4 8 -13.5
0.000839734 4 8 -14.5
0.000500105 4 8 -15
0.000219258 4 8 -15.5
5.81249e-05 4 8 -16
7.7556e-05 3.5 8.5 -16
0.000291351 3.5 8.5 -15.5
0.000676079 3.5 8.5 -15
0.00105826 3.5 8.5 -14.5
0.00125107 3.5 8.5 -14
0.00110957 4 8 -14
0.000996397 3.5 8.5 -13
2.01828e-05 4 8.5 -10
9.71114e-05 4 8.5 -10.5
2.51812e-05 4.5 8 -10.5
0.000261992 4 8.5 -11
7.29309e-05 4.5 8 -11
3.26254e-05 3.5 9 -11
0.000510002 4 8.5 -11.5
9.62143e-05 3.5 9 -11.5
0.000187133 3.5 9 -12
0.000218208 4.5 8 -12.5
0.000289714 3.5 9 -12.5
0.000176625 4.5 8 -13
0.00109535 4 8.5 -12.5
0.000537236 3.5 9 -13.5
8.88111e-05 4.5 8 -14
0.00121487 4 8.5 -13.5
0.000537293 3.5 9 -14
2.89806e-05 4.5 8 -14.5
0.000426517 3.5 9 -14.5
0.000247796 3.5 9 -15
8.67123e-05 3.5 9 -15.5
3.9359e-05 4 8.5 -16
0.000179937 4 8.5 -15.5
0.000465847 4 8.5 -15
0.000819454 4 8.5 -14.5
0.00109714 4 8.5 -14
0.000402847 3.5 9 -13
0.000143131 4.5 8 -13.5
0.00124815 4 8.5 -13
2.18559e-05 4 9 -10
3.19302e-05 4.5 8.5 -10
9.19524e-05 4 9 -10.5
9.23767e-05 4.5 8.5 -10.5
0.000238108 4 9 -11
0.000479441 4.5 8.5 -12
3.06475e-05 3.5 9.5 -12
0.000537184 4.5 8.5 -12.5
5.22277e-05 3.5 9.5 -12.5
0.000527896 4.5 8.5 -13
0.000964218 4 9 -12.5
0.00045943 4.5 8.5 -13.5
0.00011885 3.5 9.5 -13.5
0.000314407 4.5 8.5 -14
0.00102404 4 9 -13.5
0.000114841 3.5 9.5 -14
0.000607217 4 9 -14.5
7.51378e-05 3.5 9.5 -14.5
3.0429e-05 3.5 9.5 -15
8.83131e-05 4 9 -15.5
2.01866e-05 4.5 8.5 -15.5
0.000297926 4 9 -15
7.28031e-05 4.5 8.5 -15
0.00016179 4.5 8.5 -14.5
0.000882887 4 9 -14
8.45457e-05 3.5 9.5 -13
0.0010729 4 9 -13
0.000737205 4 9 -12
0.000474857 4 9 -11.5
2.65182e-05 4.5 9 -9.5
8.74308e-05 4.5 9 -10
5.77104e-05 4 9.5 -10.5
4.1198e-05 5 8.5 -11
0.000194266 4.5 9 -10.5
0.000144404 4 9.5 -11
4.35873e-05 5 8.5 -11.5
0.000287198 4 9.5 -11.5
3.24635e-05 5 8.5 -12
0.00042627 4 9.5 -12
0.000541646 4 9.5 -12.5
0.000773497 4.5 9 -12.5
0.000602819 4 9.5 -13.5
0.000642624 4.5 9 -13.5
0.000485494 4 9.5 -14
0.000292714 4 9.5 -14.5
0.000257578 4.5 9 -14.5
2.3089e-05 4.5 9 -15.5
0.00011445 4 9.5 -15
0.000106734 4.5 9 -15
0.000458855 4.5 9 -14
0.000624166 4 9.5 -13
3.08912e-05 4.5 9.5 -9.5
2.36939e-05 5 9 -9.5
0.000112163 5 9 -10.5
9.74785e-05 4.5 9.5 -10
0.000212522 4.5 9.5 -10.5
0.000356386 4.5 9.5 -11
0.000160248 5 9 -11
5.44228e-05 4 10 -11
0.000511922 4.5 9.5 -11.5
0.000191512 5 9 -11.5
0.000101222 4 10 -11.5
0.000148233 4 10 -12
0.000736663 4.5 9.5 -12.5
0.000140383 5 9 -12.5
0.000187179 4 10 -12.5
0.000221167 4 10 -13
0.00021157 4 10 -13.5
0.000150465 4 10 -14
0.000395474 4.5 9.5 -14
6.8739e-05 4 10 -14.5
7.33838e-05 4.5 9.5 -15
0.000210928 4.5 9.5 -14.5
2.35121e-05 4.5 10 -9.5
6.23808e-05 5 9.5 -9.5
0.000557481 4.5 9.5 -13.5
6.58024e-05 5 9 -13.5
0.000687795 4.5 9.5 -13
0.000105974 5 9 -13
7.8536e-05 4.5 10 -10
0.000123959 5 9.5 -10
0.000161365 4.5 10 -10.5
0.000201661 5 9.5 -10.5
0.000281388 4.5 10 -11
0.000409826 4.5 10 -11.5
0.000347077 5 9.5 -11.5
0.00034366 5 9.5 -12.5
2.00748e-05 4 10.5 -12.5
0.000280647 5 9.5 -13
0.00053139 4.5 10 -12.5
0.000184638 5 9.5 -13.5
9.10324e-05 5 9.5 -14
0.00036365 4.5 10 -13.5
0.000102431 4.5 10 -14.5
2.21253e-05 4.5 10 -15
3.33667e-05 5 9.5 -14.5
0.00023326 4.5 10 -14
2.38336e-05 4 10.5 -13
0.00047363 4.5 10 -13
7.67845e-05 5 10 -9.5
3.10976e-05 5.5 9.5 -9.5
0.000497561 4.5 10 -12
0.000152519 5 10 -10
4.71473e-05 5.5 9.5 -10
3.34995e-05 4.5 10.5 -10
0.000235986 5 10 -10.5
5.82631e-05 5.5 9.5 -10.5
7.72892e-05 4.5 10.5 -10.5
0.000133731 4.5 10.5 -11
3.32523e-05 5.5 9.5 -11.5
0.000194147 4.5 10.5 -11.5
0.000227375 4.5 10.5 -12
0.000238895 4.5 10.5 -12.5
0.000370308 5 10 -12.5
0.000151938 4.5 10.5 -13.5
0.000190482 5 10 -13.5
3.45318e-05 5 10 -14.5
7.61316e-05 4.5 10.5 -14
9.9202e-05 5 10 -14
0.000212386 4.5 10.5 -13
6.57927e-05 5 10.5 -9.5
6.79939e-05 5.5 10 -9.5
0.000127914 5.5 10 -10.5
0.000134805 5 10.5 -10
0.000132801 5.5 10 -11
0.000208412 5 10.5 -10.5
0.000267876 5 10.5 -11
0.000106204 5.5 10 -10
2.92345e-05 4.5 11 -11
0.000315455 5 10.5 -11.5
0.000112967 5.5 10 -11.5
4.4286e-05 4.5 11 -11.5
0.000337078 5 10.5 -12
9.08366e-05 5.5 10 -12
5.10495e-05 4.5 11 -12
4.49741e-05 4.5 11 -12.5
3.31839e-05 5.5 10 -13
0.0003016 5 10.5 -12.5
3.84147e-05 4.5 11 -13
0.000135734 5 10.5 -13.5
6.30976e-05 5 10.5 -14
3.16113e-05 5.5 10.5 -9
8.37153e-05 5.5 10.5 -9.5
3.33019e-05 5 11 -9.5
0.000221924 5 10.5 -13
7.55793e-05 5 11 -10
0.000127404 5.5 10.5 -10
0.000116119 5 11 -10.5
0.000168395 5.5 10.5 -10.5
0.000162276 5 11 -11
0.000188602 5 11 -11.5
0.000180887 5.5 10.5 -11.5
7.24166e-05 5.5 10.5 -13
0.000159158 5 11 -12.5
3.37011e-05 5.5 10.5 -13.5
5.25799e-05 5 11 -13.5
0.000104355 5 11 -13
0.000120015 5.5 10.5 -12.5
2.28976e-05 5.5 11 -9
4.02007e-05 6 10.5 -9.5
7.45364e-05 5.5 11 -9.5
0.000195066 5 11 -12
0.000117927 5.5 11 -10
4.34922e-05 6 10.5 -10
0.000152041 5.5 11 -10.5
3.60124e-05 6 10.5 -10.5
3.30762e-05 5 11.5 -10.5
0.000162715 5.5 11 -11
5.42879e-05 5 11.5 -11
6.19867e-05 5 11.5 -11.5
5.05497e-05 5 11.5 -12
2.9888e-05 5 11.5 -12.5
0.00010491 5.5 11 -12.5
2.22285e-05 5.5 11 -13.5
2.00244e-05 6 11 -9
4.82562e-05 6 11 -9.5
3.83e-05 5.5 11.5 -9.5
6.51203e-05 6 11 -10
6.89295e-05 6 11 -10.5
7.28883e-05 5.5 11.5 -10
6.32599e-05 6 11 -11
9.29936e-05 5.5 11.5 -10.5
4.67359e-05 6 11 -11.5
0.000103107 5.5 11.5 -11
2.13602e-05 6 11 -12
4.93923e-05 5.5 11.5 -12.5
3.59121e-05 6 11.5 -9.5
5.78429e-05 6 11.5 -10
2.33277e-05 5.5 12 -10.5
6.42928e-05 6 11.5 -10.5
2.55753e-05 5.5 12 -11
2.22133e-05 5.5 12 -11.5
2.33178e-05 6 12 -10
2.74499e-05 6 12 -10.5
2.07094e-05 6 12 -11.5
2.62123e-05 6 12 -11
2.58884e-05 6 11.5 -12
4.4676e-05 6 11.5 -11.5
5.97897e-05 6 11.5 -11
7.89035e-05 5.5 11.5 -12
9.88937e-05 5.5 11.5 -11.5
5.90233e-05 5.5 11 -13
0.000146417 5.5 11 -12
0.000164687 5.5 11 -11.5
2.0511e-05 6 10.5 -11
0.000160852 5.5 10.5 -12
0.000184572 5.5 10.5 -11
6.1833e-05 5.5 10 -12.5
0.000292234 5 10 -13
0.000395796 5 10 -12
0.000360848 5 10 -11.5
0.000299418 5 10 -11
4.75337e-05 5.5 9.5 -11
0.00036807 5 9.5 -12
0.000289952 5 9.5 -11
0.000660634 4.5 9.5 -12
0.000182223 5 9 -12
6.4138e-05 5 9 -10
0.000762564 4.5 9 -13
0.000673638 4.5 9 -12
0.000509185 4.5 9 -11.5
0.000352855 4.5 9 -11
3.07232e-05 5 8.5 -10.5
0.000358541 4.5 8.5 -11.5
0.000212935 4.5 8.5 -11
0.000808324 4 8.5 -12
0.000208557 4.5 8 -12
0.000143039 4.5 8 -11.5
0.000991225 4 8 -12.5
0.000363654 4 8 -11.5
0.000344818 4 7.5 -12
0.000204673 3.5 7.5 -11.5
5.2501e-05 3.5 6.5 -12
