0.0489362
2.65077e-05 -10.5 -6.5 10.5
0.000210098 -11 -6 10.5
3.56227e-05 -10.5 -6.5 11
6.03262e-05 -11.5 -5.5 10.5
0.000240396 -11 -6 11
7.44131e-05 -11.5 -5.5 11
0.000204714 -11 -6 11.5
2.79756e-05 -10.5 -6.5 11.5
8.07086e-05 -11.5 -5.5 11.5
0.000139484 -10.5 -6 10
0.000809078 -11 -5.5 10
0.000550467 -10.5 -6 10.5
0.000245124 -11.5 -5 10
0.00427434 -11 -5.5 10.5
0.000530743 -10.5 -6 11
0.00223585 -11.5 -5 10.5
0.00396394 -11 -5.5 11
0.00235048 -11.5 -5 11
0.00208849 -11 -5.5 11.5
0.000354867 -10.5 -6 11.5
0.00145382 -11.5 -5 11.5
0.000162198 -10.5 -5.5 9.5
0.000576182 -11 -5 9.5
0.0024867 -10.5 -5.5 10
6.6822e-05 -10 -6 10
0.000122266 -11.5 -4.5 9.5
0.0101421 -11 -5 10
0.00566815 -10.5 -5.5 10.5
0.000153182 -10 -6 10.5
0.00322726 -11.5 -4.5 10
0.0205757 -11 -5 10.5
0.0001337 -10 -6 11
0.00840823 -11.5 -4.5 10.5
0.0169609 -11 -5 11
9.71389e-05 -10 -6 11.5
0.00770192 -11.5 -4.5 11
0.00558661 -11 -5 11.5
0.0027601 -11.5 -4.5 11.5
0.000137837 -10 -5.5 9.5
0.00186746 -10.5 -5 9.5
0.00104718 -10 -5.5 10
0.00371119 -11 -4.5 9.5
0.00139111 -10 -5.5 10.5
0.0132923 -10.5 -5 10
0.000848241 -11.5 -4 9.5
0.0234627 -11 -4.5 10
0.0208006 -10.5 -5 10.5
0.00609577 -11.5 -4 10
0.0349746 -11 -4.5 10.5
0.0158582 -10.5 -5 11
0.0102886 -11.5 -4 10.5
0.0257129 -11 -4.5 11
0.00457895 -10.5 -5 11.5
0.00871002 -11.5 -4 11
0.00677977 -11 -4.5 11.5
0.00273081 -11.5 -4 11.5
3.12424e-05 -12 -4 10
9.29205e-05 -12 -4 11
9.69297e-05 -12 -4 10.5
4.20651e-05 -12 -4 11.5
0.00610944 -10.5 -4.5 9.5
0.0066824 -11 -4 9.5
0.0248916 -10.5 -4.5 10
0.00139463 -11.5 -3.5 9.5
0.0261203 -11 -4 10
0.0329701 -10.5 -4.5 10.5
0.00627321 -11.5 -3.5 10
0.0361686 -11 -4 10.5
0.0221933 -10.5 -4.5 11
0.00974496 -11.5 -3.5 10.5
0.0256423 -11 -4 11
0.00780497 -11.5 -3.5 11
0.00210298 -11.5 -3.5 11.5
8.55528e-05 -12 -3.5 10
0.000145469 -12 -3.5 10.5
0.00012665 -12 -3.5 11
4.44034e-05 -12 -3.5 11.5
0.00627593 -11 -4 11.5
0.0037112 -10 -4.5 9.5
0.000150482 -10 -4.5 9
0.00837647 -10.5 -4 9.5
0.00654999 -11 -3.5 9.5
0.000324924 -10.5 -4 9
0.0267697 -10.5 -4 10
0.00117466 -11.5 -3 9.5
0.000450563 -11 -3.5 9
0.0207486 -11 -3.5 10
0.000132533 -11.5 -3 9
0.00333948 -11.5 -3 10
0.027501 -11 -3.5 10.5
0.00610792 -10 -4.5 11
0.00471248 -11.5 -3 10.5
0.0191216 -11 -3.5 11
0.00127446 -10 -4.5 11.5
0.00383091 -11.5 -3 11
0.00446191 -11 -3.5 11.5
0.00114163 -11.5 -3 11.5
2.067e-05 -12 -3 9.5
0.000122108 -12 -3 11
3.52574e-05 -12 -3 11.5
0.000143595 -12 -3 10.5
9.15739e-05 -12 -3 10
0.000245811 -9.5 -4.5 9.5
7.942e-05 -9.5 -4.5 9
0.00497009 -10 -4 9.5
0.0073503 -10.5 -3.5 9.5
0.000472093 -10 -4 9
0.00314003 -11 -3 9.5
0.000812069 -10.5 -3.5 9
0.0201501 -10.5 -3.5 10
0.000582019 -11 -3 9
0.000265654 -11.5 -2.5 9.5
0.00732407 -11 -3 10
0.0248895 -10.5 -3.5 10.5
8.98665e-05 -11.5 -2.5 9
0.000446615 -11.5 -2.5 10
0.0100373 -11 -3 10.5
0.0158831 -10.5 -3.5 11
0.00063942 -11.5 -2.5 10.5
0.00792295 -11 -3 11
0.000618828 -11.5 -2.5 11
0.00237048 -11 -3 11.5
0.000327693 -11.5 -2.5 11.5
4.11878e-05 -11 -3 12
5.83729e-05 -12 -2.5 10
7.85848e-05 -12 -2.5 10.5
6.60379e-05 -12 -2.5 11
2.37708e-05 -10.5 -3.5 12
0.00343139 -10.5 -3.5 11.5
0.00076461 -9.5 -4 9.5
0.00017241 -9.5 -4 9
0.00318239 -10.5 -3 9.5
0.000611993 -10 -3.5 9
0.000955819 -9.5 -4 10
0.000685589 -10.5 -3 9
0.000441854 -11 -2.5 9.5
0.00703519 -10.5 -3 10
0.000408854 -9.5 -4 10.5
0.00018236 -11 -2.5 9
2.1644e-05 -11.5 -2 9.5
3.9778e-05 -10.5 -3 8.5
0.000934415 -11 -2.5 10
0.00920485 -10.5 -3 10.5
2.11985e-05 -11 -2.5 8.5
3.8398e-05 -11.5 -2 10
0.00134785 -11 -2.5 10.5
0.0067154 -10.5 -3 11
6.5209e-05 -11.5 -2 10.5
0.00123531 -11 -2.5 11
0.00186723 -10.5 -3 11.5
5.60884e-05 -11.5 -2 11
0.00069896 -11 -2.5 11.5
3.327e-05 -11.5 -2 11.5
5.187e-05 -11 -2.5 12
5.30349e-05 -10.5 -3 12
0.00105941 -10 -3.5 11.5
0.0057187 -10 -3.5 11
0.000933002 -9.5 -3.5 9.5
0.000193935 -9.5 -3.5 9
0.00157445 -9.5 -3.5 10
0.00188856 -10 -3 9.5
0.000446952 -10 -3 9
0.00046016 -10.5 -2.5 9.5
0.00133937 -9.5 -3.5 10.5
0.004068 -10 -3 10
3.85391e-05 -11 -2 9.5
2.96162e-05 -10 -3 8.5
0.000187035 -10.5 -2.5 9
0.000941779 -10.5 -2.5 10
0.00484014 -10 -3 10.5
2.49259e-05 -10.5 -2.5 8.5
9.20578e-05 -11 -2 10
0.00131182 -10.5 -2.5 10.5
0.0030391 -10 -3 11
0.000130725 -11 -2 10.5
0.00117457 -10.5 -2.5 11
0.000679499 -10 -3 11.5
0.000131393 -11 -2 11
0.000619141 -10.5 -2.5 11.5
8.11272e-05 -11 -2 11.5
2.80992e-05 -11 -2 12
5.34044e-05 -10.5 -2.5 12
2.82766e-05 -9 -3.5 9.5
0.000637072 -9.5 -3 9.5
0.000144295 -9.5 -3 9
0.000334478 -10 -2.5 9.5
0.0011908 -9.5 -3 10
4.21644e-05 -10.5 -2 9.5
0.000123832 -10 -2.5 9
0.000635336 -10 -2.5 10
0.00120489 -9.5 -3 10.5
9.71227e-05 -10.5 -2 10
0.000869729 -10 -2.5 10.5
0.000135629 -10.5 -2 10.5
0.000740335 -10 -2.5 11
0.000134028 -10.5 -2 11
0.00030324 -10 -2.5 11.5
2.27555e-05 -10.5 -2 12
8.13526e-05 -10.5 -2 11.5
7.06831e-05 -9 -3 9.5
0.000161823 -9.5 -2.5 9.5
3.1374e-05 -10 -2 9.5
5.83739e-05 -9 -3 10.5
0.000326982 -9.5 -2.5 10
4.8307e-05 -9.5 -2.5 9
0.000402089 -9.5 -2.5 10.5
0.000277634 -9.5 -2.5 11
6.01429e-05 -9.5 -2.5 11.5
3.74688e-05 -9 -2.5 9.5
3.16301e-05 -9.5 -2 10
3.60872e-05 -9.5 -2 10.5
3.18126e-05 -9.5 -2 11
2.22105e-05 -9.5 -2 11.5
2.53326e-05 -9 -2.5 11
6.62823e-05 -9 -2.5 10.5
7.16932e-05 -9 -2.5 10
4.77455e-05 -10 -2 11.5
8.60251e-05 -10 -2 11
9.02257e-05 -10 -2 10.5
6.09929e-05 -10 -2 10
0.00010571 -9 -3 10
2.10524e-05 -9 -3 9
6.88038e-05 -9.5 -3 11.5
0.000540015 -9.5 -3 11
3.73451e-05 -9.5 -3.5 11.5
0.000445978 -9.5 -3.5 11
0.0104595 -10 -3.5 10.5
0.00949392 -10 -3.5 10
0.0042483 -10 -3.5 9.5
0.00126474 -10 -4 11.5
0.00663214 -10 -4 11
0.0124832 -10 -4 10.5
0.0116474 -10 -4 10
0.00483512 -10.5 -4 11.5
0.0218457 -10.5 -4 11
0.033771 -10.5 -4 10.5
0.011043 -10 -4.5 10.5
0.0103419 -10 -4.5 10
0.00522684 -10.5 -4.5 11.5
0.000929511 -10 -5 11.5
0.00321426 -10 -5 11
0.00541494 -10 -5 10.5
0.00506845 -10 -5 10
0.00128661 -10 -5 9.5
0.000428011 -10 -5.5 11.5
0.000971867 -10 -5.5 11
0.00214395 -10.5 -5.5 11.5
0.0049297 -10.5 -5.5 11
