0.113631
3.84329e-05 -8.5 -1 8
3.09022e-05 -8.5 -1 7.5
5.90942e-05 -9 -0.5 8
5.2559e-05 -9 -0.5 7.5
4.29265e-05 -8 -1 8
9.49086e-05 -8.5 -0.5 8.5
5.13706e-05 -8 -1 7.5
0.000327508 -8.5 -0.5 8
0.000168331 -9 0 8.5
4.10015e-05 -8 -1 7
0.000355827 -8.5 -0.5 7.5
0.000667401 -9 0 8
0.000274401 -9.5 0.5 8
0.000181332 -8.5 -0.5 7
0.000703436 -9 0 7.5
2.7514e-05 -10 1 8
0.000360623 -9 0 7
0.00032121 -9.5 0.5 7.5
5.33751e-05 -10 1 7.5
4.38326e-05 -10 1 7
0.0002425 -9.5 0.5 7
9.58826e-05 -8 -0.5 8.5
4.10994e-05 -8.5 0 9
0.000149337 -9 0.5 9
3.09565e-05 -7.5 -1 7.5
0.000332893 -8 -0.5 8
0.00086383 -8.5 0 8.5
3.03733e-05 -7.5 -1 7
0.000411041 -8 -0.5 7.5
0.0021581 -8.5 0 8
0.00268541 -9 0.5 8.5
0.00101838 -9.5 1 8.5
0.00436301 -9 0.5 8
0.000362276 -8 -0.5 7
0.00228056 -8.5 0 7.5
3.4211e-05 -10 1.5 8.5
0.00201151 -9.5 1 8
8.08009e-05 -8 -0.5 6.5
0.00157019 -8.5 0 7
0.00428288 -9 0.5 7.5
0.00023188 -10 1.5 8
0.00204003 -9.5 1 7.5
3.92154e-05 -8.5 0 6.5
0.00026516 -10 1.5 7.5
2.04562e-05 -10.5 2 7.5
7.96777e-05 -10 1.5 6.5
3.81108e-05 -9.5 1 6.5
0.000251168 -10 1.5 7
0.00137912 -9.5 1 7
0.00247659 -9 0.5 7
7.75726e-05 -7.5 -0.5 8
3.60152e-05 -9 1 9.5
0.000783167 -8 0 8.5
0.000750154 -8.5 0.5 9
0.00442918 -8.5 0.5 8.5
0.00138398 -9 1 9
0.000216052 -7.5 -0.5 7.5
0.00202087 -8 0 8
0.000150731 -9.5 1.5 9
0.000216362 -7.5 -0.5 7
0.00230259 -8 0 7.5
0.00759928 -8.5 0.5 8
0.00690585 -9 1 8.5
0.0015511 -9.5 1.5 8.5
0.00772388 -8.5 0.5 7.5
0.0109324 -9 1 8
0.000134632 -7.5 -0.5 6.5
0.0018595 -8 0 7
4.87166e-05 -10 2 8.5
0.00386283 -9.5 1.5 8
0.000684011 -8 0 6.5
0.00027714 -10 2 8
0.00406415 -9.5 1.5 7.5
0.00579321 -8.5 0.5 7
0.000466988 -10 2 7.5
0.00133828 -8.5 0.5 6.5
2.21672e-05 -10.5 2.5 7.5
0.000451307 -10 2 7
0.00200042 -9 1 6.5
2.76816e-05 -10.5 2.5 7
2.62497e-05 -10.5 2.5 6.5
0.000308421 -10 2 6.5
0.00131273 -9.5 1.5 6.5
0.00349028 -9.5 1.5 7
0.0074505 -9 1 7
0.0106543 -9 1 7.5
3.49097e-05 -8 0.5 9.5
4.73992e-05 -7.5 0 8.5
0.00062205 -8 0.5 9
0.00218125 -8.5 1 9
0.000136641 -9 1.5 9.5
0.000374576 -7.5 0 8
0.00317464 -8 0.5 8.5
0.00152875 -9 1.5 9
0.00844774 -8.5 1 8.5
0.000844019 -7.5 0 7.5
0.00621387 -8 0.5 8
0.000147577 -9.5 2 9
0.00732542 -9 1.5 8.5
4.71657e-05 -7 -0.5 6.5
0.00102907 -7.5 0 7
0.00667803 -8 0.5 7.5
0.0139584 -8.5 1 8
0.00146926 -9.5 2 8.5
0.0130773 -9 1.5 8
0.000641284 -7.5 0 6.5
0.0054782 -8 0.5 7
3.86667e-05 -10 2.5 8.5
0.00378661 -9.5 2 8
0.0136072 -9 1.5 7.5
0.000162364 -7.5 0 6
0.00257561 -8 0.5 6.5
0.000250932 -10 2.5 8
0.00435533 -9.5 2 7.5
0.000198908 -8 0.5 6
0.000456929 -10 2.5 7.5
0.00418459 -9.5 2 7
0.00513165 -8.5 1 6.5
0.0117339 -9 1.5 7
2.02939e-05 -10.5 3 7.5
0.000241027 -8.5 1 6
0.000467386 -10 2.5 7
2.66835e-05 -10.5 3 7
0.00046016 -9 1.5 6
0.000186209 -10 2.5 6
2.18565e-05 -10.5 3 6
2.61436e-05 -10.5 3 6.5
0.000537819 -9.5 2 6
0.000423533 -10 2.5 6.5
0.00270982 -9.5 2 6.5
0.00561705 -9 1.5 6.5
0.0114871 -8.5 1 7
0.0142274 -8.5 1 7.5
0.000174537 -8 1 9.5
0.000298143 -8.5 1.5 9.5
0.000220453 -7.5 0.5 8.5
0.00233715 -8.5 1.5 9
0.000131692 -9 2 9.5
0.00112537 -7.5 0.5 8
2.25586e-05 -8.5 1.5 10
0.00614319 -8 1 8.5
0.00140721 -9 2 9
0.00890604 -8.5 1.5 8.5
5.39202e-05 -7 0 7
0.00231915 -7.5 0.5 7.5
0.0110484 -8 1 8
0.000124739 -9.5 2.5 9
0.0067276 -9 2 8.5
0.0157598 -8.5 1.5 8
0.000203616 -7 0 6.5
0.00243947 -7.5 0.5 7
0.0010979 -9.5 2.5 8.5
0.000120104 -7 0 6
0.0017687 -7.5 0.5 6.5
2.92895e-05 -10 3 8.5
0.00323324 -9.5 2.5 8
0.0133256 -9 2 7.5
0.0100461 -8 1 7
0.016602 -8.5 1.5 7.5
2.10226e-05 -7 0 5.5
0.000194251 -10 3 8
0.000642149 -7.5 0.5 6
0.0041593 -9.5 2.5 7.5
0.00526894 -8 1 6.5
0.00041544 -10 3 7.5
0.00130281 -8 1 6
0.0085221 -8.5 1.5 6.5
0.00394121 -9.5 2.5 7
0.0118455 -9 2 7
0.000439816 -10 3 7
0.00213949 -8.5 1.5 6
2.47222e-05 -10.5 3.5 7
2.58197e-05 -10.5 3.5 6.5
0.00127191 -9.5 2.5 6
7.65802e-05 -10 3 5.5
0.000148129 -9.5 2.5 5.5
0.000242053 -10 3 6
0.000392507 -10 3 6.5
0.00241355 -9 2 6
0.00276895 -9.5 2.5 6.5
0.00728114 -9 2 6.5
0.014556 -8.5 1.5 7
0.0124964 -9 2 8
0.000122403 -7.5 1 9
0.000272067 -8 1.5 9.5
0.000285738 -8.5 2 9.5
0.000819698 -7.5 1 8.5
0.00214263 -8.5 2 9
2.2931e-05 -8 1.5 10
0.00200134 -8 1.5 9
0.000109849 -9 2.5 9.5
2.32955e-05 -8.5 2 10
0.00261012 -7.5 1 8
0.000905561 -9 2.5 9
0.0126097 -8 1.5 8
0.00820566 -8.5 2 8.5
0.00010343 -7 0.5 7
0.0042802 -7.5 1 7.5
5.55103e-05 -9.5 3 9
0.0042698 -9 2.5 8.5
0.0147765 -8.5 2 8
0.000388107 -7 0.5 6.5
0.00420973 -7.5 1 7
0.000327954 -9.5 3 8.5
0.00897805 -9 2.5 8
0.0159189 -8.5 2 7.5
0.0136892 -8 1.5 7.5
0.00136241 -9.5 3 8
0.000306163 -7 0.5 6
0.0102766 -9 2.5 7.5
0.00317154 -7.5 1 6.5
9.71715e-05 -7 0.5 5.5
5.0566e-05 -10 3.5 8
0.00127158 -7.5 1 6
0.00230629 -9.5 3 7.5
0.00750966 -8 1.5 6.5
0.00876136 -8.5 2 6.5
0.00018112 -10 3.5 7.5
0.000146383 -7.5 1 5.5
0.00245991 -9.5 3 7
0.00272415 -8 1.5 6
0.000250814 -10 3.5 7
0.000193778 -8 1.5 5.5
0.0020918 -9.5 3 6.5
0.000251369 -10 3.5 6.5
0.000488663 -8.5 2 5.5
0.00117715 -9.5 3 6
0.00043346 -9.5 3 5.5
2.47051e-05 -10 3.5 5
3.40138e-05 -9.5 3 5
8.87034e-05 -10 3.5 5.5
0.00018741 -10 3.5 6
0.000689654 -9 2.5 5.5
0.00294025 -9 2.5 6
0.00365267 -8.5 2 6
0.00644244 -9 2.5 6.5
0.00947394 -9 2.5 7
0.0141663 -8.5 2 7
0.012225 -8 1.5 7
4.98357e-05 -7.5 1.5 9.5
0.000263398 -8 2 9.5
0.00185926 -8 2 9
0.000218754 -8.5 2.5 9.5
2.45376e-05 -8 2 10
0.0017299 -7.5 1.5 8.5
0.00154967 -8.5 2.5 9
0.00663674 -8 2 8.5
3.74858e-05 -9 3 9.5
2.24647e-05 -8.5 2.5 10
0.00424104 -7.5 1.5 8
0.000224356 -9 3 9
0.00547898 -8.5 2.5 8.5
0.0119397 -8 2 8
0.000265997 -7 1 7
0.0010624 -9 3 8.5
0.010125 -8.5 2.5 8
2.2915e-05 -6.5 0.5 6
0.00298171 -9 3 8
0.000620235 -7 1 6.5
0.0054669 -7.5 1.5 7
0.0113374 -8.5 2.5 7.5
2.52032e-05 -6.5 0.5 5.5
0.00434708 -9 3 7.5
0.000533027 -7 1 6
0.0103577 -8.5 2.5 7
0.00388907 -7.5 1.5 6.5
0.0117475 -8 2 7
0.000194898 -7 1 5.5
0.000218789 -9.5 3.5 7.5
0.00187252 -7.5 1.5 6
0.0042538 -9 3 7
0.000464342 -9.5 3.5 7
0.000434117 -7.5 1.5 5.5
0.00345893 -9 3 6.5
0.00330952 -8 2 6
0.0070936 -8.5 2.5 6.5
0.00063497 -9.5 3.5 6.5
0.000755111 -8 2 5.5
0.00212763 -9 3 6
2.51459e-05 -10 4 6.5
0.000535975 -9.5 3.5 6
4.33592e-05 -10 4 6
7.19453e-05 -8.5 2.5 5
0.000110168 -9.5 3.5 5
4.10873e-05 -10 4 5.5
0.000165338 -9 3 5
0.000314931 -9.5 3.5 5.5
0.000839965 -9 3 5.5
0.00108168 -8.5 2.5 5.5
0.00340797 -8.5 2.5 6
0.00751664 -8 2 6.5
9.09689e-05 -7.5 2 9.5
0.000208562 -8 2.5 9.5
0.0014138 -8 2.5 9
9.42524e-05 -8.5 3 9.5
2.22215e-05 -8 2.5 10
0.00244781 -7.5 2 8.5
0.000562423 -8.5 3 9
0.00473347 -8 2.5 8.5
0.000221407 -7 1.5 7.5
0.00182445 -8.5 3 8.5
0.00362978 -8.5 3 8
0.000624996 -7 1.5 7
0.00910269 -8 2.5 7.5
0.0057153 -7.5 2 7.5
3.84844e-05 -6.5 1 6
0.000794829 -7 1.5 6.5
0.00459423 -8.5 3 7.5
0.00822491 -8 2.5 7
0.00538917 -7.5 2 7
4.89179e-05 -6.5 1 5.5
0.000314012 -9 3.5 7.5
0.000612877 -7 1.5 6
0.00439581 -8.5 3 7
0.000268043 -7 1.5 5.5
0.000583244 -9 3.5 7
0.00188947 -7.5 2 6
0.0034445 -8.5 3 6.5
0.00559069 -8 2.5 6.5
4.19922e-05 -7 1.5 5
0.000726169 -9 3.5 6.5
0.00208159 -8.5 3 6
7.07316e-05 -7.5 2 5
0.000658542 -9 3.5 6
3.85645e-05 -9.5 4 6
0.00015068 -8 2.5 5
6.19696e-05 -9.5 4 5.5
2.63117e-05 -9 3.5 4.5
4.80077e-05 -9.5 4 5
0.000169936 -9 3.5 5
0.000243274 -8.5 3 5
0.000446226 -9 3.5 5.5
0.000887256 -8.5 3 5.5
0.000960932 -8 2.5 5.5
0.00060533 -7.5 2 5.5
0.00280106 -8 2.5 6
0.000110365 -8 3 9.5
0.000656612 -7.5 2.5 9
0.000672867 -8 3 9
0.000152937 -7 2 8
0.00221394 -7.5 2.5 8.5
0.00187769 -8 3 8.5
0.00322912 -8 3 8
0.000641627 -7 2 7.5
0.00391685 -7.5 2.5 8
0.000145583 -8.5 3.5 8
0.0036681 -8 3 7.5
0.000944728 -7 2 7
4.0266e-05 -6.5 1.5 6
0.000448891 -8.5 3.5 7.5
0.000871312 -7 2 6.5
0.00269402 -7.5 2.5 6.5
5.50024e-05 -6.5 1.5 5.5
0.00061718 -8.5 3.5 7
0.00244962 -8 3 6.5
0.000254731 -7 2 5.5
0.000668725 -8.5 3.5 6.5
0.00142526 -8 3 6
0.00139809 -7.5 2.5 6
5.87201e-05 -7 2 5
0.000576478 -8.5 3.5 6
0.000128019 -7.5 2.5 5
2.85224e-05 -9 4 6
0.000364468 -8.5 3.5 5.5
6.04399e-05 -9 4 5.5
2.45563e-05 -8 3 4.5
4.00548e-05 -8.5 3.5 4.5
4.99081e-05 -9 4 5
0.000158003 -8.5 3.5 5
0.000197024 -8 3 5
0.000657874 -8 3 5.5
0.000530914 -7.5 2.5 5.5
0.000580616 -7 2 6
0.00336425 -8 3 7
0.00394272 -7.5 2.5 7
0.00433238 -7.5 2.5 7.5
7.91257e-05 -7.5 3 9.5
0.000478465 -7.5 3 9
4.1333e-05 -8 3.5 9
0.00130079 -7.5 3 8.5
0.000108211 -8 3.5 8.5
0.00198957 -7.5 3 8
0.000712746 -7 2.5 8
0.000293472 -8 3.5 8
0.000944406 -7 2.5 7
0.000480219 -8 3.5 7.5
4.76005e-05 -6.5 2 6
0.000523049 -8 3.5 7
0.000730343 -7 2.5 6.5
0.00179091 -7.5 3 7
0.000389639 -7 2.5 6
4.38017e-05 -6.5 2 5.5
2.4241e-05 -8.5 4 6.5
0.000160629 -7 2.5 5.5
0.000653303 -7.5 3 6
3.13855e-05 -8.5 4 6
5.2233e-05 -7 2.5 5
0.000285197 -7.5 3 5.5
0.000352818 -8 3.5 6
3.88637e-05 -8.5 4 5.5
9.62024e-05 -7.5 3 5
0.000210577 -8 3.5 5.5
3.00254e-05 -8.5 4 5
2.58121e-05 -8 3.5 4.5
9.69405e-05 -8 3.5 5
0.000476574 -8 3.5 6.5
0.00119971 -7.5 3 6.5
3.15583e-05 -6.5 2 6.5
0.0020718 -7.5 3 7.5
2.8449e-05 -7.5 3.5 9.5
0.0001268 -7.5 3.5 9
0.000138468 -7 3 9
0.000268169 -7.5 3.5 8.5
0.000400264 -7.5 3.5 8
0.000424163 -7.5 3.5 7.5
4.52135e-05 -6.5 2.5 7
6.49426e-05 -6.5 2.5 6.5
0.000377599 -7.5 3.5 7
0.000643344 -7 3 7
5.801e-05 -6.5 2.5 6
2.23635e-05 -6.5 2.5 5.5
2.52945e-05 -8 4 6.5
0.000190244 -7 3 6
2.71451e-05 -8 4 6
6.81576e-05 -7 3 5.5
0.00016669 -7.5 3.5 6
2.90821e-05 -7.5 3.5 5
2.26601e-05 -8 4 5.5
2.53804e-05 -7 3 5
8.70432e-05 -7.5 3.5 5.5
0.000212722 -7 3.5 8.5
8.62128e-05 -7 3.5 9
0.00027766 -7.5 3.5 6.5
0.000276173 -7 3.5 8
5.81438e-05 -6.5 3 8
0.00027013 -7 3.5 7.5
9.66719e-05 -6.5 3 7.5
2.27789e-05 -7.5 4 7
6.30461e-05 -6.5 3 6.5
2.23305e-05 -7.5 4 6.5
3.22565e-05 -6.5 3 6
0.000123347 -7 3.5 6.5
2.1886e-05 -7 3.5 5.5
7.82078e-05 -6.5 3.5 7.5
2.88649e-05 -6.5 3.5 6.5
5.7954e-05 -6.5 3.5 7
2.16985e-05 -7 4 7.5
2.18202e-05 -7 4 8
7.53106e-05 -6.5 3.5 8
5.72439e-05 -6.5 3.5 8.5
6.04376e-05 -7 3.5 6
0.000207668 -7 3.5 7
9.40067e-05 -6.5 3 7
0.000400065 -7 3 6.5
0.000737106 -7 3 7.5
0.000673686 -7 3 8
0.000409989 -7 3 8.5
0.000974502 -7 2.5 7.5
0.000250395 -7 2.5 8.5
0.000101993 -7.5 2.5 9.5
0.00382206 -7.5 2 6.5
0.00828054 -8 2.5 8
0.00461573 -7.5 2 8
0.00066348 -7.5 2 9
0.0130702 -8 2 7.5
0.00574451 -7.5 1.5 7.5
0.000371341 -7.5 1.5 9
0.00708133 -8 1.5 8.5
0.0117285 -8 1 7.5
0.00156293 -8 1 9
0.000206561 -8.5 1 9.5
6.73099e-05 -8 0 9
