0.117549
6.38657e-05 -8.5 -0.5 8
9.71948e-05 -8.5 -0.5 7.5
3.17294e-05 -9 0 8
5.53916e-05 -8.5 -0.5 7
9.96953e-05 -9 0 7.5
7.45444e-05 -9 0 7
2.18539e-05 -9.5 0.5 7.5
8.70454e-05 -8 -0.5 8
3.88532e-05 -8.5 0 8.5
0.000175807 -8 -0.5 7.5
0.000519959 -8.5 0 8
0.000761408 -9 0.5 8
0.000172272 -8 -0.5 7
0.000818316 -8.5 0 7.5
0.000171285 -9.5 1 8
7.71759e-05 -8 -0.5 6.5
0.000719043 -8.5 0 7
0.00107478 -9 0.5 7.5
0.000358408 -9.5 1 7.5
0.000118006 -8.5 0 6.5
4.13851e-05 -10 1.5 7.5
4.32691e-05 -9 0.5 6.5
2.64464e-05 -10 1.5 6.5
0.00013257 -9.5 1 6.5
4.69444e-05 -10 1.5 7
0.00036717 -9.5 1 7
0.000995862 -9 0.5 7
3.85914e-05 -7.5 -0.5 8
9.5007e-05 -8 0 8.5
0.000866646 -8.5 0.5 8.5
0.000117176 -7.5 -0.5 7.5
0.000645393 -8 0 8
0.000138266 -7.5 -0.5 7
0.00112916 -8 0 7.5
0.00347261 -8.5 0.5 8
0.00148583 -9 1 8.5
0.000117366 -9.5 1.5 8.5
0.00436227 -8.5 0.5 7.5
0.00461488 -9 1 8
0.000105199 -7.5 -0.5 6.5
0.00113562 -8 0 7
0.00108484 -9.5 1.5 8
0.000639952 -8 0 6.5
3.93249e-05 -10 2 8
0.00150012 -9.5 1.5 7.5
0.00402554 -8.5 0.5 7
0.000148665 -10 2 7.5
0.00141916 -8.5 0.5 6.5
0.000164335 -10 2 7
0.00170958 -9 1 6.5
0.000144052 -10 2 6.5
0.000824715 -9.5 1.5 6.5
0.00145609 -9.5 1.5 7
0.00461824 -9 1 7
0.00519286 -9 1 7.5
4.57595e-05 -7.5 0 8.5
5.46147e-05 -8 0.5 9
0.000378098 -8.5 1 9
0.000280275 -7.5 0 8
0.000972686 -8 0.5 8.5
0.000227856 -9 1.5 9
0.0037673 -8.5 1 8.5
0.000644379 -7.5 0 7.5
0.00345669 -8 0.5 8
0.00260681 -9 1.5 8.5
4.21759e-05 -7 -0.5 6.5
0.000829359 -7.5 0 7
0.00472465 -8 0.5 7.5
0.00928937 -8.5 1 8
0.000164373 -9.5 2 8.5
0.00797684 -9 1.5 8
0.000599963 -7.5 0 6.5
0.00445749 -8 0.5 7
0.00117497 -9.5 2 8
0.00985704 -9 1.5 7.5
0.000205878 -7.5 0 6
0.00274457 -8 0.5 6.5
3.68053e-05 -10 2.5 8
0.00226642 -9.5 2 7.5
0.000417505 -8 0.5 6
0.000152765 -10 2.5 7.5
0.00231954 -9.5 2 7
0.00562921 -8.5 1 6.5
0.00919703 -9 1.5 7
0.00058578 -8.5 1 6
0.000217674 -10 2.5 7
0.000736632 -9 1.5 6
0.000134694 -10 2.5 6
0.000653056 -9.5 2 6
0.000211494 -10 2.5 6.5
0.0019857 -9.5 2 6.5
0.00549132 -9 1.5 6.5
0.0101407 -8.5 1 7
0.0109325 -8.5 1 7.5
6.64736e-05 -8.5 1.5 9.5
0.0002257 -7.5 0.5 8.5
0.00081363 -8.5 1.5 9
0.00108708 -7.5 0.5 8
0.00327333 -8 1 8.5
0.000252357 -9 2 9
0.00504165 -8.5 1.5 8.5
8.58191e-05 -7 0 7
0.00230766 -7.5 0.5 7.5
0.00834244 -8 1 8
0.00247138 -9 2 8.5
0.0126349 -8.5 1.5 8
0.000229981 -7 0 6.5
0.00267958 -7.5 0.5 7
0.00015268 -9.5 2.5 8.5
0.000151331 -7 0 6
0.00209655 -7.5 0.5 6.5
0.00106059 -9.5 2.5 8
0.0104939 -9 2 7.5
0.00996029 -8 1 7
0.0159396 -8.5 1.5 7.5
4.19747e-05 -7 0 5.5
2.57086e-05 -10 3 8
0.000906429 -7.5 0.5 6
0.00221829 -9.5 2.5 7.5
0.00650088 -8 1 6.5
6.22945e-05 -7.5 0.5 5.5
0.000133675 -10 3 7.5
0.00215914 -8 1 6
0.0106146 -8.5 1.5 6.5
0.00238538 -9.5 2.5 7
0.010302 -9 2 7
0.000209525 -10 3 7
0.00347928 -8.5 1.5 6
0.000145145 -9 2 5.5
0.00132144 -9.5 2.5 6
8.07176e-05 -10 3 5.5
0.00023847 -9.5 2.5 5.5
0.000182588 -10 3 6
0.000207748 -10 3 6.5
0.00326587 -9 2 6
0.00220943 -9.5 2.5 6.5
0.008031 -9 2 6.5
0.0152073 -8.5 1.5 7
0.00779088 -9 2 8
9.9273e-05 -7.5 1 9
7.99492e-05 -8 1.5 9.5
7.98759e-05 -8.5 2 9.5
0.000692582 -7.5 1 8.5
0.00079363 -8.5 2 9
0.000818698 -8 1.5 9
0.00273359 -7.5 1 8
0.00022353 -9 2.5 9
0.0113196 -8 1.5 8
0.0048387 -8.5 2 8.5
0.000234632 -7 0.5 7
0.00495693 -7.5 1 7.5
0.00194042 -9 2.5 8.5
0.0122616 -8.5 2 8
0.000566918 -7 0.5 6.5
0.00531723 -7.5 1 7
0.000101927 -9.5 3 8.5
0.00649176 -9 2.5 8
0.0161608 -8.5 2 7.5
0.0147432 -8 1.5 7.5
0.000715628 -9.5 3 8
0.000470545 -7 0.5 6
0.00970267 -9 2.5 7.5
0.00442297 -7.5 1 6.5
0.000173994 -7 0.5 5.5
2.01517e-05 -10 3.5 8
0.00209149 -7.5 1 6
0.00181164 -9.5 3 7.5
0.0103784 -8 1.5 6.5
0.0119786 -8.5 2 6.5
0.000100385 -10 3.5 7.5
0.000359532 -7.5 1 5.5
0.00216344 -9.5 3 7
0.00464899 -8 1.5 6
0.000183975 -10 3.5 7
0.000589938 -8 1.5 5.5
0.00200505 -9.5 3 6.5
0.000181169 -10 3.5 6.5
0.00111747 -8.5 2 5.5
0.00131994 -9.5 3 6
0.000584025 -9.5 3 5.5
3.19124e-05 -10 3.5 5
6.80535e-05 -9.5 3 5
9.21103e-05 -10 3.5 5.5
0.000153379 -10 3.5 6
0.00120117 -9 2.5 5.5
0.00428586 -9 2.5 6
0.00600239 -8.5 2 6
0.00774507 -9 2.5 6.5
0.00964011 -9 2.5 7
0.0156666 -8.5 2 7
0.0142307 -8 1.5 7
3.26625e-05 -7.5 1.5 9.5
9.40934e-05 -8 2 9.5
0.000822621 -8 2 9
7.59962e-05 -8.5 2.5 9.5
0.00161743 -7.5 1.5 8.5
0.000670911 -8.5 2.5 9
0.00457798 -8 2 8.5
0.00010777 -7 1 7.5
0.00456675 -7.5 1.5 8
0.000126455 -9 3 9
0.00390086 -8.5 2.5 8.5
0.0111412 -8 2 8
0.000551862 -7 1 7
0.000845452 -9 3 8.5
0.00989457 -8.5 2.5 8
4.56196e-05 -6.5 0.5 6
0.00315081 -9 3 8
0.00106278 -7 1 6.5
0.00764973 -7.5 1.5 7
0.0137585 -8.5 2.5 7.5
5.39821e-05 -6.5 0.5 5.5
9.0939e-05 -9.5 3.5 8
0.00572629 -9 3 7.5
0.00093555 -7 1 6
0.0136214 -8.5 2.5 7
0.00634662 -7.5 1.5 6.5
0.014551 -8 2 7
2.31517e-05 -6.5 0.5 5
0.000405738 -7 1 5.5
0.000477087 -9.5 3.5 7.5
0.00347582 -7.5 1.5 6
0.00606668 -9 3 7
4.72449e-05 -7 1 5
0.000884194 -9.5 3.5 7
0.00102933 -7.5 1.5 5.5
0.0054199 -9 3 6.5
0.00592371 -8 2 6
0.0108093 -8.5 2.5 6.5
5.06617e-05 -10 4 7
0.00102596 -9.5 3.5 6.5
0.00178796 -8 2 5.5
0.00354519 -9 3 6
7.38268e-05 -10 4 6.5
3.38648e-05 -8 2 5
0.000877492 -9.5 3.5 6
7.85951e-05 -10 4 6
0.000213792 -8.5 2.5 5
0.000186647 -9.5 3.5 5
2.91326e-05 -10 4 5
6.19663e-05 -10 4 5.5
0.000333377 -9 3 5
0.000498613 -9.5 3.5 5.5
0.00155982 -9 3 5.5
0.00221192 -8.5 2.5 5.5
0.00594888 -8.5 2.5 6
0.0112391 -8 2 6.5
5.54312e-05 -7.5 2 9.5
8.79042e-05 -8 2.5 9.5
0.000697861 -8 2.5 9
4.54783e-05 -8.5 3 9.5
0.00224273 -7.5 2 8.5
0.000361422 -8.5 3 9
0.00375712 -8 2.5 8.5
0.000555136 -7 1.5 7.5
0.00192129 -8.5 3 8.5
0.00492586 -8.5 3 8
0.00118507 -7 1.5 7
0.0124997 -8 2.5 7.5
0.00793838 -7.5 2 7.5
7.72952e-05 -6.5 1 6
0.000198674 -9 3.5 8
0.00154447 -7 1.5 6.5
0.00736834 -8.5 3 7.5
0.0123634 -8 2.5 7
0.00808454 -7.5 2 7
0.000119168 -6.5 1 5.5
0.000968678 -9 3.5 7.5
0.0012798 -7 1.5 6
0.00749214 -8.5 3 7
4.62036e-05 -6.5 1 5
0.000639224 -7 1.5 5.5
0.00159148 -9 3.5 7
0.00390126 -7.5 2 6
0.00636602 -8.5 3 6.5
0.00980533 -8 2.5 6.5
0.000135735 -7 1.5 5
0.00181161 -9 3.5 6.5
0.00416611 -8.5 3 6
0.000225321 -7.5 2 5
8.21925e-05 -9.5 4 6.5
0.00153458 -9 3.5 6
0.000162571 -9.5 4 6
0.000421679 -8 2.5 5
0.000173678 -9.5 4 5.5
3.87371e-05 -8.5 3 4.5
4.2492e-05 -9.5 4 4.5
7.97068e-05 -9 3.5 4.5
0.000111949 -9.5 4 5
0.000401318 -9 3.5 5
0.00059823 -8.5 3 5
0.000988526 -9 3.5 5.5
0.00195796 -8.5 3 5.5
0.00218122 -8 2.5 5.5
0.00148052 -7.5 2 5.5
0.00555402 -8 2.5 6
5.96724e-05 -8 3 9.5
0.000437197 -7.5 2.5 9
0.000462206 -8 3 9
0.00032089 -7 2 8
0.00211966 -7.5 2.5 8.5
3.1633e-05 -8.5 3.5 9
0.00206396 -8 3 8.5
0.000143568 -8.5 3.5 8.5
0.00472775 -8 3 8
0.00114191 -7 2 7.5
0.00498999 -7.5 2.5 8
0.000590705 -8.5 3.5 8
0.00664265 -8 3 7.5
0.00184812 -7 2 7
9.69325e-05 -6.5 1.5 6
0.00143627 -8.5 3.5 7.5
0.00183967 -7 2 6.5
0.0056548 -7.5 2.5 6.5
0.000139731 -6.5 1.5 5.5
0.001892 -8.5 3.5 7
0.00548801 -8 3 6.5
6.81446e-05 -6.5 1.5 5
0.000690054 -7 2 5.5
0.00187967 -8.5 3.5 6.5
0.00348467 -8 3 6
0.00336601 -7.5 2.5 6
6.70757e-05 -9 4 6.5
0.00019933 -7 2 5
0.00156891 -8.5 3.5 6
0.000389121 -7.5 2.5 5
0.000159272 -9 4 6
0.000984273 -8.5 3.5 5.5
3.59089e-05 -7.5 2.5 4.5
0.000207003 -9 4 5.5
8.52937e-05 -8 3 4.5
6.49272e-05 -9 4 4.5
0.000123515 -8.5 3.5 4.5
0.000165966 -9 4 5
0.000437123 -8.5 3.5 5
0.000562708 -8 3 5
0.00169161 -8 3 5.5
0.00144086 -7.5 2.5 5.5
0.00137104 -7 2 6
0.00665046 -8 3 7
0.00696892 -7.5 2.5 7
0.00693474 -7.5 2.5 7.5
4.63871e-05 -7.5 3 9.5
0.000350548 -7.5 3 9
0.000109269 -8 3.5 9
0.00152477 -7.5 3 8.5
0.00035331 -8 3.5 8.5
0.00315686 -7.5 3 8
0.000982549 -7 2.5 8
0.000874527 -8 3.5 8
0.00189381 -7 2.5 7
0.00146159 -8 3.5 7.5
0.000133496 -6.5 2 6
0.00167083 -8 3.5 7
0.00173548 -7 2.5 6.5
0.00393994 -7.5 3 7
0.00115836 -7 2.5 6
3.73923e-05 -8.5 4 7
0.000130434 -6.5 2 5.5
6.9924e-05 -6.5 2 5
0.000101901 -8.5 4 6.5
0.000560978 -7 2.5 5.5
0.00190015 -7.5 3 6
0.000154856 -8.5 4 6
0.000192814 -7 2.5 5
0.000929251 -7.5 3 5.5
0.00116961 -8 3.5 6
3.89213e-05 -7 2.5 4.5
0.000176102 -8.5 4 5.5
0.000336922 -7.5 3 5
0.000703604 -8 3.5 5.5
7.65474e-05 -7.5 3 4.5
0.000133178 -8.5 4 5
6.01583e-05 -8.5 4 4.5
0.000101876 -8 3.5 4.5
0.000336986 -8 3.5 5
0.00154007 -8 3.5 6.5
0.00310044 -7.5 3 6.5
4.32576e-05 -6.5 2 6.5
0.00400646 -7.5 3 7.5
2.33459e-05 -7.5 3.5 9.5
0.000162925 -7.5 3.5 9
0.000101536 -7 3 9
0.000522344 -7.5 3.5 8.5
0.000963379 -7.5 3.5 8
0.00121751 -7.5 3.5 7.5
4.98506e-05 -6.5 2.5 7
0.000142532 -6.5 2.5 6.5
0.00117463 -7.5 3.5 7
0.00144934 -7 3 7
7.80715e-05 -8 4 7
0.000149764 -6.5 2.5 6
0.000101167 -6.5 2.5 5.5
0.00011261 -8 4 6.5
0.000664963 -7 3 6
4.80687e-05 -6.5 2.5 5
0.00012147 -8 4 6
0.000304685 -7 3 5.5
0.000621909 -7.5 3.5 6
0.000152915 -7.5 3.5 5
3.72567e-05 -7 3 4.5
5.20757e-05 -7.5 3.5 4.5
7.33933e-05 -8 4 5
3.48967e-05 -8 4 4.5
0.000109652 -8 4 5.5
0.000113865 -7 3 5
0.000344411 -7.5 3.5 5.5
0.000329907 -7 3.5 8.5
8.96766e-05 -7 3.5 9
0.000943342 -7.5 3.5 6.5
0.000620209 -7 3.5 8
3.6996e-05 -6.5 3 8
0.000661653 -7 3.5 7.5
0.000167136 -6.5 3 7.5
5.993e-05 -7.5 4 7.5
9.43101e-05 -7.5 4 7
0.000190541 -6.5 3 6.5
9.62288e-05 -7.5 4 6.5
0.000122463 -6.5 3 6
0.000437554 -7 3.5 6.5
5.60352e-05 -6.5 3 5.5
0.000112305 -7 3.5 5.5
5.59802e-05 -7.5 4 5.5
2.96157e-05 -7.5 4 5
3.68069e-05 -7 3.5 5
2.32301e-05 -6.5 3 5
8.13032e-05 -7.5 4 6
5.47087e-05 -7 4 8.5
0.000186771 -6.5 3.5 7.5
0.000125923 -6.5 3.5 6.5
9.08248e-05 -7 4 7
5.81187e-05 -6.5 3.5 6
2.29318e-05 -6.5 3.5 5.5
4.58295e-05 -7 4 6
2.30483e-05 -7 4 5.5
6.88003e-05 -7 4 6.5
0.000181102 -6.5 3.5 7
0.000104785 -7 4 7.5
3.74635e-05 -6.5 4 8.5
5.2502e-05 -6.5 4 7
3.02158e-05 -6.5 4 6.5
6.75206e-05 -6.5 4 7.5
6.49469e-05 -6.5 4 8
9.91604e-05 -7 4 8
0.000154019 -6.5 3.5 8
7.32515e-05 -6.5 3.5 8.5
0.000246933 -7 3.5 6
0.000618043 -7 3.5 7
0.000210948 -6.5 3 7
0.00113159 -7 3 6.5
0.00144522 -7 3 7.5
0.00103322 -7 3 8
0.000491517 -7 3 8.5
0.00174375 -7 2.5 7.5
0.000247591 -7 2.5 8.5
5.68765e-05 -7.5 2.5 9.5
0.00669312 -7.5 2 6.5
0.00914095 -8 2.5 8
0.00545719 -7.5 2 8
0.000454695 -7.5 2 9
0.0148737 -8 2 7.5
0.0074379 -7.5 1.5 7.5
0.000305741 -7.5 1.5 9
0.00470865 -8 1.5 8.5
0.0105468 -8 1 7.5
0.000428175 -8 1 9
2.63801e-05 -7.5 0.5 9
