0.150849
2.00678e-05 -7 0.5 5.5
3.04806e-05 -7 0.5 5
2.4641e-05 -7.5 1 5.5
2.79391e-05 -7 0.5 4.5
5.24708e-05 -7.5 1 5
5.07567e-05 -7.5 1 4.5
2.59157e-05 -8 1.5 4.5
2.44551e-05 -6.5 0.5 5.5
3.2418e-05 -7 1 6
4.03611e-05 -6.5 0.5 5
0.000157354 -7 1 5.5
4.04836e-05 -6.5 0.5 4.5
0.000229337 -7 1 5
0.000274655 -7.5 1.5 5.5
2.8197e-05 -6.5 0.5 4
0.000209426 -7 1 4.5
0.000431379 -7.5 1.5 5
8.73137e-05 -8 2 5.5
8.88131e-05 -7 1 4
0.000412649 -7.5 1.5 4.5
0.000260763 -8 2 5
0.000155652 -7.5 1.5 4
0.000276731 -8 2 4.5
6.19646e-05 -8.5 2.5 5
0.000167778 -8 2 4
8.15774e-05 -8.5 2.5 4.5
7.1429e-05 -8.5 2.5 4
4.24719e-05 -6.5 1 6
2.53122e-05 -6 0.5 5
0.000168379 -6.5 1 5.5
0.000251194 -7 1.5 6
2.91597e-05 -6 0.5 4.5
0.000266686 -6.5 1 5
0.00093445 -7 1.5 5.5
0.000514682 -7.5 2 6
2.38778e-05 -6 0.5 4
0.000270742 -6.5 1 4.5
0.00127854 -7 1.5 5
0.000182108 -6.5 1 4
0.00121387 -7 1.5 4.5
0.00245365 -7.5 2 5
3.51242e-05 -6.5 1 3.5
0.00059328 -7 1.5 4
0.00229021 -7.5 2 4.5
0.00149587 -8 2.5 5
4.14214e-05 -7 1.5 3.5
0.000982776 -7.5 2 4
0.00151021 -8 2.5 4.5
3.59569e-05 -7.5 2 3.5
0.000896583 -8 2.5 4
0.000324688 -8.5 3 4.5
9.90726e-05 -8 2.5 3.5
0.000301882 -8.5 3 4
0.00013108 -8.5 3 3.5
3.48008e-05 -9 3.5 4
3.40248e-05 -9 3.5 3.5
3.31342e-05 -9 3.5 4.5
0.000305336 -8.5 3 5
0.000131238 -8.5 3 5.5
0.00111197 -8 2.5 5.5
0.00202878 -7.5 2 5.5
0.00020033 -8 2.5 6
2.00883e-05 -6 1 6
2.84919e-05 -6.5 1.5 6.5
7.62105e-05 -6 1 5.5
0.000286354 -6.5 1.5 6
0.000153272 -7 2 6.5
0.000356969 -7.5 2.5 6.5
0.000162304 -6 1 5
0.000951242 -6.5 1.5 5.5
2.7678e-05 -8 3 6.5
0.000187085 -6 1 4.5
0.00136666 -6.5 1.5 5
0.00403346 -7 2 5.5
0.000613961 -8 3 6
0.00331979 -7.5 2.5 6
0.000150488 -6 1 4
0.00132415 -6.5 1.5 4.5
0.00471882 -7 2 5
6.3187e-05 -6 1 3.5
0.000865571 -6.5 1.5 4
0.00444501 -7 2 4.5
0.00708664 -7.5 2.5 5
0.000129902 -8.5 3.5 5.5
0.000201933 -6.5 1.5 3.5
0.00245266 -7 2 4
0.00658494 -7.5 2.5 4.5
0.000384149 -7 2 3.5
0.00369311 -7.5 2.5 4
0.00336809 -8 3 4.5
0.000662282 -7.5 2.5 3.5
0.00258912 -8 3 4
0.000875435 -8 3 3.5
0.000497788 -8.5 3.5 4
0.000384667 -8.5 3.5 3.5
0.00011389 -8.5 3.5 3
4.07061e-05 -9 4 3.5
3.71501e-05 -9 4 3
3.99261e-05 -9 4 4
3.32481e-05 -9 4 4.5
0.000506327 -8.5 3.5 4.5
0.000395726 -8.5 3.5 5
0.00342644 -8 3 5
0.00257366 -8 3 5.5
0.00650806 -7.5 2.5 5.5
0.00166628 -7 2 6
7.26715e-05 -7 2.5 7
0.000108113 -6 1.5 6
0.000370335 -6 1.5 5.5
0.00155722 -6.5 2 6
0.00114731 -7 2.5 6.5
4.06929e-05 -7.5 3 7
0.00489519 -7 2.5 6
3.57791e-05 -5.5 1 4.5
0.000707453 -6 1.5 5
0.00357285 -6.5 2 5.5
5.25421e-05 -5.5 1 4
0.00083236 -6 1.5 4.5
0.00442366 -6.5 2 5
0.00904079 -7 2.5 5.5
0.00459921 -7.5 3 6
3.66369e-05 -5.5 1 3.5
0.000667143 -6 1.5 4
0.00422337 -6.5 2 4.5
0.0100235 -7 2.5 5
0.00950975 -7.5 3 5.5
0.000546149 -8 3.5 6
0.000304686 -6 1.5 3.5
0.00285962 -6.5 2 4
0.00947317 -7 2.5 4.5
9.53649e-05 -8.5 4 5.5
0.0108446 -7.5 3 5
0.00239488 -8 3.5 5.5
4.55598e-05 -6 1.5 3
0.000950638 -6.5 2 3.5
0.00624936 -7 2.5 4
0.0105264 -7.5 3 4.5
0.000329143 -8.5 4 5
3.24688e-05 -6.5 2 3
0.00198333 -7 2.5 3.5
0.00751994 -7.5 3 4
6.3466e-05 -7 2.5 3
0.00293251 -7.5 3 3.5
0.00365035 -8 3.5 4
0.000226193 -7.5 3 3
0.00213211 -8 3.5 3.5
0.000459044 -8 3.5 3
0.000471354 -8.5 4 3.5
0.000287839 -8.5 4 3
5.69342e-05 -8.5 4 2.5
3.7191e-05 -9 4.5 3
3.6461e-05 -9 4.5 3.5
3.60409e-05 -9 4.5 4
0.000488386 -8.5 4 4
2.60104e-05 -9 4.5 4.5
0.000487468 -8.5 4 4.5
0.00381762 -8 3.5 4.5
0.0036813 -8 3.5 5
3.35906e-05 -8 3.5 6.5
0.000737271 -7.5 3 6.5
0.000211061 -6.5 2 6.5
8.22235e-05 -6 2 6.5
9.92625e-05 -6.5 2.5 7
0.000330508 -6 2 6
0.00106365 -6.5 2.5 6.5
4.65549e-05 -7.5 3.5 7
0.000227362 -7 3 7
2.62932e-05 -5.5 1.5 5
0.0010813 -6 2 5.5
0.00402064 -6.5 2.5 6
0.00011684 -5.5 1.5 4.5
0.00195163 -6 2 5
0.00755987 -6.5 2.5 5.5
2.56831e-05 -8 4 6.5
0.00656591 -7 3 6
0.000207062 -5.5 1.5 4
0.00216371 -6 2 4.5
0.00879695 -6.5 2.5 5
0.000317169 -8 4 6
0.0119892 -7 3 5.5
0.00416361 -7.5 3.5 6
0.000166447 -5.5 1.5 3.5
0.00185493 -6 2 4
0.00841945 -6.5 2.5 4.5
0.0108869 -7.5 3.5 5
6.63846e-05 -5.5 1.5 3
0.000949541 -6 2 3.5
0.00594916 -6.5 2.5 4
3.43863e-05 -8.5 4.5 5.5
0.0131178 -7 3 4.5
0.000210408 -6 2 3
0.00262778 -6.5 2.5 3.5
0.00988467 -7 3 4
0.000197926 -8.5 4.5 5
0.0107409 -7.5 3.5 4.5
0.00335527 -8 4 5
0.000375381 -6.5 2.5 3
0.00471205 -7 3 3.5
0.00895061 -7.5 3.5 4
0.000386335 -8.5 4.5 4.5
0.000833091 -7 3 3
0.0049991 -7.5 3.5 3.5
0.0013786 -7.5 3.5 3
2.19754e-05 -9 5 4
0.00246515 -8 4 3.5
7.1362e-05 -7.5 3.5 2.5
2.28572e-05 -9 5 3.5
0.00108943 -8 4 3
0.00016415 -8 4 2.5
0.000118505 -8.5 4.5 2.5
2.52227e-05 -9 5 3
0.000301343 -8.5 4.5 3
0.000415313 -8.5 4.5 3.5
0.000421604 -8.5 4.5 4
0.00342655 -8 4 4
0.00355895 -8 4 4.5
0.00184193 -8 4 5.5
0.013599 -7 3 5
0.00909988 -7.5 3.5 5.5
0.000665 -7.5 3.5 6.5
3.90501e-05 -6 2.5 7
2.02971e-05 -6.5 3 7.5
0.000214202 -6 2.5 6.5
0.000919062 -6 2.5 6
3.68368e-05 -7.5 4 7
0.00173131 -6.5 3 6.5
6.08994e-05 -5.5 2 5
0.00238306 -6 2.5 5.5
0.00045178 -7.5 4 6.5
0.00577462 -6.5 3 6
0.00170306 -7 3.5 6.5
0.000228803 -5.5 2 4.5
0.00378813 -6 2.5 5
0.0103631 -6.5 3 5.5
0.0116672 -7 3.5 5.5
2.05492e-05 -5 1.5 3.5
0.000457731 -5.5 2 4
0.00398535 -6 2.5 4.5
0.000109514 -8 4.5 6
0.00729774 -7.5 4 5.5
0.00042268 -5.5 2 3.5
0.00347258 -6 2.5 4
0.0115029 -6.5 3 4.5
0.000769129 -8 4.5 5.5
0.00939644 -7.5 4 5
0.0135768 -7 3.5 5
0.000195609 -5.5 2 3
0.00199708 -6 2.5 3.5
0.00876433 -6.5 3 4
0.00203014 -8 4.5 5
3.64876e-05 -5.5 2 2.5
0.000629164 -6 2.5 3
0.00449449 -6.5 3 3.5
2.17526e-05 -8.5 5 5
0.00240865 -8 4.5 4.5
3.34029e-05 -6 2.5 2.5
0.00127366 -6.5 3 3
0.00610195 -7 3.5 3.5
0.00013751 -8.5 5 4.5
7.01702e-05 -6.5 3 2.5
0.00217912 -7 3.5 3
0.000219036 -8.5 5 4
0.000214572 -7 3.5 2.5
0.000216572 -8.5 5 3.5
0.0021637 -7.5 4 3
0.000451896 -7.5 4 2.5
4.19077e-05 -7.5 4 2
0.000390062 -8 4.5 2.5
5.10874e-05 -8 4.5 2
4.09082e-05 -8.5 5 2
0.000105085 -8.5 5 2.5
0.000186131 -8.5 5 3
0.00104838 -8 4.5 3
0.00190249 -8 4.5 3.5
0.00487941 -7.5 4 3.5
0.00236489 -8 4.5 4
0.00797347 -7.5 4 4
0.010511 -7 3.5 4
0.00937466 -7.5 4 4.5
0.0132013 -7 3.5 4.5
0.0119062 -6.5 3 5
0.00295718 -7.5 4 6
9.5242e-05 -6 3 7
3.04956e-05 -6.5 3.5 7.5
0.00056723 -6 3 6.5
0.00193792 -6 3 6
0.00170111 -6.5 3.5 6.5
0.000187693 -7 4 7
0.00566491 -6.5 3.5 6
0.0001432 -5.5 2.5 5
0.000158928 -7.5 4.5 6.5
0.000424548 -5.5 2.5 4.5
0.00553252 -6 3 5
0.00110406 -7.5 4.5 6
0.0102698 -6.5 3.5 5.5
0.00499248 -7 4 6
0.0119681 -6.5 3.5 5
3.62156e-05 -5 2 3.5
0.000773844 -5.5 2.5 4
0.00560865 -6 3 4.5
0.00336584 -7.5 4.5 5.5
0.00946505 -7 4 5.5
5.39691e-05 -5 2 3
0.000712429 -5.5 2.5 3.5
0.00474239 -6 3 4
0.0116276 -6.5 3.5 4.5
0.0110323 -7 4 4.5
2.32965e-05 -5 2 2.5
0.000404412 -5.5 2.5 3
0.0029287 -6 3 3.5
0.000214241 -8 5 5
0.00519482 -7.5 4.5 4.5
9.79195e-05 -5.5 2.5 2.5
0.001136 -6 3 3
0.00533207 -6.5 3.5 3.5
0.000584604 -8 5 4.5
0.000170577 -6 3 2.5
0.00207904 -6.5 3.5 3
0.000771013 -8 5 4
0.000357464 -6.5 3.5 2.5
0.00247569 -7 4 3
0.000730687 -8 5 3.5
2.19601e-05 -6.5 3.5 2
0.000676925 -7 4 2.5
6.70992e-05 -7 4 2
3.38645e-05 -8.5 5.5 3
0.000685172 -7.5 4.5 2.5
0.00012937 -7.5 4.5 2
9.95604e-05 -8 5 2
3.23177e-05 -8.5 5.5 2.5
0.000290225 -8 5 2.5
0.000554205 -8 5 3
0.00175678 -7.5 4.5 3
0.00324794 -7.5 4.5 3.5
0.00546853 -7 4 3.5
0.00459871 -7.5 4.5 4
0.00895265 -7 4 4
0.00917016 -6.5 3.5 4
0.0051049 -7.5 4.5 5
0.0112962 -7 4 5
0.00394779 -6 3 5.5
0.0013632 -7 4 6.5
0.000260523 -6.5 3.5 7
2.06244e-05 -6 3.5 7.5
0.000847232 -6 3.5 6.5
9.33459e-05 -7 4.5 7
0.000237506 -6.5 4 7
3.55869e-05 -5.5 3 5.5
0.00259224 -6 3.5 6
0.00066319 -7 4.5 6.5
0.000424456 -5.5 3 5
0.00486175 -6 3.5 5.5
0.00250118 -7 4.5 6
0.00478335 -6.5 4 6
0.000790917 -5.5 3 4.5
0.00481732 -7 4.5 5.5
0.00613956 -6 3.5 5
4.77245e-05 -5 2.5 3.5
0.00105815 -5.5 3 4
0.00603934 -6 3.5 4.5
0.000115971 -7.5 5 5.5
8.9064e-05 -5 2.5 3
0.000949879 -5.5 3 3.5
0.00493755 -6 3.5 4
0.00962655 -6.5 4 4.5
4.80481e-05 -5 2.5 2.5
0.000586671 -5.5 3 3
0.00306682 -6 3.5 3.5
0.00759314 -6.5 4 4
0.00579108 -7 4.5 4.5
0.000188389 -5.5 3 2.5
0.00141888 -6 3.5 3
0.00458633 -6.5 4 3.5
0.00484559 -7 4.5 4
0.000372898 -6 3.5 2.5
0.00101645 -7.5 5 3.5
0.00207895 -6.5 4 3
0.00328485 -7 4.5 3.5
4.01624e-05 -6 3.5 2
0.000634941 -6.5 4 2.5
2.00525e-05 -8 5.5 3.5
8.42584e-05 -6.5 4 2
6.76008e-05 -8 5.5 3
0.000705638 -7 4.5 2.5
0.000172139 -7 4.5 2
2.44468e-05 -7 4.5 1.5
3.17687e-05 -7.5 5 1.5
3.59362e-05 -8 5.5 2
0.000144789 -7.5 5 2
6.28806e-05 -8 5.5 2.5
0.000383739 -7.5 5 2.5
0.000707456 -7.5 5 3
0.00177207 -7 4.5 3
0.00113842 -7.5 5 4
0.00110151 -7.5 5 4.5
0.000700538 -7.5 5 5
0.0059017 -7 4.5 5
0.0099233 -6.5 4 5
2.45963e-05 -6 4 7.5
2.15025e-05 -6.5 4.5 7.5
0.000163778 -6.5 4.5 7
0.000187129 -6 4 7
5.01369e-05 -5.5 3.5 6
0.000906428 -6.5 4.5 6.5
0.00101769 -6 4 6.5
0.000355107 -5.5 3.5 5.5
0.00259371 -6.5 4.5 6
0.000128249 -7 5 6
0.000825925 -5.5 3.5 5
0.00455248 -6.5 4.5 5.5
0.00448144 -6 4 5.5
0.00118497 -5.5 3.5 4.5
0.000587834 -7 5 5.5
5.11463e-05 -5 3 3.5
0.0011914 -5.5 3.5 4
0.00108315 -7 5 5
0.00513347 -6 4 4.5
9.34558e-05 -5 3 3
0.000976129 -5.5 3.5 3.5
0.00122146 -7 5 4.5
0.00403282 -6 4 4
0.0049694 -6.5 4.5 4.5
6.75369e-05 -5 3 2.5
0.000569703 -5.5 3.5 3
0.00116225 -7 5 4
0.00246125 -6 4 3.5
0.000221647 -5.5 3.5 2.5
0.00117201 -6 4 3
0.00095914 -7 5 3.5
0.00247218 -6.5 4.5 3.5
4.34902e-05 -5.5 3.5 2
0.000418025 -6 4 2.5
3.76574e-05 -7.5 5.5 3.5
8.19742e-05 -6 4 2
0.000535308 -6.5 4.5 2.5
6.7758e-05 -7.5 5.5 3
0.000151228 -6.5 4.5 2
2.13889e-05 -6.5 4.5 1.5
3.54044e-05 -7 5 1.5
3.68805e-05 -7.5 5.5 2
0.000132971 -7 5 2
6.31507e-05 -7.5 5.5 2.5
0.000343538 -7 5 2.5
0.00063995 -7 5 3
0.00130519 -6.5 4.5 3
0.00390128 -6.5 4.5 4
0.00517609 -6.5 4.5 5
0.00530314 -6 4 5
2.02504e-05 -5.5 4 7
3.00664e-05 -6.5 5 7
9.57299e-05 -5.5 4 6.5
0.000152393 -6.5 5 6.5
0.000297035 -5.5 4 6
0.000766278 -6 4.5 6.5
0.000466027 -6.5 5 6
0.00118536 -5.5 4 5
0.000912272 -6.5 5 5.5
0.00284282 -6 4.5 5.5
2.39102e-05 -5 3.5 4
0.00125227 -5.5 4 4.5
0.00109847 -6.5 5 5
0.00302003 -6 4.5 5
6.80459e-05 -5 3.5 3.5
0.00108679 -6.5 5 4.5
7.99762e-05 -5 3.5 3
0.000753857 -5.5 4 3.5
0.000922078 -6.5 5 4
0.00205408 -6 4.5 4
5.54982e-05 -5 3.5 2.5
0.000390954 -5.5 4 3
0.000654058 -6.5 5 3.5
0.000614106 -6 4.5 3
2.04849e-05 -5 3.5 2
4.57545e-05 -7 5.5 3.5
0.000399825 -6.5 5 3
4.9392e-05 -5.5 4 2
5.53414e-05 -7 5.5 3
4.59529e-05 -7 5.5 2.5
8.34569e-05 -6 4.5 2
2.69347e-05 -6.5 5 1.5
2.51959e-05 -7 5.5 2
7.92055e-05 -6.5 5 2
0.00020237 -6.5 5 2.5
0.000256277 -6 4.5 2.5
0.000160577 -5.5 4 2.5
2.9161e-05 -7 5.5 4
0.00122782 -6 4.5 3.5
0.00111913 -5.5 4 4
0.000286097 -6 5 6.5
0.000871998 -6 5 5.5
0.000936254 -5.5 4.5 5.5
3.36525e-05 -5 4 4.5
0.000890571 -6 5 5
0.00101683 -5.5 4.5 5
6.84346e-05 -5 4 4
7.54849e-05 -5 4 3.5
0.000680471 -5.5 4.5 4
0.000762442 -6 5 4.5
5.43523e-05 -5 4 3
0.00037971 -5.5 4.5 3.5
0.0005346 -6 5 4
0.000321458 -6 5 3.5
2.7884e-05 -5 4 2.5
4.49773e-05 -6.5 5.5 3.5
6.51113e-05 -5.5 4.5 2.5
3.58875e-05 -6.5 5.5 3
2.72892e-05 -6 5 2
2.32671e-05 -6.5 5.5 2.5
3.17486e-05 -5.5 4.5 2
7.5368e-05 -6 5 2.5
0.000165414 -6 5 3
0.000172553 -5.5 4.5 3
4.75893e-05 -6.5 5.5 4
3.35343e-05 -6.5 5.5 4.5
3.96788e-05 -5.5 5 7
0.000184301 -5.5 5 6.5
2.5179e-05 -5 4.5 5.5
0.000409408 -5.5 5 6
8.13697e-05 -5 4.5 5
0.000516563 -5.5 5 5.5
9.19093e-05 -5 4.5 4
4.74606e-05 -6 5.5 4.5
0.00038034 -5.5 5 4.5
5.58145e-05 -5 4.5 3.5
4.56389e-05 -5.5 5 3
3.31324e-05 -6 5.5 3.5
2.59395e-05 -5 4.5 3
0.000108796 -5.5 5 3.5
4.41325e-05 -6 5.5 4
0.000230799 -5.5 5 4
3.7265e-05 -6 5.5 5
0.000106529 -5 4.5 4.5
3.42602e-05 -5.5 5.5 6.5
6.73555e-05 -5.5 5.5 6
7.64756e-05 -5 5 6
0.000128822 -5 5 5
9.96918e-05 -5 5 4.5
7.00606e-05 -5.5 5.5 5
5.4419e-05 -5 5 4
4.87089e-05 -5.5 5.5 4.5
2.75062e-05 -5 5.5 6
3.13886e-05 -5 5 3.5
4.18228e-05 -5 5.5 5.5
3.94185e-05 -5 5.5 5
2.66381e-05 -5 5.5 4.5
2.81232e-05 -5.5 5.5 4
7.77834e-05 -5.5 5.5 5.5
0.000127346 -5 5 5.5
0.000493202 -5.5 5 5
0.000947884 -5.5 4.5 4.5
0.000647736 -6 5 6
0.000627526 -5.5 4.5 6
0.000262589 -5.5 4.5 6.5
6.15268e-05 -6 5 7
5.44068e-05 -5.5 4.5 7
0.00279898 -6 4.5 4.5
0.000730502 -5.5 4 5.5
0.00193207 -6 4.5 6
0.000148217 -6 4.5 7
0.00262361 -6 4 6
0.00861659 -6.5 4 5.5
0.0014652 -6.5 4 6.5
0.000161844 -6 3.5 7
2.87228e-05 -6.5 4 7.5
0.00626319 -7 3.5 6
0.000228454 -7 3.5 7
0.000241084 -6.5 3 7
0.0018129 -7 3 6.5
