0.154767
2.27481e-05 -6.5 0.5 5
3.66953e-05 -7 1 5.5
2.63494e-05 -6.5 0.5 4.5
0.00010584 -7 1 5
2.33581e-05 -6.5 0.5 4
0.0001157 -7 1 4.5
0.000108878 -7.5 1.5 5
8.43269e-05 -7 1 4
0.000150644 -7.5 1.5 4.5
0.00012825 -7.5 1.5 4
6.90417e-05 -8 2 4.5
2.2215e-05 -7.5 1.5 3.5
7.47137e-05 -8 2 4
2.97641e-05 -8 2 3.5
6.28872e-05 -6.5 1 5.5
2.29967e-05 -6 0.5 4.5
0.000157576 -6.5 1 5
0.000270636 -7 1.5 5.5
2.16141e-05 -6 0.5 4
0.000190075 -6.5 1 4.5
0.000662784 -7 1.5 5
0.000168092 -6.5 1 4
0.000726676 -7 1.5 4.5
0.000930817 -7.5 2 5
6.63587e-05 -6.5 1 3.5
0.000572843 -7 1.5 4
0.00104634 -7.5 2 4.5
0.000373422 -8 2.5 5
0.000140195 -7 1.5 3.5
0.000862101 -7.5 2 4
0.000508085 -8 2.5 4.5
0.000202435 -7.5 2 3.5
0.000498128 -8 2.5 4
0.000105441 -8.5 3 4.5
0.000227539 -8 2.5 3.5
0.000111545 -8.5 3 4
9.76175e-05 -8.5 3 3.5
2.17693e-05 -8.5 3 3
5.03987e-05 -8.5 3 5
5.29606e-05 -8 2.5 5.5
0.000272978 -7.5 2 5.5
4.11735e-05 -6 1 5.5
5.69967e-05 -6.5 1.5 6
0.000111016 -6 1 5
0.000380467 -6.5 1.5 5.5
0.000157968 -6 1 4.5
0.000868119 -6.5 1.5 5
0.00177153 -7 2 5.5
0.000337611 -7.5 2.5 6
0.000148429 -6 1 4
0.00099763 -6.5 1.5 4.5
0.00319059 -7 2 5
8.72929e-05 -6 1 3.5
0.000877283 -6.5 1.5 4
0.0033258 -7 2 4.5
0.00402839 -7.5 2.5 5
0.000363931 -6.5 1.5 3.5
0.0025816 -7 2 4
0.00413488 -7.5 2.5 4.5
2.9681e-05 -6.5 1.5 3
0.000823798 -7 2 3.5
0.00340312 -7.5 2.5 4
0.00157023 -8 3 4.5
0.00120831 -7.5 2.5 3.5
0.00154005 -8 3 4
2.08826e-05 -7.5 2.5 3
0.000940891 -8 3 3.5
0.000230635 -8.5 3.5 4
0.000153594 -8 3 3
0.000218558 -8.5 3.5 3.5
0.000128498 -8.5 3.5 3
2.01616e-05 -8.5 3.5 2.5
0.000210659 -8.5 3.5 4.5
8.43904e-05 -8.5 3.5 5
0.00139452 -8 3 5
0.000474412 -8 3 5.5
0.00243842 -7.5 2.5 5.5
0.000213786 -7 2 6
4.48695e-05 -6 1.5 6
0.000248 -6 1.5 5.5
0.000409317 -6.5 2 6
0.000123959 -7 2.5 6.5
0.00180065 -7 2.5 6
4.09224e-05 -5.5 1 4.5
0.00057634 -6 1.5 5
0.00195829 -6.5 2 5.5
5.93855e-05 -5.5 1 4
0.000790294 -6 1.5 4.5
0.00346167 -6.5 2 5
0.00565217 -7 2.5 5.5
0.00109228 -7.5 3 6
5.10523e-05 -5.5 1 3.5
0.000731395 -6 1.5 4
0.00365866 -6.5 2 4.5
0.0081995 -7 2.5 5
0.00481238 -7.5 3 5.5
3.33911e-05 -8 3.5 6
0.000423014 -6 1.5 3.5
0.00321943 -6.5 2 4
0.00832934 -7 2.5 4.5
0.0077694 -7.5 3 5
0.000463239 -8 3.5 5.5
0.000107514 -6 1.5 3
0.00155609 -6.5 2 3.5
0.00697345 -7 2.5 4
0.00795772 -7.5 3 4.5
6.85189e-05 -8.5 4 5
0.000194848 -6.5 2 3
0.00316664 -7 2.5 3.5
0.00702553 -7.5 3 4
0.00037439 -7 2.5 3
0.00384643 -7.5 3 3.5
0.00219182 -8 3.5 4
0.000738138 -7.5 3 3
0.00192729 -8 3.5 3.5
0.000821767 -8 3.5 3
0.000236925 -8.5 4 3.5
6.17196e-05 -8 3.5 2.5
0.000219058 -8.5 4 3
0.00010662 -8.5 4 2.5
0.000234412 -8.5 4 4
0.000191466 -8.5 4 4.5
0.00216451 -8 3.5 4.5
0.00155668 -8 3.5 5
4.75556e-05 -7.5 3 6.5
2.73508e-05 -6.5 2 6.5
2.70182e-05 -6 2 6.5
0.000251428 -6 2 6
0.000228853 -6.5 2.5 6.5
2.77931e-05 -7 3 7
5.72643e-05 -5.5 1.5 5
0.000991082 -6 2 5.5
0.00191702 -6.5 2.5 6
0.000168299 -5.5 1.5 4.5
0.00198562 -6 2 5
0.00544988 -6.5 2.5 5.5
0.00330216 -7 3 6
0.000265546 -5.5 1.5 4
0.00249764 -6 2 4.5
0.00805902 -6.5 2.5 5
2.89491e-05 -8 4 6
0.00875495 -7 3 5.5
0.00100166 -7.5 3.5 6
0.000236069 -5.5 1.5 3.5
0.00230272 -6 2 4
0.00828386 -6.5 2.5 4.5
0.00800732 -7.5 3.5 5
0.000113679 -5.5 1.5 3
0.00140529 -6 2 3.5
0.00711081 -6.5 2.5 4
0.0128832 -7 3 4.5
0.00045842 -6 2 3
0.00407424 -6.5 2.5 3.5
0.011418 -7 3 4
3.13945e-05 -8.5 4.5 5
0.00855887 -7.5 3.5 4.5
0.00130646 -8 4 5
2.32466e-05 -6 2 2.5
0.00102079 -6.5 2.5 3
0.00688035 -7 3 3.5
0.00834785 -7.5 3.5 4
0.000128213 -8.5 4.5 4.5
3.9715e-05 -6.5 2.5 2.5
0.00204937 -7 3 3
0.00610725 -7.5 3.5 3.5
7.40527e-05 -7 3 2.5
0.00251729 -7.5 3.5 3
0.00206032 -8 4 3.5
0.000278339 -7.5 3.5 2.5
0.00134701 -8 4 3
0.000410992 -8 4 2.5
2.40883e-05 -8 4 2
0.000137187 -8.5 4.5 2.5
3.75317e-05 -8.5 4.5 2
0.000200184 -8.5 4.5 3
0.000211107 -8.5 4.5 3.5
0.000207368 -8.5 4.5 4
0.00211581 -8 4 4
0.00205496 -8 4 4.5
0.000314744 -8 4 5.5
0.0126268 -7 3 5
0.0045688 -7.5 3.5 5.5
6.06689e-05 -7.5 3.5 6.5
0.000146201 -6 2.5 6.5
0.000819298 -6 2.5 6
0.000603688 -6.5 3 6.5
0.000148538 -5.5 2 5
0.00241489 -6 2.5 5.5
5.13086e-05 -7.5 4 6.5
0.00340026 -6.5 3 6
0.000477418 -7 3.5 6.5
0.0004115 -5.5 2 4.5
0.00432561 -6 2.5 5
0.00840877 -6.5 3 5.5
0.00858175 -7 3.5 5.5
3.58145e-05 -5 1.5 3.5
0.000688806 -5.5 2 4
0.00505159 -6 2.5 4.5
0.00355175 -7.5 4 5.5
3.62414e-05 -5 1.5 3
0.000649902 -5.5 2 3.5
0.00471195 -6 2.5 4
0.012377 -6.5 3 4.5
0.000123578 -8 4.5 5.5
0.00710037 -7.5 4 5
0.0128678 -7 3.5 5
0.000366545 -5.5 2 3
0.00317535 -6 2.5 3.5
0.0110481 -6.5 3 4
0.000755522 -8 4.5 5
9.21555e-05 -5.5 2 2.5
0.00128586 -6 2.5 3
0.00692298 -6.5 3 3.5
0.00156637 -8 4.5 4.5
0.00016141 -6 2.5 2.5
0.00274818 -6.5 3 3
0.00872674 -7 3.5 3.5
3.62156e-05 -8.5 5 4.5
0.000321284 -6.5 3 2.5
0.00409483 -7 3.5 3
0.000107752 -8.5 5 4
0.000786 -7 3.5 2.5
0.000129266 -8.5 5 3.5
0.00326232 -7.5 4 3
2.99229e-05 -7 3.5 2
0.00104561 -7.5 4 2.5
9.21707e-05 -7.5 4 2
0.000590538 -8 4.5 2.5
0.000135973 -8 4.5 2
5.15865e-05 -8.5 5 2
2.02037e-05 -8.5 5 1.5
0.000102029 -8.5 5 2.5
0.000128415 -8.5 5 3
0.0012064 -8 4.5 3
0.00165101 -8 4.5 3.5
0.00595078 -7.5 4 3.5
0.00168017 -8 4.5 4
0.00771375 -7.5 4 4
0.0124228 -7 3.5 4
0.00790454 -7.5 4 4.5
0.0133362 -7 3.5 4.5
0.0120713 -6.5 3 5
0.000634843 -7.5 4 6
4.19433e-05 -6 3 7
0.00036023 -6 3 6.5
2.27681e-05 -5.5 2.5 5.5
0.0017202 -6 3 6
0.000634182 -6.5 3.5 6.5
3.53176e-05 -7 4 7
0.00334698 -6.5 3.5 6
0.000360557 -5.5 2.5 5
2.11526e-05 -7.5 4.5 6.5
0.000819732 -5.5 2.5 4.5
0.00674465 -6 3 5
0.000250141 -7.5 4.5 6
0.00839554 -6.5 3.5 5.5
0.0025551 -7 4 6
0.0124097 -6.5 3.5 5
6.36495e-05 -5 2 3.5
0.00129536 -5.5 2.5 4
0.00744952 -6 3 4.5
0.00167922 -7.5 4.5 5.5
0.00724822 -7 4 5.5
0.000104543 -5 2 3
0.00120959 -5.5 2.5 3.5
0.00694287 -6 3 4
0.0128632 -6.5 3.5 4.5
0.0119333 -7 4 4.5
5.7417e-05 -5 2 2.5
0.000783248 -5.5 2.5 3
0.00491373 -6 3 3.5
6.08951e-05 -8 5 5
0.00513126 -7.5 4.5 4.5
0.000256777 -5.5 2.5 2.5
0.00231651 -6 3 3
0.00830303 -6.5 3.5 3.5
0.00042778 -8 5 4.5
0.000540457 -6 3 2.5
0.00404778 -6.5 3.5 3
0.000722753 -8 5 4
2.86532e-05 -6 3 2
0.00108654 -6.5 3.5 2.5
0.00431856 -7 4 3
0.000730993 -8 5 3.5
7.79335e-05 -6.5 3.5 2
0.00158694 -7 4 2.5
0.000220797 -7 4 2
2.76375e-05 -8.5 5.5 3
0.00123051 -7.5 4.5 2.5
0.000337024 -7.5 4.5 2
3.49483e-05 -7.5 4.5 1.5
2.18012e-05 -8.5 5.5 1.5
3.96104e-05 -8 5 1.5
0.000177725 -8 5 2
2.94226e-05 -8.5 5.5 2.5
0.000409999 -8 5 2.5
0.00064689 -8 5 3
0.00266398 -7.5 4.5 3
0.00426054 -7.5 4.5 3.5
0.00802528 -7 4 3.5
0.0050775 -7.5 4.5 4
0.0111495 -7 4 4
0.0118857 -6.5 3.5 4
0.00415105 -7.5 4.5 5
0.0113526 -7 4 5
0.00422141 -6 3 5.5
0.000374394 -7 4 6.5
8.66006e-05 -6.5 3.5 7
2.4037e-05 -5.5 3 6
0.000488706 -6 3.5 6.5
2.00418e-05 -7 4.5 7
7.99391e-05 -6.5 4 7
0.000216453 -5.5 3 5.5
0.00223741 -6 3.5 6
0.000195496 -7 4.5 6.5
0.000866649 -5.5 3 5
0.00516449 -6 3.5 5.5
0.00135634 -7 4.5 6
0.00291709 -6.5 4 6
0.00150948 -5.5 3 4.5
0.00408668 -7 4.5 5.5
0.00778085 -6 3.5 5
8.9995e-05 -5 2.5 3.5
0.00193611 -5.5 3 4
0.00826076 -6 3.5 4.5
2.43559e-05 -7.5 5 5.5
0.000176912 -5 2.5 3
0.0017682 -5.5 3 3.5
0.0076038 -6 3.5 4
0.0114414 -6.5 4 4.5
0.0001196 -5 2.5 2.5
0.00117507 -5.5 3 3
0.00540819 -6 3.5 3.5
0.010555 -6.5 4 4
0.00710482 -7 4.5 4.5
3.49745e-05 -5 2.5 2
0.000462308 -5.5 3 2.5
0.00290111 -6 3.5 3
0.00749543 -6.5 4 3.5
0.00663816 -7 4.5 4
6.55895e-05 -5.5 3 2
0.000988781 -6 3.5 2.5
0.00150818 -7.5 5 3.5
0.0039859 -6.5 4 3
0.00501962 -7 4.5 3.5
0.000130748 -6 3.5 2
0.00151342 -6.5 4 2.5
3.52004e-05 -8 5.5 3.5
0.000288998 -6.5 4 2
8.8592e-05 -8 5.5 3
0.00142089 -7 4.5 2.5
2.63897e-05 -6.5 4 1.5
0.000457331 -7 4.5 2
6.74325e-05 -7 4.5 1.5
8.55528e-05 -7.5 5 1.5
2.54182e-05 -8 5.5 1.5
6.60405e-05 -8 5.5 2
0.000300826 -7.5 5 2
9.16945e-05 -8 5.5 2.5
0.000689235 -7.5 5 2.5
0.00114475 -7.5 5 3
0.00306651 -7 4.5 3
0.00158676 -7.5 5 4
0.00137655 -7.5 5 4.5
0.000598063 -7.5 5 5
0.00662621 -7 4.5 5
0.0110093 -6.5 4 5
5.08034e-05 -5.5 3.5 6.5
6.00541e-05 -6.5 4.5 7
7.59759e-05 -6 4 7
0.000204687 -5.5 3.5 6
0.00040832 -6.5 4.5 6.5
0.000528975 -6 4 6.5
0.00069508 -5.5 3.5 5.5
0.00186407 -6.5 4.5 6
7.42901e-05 -7 5 6
0.00154253 -5.5 3.5 5
0.00434229 -6.5 4.5 5.5
0.0049115 -6 4 5.5
0.0022608 -5.5 3.5 4.5
0.000549053 -7 5 5.5
0.000125659 -5 3 3.5
0.00231171 -5.5 3.5 4
0.00143777 -7 5 5
0.00740822 -6 4 4.5
0.000220612 -5 3 3
0.00197283 -5.5 3.5 3.5
0.00195619 -7 5 4.5
0.00673769 -6 4 4
0.00674469 -6.5 4.5 4.5
0.000176508 -5 3 2.5
0.00126548 -5.5 3.5 3
0.00190441 -7 5 4
0.00473951 -6 4 3.5
5.63407e-05 -5 3 2
0.000585049 -5.5 3.5 2.5
0.00257661 -6 4 3
0.00162042 -7 5 3.5
0.00447238 -6.5 4.5 3.5
0.000144857 -5.5 3.5 2
0.00105552 -6 4 2.5
5.86964e-05 -7.5 5.5 3.5
0.000264124 -6 4 2
0.00122222 -6.5 4.5 2.5
0.000118593 -7.5 5.5 3
2.83671e-05 -6 4 1.5
0.000410218 -6.5 4.5 2
7.42884e-05 -6.5 4.5 1.5
9.78763e-05 -7 5 1.5
3.68872e-05 -7.5 5.5 1.5
8.29229e-05 -7.5 5.5 2
0.000308433 -7 5 2
0.000113959 -7.5 5.5 2.5
0.00069228 -7 5 2.5
0.00117146 -7 5 3
0.00264253 -6.5 4.5 3
0.00616102 -6.5 4.5 4
0.00649174 -6.5 4.5 5
0.00710809 -6 4 5
2.50928e-05 -5.5 4 7
0.000140957 -5.5 4 6.5
9.57881e-05 -6.5 5 6.5
0.000462926 -5.5 4 6
0.000417363 -6 4.5 6.5
0.000425084 -6.5 5 6
0.00202937 -5.5 4 5
0.0011306 -6.5 5 5.5
0.00344405 -6 4.5 5.5
6.98268e-05 -5 3.5 4
0.00239 -5.5 4 4.5
0.00172679 -6.5 5 5
0.00445955 -6 4.5 5
0.00017996 -5 3.5 3.5
0.00187075 -6.5 5 4.5
0.000216385 -5 3.5 3
0.00174255 -5.5 4 3.5
0.00175471 -6.5 5 4
0.00389232 -6 4.5 4
0.000164549 -5 3.5 2.5
0.00103249 -5.5 4 3
0.00137355 -6.5 5 3.5
0.00149896 -6 4.5 3
7.19206e-05 -5 3.5 2
9.0425e-05 -7 5.5 3.5
0.000902615 -6.5 5 3
0.00015825 -5.5 4 2
0.000114795 -7 5.5 3
2.81559e-05 -5.5 4 1.5
0.000104193 -7 5.5 2.5
0.000250419 -6 4.5 2
5.67645e-05 -6 4.5 1.5
7.54536e-05 -6.5 5 1.5
2.86256e-05 -7 5.5 1.5
6.75453e-05 -7 5.5 2
0.000223916 -6.5 5 2
0.000500892 -6.5 5 2.5
0.000695914 -6 4.5 2.5
0.000470576 -5.5 4 2.5
3.74717e-05 -7 5.5 4
0.00267035 -6 4.5 3.5
0.00226236 -5.5 4 4
0.000187894 -6 5 6.5
0.00117438 -6 5 5.5
0.00133396 -5.5 4.5 5.5
8.03415e-05 -5 4 4.5
0.00147804 -6 5 5
0.00173926 -5.5 4.5 5
0.00017187 -5 4 4
0.000212351 -5 4 3.5
0.00153087 -5.5 4.5 4
0.00144114 -6 5 4.5
0.000176829 -5 4 3
0.00101253 -5.5 4.5 3.5
0.00117929 -6 5 4
0.000802931 -6 5 3.5
0.000104191 -5 4 2.5
9.24812e-05 -6.5 5.5 3.5
4.45001e-05 -5 4 2
0.000238696 -5.5 4.5 2.5
8.7173e-05 -6.5 5.5 3
3.32851e-05 -5.5 4.5 1.5
0.00010046 -6 5 2
6.48698e-05 -6.5 5.5 2.5
3.57199e-05 -6 5 1.5
3.9042e-05 -6.5 5.5 2
9.38317e-05 -5.5 4.5 2
0.000235649 -6 5 2.5
0.000467478 -6 5 3
0.000541031 -5.5 4.5 3
8.3903e-05 -6.5 5.5 4
4.46164e-05 -6.5 5.5 4.5
2.25114e-05 -5.5 5 7
0.000146964 -5.5 5 6.5
6.77929e-05 -5 4.5 5.5
0.000468273 -5.5 5 6
0.00017392 -5 4.5 5
0.000814529 -5.5 5 5.5
0.000245204 -5 4.5 4
9.60356e-05 -6 5.5 4.5
0.000786751 -5.5 5 4.5
0.000181241 -5 4.5 3.5
0.000163547 -5.5 5 3
8.04243e-05 -6 5.5 3.5
9.69621e-05 -5 4.5 3
6.28212e-05 -5.5 5 2.5
2.39881e-05 -5.5 5 2
2.67753e-05 -6 5.5 2.5
5.15014e-05 -6 5.5 3
4.45175e-05 -5 4.5 2.5
0.000336087 -5.5 5 3.5
9.29367e-05 -6 5.5 4
0.000574352 -5.5 5 4
7.41211e-05 -6 5.5 5
0.00025198 -5 4.5 4.5
3.21576e-05 -5.5 5.5 6.5
2.59756e-05 -5 5 6.5
9.26772e-05 -5.5 5.5 6
0.000108576 -5 5 6
0.000261019 -5 5 5
0.000238992 -5 5 4.5
0.000142064 -5.5 5.5 5
0.00016937 -5 5 4
0.000116412 -5.5 5.5 4.5
3.14279e-05 -5 5 3
4.63248e-05 -5.5 5.5 3.5
5.22711e-05 -5 5.5 6
2.34509e-05 -5.5 5.5 3
9.27047e-05 -5 5 3.5
8.90508e-05 -5 5.5 5.5
9.28748e-05 -5 5.5 5
4.13786e-05 -5 5.5 4
7.80217e-05 -5 5.5 4.5
7.99475e-05 -5.5 5.5 4
0.000140465 -5.5 5.5 5.5
0.000224194 -5 5 5.5
0.000851332 -5.5 5 5
0.00177681 -5.5 4.5 4.5
0.000649514 -6 5 6
0.000710322 -5.5 4.5 6
0.000218241 -5.5 4.5 6.5
2.93931e-05 -6 5 7
3.49703e-05 -5.5 4.5 7
0.00449285 -6 4.5 4.5
0.00114581 -5.5 4 5.5
0.00168307 -6 4.5 6
6.0168e-05 -6 4.5 7
0.0022129 -6 4 6
0.0073438 -6.5 4 5.5
0.000584372 -6.5 4 6.5
7.00054e-05 -6 3.5 7
0.00317462 -7 3.5 6
3.89479e-05 -7 3.5 7
5.97471e-05 -6.5 3 7
0.000475704 -7 3 6.5
