0.0781868
2.79287e-05 -10.5 -3 9.5
2.51021e-05 -10.5 -3 10
7.66736e-05 -9.5 -3.5 9.5
2.65001e-05 -9.5 -3.5 9
7.51633e-05 -9.5 -3.5 10
0.000488631 -10 -3 9.5
0.000112065 -10 -3 9
0.000492623 -10.5 -2.5 9.5
2.699e-05 -9.5 -3.5 10.5
0.000502495 -10 -3 10
6.88165e-05 -11 -2 9.5
8.0059e-05 -10.5 -2.5 9
0.000477946 -10.5 -2.5 10
0.000238544 -10 -3 10.5
6.26508e-05 -11 -2 10
0.000297655 -10.5 -2.5 10.5
2.9721e-05 -9 -3.5 9.5
0.000729767 -9.5 -3 9.5
0.00038195 -9.5 -3 9
0.00423097 -10 -2.5 9.5
0.000723963 -9.5 -3 10
0.00470626 -10.5 -2 9.5
0.00138087 -10 -2.5 9
0.00450888 -10 -2.5 10
0.00030881 -9.5 -3 10.5
0.000748211 -11 -1.5 9.5
0.00125559 -10.5 -2 9
0.00546967 -10.5 -2 10
0.00248627 -10 -2.5 10.5
0.000255232 -11 -1.5 9
3.02126e-05 -11.5 -1 9.5
0.000789213 -11 -1.5 10
0.00360607 -10.5 -2 10.5
0.000261044 -10 -2.5 11
2.89134e-05 -11.5 -1 10
0.00042529 -11 -1.5 10.5
0.000334107 -10.5 -2 11
0.000331172 -9 -3 9.5
0.00466372 -9.5 -2.5 9.5
6.86727e-05 -9 -3 8.5
0.0140365 -10 -2 9.5
0.000108788 -9.5 -2.5 8.5
0.0113949 -10.5 -1.5 9.5
0.00751284 -10 -2 9
4.22586e-05 -9 -3 10.5
0.0047587 -9.5 -2.5 10
0.00270304 -9.5 -2.5 9
0.00579279 -10.5 -1.5 9
0.00168237 -11 -1 9.5
0.0123077 -10.5 -1.5 10
0.0002075 -10 -2 8.5
0.00229508 -9.5 -2.5 10.5
0.0010369 -11 -1 9
7.38228e-05 -11.5 -0.5 9.5
0.00172449 -11 -1 10
0.000131153 -10.5 -1.5 8.5
0.00641462 -10.5 -1.5 10.5
0.000313997 -9.5 -2.5 11
5.78066e-05 -11.5 -0.5 9
5.98845e-05 -11 -1 8.5
6.4227e-05 -11.5 -0.5 10
0.000704547 -11 -1 10.5
0.000855453 -10.5 -1.5 11
6.34205e-05 -11 -1 11
3.823e-05 -10.5 -1.5 11.5
0.00174018 -9 -2.5 9.5
2.59071e-05 -8.5 -3 8.5
0.0132253 -9.5 -2 9.5
0.000578455 -9 -2.5 8.5
0.022458 -10 -1.5 9.5
0.0132064 -9.5 -2 10
0.00847652 -9.5 -2 9
0.0152694 -10 -1.5 9
0.0133811 -10.5 -1 9.5
0.0222864 -10 -1.5 10
0.00197518 -9.5 -2 8.5
0.00614324 -9.5 -2 10.5
0.00929089 -10.5 -1 9
0.00190887 -11 -0.5 9.5
0.0132672 -10.5 -1 10
0.00342677 -10 -1.5 8.5
0.0102474 -10 -1.5 10.5
0.000955095 -9.5 -2 11
0.00149816 -11 -0.5 9
0.00241239 -10.5 -1 8.5
7.7701e-05 -11.5 0 9.5
0.00179268 -11 -0.5 10
0.00632739 -10.5 -1 10.5
0.00154534 -10 -1.5 11
7.00284e-05 -11.5 0 9
6.21149e-05 -11.5 0 10
0.000511865 -11 -0.5 8.5
0.000672615 -11 -0.5 10.5
0.000849426 -10.5 -1 11
3.60762e-05 -11.5 0 8.5
6.55089e-05 -11 -0.5 11
3.74905e-05 -10.5 -1 11.5
0.00477546 -9 -2 9.5
0.0042671 -9 -2 9
0.0200406 -9.5 -1.5 9.5
0.000181831 -8.5 -2.5 8.5
9.74025e-05 -10 -1.5 11.5
6.84166e-05 -9.5 -2 11.5
6.02518e-05 -8.5 -2.5 8
0.00181414 -9 -2 8.5
0.0234198 -10 -1 9.5
0.0148495 -9.5 -1.5 9
0.0189152 -9.5 -1.5 10
0.0175675 -10 -1 9
0.0126177 -10.5 -0.5 9.5
0.000135077 -9 -2 8
0.0224352 -10 -1 10
0.00530056 -9.5 -1.5 8.5
0.00820608 -9.5 -1.5 10.5
0.00930069 -10.5 -0.5 9
0.0019282 -11 0 9.5
0.0121478 -10.5 -0.5 10
0.00696184 -10 -1 8.5
0.0099214 -10 -1 10.5
0.00126711 -9.5 -1.5 11
0.00148413 -11 0 9
7.44419e-05 -11.5 0.5 9.5
0.00165509 -11 0 10
0.000170997 -10 -1 8
0.00383134 -10.5 -0.5 8.5
0.00513118 -10.5 -0.5 10.5
0.00147926 -10 -1 11
8.58216e-05 -9.5 -1.5 11.5
6.77677e-05 -11.5 0.5 9
0.000676091 -11 0 8.5
5.31332e-05 -11.5 0.5 10
0.000598827 -11 0 10.5
0.000296222 -10.5 -0.5 8
0.000682604 -10.5 -0.5 11
3.74306e-05 -11.5 0.5 8.5
0.000131251 -11 0 8
5.45251e-05 -11 0 11
2.39659e-05 -10.5 -0.5 11.5
8.94716e-05 -10 -1 11.5
0.000117713 -8.5 -2 9
0.00825637 -9 -1.5 9.5
0.000435687 -8.5 -2 8.5
0.0207187 -9.5 -1 9.5
0.00578539 -9 -1.5 10
0.00715898 -9 -1.5 9
0.0162261 -9.5 -1 9
0.000178704 -8.5 -2 8
0.0198371 -10 -0.5 9.5
0.00177651 -9 -1.5 10.5
0.018939 -9.5 -1 10
0.00353968 -9 -1.5 8.5
0.00722194 -9.5 -1 8.5
0.0155987 -10 -0.5 9
0.00747988 -10.5 0 9.5
0.0180835 -10 -0.5 10
0.00063364 -9 -1.5 8
0.00629518 -10.5 0 9
0.000867014 -11 0.5 9.5
0.00612961 -10.5 0 10
0.00108689 -9.5 -1 8
0.00711234 -10 -0.5 8.5
0.00768052 -10 -0.5 10.5
0.000254292 -9 -1.5 11
0.00083581 -11 0.5 9
0.00335929 -10.5 0 8.5
3.38102e-05 -11.5 1 9.5
0.000564766 -11 0.5 10
0.00248883 -10.5 0 10.5
0.00158762 -10 -0.5 8
0.00110879 -10 -0.5 11
4.07459e-05 -11.5 1 9
0.000541585 -11 0.5 8.5
0.000163234 -11 0.5 10.5
0.000963549 -10.5 0 8
0.000346273 -10.5 0 11
5.49534e-05 -10 -0.5 11.5
2.32723e-05 -11.5 1 8.5
0.000192916 -11 0.5 8
0.00922865 -9 -1 9.5
2.31301e-05 -8 -2 8
0.000735859 -8.5 -1.5 8.5
0.00708632 -9 -1 10
0.017062 -9.5 -0.5 9.5
0.0080188 -9 -1 9
0.0139009 -9.5 -0.5 9
0.000380873 -8.5 -1.5 8
0.00997239 -10 0 9.5
0.0025827 -9 -1 10.5
0.0151198 -9.5 -0.5 10
0.00430022 -9 -1 8.5
0.00830008 -10 0 9
0.00160814 -10.5 0.5 9.5
4.65378e-05 -8.5 -1.5 7.5
0.00111849 -9 -1 8
0.00684864 -9.5 -0.5 8.5
0.00851728 -10 0 10
0.0062975 -9.5 -0.5 10.5
0.000378938 -9 -1 11
0.00168215 -10.5 0.5 9
0.0047533 -10 0 8.5
5.4904e-05 -11 1 9.5
0.00101139 -10.5 0.5 10
3.19709e-05 -9 -1 7.5
0.00181478 -9.5 -0.5 8
0.00381102 -10 0 10.5
0.000936581 -9.5 -0.5 11
8.56326e-05 -11 1 9
0.00136502 -10.5 0.5 8.5
2.11146e-05 -11 1 10
0.000381486 -10.5 0.5 10.5
7.02795e-05 -9.5 -0.5 7.5
0.00163922 -10 0 8
0.000618239 -10 0 11
5.22782e-05 -9.5 -0.5 11.5
0.000110849 -11 1 8.5
0.000698232 -10.5 0.5 8
6.87723e-05 -10.5 0.5 11
9.5321e-05 -11 1 8
0.000173128 -10.5 0.5 7.5
2.82132e-05 -11 1 7.5
0.000242539 -10 0 7.5
0.000750079 -8.5 -1 9.5
0.0080564 -9 -0.5 9.5
4.01948e-05 -8 -1.5 8
0.00104753 -8.5 -1 8.5
0.00842508 -9.5 0 9.5
0.00693162 -9 -0.5 9
0.00654198 -9 -0.5 10
0.00704986 -9.5 0 9
0.00206014 -10 0.5 9.5
0.000462384 -8.5 -1 8
0.00728994 -9.5 0 10
0.003816 -9 -0.5 8.5
0.00247292 -9 -0.5 10.5
0.00195423 -10 0.5 9
0.00406624 -9.5 0 8.5
0.000103115 -10.5 1 9.5
0.00149343 -10 0.5 10
8.12487e-05 -8.5 -1 7.5
0.0033099 -9.5 0 10.5
0.00121189 -9 -0.5 8
0.00012978 -10.5 1 9
0.00150476 -10 0.5 8.5
5.48255e-05 -10.5 1 10
0.000152372 -9 -0.5 7.5
0.000690948 -10 0.5 10.5
0.00154283 -9.5 0 8
0.000550068 -9.5 0 11
0.00011927 -10.5 1 8.5
0.000815949 -10 0.5 8
0.000175579 -10 0.5 11
0.000291105 -9.5 0 7.5
0.000137569 -10.5 1 8
0.000255927 -10 0.5 7.5
8.1702e-05 -10.5 1 7.5
2.82898e-05 -10 0.5 7
2.66512e-05 -9.5 0 11.5
2.27784e-05 -9 -0.5 11.5
0.000364116 -9 -0.5 11
0.00150328 -8.5 -0.5 9.5
0.00450929 -9 0 9.5
0.001494 -8.5 -0.5 9
0.00378757 -9 0 9
5.14235e-05 -8 -1 8
0.00182002 -9.5 0.5 9.5
0.003957 -9 0 10
0.00103336 -8.5 -0.5 8.5
0.00164752 -9.5 0.5 9
0.000146148 -10 1 9.5
2.54949e-05 -8 -1 7.5
0.000418761 -8.5 -0.5 8
0.0014446 -9.5 0.5 10
0.00215854 -9 0 8.5
0.00174582 -9 0 10.5
0.000166325 -10 1 9
0.00118832 -9.5 0.5 8.5
8.64548e-05 -10 1 10
9.11112e-05 -8.5 -0.5 7.5
0.000765707 -9.5 0.5 10.5
0.000854452 -9 0 8
0.000270954 -9 0 11
0.000148137 -10 1 8.5
0.000642244 -9.5 0.5 8
3.02632e-05 -10 1 10.5
0.000185111 -9 0 7.5
0.000213883 -9.5 0.5 11
0.000127621 -10 1 8
2.19069e-05 -9 0 7
0.000219266 -9.5 0.5 7.5
7.87517e-05 -10 1 7.5
2.56395e-05 -10 1 7
3.46661e-05 -9.5 0.5 7
3.01965e-05 -8 -0.5 9
7.69911e-05 -8 -0.5 8.5
0.00127248 -9 0.5 9.5
0.00120557 -8.5 0 9
0.00105588 -9 0.5 9
0.000150247 -9.5 1 9.5
5.49506e-05 -8 -0.5 8
0.00114587 -9 0.5 10
0.000694667 -8.5 0 8.5
0.00015536 -9.5 1 9
0.000105515 -9.5 1 10
0.000264503 -8.5 0 8
0.000630809 -9 0.5 10.5
0.000672935 -9 0.5 8.5
0.000130395 -9.5 1 8.5
0.000325769 -9 0.5 8
4.22416e-05 -9.5 1 10.5
6.57067e-05 -8.5 0 7.5
0.000143798 -9 0.5 11
9.16817e-05 -9.5 1 8
0.000110495 -9 0.5 7.5
5.01454e-05 -9.5 1 7.5
2.1495e-05 -9.5 1 7
2.28949e-05 -9 0.5 7
0.000107177 -8 0 9.5
0.000607418 -8.5 0.5 9.5
0.000125125 -9 1 9.5
9.9095e-05 -8 0 8.5
0.000583504 -8.5 0.5 10
0.000494737 -8.5 0.5 9
0.000273677 -8.5 0.5 8.5
0.000117244 -9 1 9
9.48279e-05 -9 1 10
4.39094e-05 -8 0 8
0.000279124 -8.5 0.5 10.5
0.00011414 -8.5 0.5 8
4.9737e-05 -9 1 10.5
8.78248e-05 -9 1 8.5
2.79955e-05 -8.5 0.5 7.5
4.82509e-05 -9 1 8
2.60977e-05 -9 1 7.5
0.000126699 -8 0.5 9.5
0.00011389 -8 0.5 9
7.27558e-05 -8.5 1 9
9.24068e-05 -8 0.5 10
6.22573e-05 -8 0.5 8.5
4.43226e-05 -8.5 1 8.5
2.76426e-05 -8 0.5 10.5
2.18108e-05 -8 0.5 8
2.48993e-05 -8.5 1 8
3.5598e-05 -8 1 9.5
2.08001e-05 -8 1 10.5
3.60804e-05 -8 1 10
2.76754e-05 -8 1 9
6.43626e-05 -8.5 1 10.5
8.80991e-05 -8.5 1 10
9.21975e-05 -8.5 1 9.5
2.40649e-05 -9 1 11
4.38467e-05 -8.5 0.5 11
0.000133272 -8 0 9
3.85418e-05 -8.5 0 11
0.000354769 -8.5 0 10.5
0.000991196 -8.5 0 10
0.00134872 -8.5 0 9.5
8.00719e-05 -8.5 -0.5 10.5
0.000814488 -8.5 -0.5 10
0.00124648 -8.5 -1 9
2.24046e-05 -9 -1 11.5
0.000607106 -8.5 -1.5 9
7.86774e-05 -9.5 -1 11.5
0.0012126 -9.5 -1 11
0.00794993 -9.5 -1 10.5
9.96688e-05 -9 -2 11
0.000748777 -9 -2 10.5
0.00284888 -9 -2 10
2.20849e-05 -9 -2.5 11
0.000182605 -9 -2.5 10.5
0.000952229 -9 -2.5 10
0.00144079 -9 -2.5 9
7.52816e-05 -10 -2 11.5
0.00114069 -10 -2 11
0.00785138 -10 -2 10.5
0.0147705 -10 -2 10
0.00019848 -9 -3 10
0.000239144 -9 -3 9
3.22938e-05 -9.5 -3 11
4.31038e-05 -10 -3.5 10
4.09174e-05 -10 -3.5 9.5
