0.446478
2.34041e-05 -3.5 -4 -11.5
2.16505e-05 -3.5 -4 -12
3.01657e-05 -3 -4 -12
2.04146e-05 -3 -4 -12.5
2.12161e-05 -3 -3.5 -10.5
5.09751e-05 -3 -3.5 -11
7.35692e-05 -3 -3.5 -11.5
6.97988e-05 -3 -3.5 -12
4.78908e-05 -3 -3.5 -12.5
2.86095e-05 -3 -3 -10
6.01843e-05 -3 -3 -10.5
9.48774e-05 -3 -3 -11
0.000102115 -3 -3 -11.5
2.54085e-05 -2.5 -3.5 -12.5
9.01302e-05 -3 -3 -12
2.23941e-05 -2.5 -3.5 -13
5.13733e-05 -3 -3 -12.5
3.30468e-05 -3 -2.5 -10
3.95845e-05 -2.5 -3 -11
6.51792e-05 -3 -2.5 -10.5
8.98841e-05 -2.5 -3 -11.5
9.10731e-05 -3 -2.5 -11
0.00013154 -2.5 -3 -12
9.03049e-05 -3 -2.5 -11.5
0.000111868 -2.5 -3 -12.5
7.33708e-05 -3 -2.5 -12
5.39258e-05 -2.5 -3 -13
3.91762e-05 -3 -2.5 -12.5
4.31881e-05 -2.5 -2.5 -10
0.000131815 -2.5 -2.5 -10.5
0.000275067 -2.5 -2.5 -11
3.62863e-05 -3 -2 -10.5
0.000358798 -2.5 -2.5 -11.5
3.62123e-05 -3 -2 -11
0.000327392 -2.5 -2.5 -12
3.43927e-05 -3 -2 -11.5
0.000201757 -2.5 -2.5 -12.5
6.48414e-05 -2.5 -2.5 -13
2.19199e-05 -3 -2 -12.5
2.77389e-05 -3 -2 -12
3.35888e-05 -2.5 -2 -9.5
0.000141014 -2.5 -2 -10
0.000318471 -2.5 -2 -10.5
2.46647e-05 -2 -2.5 -11.5
0.000455251 -2.5 -2 -11
8.22906e-05 -2 -2.5 -12
0.000468738 -2.5 -2 -11.5
0.000127022 -2 -2.5 -12.5
0.000401374 -2.5 -2 -12
9.27165e-05 -2 -2.5 -13
0.00021316 -2.5 -2 -12.5
2.87524e-05 -2 -2.5 -13.5
4.08402e-05 -2.5 -2 -13
2.07842e-05 -2 -2 -10
3.55701e-05 -2.5 -1.5 -9.5
9.53327e-05 -2 -2 -10.5
0.000152253 -2.5 -1.5 -10
0.000295673 -2 -2 -11
0.000324421 -2.5 -1.5 -10.5
0.000509569 -2 -2 -11.5
0.000395192 -2.5 -1.5 -11
0.000541809 -2 -2 -12
0.000380822 -2.5 -1.5 -11.5
0.000429869 -2 -2 -12.5
0.000302271 -2.5 -1.5 -12
0.000178202 -2 -2 -13
0.000140985 -2.5 -1.5 -12.5
2.38338e-05 -2 -2 -13.5
7.14761e-05 -2 -1.5 -9.5
0.000294226 -2 -1.5 -10
0.000764614 -2 -1.5 -10.5
4.80055e-05 -2.5 -1 -10
0.00123302 -2 -1.5 -11
0.00012007 -2.5 -1 -10.5
0.00132502 -2 -1.5 -11.5
0.000127155 -2.5 -1 -11
6.37354e-05 -1.5 -2 -12.5
0.00116477 -2 -1.5 -12
0.000122841 -2.5 -1 -11.5
6.88191e-05 -1.5 -2 -13
0.000647548 -2 -1.5 -12.5
3.53178e-05 -1.5 -2 -13.5
0.000164768 -2 -1.5 -13
6.11997e-05 -2.5 -1 -12.5
0.000106524 -2.5 -1 -12
2.96304e-05 -2 -1 -9
0.000183944 -2 -1 -9.5
2.63359e-05 -1.5 -1.5 -10.5
0.000666476 -2 -1 -10
0.00016373 -1.5 -1.5 -11
0.00129698 -2 -1 -10.5
0.000365813 -1.5 -1.5 -11.5
0.00166786 -2 -1 -11
0.000529547 -1.5 -1.5 -12
0.00164712 -2 -1 -11.5
0.000468282 -1.5 -1.5 -12.5
0.00132608 -2 -1 -12
0.000241491 -1.5 -1.5 -13
0.000625745 -2 -1 -12.5
4.34505e-05 -1.5 -1.5 -13.5
8.77215e-05 -2 -1 -13
6.13943e-05 -1.5 -1 -9.5
0.000300445 -1.5 -1 -10
0.000144781 -2 -0.5 -9.5
0.000949359 -1.5 -1 -10.5
0.000599173 -2 -0.5 -10
0.00165616 -1.5 -1 -11
0.00111794 -2 -0.5 -10.5
0.00193401 -1.5 -1 -11.5
0.0011986 -2 -0.5 -11
0.00177354 -1.5 -1 -12
0.00115704 -2 -0.5 -11.5
2.10852e-05 -1 -1.5 -13
0.00109576 -1.5 -1 -12.5
0.000878583 -2 -0.5 -12
0.00035684 -1.5 -1 -13
0.0003566 -2 -0.5 -12.5
2.25411e-05 -1.5 -1 -13.5
3.50023e-05 -2 -0.5 -13
0.000100712 -1.5 -0.5 -9
0.000525355 -1.5 -0.5 -9.5
0.00163646 -1.5 -0.5 -10
6.51302e-05 -1 -1 -11
0.00305306 -1.5 -0.5 -10.5
0.000108281 -2 0 -10
0.000164172 -1 -1 -11.5
0.00384075 -1.5 -0.5 -11
0.000280717 -2 0 -10.5
0.000282917 -1 -1 -12
0.00377222 -1.5 -0.5 -11.5
0.000294557 -2 0 -11
0.000287817 -1 -1 -12.5
0.00295284 -1.5 -0.5 -12
0.00028596 -2 0 -11.5
0.00018738 -1 -1 -13
0.00146209 -1.5 -0.5 -12.5
0.000268458 -2 0 -12
5.05267e-05 -1 -1 -13.5
0.000272387 -1.5 -0.5 -13
0.000141975 -2 0 -12.5
2.8399e-05 -2 0 -13
4.52832e-05 -1 -0.5 -9.5
0.00013219 -1.5 0 -9
0.00027898 -1 -0.5 -10
0.000820712 -1.5 0 -9.5
0.000895284 -1 -0.5 -10.5
0.00235558 -1.5 0 -10
0.00156508 -1 -0.5 -11
0.00391428 -1.5 0 -10.5
0.00189127 -1 -0.5 -11.5
0.0042573 -1.5 0 -11
0.00174308 -1 -0.5 -12
0.00409872 -1.5 0 -11.5
2.8917e-05 -2 0.5 -11
0.00113562 -1 -0.5 -12.5
0.00301427 -1.5 0 -12
2.78871e-05 -2 0.5 -11.5
0.000412207 -1 -0.5 -13
0.00121358 -1.5 0 -12.5
2.58416e-05 -2 0.5 -12
3.94373e-05 -1 -0.5 -13.5
0.00012749 -1.5 0 -13
3.07329e-05 -2 0.5 -12.5
2.12891e-05 -2 0.5 -13
2.96486e-05 -1 0 -8.5
0.000174647 -1 0 -9
0.000833435 -1 0 -9.5
2.40557e-05 -1.5 0.5 -9
0.00239429 -1 0 -10
0.000377391 -1.5 0.5 -9.5
3.23806e-05 -0.5 -0.5 -11
0.00426934 -1 0 -10.5
0.00151956 -1.5 0.5 -10
5.20739e-05 -0.5 -0.5 -11.5
0.00521055 -1 0 -11
0.00232031 -1.5 0.5 -10.5
7.3889e-05 -0.5 -0.5 -12
0.00510648 -1 0 -11.5
0.00235504 -1.5 0.5 -11
9.23046e-05 -0.5 -0.5 -12.5
0.00401638 -1 0 -12
0.00228163 -1.5 0.5 -11.5
7.26914e-05 -0.5 -0.5 -13
0.00198721 -1 0 -12.5
0.00168876 -1.5 0.5 -12
2.4856e-05 -0.5 -0.5 -13.5
0.000444729 -1 0 -13
0.000614181 -1.5 0.5 -12.5
2.82609e-05 -1 0 -13.5
4.20471e-05 -1.5 0.5 -13
7.07311e-05 -1 0.5 -8.5
3.25322e-05 -0.5 0 -9.5
0.000489702 -1 0.5 -9
0.000190353 -0.5 0 -10
0.00224594 -1 0.5 -9.5
0.000558919 -0.5 0 -10.5
0.00511442 -1 0.5 -10
0.000914224 -0.5 0 -11
0.00746478 -1 0.5 -10.5
0.000149714 -1.5 1 -10
0.00111523 -0.5 0 -11.5
0.00785581 -1 0.5 -11
0.000417015 -1.5 1 -10.5
0.00105952 -0.5 0 -12
0.00743391 -1 0.5 -11.5
0.000429942 -1.5 1 -11
0.000728763 -0.5 0 -12.5
0.0052509 -1 0.5 -12
0.000419304 -1.5 1 -11.5
0.000292709 -0.5 0 -13
0.00221079 -1 0.5 -12.5
0.000413301 -1.5 1 -12
4.46676e-05 -0.5 0 -13.5
0.00028728 -1 0.5 -13
0.000210217 -1.5 1 -12.5
4.23324e-05 -0.5 0.5 -8.5
0.000253681 -0.5 0.5 -9
4.05445e-05 -1 1 -8.5
0.00110677 -0.5 0.5 -9.5
0.000402169 -1 1 -9
0.00265891 -0.5 0.5 -10
0.0023053 -1 1 -9.5
0.00427342 -0.5 0.5 -10.5
0.00533591 -1 1 -10
0.00494479 -0.5 0.5 -11
0.00721091 -1 1 -10.5
0.00478238 -0.5 0.5 -11.5
0.0072915 -1 1 -11
2.44497e-05 -1.5 1.5 -10.5
0.00366348 -0.5 0.5 -12
0.00682167 -1 1 -11.5
3.99057e-05 -1.5 1.5 -11
0.00182413 -0.5 0.5 -12.5
0.00442645 -1 1 -12
3.93871e-05 -1.5 1.5 -11.5
0.000449128 -0.5 0.5 -13
0.00147536 -1 1 -12.5
3.6256e-05 -0.5 0.5 -13.5
9.84146e-05 -1 1 -13
4.05521e-05 -1.5 1.5 -12.5
3.73686e-05 -1.5 1.5 -12
2.60184e-05 -0.5 1 -8
0.000181759 -0.5 1 -8.5
0.00105732 -0.5 1 -9
6.12544e-05 0 0.5 -10
0.00351134 -0.5 1 -9.5
2.26669e-05 -1 1.5 -9
0.00016771 0 0.5 -10.5
0.00692395 -0.5 1 -10
0.000588147 -1 1.5 -9.5
0.000274759 0 0.5 -11
0.0093979 -0.5 1 -10.5
0.00219968 -1 1.5 -10
0.000338096 0 0.5 -11.5
0.00966473 -0.5 1 -11
0.0028945 -1 1.5 -10.5
0.000328092 0 0.5 -12
0.0089264 -0.5 1 -11.5
0.00290366 -1 1.5 -11
0.000255809 0 0.5 -12.5
0.0059992 -0.5 1 -12
0.00280616 -1 1.5 -11.5
0.000120124 0 0.5 -13
0.00249814 -0.5 1 -12.5
2.80721e-05 0 0.5 -13.5
0.000372939 -0.5 1 -13
2.2342e-05 -0.5 1 -13.5
3.3401e-05 -1 1.5 -13
0.000558054 -1 1.5 -12.5
0.00192661 -1 1.5 -12
6.06727e-05 0 1 -8.5
2.74394e-05 -0.5 1.5 -8
0.000291903 0 1 -9
0.000220943 -0.5 1.5 -8.5
0.0008886 0 1 -9.5
0.00149437 -0.5 1.5 -9
0.00180492 0 1 -10
0.00499211 -0.5 1.5 -9.5
0.00269634 0 1 -10.5
0.00927573 -0.5 1.5 -10
0.00299965 0 1 -11
0.0113331 -0.5 1.5 -10.5
0.000180677 -1 2 -10
0.0028591 0 1 -11.5
0.0113461 -0.5 1.5 -11
0.00038969 -1 2 -10.5
0.00214076 0 1 -12
0.0101289 -0.5 1.5 -11.5
0.000394893 -1 2 -11
0.00109864 0 1 -12.5
0.00633844 -0.5 1.5 -12
0.000305223 0 1 -13
0.0021323 -0.5 1.5 -12.5
0.00035039 -1 2 -12
2.90778e-05 0 1 -13.5
0.000175808 -0.5 1.5 -13
0.000141229 -1 2 -12.5
0.000385904 -1 2 -11.5
4.87054e-05 0 1.5 -8
0.00029778 0 1.5 -8.5
0.00148787 0 1.5 -9
5.50607e-05 -0.5 2 -8.5
0.0039306 0 1.5 -9.5
0.000750396 -0.5 2 -9
0.0068332 0 1.5 -10
0.00356553 -0.5 2 -9.5
0.00851886 0 1.5 -10.5
0.00684237 -0.5 2 -10
2.21162e-05 0.5 1 -11.5
0.00857952 0 1.5 -11
0.00781381 -0.5 2 -10.5
5.41496e-05 0.5 1 -12
0.00760718 0 1.5 -11.5
0.00778266 -0.5 2 -11
2.36131e-05 -1 2.5 -10.5
6.08095e-05 0.5 1 -12.5
0.00489065 0 1.5 -12
0.00684457 -0.5 2 -11.5
4.13248e-05 0.5 1 -13
0.0019808 0 1.5 -12.5
0.0038864 -0.5 2 -12
2.88688e-05 0 1.5 -13.5
5.85956e-05 -0.5 2 -13
0.000323345 0 1.5 -13
0.000935997 -0.5 2 -12.5
2.9665e-05 -1 2.5 -12
3.08061e-05 -1 2.5 -11.5
3.08971e-05 -1 2.5 -11
5.19761e-05 0.5 1.5 -8.5
8.36257e-05 0 2 -8
0.000135391 0.5 1.5 -9
0.000559484 0 2 -8.5
0.000324433 0.5 1.5 -9.5
0.00272494 0 2 -9
0.000626611 0.5 1.5 -10
0.00666805 0 2 -9.5
3.77502e-05 -0.5 2.5 -9
0.000913789 0.5 1.5 -10.5
0.0107187 0 2 -10
0.000602273 -0.5 2.5 -9.5
0.00103226 0.5 1.5 -11
0.0121714 0 2 -10.5
0.00169903 -0.5 2.5 -10
0.000985288 0.5 1.5 -11.5
0.0120335 0 2 -11
0.0019835 -0.5 2.5 -10.5
0.00078183 0.5 1.5 -12
0.0101543 0 2 -11.5
0.000477776 0.5 1.5 -12.5
0.00600974 0 2 -12
0.00189939 -0.5 2.5 -11.5
0.000157789 0.5 1.5 -13
0.0020051 0 2 -12.5
0.000200961 0 2 -13
0.000213307 -0.5 2.5 -12.5
0.00108888 -0.5 2.5 -12
0.00199167 -0.5 2.5 -11
7.25471e-05 0.5 2 -8
0.00040013 0.5 2 -8.5
4.80028e-05 0 2.5 -8
0.00134369 0.5 2 -9
0.000441665 0 2.5 -8.5
0.00285251 0.5 2 -9.5
0.0026579 0 2.5 -9
0.00443331 0.5 2 -10
0.00675333 0 2.5 -9.5
0.00515667 0.5 2 -10.5
0.0103831 0 2.5 -10
0.00510311 0.5 2 -11
0.0111154 0 2.5 -10.5
0.00433356 0.5 2 -11.5
0.00274748 0.5 2 -12
0.00868656 0 2.5 -11.5
0.000201599 -0.5 3 -11
0.0011541 0.5 2 -12.5
0.00020874 0.5 2 -13
7.23202e-05 0 2.5 -13
3.56718e-05 -0.5 3 -12.5
0.00106071 0 2.5 -12.5
0.000149393 -0.5 3 -12
0.00455839 0 2.5 -12
0.000197617 -0.5 3 -11.5
0.0108685 0 2.5 -11
0.000200115 -0.5 3 -10.5
0.000133918 -0.5 3 -10
2.50925e-05 0.5 2.5 -7.5
0.000165118 0.5 2.5 -8
0.000924487 0.5 2.5 -8.5
0.00309791 0.5 2.5 -9
7.11588e-05 0 3 -8.5
3.14883e-05 1 2 -10
0.00642582 0.5 2.5 -9.5
0.000917991 0 3 -9
0.000101438 1 2 -10.5
0.00921005 0.5 2.5 -10
0.00311278 0 3 -9.5
0.000135889 1 2 -11
0.00982092 0.5 2.5 -10.5
0.00473835 0 3 -10
0.000170863 1 2 -11.5
0.00954238 0.5 2.5 -11
0.00493551 0 3 -10.5
0.000183392 1 2 -12
0.00749219 0.5 2.5 -11.5
0.00484215 0 3 -11
0.000145886 1 2 -12.5
0.00410039 0.5 2.5 -12
6.66939e-05 1 2 -13
0.000142717 0.5 2.5 -13
0.000229601 0 3 -12.5
0.00128145 0.5 2.5 -12.5
0.00166 0 3 -12
0.00375047 0 3 -11.5
8.17615e-05 1 2.5 -8
2.35407e-05 0.5 3 -7.5
0.000300239 1 2.5 -8.5
0.00018789 0.5 3 -8
0.000648225 1 2.5 -9
0.00118989 0.5 3 -8.5
0.00107313 1 2.5 -9.5
0.00399646 0.5 3 -9
0.00153857 1 2.5 -10
0.0077063 0.5 3 -9.5
5.16365e-05 0 3.5 -9
0.00174002 1 2.5 -10.5
0.010091 0.5 3 -10
0.00169553 1 2.5 -11
0.0103002 0.5 3 -10.5
0.000678188 0 3.5 -10
0.00147071 1 2.5 -11.5
0.00966485 0.5 3 -11
0.001046 1 2.5 -12
0.00692291 0.5 3 -11.5
0.000501304 1 2.5 -12.5
0.00334875 0.5 3 -12
0.000620403 0 3.5 -11.5
0.000108361 1 2.5 -13
0.000746821 0.5 3 -12.5
6.25493e-05 0.5 3 -13
3.49158e-05 0 3.5 -12.5
0.000261938 0 3.5 -12
0.000731123 0 3.5 -11
0.000733576 0 3.5 -10.5
0.00036834 0 3.5 -9.5
4.21079e-05 1 3 -7.5
0.000239308 1 3 -8
0.00102807 1 3 -8.5
6.90269e-05 0.5 3.5 -8
0.0024987 1 3 -9
0.000686131 0.5 3.5 -8.5
0.00429575 1 3 -9.5
0.00273045 0.5 3.5 -9
0.00547822 1 3 -10
0.00525784 0.5 3.5 -9.5
0.00558164 1 3 -10.5
0.00637651 0.5 3.5 -10
0.00383 1 3 -11.5
0.00588793 0.5 3.5 -11
5.07875e-05 0 4 -10.5
3.29584e-05 1.5 2.5 -12.5
0.0020183 1 3 -12
0.00387828 0.5 3.5 -11.5
2.82664e-05 0 4 -12
0.000589819 1 3 -12.5
2.45761e-05 0.5 3.5 -13
6.79438e-05 1 3 -13
0.000193221 0.5 3.5 -12.5
0.00148191 0.5 3.5 -12
4.79806e-05 0 4 -11.5
5.11045e-05 0 4 -11
0.00517695 1 3 -11
0.00642582 0.5 3.5 -10.5
4.37831e-05 0 4 -10
4.9129e-05 1.5 3 -8
6.63535e-05 1 3.5 -7.5
7.8753e-05 1.5 3 -8.5
0.000405398 1 3.5 -8
0.000127781 1.5 3 -9
0.00166011 1 3.5 -8.5
0.000206533 1.5 3 -9.5
0.00382149 1 3.5 -9
9.48271e-05 0.5 4 -8.5
0.000310625 1.5 3 -10
0.00608883 1 3.5 -9.5
0.000639349 0.5 4 -9
0.00036333 1.5 3 -10.5
0.00696373 1 3.5 -10
0.000367863 1.5 3 -11
0.00695193 1 3.5 -10.5
0.000341828 1.5 3 -11.5
0.00609364 1 3.5 -11
0.000282692 1.5 3 -12
0.00386185 1 3.5 -11.5
0.000164751 1.5 3 -12.5
3.41975e-05 1.5 3 -13
3.98473e-05 1 3.5 -13
2.52021e-05 0.5 4 -12.5
0.000354793 1 3.5 -12.5
0.000264987 0.5 4 -12
0.00169166 1 3.5 -12
0.000929736 0.5 4 -11.5
0.00155571 0.5 4 -11
0.00167933 0.5 4 -10.5
0.00165168 0.5 4 -10
0.00136431 0.5 4 -9.5
5.67968e-05 1.5 3.5 -7.5
0.000253338 1.5 3.5 -8
4.15795e-05 1 4 -7.5
0.000678587 1.5 3.5 -8.5
0.000334807 1 4 -8
0.00128411 1.5 3.5 -9
0.00145052 1 4 -8.5
0.00187878 1.5 3.5 -9.5
0.0032179 1 4 -9
0.00214669 1.5 3.5 -10
0.00471999 1 4 -9.5
0.00211474 1.5 3.5 -10.5
0.00182206 1.5 3.5 -11
0.000119151 0.5 4.5 -11
0.00132025 1.5 3.5 -11.5
0.000707084 1.5 3.5 -12
0.000205108 1.5 3.5 -12.5
0.000828907 1 4 -12
3.14926e-05 1.5 3.5 -13
0.000108153 1 4 -12.5
2.14379e-05 0.5 4.5 -12
7.55066e-05 0.5 4.5 -11.5
0.00241234 1 4 -11.5
0.00413794 1 4 -11
0.000122894 0.5 4.5 -10.5
0.00503217 1 4 -10.5
0.000119228 0.5 4.5 -10
0.00510443 1 4 -10
8.89759e-05 0.5 4.5 -9.5
3.62283e-05 0.5 4.5 -9
0.000114364 1.5 4 -7.5
0.000524252 1.5 4 -8
0.00146529 1.5 4 -8.5
0.000122947 1 4.5 -8
0.00268349 1.5 4 -9
0.00355315 1.5 4 -9.5
0.00369154 1.5 4 -10
0.00353666 1.5 4 -10.5
0.00195527 1 4.5 -10
0.00192462 1 4.5 -10.5
3.01965e-05 2 3.5 -11.5
0.00144844 1 4.5 -11
4.88316e-05 2 3.5 -12
4.10591e-05 2 3.5 -12.5
0.00062397 1.5 4 -12
0.000116908 1.5 4 -12.5
2.05947e-05 1.5 4 -13
4.14933e-05 1 4.5 -12.5
0.000173251 1 4.5 -12
0.00070246 1 4.5 -11.5
0.00158059 1.5 4 -11.5
0.00273531 1.5 4 -11
0.00184241 1 4.5 -9.5
0.00134704 1 4.5 -9
0.000630187 1 4.5 -8.5
5.46308e-05 2 4 -7.5
2.00424e-05 1.5 4.5 -7
0.000137634 2 4 -8
0.000145659 1.5 4.5 -7.5
0.000232485 2 4 -8.5
0.000613402 1.5 4.5 -8
0.000346717 2 4 -9
0.00141062 1.5 4.5 -8.5
0.000461508 2 4 -9.5
0.00230578 1.5 4.5 -9
6.2847e-05 1 5 -8.5
0.000147501 1 5 -9
0.00048683 2 4 -10
0.000462814 2 4 -10.5
0.00286859 1.5 4.5 -10
0.000390463 2 4 -11
0.00191956 1.5 4.5 -11
0.000173011 1 5 -11
0.000169242 2 4 -12
7.91844e-05 1 5 -11.5
2.52301e-05 1 5 -12
5.38298e-05 2 4 -12.5
5.58256e-05 1.5 4.5 -12.5
0.000309351 1.5 4.5 -12
0.00101223 1.5 4.5 -11.5
0.000292615 2 4 -11.5
0.000236483 1 5 -10.5
0.00265424 1.5 4.5 -10.5
0.000241686 1 5 -10
0.000215818 1 5 -9.5
0.00282114 1.5 4.5 -9.5
3.10919e-05 2 4.5 -7
0.000154921 2 4.5 -7.5
0.000432 2 4.5 -8
8.01055e-05 1.5 5 -7.5
0.000827398 2 4.5 -8.5
0.000372314 1.5 5 -8
0.00121126 2 4.5 -9
0.000824592 1.5 5 -8.5
0.00136789 2 4.5 -9.5
0.00122066 1.5 5 -9
0.00136432 2 4.5 -10
0.000850247 2 4.5 -11
0.000458138 2 4.5 -11.5
0.00016291 2 4.5 -12
9.38742e-05 1.5 5 -12
3.13339e-05 2 4.5 -12.5
0.000347519 1.5 5 -11.5
0.000768616 1.5 5 -11
0.00121576 1.5 5 -10.5
0.00120419 2 4.5 -10.5
0.00140657 1.5 5 -10
0.00139651 1.5 5 -9.5
4.89033e-05 2 5 -7
3.13845e-05 2.5 4.5 -8
0.000207399 2 5 -7.5
4.3499e-05 2.5 4.5 -8.5
0.000499372 2 5 -8
5.46967e-05 2.5 4.5 -9
0.000870914 2 5 -8.5
5.57501e-05 1.5 5.5 -8
6.1979e-05 2.5 4.5 -9.5
0.00116405 2 5 -9
0.000133507 1.5 5.5 -8.5
6.10052e-05 2.5 4.5 -10
0.000249857 1.5 5.5 -9.5
5.51016e-05 2.5 4.5 -10.5
0.000254807 1.5 5.5 -10
0.00122552 2 5 -10
5.23235e-05 2.5 4.5 -11
0.00012806 1.5 5.5 -11
4.44087e-05 2.5 4.5 -11.5
2.64922e-05 2.5 4.5 -12
8.79617e-05 2 5 -12
2.04266e-05 1.5 5.5 -12
5.45614e-05 1.5 5.5 -11.5
0.000305345 2 5 -11.5
0.000641338 2 5 -11
0.000213288 1.5 5.5 -10.5
0.000997507 2 5 -10.5
0.00124495 2 5 -9.5
0.000207418 1.5 5.5 -9
3.68387e-05 2.5 5 -7
0.000105215 2.5 5 -7.5
0.000194951 2.5 5 -8
0.000269683 2.5 5 -8.5
0.000331652 2 5.5 -8
0.000299379 2.5 5 -9
0.000297906 2.5 5 -9.5
0.000691245 2 5.5 -9
0.000268241 2.5 5 -10
0.000721076 2 5.5 -9.5
0.000226385 2.5 5 -10.5
0.000673592 2 5.5 -10
0.000268614 2 5.5 -11
2.79984e-05 2.5 5 -12
2.78645e-05 2 5.5 -12
0.000110297 2 5.5 -11.5
8.50474e-05 2.5 5 -11.5
0.000159334 2.5 5 -11
0.000484929 2 5.5 -10.5
0.000543387 2 5.5 -8.5
0.000141058 2 5.5 -7.5
3.16419e-05 2 5.5 -7
4.62429e-05 2.5 5.5 -7
0.000139527 2.5 5.5 -7.5
0.000261752 2.5 5.5 -8
0.000368664 2.5 5.5 -8.5
5.76688e-05 2 6 -8
0.000416614 2.5 5.5 -9.5
0.000136395 2 6 -9
0.000247079 2.5 5.5 -10.5
0.000151646 2 6 -10
4.80393e-05 2 6 -11
0.00013916 2.5 5.5 -11
2.65659e-05 2 6 -11.5
5.68437e-05 2.5 5.5 -11.5
0.000109894 2 6 -10.5
0.000363677 2.5 5.5 -10
0.000154804 2 6 -9.5
0.00041662 2.5 5.5 -9
2.58526e-05 3 5.5 -7.5
3.77833e-05 3 5.5 -8
8.08817e-05 2.5 6 -7.5
4.50598e-05 3 5.5 -8.5
4.57355e-05 3 5.5 -9
4.09099e-05 3 5.5 -9.5
0.000242619 2.5 6 -9
3.39834e-05 3 5.5 -10
0.000242609 2.5 6 -9.5
2.41829e-05 3 5.5 -10.5
0.000203306 2.5 6 -10
2.01553e-05 2.5 6 -11.5
6.2834e-05 2.5 6 -11
0.000132968 2.5 6 -10.5
0.00021541 2.5 6 -8.5
4.21121e-05 3 6 -7.5
7.31891e-05 3 6 -8
9.61109e-05 3 6 -9
3.78253e-05 2.5 6.5 -8.5
4.96833e-05 2.5 6.5 -9.5
8.86237e-05 3 6 -9.5
2.45116e-05 2.5 6.5 -10.5
4.10263e-05 3 6 -10.5
3.0856e-05 3 6.5 -8
4.24731e-05 3 6.5 -9.5
2.96879e-05 3 6.5 -10
4.57349e-05 3 6.5 -9
4.14409e-05 3 6.5 -8.5
4.34107e-05 2.5 6.5 -10
6.76872e-05 3 6 -10
4.79995e-05 2.5 6.5 -9
9.34495e-05 3 6 -8.5
0.000153517 2.5 6 -8
2.49344e-05 2.5 6 -7
0.000101677 2 6 -8.5
