0.828811
2.7801e-05 -4.5 -10 -18
9.98736e-05 -4.5 -10 -19
5.72527e-05 -4.5 -10 -20.5
9.36075e-05 -4.5 -10 -20
0.000109788 -4.5 -10 -19.5
6.56261e-05 -4.5 -10 -18.5
2.99225e-05 -4.5 -10 -21
2.81436e-05 -4.5 -10.5 -17.5
5.85301e-05 -5 -11 -18
9.08936e-05 -4.5 -10.5 -18
6.83567e-05 -5 -11 -19
0.000200244 -4.5 -10.5 -19
3.06485e-05 -5 -11 -20
0.000113978 -4.5 -10.5 -20.5
0.0001726 -4.5 -10.5 -20
5.01454e-05 -5 -11 -19.5
0.00021069 -4.5 -10.5 -19.5
7.2355e-05 -5 -11 -18.5
0.000162576 -4.5 -10.5 -18.5
3.49012e-05 -5 -11 -17.5
5.09387e-05 -4.5 -10.5 -21
6.03062e-05 -4 -10 -18
0.000162867 -4 -10 -18.5
2.64954e-05 -4.5 -9.5 -19
0.000274175 -4 -10 -19
0.00037554 -4 -10 -20
0.000190607 -4 -10 -21
0.000311039 -4 -10 -20.5
2.80158e-05 -4.5 -9.5 -20
3.08077e-05 -4.5 -9.5 -19.5
0.000350328 -4 -10 -19.5
7.7413e-05 -4 -10 -21.5
4.97975e-05 -5 -11.5 -17
2.40251e-05 -5.5 -12 -16.5
3.17424e-05 -4 -10.5 -17.5
2.00806e-05 -4.5 -11 -17
4.10286e-05 -5.5 -12 -17
0.000125652 -4 -10.5 -18
0.000174994 -4.5 -11 -18
5.16468e-05 -5.5 -12 -17.5
0.000147484 -5 -11.5 -18
0.000365429 -4 -10.5 -19
5.09784e-05 -5.5 -12 -18
0.000307722 -4.5 -11 -19
4.202e-05 -5.5 -12 -18.5
0.000143738 -5 -11.5 -19
0.000368611 -4 -10.5 -20
2.63677e-05 -5.5 -12 -19
0.000213187 -4.5 -11 -20
5.66582e-05 -5 -11.5 -20
0.000153369 -4 -10.5 -21
4.63466e-05 -4.5 -11 -21
5.27621e-05 -4 -10.5 -21.5
0.000116602 -4.5 -11 -20.5
0.000278319 -4 -10.5 -20.5
0.000103263 -5 -11.5 -19.5
0.00028971 -4.5 -11 -19.5
0.000405188 -4 -10.5 -19.5
0.000163146 -5 -11.5 -18.5
0.000262381 -4.5 -11 -18.5
0.000260029 -4 -10.5 -18.5
0.00010319 -5 -11.5 -17.5
8.13258e-05 -4.5 -11 -17.5
2.04016e-05 -4 -10.5 -22
4.51919e-05 -3.5 -10 -18
0.000144299 -3.5 -10 -18.5
0.000275874 -3.5 -10 -19
8.15069e-05 -4 -9.5 -18.5
0.000387038 -3.5 -10 -19.5
0.000435942 -3.5 -10 -20
0.000396983 -3.5 -10 -20.5
0.000285986 -4 -9.5 -20
0.000285572 -3.5 -10 -21
0.000130482 -3.5 -10 -21.5
0.000189215 -4 -9.5 -21
3.47792e-05 -3.5 -10 -22
8.43985e-05 -4 -9.5 -21.5
0.000258797 -4 -9.5 -20.5
0.000259788 -4 -9.5 -19.5
0.000181428 -4 -9.5 -19
2.06793e-05 -6 -13 -15.5
3.22549e-05 -5.5 -12.5 -16
6.36551e-05 -4.5 -11.5 -17
4.64472e-05 -5 -12 -16.5
4.6287e-05 -3.5 -10.5 -18
7.45943e-05 -5.5 -12.5 -16.5
0.00012007 -5 -12 -17
3.33612e-05 -6 -13 -16
0.000192975 -4 -11 -18
4.03999e-05 -6 -13 -16.5
0.000112233 -5.5 -12.5 -17
0.000278732 -4.5 -11.5 -18
4.1966e-05 -6 -13 -17
0.000234292 -3.5 -10.5 -19
0.000241016 -5 -12 -18
0.000129078 -5.5 -12.5 -17.5
0.000362535 -4 -11 -19
3.39311e-05 -6 -13 -17.5
0.000292014 -3.5 -10.5 -19.5
0.000257161 -5 -12 -18.5
0.000326316 -4.5 -11.5 -19
8.90843e-05 -5.5 -12.5 -18.5
0.000314593 -3.5 -10.5 -20
0.000202192 -5 -12 -19
0.000319926 -4 -11 -20
0.000132457 -5 -12 -19.5
5.25957e-05 -5.5 -12.5 -19
0.000192568 -4.5 -11.5 -20
0.00016003 -3.5 -10.5 -21
6.60792e-05 -5 -12 -20
9.20399e-05 -4 -11 -21
5.95826e-05 -3.5 -10.5 -21.5
9.33519e-05 -4.5 -11.5 -20.5
2.68526e-05 -4.5 -11.5 -21
2.61282e-05 -5 -12 -20.5
0.000210122 -4 -11 -20.5
0.000270716 -3.5 -10.5 -20.5
0.000280896 -4.5 -11.5 -19.5
0.000383116 -4 -11 -19.5
0.000122696 -5.5 -12.5 -18
0.000341651 -4.5 -11.5 -18.5
0.000305713 -4 -11 -18.5
0.000195563 -5 -12 -17.5
0.000129558 -3.5 -10.5 -18.5
0.00016283 -4.5 -11.5 -17.5
8.3503e-05 -4 -11 -17.5
2.08675e-05 -3.5 -9.5 -18
5.1461e-05 -3 -10 -19
0.000104769 -3.5 -9.5 -18.5
8.79802e-05 -3 -10 -19.5
0.00025598 -3.5 -9.5 -19
0.00012527 -3 -10 -20
0.000405331 -3.5 -9.5 -19.5
0.000138934 -3 -10 -20.5
0.000472621 -3.5 -9.5 -20
0.000115937 -3 -10 -21
5.53173e-05 -3 -10 -21.5
0.000377873 -3.5 -9.5 -21
6.73275e-05 -3.5 -9.5 -22
5.3792e-05 -4 -9 -21.5
0.000213554 -3.5 -9.5 -21.5
0.000112685 -4 -9 -21
0.00015452 -4 -9 -20.5
0.000463356 -3.5 -9.5 -20.5
0.000166622 -4 -9 -20
0.000138115 -4 -9 -19.5
7.59049e-05 -4 -9 -19
2.3598e-05 -4 -9 -18.5
2.33994e-05 -6.5 -14 -14.5
3.03166e-05 -6 -13.5 -15
3.57324e-05 -5.5 -13 -15.5
3.7897e-05 -5 -12.5 -16
2.79412e-05 -4 -11.5 -17
3.27119e-05 -6.5 -14 -15
6.393e-05 -6 -13.5 -15.5
0.000113675 -5 -12.5 -16.5
0.000133985 -4.5 -12 -17
9.03628e-05 -5.5 -13 -16
3.72347e-05 -6.5 -14 -15.5
9.19677e-05 -6 -13.5 -16
0.000151745 -5.5 -13 -16.5
3.84489e-05 -3.5 -11 -18
0.000206126 -5 -12.5 -17
0.00018289 -4 -11.5 -18
2.55585e-05 -3 -10.5 -19
3.64761e-05 -6.5 -14 -16
0.00010484 -6 -13.5 -16.5
0.000313124 -4.5 -12 -18
0.000274936 -5 -12.5 -17.5
2.92938e-05 -6.5 -14 -16.5
3.71097e-05 -3 -10.5 -19.5
0.000146207 -3.5 -11 -19
0.000214114 -5.5 -13 -17.5
9.98948e-05 -6 -13.5 -17
0.000322914 -4 -11.5 -19
4.67354e-05 -3 -10.5 -20
0.00016688 -3.5 -11 -19.5
0.000185167 -5.5 -13 -18
0.000267224 -5 -12.5 -18.5
0.000313613 -4.5 -12 -19
0.000166755 -3.5 -11 -20
4.43829e-05 -6 -13.5 -18
0.000128029 -5.5 -13 -18.5
4.87989e-05 -3 -10.5 -20.5
0.000221966 -4 -11.5 -20
0.000239851 -4.5 -12 -19.5
2.58943e-05 -3 -10.5 -21
2.44679e-05 -6 -13.5 -18.5
0.000118893 -5 -12.5 -19.5
6.85523e-05 -5.5 -13 -19
5.97409e-05 -3.5 -11 -21
0.000115205 -4 -11.5 -20.5
3.50793e-05 -4 -11.5 -21
5.75972e-05 -4.5 -12 -20.5
5.33809e-05 -5 -12.5 -20
2.75309e-05 -5.5 -13 -19.5
0.000140564 -4.5 -12 -20
0.000128196 -3.5 -11 -20.5
0.0001977 -5 -12.5 -19
0.000301619 -4 -11.5 -19.5
7.45662e-05 -6 -13.5 -17.5
0.000341597 -4.5 -12 -18.5
0.000293938 -5 -12.5 -18
0.000273082 -4 -11.5 -18.5
0.000196773 -5.5 -13 -17
8.95839e-05 -3.5 -11 -18.5
0.000235036 -4.5 -12 -17.5
8.81885e-05 -4 -11.5 -17.5
4.06295e-05 -4.5 -12 -16.5
2.69962e-05 -3 -9.5 -18.5
8.46017e-05 -3 -9.5 -19
4.58777e-05 -3.5 -9 -18.5
0.000170072 -3 -9.5 -19.5
0.000161243 -3.5 -9 -19
0.000264513 -3 -9.5 -20
4.09289e-05 -4 -8.5 -19.5
0.000334801 -3.5 -9 -19.5
0.000296031 -3 -9.5 -20.5
0.000266081 -3 -9.5 -21
0.000174221 -3 -9.5 -21.5
0.00040537 -3.5 -9 -21
5.00221e-05 -4 -8.5 -20.5
6.84872e-05 -3 -9.5 -22
0.000105919 -3.5 -9 -22
0.000261447 -3.5 -9 -21.5
4.06984e-05 -4 -8.5 -21
0.00047551 -3.5 -9 -20.5
5.19577e-05 -4 -8.5 -20
0.000464155 -3.5 -9 -20
2.09154e-05 -4 -8.5 -19
2.94061e-05 -7 -15 -13.5
3.78551e-05 -6.5 -14.5 -14
3.97342e-05 -6 -14 -14.5
3.41187e-05 -5.5 -13.5 -15
2.60724e-05 -5 -13 -15.5
3.57825e-05 -7 -15 -14
6.48464e-05 -6.5 -14.5 -14.5
8.31327e-05 -6 -14 -15
9.42562e-05 -5.5 -13.5 -15.5
6.60434e-05 -4.5 -12.5 -16.5
8.32656e-05 -6.5 -14.5 -15
3.83272e-05 -7 -15 -14.5
0.000129963 -6 -14 -15.5
0.000165093 -5.5 -13.5 -16
0.00018732 -5 -13 -16.5
0.000138999 -4.5 -12.5 -17
2.7346e-05 -4 -12 -17
3.43564e-05 -7 -15 -15
2.53805e-05 -3.5 -11.5 -18
9.06366e-05 -6.5 -14.5 -15.5
0.000161978 -6 -14 -16
0.000223186 -5.5 -13.5 -16.5
8.14368e-05 -6.5 -14.5 -16
0.00017445 -6 -14 -16.5
2.54541e-05 -7 -15 -15.5
0.000289967 -5 -13 -17.5
0.00024697 -5.5 -13.5 -17
4.98714e-05 -3.5 -11.5 -18.5
0.000138064 -4 -12 -18
0.000228488 -4.5 -12.5 -17.5
6.77894e-05 -3.5 -11.5 -19
6.17165e-05 -6.5 -14.5 -16.5
0.000153707 -6 -14 -17
0.000185773 -5.5 -13.5 -18
0.000111053 -6 -14 -17.5
3.88947e-05 -6.5 -14.5 -17
7.23759e-05 -3.5 -11.5 -19.5
0.000243752 -5 -13 -18.5
0.000208567 -4 -12 -19
0.000308283 -4.5 -12.5 -18.5
6.0976e-05 -3.5 -11.5 -20
0.000168804 -4 -12 -19.5
6.6304e-05 -6 -14 -18
0.000157459 -4.5 -12.5 -19.5
0.0001559 -5 -13 -19
2.73673e-05 -3.5 -11.5 -20.5
5.89786e-05 -5.5 -13.5 -19
3.11494e-05 -6 -14 -18.5
4.92046e-05 -4 -12 -20.5
2.18432e-05 -4.5 -12.5 -20.5
2.62563e-05 -5 -13 -20
2.29506e-05 -5.5 -13.5 -19.5
7.37663e-05 -4.5 -12.5 -20
7.38891e-05 -5 -13 -19.5
0.000107649 -4 -12 -20
0.000120475 -5.5 -13.5 -18.5
0.000249283 -4.5 -12.5 -19
0.000292853 -5 -13 -18
0.000237682 -5.5 -13.5 -17.5
0.000186937 -4 -12 -18.5
0.000291847 -4.5 -12.5 -18
0.00026098 -5 -13 -17
7.51605e-05 -4 -12 -17.5
0.000100035 -5 -13 -16
3.08943e-05 -3 -9 -18.5
0.000102064 -3 -9 -19
0.000244525 -3 -9 -19.5
0.000404735 -3 -9 -20
0.000217928 -3.5 -8.5 -19.5
0.0004818 -3 -9 -20.5
0.000454937 -3 -9 -21
0.000329851 -3 -9 -21.5
0.000381918 -3.5 -8.5 -21
0.000150038 -3 -9 -22
2.61126e-05 -3 -9 -22.5
2.45976e-05 -3.5 -8.5 -22.5
0.00012106 -3.5 -8.5 -22
0.000264695 -3.5 -8.5 -21.5
0.000408646 -3.5 -8.5 -20.5
0.000353701 -3.5 -8.5 -20
8.3567e-05 -3.5 -8.5 -19
2.14702e-05 -8 -16.5 -11
2.33043e-05 -7.5 -16 -11.5
2.24795e-05 -8 -16.5 -11.5
3.21111e-05 -7 -15.5 -12.5
3.15401e-05 -7.5 -16 -12
2.56648e-05 -6.5 -15 -13
3.78179e-05 -7.5 -16 -12.5
5.48785e-05 -7 -15.5 -13
5.41909e-05 -6.5 -15 -13.5
2.94835e-05 -5.5 -14 -14.5
4.02174e-05 -7.5 -16 -13
7.17004e-05 -7 -15.5 -13.5
8.97427e-05 -6.5 -15 -14
9.14081e-05 -5.5 -14 -15
9.60781e-05 -6 -14.5 -14.5
3.76679e-05 -7.5 -16 -13.5
7.96876e-05 -7 -15.5 -14
0.000148076 -6 -14.5 -15
0.000122781 -6.5 -15 -14.5
0.000160159 -5.5 -14 -15.5
2.31214e-05 -4.5 -13 -16
8.2061e-05 -7 -15.5 -14.5
2.91917e-05 -7.5 -16 -14
0.000138276 -6.5 -15 -15
2.34033e-05 -4 -12.5 -17
0.00018785 -6 -14.5 -15.5
0.000215799 -5.5 -14 -16
0.000188282 -5 -13.5 -16.5
6.18421e-05 -4.5 -13 -16.5
5.03709e-05 -4 -12.5 -17.5
6.83884e-05 -7 -15.5 -15
0.000204067 -6 -14.5 -16
0.000242057 -5.5 -14 -16.5
0.000143237 -6.5 -15 -15.5
7.64972e-05 -4 -12.5 -18
0.000179992 -4.5 -13 -17.5
0.000250947 -5 -13.5 -17
4.43864e-05 -7 -15.5 -15.5
0.000122248 -6.5 -15 -16
0.000194345 -6 -14.5 -16.5
0.000248585 -5.5 -14 -17
0.000199244 -4.5 -13 -18.5
0.000245407 -5 -13.5 -18
0.000216055 -5.5 -14 -17.5
0.000154847 -6 -14.5 -17
8.97242e-05 -6.5 -15 -16.5
9.51667e-05 -4 -12.5 -18.5
5.5829e-05 -6.5 -15 -17
0.000151697 -5.5 -14 -18
6.3949e-05 -4 -12.5 -19.5
0.000139455 -4.5 -13 -19
2.88795e-05 -6.5 -15 -17.5
9.0825e-05 -5 -13.5 -19
8.30293e-05 -5.5 -14 -18.5
5.66749e-05 -6 -14.5 -18
2.2265e-05 -4 -12.5 -20
3.44516e-05 -5.5 -14 -19
3.67195e-05 -5 -13.5 -19.5
2.04604e-05 -6 -14.5 -18.5
6.93818e-05 -4.5 -13 -19.5
0.000172133 -5 -13.5 -18.5
0.000105827 -6 -14.5 -17.5
0.000100402 -4 -12.5 -19
0.000211036 -4.5 -13 -18
0.000270433 -5 -13.5 -17.5
0.000120409 -4.5 -13 -17
0.000118512 -5 -13.5 -16
5.47233e-05 -5 -13.5 -15.5
4.44031e-05 -6 -14.5 -14
2.76169e-05 -2.5 -9 -19.5
0.000100891 -3 -8.5 -19
5.85216e-05 -2.5 -9 -20
0.00027016 -3 -8.5 -19.5
8.2332e-05 -2.5 -9 -20.5
0.000456671 -3 -8.5 -20
0.000111281 -3.5 -8 -19.5
8.862e-05 -2.5 -9 -21
8.45044e-05 -2.5 -9 -21.5
0.000568349 -3 -8.5 -21
0.00025035 -3.5 -8 -20.5
5.44407e-05 -2.5 -9 -22
0.000448217 -3 -8.5 -21.5
0.000232363 -3.5 -8 -21
0.000242449 -3 -8.5 -22
6.78329e-05 -3 -8.5 -22.5
2.00267e-05 -3.5 -8 -22.5
9.54057e-05 -3.5 -8 -22
0.000173509 -3.5 -8 -21.5
2.96998e-05 -8.5 -17.5 -9
2.25154e-05 -8 -17 -9.5
0.000575268 -3 -8.5 -20.5
0.000212792 -3.5 -8 -20
3.26839e-05 -8.5 -17.5 -9.5
3.3202e-05 -8 -17 -10
2.52488e-05 -7.5 -16.5 -10.5
3.32754e-05 -8.5 -17.5 -10
4.48896e-05 -8 -17 -10.5
3.83465e-05 -7.5 -16.5 -11
2.75983e-05 -7 -16 -11.5
2.87499e-05 -8.5 -17.5 -10.5
4.83147e-05 -8 -17 -11
5.67805e-05 -7.5 -16.5 -11.5
3.14103e-05 -6.5 -15.5 -12.5
5.023e-05 -7 -16 -12
2.31774e-05 -8.5 -17.5 -11
4.79289e-05 -8 -17 -11.5
7.06741e-05 -7.5 -16.5 -12
7.31146e-05 -7 -16 -12.5
6.73262e-05 -6.5 -15.5 -13
4.69852e-05 -6 -15 -13.5
4.18827e-05 -8 -17 -12
7.56183e-05 -7.5 -16.5 -12.5
9.94003e-05 -7 -16 -13
0.000107602 -6.5 -15.5 -13.5
9.97017e-05 -6 -15 -14
5.71505e-05 -5.5 -14.5 -14.5
3.4684e-05 -8 -17 -12.5
7.74458e-05 -7.5 -16.5 -13
0.000117347 -7 -16 -13.5
0.000143747 -6.5 -15.5 -14
2.40229e-05 -8 -17 -13
6.81771e-05 -7.5 -16.5 -13.5
0.00015908 -6.5 -15.5 -14.5
0.000124724 -7 -16 -14
0.000184223 -6 -15 -15
2.07913e-05 -4.5 -13.5 -16
5.46443e-05 -5 -14 -15.5
0.00011037 -5.5 -14.5 -15
4.92337e-05 -7.5 -16.5 -14
0.000112908 -7 -16 -14.5
4.46859e-05 -4.5 -13.5 -16.5
0.000165881 -6.5 -15.5 -15
0.000210159 -5.5 -14.5 -16
3.18142e-05 -7.5 -16.5 -14.5
0.000151158 -6.5 -15.5 -15.5
0.000203574 -6 -15 -16
9.00438e-05 -7 -16 -15
7.5835e-05 -4.5 -13.5 -17
0.000226312 -5.5 -14.5 -16.5
0.000161623 -5 -14 -16.5
0.000101426 -4.5 -13.5 -17.5
6.18556e-05 -7 -16 -15.5
0.000121785 -6.5 -15.5 -16
0.000196249 -5 -14 -17.5
3.87941e-05 -4 -13 -18.5
0.000127338 -6 -15 -17
8.41583e-05 -6.5 -15.5 -16.5
3.86127e-05 -7 -16 -16
0.00011114 -4.5 -13.5 -18
0.000211779 -5.5 -14.5 -17
0.000149775 -5 -14 -18
2.05684e-05 -4 -13 -19
2.2614e-05 -7 -16 -16.5
4.73127e-05 -4.5 -13.5 -19
2.18831e-05 -6.5 -15.5 -17.5
3.49139e-05 -6 -15 -18
8.64745e-05 -5 -14 -18.5
9.29734e-05 -5.5 -14.5 -18
3.54142e-05 -5 -14 -19
4.00698e-05 -5.5 -14.5 -18.5
7.62482e-05 -6 -15 -17.5
4.74858e-05 -6.5 -15.5 -17
8.57235e-05 -4.5 -13.5 -18.5
0.00015682 -5.5 -14.5 -17.5
0.000172875 -6 -15 -16.5
3.52591e-05 -4 -13 -18
0.000188757 -5 -14 -17
0.000199631 -6 -15 -15.5
0.000107006 -5 -14 -16
0.000164762 -5.5 -14.5 -15.5
0.000147458 -6 -15 -14.5
2.23528e-05 -5 -14 -15
2.96101e-05 -3.5 -8 -19
5.89595e-05 -2.5 -8.5 -19.5
5.10648e-05 -3 -8 -19
0.000139801 -2.5 -8.5 -20
0.000201735 -3 -8 -19.5
0.000209711 -2.5 -8.5 -20.5
0.000440689 -3 -8 -20
3.55739e-05 -3.5 -7.5 -19.5
0.000232205 -2.5 -8.5 -21
0.000227492 -2.5 -8.5 -21.5
0.000602061 -3 -8 -21
0.000103261 -3.5 -7.5 -20.5
0.000154167 -2.5 -8.5 -22
0.000490348 -3 -8 -21.5
9.01904e-05 -3.5 -7.5 -21
5.87185e-05 -2.5 -8.5 -22.5
0.000304085 -3 -8 -22
2.32514e-05 -9.5 -19 -6.5
2.75565e-05 -9 -18.5 -7
2.39221e-05 -9.5 -19 -7
3.40729e-05 -9 -18.5 -7.5
0.000108717 -3 -8 -22.5
3.42498e-05 -8.5 -18 -8
3.79888e-05 -3.5 -7.5 -22
3.73857e-05 -9 -18.5 -8
4.48323e-05 -8.5 -18 -8.5
3.58394e-05 -8 -17.5 -9
6.87728e-05 -3.5 -7.5 -21.5
3.81119e-05 -9 -18.5 -8.5
5.42964e-05 -8.5 -18 -9
5.05606e-05 -8 -17.5 -9.5
3.56347e-05 -7.5 -17 -10
0.000594328 -3 -8 -20.5
3.11829e-05 -9 -18.5 -9
5.71051e-05 -8.5 -18 -9.5
6.25469e-05 -8 -17.5 -10
5.78658e-05 -7.5 -17 -10.5
3.37143e-05 -7 -16.5 -11
2.41196e-05 -9 -18.5 -9.5
5.45841e-05 -8.5 -18 -10
7.39112e-05 -8 -17.5 -10.5
7.72431e-05 -7.5 -17 -11
6.25948e-05 -7 -16.5 -11.5
3.36925e-05 -6.5 -16 -12
4.7492e-05 -8.5 -18 -10.5
7.76772e-05 -8 -17.5 -11
9.17727e-05 -7.5 -17 -11.5
9.25595e-05 -7 -16.5 -12
7.1792e-05 -6.5 -16 -12.5
3.39979e-05 -6 -15.5 -13
3.43866e-05 -8.5 -18 -11
7.50014e-05 -8 -17.5 -11.5
0.000101073 -7.5 -17 -12
0.000118088 -7 -16.5 -12.5
0.000108667 -6.5 -16 -13
6.61878e-05 -6 -15.5 -13.5
2.06073e-05 -8.5 -18 -11.5
6.63211e-05 -8 -17.5 -12
0.000105378 -7.5 -17 -12.5
0.000128543 -7 -16.5 -13
0.000137034 -6.5 -16 -13.5
0.000107049 -6 -15.5 -14
2.13155e-05 -5 -14.5 -15
5.16354e-05 -8 -17.5 -12.5
9.57005e-05 -7.5 -17 -13
0.00013059 -7 -16.5 -13.5
0.000147736 -6 -15.5 -14.5
0.000153383 -6.5 -16 -14
4.37932e-05 -5 -14.5 -15.5
0.00010052 -5.5 -15 -15
3.27132e-05 -8 -17.5 -13
7.70602e-05 -7.5 -17 -13.5
0.000125955 -7 -16.5 -14
0.000160601 -6.5 -16 -14.5
0.000175472 -6 -15.5 -15
2.78973e-05 -4.5 -14 -16.5
5.78584e-05 -7.5 -17 -14
0.000109802 -7 -16.5 -14.5
0.00018475 -6 -15.5 -15.5
0.000163046 -5.5 -15 -16
0.000155213 -6.5 -16 -15
7.40843e-05 -5 -14.5 -16
3.8713e-05 -7.5 -17 -14.5
3.90769e-05 -4.5 -14 -17
0.000129055 -6.5 -16 -15.5
8.39588e-05 -7 -16.5 -15
0.000168985 -6 -15.5 -16
0.000105334 -5 -14.5 -17
2.05822e-05 -7.5 -17 -15
5.64467e-05 -7 -16.5 -15.5
4.49657e-05 -4.5 -14 -17.5
0.000132877 -5.5 -15 -17
0.000125518 -6 -15.5 -16.5
9.11532e-05 -5 -14.5 -17.5
5.77076e-05 -6.5 -16 -16.5
3.38239e-05 -7 -16.5 -16
3.87866e-05 -6 -15.5 -17.5
3.91522e-05 -5.5 -15 -18
2.82737e-05 -6.5 -16 -17
5.57846e-05 -5 -14.5 -18
2.08578e-05 -6 -15.5 -18.5
8.08834e-05 -5.5 -15 -17.5
7.8642e-05 -6 -15.5 -17
3.88334e-05 -4.5 -14 -18
9.53542e-05 -6.5 -16 -16
0.000171333 -5.5 -15 -16.5
9.77374e-05 -5 -14.5 -16.5
0.00014248 -5.5 -15 -15.5
5.67983e-05 -5.5 -15 -14.5
2.68463e-05 -5.5 -15 -14
8.21744e-05 -3.5 -7.5 -20
2.13661e-05 -2.5 -8 -19
9.78542e-05 -2.5 -8 -19.5
0.000252518 -2.5 -8 -20
0.000394463 -2.5 -8 -20.5
0.000446839 -2.5 -8 -21
0.000477015 -3 -7.5 -20.5
0.000439623 -2.5 -8 -21.5
0.000318502 -2.5 -8 -22
0.000131866 -2.5 -8 -22.5
3.27474e-05 -9 -19 -6.5
2.45883e-05 -9.5 -19.5 -6.5
3.99476e-05 -9 -19 -7
4.3038e-05 -8.5 -18.5 -7.5
2.15957e-05 -3 -7.5 -23
0.000126739 -3 -7.5 -22.5
2.4215e-05 -9.5 -19.5 -7
4.28051e-05 -9 -19 -7.5
5.34161e-05 -8.5 -18.5 -8
4.30029e-05 -8 -18 -8.5
2.03664e-05 -9.5 -19.5 -7.5
4.38142e-05 -9 -19 -8
5.95764e-05 -8.5 -18.5 -8.5
5.94906e-05 -8 -18 -9
0.000324662 -3 -7.5 -22
3.68399e-05 -7.5 -17.5 -9.5
0.000485125 -3 -7.5 -21.5
3.9519e-05 -9 -19 -8.5
6.0952e-05 -8.5 -18.5 -9
7.1959e-05 -8 -18 -9.5
6.14465e-05 -7.5 -17.5 -10
3.15734e-05 -7 -17 -10.5
3.42215e-05 -9 -19 -9
6.25644e-05 -8.5 -18.5 -9.5
7.87619e-05 -8 -18 -10
8.11612e-05 -7.5 -17.5 -10.5
5.39558e-05 -7 -17 -11
2.72292e-05 -9 -19 -9.5
5.74607e-05 -8.5 -18.5 -10
8.03827e-05 -8 -18 -10.5
9.50688e-05 -7.5 -17.5 -11
8.29667e-05 -7 -17 -11.5
2.19103e-05 -6.5 -16.5 -11.5
4.61273e-05 -6.5 -16.5 -12
4.83474e-05 -8.5 -18.5 -10.5
8.23693e-05 -8 -18 -11
0.000102556 -7.5 -17.5 -11.5
0.000105316 -7 -17 -12
7.37449e-05 -6.5 -16.5 -12.5
3.88943e-05 -8.5 -18.5 -11
7.67727e-05 -8 -18 -11.5
0.000104051 -7.5 -17.5 -12
0.000119095 -7 -17 -12.5
0.000106653 -6.5 -16.5 -13
3.42916e-05 -6 -16 -13
2.45888e-05 -5.5 -15.5 -14
2.97748e-05 -8.5 -18.5 -11.5
6.53715e-05 -8 -18 -12
0.000100367 -7.5 -17.5 -12.5
0.000125796 -7 -17 -13
0.000130909 -6.5 -16.5 -13.5
6.19849e-05 -6 -16 -13.5
4.57485e-05 -5.5 -15.5 -14.5
4.9113e-05 -8 -18 -12.5
8.76131e-05 -7.5 -17.5 -13
0.000122668 -7 -17 -13.5
0.000140295 -6.5 -16.5 -14
2.93244e-05 -5 -15 -15.5
3.16598e-05 -8 -18 -13
6.76661e-05 -7.5 -17.5 -13.5
0.000108033 -7 -17 -14
7.02235e-05 -5.5 -15.5 -15
0.000138136 -6.5 -16.5 -14.5
0.000123022 -6 -16 -14.5
3.94086e-05 -5 -15 -16
4.76673e-05 -7.5 -17.5 -14
8.27766e-05 -7 -17 -14.5
8.6951e-05 -5.5 -15.5 -15.5
0.000131172 -6 -16 -15.5
4.33464e-05 -5 -15 -16.5
3.05178e-05 -7.5 -17.5 -14.5
5.67549e-05 -7 -17 -15
8.45783e-05 -6.5 -16.5 -15.5
8.13375e-05 -5.5 -15.5 -16.5
3.65578e-05 -5 -15 -17
3.42826e-05 -7 -17 -15.5
6.0298e-05 -6 -16 -16.5
5.07253e-05 -5.5 -15.5 -17
5.03501e-05 -6.5 -16.5 -16
2.72017e-05 -6.5 -16.5 -16.5
2.10224e-05 -5 -15 -18.5
2.49488e-05 -6 -16 -17
9.87027e-05 -6 -16 -16
9.26434e-05 -5.5 -15.5 -16
0.000115675 -6.5 -16.5 -15
0.000134437 -6 -16 -15
9.45841e-05 -6 -16 -14
0.000510696 -3 -7.5 -21
0.000306172 -3 -7.5 -20
0.000120283 -3 -7.5 -19.5
2.42434e-05 -3 -7.5 -19
2.36812e-05 -2.5 -7.5 -19
0.000113857 -2.5 -7.5 -19.5
0.000319972 -2.5 -7.5 -20
3.35905e-05 -2 -8 -21
0.000549417 -2.5 -7.5 -20.5
4.06435e-05 -2 -8 -21.5
0.000636609 -2.5 -7.5 -21
0.000322432 -3 -7 -20.5
3.86215e-05 -2 -8 -22
0.000613162 -2.5 -7.5 -21.5
0.000472087 -2.5 -7.5 -22
0.000227012 -2.5 -7.5 -22.5
4.52266e-05 -2.5 -7.5 -23
3.17852e-05 -9 -19.5 -6.5
3.33849e-05 -8.5 -19 -7
3.62222e-05 -9 -19.5 -7
2.25568e-05 -3 -7 -23
4.43042e-05 -8.5 -19 -7.5
0.000115916 -3 -7 -22.5
3.7019e-05 -9 -19.5 -7.5
3.0561e-05 -8 -18.5 -8
5.19813e-05 -8.5 -19 -8
4.43136e-05 -8 -18.5 -8.5
3.62299e-05 -9 -19.5 -8
5.59126e-05 -8.5 -19 -8.5
5.98482e-05 -8 -18.5 -9
4.15178e-05 -7.5 -18 -9.5
0.000233889 -3 -7 -22
0.000318023 -3 -7 -21.5
3.31076e-05 -9 -19.5 -8.5
5.68453e-05 -8.5 -19 -9
6.95236e-05 -8 -18.5 -9.5
5.98742e-05 -7.5 -18 -10
3.25773e-05 -7 -17.5 -10.5
2.73211e-05 -9 -19.5 -9
5.33967e-05 -8.5 -19 -9.5
7.44879e-05 -8 -18.5 -10
7.91462e-05 -7.5 -18 -10.5
5.17864e-05 -7 -17.5 -11
2.2864e-05 -6.5 -17 -11.5
4.76965e-05 -8.5 -19 -10
7.61313e-05 -8 -18.5 -10.5
8.90074e-05 -7.5 -18 -11
7.43572e-05 -7 -17.5 -11.5
3.93663e-05 -8.5 -19 -10.5
7.13082e-05 -8 -18.5 -11
9.36074e-05 -7.5 -18 -11.5
9.54143e-05 -7 -17.5 -12
2.89267e-05 -6 -16.5 -13
3.06354e-05 -8.5 -19 -11
6.18591e-05 -8 -18.5 -11.5
9.17651e-05 -7.5 -18 -12
0.000103736 -7 -17.5 -12.5
4.57393e-05 -6 -16.5 -13.5
8.19577e-05 -6.5 -17 -13
2.3317e-05 -8.5 -19 -11.5
4.98721e-05 -8 -18.5 -12
7.95735e-05 -7.5 -18 -12.5
0.000101415 -7 -17.5 -13
3.03199e-05 -5.5 -16 -14.5
6.16702e-05 -6 -16.5 -14
3.6634e-05 -8 -18.5 -12.5
6.12331e-05 -7.5 -18 -13
8.72348e-05 -7 -17.5 -13.5
6.99538e-05 -6 -16.5 -14.5
2.47413e-05 -8 -18.5 -13
4.19518e-05 -7.5 -18 -13.5
3.6565e-05 -5.5 -16 -15
6.5887e-05 -7 -17.5 -14
9.47621e-05 -6.5 -17 -14
3.63899e-05 -5.5 -16 -15.5
2.60883e-05 -7.5 -18 -14
4.36976e-05 -7 -17.5 -14.5
5.46067e-05 -6 -16.5 -15.5
2.44773e-05 -5.5 -16 -16
2.54594e-05 -7 -17.5 -15
5.34861e-05 -6.5 -17 -15
3.17534e-05 -6 -16.5 -16
2.85748e-05 -6.5 -17 -15.5
6.87676e-05 -6 -16.5 -15
8.01885e-05 -6.5 -17 -14.5
9.13664e-05 -6.5 -17 -13.5
6.35589e-05 -6.5 -17 -12.5
4.20652e-05 -6.5 -17 -12
0.00034519 -3 -7 -21
0.000190665 -3 -7 -20
5.95528e-05 -3 -7 -19.5
4.10672e-05 -2 -7.5 -20
9.36038e-05 -2.5 -7 -19.5
9.10467e-05 -2 -7.5 -20.5
0.00031782 -2.5 -7 -20
0.000135556 -2 -7.5 -21
0.00015689 -2 -7.5 -21.5
0.00068583 -2.5 -7 -21
0.000141672 -3 -6.5 -20.5
0.000150243 -2 -7.5 -22
0.000663744 -2.5 -7 -21.5
9.83431e-05 -2 -7.5 -22.5
0.000534989 -2.5 -7 -22
2.96892e-05 -2 -7.5 -23
2.24949e-05 -9 -20 -6.5
2.80258e-05 -8.5 -19.5 -7
2.25463e-05 -9 -20 -7
3.49017e-05 -8.5 -19.5 -7.5
8.13833e-05 -2.5 -7 -23
5.52035e-05 -3 -6.5 -22.5
2.28131e-05 -9 -20 -7.5
3.85836e-05 -8.5 -19.5 -8
2.93886e-05 -8 -19 -8
3.9135e-05 -8 -19 -8.5
2.11739e-05 -9 -20 -8
3.98388e-05 -8.5 -19.5 -8.5
4.76519e-05 -8 -19 -9
2.05064e-05 -9 -20 -8.5
3.78592e-05 -8.5 -19.5 -9
5.26668e-05 -8 -19 -9.5
3.58569e-05 -7.5 -18.5 -9.5
2.77951e-05 -7 -18 -10.5
4.74737e-05 -7.5 -18.5 -10
0.000301998 -2.5 -7 -22.5
3.24546e-05 -8.5 -19.5 -9.5
5.41532e-05 -8 -19 -10
3.96536e-05 -7 -18 -11
5.86878e-05 -7.5 -18.5 -10.5
2.0627e-05 -9.5 -20.5 -9
2.60417e-05 -8.5 -19.5 -10
5.0479e-05 -8 -19 -10.5
2.9084e-05 -6.5 -17.5 -12
5.14391e-05 -7 -18 -11.5
6.38569e-05 -7.5 -18.5 -11
4.19022e-05 -8 -19 -11
6.102e-05 -7 -18 -12
6.34872e-05 -7.5 -18.5 -11.5
3.79799e-05 -6.5 -17.5 -12.5
3.44162e-05 -8 -19 -11.5
6.4971e-05 -7 -18 -12.5
5.47521e-05 -7.5 -18.5 -12
4.32419e-05 -6.5 -17.5 -13
2.80084e-05 -8 -19 -12
4.30742e-05 -7.5 -18.5 -12.5
5.78584e-05 -7 -18 -13
4.50934e-05 -6.5 -17.5 -13.5
2.11378e-05 -8 -19 -12.5
3.0599e-05 -7.5 -18.5 -13
4.01693e-05 -7 -18 -13.5
2.46788e-05 -7 -18 -14
2.02518e-05 -6.5 -17.5 -14.5
3.60519e-05 -6.5 -17.5 -14
0.000115202 -3 -6.5 -22
0.000153122 -3 -6.5 -21.5
0.000164027 -3 -6.5 -21
0.000580146 -2.5 -7 -20.5
6.86901e-05 -3 -6.5 -20
2.2228e-05 -2 -7 -19.5
8.7992e-05 -2 -7 -20
4.75576e-05 -2.5 -6.5 -19.5
0.00020372 -2 -7 -20.5
0.000327696 -2 -7 -21
2.8637e-05 -3 -6 -20.5
0.000380519 -2 -7 -21.5
0.000352528 -2 -7 -22
0.000590073 -2.5 -6.5 -21.5
0.000227837 -2 -7 -22.5
0.000530914 -2.5 -6.5 -22
8.23483e-05 -2 -7 -23
2.01226e-05 -8.5 -20 -7.5
0.00011164 -2.5 -6.5 -23
2.77818e-05 -8 -19.5 -9
2.38152e-05 -7.5 -19 -10
2.94853e-05 -8 -19.5 -9.5
2.86823e-05 -7.5 -19 -10.5
2.74023e-05 -8 -19.5 -10
2.77046e-05 -7.5 -19 -11
2.59203e-05 -7.5 -19 -11.5
2.52243e-05 -7 -18.5 -12
2.07401e-05 -7.5 -19 -12
2.17316e-05 -7.5 -19 -12.5
2.13646e-05 -6.5 -18 -14
0.000326899 -2.5 -6.5 -22.5
2.36367e-05 -3 -6 -22
3.04926e-05 -3 -6 -21.5
3.33617e-05 -3 -6 -21
0.00059434 -2.5 -6.5 -21
0.000460016 -2.5 -6.5 -20.5
0.000207388 -2.5 -6.5 -20
3.09591e-05 -2 -6.5 -19.5
0.000138943 -2 -6.5 -20
0.000333887 -2 -6.5 -20.5
0.000550218 -2 -6.5 -21
0.000621313 -2 -6.5 -21.5
0.000581223 -2 -6.5 -22
0.000421073 -2.5 -6 -21.5
0.000396643 -2 -6.5 -22.5
0.000385864 -2.5 -6 -22
0.000155204 -2 -6.5 -23
0.000117879 -2.5 -6 -23
0.000270521 -2.5 -6 -22.5
0.000410265 -2.5 -6 -21
0.00027508 -2.5 -6 -20.5
0.000111398 -2.5 -6 -20
2.25627e-05 -2.5 -6 -19.5
0.000151163 -2 -6 -20
4.08987e-05 -1.5 -6.5 -21
0.000400138 -2 -6 -20.5
6.22379e-05 -1.5 -6.5 -21.5
0.000642678 -2 -6 -21
6.66907e-05 -1.5 -6.5 -22
0.000709089 -2 -6 -21.5
6.04185e-05 -1.5 -6.5 -22.5
0.000678155 -2 -6 -22
3.05011e-05 -1.5 -6.5 -23
0.000507218 -2 -6 -22.5
0.00023684 -2 -6 -23
0.000151868 -2.5 -5.5 -22.5
4.60684e-05 -2 -6 -23.5
8.07467e-05 -2.5 -5.5 -23
0.000201878 -2.5 -5.5 -22
0.000215235 -2.5 -5.5 -21.5
0.000204565 -2.5 -5.5 -21
0.000121468 -2.5 -5.5 -20.5
3.77778e-05 -2.5 -5.5 -20
3.11972e-05 -2 -6 -19.5
7.28777e-05 -1.5 -6 -20.5
0.000151428 -1.5 -6 -21
0.000316255 -2 -5.5 -20.5
0.000202444 -1.5 -6 -21.5
0.000608616 -2 -5.5 -21
0.000207143 -1.5 -6 -22
0.000184043 -1.5 -6 -22.5
0.000108902 -1.5 -6 -23
2.95583e-05 -1.5 -6 -23.5
8.1024e-05 -2 -5.5 -23.5
2.98632e-05 -2.5 -5 -23
0.000285659 -2 -5.5 -23
4.54313e-05 -2.5 -5 -22.5
0.000540082 -2 -5.5 -22.5
5.25089e-05 -2.5 -5 -22
0.000689106 -2 -5.5 -22
5.43252e-05 -2.5 -5 -21.5
0.000713844 -2 -5.5 -21.5
5.00001e-05 -2.5 -5 -21
2.68302e-05 -2.5 -5 -20.5
9.19328e-05 -2 -5.5 -20
3.72326e-05 -1.5 -5.5 -20
0.000152135 -1.5 -5.5 -20.5
0.000330056 -1.5 -5.5 -21
0.000171265 -2 -5 -20.5
0.000444095 -1.5 -5.5 -21.5
0.000379492 -2 -5 -21
0.000446118 -1.5 -5.5 -22
0.000389333 -1.5 -5.5 -22.5
0.000238459 -1.5 -5.5 -23
8.18119e-05 -1.5 -5.5 -23.5
0.000104534 -2 -5 -23.5
0.000295727 -2 -5 -23
0.000455685 -2 -5 -22.5
0.000512504 -2 -5 -22
0.000514106 -2 -5 -21.5
4.11767e-05 -2 -5 -20
4.95548e-05 -1.5 -5 -20
0.000196461 -1.5 -5 -20.5
0.000449393 -1.5 -5 -21
8.33108e-05 -2 -4.5 -20.5
0.000658663 -1.5 -5 -21.5
0.000674494 -1.5 -5 -22
0.000313934 -2 -4.5 -21.5
0.000613549 -1.5 -5 -22.5
0.000323673 -2 -4.5 -22
0.000407423 -1.5 -5 -23
0.000169648 -1.5 -5 -23.5
2.61931e-05 -1.5 -5 -24
9.96659e-05 -2 -4.5 -23.5
0.000211373 -2 -4.5 -23
0.000297696 -2 -4.5 -22.5
0.000209311 -2 -4.5 -21
3.8413e-05 -1.5 -4.5 -20
2.0093e-05 -1 -5 -21
3.88663e-05 -1 -5 -21.5
4.96043e-05 -1 -5 -22
0.000718676 -1.5 -4.5 -21.5
5.02245e-05 -1 -5 -22.5
3.97204e-05 -1 -5 -23
0.000732041 -1.5 -4.5 -22.5
0.000550453 -1.5 -4.5 -23
0.00013308 -2 -4 -22.5
5.62686e-05 -1.5 -4.5 -24
5.12036e-05 -2 -4 -23.5
0.000272588 -1.5 -4.5 -23.5
0.000101573 -2 -4 -23
0.000140651 -2 -4 -22
0.000761944 -1.5 -4.5 -22
0.000121734 -2 -4 -21.5
6.44602e-05 -2 -4 -21
0.000463319 -1.5 -4.5 -21
2.09579e-05 -2 -4 -20.5
0.000184737 -1.5 -4.5 -20.5
3.10364e-05 -1 -4.5 -20.5
2.02941e-05 -1.5 -4 -20
9.36708e-05 -1 -4.5 -21
0.000166903 -1 -4.5 -21.5
0.00020697 -1 -4.5 -22
0.000211067 -1 -4.5 -22.5
0.000197156 -1 -4.5 -23
0.000762699 -1.5 -4 -22.5
2.28753e-05 -2 -3.5 -22
0.000125832 -1 -4.5 -23.5
0.000594869 -1.5 -4 -23
3.99764e-05 -1 -4.5 -24
8.83064e-05 -1.5 -4 -24
0.000319837 -1.5 -4 -23.5
0.000781358 -1.5 -4 -22
2.1916e-05 -2 -3.5 -21.5
0.000623444 -1.5 -4 -21.5
0.000337072 -1.5 -4 -21
0.000104512 -1.5 -4 -20.5
6.90245e-05 -1 -4 -20.5
0.00022261 -1 -4 -21
0.000569395 -1 -4 -22
0.000578612 -1 -4 -22.5
0.000606905 -1.5 -3.5 -22
0.000537384 -1 -4 -23
0.000348119 -1 -4 -23.5
0.00052554 -1.5 -3.5 -23
0.000122952 -1 -4 -24
9.59384e-05 -1.5 -3.5 -24
0.000320618 -1.5 -3.5 -23.5
0.000597696 -1.5 -3.5 -22.5
0.00047868 -1.5 -3.5 -21.5
0.000431396 -1 -4 -21.5
0.000237241 -1.5 -3.5 -21
6.52829e-05 -1.5 -3.5 -20.5
0.000355946 -1 -3.5 -21
0.00105911 -1 -3.5 -22
0.000275369 -1.5 -3 -21.5
0.00108883 -1 -3.5 -22.5
0.0003479 -1.5 -3 -22
0.000222216 -1 -3.5 -24
0.000160387 -1.5 -3 -23.5
5.41862e-05 -1.5 -3 -24
0.000634076 -1 -3.5 -23.5
0.000277845 -1.5 -3 -23
0.00098931 -1 -3.5 -23
0.000338373 -1.5 -3 -22.5
0.000747987 -1 -3.5 -21.5
0.000134778 -1.5 -3 -21
3.51437e-05 -1.5 -3 -20.5
9.80906e-05 -1 -3.5 -20.5
2.26271e-05 -1 -3 -20
0.000118163 -1 -3 -20.5
0.000457767 -1 -3 -21
6.94819e-05 -1.5 -2.5 -21.5
0.0014965 -1 -3 -22.5
2.26886e-05 -0.5 -3.5 -24
0.000291755 -1 -3 -24
3.44198e-05 -1.5 -2.5 -23.5
0.0008504 -1 -3 -23.5
5.85818e-05 -1.5 -2.5 -23
0.00134783 -1 -3 -23
7.26088e-05 -1.5 -2.5 -22.5
7.64502e-05 -1.5 -2.5 -22
0.00146151 -1 -3 -22
0.00101694 -1 -3 -21.5
3.74592e-05 -1.5 -2.5 -21
7.20685e-05 -0.5 -3 -21
0.00021691 -0.5 -3 -21.5
0.000484608 -1 -2.5 -21
0.000403786 -0.5 -3 -22
0.000537789 -0.5 -3 -22.5
0.000535053 -0.5 -3 -23
0.000430041 -0.5 -3 -23.5
0.000211141 -0.5 -3 -24
3.56759e-05 -0.5 -3 -24.5
0.000260359 -1 -2.5 -24
0.000848895 -1 -2.5 -23.5
0.00136661 -1 -2.5 -23
0.00153519 -1 -2.5 -22.5
0.00152047 -1 -2.5 -22
0.00107619 -1 -2.5 -21.5
0.000125189 -1 -2.5 -20.5
2.38027e-05 -1 -2.5 -20
2.19913e-05 -0.5 -2.5 -20
0.000118882 -0.5 -2.5 -20.5
0.000513447 -0.5 -2.5 -21
0.00124864 -0.5 -2.5 -21.5
0.00191485 -0.5 -2.5 -22
0.00200317 -0.5 -2.5 -22.5
0.00123492 -0.5 -2.5 -23.5
2.30157e-05 -0.5 -2.5 -24.5
0.000106336 -1 -2 -24
0.000441261 -0.5 -2.5 -24
0.000351289 -1 -2 -23.5
0.000586987 -1 -2 -23
0.00185187 -0.5 -2.5 -23
0.000684385 -1 -2 -22.5
0.000692622 -1 -2 -22
0.000521695 -1 -2 -21.5
0.000234537 -1 -2 -21
5.83338e-05 -1 -2 -20.5
3.58722e-05 -0.5 -2 -20
0.0001917 -0.5 -2 -20.5
0.00154956 -0.5 -2 -23.5
0.000510116 -0.5 -2 -24
6.96921e-05 -1 -1.5 -23.5
0.000117658 -1 -1.5 -23
0.00242288 -0.5 -2 -23
0.000137576 -1 -1.5 -22.5
0.00268366 -0.5 -2 -22.5
0.000139212 -1 -1.5 -22
0.00264812 -0.5 -2 -22
0.00010338 -1 -1.5 -21.5
0.00185537 -0.5 -2 -21.5
4.55196e-05 -1 -1.5 -21
0.000800057 -0.5 -2 -21
0.00171269 -0.5 -1.5 -21.5
0.00231926 -0.5 -1.5 -22
0.00230236 -0.5 -1.5 -22.5
0.00198023 -0.5 -1.5 -23
0.000318761 -0.5 -1.5 -24
0.00115891 -0.5 -1.5 -23.5
0.000743654 -0.5 -1.5 -21
0.000175606 -0.5 -1.5 -20.5
3.27574e-05 -0.5 -1.5 -20
3.54796e-05 -0.5 -1 -20.5
0.000157114 -0.5 -1 -21
0.000215381 -0.5 -1 -23.5
6.34931e-05 -0.5 -1 -24
0.000380164 -0.5 -1 -23
0.000459357 -0.5 -1 -22.5
0.000470698 -0.5 -1 -22
0.0003659 -0.5 -1 -21.5
2.19514e-05 -0.5 -0.5 -23
2.5399e-05 -0.5 -0.5 -22.5
2.56162e-05 -0.5 -0.5 -22
3.88831e-05 0 0 -20
0.000200441 0 0 -20.5
0.000892467 0 0 -21
0.00235922 0 0 -21.5
0.00390262 0 0 -22
0.00428547 0 0 -22.5
0.00411755 0 0 -23
0.0031705 0 0 -23.5
0.00156066 0 0 -24
0.000276411 0 0 -24.5
0.000148441 0 0.5 -24.5
0.00115858 0 0.5 -24
0.00260137 0 0.5 -23.5
0.00354325 0 0.5 -23
0.00373154 0 0.5 -22.5
0.00349192 0 0.5 -22
0.00218993 0 0.5 -21.5
0.000853727 0 0.5 -21
0.000192909 0 0.5 -20.5
3.64183e-05 0 0.5 -20
0.000469744 0.5 0.5 -22
0.000501789 0 1 -21.5
2.12156e-05 0.5 0.5 -24.5
0.000187603 0 1 -24
0.00014771 0.5 0.5 -24
0.0005134 0 1 -23.5
0.000334578 0.5 0.5 -23.5
0.000765238 0 1 -23
0.000465699 0.5 0.5 -23
0.000825502 0 1 -22.5
0.000495719 0.5 0.5 -22.5
0.00078689 0 1 -22
0.000296487 0.5 0.5 -21.5
0.000194458 0 1 -21
0.000116203 0.5 0.5 -21
4.26759e-05 0 1 -20.5
2.70068e-05 0.5 0.5 -20.5
0.000702254 0.5 1 -21.5
0.00110955 0.5 1 -22.5
0.000768465 0.5 1 -23.5
0.000341243 0.5 1 -24
4.21566e-05 0.5 1 -24.5
0.00104379 0.5 1 -23
0.00107062 0.5 1 -22
0.000280094 0.5 1 -21
6.40334e-05 0.5 1 -20.5
9.98067e-05 0.5 1.5 -20.5
3.65896e-05 1 1 -21.5
0.000414533 0.5 1.5 -21
5.45564e-05 1 1 -22
5.57183e-05 1 1 -22.5
0.00136109 0.5 1.5 -22
5.16019e-05 1 1 -23
3.62608e-05 1 1 -23.5
0.00126471 0.5 1.5 -23
2.69578e-05 0.5 1.5 -24.5
0.000324806 0.5 1.5 -24
0.000833889 0.5 1.5 -23.5
0.00138245 0.5 1.5 -22.5
0.000956411 0.5 1.5 -21.5
2.1139e-05 1 1.5 -20.5
8.71026e-05 1 1.5 -21
0.000283908 1 1.5 -22
0.00090857 0.5 2 -21.5
0.000284646 1 1.5 -22.5
0.000255068 1 1.5 -23
0.00127842 0.5 2 -22.5
0.000167013 1 1.5 -23.5
6.51553e-05 1 1.5 -24
0.000748719 0.5 2 -23.5
0.00026037 0.5 2 -24
0.00115789 0.5 2 -23
0.00126557 0.5 2 -22
0.000202956 1 1.5 -21.5
0.000404803 0.5 2 -21
0.000100034 0.5 2 -20.5
5.99277e-05 1 2 -20.5
0.000231214 1 2 -21
6.74825e-05 0.5 2.5 -20.5
0.000499911 1 2 -21.5
0.000669771 1 2 -22
0.000667768 1 2 -22.5
0.000784516 0.5 2.5 -22
0.000382481 1 2 -23.5
0.000718671 0.5 2.5 -23
0.000139836 1 2 -24
0.000151493 0.5 2.5 -24
0.000456759 0.5 2.5 -23.5
0.000593618 1 2 -23
0.000794926 0.5 2.5 -22.5
0.00056676 0.5 2.5 -21.5
0.000261241 0.5 2.5 -21
2.22777e-05 1 2.5 -20
0.000116052 1 2.5 -20.5
0.000459539 1 2.5 -21
2.16589e-05 1.5 2 -22
2.15069e-05 1.5 2 -22.5
0.00129561 1 2.5 -22
0.00108586 1 2.5 -23
5.09482e-05 0.5 3 -24
0.000164519 1 2.5 -24
0.000144381 0.5 3 -23.5
0.000623927 1 2.5 -23.5
0.000222404 0.5 3 -23
0.000243015 0.5 3 -22.5
0.00127708 1 2.5 -22.5
0.000235139 0.5 3 -22
0.000164333 0.5 3 -21.5
0.00100649 1 2.5 -21.5
7.46586e-05 0.5 3 -21
7.1779e-05 1.5 2.5 -21
0.000160161 1.5 2.5 -21.5
0.000201841 1.5 2.5 -22
0.00115977 1 3 -21.5
0.000196704 1.5 2.5 -22.5
0.000162154 1.5 2.5 -23
0.00132889 1 3 -22.5
9.58956e-05 1.5 2.5 -23.5
2.5126e-05 1.5 2.5 -24
0.000607716 1 3 -23.5
0.000147617 1 3 -24
0.0010926 1 3 -23
0.00136193 1 3 -22
0.000625813 1 3 -21
0.000187267 1 3 -20.5
3.52121e-05 1 3 -20
8.16112e-05 1.5 3 -20.5
3.6972e-05 1 3.5 -20
0.000510499 1.5 3 -21.5
0.000577202 1 3.5 -21
0.000575867 1.5 3 -22
0.000553367 1.5 3 -22.5
0.00117422 1 3.5 -22
0.000434231 1.5 3 -23
0.000233041 1.5 3 -23.5
0.000912956 1 3.5 -23
5.32018e-05 1.5 3 -24
9.20221e-05 1 3.5 -24
0.000469253 1 3.5 -23.5
0.00114106 1 3.5 -22.5
0.00102774 1 3.5 -21.5
0.000275945 1.5 3 -21
0.00018667 1 3.5 -20.5
3.32702e-05 1.5 3.5 -20
0.000503136 1.5 3.5 -21
0.000954181 1.5 3.5 -22
0.000608537 1 4 -21.5
0.000915744 1.5 3.5 -22.5
0.000711878 1.5 3.5 -23
0.000675721 1 4 -22.5
0.000359526 1.5 3.5 -23.5
5.80635e-05 1.5 3.5 -24
0.000259314 1 4 -23.5
4.53066e-05 1 4 -24
0.000532205 1 4 -23
0.000693667 1 4 -22
0.000872846 1.5 3.5 -21.5
0.000355826 1 4 -21
0.000127755 1 4 -20.5
0.000166699 1.5 3.5 -20.5
2.61579e-05 1 4 -20
2.37037e-05 2 3.5 -20.5
5.9391e-05 1.5 4 -20
6.53467e-05 2 3.5 -21
0.000300976 1.5 4 -20.5
0.000102185 2 3.5 -21.5
0.000830517 1.5 4 -21
0.000103809 2 3.5 -22
0.00126824 1.5 4 -21.5
9.49142e-05 2 3.5 -22.5
7.04287e-05 2 3.5 -23
0.00122502 1.5 4 -22.5
0.000254985 1 4.5 -22
3.78654e-05 2 3.5 -23.5
0.000361068 1.5 4 -23.5
0.000194436 1 4.5 -23
4.40329e-05 1.5 4 -24
9.53877e-05 1 4.5 -23.5
0.000858606 1.5 4 -23
0.000248695 1 4.5 -22.5
0.00131323 1.5 4 -22
0.000220713 1 4.5 -21.5
0.000131861 1 4.5 -21
4.85983e-05 1 4.5 -20.5
2.08073e-05 2 4 -20
0.000106252 2 4 -20.5
9.96423e-05 1.5 4.5 -20
0.000281078 2 4 -21
0.000406206 2 4 -21.5
0.000861646 1.5 4.5 -21
0.000406039 2 4 -22
0.000362408 2 4 -22.5
0.00126818 1.5 4.5 -22
0.000243978 2 4 -23
0.000103168 2 4 -23.5
0.000791771 1.5 4.5 -23
2.27825e-05 1.5 4.5 -24
0.000298812 1.5 4.5 -23.5
3.05286e-05 1 5 -23
4.24608e-05 1 5 -22.5
0.00117075 1.5 4.5 -22.5
4.24559e-05 1 5 -22
2.87416e-05 1 5 -21.5
0.00123511 1.5 4.5 -21.5
0.000398269 1.5 4.5 -20.5
6.62942e-05 2 4.5 -20
0.000595798 2 4.5 -21
0.000776501 2 4.5 -22
0.00094886 1.5 5 -21.5
0.000688865 2 4.5 -22.5
0.000455281 2 4.5 -23
0.000907843 1.5 5 -22.5
0.000154477 2 4.5 -23.5
0.000180332 1.5 5 -23.5
0.000570722 1.5 5 -23
0.000980239 1.5 5 -22
0.000783897 2 4.5 -21.5
0.00068893 1.5 5 -21
0.000340017 1.5 5 -20.5
0.000274158 2 4.5 -20.5
9.46216e-05 1.5 5 -20
2.48613e-05 2 5 -19.5
2.5142e-05 2.5 4.5 -20.5
5.04149e-05 2.5 4.5 -21
0.000472967 2 5 -20.5
5.70195e-05 2.5 4.5 -21.5
5.43737e-05 2.5 4.5 -22
0.00110948 2 5 -21.5
4.39431e-05 2.5 4.5 -22.5
2.88206e-05 2.5 4.5 -23
0.000916841 2 5 -22.5
0.000530335 1.5 5.5 -22
0.000142516 2 5 -23.5
0.000297993 1.5 5.5 -23
8.33503e-05 1.5 5.5 -23.5
0.000513736 2 5 -23
0.000492378 1.5 5.5 -22.5
0.00110287 2 5 -22
0.000498587 1.5 5.5 -21.5
0.00036946 1.5 5.5 -21
0.000917368 2 5 -21
0.000187839 1.5 5.5 -20.5
6.08643e-05 1.5 5.5 -20
0.000137421 2 5 -20
3.75077e-05 2.5 5 -20
0.000132703 2.5 5 -20.5
0.000250212 2 5.5 -20
0.000253209 2.5 5 -21
0.000287359 2.5 5 -21.5
0.00115667 2 5.5 -21
0.000278076 2.5 5 -22
0.000217736 2.5 5 -22.5
0.00119359 2 5.5 -22
0.000109207 2.5 5 -23
2.44681e-05 2.5 5 -23.5
0.000476433 2 5.5 -23
2.52138e-05 1.5 6 -23.5
9.8564e-05 2 5.5 -23.5
0.000109456 1.5 6 -23
0.000179444 1.5 6 -22.5
0.000911335 2 5.5 -22.5
0.000195516 1.5 6 -22
0.000182152 1.5 6 -21.5
0.00126541 2 5.5 -21.5
0.000138777 1.5 6 -21
7.65629e-05 1.5 6 -20.5
0.000717638 2 5.5 -20.5
2.73839e-05 1.5 6 -20
4.74333e-05 2 5.5 -19.5
2.70679e-05 2.5 5.5 -19.5
0.000144726 2.5 5.5 -20
8.62348e-05 2 6 -19.5
0.000608021 2.5 5.5 -21
0.000725971 2 6 -20.5
0.000632918 2.5 5.5 -21.5
0.000580894 2.5 5.5 -22
0.00116259 2 6 -21.5
0.000422959 2.5 5.5 -22.5
0.000206955 2.5 5.5 -23
0.000789891 2 6 -22.5
3.0658e-05 2.5 5.5 -23.5
5.0859e-05 2 6 -23.5
0.00035392 2 6 -23
3.16412e-05 1.5 6.5 -22.5
4.20196e-05 1.5 6.5 -22
0.00108826 2 6 -22
4.08369e-05 1.5 6.5 -21.5
2.78376e-05 1.5 6.5 -21
0.00109134 2 6 -21
0.000390875 2.5 5.5 -20.5
0.000334794 2 6 -20
7.48037e-05 2.5 6 -19.5
2.41405e-05 3 5.5 -20.5
3.105e-05 3 5.5 -21
0.000663383 2.5 6 -20.5
2.84952e-05 3 5.5 -21.5
2.26682e-05 3 5.5 -22
0.000942351 2.5 6 -21.5
0.000781072 2 6.5 -21
0.000593555 2.5 6 -22.5
0.000747016 2 6.5 -22
2.18172e-05 2.5 6 -23.5
0.000192678 2 6.5 -23
0.00022289 2.5 6 -23
0.00051051 2 6.5 -22.5
0.000877184 2.5 6 -22
0.000806182 2 6.5 -21.5
0.000928823 2.5 6 -21
0.000576368 2 6.5 -20.5
0.000285632 2 6.5 -20
0.000302614 2.5 6 -20
8.16552e-05 2 6.5 -19.5
2.67408e-05 2.5 6.5 -19
6.94086e-05 3 6 -20
0.000150001 3 6 -20.5
0.000517572 2.5 6.5 -20
0.000170884 3 6 -21
0.000161089 3 6 -21.5
0.00122516 2.5 6.5 -21
0.000136176 3 6 -22
7.67045e-05 3 6 -22.5
0.000970853 2.5 6.5 -22
2.91251e-05 3 6 -23
0.00018308 2.5 6.5 -23
7.46632e-05 2 7 -23
0.000239608 2 7 -22.5
0.000565691 2.5 6.5 -22.5
0.00037529 2 7 -22
0.000410138 2 7 -21.5
0.00119471 2.5 6.5 -21.5
0.000398114 2 7 -21
0.00031086 2 7 -20.5
0.00101302 2.5 6.5 -20.5
0.000163554 2 7 -20
5.32001e-05 2 7 -19.5
0.000154218 2.5 6.5 -19.5
7.49466e-05 3 6.5 -19.5
0.000253716 3 6.5 -20
0.000306113 2.5 7 -19.5
0.000449393 3 6.5 -20.5
0.000481436 3 6.5 -21
0.00111807 2.5 7 -20.5
0.000449998 3 6.5 -21.5
0.000346197 3 6.5 -22
0.0011651 2.5 7 -21.5
0.000193985 3 6.5 -22.5
4.8196e-05 3 6.5 -23
0.000459432 2.5 7 -22.5
0.000106736 2.5 7 -23
7.25126e-05 2 7.5 -22.5
0.00013399 2 7.5 -22
0.000901348 2.5 7 -22
0.000153309 2 7.5 -21.5
0.000149974 2 7.5 -21
0.00121049 2.5 7 -21
0.000124548 2 7.5 -20.5
7.24317e-05 2 7.5 -20
0.000744154 2.5 7 -20
2.62287e-05 2 7.5 -19.5
6.2818e-05 2.5 7 -19
4.8415e-05 3 7 -19
0.000232092 3 7 -19.5
8.94401e-05 2.5 7.5 -19
0.000807655 3 7 -20.5
0.000684383 2.5 7.5 -20
0.00076841 3 7 -21.5
0.00106795 2.5 7.5 -21
2.6865e-05 2 8 -20.5
0.000564805 3 7 -22
0.000250324 3 7 -22.5
0.000690638 2.5 7.5 -22
4.17004e-05 3 7 -23
3.8189e-05 2.5 7.5 -23
0.00028998 2.5 7.5 -22.5
3.4037e-05 2 8 -21.5
0.000995271 2.5 7.5 -21.5
3.62365e-05 2 8 -21
0.000824993 3 7 -21
0.00100161 2.5 7.5 -20.5
0.000560408 3 7 -20
0.000309461 2.5 7.5 -19.5
3.98329e-05 3.5 7 -19.5
0.000127794 3 7.5 -19
8.02607e-05 3.5 7 -20
9.4809e-05 3.5 7 -20.5
0.000889718 3 7.5 -20
8.76992e-05 3.5 7 -21
7.92162e-05 3.5 7 -21.5
0.00107509 3 7.5 -21
5.32069e-05 3.5 7 -22
0.000579002 3 7.5 -22
0.000619574 2.5 8 -21.5
2.21428e-05 3 7.5 -23
0.000123013 2.5 8 -22.5
0.00022262 3 7.5 -22.5
0.000375641 2.5 8 -22
0.000946393 3 7.5 -21.5
0.000700062 2.5 8 -21
0.000651621 2.5 8 -20.5
0.00107382 3 7.5 -20.5
0.000466273 2.5 8 -20
0.000244627 2.5 8 -19.5
0.000452548 3 7.5 -19.5
7.51928e-05 2.5 8 -19
5.2233e-05 3.5 7.5 -19
0.000180062 3.5 7.5 -19.5
0.000326069 3.5 7.5 -20
0.000740042 3 8 -19.5
0.000361791 3.5 7.5 -20.5
0.000345811 3.5 7.5 -21
0.00125175 3 8 -20.5
0.000229403 2.5 8.5 -20
0.00026806 3.5 7.5 -21.5
0.000145414 3.5 7.5 -22
0.00092336 3 8 -21.5
4.22247e-05 3.5 7.5 -22.5
0.000141665 3 8 -22.5
2.28645e-05 2.5 8.5 -22.5
0.000145864 2.5 8.5 -22
0.000515167 3 8 -22
0.000281587 2.5 8.5 -21.5
0.000332126 2.5 8.5 -21
0.00116848 3 8 -21
0.00029947 2.5 8.5 -20.5
0.00115044 3 8 -20
0.000137131 2.5 8.5 -19.5
5.15079e-05 2.5 8.5 -19
0.000280962 3 8 -19
5.78058e-05 3 8 -18.5
0.000131812 3 8.5 -18.5
0.000487298 3.5 8 -19.5
0.000425387 3 8.5 -19
5.99631e-05 2.5 9 -19.5
0.000697193 3.5 8 -20
8.85717e-05 2.5 9 -20
0.000706178 3.5 8 -20.5
0.000478618 3.5 8 -21.5
0.00108182 3 8.5 -21
0.000109888 2.5 9 -20.5
4.49522e-05 3.5 8 -22.5
0.000346328 3 8.5 -22
8.86112e-05 2.5 9 -21.5
5.69886e-05 3 8.5 -22.5
2.09674e-05 2.5 9 -22
0.000228677 3.5 8 -22
0.000770242 3 8.5 -21.5
0.000118193 2.5 9 -21
0.000638951 3.5 8 -21
0.00119159 3 8.5 -20.5
0.00111891 3 8.5 -20
0.000810192 3 8.5 -19.5
2.85553e-05 2.5 9 -19
0.000202958 3.5 8 -19
3.995e-05 3.5 8 -18.5
2.51364e-05 3 8.5 -18
3.01475e-05 4 8 -19
0.000137103 3.5 8.5 -18.5
5.62273e-05 4 8 -19.5
0.000427367 3.5 8.5 -19
6.43212e-05 4 8 -20
5.70934e-05 4 8 -20.5
0.000864904 3 9 -20
4.63931e-05 4 8 -21
2.39543e-05 4 8 -21.5
0.000884349 3.5 8.5 -21
0.000215441 3.5 8.5 -22
2.93795e-05 3.5 8.5 -22.5
0.000159391 3 9 -22
0.000499612 3 9 -21.5
0.000548726 3.5 8.5 -21.5
0.000812255 3 9 -21
0.000910103 3 9 -20.5
0.00101653 3.5 8.5 -20.5
0.0009979 3.5 8.5 -20
0.000684868 3 9 -19.5
0.000779895 3.5 8.5 -19.5
0.000387206 3 9 -19
0.00013179 3 9 -18.5
3.3074e-05 3 9 -18
2.21438e-05 3.5 8.5 -18
5.31419e-05 4 8.5 -18.5
7.11963e-05 3.5 9 -18
0.000103846 3 9.5 -18.5
0.000157666 4 8.5 -19
0.000253963 4 8.5 -19.5
0.000271824 4 8.5 -20
0.000250775 4 8.5 -20.5
0.0012493 3.5 9 -20
0.000177851 4 8.5 -21
0.00115204 3.5 9 -20.5
8.566e-05 4 8.5 -21.5
2.50423e-05 4 8.5 -22
0.000477493 3.5 9 -21.5
3.21813e-05 3 9.5 -22
0.000145185 3.5 9 -22
0.000213697 3 9.5 -21.5
0.000435982 3 9.5 -21
0.000864193 3.5 9 -21
0.000524973 3 9.5 -20.5
0.000498406 3 9.5 -20
0.000427488 3 9.5 -19.5
0.00112165 3.5 9 -19.5
0.000254138 3 9.5 -19
0.00072744 3.5 9 -19
0.000311967 3.5 9 -18.5
2.89256e-05 3 9.5 -18
5.18149e-05 4 9 -18
2.19189e-05 3 10 -18
0.000551192 3.5 9.5 -18.5
6.30032e-05 3 10 -18.5
0.000133593 3 10 -19
0.000195301 3 10 -19.5
0.000594949 4 9 -20
0.000215529 3 10 -20
0.000524288 4 9 -20.5
0.000167991 4 9 -21.5
0.000743575 3.5 9.5 -21
0.000216904 3 10 -20.5
3.74123e-05 4 9 -22
6.19785e-05 3.5 9.5 -22
3.88944e-05 3 10 -21.5
0.000328986 3.5 9.5 -21.5
0.000158272 3 10 -21
0.000366823 4 9 -21
0.00108215 3.5 9.5 -20.5
0.00122676 3.5 9.5 -20
0.0011664 3.5 9.5 -19.5
0.000586861 4 9 -19.5
0.000954348 3.5 9.5 -19
0.000440544 4 9 -19
0.000209377 4 9 -18.5
0.000205394 3.5 9.5 -18
3.76623e-05 3.5 9.5 -17.5
3.46652e-05 4 9.5 -17.5
2.95568e-05 4.5 9 -18.5
4.36207e-05 4.5 9 -19
0.000479879 4 9.5 -18.5
0.000251257 3.5 10 -18
3.08334e-05 3 10.5 -18.5
4.00519e-05 4.5 9 -19.5
0.000785859 4 9.5 -19
2.64978e-05 4.5 9 -20
5.58705e-05 3 10.5 -19
0.00105085 3.5 10 -19.5
6.8729e-05 3 10.5 -19.5
0.00107182 3.5 10 -20
7.28059e-05 3 10.5 -20
5.70087e-05 3 10.5 -20.5
0.000452071 4 9.5 -21
2.73508e-05 4 9.5 -22
0.000156401 3.5 10 -21.5
0.000165509 4 9.5 -21.5
0.000495165 3.5 10 -21
0.000862327 3.5 10 -20.5
0.000763973 4 9.5 -20.5
0.000959766 4 9.5 -20
0.000929783 4 9.5 -19.5
0.000860948 3.5 10 -19
0.000538285 3.5 10 -18.5
0.000188118 4 9.5 -18
8.10085e-05 3.5 10 -17.5
7.66039e-05 3.5 10.5 -17.5
0.000215459 3.5 10.5 -18
0.000145049 4.5 9.5 -18.5
0.000426252 3.5 10.5 -18.5
0.000193946 4.5 9.5 -19
0.000199491 4.5 9.5 -19.5
0.000161169 4.5 9.5 -20
0.00118245 4 10 -19.5
0.000101352 4.5 9.5 -20.5
0.00103722 4 10 -20
5.05378e-05 4.5 9.5 -21
0.000756825 4 10 -20.5
0.000121661 4 10 -21.5
3.33931e-05 3.5 10.5 -21.5
0.00021396 3.5 10.5 -21
0.000402119 4 10 -21
0.000485911 3.5 10.5 -20.5
0.000686478 3.5 10.5 -20
0.000733125 3.5 10.5 -19.5
0.000615757 3.5 10.5 -19
0.00111513 4 10 -19
0.000817018 4 10 -18.5
0.000416971 4 10 -18
6.72239e-05 4.5 9.5 -18
0.000131982 4 10 -17.5
9.42055e-05 4 10.5 -17
0.00034756 4 10.5 -17.5
5.99431e-05 3.5 11 -17.5
0.000735583 4 10.5 -18
0.00107836 4 10.5 -18.5
0.000143711 3.5 11 -18
0.000497616 4.5 10 -19.5
0.00123259 4 10.5 -19
0.000376322 3.5 11 -19.5
0.000386296 4.5 10 -20
0.000311729 3.5 11 -20
0.000237243 4.5 10 -20.5
0.000105051 4.5 10 -21
2.01994e-05 4.5 10 -21.5
0.000267008 4 10.5 -21
0.000178281 3.5 11 -20.5
5.52212e-05 4 10.5 -21.5
4.09434e-05 3.5 11 -21
0.000652408 4 10.5 -20.5
0.000992468 4 10.5 -20
0.00118693 4 10.5 -19.5
0.000319632 3.5 11 -19
0.000238404 3.5 11 -18.5
0.000514086 4.5 10 -19
0.000427461 4.5 10 -18.5
0.000247981 4.5 10 -18
8.8549e-05 4.5 10 -17.5
9.0156e-05 4.5 10.5 -17
4.90569e-05 4 11 -16.5
0.000299046 4.5 10.5 -17.5
2.77433e-05 5 10 -18.5
3.85308e-05 3.5 11.5 -17.5
0.000578206 4.5 10.5 -18
7.53211e-05 3.5 11.5 -18
0.00079541 4.5 10.5 -18.5
0.000106289 3.5 11.5 -18.5
0.000870885 4.5 10.5 -19
0.000129741 3.5 11.5 -19
0.00106606 4 11 -19.5
0.000138375 3.5 11.5 -19.5
0.000792044 4 11 -20
8.6e-05 3.5 11.5 -20
0.000108251 4.5 10.5 -21
0.000122206 4 11 -21
0.000419108 4 11 -20.5
0.000326422 4.5 10.5 -20.5
0.000594137 4.5 10.5 -20
0.000791468 4.5 10.5 -19.5
0.00115967 4 11 -19
0.00105161 4 11 -18.5
0.00075514 4 11 -18
0.000437922 4 11 -17.5
2.64486e-05 5 10 -18
0.000188992 4 11 -17
6.18705e-05 4 11.5 -16.5
4.10538e-05 5 10.5 -17
7.69175e-05 4.5 11 -16.5
0.000185237 4 11.5 -17
9.10687e-05 5 10.5 -17.5
0.000396935 4 11.5 -17.5
0.000134937 5 10.5 -18
0.000652464 4 11.5 -18
0.000148521 5 10.5 -18.5
2.29403e-05 3.5 12 -18
0.000812258 4 11.5 -18.5
0.000131179 5 10.5 -19
9.97668e-05 5 10.5 -19.5
3.13445e-05 3.5 12 -19
5.29941e-05 5 10.5 -20
0.000904619 4.5 11 -19.5
0.00059327 4.5 11 -20
0.00029165 4.5 11 -20.5
2.31846e-05 4 11.5 -21
8.14837e-05 4.5 11 -21
0.00017114 4 11.5 -20.5
0.00045703 4 11.5 -20
0.000729439 4 11.5 -19.5
0.000862274 4 11.5 -19
3.264e-05 3.5 12 -18.5
0.00110884 4.5 11 -19
0.00105984 4.5 11 -18.5
0.000912698 4.5 11 -18
0.000601117 4.5 11 -17.5
0.000283734 4.5 11 -17
0.000253091 4.5 11.5 -16.5
5.88038e-05 5 11 -16.5
5.83276e-05 4 12 -16.5
0.00056543 4.5 11.5 -17
0.000145301 4 12 -17
0.000938769 4.5 11.5 -17.5
0.00116565 4.5 11.5 -18
0.000267284 4 12 -17.5
0.00122948 4.5 11.5 -18.5
0.000253884 5 11 -19.5
0.00110647 4.5 11.5 -19
0.000337514 4 12 -19.5
0.00013541 5 11 -20
0.000153849 4 12 -20
4.80272e-05 5 11 -20.5
3.69824e-05 4.5 11.5 -21
2.23664e-05 4 12 -20.5
0.000176726 4.5 11.5 -20.5
0.000480171 4.5 11.5 -20
0.000826163 4.5 11.5 -19.5
0.000463947 4 12 -19
0.00047358 4 12 -18.5
0.000377281 5 11 -19
0.000407772 4 12 -18
0.000444738 5 11 -18.5
0.000413665 5 11 -18
0.000315828 5 11 -17.5
0.000172624 5 11 -17
6.17868e-05 4.5 11.5 -16
6.59344e-05 5 11.5 -16
0.00046525 5 11.5 -17
0.000411448 4.5 12 -16.5
2.25384e-05 5.5 11 -17
4.43501e-05 4 12.5 -16.5
8.8825e-05 4 12.5 -17
0.000681547 5 11.5 -17.5
0.000141685 4 12.5 -17.5
0.000771205 5 11.5 -18
0.000186054 4 12.5 -18
0.000759503 5 11.5 -18.5
0.000201239 4 12.5 -18.5
0.000635369 5 11.5 -19
0.000160258 4 12.5 -19
0.000617285 4.5 12 -19.5
0.000284327 4.5 12 -20
7.81733e-05 4 12.5 -19.5
7.38e-05 4.5 12 -20.5
6.1809e-05 5 11.5 -20.5
0.000199647 5 11.5 -20
0.00040933 5 11.5 -19.5
0.000959995 4.5 12 -19
0.0011538 4.5 12 -18.5
0.00114475 4.5 12 -18
0.00101073 4.5 12 -17.5
0.000737922 4.5 12 -17
2.12047e-05 5.5 11 -17.5
0.000229639 5 11.5 -16.5
0.000172693 4.5 12 -16
3.12967e-05 4.5 12 -15.5
6.37669e-05 4.5 12.5 -15.5
3.80875e-05 5.5 11.5 -16
0.000398109 4.5 12.5 -16.5
0.000113801 5.5 11.5 -17
0.000525123 5 12 -16.5
2.6679e-05 4 13 -16.5
0.000654204 4.5 12.5 -17
0.000123567 5.5 11.5 -17.5
4.4097e-05 4 13 -17
0.000107578 5.5 11.5 -18
0.000962585 4.5 12.5 -18
5.87636e-05 4 13 -17.5
8.52217e-05 5.5 11.5 -18.5
6.40901e-05 4 13 -18
4.59621e-05 5.5 11.5 -19
0.000889022 4.5 12.5 -18.5
0.000400815 5 12 -19.5
0.000172251 5 12 -20
4.49535e-05 5 12 -20.5
0.000101093 4.5 12.5 -20
0.000329483 4.5 12.5 -19.5
0.000636956 4.5 12.5 -19
4.85346e-05 4 13 -18.5
0.000690757 5 12 -19
0.000955618 5 12 -18.5
0.00108092 5 12 -18
0.00085674 4.5 12.5 -17.5
0.000972374 5 12 -17.5
0.000777953 5 12 -17
0.00018903 4.5 12.5 -16
8.0651e-05 5.5 11.5 -16.5
0.000256523 5 12 -16
7.05358e-05 5 12 -15.5
2.06858e-05 4.5 13 -15
0.000251281 5 12.5 -15.5
6.10324e-05 5.5 12 -15.5
6.48826e-05 4.5 13 -15.5
0.000161204 4.5 13 -16
0.000858919 5 12.5 -16.5
0.0002832 5.5 12 -16.5
0.000307484 4.5 13 -16.5
0.00110316 5 12.5 -17
0.000462541 4.5 13 -17
0.0011004 5 12.5 -18
0.000554688 4.5 13 -17.5
0.000138421 5.5 12 -19
0.000890008 5 12.5 -18.5
5.96123e-05 5.5 12 -19.5
0.000594803 5 12.5 -19
9.12194e-05 4.5 13 -19.5
9.50185e-05 5 12.5 -20
0.000301352 5 12.5 -19.5
0.000264695 4.5 13 -19
0.000464866 4.5 13 -18.5
0.000590058 4.5 13 -18
0.000247091 5.5 12 -18.5
0.000354716 5.5 12 -18
0.00119733 5 12.5 -17.5
0.000392796 5.5 12 -17.5
0.00036243 5.5 12 -17
0.000532979 5 12.5 -16
0.00016338 5.5 12 -16
6.64049e-05 5 12.5 -15
4.59774e-05 5 13 -14.5
2.03481e-05 6 12 -15.5
2.14158e-05 4.5 13.5 -15
0.000436867 5 13 -15.5
2.57118e-05 6 12 -16
0.000236205 5.5 12.5 -15.5
5.44426e-05 4.5 13.5 -15.5
0.00075836 5 13 -16
2.11151e-05 6 12 -16.5
0.000108704 4.5 13.5 -16
0.000175978 4.5 13.5 -16.5
0.00111048 5 13 -17
0.000709135 5.5 12.5 -17
0.00023318 4.5 13.5 -17
0.000258258 4.5 13.5 -17.5
0.000614506 5.5 12.5 -18
0.000233273 4.5 13.5 -18
0.000436595 5.5 12.5 -18.5
0.00013966 4.5 13.5 -18.5
0.000235838 5.5 12.5 -19
4.27155e-05 4.5 13.5 -19
0.000152508 5 13 -19.5
2.76584e-05 5 13 -20
2.13762e-05 5.5 12.5 -20
9.7582e-05 5.5 12.5 -19.5
0.000401997 5 13 -19
0.000710956 5 13 -18.5
0.00100331 5 13 -18
0.00115877 5 13 -17.5
0.000715105 5.5 12.5 -17.5
0.00100707 5 13 -16.5
0.000635176 5.5 12.5 -16.5
0.00044811 5.5 12.5 -16
0.000196402 5 13 -15
8.44371e-05 5.5 12.5 -15
0.000110799 5.5 13 -14.5
8.67453e-05 5 13.5 -14.5
0.00022323 5 13.5 -15
0.000538578 5.5 13 -15.5
9.30309e-05 6 12.5 -15.5
3.52644e-05 4.5 14 -15.5
0.000686811 5 13.5 -16
0.000121142 6 12.5 -16.5
0.000756453 5.5 13 -16
5.80358e-05 4.5 14 -16
0.000887475 5 13.5 -16.5
9.92091e-05 6 12.5 -17
7.74083e-05 4.5 14 -16.5
7.59755e-05 6 12.5 -17.5
8.70033e-05 4.5 14 -17
3.89728e-05 6 12.5 -18
0.000943415 5.5 13 -17.5
0.00100628 5 13.5 -17
7.53708e-05 4.5 14 -17.5
0.000709355 5 13.5 -18
2.99036e-05 4.5 14 -18
0.000422337 5 13.5 -18.5
0.00017542 5 13.5 -19
4.05793e-05 5 13.5 -19.5
8.11507e-05 5.5 13 -19.5
0.00022652 5.5 13 -19
0.000442086 5.5 13 -18.5
0.000715746 5.5 13 -18
0.000938037 5 13.5 -17.5
0.00103785 5.5 13 -17
0.000944865 5.5 13 -16.5
0.000430882 5 13.5 -15.5
0.000118816 6 12.5 -16
0.000299298 5.5 13 -15
4.92853e-05 6 12.5 -15
2.0784e-05 5.5 13.5 -13.5
0.000125829 5.5 13.5 -14
3.32895e-05 5 14 -14
0.000329632 5.5 13.5 -14.5
9.55141e-05 6 13 -14.5
8.6539e-05 5 14 -14.5
0.00059777 5.5 13.5 -15
0.000194259 5 14 -15
0.000349724 5 14 -15.5
0.00109175 5.5 13.5 -16
0.000363178 6 13 -16
0.00050202 5 14 -16
0.00117674 5.5 13.5 -16.5
0.00060503 5 14 -16.5
0.00065318 5 14 -17
0.00023 6 13 -17.5
0.00105925 5.5 13.5 -17
0.000510204 5 14 -17.5
0.000633611 5.5 13.5 -18
0.000132268 6 13 -18
0.000361815 5.5 13.5 -18.5
0.000151964 5.5 13.5 -19
4.12633e-05 5.5 13.5 -19.5
2.33887e-05 5 14 -19
0.000136362 5 14 -18.5
0.000316443 5 14 -18
6.03264e-05 6 13 -18.5
0.000895685 5.5 13.5 -17.5
0.000338336 6 13 -17
0.000382473 6 13 -16.5
0.000883668 5.5 13.5 -15.5
0.000305199 6 13 -15.5
0.000200957 6 13 -15
3.14109e-05 6 13 -14
2.10171e-05 5.5 14 -13
4.94238e-05 6 13.5 -13.5
0.000107863 5.5 14 -13.5
0.000276595 5.5 14 -14
3.01338e-05 6.5 13 -14.5
0.000150442 6 13.5 -14
3.23606e-05 5 14.5 -14
0.000514202 5.5 14 -14.5
3.46429e-05 6.5 13 -15
7.14128e-05 5 14.5 -14.5
0.000810461 5.5 14 -15
2.68663e-05 6.5 13 -15.5
0.000505581 6 13.5 -15
0.000131783 5 14.5 -15
0.00101329 5.5 14 -15.5
0.000201782 5 14.5 -15.5
0.0010982 5.5 14 -16
0.000710006 6 13.5 -16
0.000260203 5 14.5 -16
0.00113834 5.5 14 -16.5
0.000296242 5 14.5 -16.5
0.000983218 5.5 14 -17
0.000591681 6 13.5 -17
0.000265814 5 14.5 -17
0.000724198 5.5 14 -17.5
0.000159473 5 14.5 -17.5
5.52489e-05 5 14.5 -18
0.000111746 6 13.5 -18.5
3.90431e-05 6 13.5 -19
6.20395e-05 5.5 14 -19
0.000206355 5.5 14 -18.5
0.000442794 5.5 14 -18
0.000236555 6 13.5 -18
0.000413041 6 13.5 -17.5
0.000695265 6 13.5 -16.5
0.000655272 6 13.5 -15.5
0.000313209 6 13.5 -14.5
8.06201e-05 6 14 -13
5.38229e-05 5.5 14.5 -13
0.000218393 6 14 -13.5
0.000136301 5.5 14.5 -13.5
0.000418222 6 14 -14
8.68268e-05 6.5 13.5 -14
0.000285477 5.5 14.5 -14
0.000641885 6 14 -14.5
2.5112e-05 5 15 -14
0.000495863 5.5 14.5 -14.5
0.000818235 6 14 -15
0.00014654 6.5 13.5 -15
4.54639e-05 5 15 -14.5
6.91891e-05 5 15 -15
0.000906752 5.5 14.5 -15.5
0.000104578 6.5 13.5 -16
0.000951572 6 14 -15.5
8.82665e-05 5 15 -15.5
7.01728e-05 6.5 13.5 -16.5
9.86144e-05 5 15 -16
0.0009066 5.5 14.5 -16.5
3.19251e-05 6.5 13.5 -17
0.000901312 6 14 -16.5
8.49718e-05 5 15 -16.5
0.000698244 5.5 14.5 -17
0.000432632 6 14 -17.5
3.22212e-05 5 15 -17
0.00043404 5.5 14.5 -17.5
0.00020181 5.5 14.5 -18
5.8739e-05 5.5 14.5 -18.5
2.96539e-05 6 14 -19
0.000100994 6 14 -18.5
0.000235098 6 14 -18
0.000678494 6 14 -17
0.0010011 5.5 14.5 -16
0.00101381 6 14 -16
0.000728841 5.5 14.5 -15
0.000135173 6.5 13.5 -15.5
0.000128441 6.5 13.5 -14.5
4.24199e-05 6.5 13.5 -13.5
2.2177e-05 6 14.5 -12
0.000108978 6 14.5 -12.5
3.40014e-05 6.5 14 -12.5
2.31729e-05 5.5 15 -12.5
0.000181531 6.5 14 -13.5
0.000287434 6 14.5 -13
5.74244e-05 5.5 15 -13
0.000509052 6 14.5 -13.5
0.000128096 5.5 15 -13.5
0.000245898 5.5 15 -14
0.000978557 6 14.5 -14.5
0.000372959 6.5 14 -14.5
0.000391847 5.5 15 -14.5
0.000531889 5.5 15 -15
0.00112665 6 14.5 -15.5
0.000392156 6.5 14 -15.5
0.000611928 5.5 15 -15.5
0.000633368 5.5 15 -16
0.000842809 6 14.5 -16.5
0.000210854 6.5 14 -16.5
0.000302961 5.5 15 -17
5.42293e-05 6.5 14 -17.5
0.0006014 6 14.5 -17
0.000137981 5.5 15 -17.5
2.90822e-05 5.5 15 -18
0.00016811 6 14.5 -18
5.3716e-05 6 14.5 -18.5
0.00035871 6 14.5 -17.5
0.000479332 5.5 15 -16.5
0.000116304 6.5 14 -17
0.0010042 6 14.5 -16
0.000327074 6.5 14 -16
0.0010907 6 14.5 -15
0.00041198 6.5 14 -15
0.000751711 6 14.5 -14
0.000285492 6.5 14 -14
8.84942e-05 6.5 14 -13
2.45342e-05 6.5 14.5 -11.5
2.46948e-05 6 15 -11.5
7.46983e-05 6.5 14.5 -12
9.75307e-05 6 15 -12
0.000167398 6.5 14.5 -12.5
2.5643e-05 7 14 -12.5
0.000227098 6 15 -12.5
2.35877e-05 5.5 15.5 -12.5
0.000404774 6 15 -13
0.000469605 6.5 14.5 -13.5
4.9704e-05 7 14 -13.5
5.08542e-05 5.5 15.5 -13
0.000620176 6 15 -13.5
9.58592e-05 5.5 15.5 -13.5
0.000857062 6 15 -14
0.0007133 6.5 14.5 -14.5
3.54223e-05 7 14 -14.5
0.000155946 5.5 15.5 -14
0.00101334 6 15 -14.5
0.000216756 5.5 15.5 -14.5
0.00108112 6 15 -15
0.000265163 5.5 15.5 -15
0.00105257 6 15 -15.5
0.000678632 6.5 14.5 -15.5
0.000289749 5.5 15.5 -15.5
0.000894778 6 15 -16
0.000233025 5.5 15.5 -16
0.00013357 5.5 15.5 -16.5
0.000412281 6 15 -17
0.000213987 6.5 14.5 -17
4.47767e-05 5.5 15.5 -17
0.000203881 6 15 -17.5
6.6677e-05 6 15 -18
4.12955e-05 6.5 14.5 -18
0.000106229 6.5 14.5 -17.5
0.00065644 6 15 -16.5
0.000373157 6.5 14.5 -16.5
0.000556751 6.5 14.5 -16
0.00074425 6.5 14.5 -15
0.00062222 6.5 14.5 -14
4.89145e-05 7 14 -14
0.000297244 6.5 14.5 -13
4.1614e-05 7 14 -13
4.39174e-05 6.5 15 -11
3.4069e-05 7 14.5 -11.5
0.000123933 6.5 15 -11.5
4.93439e-05 6 15.5 -11.5
0.000256883 6.5 15 -12
0.000110603 6 15.5 -12
0.000428513 6.5 15 -12.5
0.000116055 7 14.5 -12.5
0.0002225 6 15.5 -12.5
0.000625724 6.5 15 -13
0.000381528 6 15.5 -13
0.000806812 6.5 15 -13.5
0.00018767 7 14.5 -13.5
3.44112e-05 5.5 16 -13
0.000570906 6 15.5 -13.5
0.000919385 6.5 15 -14
5.41195e-05 5.5 16 -13.5
0.000756566 6 15.5 -14
0.0009915 6.5 15 -14.5
0.000161753 7 14.5 -14.5
7.49599e-05 5.5 16 -14
0.000888167 6 15.5 -14.5
8.79498e-05 5.5 16 -14.5
0.000934806 6 15.5 -15
6.99422e-05 7 14.5 -15.5
0.000955684 6.5 15 -15
8.58732e-05 5.5 16 -15
0.000790034 6 15.5 -15.5
5.95401e-05 5.5 16 -15.5
0.000595606 6 15.5 -16
0.000592426 6.5 15 -16
0.000370072 6 15.5 -16.5
5.30801e-05 6 15.5 -17.5
9.68716e-05 6.5 15 -17.5
3.08951e-05 6.5 15 -18
0.000176858 6 15.5 -17
0.00021389 6.5 15 -17
0.000382703 6.5 15 -16.5
0.000810268 6.5 15 -15.5
0.00011758 7 14.5 -15
0.000189792 7 14.5 -14
0.000164139 7 14.5 -13
6.70762e-05 7 14.5 -12
2.06228e-05 6.5 15.5 -10
3.87285e-05 7 15 -10.5
6.25758e-05 6.5 15.5 -10.5
0.000153884 6.5 15.5 -11
8.20846e-05 7 15 -11
2.35166e-05 6 16 -11
0.00031601 6.5 15.5 -11.5
2.36968e-05 7.5 14.5 -12
4.98243e-05 6 16 -11.5
0.000536503 6.5 15.5 -12
2.12697e-05 7.5 14.5 -12.5
0.00024495 7 15 -12
0.000100141 6 16 -12
0.00073033 6.5 15.5 -12.5
0.000180696 6 16 -12.5
0.000905148 6.5 15.5 -13
0.000432122 7 15 -13
0.000295666 6 16 -13
0.00103244 6.5 15.5 -13.5
0.000417766 6 16 -13.5
0.00108518 6.5 15.5 -14
0.000471328 7 15 -14
0.000513578 6 16 -14
0.00101654 6.5 15.5 -14.5
0.000563282 6 16 -14.5
0.000908178 6.5 15.5 -15
0.000303595 7 15 -15
0.000513663 6 16 -15
0.000724711 6.5 15.5 -15.5
0.000374068 6 16 -15.5
0.000509725 6.5 15.5 -16
9.98282e-05 7 15 -16
0.000225522 6 16 -16
9.60116e-05 6 16 -16.5
0.00030664 6.5 15.5 -16.5
5.0618e-05 6.5 15.5 -17.5
0.000148298 6.5 15.5 -17
4.66853e-05 7 15 -16.5
0.000191997 7 15 -15.5
0.000412099 7 15 -14.5
0.000470244 7 15 -13.5
0.000349168 7 15 -12.5
0.000149754 7 15 -11.5
4.14646e-05 7 15.5 -9.5
9.46388e-05 7 15.5 -10
4.52487e-05 6.5 16 -10
0.00017161 7 15.5 -10.5
0.000101528 6.5 16 -10.5
0.000279285 7 15.5 -11
5.97079e-05 7.5 15 -11
0.000212794 6.5 16 -11
0.000403602 7 15.5 -11.5
2.12743e-05 6 16.5 -11
0.000363738 6.5 16 -11.5
0.000526555 7 15.5 -12
0.000100336 7.5 15 -12
4.12095e-05 6 16.5 -11.5
0.000539152 6.5 16 -12
7.16123e-05 6 16.5 -12
0.000728862 6.5 16 -12.5
6.98234e-05 7.5 15 -13
0.000666538 7 15.5 -12.5
0.000114874 6 16.5 -12.5
0.000901402 6.5 16 -13
4.60582e-05 7.5 15 -13.5
0.000163812 6 16.5 -13
0.000991503 6.5 16 -13.5
0.000809156 7 15.5 -13.5
0.000205177 6 16.5 -13.5
0.00101684 6.5 16 -14
0.000647215 7 15.5 -14.5
0.000230457 6 16.5 -14
0.000908902 6.5 16 -14.5
0.000212422 6 16.5 -14.5
0.000731938 6.5 16 -15
0.000144896 6 16.5 -15
0.000522864 6.5 16 -15.5
0.000313787 7 15.5 -15.5
6.62976e-05 6 16.5 -15.5
0.000322018 6.5 16 -16
0.000161526 6.5 16 -16.5
9.04713e-05 7 15.5 -16.5
5.80501e-05 6.5 16 -17
3.80751e-05 7 15.5 -17
0.000180214 7 15.5 -16
0.000480352 7 15.5 -15
0.000759012 7 15.5 -14
0.000767476 7 15.5 -13
9.02981e-05 7.5 15 -12.5
8.71782e-05 7.5 15 -11.5
2.91077e-05 7 16 -8.5
2.36321e-05 7.5 15.5 -8.5
7.45304e-05 7 16 -9
4.06093e-05 7.5 15.5 -9
0.000159708 7 16 -9.5
6.63984e-05 7.5 15.5 -9.5
2.47448e-05 6.5 16.5 -9.5
0.00028412 7 16 -10
0.000159382 7.5 15.5 -10.5
4.93562e-05 6.5 16.5 -10
0.000415319 7 16 -10.5
0.00010142 6.5 16.5 -10.5
0.0005517 7 16 -11
0.000196078 6.5 16.5 -11
0.000715999 7 16 -11.5
0.000272699 7.5 15.5 -11.5
0.000327135 6.5 16.5 -11.5
0.000882089 7 16 -12
0.000474138 6.5 16.5 -12
0.000960491 7 16 -12.5
0.000288501 7.5 15.5 -12.5
3.89469e-05 6 17 -12
0.000619978 6.5 16.5 -12.5
0.000968833 7 16 -13
5.28294e-05 6 17 -12.5
0.000737012 6.5 16.5 -13
0.000942137 7 16 -13.5
0.000196605 7.5 15.5 -13.5
6.14655e-05 6 17 -13
0.000786201 6.5 16.5 -13.5
5.85515e-05 6 17 -13.5
0.000743937 6.5 16.5 -14
6.42441e-05 7.5 15.5 -14.5
0.000841458 7 16 -14
4.09874e-05 6 17 -14
0.000419748 6.5 16.5 -15
0.000477979 7 16 -15
0.00011163 6.5 16.5 -16
0.00017235 7 16 -16
2.81942e-05 7 16 -17
2.41173e-05 6.5 16.5 -16.5
7.95249e-05 7 16 -16.5
0.000247677 6.5 16.5 -15.5
0.000307168 7 16 -15.5
0.00059983 6.5 16.5 -14.5
0.000660736 7 16 -14.5
0.000121551 7.5 15.5 -14
0.000254269 7.5 15.5 -13
0.000296438 7.5 15.5 -12
0.000222526 7.5 15.5 -11
2.25115e-05 7.5 16 -7
3.86045e-05 7.5 16 -7.5
6.74713e-05 7.5 16 -8
2.96736e-05 7 16.5 -8
0.000112457 7.5 16 -8.5
2.51094e-05 8 15.5 -8.5
6.08237e-05 7 16.5 -8.5
0.00017161 7.5 16 -9
0.00012336 7 16.5 -9
0.00024549 7.5 16 -9.5
0.000223515 7 16.5 -9.5
0.000323015 7.5 16 -10
2.35614e-05 6.5 17 -9.5
0.000348157 7 16.5 -10
0.000411015 7.5 16 -10.5
5.86515e-05 8 15.5 -10.5
4.55889e-05 6.5 17 -10
0.000515086 7 16.5 -10.5
0.000502742 7.5 16 -11
8.44279e-05 6.5 17 -10.5
0.000709643 7 16.5 -11
0.000576535 7.5 16 -11.5
4.15375e-05 8 15.5 -11.5
0.000141299 6.5 17 -11
0.00086558 7 16.5 -11.5
0.000215743 6.5 17 -11.5
0.000945447 7 16.5 -12
0.000603187 7.5 16 -12
0.000304725 6.5 17 -12
0.000980517 7 16.5 -12.5
0.000376181 6.5 17 -12.5
0.000964449 7 16.5 -13
0.000503629 7.5 16 -13
0.000414245 6.5 17 -13
0.000399039 6.5 17 -13.5
0.000728274 7 16.5 -14
0.00026067 7.5 16 -14
0.000321495 6.5 17 -14
0.000372263 7 16.5 -15
0.00021548 6.5 17 -14.5
8.23803e-05 7.5 16 -15
0.000107193 6.5 17 -15
0.000102081 7 16.5 -16
2.45068e-05 6.5 17 -15.5
2.62376e-05 10 14 4
3.03746e-05 10 14 3.5
3.82508e-05 7 16.5 -16.5
0.000215484 7 16.5 -15.5
3.93119e-05 7.5 16 -15.5
0.000554273 7 16.5 -14.5
0.000162217 7.5 16 -14.5
0.000880743 7 16.5 -13.5
0.000391147 7.5 16 -13.5
2.00204e-05 8 16 -5
0.000573949 7.5 16 -12.5
2.47768e-05 8 16 -5.5
3.15431e-05 8 16 -6
4.10787e-05 8 16 -6.5
3.69444e-05 7.5 16.5 -6.5
7.04409e-05 7.5 16.5 -7
5.26761e-05 8 16 -7
0.00012292 7.5 16.5 -7.5
6.74319e-05 8 16 -7.5
8.77671e-05 8 16 -8
0.000202284 7.5 16.5 -8
0.000113961 8 16 -8.5
3.34296e-05 7 17 -8
0.00029374 7.5 16.5 -8.5
0.000150374 8 16 -9
6.36343e-05 7 17 -8.5
0.000387926 7.5 16.5 -9
0.000118312 7 17 -9
0.000498652 7.5 16.5 -9.5
0.000206529 7 17 -9.5
0.0006184 7.5 16.5 -10
0.000201512 8 16 -10
0.000326873 7 17 -10
0.000720624 7.5 16.5 -10.5
3.18171e-05 6.5 17.5 -10
0.000480483 7 17 -10.5
0.000784356 7.5 16.5 -11
0.000194215 8 16 -11
5.14946e-05 6.5 17.5 -10.5
0.000650716 7 17 -11
7.7339e-05 6.5 17.5 -11
0.000795773 7 17 -11.5
0.000109682 8 16 -12
0.000105045 6.5 17.5 -11.5
0.000863434 7 17 -12
6.26968e-05 8 16 -12.5
0.00086183 7.5 16.5 -12
0.000127419 6.5 17.5 -12
0.000883842 7 17 -12.5
0.000138271 6.5 17.5 -12.5
0.000813046 7 17 -13
0.000682353 7.5 16.5 -13
0.000125376 6.5 17.5 -13
8.44242e-05 6.5 17.5 -13.5
0.000506041 7 17 -14
0.000381064 7.5 16.5 -14
3.75289e-05 6.5 17.5 -14
0.000192559 7 17 -15
0.000136887 7.5 16.5 -15
2.95453e-05 10.5 14 5
5.39844e-05 10.5 14 4.5
5.4655e-05 10.5 14 4
3.62781e-05 10.5 14 3.5
3.73473e-05 10 14.5 4
5.81746e-05 10 14.5 3.5
6.37691e-05 10 14.5 3
3.25904e-05 9.5 15 2.5
5.13631e-05 10 14.5 2.5
2.94367e-05 10 14.5 2
4.38748e-05 9.5 15 2
8.47383e-05 7 17 -15.5
4.79342e-05 9.5 15 1.5
4.41917e-05 9.5 15 1
2.65569e-05 9.5 15 0.5
2.52193e-05 9 15.5 0.5
6.62267e-05 7.5 16.5 -15.5
0.000339308 7 17 -14.5
3.21407e-05 9 15.5 0
3.4048e-05 9 15.5 -0.5
3.28934e-05 9 15.5 -1
2.50315e-05 9 15.5 -1.5
0.000240346 7.5 16.5 -14.5
0.000675034 7 17 -13.5
2.52159e-05 8.5 16 -2
3.08903e-05 8.5 16 -2.5
0.000535596 7.5 16.5 -13.5
3.34833e-05 8.5 16 -3
3.40681e-05 8.5 16 -3.5
0.000800522 7.5 16.5 -12.5
3.35321e-05 8.5 16 -4
2.49631e-05 8 16.5 -4
3.27725e-05 8.5 16 -4.5
0.000830404 7.5 16.5 -11.5
3.77092e-05 8 16.5 -4.5
3.28428e-05 8.5 16 -5
5.31197e-05 8 16.5 -5
3.42291e-05 8.5 16 -5.5
0.000157651 8 16 -11.5
7.5259e-05 8 16.5 -5.5
3.63121e-05 8.5 16 -6
0.000107939 8 16.5 -6
4.04691e-05 8.5 16 -6.5
2.58557e-05 7.5 17 -6
0.000147351 8 16.5 -6.5
4.57345e-05 8.5 16 -7
4.68105e-05 7.5 17 -6.5
0.000187561 8 16.5 -7
0.000211673 8 16 -10.5
8.66595e-05 7.5 17 -7
0.000234115 8 16.5 -7.5
4.96623e-05 8.5 16 -7.5
0.000154699 7.5 17 -7.5
0.000280342 8 16.5 -8
5.17493e-05 8.5 16 -8
0.000253126 7.5 17 -8
3.08562e-05 7 17.5 -8
0.000381478 7.5 17 -8.5
4.98631e-05 8.5 16 -9
0.000382014 8 16.5 -9
0.000324287 8 16.5 -8.5
5.52948e-05 7 17.5 -8.5
0.000535709 7.5 17 -9
0.000438887 8 16.5 -9.5
4.05794e-05 8.5 16 -9.5
9.50175e-05 7 17.5 -9
0.000697568 7.5 17 -9.5
0.000468429 8 16.5 -10
2.62802e-05 8.5 16 -10
0.000157572 7 17.5 -9.5
0.000811704 7.5 17 -10
0.000251162 7 17.5 -10
0.000899519 7.5 17 -10.5
0.000358586 7 17.5 -10.5
0.000935747 7.5 17 -11
0.000445894 8 16.5 -11
0.000463219 7 17.5 -11
0.00091096 7.5 17 -11.5
0.000544147 7 17.5 -11.5
0.000858334 7.5 17 -12
0.000303631 8 16.5 -12
0.000571892 7 17.5 -12
0.000789498 7.5 17 -12.5
0.000536071 7 17.5 -12.5
0.000662412 7.5 17 -13
0.000112727 8 16.5 -13
0.000456525 7 17.5 -13
0.000334026 7 17.5 -13.5
0.000206883 7 17.5 -14
0.0003496 7.5 17 -14
0.000102348 7 17.5 -14.5
3.02274e-05 7 17.5 -15
0.000114196 7.5 17 -15
2.34102e-05 11 14 5.5
4.20015e-05 11 14 5
4.34058e-05 10.5 14.5 5
4.77627e-05 11 14 4.5
8.05083e-05 10.5 14.5 4.5
3.36179e-05 11 14 4
9.59225e-05 10.5 14.5 4
9.21518e-05 10.5 14.5 3.5
3.69932e-05 10 15 4
6.94609e-05 10 15 3.5
6.44032e-05 10.5 14.5 3
3.49565e-05 10.5 14.5 2.5
9.29697e-05 10 15 3
0.000106338 10 15 2.5
3.00798e-05 9.5 15.5 2.5
9.41969e-05 10 15 2
5.08331e-05 9.5 15.5 2
4.74918e-05 7.5 17 -15.5
6.64491e-05 10 15 1.5
3.97671e-05 10 15 1
7.08664e-05 9.5 15.5 1.5
8.75766e-05 9.5 15.5 1
2.70039e-05 9 16 0.5
9.11797e-05 9.5 15.5 0.5
0.000214749 7.5 17 -14.5
7.24679e-05 9.5 15.5 0
4.08721e-05 9 16 0
5.23427e-05 9.5 15.5 -0.5
5.78762e-05 9 16 -0.5
3.36001e-05 9.5 15.5 -1
7.12177e-05 9 16 -1
0.000506275 7.5 17 -13.5
7.56779e-05 9 16 -1.5
7.39354e-05 9 16 -2
3.27972e-05 8.5 16.5 -2
6.0945e-05 9 16 -2.5
4.76825e-05 8.5 16.5 -2.5
4.89153e-05 9 16 -3
5.39156e-05 8 16.5 -13.5
6.60083e-05 8.5 16.5 -3
8.70826e-05 8.5 16.5 -3.5
3.83762e-05 9 16 -3.5
3.21779e-05 9 16 -4
0.000200806 8 16.5 -12.5
0.000109283 8.5 16.5 -4
2.56438e-05 8 17 -4
0.000123118 8.5 16.5 -4.5
2.8917e-05 9 16 -4.5
4.43157e-05 8 17 -4.5
0.000128912 8.5 16.5 -5
2.64811e-05 9 16 -5
7.69309e-05 8 17 -5
0.000137593 8.5 16.5 -5.5
2.46312e-05 9 16 -5.5
0.000388353 8 16.5 -11.5
0.000129775 8 17 -5.5
2.25788e-05 9 16 -6
0.000147094 8.5 16.5 -6
0.000477087 8 16.5 -10.5
0.000201489 8 17 -6
0.000158401 8.5 16.5 -6.5
2.55556e-05 7.5 17.5 -6
0.000290196 8 17 -6.5
0.000176926 8.5 16.5 -7
4.56932e-05 7.5 17.5 -6.5
0.000386603 8 17 -7
8.18811e-05 7.5 17.5 -7
0.00045481 8 17 -7.5
0.000192567 8.5 16.5 -7.5
0.000142478 7.5 17.5 -7.5
0.000528184 8 17 -8
0.00023669 7.5 17.5 -8
0.000600029 8 17 -8.5
0.000359182 7.5 17.5 -8.5
0.000657917 8 17 -9
3.72277e-05 7 18 -8.5
0.000503386 7.5 17.5 -9
6.01276e-05 7 18 -9
0.00065126 7.5 17.5 -9.5
0.000112668 8.5 16.5 -10
9.35585e-05 7 18 -9.5
0.000780566 7.5 17.5 -10
6.99655e-05 8.5 16.5 -10.5
0.000749335 8 17 -10
0.000134758 7 18 -10
0.000853959 7.5 17.5 -10.5
0.000704807 8 17 -11
3.61243e-05 8.5 16.5 -11
0.000177603 7 18 -10.5
0.000877044 7.5 17.5 -11
0.000215344 7 18 -11
0.000843189 7.5 17.5 -11.5
0.000234166 7 18 -11.5
0.000775184 7.5 17.5 -12
0.000495508 8 17 -12
0.000217268 7 18 -12
0.000664183 7.5 17.5 -12.5
0.000170957 7 18 -12.5
0.000514455 7.5 17.5 -13
0.000223438 8 17 -13
0.000107646 7 18 -13
0.000358825 7.5 17.5 -13.5
4.7856e-05 7 18 -13.5
0.000221032 7.5 17.5 -14
6.72456e-05 8 17 -14
0.000118192 7.5 17.5 -14.5
2.96719e-05 11 14.5 5.5
7.67435e-05 11 14.5 5
3.38188e-05 10.5 15 5
8.8535e-05 11 14.5 4.5
8.62393e-05 10.5 15 4.5
8.18686e-05 11 14.5 4
4.94408e-05 11 14.5 3.5
0.000121592 10.5 15 4
0.000136543 10.5 15 3.5
5.98096e-05 10 15.5 3.5
0.000131185 10.5 15 3
0.000100521 10 15.5 3
5.05241e-05 7.5 17.5 -15
0.000101411 10.5 15 2.5
0.000132573 10 15.5 2.5
6.89137e-05 10.5 15 2
0.000150745 10 15.5 2
4.42449e-05 9.5 16 2
3.44078e-05 10.5 15 1.5
0.000145961 10 15.5 1.5
7.43865e-05 9.5 16 1.5
0.000118064 10 15.5 1
0.000105325 9.5 16 1
8.62462e-05 10 15.5 0.5
0.000132354 9.5 16 0.5
2.71946e-05 8 17 -14.5
5.79639e-05 10 15.5 0
0.000143441 9.5 16 0
4.06109e-05 9 16.5 0
3.17889e-05 10 15.5 -0.5
0.00013025 9.5 16 -0.5
6.42809e-05 9 16.5 -0.5
0.000108932 9.5 16 -1
9.48295e-05 9 16.5 -1
8.67811e-05 9.5 16 -1.5
0.000135955 8 17 -13.5
0.000123731 9 16.5 -1.5
6.67877e-05 9.5 16 -2
0.000144785 9 16.5 -2
4.95565e-05 9.5 16 -2.5
3.01495e-05 8.5 17 -2
0.000151392 9 16.5 -2.5
0.000349232 8 17 -12.5
5.06889e-05 8.5 17 -2.5
0.000148565 9 16.5 -3
3.45745e-05 9.5 16 -3
8.42836e-05 8.5 17 -3
0.000140354 9 16.5 -3.5
2.2447e-05 9.5 16 -3.5
0.00013055 8.5 17 -3.5
0.00012959 9 16.5 -4
0.000613554 8 17 -11.5
0.000180775 8.5 17 -4
2.4179e-05 8 17.5 -4
0.000228207 8.5 17 -4.5
0.000119862 9 16.5 -4.5
0.000115333 9 16.5 -5
0.000764684 8 17 -10.5
4.25347e-05 8 17.5 -4.5
0.000277532 8.5 17 -5
0.000697975 8 17 -9.5
7.39622e-05 8 17.5 -5
0.000313969 8.5 17 -5.5
0.000108463 9 16.5 -5.5
0.000124337 8 17.5 -5.5
0.000350397 8.5 17 -6
9.89809e-05 9 16.5 -6
0.000200181 8 17.5 -6
0.000380524 8.5 17 -6.5
8.66838e-05 9 16.5 -6.5
0.000293843 8 17.5 -6.5
3.80039e-05 7.5 18 -6.5
0.00041288 8 17.5 -7
5.53281e-05 9 16.5 -7.5
0.000401919 8.5 17 -7
6.45695e-05 7.5 18 -7
0.000558411 8 17.5 -7.5
3.91165e-05 9 16.5 -8
0.00010855 7.5 18 -7.5
0.000690123 8 17.5 -8
2.1378e-05 9 16.5 -8.5
0.000176999 7.5 18 -8
0.000772023 8 17.5 -8.5
0.00027219 7.5 18 -8.5
0.000832949 8 17.5 -9
0.00041854 8.5 17 -9
0.000376979 7.5 18 -9
0.000856845 8 17.5 -9.5
0.000484677 7.5 18 -9.5
0.000833958 8 17.5 -10
0.00031453 8.5 17 -10
3.2206e-05 7 18.5 -9.5
0.000576869 7.5 18 -10
4.38725e-05 7 18.5 -10
0.000631713 7.5 18 -10.5
0.00015313 8.5 17 -11
0.000814268 8 17.5 -10.5
4.93601e-05 7 18.5 -10.5
0.00065756 7.5 18 -11
7.76191e-05 8.5 17 -11.5
4.31421e-05 7 18.5 -11
0.000592598 7.5 18 -11.5
0.000638873 8 17.5 -11.5
2.44786e-05 7 18.5 -11.5
0.000501456 7.5 18 -12
0.000388063 7.5 18 -12.5
0.000386033 8 17.5 -12.5
0.000266951 7.5 18 -13
0.000155499 7.5 18 -13.5
0.00016172 8 17.5 -13.5
7.08046e-05 7.5 18 -14
3.86531e-05 8 17.5 -14.5
2.51797e-05 11.5 14.5 5.5
2.73619e-05 11 15 5.5
4.1207e-05 11.5 14.5 5
8.83657e-05 11 15 5
3.85304e-05 11.5 14.5 4.5
0.000117948 11 15 4.5
6.40817e-05 10.5 15.5 4.5
0.000124318 11 15 4
0.000122207 10.5 15.5 4
0.00011175 11 15 3.5
0.000162666 10.5 15.5 3.5
3.55919e-05 10 16 3.5
7.65075e-05 11 15 3
0.000175441 10.5 15.5 3
8.27637e-05 10 16 3
3.67227e-05 11 15 2.5
0.00017388 10.5 15.5 2.5
0.000134787 10 16 2.5
0.000146062 10.5 15.5 2
0.000179446 10 16 2
2.50611e-05 9.5 16.5 2
0.000113577 10.5 15.5 1.5
0.000202303 10 16 1.5
5.96588e-05 9.5 16.5 1.5
7.15484e-05 10.5 15.5 1
0.000203167 10 16 1
8.38412e-05 8 17.5 -14
9.93297e-05 9.5 16.5 1
3.39338e-05 10.5 15.5 0.5
0.000175908 10 16 0.5
0.000145758 9.5 16.5 0.5
0.000141683 10 16 0
0.00018777 9.5 16.5 0
0.000109687 10 16 -0.5
0.000267691 8 17.5 -13
3.08324e-05 9 17 0
0.00021504 9.5 16.5 -0.5
5.34983e-05 9 17 -0.5
7.63136e-05 10 16 -1
0.000218005 9.5 16.5 -1
8.85865e-05 9 17 -1
4.74346e-05 10 16 -1.5
0.000199768 9.5 16.5 -1.5
0.000136111 9 17 -1.5
0.00017411 9.5 16.5 -2
2.47897e-05 10 16 -2
0.00051213 8 17.5 -12
0.000187979 9 17 -2
0.000148531 9.5 16.5 -2.5
2.59416e-05 8.5 17.5 -2
0.000238451 9 17 -2.5
0.000750273 8 17.5 -11
4.40963e-05 8.5 17.5 -2.5
0.000279871 9 17 -3
0.000127234 9.5 16.5 -3
7.26324e-05 8.5 17.5 -3
0.000292179 9 17 -3.5
0.000101192 9.5 16.5 -3.5
0.000116061 8.5 17.5 -3.5
0.000295785 9 17 -4
7.72549e-05 9.5 16.5 -4
0.000181283 8.5 17.5 -4
5.84358e-05 9.5 16.5 -4.5
0.000268139 8.5 17.5 -4.5
4.18516e-05 9.5 16.5 -5
0.000293235 9 17 -4.5
0.00028545 9 17 -5
0.000236741 8.5 17 -10.5
3.5342e-05 8 18 -4.5
0.000372645 8.5 17.5 -5
0.000288761 9 17 -5.5
2.58881e-05 9.5 16.5 -5.5
6.0926e-05 8 18 -5
0.000479637 8.5 17.5 -5.5
0.000282624 9 17 -6
0.000104329 8 18 -5.5
0.00055577 8.5 17.5 -6
0.000173249 8 18 -6
0.000611142 8.5 17.5 -6.5
0.000261256 9 17 -6.5
0.000268926 8 18 -6.5
0.000654833 8.5 17.5 -7
0.000234214 9 17 -7
0.000383088 8 18 -7
0.000671107 8.5 17.5 -7.5
4.03874e-05 7.5 18.5 -7
0.000514053 8 18 -7.5
0.000675244 8.5 17.5 -8
6.42889e-05 7.5 18.5 -7.5
0.000642252 8 18 -8
9.77304e-05 7.5 18.5 -8
0.000742064 8 18 -8.5
4.97556e-05 9 17 -9
0.000138784 7.5 18.5 -8.5
0.000793348 8 18 -9
0.000187382 7.5 18.5 -9
0.000811992 8 18 -9.5
0.000599922 8.5 17.5 -9.5
0.00023651 7.5 18.5 -9.5
0.000795643 8 18 -10
0.00027592 7.5 18.5 -10
0.000748549 8 18 -10.5
0.000390182 8.5 17.5 -10.5
0.000294279 7.5 18.5 -10.5
0.000645945 8 18 -11
0.000276487 7.5 18.5 -11
0.000544504 8 18 -11.5
0.000174573 8.5 17.5 -11.5
0.000226604 7.5 18.5 -11.5
0.000429509 8 18 -12
0.000163018 7.5 18.5 -12
0.000312864 8 18 -12.5
4.52717e-05 8.5 17.5 -12.5
9.43179e-05 7.5 18.5 -12.5
3.84013e-05 7.5 18.5 -13
0.000204033 8 18 -13
5.01583e-05 8 18 -14
2.81219e-05 11.5 15 5.5
6.32851e-05 11.5 15 5
7.19866e-05 11 15.5 5
7.16918e-05 11.5 15 4.5
0.000125779 11 15.5 4.5
2.15201e-05 10.5 16 4.5
5.55219e-05 11.5 15 4
0.000146482 11 15.5 4
8.57887e-05 10.5 16 4
2.74231e-05 11.5 15 3.5
0.000153265 11 15.5 3.5
0.000149775 10.5 16 3.5
0.000140771 11 15.5 3
0.000199888 10.5 16 3
4.91719e-05 10 16.5 3
0.000104035 11 15.5 2.5
0.000216638 10.5 16 2.5
0.000103061 10 16.5 2.5
6.18159e-05 11 15.5 2
0.00021829 10.5 16 2
0.000166542 10 16.5 2
2.73154e-05 11 15.5 1.5
0.00019317 10.5 16 1.5
0.000113633 8 18 -13.5
0.000225093 10 16.5 1.5
3.66348e-05 9.5 17 1.5
0.000160501 10.5 16 1
0.000256018 10 16.5 1
7.26529e-05 9.5 17 1
0.000112951 10.5 16 0.5
0.00026654 10 16.5 0.5
0.000127274 9.5 17 0.5
6.70447e-05 10.5 16 0
0.000252443 10 16.5 0
0.000190223 9.5 17 0
3.07404e-05 10.5 16 -0.5
0.000219244 10 16.5 -0.5
0.000248973 9.5 17 -0.5
3.69085e-05 9 17.5 -0.5
0.000297169 9.5 17 -1
0.000188207 10 16.5 -1
0.000147184 10 16.5 -1.5
6.54334e-05 9 17.5 -1
0.000316905 9.5 17 -1.5
0.000113318 9 17.5 -1.5
0.000319894 9.5 17 -2
0.000105786 10 16.5 -2
9.84608e-05 8.5 17.5 -12
0.000182027 9 17.5 -2
0.000304271 9.5 17 -2.5
7.00689e-05 10 16.5 -2.5
0.000259782 9 17.5 -2.5
4.10641e-05 10 16.5 -3
3.24665e-05 8.5 18 -2.5
0.000342198 9 17.5 -3
2.10159e-05 10 16.5 -3.5
0.000277891 9.5 17 -3
0.0002591 9.5 17 -3.5
0.000272316 8.5 17.5 -11
5.56967e-05 8.5 18 -3
0.000417603 9 17.5 -3.5
0.000503453 8.5 17.5 -10
9.52457e-05 8.5 18 -3.5
0.000458232 9 17.5 -4
0.000228451 9.5 17 -4
0.000159069 8.5 18 -4
0.000484419 9 17.5 -4.5
0.000192753 9.5 17 -4.5
0.000246104 8.5 18 -4.5
0.000502306 9 17.5 -5
0.000155333 9.5 17 -5
0.000347142 8.5 18 -5
4.04425e-05 8 18.5 -5
0.00045584 8.5 18 -5.5
7.30436e-05 9.5 17 -6
0.000506096 9 17.5 -5.5
0.000113007 9.5 17 -5.5
0.000513027 9 17.5 -6
0.000670891 8.5 17.5 -9
0.000702936 8.5 17.5 -8.5
6.79178e-05 8 18.5 -5.5
0.000561869 8.5 18 -6
0.000506591 9 17.5 -6.5
4.10458e-05 9.5 17 -6.5
0.000112947 8 18.5 -6
0.000663021 8.5 18 -6.5
0.000466429 9 17.5 -7
0.000181811 8 18.5 -6.5
0.000726139 8.5 18 -7
0.000273477 8 18.5 -7
0.000767489 8.5 18 -7.5
0.000368207 8 18.5 -7.5
0.000777108 8.5 18 -8
0.000347774 9 17.5 -8
0.00046175 8 18.5 -8
0.000742611 8.5 18 -8.5
2.83272e-05 7.5 19 -8
0.000546455 8 18.5 -8.5
0.000728441 8.5 18 -9
0.000183437 9 17.5 -9
4.47717e-05 7.5 19 -8.5
0.0006065 8 18.5 -9
5.46144e-05 7.5 19 -9
0.000625417 8 18.5 -9.5
4.94771e-05 9 17.5 -10
5.88916e-05 7.5 19 -9.5
0.000591106 8 18.5 -10
0.000580887 8.5 18 -10
5.50585e-05 7.5 19 -10
0.000520091 8 18.5 -10.5
0.000356141 8.5 18 -11
4.62055e-05 7.5 19 -10.5
0.000432639 8 18.5 -11
2.38692e-05 7.5 19 -11
0.000340041 8 18.5 -11.5
0.000246013 8 18.5 -12
0.000157946 8.5 18 -12
0.000159041 8 18.5 -12.5
8.36459e-05 8 18.5 -13
4.41408e-05 8.5 18 -13
3.28443e-05 8 18.5 -13.5
2.29169e-05 11.5 15.5 5.5
6.68965e-05 11.5 15.5 5
2.6174e-05 11 16 5
8.67184e-05 11.5 15.5 4.5
9.67501e-05 11 16 4.5
0.000153154 11 16 4
8.90692e-05 11.5 15.5 4
4.24282e-05 10.5 16.5 4
6.34401e-05 11.5 15.5 3.5
0.000105336 10.5 16.5 3.5
3.26284e-05 11.5 15.5 3
0.000173071 11 16 3.5
0.000180396 11 16 3
0.000179874 10.5 16.5 3
0.000233495 10.5 16.5 2.5
0.000169319 11 16 2.5
5.69341e-05 10 17 2.5
0.000128249 11 16 2
0.000254013 10.5 16.5 2
0.000118173 10 17 2
8.00328e-05 11 16 1.5
0.000261295 10.5 16.5 1.5
0.00019561 10 17 1.5
3.69866e-05 11 16 1
0.000268997 10 17 1
0.000244695 10.5 16.5 1
0.000213796 10.5 16.5 0.5
4.2028e-05 9.5 17.5 1
0.000313313 10 17 0.5
8.99745e-05 8.5 18 -12.5
8.29797e-05 9.5 17.5 0.5
0.000334992 10 17 0
0.00016454 10.5 16.5 0
0.000144487 9.5 17.5 0
0.000111293 10.5 16.5 -0.5
0.000338737 10 17 -0.5
0.000221291 9.5 17.5 -0.5
0.000315506 10 17 -1
6.36195e-05 10.5 16.5 -1
0.000303777 9.5 17.5 -1
3.01483e-05 10.5 16.5 -1.5
0.000246638 8.5 18 -11.5
0.000287923 10 17 -1.5
4.56664e-05 9 18 -1
0.000379248 9.5 17.5 -1.5
8.32811e-05 9 18 -1.5
0.000424808 9.5 17.5 -2
0.000248445 10 17 -2
0.000141671 9 18 -2
0.000444851 9.5 17.5 -2.5
0.000196841 10 17 -2.5
0.000473512 8.5 18 -10.5
0.000217152 9 18 -2.5
0.000144405 10 17 -3
0.000301867 9 18 -3
9.44557e-05 10 17 -3.5
0.000449275 9.5 17.5 -3
0.000670941 8.5 18 -9.5
0.000434523 9.5 17.5 -3.5
3.49228e-05 8.5 18.5 -3
0.000395653 9 18 -3.5
0.000421861 9.5 17.5 -4
5.53996e-05 10 17 -4
6.14616e-05 8.5 18.5 -3.5
0.000494415 9 18 -4
0.000393381 9.5 17.5 -4.5
2.70509e-05 10 17 -4.5
0.000105602 8.5 18.5 -4
0.000580989 9 18 -4.5
0.000173627 8.5 18.5 -4.5
0.000633345 9 18 -5
0.000346806 9.5 17.5 -5
0.000263991 8.5 18.5 -5
0.000663422 9 18 -5.5
0.00029019 9.5 17.5 -5.5
0.000370473 8.5 18.5 -5.5
0.000671428 9 18 -6
3.36997e-05 8 19 -5.5
0.000489962 8.5 18.5 -6
5.52934e-05 8 19 -6
0.000598538 8.5 18.5 -6.5
9.46188e-05 9.5 17.5 -7
0.000658823 9 18 -6.5
8.50505e-05 8 19 -6.5
0.000672084 8.5 18.5 -7
4.65525e-05 9.5 17.5 -7.5
0.000656093 9 18 -7
0.000123327 8 19 -7
0.000711393 8.5 18.5 -7.5
0.000169886 8 19 -7.5
0.000724217 8.5 18.5 -8
0.000217963 8 19 -8
0.000703429 8.5 18.5 -8.5
0.000260618 8 19 -8.5
0.000656805 8.5 18.5 -9
0.000317825 9 18 -9
0.000280057 8 19 -9
0.000591612 8.5 18.5 -9.5
0.000279318 8 19 -9.5
0.000514298 8.5 18.5 -10
0.000135483 9 18 -10
0.000246915 8 19 -10
0.000203478 8 19 -10.5
0.000417313 8.5 18.5 -10.5
0.000156195 8 19 -11
0.000104739 8 19 -11.5
0.000217734 8.5 18.5 -11.5
5.61744e-05 8 19 -12
7.93814e-05 8.5 18.5 -12.5
4.38482e-05 11.5 16 5
4.91664e-05 11 16.5 4.5
8.99039e-05 11.5 16 4.5
0.000117818 11 16.5 4
0.000101707 11.5 16 4
0.000173845 11 16.5 3.5
0.000100525 11.5 16 3.5
4.97851e-05 10.5 17 3.5
7.00382e-05 11.5 16 3
0.000197589 11 16.5 3
0.00011678 10.5 17 3
3.65642e-05 11.5 16 2.5
0.000198654 10.5 17 2.5
0.000204564 11 16.5 2.5
3.70218e-05 8.5 18.5 -13
0.00026185 10.5 17 2
0.000198853 11 16.5 2
6.03673e-05 10 17.5 2
0.000290772 10.5 17 1.5
0.000158304 11 16.5 1.5
0.000125893 10 17.5 1.5
0.00030129 10.5 17 1
0.000108464 11 16.5 1
0.000139691 8.5 18.5 -12
0.000210987 10 17.5 1
5.97706e-05 11 16.5 0.5
0.000301437 10.5 17 0.5
0.000297813 10 17.5 0.5
2.54599e-05 11 16.5 0
4.32697e-05 9.5 18 0.5
0.000360196 10 17.5 0
0.000277455 10.5 17 0
0.00031191 8.5 18.5 -11
8.72509e-05 9.5 18 0
0.000394119 10 17.5 -0.5
0.000230789 10.5 17 -0.5
0.000156376 9.5 18 -0.5
0.000409706 10 17.5 -1
0.000172909 10.5 17 -1
0.000244198 9.5 18 -1
0.000114188 10.5 17 -1.5
0.000409642 10 17.5 -1.5
0.000339304 9.5 18 -1.5
0.000391875 10 17.5 -2
6.39864e-05 10.5 17 -2
4.23968e-05 9 18.5 -1.5
0.000428811 9.5 18 -2
2.77485e-05 10.5 17 -2.5
6.26326e-05 9 18 -10.5
7.98014e-05 9 18.5 -2
0.000492504 9.5 18 -2.5
0.00035695 10 17.5 -2.5
0.000140899 9 18.5 -2.5
0.00053249 9.5 18 -3
0.000302947 10 17.5 -3
0.000225396 9 18.5 -3
0.000553651 9.5 18 -3.5
0.00024138 10 17.5 -3.5
0.000324996 9 18.5 -3.5
2.99224e-05 8.5 19 -3.5
0.000434728 9 18.5 -4
0.000113034 10 17.5 -4.5
0.000558714 9.5 18 -4
5.17892e-05 8.5 19 -4
0.000535849 9 18.5 -4.5
6.32441e-05 10 17.5 -5
0.000552615 9.5 18 -4.5
0.000174653 10 17.5 -4
0.000218629 9 18 -9.5
8.62102e-05 8.5 19 -4.5
0.000605208 9 18.5 -5
2.49264e-05 10 17.5 -5.5
0.00052695 9.5 18 -5
0.000140626 8.5 19 -5
0.000651507 9 18.5 -5.5
0.000475423 9.5 18 -5.5
0.000216611 8.5 19 -5.5
0.000670936 9 18.5 -6
0.00029951 8.5 19 -6
0.000671763 9 18.5 -6.5
0.000382074 8.5 19 -6.5
0.000651742 9 18.5 -7
0.000245623 9.5 18 -7
0.000456552 8.5 19 -7
2.73237e-05 8 19.5 -7
0.000509432 8.5 19 -7.5
8.77537e-05 9.5 18 -8
3.98408e-05 8 19.5 -7.5
0.000524828 8.5 19 -8
3.36173e-05 9.5 18 -8.5
4.8761e-05 8 19.5 -8
0.000506242 8.5 19 -8.5
0.000491248 9 18.5 -8.5
5.1083e-05 8 19.5 -8.5
0.000460837 8.5 19 -9
4.44372e-05 8 19.5 -9
0.000403985 8.5 19 -9.5
0.000299481 9 18.5 -9.5
3.06321e-05 8 19.5 -9.5
0.000333537 8.5 19 -10
0.00025515 8.5 19 -10.5
0.000131146 9 18.5 -10.5
0.000180062 8.5 19 -11
0.000116248 8.5 19 -11.5
3.83605e-05 9 18.5 -11.5
2.27161e-05 8.5 19 -12.5
6.47205e-05 11.5 16.5 4.5
5.90974e-05 11 17 4
0.000103313 11.5 16.5 4
0.000124602 11 17 3.5
0.000114387 11.5 16.5 3.5
0.000183518 11 17 3
0.000108626 11.5 16.5 3
6.46906e-05 8.5 19 -12
4.8829e-05 10.5 17.5 3
0.000214637 11 17 2.5
7.75275e-05 11.5 16.5 2.5
0.000115567 10.5 17.5 2.5
4.19257e-05 11.5 16.5 2
0.00020234 10.5 17.5 2
0.000223164 11 17 2
0.000275011 10.5 17.5 1.5
0.000220876 11 17 1.5
5.64208e-05 10 18 1.5
0.000318546 10.5 17.5 1
0.00018582 11 17 1
0.000121356 10 18 1
0.000135371 11 17 0.5
0.000333206 10.5 17.5 0.5
0.000208272 10 18 0.5
0.000337874 10.5 17.5 0
8.14574e-05 11 17 0
0.000300263 10 18 0
3.7708e-05 11 17 -0.5
3.89905e-05 9.5 18.5 0
0.00037752 10 18 -0.5
0.000331687 10.5 17.5 -0.5
8.11933e-05 9.5 18.5 -0.5
0.00042616 10 18 -1
0.000288871 10.5 17.5 -1
0.000149448 9.5 18.5 -1
0.000454808 10 18 -1.5
0.000230819 10.5 17.5 -1.5
7.8298e-05 9 18.5 -11
0.000238964 9.5 18.5 -1.5
0.000162494 10.5 17.5 -2
0.000206213 9 18.5 -10
0.000463991 10 18 -2
0.000399912 9 18.5 -9
0.000338859 9.5 18.5 -2
0.000465472 10 18 -2.5
9.74905e-05 10.5 17.5 -2.5
3.50245e-05 9 19 -2
0.000435506 9.5 18.5 -2.5
0.000442188 10 18 -3
4.74742e-05 10.5 17.5 -3
6.556e-05 9 19 -2.5
0.000502431 9.5 18.5 -3
0.000394862 10 18 -3.5
0.000115974 9 19 -3
0.000543786 9.5 18.5 -3.5
0.000566408 9 18.5 -8
0.000622314 9 18.5 -7.5
0.000189282 9 19 -3.5
0.000566148 9.5 18.5 -4
0.000333559 10 18 -4
0.000275116 9 19 -4
0.000573367 9.5 18.5 -4.5
0.000256437 10 18 -4.5
0.00036876 9 19 -4.5
0.000580981 9.5 18.5 -5
2.77311e-05 8.5 19.5 -4.5
0.000461698 9 19 -5
4.84018e-05 8.5 19.5 -5
0.000534209 9 19 -5.5
4.64601e-05 10 18 -6
0.000573379 9.5 18.5 -5.5
7.33841e-05 8.5 19.5 -5.5
0.000572177 9 19 -6
0.000527767 9.5 18.5 -6
0.000107618 8.5 19.5 -6
0.000586816 9 19 -6.5
0.000145924 8.5 19.5 -6.5
0.000572003 9 19 -7
0.000179453 8.5 19.5 -7
0.000532112 9 19 -7.5
0.000204156 8.5 19.5 -7.5
0.000212931 8.5 19.5 -8
0.000104369 9.5 18.5 -8.5
0.000206445 8.5 19.5 -8.5
4.63581e-05 9.5 18.5 -9
0.000430302 9 19 -8.5
0.000186887 8.5 19.5 -9
0.000154631 8.5 19.5 -9.5
0.000270319 9 19 -9.5
0.000114294 8.5 19.5 -10
7.15626e-05 8.5 19.5 -10.5
0.000126756 9 19 -10.5
3.64595e-05 8.5 19.5 -11
3.95645e-05 9 19 -11.5
2.34803e-05 11.5 17 4.5
2.042e-05 12 16.5 4.5
7.07252e-05 11.5 17 4
2.29296e-05 12 16.5 4
0.000107353 11.5 17 3.5
5.60164e-05 11 17.5 3.5
0.000121275 11.5 17 3
0.000119256 11 17.5 3
0.000180145 11 17.5 2.5
0.000112667 11.5 17 2.5
4.36391e-05 10.5 18 2.5
0.00022139 11 17.5 2
8.36619e-05 11.5 17 2
0.000105633 10.5 18 2
4.81311e-05 11.5 17 1.5
0.000185794 10.5 18 1.5
0.000236956 11 17.5 1.5
0.000235647 11 17.5 1
0.000260337 10.5 18 1
7.72177e-05 9 19 -11
4.49128e-05 10 18.5 1
0.000316648 10.5 18 0.5
0.000205225 11 17.5 0.5
0.000100027 10 18.5 0.5
0.000348046 10.5 18 0
0.000158726 11 17.5 0
0.000183602 10 18.5 0
0.000357733 10.5 18 -0.5
0.000103334 11 17.5 -0.5
0.000192184 9 19 -10
0.000354142 9 19 -9
0.000277233 10 18.5 -0.5
0.000358804 10.5 18 -1
5.33425e-05 11 17.5 -1
2.65919e-05 9.5 19 -0.5
0.00036118 10 18.5 -1
0.000326129 10.5 18 -1.5
5.77435e-05 9.5 19 -1
0.000420326 10 18.5 -1.5
0.000488407 9 19 -8
0.000110289 9.5 19 -1.5
0.000458012 10 18.5 -2
0.000276958 10.5 18 -2
0.000188795 9.5 19 -2
0.000471673 10 18.5 -2.5
0.000212395 10.5 18 -2.5
0.000280055 9.5 19 -2.5
0.000372592 9.5 19 -3
8.38795e-05 10.5 18 -3.5
0.000477595 10 18.5 -3
0.000143275 10.5 18 -3
0.000468074 10 18.5 -3.5
3.96556e-05 9 19.5 -3
0.000447061 9.5 19 -3.5
0.000423576 10 18.5 -4
3.53452e-05 10.5 18 -4
6.58563e-05 9 19.5 -3.5
0.000495493 9.5 19 -4
0.000107342 9 19.5 -4
0.000524071 9.5 19 -4.5
0.000362912 10 18.5 -4.5
0.000162701 9 19.5 -4.5
0.000531727 9.5 19 -5
0.000289925 10 18.5 -5
0.000224287 9 19.5 -5
0.000519248 9.5 19 -5.5
0.000281293 9 19.5 -5.5
0.0004965 9.5 19 -6
0.000135077 10 18.5 -6
0.000330525 9 19.5 -6
0.000443512 9.5 19 -6.5
6.65413e-05 10 18.5 -6.5
0.000352892 9 19.5 -6.5
0.000355684 9 19.5 -7
2.02742e-05 8.5 20 -7
0.000337454 9 19.5 -7.5
2.04803e-05 8.5 20 -7.5
0.000308858 9 19.5 -8
0.000265857 9 19.5 -8.5
0.000163511 9.5 19 -8.5
5.44694e-05 9.5 19 -9.5
0.000210975 9 19.5 -9
0.000105723 9 19.5 -10
3.64711e-05 9 19.5 -11
2.18122e-05 12 17 4
2.59899e-05 12 17 3.5
6.63329e-05 11.5 17.5 3.5
4.88247e-05 11 18 3
0.000103307 11.5 17.5 3
0.000103397 11 18 2.5
0.000120655 11.5 17.5 2.5
0.000159383 11 18 2
0.000116234 11.5 17.5 2
6.45301e-05 9 19.5 -10.5
3.12912e-05 10.5 18.5 2
0.000203946 11 18 1.5
8.92029e-05 11.5 17.5 1.5
7.85513e-05 10.5 18.5 1.5
5.91942e-05 11.5 17.5 1
0.000155308 9 19.5 -9.5
0.000232666 11 18 1
0.000148128 10.5 18.5 1
0.000238951 11 18 0.5
2.8752e-05 11.5 17.5 0.5
0.000222564 10.5 18.5 0.5
2.37347e-05 10 19 0.5
0.000282993 10.5 18.5 0
0.00021494 11 18 0
6.99331e-05 10 19 0
0.000325013 10.5 18.5 -0.5
0.000175893 11 18 -0.5
0.000131882 10 19 -0.5
0.000124009 11 18 -1
0.000349045 10.5 18.5 -1
0.000103258 9.5 19 -9
0.000213822 10 19 -1
0.000359417 10.5 18.5 -1.5
7.39412e-05 11 18 -1.5
0.000296098 10 19 -1.5
0.000338691 10.5 18.5 -2
3.18186e-05 11 18 -2
2.83122e-05 9.5 19.5 -1.5
0.00035907 10 19 -2
6.23423e-05 9.5 19.5 -2
0.000402601 10 19 -2.5
0.000295708 10.5 18.5 -2.5
0.000236106 9.5 19 -8
0.000312683 9.5 19 -7.5
0.000376845 9.5 19 -7
0.00011387 9.5 19.5 -2.5
0.000420487 10 19 -3
0.000235087 10.5 18.5 -3
0.00017766 9.5 19.5 -3
0.000425 10 19 -3.5
0.000166357 10.5 18.5 -3.5
0.000241453 9.5 19.5 -3.5
0.000301779 9.5 19.5 -4
4.61236e-05 10.5 18.5 -4.5
0.000419389 10 19 -4
0.000344076 9.5 19.5 -4.5
0.000390171 10 19 -4.5
2.34532e-05 9 20 -4.5
0.000366107 9.5 19.5 -5
0.000346333 10 19 -5
4.42741e-05 9 20 -5
0.000372002 9.5 19.5 -5.5
6.595e-05 9 20 -5.5
0.000355992 9.5 19.5 -6
8.54296e-05 9 20 -6
0.000334208 9.5 19.5 -6.5
9.93292e-05 9 20 -6.5
0.000305701 9.5 19.5 -7
0.000105428 9 20 -7
0.000259495 9.5 19.5 -7.5
3.57938e-05 10 19 -7.5
0.000106702 9 20 -7.5
9.79754e-05 9 20 -8
0.000149474 9.5 19.5 -8.5
8.08773e-05 9 20 -8.5
5.5643e-05 9 20 -9
9.81488e-05 9.5 19.5 -9
3.11464e-05 9 20 -9.5
3.22599e-05 9.5 19.5 -10
2.09698e-05 12 17.5 3.5
2.25166e-05 12 17.5 3
5.5761e-05 11.5 18 3
8.85848e-05 11.5 18 2.5
2.9411e-05 11 18.5 2.5
7.41813e-05 11 18.5 2
0.000107999 11.5 18 2
0.000123334 11 18.5 1.5
0.000109987 11.5 18 1.5
8.78589e-05 11.5 18 1
4.66353e-05 10.5 19 1
6.05954e-05 11.5 18 0.5
0.000168394 11 18.5 1
0.000201547 11 18.5 0.5
5.76258e-05 9.5 19.5 -9.5
9.69421e-05 10.5 19 0.5
2.9835e-05 11.5 18 0
0.00016323 10.5 19 0
0.00021752 11 18.5 0
0.00022187 10.5 19 -0.5
0.000210732 11 18.5 -0.5
3.08778e-05 10 19.5 -0.5
0.000267058 10.5 19 -1
0.000176008 11 18.5 -1
6.80163e-05 10 19.5 -1
0.000131056 11 18.5 -1.5
0.000120693 10 19.5 -1.5
8.28167e-05 11 18.5 -2
0.000293626 10.5 19 -1.5
0.00030989 10.5 19 -2
0.000205143 9.5 19.5 -8
0.000185092 10 19.5 -2
3.86071e-05 11 18.5 -2.5
0.000241138 10 19.5 -2.5
0.000304179 10.5 19 -2.5
0.000281234 10 19.5 -3
0.00026841 10.5 19 -3
3.73227e-05 9.5 20 -3
0.00030622 10 19.5 -3.5
0.000218156 10.5 19 -3.5
6.31172e-05 9.5 20 -3.5
0.000313921 10 19.5 -4
0.000157983 10.5 19 -4
9.03586e-05 9.5 20 -4
0.000314906 10 19.5 -4.5
0.000118619 9.5 20 -4.5
0.000148397 9.5 20 -5
0.000292716 10 19.5 -5
0.000164451 9.5 20 -5.5
0.00016861 9.5 20 -6
0.000167007 9.5 20 -6.5
0.000152945 9.5 20 -7
0.000129333 9.5 20 -7.5
7.07961e-05 10 19.5 -7.5
0.000100836 9.5 20 -8
4.64664e-05 9.5 20 -9
3.31739e-05 11.5 18.5 2.5
2.03787e-05 12 18 2.5
6.4429e-05 11.5 18.5 2
4.16686e-05 11 19 1.5
8.609e-05 11.5 18.5 1.5
2.61376e-05 9.5 20 -9.5
7.3686e-05 9.5 20 -8.5
7.71908e-05 11 19 1
9.38431e-05 11.5 18.5 1
0.000117494 11 19 0.5
8.09484e-05 11.5 18.5 0.5
4.79704e-05 10.5 19.5 0
3.23745e-05 11.5 18.5 -0.5
0.00015375 11 19 0
5.797e-05 11.5 18.5 0
8.88318e-05 10.5 19.5 -0.5
0.000177016 11 19 -0.5
0.000133962 10.5 19.5 -1
0.000180651 11 19 -1
0.000174815 10.5 19.5 -1.5
0.000159199 11 19 -1.5
0.000203521 10.5 19.5 -2
0.00012185 11 19 -2
4.32572e-05 10 20 -2
7.35273e-05 10 20 -2.5
4.04912e-05 11 19 -3
0.000220226 10.5 19.5 -2.5
0.000223526 10.5 19.5 -3
0.000109261 10 20 -3
8.04815e-05 11 19 -2.5
0.000137296 10 20 -3.5
0.000204413 10.5 19.5 -3.5
0.000154975 10 20 -4
0.000176086 10.5 19.5 -4
0.000162297 10 20 -4.5
0.00015885 10 20 -5
9.12906e-05 10.5 19.5 -5
0.000150428 10 20 -5.5
5.23042e-05 10.5 19.5 -5.5
0.000139301 10 20 -6
2.24731e-05 9.5 20.5 -6
0.00011518 10 20 -6.5
2.23915e-05 9.5 20.5 -6.5
3.67539e-05 10 20 -8
3.6856e-05 11.5 19 1.5
5.66127e-05 11.5 19 1
3.50357e-05 11 19.5 0.5
6.5511e-05 11.5 19 0.5
6.46108e-05 11 19.5 0
6.60187e-05 11.5 19 0
9.10165e-05 11 19.5 -0.5
5.10116e-05 11.5 19 -0.5
2.2206e-05 10.5 20 -1
0.000113315 11 19.5 -1
3.21506e-05 11.5 19 -1
5.0118e-05 10.5 20 -1.5
0.000122274 11 19.5 -1.5
7.68265e-05 10.5 20 -2
0.000118068 11 19.5 -2
6.026e-05 10 20 -7.5
8.61981e-05 10 20 -7
9.94776e-05 10.5 20 -2.5
9.58097e-05 11 19.5 -2.5
0.000113867 10.5 20 -3
6.75503e-05 11 19.5 -3
0.000121143 10.5 20 -3.5
2.0445e-05 10 20.5 -4
0.000119937 10.5 20 -4
2.84562e-05 10 20.5 -4.5
0.000101747 10.5 20 -4.5
3.46018e-05 10 20.5 -5
8.04959e-05 10.5 20 -5
3.80653e-05 10.5 20 -6
3.18636e-05 10 20.5 -6.5
3.92847e-05 10 20.5 -6
4.01111e-05 10 20.5 -5.5
2.17981e-05 10 20.5 -7
2.1822e-05 11.5 19.5 0.5
3.68342e-05 11.5 19.5 0
4.17224e-05 11.5 19.5 -0.5
2.87167e-05 11 20 -1
3.6066e-05 11.5 19.5 -1
4.531e-05 11 20 -1.5
2.44183e-05 11.5 19.5 -1.5
5.71063e-05 11 20 -2
6.05886e-05 11 20 -2.5
5.49868e-05 11 20 -3
2.28338e-05 10.5 20.5 -3.5
3.88241e-05 11 20 -3.5
2.7309e-05 10.5 20.5 -4
2.11234e-05 11 20 -4
2.78093e-05 10.5 20.5 -4.5
2.8141e-05 10.5 20.5 -5
2.26645e-05 10.5 20.5 -5.5
5.81426e-05 10.5 20 -5.5
3.93796e-05 11 19.5 -3.5
0.000136104 10.5 19.5 -4.5
3.78137e-05 10 19.5 -8
0.00011209 10 19.5 -7
0.000160137 10 19.5 -6.5
0.000205166 10 19.5 -6
0.000252367 10 19.5 -5.5
5.44676e-05 10.5 19 -5
0.000103387 10.5 19 -4.5
7.94946e-05 10 19 -7
0.000132816 10 19 -6.5
0.000204241 10 19 -6
0.00028175 10 19 -5.5
0.000100861 10.5 18.5 -4
0.000212149 10 18.5 -5.5
0.000175466 9.5 18.5 -8
0.000259346 9.5 18.5 -7.5
0.000363893 9.5 18.5 -7
0.000457092 9.5 18.5 -6.5
0.000103753 10 18 -5.5
0.000173324 10 18 -5
0.000160685 9.5 18 -7.5
0.000334268 9.5 18 -6.5
0.000411267 9.5 18 -6
0.000427278 9 18 -8.5
0.00053237 9 18 -8
0.000614565 9 18 -7.5
0.000153655 9.5 17.5 -6.5
0.00022227 9.5 17.5 -6
0.000109087 9 17.5 -9.5
0.000268722 9 17.5 -8.5
0.000413613 9 17.5 -7.5
9.2972e-05 9 17 -8.5
0.000143614 9 17 -8
0.000194497 9 17 -7.5
0.000379359 8.5 17 -9.5
0.000440755 8.5 17 -8.5
0.00044866 8.5 17 -8
0.000433254 8.5 17 -7.5
7.11386e-05 9 16.5 -7
0.000155611 8.5 16.5 -9.5
0.000186842 8.5 16.5 -9
0.000197286 8.5 16.5 -8.5
0.000198054 8.5 16.5 -8
5.36199e-05 8.5 16 -8.5
0.000180689 8 16 -9.5
5.49193e-05 8 15.5 -11
5.38273e-05 8 15.5 -10
4.54176e-05 8 15.5 -9.5
3.48239e-05 8 15.5 -9
0.000105016 7.5 15.5 -10
3.68048e-05 7.5 15 -10.5
2.23021e-05 7.5 15 -10
