0.812905
2.54653e-05 -5 -10.5 -18
2.44217e-05 -5 -10.5 -18.5
2.09628e-05 -5 -10.5 -17.5
7.55763e-05 -4.5 -10 -18
0.000129675 -4.5 -10 -19
3.92901e-05 -4.5 -10 -20.5
7.85128e-05 -4.5 -10 -20
0.000114855 -4.5 -10 -19.5
0.000115757 -4.5 -10 -18.5
2.91949e-05 -4.5 -10 -17.5
9.55009e-05 -4.5 -10.5 -17.5
3.97045e-05 -5 -11 -17
9.42952e-05 -5 -11 -18
2.00409e-05 -5.5 -11.5 -17.5
0.00017806 -4.5 -10.5 -18
6.17843e-05 -5 -11 -19
0.000234523 -4.5 -10.5 -19
6.30695e-05 -4.5 -10.5 -20.5
0.000131992 -4.5 -10.5 -20
4.05922e-05 -5 -11 -19.5
0.000198198 -4.5 -10.5 -19.5
9.23654e-05 -5 -11 -18.5
0.000223587 -4.5 -10.5 -18.5
7.54959e-05 -5 -11 -17.5
2.62957e-05 -4.5 -10.5 -17
5.26044e-05 -4 -10 -17.5
0.000160839 -4 -10 -18
0.00029031 -4 -10 -18.5
2.08825e-05 -4.5 -9.5 -18
3.74199e-05 -4.5 -9.5 -19
0.000357173 -4 -10 -19
0.000315503 -4 -10 -20
9.66428e-05 -4 -10 -21
0.000209354 -4 -10 -20.5
3.01971e-05 -4.5 -9.5 -20
3.84129e-05 -4.5 -9.5 -19.5
0.000382328 -4 -10 -19.5
3.22948e-05 -4.5 -9.5 -18.5
2.71868e-05 -5.5 -12 -16
0.000111358 -5 -11.5 -17
5.13323e-05 -5.5 -12 -16.5
0.000118826 -4 -10.5 -17.5
8.1128e-05 -4.5 -11 -17
6.8272e-05 -5.5 -12 -17
0.000257097 -4 -10.5 -18
0.000268987 -4.5 -11 -18
7.29931e-05 -5.5 -12 -17.5
0.000186416 -5 -11.5 -18
0.000406261 -4 -10.5 -19
5.61626e-05 -5.5 -12 -18
0.000309485 -4.5 -11 -19
3.80854e-05 -5.5 -12 -18.5
0.000127001 -5 -11.5 -19
0.000286786 -4 -10.5 -20
0.000131651 -4.5 -11 -20
2.84278e-05 -5 -11.5 -20
6.08493e-05 -4 -10.5 -21
5.7246e-05 -4.5 -11 -20.5
0.000164474 -4 -10.5 -20.5
7.30169e-05 -5 -11.5 -19.5
0.000228047 -4.5 -11 -19.5
0.000377283 -4 -10.5 -19.5
0.000172493 -5 -11.5 -18.5
0.000320151 -4.5 -11 -18.5
0.000369019 -4 -10.5 -18.5
0.000165029 -5 -11.5 -17.5
0.000176206 -4.5 -11 -17.5
5.02382e-05 -5 -11.5 -16.5
2.79106e-05 -4 -10.5 -17
3.36357e-05 -3.5 -10 -17.5
0.000109762 -3.5 -10 -18
0.000241837 -3.5 -10 -18.5
0.00036555 -3.5 -10 -19
0.000184697 -4 -9.5 -18.5
0.000413976 -3.5 -10 -19.5
0.000379115 -3.5 -10 -20
0.00028174 -3.5 -10 -20.5
0.000279874 -4 -9.5 -20
0.000139735 -3.5 -10 -21
3.2742e-05 -3.5 -10 -21.5
0.000110628 -4 -9.5 -21
3.2024e-05 -4 -9.5 -21.5
0.000212741 -4 -9.5 -20.5
0.000301733 -4 -9.5 -19.5
0.000272174 -4 -9.5 -19
7.88062e-05 -4 -9.5 -18
3.29062e-05 -5.5 -12.5 -15.5
4.39669e-05 -5 -12 -16
2.36191e-05 -6 -13 -15
4.00845e-05 -6 -13 -15.5
8.00407e-05 -5.5 -12.5 -16
3.22788e-05 -3.5 -10.5 -17.5
0.0001542 -4.5 -11.5 -17
0.000112313 -5 -12 -16.5
6.05897e-05 -4 -11 -17
9.75363e-05 -3.5 -10.5 -18
0.000124098 -5.5 -12.5 -16.5
0.000191258 -5 -12 -17
5.08094e-05 -6 -13 -16
0.000281238 -4 -11 -18
5.47147e-05 -6 -13 -16.5
0.000143454 -5.5 -12.5 -17
0.000337127 -4.5 -11.5 -18
4.73087e-05 -6 -13 -17
0.000263594 -3.5 -10.5 -19
0.000273529 -5 -12 -18
0.000142687 -5.5 -12.5 -17.5
0.000381081 -4 -11 -19
2.9656e-05 -6 -13 -17.5
0.000278068 -3.5 -10.5 -19.5
0.000224932 -5 -12 -18.5
0.000293809 -4.5 -11.5 -19
7.4732e-05 -5.5 -12.5 -18.5
0.000239757 -3.5 -10.5 -20
0.000145259 -5 -12 -19
0.000212954 -4 -11 -20
7.164e-05 -5 -12 -19.5
3.45893e-05 -5.5 -12.5 -19
0.000103939 -4.5 -11.5 -20
6.37447e-05 -3.5 -10.5 -21
2.26844e-05 -5 -12 -20
2.26842e-05 -4 -11 -21
4.04226e-05 -4.5 -11.5 -20.5
9.64153e-05 -4 -11 -20.5
0.000154317 -3.5 -10.5 -20.5
0.00020047 -4.5 -11.5 -19.5
0.000321506 -4 -11 -19.5
0.000112751 -5.5 -12.5 -18
0.000348701 -4.5 -11.5 -18.5
0.000359015 -4 -11 -18.5
0.000247554 -5 -12 -17.5
0.000197784 -3.5 -10.5 -18.5
0.000270906 -4.5 -11.5 -17.5
0.000162859 -4 -11 -17.5
5.79176e-05 -4.5 -11.5 -16.5
3.98219e-05 -3 -10 -18.5
9.5721e-05 -3.5 -9.5 -18
7.21763e-05 -3 -10 -19
0.000242808 -3.5 -9.5 -18.5
9.37951e-05 -3 -10 -19.5
0.000385228 -3.5 -9.5 -19
0.000109379 -3 -10 -20
0.000454396 -3.5 -9.5 -19.5
9.88184e-05 -3 -10 -20.5
0.0004503 -3.5 -9.5 -20
5.20872e-05 -3 -10 -21
0.000234321 -3.5 -9.5 -21
2.7184e-05 -4 -9 -21.5
8.77174e-05 -3.5 -9.5 -21.5
8.34273e-05 -4 -9 -21
0.000138356 -4 -9 -20.5
0.000380987 -3.5 -9.5 -20.5
0.000172514 -4 -9 -20
0.000180018 -4 -9 -19.5
0.000147565 -4 -9 -19
7.96149e-05 -4 -9 -18.5
2.35746e-05 -4 -9 -18
2.69682e-05 -6.5 -14 -14
3.26993e-05 -6 -13.5 -14.5
3.30574e-05 -5 -12.5 -15.5
3.01654e-05 -4.5 -12 -16
3.49969e-05 -5.5 -13 -15
3.88772e-05 -6.5 -14 -14.5
6.9465e-05 -6 -13.5 -15
8.53621e-05 -5.5 -13 -15.5
0.000104975 -5 -12.5 -16
6.19058e-05 -4 -11.5 -17
4.57417e-05 -6.5 -14 -15
9.93574e-05 -6 -13.5 -15.5
0.000191976 -5 -12.5 -16.5
0.000208029 -4.5 -12 -17
0.000146664 -5.5 -13 -16
4.77631e-05 -6.5 -14 -15.5
0.000113161 -6 -13.5 -16
0.000196019 -5.5 -13 -16.5
6.42209e-05 -3.5 -11 -18
0.000265935 -5 -12.5 -17
0.000240924 -4 -11.5 -18
2.63858e-05 -3 -10.5 -19
3.71464e-05 -6.5 -14 -16
0.000112806 -6 -13.5 -16.5
0.000330124 -4.5 -12 -18
0.000290963 -5 -12.5 -17.5
3.15806e-05 -3 -10.5 -19.5
0.000143563 -3.5 -11 -19
0.00019364 -5.5 -13 -17.5
9.24063e-05 -6 -13.5 -17
0.000297417 -4 -11.5 -19
3.33157e-05 -3 -10.5 -20
0.000138944 -3.5 -11 -19.5
0.00014143 -5.5 -13 -18
0.000211532 -5 -12.5 -18.5
0.000244016 -4.5 -12 -19
0.000109693 -3.5 -11 -20
3.02747e-05 -6 -13.5 -18
7.9083e-05 -5.5 -13 -18.5
0.000119724 -4 -11.5 -20
0.000142796 -4.5 -12 -19.5
5.36125e-05 -5 -12.5 -19.5
3.45921e-05 -5.5 -13 -19
4.47727e-05 -4 -11.5 -20.5
5.72837e-05 -4.5 -12 -20
5.12421e-05 -3.5 -11 -20.5
0.000125527 -5 -12.5 -19
0.000216896 -4 -11.5 -19.5
5.89157e-05 -6 -13.5 -17.5
0.000324383 -4.5 -12 -18.5
0.000271506 -5 -12.5 -18
0.000289769 -4 -11.5 -18.5
0.000218518 -5.5 -13 -17
0.000117778 -3.5 -11 -18.5
0.000285934 -4.5 -12 -17.5
0.000145303 -4 -11.5 -17.5
2.59058e-05 -3.5 -11 -17.5
0.000113598 -4.5 -12 -16.5
6.71573e-05 -3 -9.5 -18.5
3.92196e-05 -3.5 -9 -18
0.000140456 -3 -9.5 -19
0.000149882 -3.5 -9 -18.5
0.000208436 -3 -9.5 -19.5
0.000315591 -3.5 -9 -19
0.00024903 -3 -9.5 -20
6.5744e-05 -4 -8.5 -19.5
0.000453012 -3.5 -9 -19.5
0.00024165 -3 -9.5 -20.5
0.000167843 -3 -9.5 -21
7.13002e-05 -3 -9.5 -21.5
0.000294839 -3.5 -9 -21
5.25412e-05 -4 -8.5 -20.5
2.48669e-05 -3 -9.5 -22
2.75822e-05 -3.5 -9 -22
0.000134143 -3.5 -9 -21.5
3.44816e-05 -4 -8.5 -21
0.000411929 -3.5 -9 -20.5
6.42722e-05 -4 -8.5 -20
0.000468961 -3.5 -9 -20
4.84406e-05 -4 -8.5 -19
2.24469e-05 -4 -8.5 -18.5
2.37552e-05 -7 -15 -12.5
2.20649e-05 -6.5 -14.5 -13
2.27623e-05 -7.5 -15.5 -12.5
3.63279e-05 -7 -15 -13
4.26906e-05 -6.5 -14.5 -13.5
4.09273e-05 -6 -14 -14
3.19606e-05 -5.5 -13.5 -14.5
4.33807e-05 -7 -15 -13.5
7.02267e-05 -6.5 -14.5 -14
8.02227e-05 -6 -14 -14.5
8.90353e-05 -5.5 -13.5 -15
8.7432e-05 -5 -13 -15.5
4.44369e-05 -7 -15 -14
8.84502e-05 -6.5 -14.5 -14.5
0.000126854 -6 -14 -15
0.000154825 -5.5 -13.5 -15.5
0.000110583 -4.5 -12.5 -16.5
9.62987e-05 -6.5 -14.5 -15
4.20861e-05 -7 -15 -14.5
0.000161126 -6 -14 -15.5
0.00021216 -5.5 -13.5 -16
0.000229582 -5 -13 -16.5
0.000190777 -4.5 -12.5 -17
5.02518e-05 -4 -12 -17
3.30493e-05 -7 -15 -15
3.36884e-05 -3.5 -11.5 -18
9.09236e-05 -6.5 -14.5 -15.5
0.00017449 -6 -14 -16
0.000231184 -5.5 -13.5 -16.5
7.04181e-05 -6.5 -14.5 -16
0.000156436 -6 -14 -16.5
0.000279492 -5 -13 -17.5
0.000224095 -5.5 -13.5 -17
5.35303e-05 -3.5 -11.5 -18.5
0.000153514 -4 -12 -18
0.000255609 -4.5 -12.5 -17.5
6.29206e-05 -3.5 -11.5 -19
4.52341e-05 -6.5 -14.5 -16.5
0.000118627 -6 -14 -17
0.000125699 -5.5 -13.5 -18
7.2642e-05 -6 -14 -17.5
2.84842e-05 -6.5 -14.5 -17
5.25194e-05 -3.5 -11.5 -19.5
0.000162111 -5 -13 -18.5
0.000161891 -4 -12 -19
0.000242851 -4.5 -12.5 -18.5
3.33284e-05 -3.5 -11.5 -20
9.9032e-05 -4 -12 -19.5
3.74496e-05 -6 -14 -18
7.04136e-05 -4.5 -12.5 -19.5
8.19101e-05 -5 -13 -19
2.02704e-05 -5.5 -13.5 -19
3.00804e-05 -5 -13 -19.5
3.94673e-05 -4 -12 -20
6.19073e-05 -5.5 -13.5 -18.5
0.000155393 -4.5 -12.5 -19
0.000239916 -5 -13 -18
0.000186206 -5.5 -13.5 -17.5
0.00017643 -4 -12 -18.5
0.000284622 -4.5 -12.5 -18
0.000265041 -5 -13 -17
0.000101305 -4 -12 -17.5
0.000161997 -5 -13 -16
4.70907e-05 -4.5 -12.5 -16
2.28623e-05 -5 -13 -15
2.10535e-05 -3 -9 -18
8.6129e-05 -3 -9 -18.5
0.000206701 -3 -9 -19
0.00033528 -3 -9 -19.5
0.000423612 -3 -9 -20
0.000335373 -3.5 -8.5 -19.5
0.000427899 -3 -9 -20.5
0.000334274 -3 -9 -21
0.00016916 -3 -9 -21.5
0.000309558 -3.5 -8.5 -21
4.69836e-05 -3 -9 -22
4.23065e-05 -3.5 -8.5 -22
0.000155354 -3.5 -8.5 -21.5
0.000410567 -3.5 -8.5 -20.5
0.000416012 -3.5 -8.5 -20
2.00245e-05 -8 -16.5 -10
2.51887e-05 -8 -16.5 -10.5
2.54711e-05 -7.5 -16 -11
2.04977e-05 -7 -15.5 -11.5
0.000199222 -3.5 -8.5 -19
2.76359e-05 -8 -16.5 -11
3.74746e-05 -7.5 -16 -11.5
2.73571e-05 -6.5 -15 -12.5
3.54089e-05 -7 -15.5 -12
2.50086e-05 -8 -16.5 -11.5
5.83701e-05 -7 -15.5 -12.5
4.74297e-05 -7.5 -16 -12
5.76258e-05 -6.5 -15 -13
4.51303e-05 -6 -14.5 -13.5
2.73028e-05 -5.5 -14 -14
5.04493e-05 -7.5 -16 -12.5
7.66174e-05 -7 -15.5 -13
8.71385e-05 -6.5 -15 -13.5
8.10743e-05 -5.5 -14 -14.5
4.52492e-05 -7.5 -16 -13
8.34841e-05 -7 -15.5 -13.5
0.000117998 -6.5 -15 -14
0.000139257 -5.5 -14 -15
0.000142585 -6 -14.5 -14.5
4.18423e-05 -5 -13.5 -15
3.53124e-05 -7.5 -16 -13.5
8.43295e-05 -7 -15.5 -14
0.000173185 -6 -14.5 -15
0.000135781 -6.5 -15 -14.5
0.000188183 -5.5 -14 -15.5
4.16529e-05 -4.5 -13 -16
7.61681e-05 -7 -15.5 -14.5
2.52115e-05 -7.5 -16 -14
0.000138069 -6.5 -15 -15
3.40012e-05 -4 -12.5 -17
0.000181028 -6 -14.5 -15.5
0.000213644 -5.5 -14 -16
0.000214113 -5 -13.5 -16.5
8.87663e-05 -4.5 -13 -16.5
5.57571e-05 -4 -12.5 -17.5
5.62291e-05 -7 -15.5 -15
0.000178548 -6 -14.5 -16
0.000226241 -5.5 -14 -16.5
0.000117678 -6.5 -15 -15.5
6.96195e-05 -4 -12.5 -18
0.000164342 -4.5 -13 -17.5
0.000238892 -5 -13.5 -17
3.46951e-05 -7 -15.5 -15.5
8.77186e-05 -6.5 -15 -16
0.000151306 -6 -14.5 -16.5
0.000205061 -5.5 -14 -17
0.000123638 -4.5 -13 -18.5
0.000160774 -5 -13.5 -18
0.00014721 -5.5 -14 -17.5
0.000107738 -6 -14.5 -17
5.40641e-05 -6.5 -15 -16.5
7.73764e-05 -4 -12.5 -18.5
2.91381e-05 -6.5 -15 -17
8.41979e-05 -5.5 -14 -18
6.51685e-05 -4.5 -13 -19
3.43076e-05 -5 -13.5 -19
3.50136e-05 -5.5 -14 -18.5
2.8158e-05 -6 -14.5 -18
2.06446e-05 -4.5 -13 -19.5
8.81964e-05 -5 -13.5 -18.5
6.01914e-05 -6 -14.5 -17.5
5.56577e-05 -4 -12.5 -19
0.000168377 -4.5 -13 -18
0.000220418 -5 -13.5 -17.5
0.000137115 -4.5 -13 -17
0.000154767 -5 -13.5 -16
9.03769e-05 -5 -13.5 -15.5
9.30502e-05 -6 -14.5 -14
7.44031e-05 -3.5 -8.5 -18.5
8.50972e-05 -3 -8.5 -18.5
3.73163e-05 -2.5 -9 -19.5
0.000229746 -3 -8.5 -19
5.90045e-05 -2.5 -9 -20
0.000399112 -3 -8.5 -19.5
6.80493e-05 -2.5 -9 -20.5
0.000536395 -3 -8.5 -20
0.000209354 -3.5 -8 -19.5
6.33706e-05 -2.5 -9 -21
3.93041e-05 -2.5 -9 -21.5
0.000480245 -3 -8.5 -21
0.00026733 -3.5 -8 -20.5
0.000284936 -3 -8.5 -21.5
0.00021989 -3.5 -8 -21
0.000100675 -3 -8.5 -22
4.43346e-05 -3.5 -8 -22
0.000132874 -3.5 -8 -21.5
3.29878e-05 -8.5 -17.5 -9
3.26877e-05 -8 -17 -9.5
2.25785e-05 -7.5 -16.5 -10
0.000550919 -3 -8.5 -20.5
0.000271654 -3.5 -8 -20
3.55863e-05 -8.5 -17.5 -9.5
4.35672e-05 -8 -17 -10
3.72561e-05 -7.5 -16.5 -10.5
2.69724e-05 -7 -16 -11
3.37325e-05 -8.5 -17.5 -10
4.88592e-05 -8 -17 -10.5
5.45333e-05 -7.5 -16.5 -11
5.03599e-05 -7 -16 -11.5
3.10322e-05 -6.5 -15.5 -12
2.88605e-05 -8.5 -17.5 -10.5
5.04462e-05 -8 -17 -11
7.05614e-05 -7.5 -16.5 -11.5
6.48355e-05 -6.5 -15.5 -12.5
7.49794e-05 -7 -16 -12
4.02265e-05 -6 -15 -13
4.61647e-05 -8 -17 -11.5
7.83167e-05 -7.5 -16.5 -12
9.49939e-05 -7 -16 -12.5
0.000101605 -6.5 -15.5 -13
8.66519e-05 -6 -15 -13.5
4.46106e-05 -5.5 -14.5 -14
3.97586e-05 -8 -17 -12
8.03846e-05 -7.5 -16.5 -12.5
0.000108763 -7 -16 -13
0.000131604 -6.5 -15.5 -13.5
0.000127884 -6 -15 -14
8.33668e-05 -5.5 -14.5 -14.5
3.19e-05 -8 -17 -12.5
7.08723e-05 -7.5 -16.5 -13
0.00011471 -7 -16 -13.5
0.000144259 -6.5 -15.5 -14
5.6519e-05 -7.5 -16.5 -13.5
0.000141508 -6.5 -15.5 -14.5
0.000104685 -7 -16 -14
0.000171088 -6 -15 -15
3.00225e-05 -4.5 -13.5 -16
7.90918e-05 -5 -14 -15.5
0.00013383 -5.5 -14.5 -15
3.60883e-05 -7.5 -16.5 -14
8.30478e-05 -7 -16 -14.5
5.22348e-05 -4.5 -13.5 -16.5
0.000134389 -6.5 -15.5 -15
0.000194062 -5.5 -14.5 -16
0.000109555 -6.5 -15.5 -15.5
0.000159091 -6 -15 -16
5.88937e-05 -7 -16 -15
7.16487e-05 -4.5 -13.5 -17
0.00018358 -5.5 -14.5 -16.5
0.000146265 -5 -14 -16.5
8.00896e-05 -4.5 -13.5 -17.5
3.57751e-05 -7 -16 -15.5
7.5815e-05 -6.5 -15.5 -16
0.000119747 -5 -14 -17.5
7.02744e-05 -6 -15 -17
4.18606e-05 -6.5 -15.5 -16.5
6.52421e-05 -4.5 -13.5 -18
0.000141589 -5.5 -14.5 -17
7.06877e-05 -5 -14 -18
3.03208e-05 -5 -14 -18.5
4.16656e-05 -5.5 -14.5 -18
3.3092e-05 -6 -15 -17.5
3.2231e-05 -4.5 -13.5 -18.5
8.75577e-05 -5.5 -14.5 -17.5
0.000117148 -6 -15 -16.5
0.000152432 -5 -14 -17
0.000175719 -6 -15 -15.5
0.000119986 -5 -14 -16
0.000177949 -5.5 -14.5 -15.5
0.000157394 -6 -15 -14.5
3.97934e-05 -5 -14 -15
0.000102204 -3.5 -8 -19
2.5518e-05 -3.5 -8 -18.5
3.81231e-05 -2.5 -8.5 -19
4.05446e-05 -3 -8 -18.5
9.31458e-05 -2.5 -8.5 -19.5
0.000170072 -3 -8 -19
0.000163937 -2.5 -8.5 -20
0.000388158 -3 -8 -19.5
0.000193902 -2.5 -8.5 -20.5
0.0005617 -3 -8 -20
8.471e-05 -3.5 -7.5 -19.5
0.000191061 -2.5 -8.5 -21
0.000152372 -2.5 -8.5 -21.5
0.000540859 -3 -8 -21
0.000126014 -3.5 -7.5 -20.5
6.90338e-05 -2.5 -8.5 -22
0.000366288 -3 -8 -21.5
0.000102419 -3.5 -7.5 -21
0.000156449 -3 -8 -22
2.2756e-05 -9 -18.5 -7.5
2.53861e-05 -3 -8 -22.5
3.08611e-05 -8.5 -18 -8
2.37723e-05 -3.5 -7.5 -22
2.57761e-05 -9 -18.5 -8
4.19274e-05 -8.5 -18 -8.5
4.25627e-05 -8 -17.5 -9
5.71251e-05 -3.5 -7.5 -21.5
2.55381e-05 -9 -18.5 -8.5
4.57033e-05 -8.5 -18 -9
5.55696e-05 -8 -17.5 -9.5
5.04725e-05 -7.5 -17 -10
2.67614e-05 -7 -16.5 -10.5
0.000596594 -3 -8 -20.5
4.58294e-05 -8.5 -18 -9.5
6.14855e-05 -8 -17.5 -10
6.67462e-05 -7.5 -17 -10.5
5.4922e-05 -7 -16.5 -11
2.52101e-05 -6.5 -16 -11.5
4.18464e-05 -8.5 -18 -10
6.46299e-05 -8 -17.5 -10.5
7.9664e-05 -7.5 -17 -11
7.95571e-05 -7 -16.5 -11.5
2.17516e-05 -6 -15.5 -12.5
5.33491e-05 -6.5 -16 -12
3.44361e-05 -8.5 -18 -10.5
6.38055e-05 -8 -17.5 -11
8.62482e-05 -7.5 -17 -11.5
9.91102e-05 -7 -16.5 -12
8.75121e-05 -6.5 -16 -12.5
4.8695e-05 -6 -15.5 -13
2.55151e-05 -8.5 -18 -11
5.73023e-05 -8 -17.5 -11.5
8.89983e-05 -7.5 -17 -12
0.000110486 -7 -16.5 -12.5
0.000113422 -6.5 -16 -13
8.38772e-05 -6 -15.5 -13.5
4.76139e-05 -8 -17.5 -12
8.33518e-05 -7.5 -17 -12.5
0.000113037 -7 -16.5 -13
0.000131245 -6.5 -16 -13.5
0.000120491 -6 -15.5 -14
2.97032e-05 -5 -14.5 -15
3.34647e-05 -8 -17.5 -12.5
7.13041e-05 -7.5 -17 -13
0.000109371 -7 -16.5 -13.5
0.00014432 -6 -15.5 -14.5
0.000138824 -6.5 -16 -14
4.96462e-05 -5 -14.5 -15.5
0.000104183 -5.5 -15 -15
2.0287e-05 -8 -17.5 -13
5.45643e-05 -7.5 -17 -13.5
9.52784e-05 -7 -16.5 -14
0.000130147 -6.5 -16 -14.5
0.000151497 -6 -15.5 -15
3.50751e-05 -7.5 -17 -14
7.13439e-05 -7 -16.5 -14.5
0.000135027 -6 -15.5 -15.5
0.000122127 -5.5 -15 -16
0.000108915 -6.5 -16 -15
6.83411e-05 -5 -14.5 -16
2.39198e-05 -4.5 -14 -17
7.71335e-05 -6.5 -16 -15.5
4.60636e-05 -7 -16.5 -15
0.000101213 -6 -15.5 -16
6.85661e-05 -5 -14.5 -17
2.69007e-05 -7 -16.5 -15.5
6.4803e-05 -5.5 -15 -17
6.07237e-05 -6 -15.5 -16.5
4.24123e-05 -5 -14.5 -17.5
2.12615e-05 -6.5 -16 -16.5
2.29511e-05 -5 -14.5 -18
2.95271e-05 -5.5 -15 -17.5
3.04614e-05 -6 -15.5 -17
4.50247e-05 -6.5 -16 -16
9.93053e-05 -5.5 -15 -16.5
7.65633e-05 -5 -14.5 -16.5
0.000122104 -5.5 -15 -15.5
7.30942e-05 -5.5 -15 -14.5
4.1713e-05 -5.5 -15 -14
0.000127867 -3.5 -7.5 -20
3.02175e-05 -3.5 -7.5 -19
6.13139e-05 -2.5 -8 -19
0.000182902 -2.5 -8 -19.5
0.000335057 -2.5 -8 -20
0.000408353 -2.5 -8 -20.5
0.00040323 -2.5 -8 -21
0.000559443 -3 -7.5 -20.5
0.000328525 -2.5 -8 -21.5
2.04503e-05 -3.5 -7 -21
0.00016855 -2.5 -8 -22
4.09624e-05 -2.5 -8 -22.5
2.12485e-05 -8.5 -18.5 -7.5
3.86529e-05 -3 -7.5 -22.5
2.18897e-05 -9 -19 -7.5
3.90227e-05 -8.5 -18.5 -8
3.77631e-05 -8 -18 -8.5
2.46547e-05 -9 -19 -8
4.24634e-05 -8.5 -18.5 -8.5
5.10739e-05 -8 -18 -9
0.000184755 -3 -7.5 -22
3.98125e-05 -7.5 -17.5 -9.5
0.000396399 -3 -7.5 -21.5
2.28473e-05 -9 -19 -8.5
4.34566e-05 -8.5 -18.5 -9
5.81151e-05 -8 -18 -9.5
5.74712e-05 -7.5 -17.5 -10
3.69323e-05 -7 -17 -10.5
4.18742e-05 -8.5 -18.5 -9.5
6.11373e-05 -8 -18 -10
7.07169e-05 -7.5 -17.5 -10.5
5.60062e-05 -7 -17 -11
3.72248e-05 -8.5 -18.5 -10
6.17073e-05 -8 -18 -10.5
7.91911e-05 -7.5 -17.5 -11
7.98524e-05 -7 -17 -11.5
3.07944e-05 -6.5 -16.5 -11.5
2.25284e-05 -6 -16 -12.5
5.15521e-05 -6.5 -16.5 -12
2.98408e-05 -8.5 -18.5 -10.5
5.86126e-05 -8 -18 -11
8.32569e-05 -7.5 -17.5 -11.5
9.48442e-05 -7 -17 -12
7.71336e-05 -6.5 -16.5 -12.5
2.08053e-05 -8.5 -18.5 -11
5.02429e-05 -8 -18 -11.5
8.09255e-05 -7.5 -17.5 -12
0.000101222 -7 -17 -12.5
0.000100847 -6.5 -16.5 -13
4.36169e-05 -6 -16 -13
3.02507e-05 -5.5 -15.5 -14
3.80882e-05 -8 -18 -12
7.02782e-05 -7.5 -17.5 -12.5
0.000100175 -7 -17 -13
0.000112199 -6.5 -16.5 -13.5
6.75836e-05 -6 -16 -13.5
4.68889e-05 -5.5 -15.5 -14.5
2.62114e-05 -8 -18 -12.5
5.64106e-05 -7.5 -17.5 -13
8.71156e-05 -7 -17 -13.5
0.000108933 -6.5 -16.5 -14
4.01875e-05 -7.5 -17.5 -13.5
6.76449e-05 -7 -17 -14
5.74218e-05 -5.5 -15.5 -15
8.85935e-05 -6.5 -16.5 -14.5
9.42321e-05 -6 -16 -14.5
2.48635e-05 -5 -15 -16
2.80045e-05 -7.5 -17.5 -14
4.3557e-05 -7 -17 -14.5
6.09853e-05 -5.5 -15.5 -15.5
6.57248e-05 -6 -16 -15.5
2.00353e-05 -7.5 -17.5 -14.5
2.3171e-05 -7 -17 -15
3.45522e-05 -6.5 -16.5 -15.5
2.66499e-05 -5.5 -15.5 -16.5
2.01486e-05 -7 -17 -16.5
4.05149e-05 -6 -16 -16
4.90994e-05 -5.5 -15.5 -16
5.9993e-05 -6.5 -16.5 -15
8.63038e-05 -6 -16 -15
8.68086e-05 -6 -16 -14
0.000537728 -3 -7.5 -21
2.45511e-05 -3.5 -7 -20.5
2.68326e-05 -3.5 -7 -20
0.000464424 -3 -7.5 -20
0.000270003 -3 -7.5 -19.5
9.6476e-05 -3 -7.5 -19
7.14135e-05 -2.5 -7.5 -19
0.000249535 -2.5 -7.5 -19.5
0.000487623 -2.5 -7.5 -20
0.000634656 -2.5 -7.5 -20.5
0.000637003 -2.5 -7.5 -21
0.000400117 -3 -7 -20.5
0.000524445 -2.5 -7.5 -21.5
0.000295182 -2.5 -7.5 -22
8.05393e-05 -2.5 -7.5 -22.5
2.63516e-05 -8.5 -19 -7.5
4.34071e-05 -3 -7 -22.5
3.30251e-05 -8.5 -19 -8
3.61359e-05 -8 -18.5 -8.5
2.07172e-05 -9.5 -20 -7.5
3.43421e-05 -8.5 -19 -8.5
4.47993e-05 -8 -18.5 -9
3.78695e-05 -7.5 -18 -9.5
0.000171415 -3 -7 -22
0.000305697 -3 -7 -21.5
3.18953e-05 -8.5 -19 -9
4.83312e-05 -8 -18.5 -9.5
5.01779e-05 -7.5 -18 -10
3.42654e-05 -7 -17.5 -10.5
2.93586e-05 -8.5 -19 -9.5
4.97117e-05 -8 -18.5 -10
6.11228e-05 -7.5 -18 -10.5
4.9486e-05 -7 -17.5 -11
2.66807e-05 -6.5 -17 -11.5
2.50943e-05 -8.5 -19 -10
4.70403e-05 -8 -18.5 -10.5
6.51813e-05 -7.5 -18 -11
6.25879e-05 -7 -17.5 -11.5
3.97508e-05 -8 -18.5 -11
6.34767e-05 -7.5 -18 -11.5
6.97049e-05 -7 -17.5 -12
2.71488e-05 -6 -16.5 -13
2.95942e-05 -8 -18.5 -11.5
5.26623e-05 -7.5 -18 -12
7.2939e-05 -7 -17.5 -12.5
3.73177e-05 -6 -16.5 -13.5
6.21593e-05 -6.5 -17 -13
2.01908e-05 -8 -18.5 -12
3.8677e-05 -7.5 -18 -12.5
6.24434e-05 -7 -17.5 -13
4.30342e-05 -6 -16.5 -14
2.57947e-05 -7.5 -18 -13
4.87933e-05 -7 -17.5 -13.5
4.33254e-05 -6 -16.5 -14.5
3.51535e-05 -7 -17.5 -14
5.38515e-05 -6.5 -17 -14
2.42964e-05 -7 -17.5 -14.5
2.14251e-05 -7.5 -18 -14.5
2.76054e-05 -6 -16.5 -15
3.74475e-05 -6.5 -17 -14.5
6.55189e-05 -6.5 -17 -13.5
5.30245e-05 -6.5 -17 -12.5
4.05623e-05 -6.5 -17 -12
0.000383799 -3 -7 -21
0.000329822 -3 -7 -20
0.000169828 -3 -7 -19.5
4.437e-05 -3 -7 -19
2.52031e-05 -2 -7.5 -19.5
6.75821e-05 -2.5 -7 -19
6.33319e-05 -2 -7.5 -20
0.000257382 -2.5 -7 -19.5
0.00010382 -2 -7.5 -20.5
0.00052789 -2.5 -7 -20
0.000129501 -2 -7.5 -21
0.000130227 -2 -7.5 -21.5
0.000715072 -2.5 -7 -21
0.00020719 -3 -6.5 -20.5
0.000101924 -2 -7.5 -22
0.000618253 -2.5 -7 -21.5
4.20702e-05 -2 -7.5 -22.5
0.000390286 -2.5 -7 -22
2.81701e-05 -3 -6.5 -22.5
2.75365e-05 -8 -19 -8.5
3.03195e-05 -8 -19 -9
3.09494e-05 -8 -19 -9.5
2.46548e-05 -7.5 -18.5 -9.5
3.3432e-05 -7.5 -18.5 -10
0.000131547 -2.5 -7 -22.5
2.00199e-05 -9 -20 -9
2.79148e-05 -8 -19 -10
3.00961e-05 -7 -18 -11
3.68668e-05 -7.5 -18.5 -10.5
2.24401e-05 -8 -19 -10.5
3.54648e-05 -7 -18 -11.5
3.80553e-05 -7.5 -18.5 -11
3.70344e-05 -7 -18 -12
3.05385e-05 -7.5 -18.5 -11.5
2.30706e-05 -6.5 -17.5 -12.5
2.91805e-05 -7 -18 -12.5
2.03473e-05 -7.5 -18.5 -12
2.75165e-05 -6.5 -17.5 -13
2.08208e-05 -6.5 -17.5 -13.5
2.08634e-05 -6.5 -17.5 -14
9.08695e-05 -3 -6.5 -22
0.000166172 -3 -6.5 -21.5
0.000200097 -3 -6.5 -21
0.000708097 -2.5 -7 -20.5
0.000159105 -3 -6.5 -20
6.70778e-05 -3 -6.5 -19.5
5.99436e-05 -2 -7 -19.5
3.45719e-05 -2.5 -6.5 -19
0.000162559 -2 -7 -20
0.000173878 -2.5 -6.5 -19.5
0.000273808 -2 -7 -20.5
0.000341747 -2 -7 -21
4.84884e-05 -3 -6 -20.5
0.000346564 -2 -7 -21.5
0.000262142 -2 -7 -22
0.000627485 -2.5 -6.5 -21.5
0.000119624 -2 -7 -22.5
0.000420067 -2.5 -6.5 -22
2.15242e-05 -2 -7 -23
2.1891e-05 -2.5 -6.5 -23
0.000166694 -2.5 -6.5 -22.5
2.64347e-05 -3 -6 -22
3.83216e-05 -3 -6 -21.5
4.52412e-05 -3 -6 -21
0.000711884 -2.5 -6.5 -21
0.00070313 -2.5 -6.5 -20.5
3.80731e-05 -3 -6 -20
0.000463353 -2.5 -6.5 -20
2.13699e-05 -2 -6.5 -19
0.000104145 -2 -6.5 -19.5
0.000293354 -2 -6.5 -20
0.000503994 -2 -6.5 -20.5
0.000621964 -2 -6.5 -21
0.000625414 -2 -6.5 -21.5
0.000483198 -2 -6.5 -22
0.000487978 -2.5 -6 -21.5
0.000222556 -2 -6.5 -22.5
0.000371173 -2.5 -6 -22
3.94134e-05 -2 -6.5 -23
2.87636e-05 -2.5 -6 -23
0.000169769 -2.5 -6 -22.5
0.000513206 -2.5 -6 -21
0.000477292 -2.5 -6 -20.5
0.000289552 -2.5 -6 -20
9.77044e-05 -2.5 -6 -19.5
2.2937e-05 -2 -6 -19
0.000359106 -2 -6 -20
4.12471e-05 -1.5 -6.5 -21
0.000647952 -2 -6 -20.5
5.64972e-05 -1.5 -6.5 -21.5
0.000790784 -2 -6 -21
5.62073e-05 -1.5 -6.5 -22
0.000775039 -2 -6 -21.5
3.97274e-05 -1.5 -6.5 -22.5
0.000627965 -2 -6 -22
0.000325461 -2 -6 -22.5
7.55236e-05 -2 -6 -23
0.000107805 -2.5 -5.5 -22.5
3.10937e-05 -2.5 -5.5 -23
0.00020087 -2.5 -5.5 -22
0.000259083 -2.5 -5.5 -21.5
0.000277112 -2.5 -5.5 -21
0.000255275 -2.5 -5.5 -20.5
0.00014426 -2.5 -5.5 -20
3.96043e-05 -2.5 -5.5 -19.5
0.000119007 -2 -6 -19.5
4.51866e-05 -1.5 -6 -20
0.000120934 -1.5 -6 -20.5
0.000190651 -1.5 -6 -21
0.000645206 -2 -5.5 -20.5
3.4258e-05 -2.5 -5 -20
0.000208534 -1.5 -6 -21.5
0.000807168 -2 -5.5 -21
0.000198052 -1.5 -6 -22
0.000136225 -1.5 -6 -22.5
4.92074e-05 -1.5 -6 -23
0.000113606 -2 -5.5 -23
3.89246e-05 -2.5 -5 -22.5
0.000369429 -2 -5.5 -22.5
6.10961e-05 -2.5 -5 -22
0.000666287 -2 -5.5 -22
7.21439e-05 -2.5 -5 -21.5
0.000795654 -2 -5.5 -21.5
7.60437e-05 -2.5 -5 -21
6.88965e-05 -2.5 -5 -20.5
0.000332278 -2 -5.5 -20
8.62564e-05 -2 -5.5 -19.5
2.44168e-05 -1.5 -5.5 -19.5
0.000111679 -1.5 -5.5 -20
0.000295253 -1.5 -5.5 -20.5
0.000459141 -1.5 -5.5 -21
0.000411871 -2 -5 -20.5
0.000483386 -1.5 -5.5 -21.5
0.000589072 -2 -5 -21
0.000446814 -1.5 -5.5 -22
0.000296083 -1.5 -5.5 -22.5
0.000108474 -1.5 -5.5 -23
0.000138219 -2 -5 -23
0.000366547 -2 -5 -22.5
0.000541935 -2 -5 -22
0.000596136 -2 -5 -21.5
0.000176095 -2 -5 -20
3.93732e-05 -2 -5 -19.5
3.60575e-05 -1.5 -5 -19.5
0.000171095 -1.5 -5 -20
0.00045049 -1.5 -5 -20.5
0.000709438 -1.5 -5 -21
0.000230155 -2 -4.5 -20.5
0.000752731 -1.5 -5 -21.5
0.000702137 -1.5 -5 -22
0.000372169 -2 -4.5 -21.5
0.000484368 -1.5 -5 -22.5
0.000343381 -2 -4.5 -22
0.000204846 -1.5 -5 -23
3.67338e-05 -1.5 -5 -23.5
2.32756e-05 -2 -4.5 -23.5
0.000125273 -2 -4.5 -23
0.000246444 -2 -4.5 -22.5
0.000358865 -2 -4.5 -21
8.30202e-05 -2 -4.5 -20
3.46068e-05 -1.5 -4.5 -19.5
0.000172533 -1.5 -4.5 -20
3.12626e-05 -1 -5 -21
4.80499e-05 -1 -5 -21.5
5.15723e-05 -1 -5 -22
0.000843567 -1.5 -4.5 -21.5
4.56395e-05 -1 -5 -22.5
0.000614811 -1.5 -4.5 -22.5
0.000313721 -1.5 -4.5 -23
0.000117248 -2 -4 -22.5
7.76642e-05 -1.5 -4.5 -23.5
6.59537e-05 -2 -4 -23
0.00014871 -2 -4 -22
0.000795236 -1.5 -4.5 -22
0.000152018 -2 -4 -21.5
0.000130268 -2 -4 -21
0.000775036 -1.5 -4.5 -21
6.65235e-05 -2 -4 -20.5
0.000473876 -1.5 -4.5 -20.5
2.01662e-05 -2 -4 -20
2.36587e-05 -1 -4.5 -20
8.39549e-05 -1 -4.5 -20.5
9.20032e-05 -1.5 -4 -20
0.000163187 -1 -4.5 -21
0.000206726 -1 -4.5 -21.5
0.000209781 -1 -4.5 -22
0.000193244 -1 -4.5 -22.5
0.000125514 -1 -4.5 -23
0.000658213 -1.5 -4 -22.5
2.51908e-05 -2 -3.5 -22
4.06589e-05 -1 -4.5 -23.5
0.000364437 -1.5 -4 -23
0.000121114 -1.5 -4 -23.5
0.000784582 -1.5 -4 -22
2.64519e-05 -2 -3.5 -21.5
0.000778717 -1.5 -4 -21.5
2.17863e-05 -2 -3.5 -21
0.000620827 -1.5 -4 -21
0.000319574 -1.5 -4 -20.5
5.40296e-05 -1 -4 -20
0.000192214 -1 -4 -20.5
0.000394723 -1 -4 -21
0.000547737 -1 -4 -22
0.000506415 -1 -4 -22.5
0.000591019 -1.5 -3.5 -22
0.000347539 -1 -4 -23
0.000141232 -1 -4 -23.5
0.000364076 -1.5 -3.5 -23
2.07576e-05 -1 -4 -24
0.000135283 -1.5 -3.5 -23.5
0.000537224 -1.5 -3.5 -22.5
0.000586235 -1.5 -3.5 -21.5
0.000537532 -1 -4 -21.5
0.000419581 -1.5 -3.5 -21
0.000185628 -1.5 -3.5 -20.5
4.5462e-05 -1.5 -3.5 -20
7.03125e-05 -1 -3.5 -20
0.000636245 -1 -3.5 -21
0.000998042 -1 -3.5 -22
0.00035255 -1.5 -3 -21.5
0.000941882 -1 -3.5 -22.5
0.000355863 -1.5 -3 -22
4.17713e-05 -1 -3.5 -24
7.77135e-05 -1.5 -3 -23.5
0.000283657 -1 -3.5 -23.5
0.00020054 -1.5 -3 -23
0.000667252 -1 -3.5 -23
0.000312191 -1.5 -3 -22.5
0.000942837 -1 -3.5 -21.5
0.000246123 -1.5 -3 -21
0.00010056 -1.5 -3 -20.5
0.000280904 -1 -3.5 -20.5
2.3871e-05 -1.5 -3 -20
7.65139e-05 -1 -3 -20
0.000336151 -1 -3 -20.5
0.000832004 -1 -3 -21
9.23091e-05 -1.5 -2.5 -21.5
0.00135771 -1 -3 -22.5
5.09647e-05 -1 -3 -24
0.000407884 -1 -3 -23.5
4.47174e-05 -1.5 -2.5 -23
0.000972996 -1 -3 -23
7.08313e-05 -1.5 -2.5 -22.5
8.64022e-05 -1.5 -2.5 -22
0.00143456 -1 -3 -22
0.00131238 -1 -3 -21.5
7.76601e-05 -1.5 -2.5 -21
2.95531e-05 -1.5 -2.5 -20.5
2.46907e-05 -0.5 -3 -20.5
9.5362e-05 -0.5 -3 -21
0.000230335 -0.5 -3 -21.5
0.000929494 -1 -2.5 -21
0.000355974 -0.5 -3 -22
0.00039704 -0.5 -3 -22.5
0.000368343 -0.5 -3 -23
0.000231588 -0.5 -3 -23.5
6.94405e-05 -0.5 -3 -24
3.95743e-05 -1 -2.5 -24
0.000417075 -1 -2.5 -23.5
0.00102368 -1 -2.5 -23
0.00145585 -1 -2.5 -22.5
0.00155236 -1 -2.5 -22
0.00145953 -1 -2.5 -21.5
0.000377414 -1 -2.5 -20.5
8.45496e-05 -1 -2.5 -20
7.30417e-05 -0.5 -2.5 -20
0.00034049 -0.5 -2.5 -20.5
0.000967051 -0.5 -2.5 -21
0.00169577 -0.5 -2.5 -21.5
0.00196666 -0.5 -2.5 -22
0.00188708 -0.5 -2.5 -22.5
0.000641477 -0.5 -2.5 -23.5
8.07086e-05 -0.5 -2.5 -24
0.000188988 -1 -2 -23.5
0.000493693 -1 -2 -23
0.0014252 -0.5 -2.5 -23
0.000739833 -1 -2 -22.5
0.000810643 -1 -2 -22
0.000793257 -1 -2 -21.5
0.000524771 -1 -2 -21
0.000208376 -1 -2 -20.5
4.77056e-05 -1 -2 -20
2.67228e-05 -0.5 -2 -19.5
0.000147044 -0.5 -2 -20
0.000676964 -0.5 -2 -20.5
0.000819576 -0.5 -2 -23.5
7.41567e-05 -0.5 -2 -24
3.75813e-05 -1 -1.5 -23.5
0.000103612 -1 -1.5 -23
0.00197714 -0.5 -2 -23
0.00015485 -1 -1.5 -22.5
0.0027997 -0.5 -2 -22.5
0.000169583 -1 -1.5 -22
0.00298428 -0.5 -2 -22
0.00016565 -1 -1.5 -21.5
0.00282728 -0.5 -2 -21.5
0.000108614 -1 -1.5 -21
0.00178258 -0.5 -2 -21
4.20922e-05 -1 -1.5 -20.5
0.0028102 -0.5 -1.5 -21.5
0.0029068 -0.5 -1.5 -22
0.00268501 -0.5 -1.5 -22.5
0.00180019 -0.5 -1.5 -23
3.57831e-05 -0.5 -1.5 -24
0.000657497 -0.5 -1.5 -23.5
0.00181244 -0.5 -1.5 -21
0.000689936 -0.5 -1.5 -20.5
0.000148812 -0.5 -1.5 -20
2.70723e-05 -0.5 -1.5 -19.5
4.24167e-05 -0.5 -1 -20
0.000205966 -0.5 -1 -20.5
0.000552893 -0.5 -1 -21
0.000153838 -0.5 -1 -23.5
0.000440429 -0.5 -1 -23
0.000706623 -0.5 -1 -22.5
0.000804905 -0.5 -1 -22
0.000804075 -0.5 -1 -21.5
2.75644e-05 -0.5 -0.5 -23
4.37104e-05 -0.5 -0.5 -22.5
4.79445e-05 -0.5 -0.5 -22
4.70573e-05 -0.5 -0.5 -21.5
2.98393e-05 -0.5 -0.5 -21
2.75435e-05 0 0 -19.5
0.000144297 0 0 -20
0.000683727 0 0 -20.5
0.00201639 0 0 -21
0.00362518 0 0 -21.5
0.00425279 0 0 -22
0.00414946 0 0 -22.5
0.00340507 0 0 -23
0.0018707 0 0 -23.5
0.000452191 0 0 -24
0.000281164 0 0.5 -24
0.00151188 0 0.5 -23.5
0.00299448 0 0.5 -23
0.00379338 0 0.5 -22.5
0.00391958 0 0.5 -22
0.00346662 0 0.5 -21.5
0.00199327 0 0.5 -21
0.000696606 0 0.5 -20.5
0.000146816 0 0.5 -20
2.70738e-05 0 0.5 -19.5
2.08245e-05 0.5 0.5 -20
0.000521511 0.5 0.5 -22
0.000904877 0 1 -21.5
3.44292e-05 0 1 -24
3.79563e-05 0.5 0.5 -24
0.000298238 0 1 -23.5
0.000195774 0.5 0.5 -23.5
0.000696174 0 1 -23
0.000388964 0.5 0.5 -23
0.000951391 0 1 -22.5
0.000501184 0.5 0.5 -22.5
0.00099688 0 1 -22
0.000467009 0.5 0.5 -21.5
0.000529778 0 1 -21
0.000268868 0.5 0.5 -21
0.00018476 0 1 -20.5
9.43838e-05 0.5 0.5 -20.5
3.77999e-05 0 1 -20
0.00111224 0.5 1 -21.5
0.00115555 0.5 1 -22.5
0.000462703 0.5 1 -23.5
8.466e-05 0.5 1 -24
0.000907285 0.5 1 -23
0.00120534 0.5 1 -22
0.000664624 0.5 1 -21
0.000236978 0.5 1 -20.5
5.04213e-05 0.5 1 -20
8.19252e-05 0.5 1.5 -20
3.56778e-05 1 1 -21
0.000372077 0.5 1.5 -20.5
5.85265e-05 1 1 -21.5
0.000954708 0.5 1.5 -21
6.22027e-05 1 1 -22
5.88869e-05 1 1 -22.5
0.00155619 0.5 1.5 -22
4.46426e-05 1 1 -23
0.00104967 0.5 1.5 -23
6.29455e-05 0.5 1.5 -24
0.000461909 0.5 1.5 -23.5
0.00146666 0.5 1.5 -22.5
0.00148411 0.5 1.5 -21.5
7.96546e-05 1 1.5 -20.5
0.000205746 1 1.5 -21
0.000324664 1 1.5 -22
0.00139009 0.5 2 -21.5
0.000301481 1 1.5 -22.5
0.000212418 1 1.5 -23
0.00135353 0.5 2 -22.5
9.42067e-05 1 1.5 -23.5
0.000386641 0.5 2 -23.5
3.612e-05 0.5 2 -24
0.000949138 0.5 2 -23
0.00144513 0.5 2 -22
0.000315356 1 1.5 -21.5
0.000915039 0.5 2 -21
0.00036755 0.5 2 -20.5
8.29028e-05 0.5 2 -20
0.000214976 1 2 -20.5
0.000515892 1 2 -21
0.000232636 0.5 2.5 -20.5
0.000757964 1 2 -21.5
0.000772802 1 2 -22
0.000714458 1 2 -22.5
0.000884225 0.5 2.5 -22
0.000208255 1 2 -23.5
0.000573911 0.5 2.5 -23
2.36276e-05 1 2 -24
0.00022559 0.5 2.5 -23.5
0.000494576 1 2 -23
0.000828883 0.5 2.5 -22.5
0.000845003 0.5 2.5 -21.5
0.000559235 0.5 2.5 -21
5.389e-05 0.5 2.5 -20
5.05046e-05 1 2 -20
9.9244e-05 1 2.5 -20
0.000439677 1 2.5 -20.5
2.5684e-05 1.5 2 -21.5
0.00107501 1 2.5 -21
2.61208e-05 1.5 2 -22
2.37487e-05 1.5 2 -22.5
0.00149025 1 2.5 -22
0.00082387 1 2.5 -23
7.36944e-05 0.5 3 -23.5
0.000269843 1 2.5 -23.5
0.000174888 0.5 3 -23
0.000246943 0.5 3 -22.5
0.00131672 1 2.5 -22.5
0.000260845 0.5 3 -22
0.000241259 0.5 3 -21.5
0.00149089 1 2.5 -21.5
0.000154765 0.5 3 -21
6.31669e-05 0.5 3 -20.5
2.9253e-05 1 3 -19.5
7.07813e-05 1.5 2.5 -20.5
0.000175768 1.5 2.5 -21
0.000239465 1.5 2.5 -21.5
0.000236693 1.5 2.5 -22
0.00151966 1 3 -21.5
0.000205238 1.5 2.5 -22.5
0.00012702 1.5 2.5 -23
0.00131478 1 3 -22.5
4.88001e-05 1.5 2.5 -23.5
0.000246972 1 3 -23.5
0.000803232 1 3 -23
0.00150893 1 3 -22
0.00119546 1 3 -21
0.000597516 1 3 -20.5
0.000159791 1 3 -20
0.000275334 1.5 3 -20.5
0.00015982 1 3.5 -20
0.00067511 1.5 3 -21.5
0.00106136 1 3.5 -21
0.000657599 1.5 3 -22
0.000545595 1.5 3 -22.5
0.00128962 1 3.5 -22
0.000316978 1.5 3 -23
9.45888e-05 1.5 3 -23.5
0.000621612 1 3.5 -23
0.00015966 1 3.5 -23.5
0.00109221 1 3.5 -22.5
0.0013076 1 3.5 -21.5
0.000555246 1.5 3 -21
0.000550586 1 3.5 -20.5
7.2281e-05 1.5 3 -20
3.0236e-05 1 3.5 -19.5
0.000146202 1.5 3.5 -20
0.000943271 1.5 3.5 -21
0.00107112 1.5 3.5 -22
0.000748181 1 4 -21.5
0.000883333 1.5 3.5 -22.5
0.000495873 1.5 3.5 -23
0.000621787 1 4 -22.5
0.000109826 1.5 3.5 -23.5
7.87652e-05 1 4 -23.5
0.00033799 1 4 -23
0.000740331 1 4 -22
0.00110024 1.5 3.5 -21.5
0.000611439 1 4 -21
0.000326819 1 4 -20.5
0.000497242 1.5 3.5 -20.5
0.0001036 1 4 -20
2.00262e-05 1 4 -19.5
2.79995e-05 1.5 3.5 -19.5
2.26586e-05 2 3.5 -20
5.04254e-05 1.5 4 -19.5
7.0645e-05 2 3.5 -20.5
0.000273738 1.5 4 -20
0.000124809 2 3.5 -21
0.000831288 1.5 4 -20.5
0.000132277 2 3.5 -21.5
0.00137205 1.5 4 -21
0.000124707 2 3.5 -22
0.00147999 1.5 4 -21.5
9.83692e-05 2 3.5 -22.5
5.33831e-05 2 3.5 -23
0.00106497 1.5 4 -22.5
0.000261137 1 4.5 -22
8.96101e-05 1.5 4 -23.5
0.000119791 1 4.5 -23
2.59148e-05 1 4.5 -23.5
0.000503282 1.5 4 -23
0.000218722 1 4.5 -22.5
0.00141364 1.5 4 -22
0.000262002 1 4.5 -21.5
0.000209602 1 4.5 -21
0.000113119 1 4.5 -20.5
3.56101e-05 1 4.5 -20
0.000102381 2 4 -20
0.000299771 2 4 -20.5
0.000368399 1.5 4.5 -20
0.00047509 2 4 -21
0.000487879 2 4 -21.5
0.00132638 1.5 4.5 -21
0.000449206 2 4 -22
0.000320932 2 4 -22.5
0.00133937 1.5 4.5 -22
0.000151085 2 4 -23
2.33207e-05 2 4 -23.5
0.000426827 1.5 4.5 -23
5.12147e-05 1.5 4.5 -23.5
2.87341e-05 1 5 -22.5
0.000977454 1.5 4.5 -22.5
3.50324e-05 1 5 -22
3.05952e-05 1 5 -21.5
0.00141197 1.5 4.5 -21.5
0.000857046 1.5 4.5 -20.5
8.63852e-05 1.5 4.5 -19.5
0.000268577 2 4.5 -20
0.000889045 2 4.5 -21
0.000832988 2 4.5 -22
0.00102548 1.5 5 -21.5
0.00059719 2 4.5 -22.5
0.00023707 2 4.5 -23
0.000698043 1.5 5 -22.5
2.13436e-05 2 4.5 -23.5
2.37656e-05 1.5 5 -23.5
0.000264924 1.5 5 -23
0.000990851 1.5 5 -22
0.000898763 2 4.5 -21.5
0.000970153 1.5 5 -21
0.000680991 1.5 5 -20.5
0.000627738 2 4.5 -20.5
0.000314697 1.5 5 -20
8.19933e-05 1.5 5 -19.5
6.08724e-05 2 4.5 -19.5
2.17959e-05 2 5 -19
2.73839e-05 2.5 4.5 -20
0.000125039 2 5 -19.5
5.89539e-05 2.5 4.5 -20.5
7.19971e-05 2.5 4.5 -21
0.00098628 2 5 -20.5
6.9523e-05 2.5 4.5 -21.5
5.93274e-05 2.5 4.5 -22
0.00131068 2 5 -21.5
4.13196e-05 2.5 4.5 -22.5
0.000659209 2 5 -22.5
0.000516921 1.5 5.5 -22
0.000124145 1.5 5.5 -23
0.000223566 2 5 -23
0.000356991 1.5 5.5 -22.5
0.00111114 2 5 -22
0.000531074 1.5 5.5 -21.5
0.000492611 1.5 5.5 -21
0.00130725 2 5 -21
0.000349878 1.5 5.5 -20.5
0.000169822 1.5 5.5 -20
0.000473891 2 5 -20
5.25389e-05 1.5 5.5 -19.5
3.65621e-05 2.5 5 -19.5
4.51586e-05 2 5.5 -19
0.000140717 2.5 5 -20
0.000289719 2.5 5 -20.5
0.000738683 2 5.5 -20
0.000351462 2.5 5 -21
0.000342234 2.5 5 -21.5
0.00140905 2 5.5 -21
0.000279929 2.5 5 -22
0.000158219 2.5 5 -22.5
0.00109351 2 5.5 -22
4.78826e-05 2.5 5 -23
0.000162803 2 5.5 -23
3.96508e-05 1.5 6 -23
0.000124005 1.5 6 -22.5
0.000615804 2 5.5 -22.5
0.000183246 1.5 6 -22
0.000191357 1.5 6 -21.5
0.00135853 2 5.5 -21.5
0.000174916 1.5 6 -21
0.000127911 1.5 6 -20.5
0.00125756 2 5.5 -20.5
6.70127e-05 1.5 6 -20
2.30808e-05 1.5 6 -19.5
0.00024585 2 5.5 -19.5
2.63066e-05 2.5 5.5 -19
0.000146466 2.5 5.5 -19.5
0.00042639 2.5 5.5 -20
0.000311992 2 6 -19.5
0.000749489 2.5 5.5 -21
0.00118219 2 6 -20.5
0.000704017 2.5 5.5 -21.5
0.000537262 2.5 5.5 -22
0.00123172 2 6 -21.5
0.000289941 2.5 5.5 -22.5
6.06576e-05 2.5 5.5 -23
0.00046198 2 6 -22.5
8.68239e-05 2 6 -23
2.638e-05 1.5 6.5 -22
0.000937695 2 6 -22
3.44372e-05 1.5 6.5 -21.5
3.02225e-05 1.5 6.5 -21
0.00128385 2 6 -21
0.000701326 2.5 5.5 -20.5
0.000746749 2 6 -20
7.26374e-05 2 6 -19
6.83766e-05 2.5 6 -19
3.06531e-05 3 5.5 -20
0.000302747 2.5 6 -19.5
6.26965e-05 2 6.5 -19
4.26473e-05 3 5.5 -20.5
4.03853e-05 3 5.5 -21
0.00105729 2.5 6 -20.5
3.35285e-05 3 5.5 -21.5
2.1849e-05 3 5.5 -22
0.00103301 2.5 6 -21.5
0.000869644 2 6.5 -21
0.000312495 2.5 6 -22.5
0.000584539 2 6.5 -22
3.09433e-05 2 6.5 -23
4.63314e-05 2.5 6 -23
0.000253875 2 6.5 -22.5
0.00074641 2.5 6 -22
0.000819636 2 6.5 -21.5
0.00108866 2.5 6 -21
0.000825968 2 6.5 -20.5
0.00058389 2 6.5 -20
0.000719296 2.5 6 -20
0.000254718 2 6.5 -19.5
2.02072e-05 3 6 -19
2.37387e-05 2.5 6.5 -18.5
8.07748e-05 3 6 -19.5
0.000147603 2.5 6.5 -19
0.000186918 3 6 -20
0.000228317 3 6 -20.5
0.00111501 2.5 6.5 -20
0.00021799 3 6 -21
0.000188342 3 6 -21.5
0.00137053 2.5 6.5 -21
0.000110307 3 6 -22
4.45554e-05 3 6 -22.5
0.000721456 2.5 6.5 -22
2.26601e-05 2.5 6.5 -23
9.71312e-05 2 7 -22.5
0.000259879 2.5 6.5 -22.5
0.000268284 2 7 -22
0.000395512 2 7 -21.5
0.0011666 2.5 6.5 -21.5
0.000425714 2 7 -21
0.000404204 2 7 -20.5
0.00138914 2.5 6.5 -20.5
0.000296136 2 7 -20
0.000143138 2 7 -19.5
0.000544 2.5 6.5 -19.5
3.82384e-05 2 7 -19
8.00927e-05 3 6.5 -19
0.000291189 3 6.5 -19.5
0.00053763 3 6.5 -20
0.000763639 2.5 7 -19.5
0.000592936 3 6.5 -20.5
0.000559741 3 6.5 -21
0.00136662 2.5 7 -20.5
0.000451292 3 6.5 -21.5
0.000263566 3 6.5 -22
0.00107854 2.5 7 -21.5
8.03012e-05 3 6.5 -22.5
0.00015841 2.5 7 -22.5
8.03461e-05 2 7.5 -22
0.000588681 2.5 7 -22
0.000137502 2 7.5 -21.5
0.000153794 2 7.5 -21
0.00133208 2.5 7 -21
0.000146069 2 7.5 -20.5
0.000110478 2 7.5 -20
0.00120812 2.5 7 -20
6.07489e-05 2 7.5 -19.5
0.000298547 2.5 7 -19
5.9154e-05 2.5 7 -18.5
0.000242224 3 7 -19
8.22555e-05 2.5 7.5 -18.5
2.0818e-05 3.5 6.5 -20
0.000613219 3 7 -19.5
0.000299612 2.5 7.5 -19
0.000983352 3 7 -20.5
0.00101134 2.5 7.5 -20
0.000723533 3 7 -21.5
0.00111904 2.5 7.5 -21
0.000341234 3 7 -22
7.13097e-05 3 7 -22.5
0.000371473 2.5 7.5 -22
6.36095e-05 2.5 7.5 -22.5
0.000821028 2.5 7.5 -21.5
2.292e-05 2 8 -21
0.00094935 3 7 -21
0.00114698 2.5 7.5 -20.5
0.000929914 3 7 -20
0.000685438 2.5 7.5 -19.5
4.7645e-05 3 7 -18.5
5.01279e-05 3.5 7 -19
0.000124427 3 7.5 -18.5
0.000111455 3.5 7 -19.5
0.000478851 3 7.5 -19
0.00013212 3.5 7 -20
0.000121999 3.5 7 -20.5
0.00132338 3 7.5 -20
0.000112835 3.5 7 -21
7.60783e-05 3.5 7 -21.5
0.00111989 3 7.5 -21
3.40004e-05 3.5 7 -22
0.000304915 3 7.5 -22
0.000441105 2.5 8 -21.5
4.12569e-05 3 7.5 -22.5
0.000160665 2.5 8 -22
0.000728025 3 7.5 -21.5
0.000674314 2.5 8 -21
0.00071424 2.5 8 -20.5
0.00131209 3 7.5 -20.5
0.000624461 2.5 8 -20
0.000444884 2.5 8 -19.5
0.000974798 3 7.5 -19.5
0.000223826 2.5 8 -19
6.8093e-05 2.5 8 -18.5
5.77476e-05 3.5 7.5 -18.5
6.07454e-05 3 8 -18
4.5732e-05 2.5 8.5 -18.5
0.000214631 3.5 7.5 -19
0.000407029 3.5 7.5 -19.5
0.000473804 3.5 7.5 -20
0.00124997 3 8 -19.5
0.000446019 3.5 7.5 -20.5
0.000354547 3.5 7.5 -21
0.00134165 3 8 -20.5
0.000277683 2.5 8.5 -20
0.0002058 3.5 7.5 -21.5
6.99447e-05 3.5 7.5 -22
0.000645758 3 8 -21.5
3.15573e-05 2.5 8.5 -22
0.000202611 3 8 -22
0.000167038 2.5 8.5 -21.5
0.00029516 2.5 8.5 -21
0.00108662 3 8 -21
0.000317064 2.5 8.5 -20.5
0.00140734 3 8 -20
0.000212682 2.5 8.5 -19.5
0.000121143 2.5 8.5 -19
0.000798745 3 8 -19
0.000315411 3 8 -18.5
4.33222e-05 3.5 8 -18
2.61802e-05 3 8.5 -17.5
0.000386461 3 8.5 -18.5
0.000832934 3.5 8 -19.5
0.000818582 3 8.5 -19
7.86409e-05 2.5 9 -19.5
0.00087144 3.5 8 -20
9.5784e-05 2.5 9 -20
0.000794387 3.5 8 -20.5
0.000311863 3.5 8 -21.5
0.000905964 3 8.5 -21
0.000106373 2.5 9 -20.5
8.82613e-05 3 8.5 -22
2.14293e-05 2.5 9 -21.5
7.30326e-05 3.5 8 -22
0.000436356 3 8.5 -21.5
8.71832e-05 2.5 9 -21
0.000612441 3.5 8 -21
0.00123077 3 8.5 -20.5
0.00130604 3 8.5 -20
0.00120242 3 8.5 -19.5
5.13596e-05 2.5 9 -19
2.41347e-05 2.5 9 -18.5
0.000563757 3.5 8 -19
0.000226306 3.5 8 -18.5
0.000124228 3 8.5 -18
2.3671e-05 3.5 8.5 -17.5
3.74638e-05 4 8 -18.5
7.52347e-05 4 8 -19
0.000492431 3.5 8.5 -18.5
9.24366e-05 4 8 -19.5
0.000899647 3.5 8.5 -19
8.05593e-05 4 8 -20
6.80681e-05 4 8 -20.5
0.000944205 3 9 -20
4.61411e-05 4 8 -21
0.000682274 3.5 8.5 -21
5.16396e-05 3.5 8.5 -22
0.00020472 3 9 -21.5
0.000293122 3.5 8.5 -21.5
0.000571492 3 9 -21
0.000857498 3 9 -20.5
0.00105446 3.5 8.5 -20.5
0.0011848 3.5 8.5 -20
0.000900382 3 9 -19.5
0.00114418 3.5 8.5 -19.5
0.000686085 3 9 -19
0.000343173 3 9 -18.5
0.000121027 3 9 -18
0.000153706 3.5 8.5 -18
2.69601e-05 3 9 -17.5
0.000192546 4 8.5 -18.5
0.000345187 3.5 9 -18
2.40467e-05 3 9.5 -17.5
0.00021829 3 9.5 -18.5
0.000324964 4 8.5 -19
0.000363574 4 8.5 -19.5
0.000338334 4 8.5 -20
0.000252924 4 8.5 -20.5
0.00133104 3.5 9 -20
0.000133285 4 8.5 -21
0.00103685 3.5 9 -20.5
4.28242e-05 4 8.5 -21.5
0.000197634 3.5 9 -21.5
4.10789e-05 3 9.5 -21.5
0.00023775 3 9.5 -21
0.000592893 3.5 9 -21
0.00042982 3 9.5 -20.5
0.000510021 3 9.5 -20
0.000491678 3 9.5 -19.5
0.00139858 3.5 9 -19.5
0.000401293 3 9.5 -19
0.00125666 3.5 9 -19
0.000828571 3.5 9 -18.5
9.18959e-05 3 9.5 -18
6.48048e-05 4 8.5 -18
8.26629e-05 3.5 9 -17.5
0.000251903 4 9 -18
5.43945e-05 3 10 -18
0.00101642 3.5 9.5 -18.5
0.000108228 3 10 -18.5
0.000172101 3 10 -19
0.000200625 3 10 -19.5
0.000666368 4 9 -20
0.000198118 3 10 -20
0.000490072 4 9 -20.5
6.08873e-05 4 9 -21.5
0.000408312 3.5 9.5 -21
0.000142225 3 10 -20.5
9.10624e-05 3.5 9.5 -21.5
4.24686e-05 3 10 -21
0.000235705 4 9 -21
0.000877531 3.5 9.5 -20.5
0.00123644 3.5 9.5 -20
0.00135982 3.5 9.5 -19.5
0.000739262 4 9 -19.5
0.00127071 3.5 9.5 -19
0.000714858 4 9 -19
0.000538784 4 9 -18.5
0.000582839 3.5 9.5 -18
0.000225914 3.5 9.5 -17.5
6.5058e-05 4 9 -17.5
4.33527e-05 3.5 9.5 -17
3.9993e-05 4.5 9 -18
0.00021687 4 9.5 -17.5
6.14848e-05 4.5 9 -18.5
2.55419e-05 3 10.5 -18
6.49307e-05 4.5 9 -19
0.000904369 4 9.5 -18.5
0.000555402 3.5 10 -18
4.1362e-05 3 10.5 -18.5
5.04023e-05 4.5 9 -19.5
0.00108008 4 9.5 -19
3.24947e-05 4.5 9 -20
5.58636e-05 3 10.5 -19
0.00114832 3.5 10 -19.5
6.04015e-05 3 10.5 -19.5
0.00094871 3.5 10 -20
3.93303e-05 3 10.5 -20
0.000226907 4 9.5 -21
4.63939e-05 4 9.5 -21.5
0.000192166 3.5 10 -21
0.000568835 3.5 10 -20.5
0.000565315 4 9.5 -20.5
0.000930758 4 9.5 -20
0.0011379 4 9.5 -19.5
0.00107717 3.5 10 -19
0.000877371 3.5 10 -18.5
0.00054421 4 9.5 -18
0.000240982 3.5 10 -17.5
7.29201e-05 3.5 10 -17
4.74548e-05 4 9.5 -17
2.6635e-05 4 10 -16.5
6.71702e-05 3.5 10.5 -17
9.28669e-05 4.5 9.5 -17.5
0.000195077 3.5 10.5 -17.5
0.000410764 3.5 10.5 -18
0.000269897 4.5 9.5 -18.5
0.000591451 3.5 10.5 -18.5
0.000285411 4.5 9.5 -19
0.000241919 4.5 9.5 -19.5
0.000154946 4.5 9.5 -20
0.0011701 4 10 -19.5
7.28268e-05 4.5 9.5 -20.5
0.000898355 4 10 -20
0.000492932 4 10 -20.5
4.37335e-05 3.5 10.5 -21
0.000159404 4 10 -21
0.000233884 3.5 10.5 -20.5
0.000504815 3.5 10.5 -20
0.000701674 3.5 10.5 -19.5
0.000705462 3.5 10.5 -19
0.00136943 4 10 -19
0.0012796 4 10 -18.5
0.00092627 4 10 -18
0.000194911 4.5 9.5 -18
0.000482615 4 10 -17.5
0.000166146 4 10 -17
2.72453e-05 4.5 9.5 -17
0.000123613 4 10.5 -16.5
2.57399e-05 4.5 10 -16.5
0.000411034 4 10.5 -17
5.16508e-05 3.5 11 -17
0.000808553 4 10.5 -17.5
0.000123783 3.5 11 -17.5
0.0011783 4 10.5 -18
0.00133589 4 10.5 -18.5
0.000216776 3.5 11 -18
0.000513483 4.5 10 -19.5
0.00134679 4 10.5 -19
0.000298753 3.5 11 -19.5
0.000335872 4.5 10 -20
0.000171578 3.5 11 -20
0.000148015 4.5 10 -20.5
3.75219e-05 4.5 10 -21
7.38546e-05 4 10.5 -21
3.56023e-05 3.5 11 -20.5
0.000325247 4 10.5 -20.5
0.00074535 4 10.5 -20
0.00111268 4 10.5 -19.5
0.000333137 3.5 11 -19
0.000284019 3.5 11 -18.5
0.000639399 4.5 10 -19
0.000641486 4.5 10 -18.5
0.000534235 4.5 10 -18
0.000323304 4.5 10 -17.5
0.000127432 4.5 10 -17
2.97122e-05 5 10 -17
4.44718e-05 5 10 -17.5
0.000370617 4.5 10.5 -17
0.000203023 4 11 -16.5
0.000682208 4.5 10.5 -17.5
3.26158e-05 3.5 11.5 -17
3.74917e-05 5 10 -18.5
6.25143e-05 3.5 11.5 -17.5
0.000941702 4.5 10.5 -18
8.88259e-05 3.5 11.5 -18
0.00105266 4.5 10.5 -18.5
0.000103986 3.5 11.5 -18.5
0.000990315 4.5 10.5 -19
0.000112644 3.5 11.5 -19
0.000865241 4 11 -19.5
7.16937e-05 3.5 11.5 -19.5
0.000463852 4 11 -20
3.00421e-05 4.5 10.5 -21
0.000142432 4 11 -20.5
0.000146974 4.5 10.5 -20.5
0.000406998 4.5 10.5 -20
0.000724323 4.5 10.5 -19.5
0.00115724 4 11 -19
0.00124102 4 11 -18.5
0.0010921 4 11 -18
0.000781737 4 11 -17.5
4.94019e-05 5 10 -18
0.000444086 4 11 -17
0.000125252 4.5 10.5 -16.5
5.16109e-05 4 11 -16
2.03277e-05 4.5 10.5 -16
5.82942e-05 4 11.5 -16
0.000180592 4 11.5 -16.5
0.000135641 5 10.5 -17
0.000351188 4.5 11 -16.5
0.000388317 4 11.5 -17
0.000200452 5 10.5 -17.5
0.000621341 4 11.5 -17.5
0.000227088 5 10.5 -18
0.000791503 4 11.5 -18
0.000210313 5 10.5 -18.5
0.000869491 4 11.5 -18.5
0.000145531 5 10.5 -19
8.53518e-05 5 10.5 -19.5
3.36885e-05 5 10.5 -20
0.000703722 4.5 11 -19.5
0.00035055 4.5 11 -20
0.000105923 4.5 11 -20.5
2.34357e-05 4 11.5 -20.5
0.000177177 4 11.5 -20
0.000460157 4 11.5 -19.5
0.000720087 4 11.5 -19
0.0010223 4.5 11 -19
0.00124737 4.5 11 -18.5
0.00127903 4.5 11 -18
0.00107734 4.5 11 -17.5
0.000718034 4.5 11 -17
6.34343e-05 5 10.5 -16.5
0.000105043 4.5 11 -16
8.77266e-05 4.5 11.5 -15.5
5.3797e-05 4 12 -16
0.00070474 4.5 11.5 -16.5
0.000242872 5 11 -16.5
0.000131714 4 12 -16.5
0.0010687 4.5 11.5 -17
0.000243164 4 12 -17
0.001288 4.5 11.5 -17.5
0.00133833 4.5 11.5 -18
0.000356477 4 12 -17.5
0.00122467 4.5 11.5 -18.5
0.000193747 5 11 -19.5
0.000939803 4.5 11.5 -19
0.000137826 4 12 -19.5
7.34507e-05 5 11 -20
4.43571e-05 4.5 11.5 -20.5
0.000212828 4.5 11.5 -20
0.000553587 4.5 11.5 -19.5
0.00030363 4 12 -19
0.00042565 4 12 -18.5
0.000339708 5 11 -19
0.000428208 4 12 -18
0.000501194 5 11 -18.5
0.000582876 5 11 -18
0.000541185 5 11 -17.5
0.000421204 5 11 -17
0.000326802 4.5 11.5 -16
8.98308e-05 5 11 -16
4.56473e-05 4.5 12 -15
2.79093e-05 5.5 11 -16
3.89296e-05 5.5 11 -16.5
0.000307696 5 11.5 -16
3.92319e-05 4 12.5 -16
0.000838205 5 11.5 -17
0.000722403 4.5 12 -16.5
4.22063e-05 5.5 11 -17
7.65039e-05 4 12.5 -16.5
0.000118525 4 12.5 -17
0.00094807 5 11.5 -17.5
0.000155778 4 12.5 -17.5
0.00093888 5 11.5 -18
0.000174103 4 12.5 -18
0.000773424 5 11.5 -18.5
0.000132282 4 12.5 -18.5
0.000503166 5 11.5 -19
5.74937e-05 4 12.5 -19
0.000309415 4.5 12 -19.5
8.38341e-05 4.5 12 -20
7.82681e-05 5 11.5 -20
0.000252129 5 11.5 -19.5
0.000672373 4.5 12 -19
0.00102706 4.5 12 -18.5
0.00123328 4.5 12 -18
0.00123081 4.5 12 -17.5
0.00105926 4.5 12 -17
3.05796e-05 5.5 11 -17.5
0.000585351 5 11.5 -16.5
0.000425012 4.5 12 -16
0.000190951 4.5 12 -15.5
0.000105825 5 11.5 -15.5
0.000107302 5 12 -15
6.60462e-05 4.5 12.5 -15
0.000183646 4.5 12.5 -15.5
0.000124056 5.5 11.5 -16
0.000633167 4.5 12.5 -16.5
0.000201728 5.5 11.5 -17
0.000982474 5 12 -16.5
3.45123e-05 4 13 -16.5
0.000849974 4.5 12.5 -17
0.000181764 5.5 11.5 -17.5
4.33995e-05 4 13 -17
0.000134866 5.5 11.5 -18
0.000868666 4.5 12.5 -18
4.60596e-05 4 13 -17.5
7.91188e-05 5.5 11.5 -18.5
2.73638e-05 4 13 -18
3.24525e-05 5.5 11.5 -19
0.000631178 4.5 12.5 -18.5
0.000207172 5 12 -19.5
5.54129e-05 5 12 -20
9.94484e-05 4.5 12.5 -19.5
0.000328966 4.5 12.5 -19
0.000478217 5 12 -19
0.000789527 5 12 -18.5
0.00108193 5 12 -18
0.000939633 4.5 12.5 -17.5
0.00122523 5 12 -17.5
0.00117035 5 12 -17
0.000385454 4.5 12.5 -16
0.000176325 5.5 11.5 -16.5
0.000647504 5 12 -16
0.000326929 5 12 -15.5
6.18217e-05 5.5 11.5 -15.5
2.00293e-05 5.5 11.5 -15
2.65034e-05 5.5 12 -14.5
0.000101236 5 12.5 -14.5
2.01516e-05 4.5 13 -14.5
6.18121e-05 4.5 13 -15
0.000686663 5 12.5 -15.5
0.000239094 5.5 12 -15.5
0.000144379 4.5 13 -15.5
0.000263924 4.5 13 -16
0.00124506 5 12.5 -16.5
0.000502692 5.5 12 -16.5
0.000414155 4.5 13 -16.5
0.00133497 5 12.5 -17
0.000498553 4.5 13 -17
0.00100234 5 12.5 -18
0.000521385 4.5 13 -17.5
8.73163e-05 5.5 12 -19
0.000667517 5 12.5 -18.5
2.75329e-05 5.5 12 -19.5
0.000338027 5 12.5 -19
0.00011091 5 12.5 -19.5
7.17757e-05 4.5 13 -19
0.000231519 4.5 13 -18.5
0.000407145 4.5 13 -18
0.000197249 5.5 12 -18.5
0.000333498 5.5 12 -18
0.00123306 5 12.5 -17.5
0.000478315 5.5 12 -17.5
0.000548999 5.5 12 -17
0.00101367 5 12.5 -16
0.000389322 5.5 12 -16
0.000342051 5 12.5 -15
9.89173e-05 5.5 12 -15
0.000139457 5.5 12.5 -14.5
6.90434e-05 5 13 -14
0.0002214 5 13 -14.5
4.51608e-05 6 12 -15.5
4.67872e-05 4.5 13.5 -15
0.000727862 5 13 -15.5
4.42861e-05 6 12 -16
0.000581754 5.5 12.5 -15.5
8.89187e-05 4.5 13.5 -15.5
0.00103946 5 13 -16
3.01307e-05 6 12 -16.5
0.000141423 4.5 13.5 -16
0.000190724 4.5 13.5 -16.5
0.00124618 5 13 -17
0.000904378 5.5 12.5 -17
0.00020827 4.5 13.5 -17
0.00017718 4.5 13.5 -17.5
0.000527855 5.5 12.5 -18
9.79291e-05 4.5 13.5 -18
0.000299515 5.5 12.5 -18.5
0.000125561 5.5 12.5 -19
3.29822e-05 5 13 -19.5
3.5315e-05 5.5 12.5 -19.5
0.000158923 5 13 -19
0.000424956 5 13 -18.5
0.000758203 5 13 -18
0.00107924 5 13 -17.5
0.000768764 5.5 12.5 -17.5
0.0012038 5 13 -16.5
0.000900577 5.5 12.5 -16.5
0.000802429 5.5 12.5 -16
0.000449466 5 13 -15
0.000329163 5.5 12.5 -15
3.56534e-05 6 12 -15
3.53014e-05 5.5 12.5 -14
3.89563e-05 5.5 13 -13.5
2.47357e-05 5 13.5 -13.5
8.8671e-05 5 13.5 -14
0.000390983 5.5 13 -14.5
8.49749e-05 6 12.5 -14.5
0.000215401 5 13.5 -14.5
0.000411324 5 13.5 -15
0.000969409 5.5 13 -15.5
0.000189158 6 12.5 -15.5
2.77811e-05 4.5 14 -15
4.38288e-05 4.5 14 -15.5
0.00086903 5 13.5 -16
0.000176709 6 12.5 -16.5
0.00112417 5.5 13 -16
5.63498e-05 4.5 14 -16
0.000958879 5 13.5 -16.5
0.000127519 6 12.5 -17
5.99225e-05 4.5 14 -16.5
7.31986e-05 6 12.5 -17.5
4.25171e-05 4.5 14 -17
0.000806148 5.5 13 -17.5
0.000923134 5 13.5 -17
0.000408771 5 13.5 -18
0.00015918 5 13.5 -18.5
2.63618e-05 5 13.5 -19
9.68892e-05 5.5 13 -19
0.000271008 5.5 13 -18.5
0.000517982 5.5 13 -18
0.000708434 5 13.5 -17.5
0.00107002 5.5 13 -17
0.0011857 5.5 13 -16.5
0.000648695 5 13.5 -15.5
0.000205108 6 12.5 -16
0.000680555 5.5 13 -15
0.000145679 6 12.5 -15
0.000170345 5.5 13 -14
3.39628e-05 6 12.5 -14
4.61219e-05 5.5 13.5 -13
6.08804e-05 6 13 -13.5
0.00019226 5.5 13.5 -13.5
3.2778e-05 5 14 -13.5
0.000454799 5.5 13.5 -14
8.21493e-05 5 14 -14
0.000751985 5.5 13.5 -14.5
0.000297053 6 13 -14.5
0.000171232 5 14 -14.5
0.00102299 5.5 13.5 -15
0.000297739 5 14 -15
0.000440621 5 14 -15.5
0.00128572 5.5 13.5 -16
0.000540772 6 13 -16
0.000525955 5 14 -16
0.00118812 5.5 13.5 -16.5
0.000551951 5 14 -16.5
0.000444704 5 14 -17
0.000190587 6 13 -17.5
0.000979041 5.5 13.5 -17
0.000271585 5 14 -17.5
0.00038901 5.5 13.5 -18
8.83873e-05 6 13 -18
0.000159878 5.5 13.5 -18.5
4.16153e-05 5.5 13.5 -19
0.000101255 5 14 -18
3.70966e-05 6 13 -18.5
0.000682952 5.5 13.5 -17.5
0.000319469 6 13 -17
0.000461727 6 13 -16.5
0.00121101 5.5 13.5 -15.5
0.000509326 6 13 -15.5
0.000424728 6 13 -15
0.000157269 6 13 -14
2.9662e-05 6 13.5 -12.5
3.31076e-05 5.5 14 -12.5
0.000105397 6 13.5 -13
0.000133679 5.5 14 -13
0.000242407 6 13.5 -13.5
3.51364e-05 6.5 13 -13.5
0.000300671 5.5 14 -13.5
2.95162e-05 5 14.5 -13.5
0.000513294 5.5 14 -14
6.1352e-05 6.5 13 -14.5
0.000430896 6 13.5 -14
6.01721e-05 5 14.5 -14
0.00077347 5.5 14 -14.5
5.44525e-05 6.5 13 -15
0.000106661 5 14.5 -14.5
0.00103319 5.5 14 -15
3.50237e-05 6.5 13 -15.5
0.000825467 6 13.5 -15
0.000161472 5 14.5 -15
0.00116093 5.5 14 -15.5
0.000204029 5 14.5 -15.5
0.00119321 5.5 14 -16
0.000869999 6 13.5 -16
0.000218221 5 14.5 -16
0.00102881 5.5 14 -16.5
0.000185058 5 14.5 -16.5
0.000742317 5.5 14 -17
0.000509726 6 13.5 -17
0.000102324 5 14.5 -17
0.000446171 5.5 14 -17.5
2.27683e-05 5 14.5 -17.5
5.32048e-05 6 13.5 -18.5
5.80062e-05 5.5 14 -18.5
0.000200401 5.5 14 -18
0.000144394 6 13.5 -18
0.000301227 6 13.5 -17.5
0.000733035 6 13.5 -16.5
0.000897977 6 13.5 -15.5
0.000650519 6 13.5 -14.5
5.3676e-05 6.5 13 -14
4.5374e-05 6 14 -12
0.000153872 6 14 -12.5
5.79067e-05 5.5 14.5 -12.5
0.000321645 6 14 -13
8.58475e-05 6.5 13.5 -13
0.000135466 5.5 14.5 -13
0.000550072 6 14 -13.5
0.000280542 5.5 14.5 -13.5
0.000803185 6 14 -14
0.000203091 6.5 13.5 -14
0.000467579 5.5 14.5 -14
0.0010297 6 14 -14.5
3.43749e-05 5 15 -14
0.000681159 5.5 14.5 -14.5
0.00112514 6 14 -15
0.000230611 6.5 13.5 -15
5.06482e-05 5 15 -14.5
6.22115e-05 5 15 -15
0.000926563 5.5 14.5 -15.5
0.000123439 6.5 13.5 -16
0.00112336 6 14 -15.5
5.99825e-05 5 15 -15.5
6.61465e-05 6.5 13.5 -16.5
3.73449e-05 5 15 -16
0.000662372 5.5 14.5 -16.5
0.000751958 6 14 -16.5
0.000398313 5.5 14.5 -17
0.000277754 6 14 -17.5
0.000178244 5.5 14.5 -17.5
4.83093e-05 5.5 14.5 -18
3.59494e-05 6 14 -18.5
0.000117675 6 14 -18
0.00049883 6 14 -17
0.000865851 5.5 14.5 -16
0.000997726 6 14 -16
0.000858902 5.5 14.5 -15
0.000187277 6.5 13.5 -15.5
0.000229216 6.5 13.5 -14.5
0.000148332 6.5 13.5 -13.5
3.64586e-05 6.5 13.5 -12.5
5.64233e-05 6 14.5 -11.5
3.02873e-05 6.5 14 -11.5
0.000165458 6 14.5 -12
2.31715e-05 5.5 15 -12
0.000367468 6 14.5 -12.5
2.36123e-05 7 13.5 -13
0.000164245 6.5 14 -12.5
5.55866e-05 5.5 15 -12.5
0.000420212 6.5 14 -13.5
0.000626589 6 14.5 -13
2.03731e-05 7 13.5 -13.5
0.000116028 5.5 15 -13
0.000868317 6 14.5 -13.5
0.00020658 5.5 15 -13.5
0.00032828 5.5 15 -14
0.00116547 6 14.5 -14.5
0.000565027 6.5 14 -14.5
0.000444224 5.5 15 -14.5
0.000507721 5.5 15 -15
0.00109026 6 14.5 -15.5
0.00044025 6.5 14 -15.5
0.000504175 5.5 15 -15.5
0.000391919 5.5 15 -16
0.00062865 6 14.5 -16.5
0.000175534 6.5 14 -16.5
9.42368e-05 5.5 15 -17
3.58333e-05 6.5 14 -17.5
0.000370949 6 14.5 -17
5.72903e-05 6 14.5 -18
0.000171092 6 14.5 -17.5
0.00023933 5.5 15 -16.5
8.19131e-05 6.5 14 -17
0.000884807 6 14.5 -16
0.000292866 6.5 14 -16
0.00119248 6 14.5 -15
0.000540874 6.5 14 -15
0.00106691 6 14.5 -14
0.000518782 6.5 14 -14
0.000292008 6.5 14 -13
7.93477e-05 6.5 14 -12
2.10819e-05 6.5 14.5 -10.5
6.35563e-05 6.5 14.5 -11
3.86725e-05 6 15 -11
0.000153133 6.5 14.5 -11.5
2.90587e-05 7 14 -11.5
0.000100196 6 15 -11.5
0.000283163 6.5 14.5 -12
0.00022657 6 15 -12
0.000436265 6.5 14.5 -12.5
8.67454e-05 7 14 -12.5
2.09563e-05 5.5 15.5 -12
0.000403646 6 15 -12.5
4.26993e-05 5.5 15.5 -12.5
0.00062197 6 15 -13
0.000776254 6.5 14.5 -13.5
9.20014e-05 7 14 -13.5
7.58574e-05 5.5 15.5 -13
0.000845869 6 15 -13.5
0.000119002 5.5 15.5 -13.5
0.00103504 6 15 -14
0.000926981 6.5 14.5 -14.5
4.43946e-05 7 14 -14.5
0.000164721 5.5 15.5 -14
0.00109668 6 15 -14.5
0.000190378 5.5 15.5 -14.5
0.00106704 6 15 -15
0.000189178 5.5 15.5 -15
0.000894126 6 15 -15.5
0.000658624 6.5 14.5 -15.5
0.000143765 5.5 15.5 -15.5
0.000642578 6 15 -16
6.8453e-05 5.5 15.5 -16
0.000187409 6 15 -17
0.000135491 6.5 14.5 -17
6.19918e-05 6 15 -17.5
5.49694e-05 6.5 14.5 -17.5
0.000393292 6 15 -16.5
0.000272057 6.5 14.5 -16.5
0.000455352 6.5 14.5 -16
0.000829362 6.5 14.5 -15
0.000885196 6.5 14.5 -14
6.99324e-05 7 14 -14
0.000603807 6.5 14.5 -13
0.000102904 7 14 -13
5.40418e-05 7 14 -12
3.67763e-05 6.5 15 -10
0.000112319 6.5 15 -10.5
2.02905e-05 6 15.5 -10.5
0.000242922 6.5 15 -11
0.000137384 7 14.5 -11.5
4.572e-05 6 15.5 -11
0.000394164 6.5 15 -11.5
0.000100632 6 15.5 -11.5
0.000572521 6.5 15 -12
0.000206883 6 15.5 -12
0.00077788 6.5 15 -12.5
0.000276182 7 14.5 -12.5
0.000360482 6 15.5 -12.5
0.000984295 6.5 15 -13
0.000530852 6 15.5 -13
0.00108412 6.5 15 -13.5
0.000312213 7 14.5 -13.5
3.73615e-05 5.5 16 -13
0.000686202 6 15.5 -13.5
0.00107178 6.5 15 -14
4.66323e-05 5.5 16 -13.5
0.00078393 6 15.5 -14
0.00101298 6.5 15 -14.5
0.000206543 7 14.5 -14.5
5.00713e-05 5.5 16 -14
0.000816323 6 15.5 -14.5
3.74789e-05 5.5 16 -14.5
0.000708383 6 15.5 -15
5.73448e-05 7 14.5 -15.5
0.000861804 6.5 15 -15
0.000520658 6 15.5 -15.5
0.000305406 6 15.5 -16
0.000433342 6.5 15 -16
0.000134894 6 15.5 -16.5
3.7599e-05 6.5 15 -17.5
3.3222e-05 6 15.5 -17
0.000111876 6.5 15 -17
0.000246522 6.5 15 -16.5
0.000652015 6.5 15 -15.5
0.000118673 7 14.5 -15
0.000269385 7 14.5 -14
0.000306383 7 14.5 -13
0.000212013 7 14.5 -12
2.29095e-05 7 15 -9
4.88623e-05 7 15 -9.5
3.56661e-05 6.5 15.5 -9.5
0.000102174 7 15 -10
9.95043e-05 6.5 15.5 -10
0.000176203 7 15 -10.5
0.000204323 6.5 15.5 -10.5
2.06384e-05 6 16 -10.5
0.000348699 6.5 15.5 -11
4.62099e-05 7.5 14.5 -11.5
0.000271016 7 15 -11
4.3149e-05 6 16 -11
0.000542658 6.5 15.5 -11.5
4.50789e-05 7.5 14.5 -12
8.48443e-05 6 16 -11.5
0.000775833 6.5 15.5 -12
3.40666e-05 7.5 14.5 -12.5
0.00050661 7 15 -12
0.000147425 6 16 -12
0.000949747 6.5 15.5 -12.5
0.000230572 6 16 -12.5
0.00104868 6.5 15.5 -13
0.000640701 7 15 -13
0.000325809 6 16 -13
0.00109068 6.5 15.5 -13.5
0.000389988 6 16 -13.5
0.00105345 6.5 15.5 -14
0.000538233 7 15 -14
0.000415159 6 16 -14
0.000940563 6.5 15.5 -14.5
0.00036989 6 16 -14.5
0.0007359 6.5 15.5 -15
0.000259572 7 15 -15
0.000265952 6 16 -15
0.000506868 6.5 15.5 -15.5
0.000140907 6 16 -15.5
0.000297665 6.5 15.5 -16
6.97047e-05 7 15 -16
3.8617e-05 6 16 -16
0.000140449 6.5 15.5 -16.5
4.80505e-05 6.5 15.5 -17
2.83347e-05 7 15 -16.5
0.000154344 7 15 -15.5
0.000401476 7 15 -14.5
0.000622404 7 15 -13.5
0.000600527 7 15 -12.5
0.000387097 7 15 -11.5
2.16358e-05 7 15.5 -8
2.23856e-05 7.5 15 -8.5
4.78854e-05 7 15.5 -8.5
3.58251e-05 7.5 15 -9
9.91522e-05 7 15.5 -9
5.66539e-05 7.5 15 -9.5
2.24265e-05 6.5 16 -9
0.000185491 7 15.5 -9.5
5.09652e-05 6.5 16 -9.5
0.000294321 7 15.5 -10
0.000102384 6.5 16 -10
0.000424556 7 15.5 -10.5
0.000195401 6.5 16 -10.5
0.000574887 7 15.5 -11
0.000161766 7.5 15 -11
0.000331778 6.5 16 -11
0.000716314 7 15.5 -11.5
3.16652e-05 6 16.5 -11
0.00051144 6.5 16 -11.5
0.000808914 7 15.5 -12
0.000174183 7.5 15 -12
5.25993e-05 6 16.5 -11.5
0.000709497 6.5 16 -12
7.98613e-05 6 16.5 -12
0.000879131 6.5 16 -12.5
9.97453e-05 7.5 15 -13
0.000890211 7 15.5 -12.5
0.000109965 6 16.5 -12.5
0.00095707 6.5 16 -13
5.77273e-05 7.5 15 -13.5
0.000130807 6 16.5 -13
0.00097053 6.5 16 -13.5
0.000873176 7 15.5 -13.5
0.000137598 6 16.5 -13.5
0.000866925 6.5 16 -14
0.000551904 7 15.5 -14.5
0.000113239 6 16.5 -14
0.000691369 6.5 16 -14.5
6.19602e-05 6 16.5 -14.5
0.000478656 6.5 16 -15
0.000280227 6.5 16 -15.5
0.000224146 7 15.5 -15.5
0.000122463 6.5 16 -16
2.4488e-05 6.5 16 -16.5
4.26843e-05 7 15.5 -16.5
0.000110698 7 15.5 -16
0.000375455 7 15.5 -15
0.000727757 7 15.5 -14
0.000941564 7 15.5 -13
2.58814e-05 7.5 15.5 -7
0.000145535 7.5 15 -12.5
0.000180831 7.5 15 -11.5
4.31659e-05 7.5 15.5 -7.5
2.22818e-05 7 16 -7.5
7.47322e-05 7.5 15.5 -8
5.02423e-05 7 16 -8
0.000108059 7 16 -8.5
2.4647e-05 8 15 -9
0.00011057 7.5 15.5 -8.5
0.000202656 7 16 -9
2.95105e-05 8 15 -9.5
0.000157186 7.5 15.5 -9
2.36303e-05 6.5 16.5 -9
0.000335519 7 16 -9.5
3.12589e-05 8 15 -10
0.000215303 7.5 15.5 -9.5
4.76064e-05 6.5 16.5 -9.5
0.0005085 7 16 -10
0.00036133 7.5 15.5 -10.5
2.54131e-05 8 15 -10.5
8.95479e-05 6.5 16.5 -10
0.000686115 7 16 -10.5
0.000157233 6.5 16.5 -10.5
0.000835937 7 16 -11
0.000262073 6.5 16.5 -11
0.000962032 7 16 -11.5
0.000445688 7.5 15.5 -11.5
0.00038832 6.5 16.5 -11.5
0.00102064 7 16 -12
0.000511556 6.5 16.5 -12
0.00101203 7 16 -12.5
0.000387343 7.5 15.5 -12.5
2.0478e-05 6 17 -12
0.00060746 6.5 16.5 -12.5
0.000945312 7 16 -13
2.10735e-05 6 17 -12.5
0.000640106 6.5 16.5 -13
0.000860485 7 16 -13.5
0.000202236 7.5 15.5 -13.5
0.000575919 6.5 16.5 -13.5
0.000463634 6.5 16.5 -14
4.83289e-05 7.5 15.5 -14.5
0.000703198 7 16 -14
0.000167851 6.5 16.5 -15
0.000335062 7 16 -15
7.75687e-05 7 16 -16
6.03108e-05 6.5 16.5 -15.5
0.000184665 7 16 -15.5
0.000309694 6.5 16.5 -14.5
0.000516023 7 16 -14.5
0.000109471 7.5 15.5 -14
2.00579e-05 8 15.5 -5
0.000308672 7.5 15.5 -13
2.33853e-05 8 15.5 -5.5
2.68717e-05 8 15.5 -6
0.000437368 7.5 15.5 -12
3.01871e-05 7.5 16 -6
3.27847e-05 8 15.5 -6.5
5.3626e-05 7.5 16 -6.5
4.13209e-05 8 15.5 -7
0.000420034 7.5 15.5 -11
8.90867e-05 7.5 16 -7
5.40158e-05 8 15.5 -7.5
0.000144317 7.5 16 -7.5
3.01762e-05 7 16.5 -7.5
0.000217537 7.5 16 -8
7.14866e-05 8 15.5 -8
5.71903e-05 7 16.5 -8
0.000297475 7.5 16 -8.5
9.34954e-05 8 15.5 -8.5
0.000110252 7 16.5 -8.5
0.000388779 7.5 16 -9
0.000205143 7 16.5 -9
0.000485112 7.5 16 -9.5
0.000337604 7 16.5 -9.5
0.000570295 7.5 16 -10
3.62933e-05 6.5 17 -9.5
0.000497989 7 16.5 -10
0.000655341 7.5 16 -10.5
0.000107143 8 15.5 -10.5
6.17714e-05 6.5 17 -10
0.000667715 7 16.5 -10.5
0.000737403 7.5 16 -11
9.99926e-05 6.5 17 -10.5
0.000829017 7 16.5 -11
0.000769253 7.5 16 -11.5
5.27505e-05 8 15.5 -11.5
0.000149732 6.5 17 -11
0.00093927 7 16.5 -11.5
0.000201427 6.5 17 -11.5
0.00097734 7 16.5 -12
0.000728492 7.5 16 -12
0.000248002 6.5 17 -12
0.000945581 7 16.5 -12.5
0.000272673 6.5 17 -12.5
0.000862167 7 16.5 -13
0.00052201 7.5 16 -13
0.000247605 6.5 17 -13
0.000181767 6.5 17 -13.5
0.000537546 7 16.5 -14
0.00022624 7.5 16 -14
0.00010138 6.5 17 -14
0.000200662 7 16.5 -15
3.39896e-05 6.5 17 -14.5
6.27953e-05 7.5 16 -15
2.08228e-05 7 16.5 -16
8.75482e-05 7 16.5 -15.5
0.000354892 7 16.5 -14.5
2.41939e-05 8.5 15.5 -2
2.70198e-05 8.5 15.5 -2.5
0.000132703 7.5 16 -14.5
2.81628e-05 8.5 15.5 -3
0.000720161 7 16.5 -13.5
2.81143e-05 8.5 15.5 -3.5
2.07565e-05 8 16 -3.5
2.67098e-05 8.5 15.5 -4
0.000362643 7.5 16 -13.5
3.00647e-05 8 16 -4
2.57163e-05 8.5 15.5 -4.5
4.2627e-05 8 16 -4.5
6.02038e-05 8 16 -5
2.45169e-05 8.5 15.5 -5
0.000647512 7.5 16 -12.5
2.38827e-05 8.5 15.5 -5.5
8.34055e-05 8 16 -5.5
2.19507e-05 7.5 16.5 -5.5
0.0001106 8 16 -6
2.52798e-05 8.5 15.5 -6
4.11337e-05 7.5 16.5 -6
0.000135638 8 16 -6.5
2.7306e-05 8.5 15.5 -6.5
7.75332e-05 7.5 16.5 -6.5
2.97863e-05 8.5 15.5 -7
0.000141162 7.5 16.5 -7
3.13833e-05 8.5 15.5 -7.5
0.000166801 8 16 -7
0.000232458 7.5 16.5 -7.5
3.19529e-05 8.5 15.5 -8
0.000199215 8 16 -7.5
0.000234324 8 16 -8
2.85426e-05 7 17 -7.5
0.000350882 7.5 16.5 -8
0.000281076 8 16 -8.5
2.79322e-05 8.5 15.5 -8.5
5.26696e-05 7 17 -8
0.000499356 7.5 16.5 -8.5
0.000322323 8 16 -9
2.06875e-05 8.5 15.5 -9
9.78523e-05 7 17 -8.5
0.000639062 7.5 16.5 -9
0.000174378 7 17 -9
0.000755801 7.5 16.5 -9.5
0.000287464 7 17 -9.5
0.000851809 7.5 16.5 -10
0.000347339 8 16 -10
0.000412748 7 17 -10
0.000899544 7.5 16.5 -10.5
2.94421e-05 6.5 17.5 -10
0.000545525 7 17 -10.5
0.000913701 7.5 16.5 -11
0.000274244 8 16 -11
4.40995e-05 6.5 17.5 -10.5
0.0006655 7 17 -11
5.65945e-05 6.5 17.5 -11
0.000744587 7 17 -11.5
0.000134656 8 16 -12
6.50915e-05 6.5 17.5 -11.5
0.000774106 7 17 -12
7.42658e-05 8 16 -12.5
0.000843555 7.5 16.5 -12
6.18085e-05 6.5 17.5 -12
0.000689084 7 17 -12.5
4.48053e-05 6.5 17.5 -12.5
0.000568225 7 17 -13
0.000559258 7.5 16.5 -13
0.000272241 7 17 -14
0.000270388 7.5 16.5 -14
5.76566e-05 7 17 -15
7.23637e-05 7.5 16.5 -15
2.32493e-05 10 14.5 3
3.17506e-05 10 14.5 2.5
2.78404e-05 10 14.5 2
2.70533e-05 9.5 15 2
4.24292e-05 9.5 15 1.5
4.57891e-05 9.5 15 1
4.24702e-05 9.5 15 0.5
3.02308e-05 9.5 15 0
2.84266e-05 7.5 16.5 -15.5
0.000143061 7 17 -14.5
3.92548e-05 9 15.5 0
4.98487e-05 9 15.5 -0.5
5.58936e-05 9 15.5 -1
5.70561e-05 9 15.5 -1.5
0.000155075 7.5 16.5 -14.5
0.000420224 7 17 -13.5
2.42958e-05 8.5 16 -1.5
4.90496e-05 9 15.5 -2
3.75814e-05 8.5 16 -2
3.90098e-05 9 15.5 -2.5
5.52578e-05 8.5 16 -2.5
3.1037e-05 9 15.5 -3
0.00040803 7.5 16.5 -13.5
7.3726e-05 8.5 16 -3
2.6268e-05 9 15.5 -3.5
9.01318e-05 8.5 16 -3.5
0.000711718 7.5 16.5 -12.5
2.29946e-05 9 15.5 -4
2.10837e-05 8 16.5 -3.5
9.73721e-05 8.5 16 -4
3.66489e-05 8 16.5 -4
9.93329e-05 8.5 16 -4.5
0.000915526 7.5 16.5 -11.5
6.51732e-05 8 16.5 -4.5
0.000102353 8.5 16 -5
0.000111083 8 16.5 -5
0.000105051 8.5 16 -5.5
0.000207339 8 16 -11.5
0.000170053 8 16.5 -5.5
0.000109407 8.5 16 -6
2.18835e-05 7.5 17 -5.5
0.000233499 8 16.5 -6
0.000121449 8.5 16 -6.5
4.02059e-05 7.5 17 -6
0.000297825 8 16.5 -6.5
0.000130231 8.5 16 -7
7.46543e-05 7.5 17 -6.5
0.000357105 8 16.5 -7
0.000320641 8 16 -10.5
0.000133746 7.5 17 -7
0.000424134 8 16.5 -7.5
0.000133772 8.5 16 -7.5
0.00022741 7.5 17 -7.5
0.000487224 8 16.5 -8
0.000130093 8.5 16 -8
0.000346065 7.5 17 -8
4.0449e-05 7 17.5 -8
0.000487358 7.5 17 -8.5
8.93553e-05 8.5 16 -9
0.000596414 8 16.5 -9
0.000539914 8 16.5 -8.5
6.83342e-05 7 17.5 -8.5
0.000636035 7.5 17 -9
0.000629809 8 16.5 -9.5
6.14011e-05 8.5 16 -9.5
0.000110633 7 17.5 -9
0.00077542 7.5 17 -9.5
0.000623372 8 16.5 -10
3.60265e-05 8.5 16 -10
0.000166172 7 17.5 -9.5
0.000856303 7.5 17 -10
0.000237119 7 17.5 -10
0.000891062 7.5 17 -10.5
0.000308009 7 17.5 -10.5
0.000902744 7.5 17 -11
0.000506839 8 16.5 -11
0.000360017 7 17.5 -11
0.000859306 7.5 17 -11.5
0.000385733 7 17.5 -11.5
0.000749513 7.5 17 -12
0.000283449 8 16.5 -12
0.000361016 7 17.5 -12
0.000622177 7.5 17 -12.5
0.000288541 7 17.5 -12.5
0.000477103 7.5 17 -13
9.56664e-05 8 16.5 -13
0.000200047 7 17.5 -13
0.000109958 7 17.5 -13.5
3.92512e-05 7 17.5 -14
0.000205603 7.5 17 -14
4.41037e-05 7.5 17 -15
2.21362e-05 10.5 14.5 3.5
3.11975e-05 10.5 14.5 3
2.92153e-05 10.5 14.5 2.5
4.18544e-05 10 15 3
6.85954e-05 10 15 2.5
7.55099e-05 10 15 2
3.11736e-05 9.5 15.5 2
6.87065e-05 10 15 1.5
4.93558e-05 10 15 1
5.71522e-05 9.5 15.5 1.5
7.96673e-05 9.5 15.5 1
3.12113e-05 10 15 0.5
9.51678e-05 9.5 15.5 0.5
0.000107997 7.5 17 -14.5
9.68026e-05 9.5 15.5 0
4.34651e-05 9 16 0
8.40797e-05 9.5 15.5 -0.5
6.71143e-05 9 16 -0.5
6.91016e-05 9.5 15.5 -1
9.2287e-05 9 16 -1
5.33382e-05 9.5 15.5 -1.5
0.000332789 7.5 17 -13.5
0.000112334 9 16 -1.5
3.92732e-05 9.5 15.5 -2
0.000120095 9 16 -2
4.05757e-05 8.5 16.5 -2
2.45118e-05 9.5 15.5 -2.5
0.0001201 9 16 -2.5
6.72065e-05 8.5 16.5 -2.5
0.000113994 9 16 -3
4.27126e-05 8 16.5 -13.5
0.000104273 8.5 16.5 -3
0.000143658 8.5 16.5 -3.5
0.000103371 9 16 -3.5
9.35397e-05 9 16 -4
0.000179726 8 16.5 -12.5
0.000182328 8.5 16.5 -4
3.59951e-05 8 17 -4
0.000222773 8.5 16.5 -4.5
8.54914e-05 9 16 -4.5
6.2466e-05 8 17 -4.5
0.000248822 8.5 16.5 -5
7.4648e-05 9 16 -5
0.000105388 8 17 -5
0.00027301 8.5 16.5 -5.5
6.30004e-05 9 16 -5.5
0.000405529 8 16.5 -11.5
0.000171581 8 17 -5.5
5.40041e-05 9 16 -6
0.000289244 8.5 16.5 -6
0.000577779 8 16.5 -10.5
0.000262528 8 17 -6
0.000303215 8.5 16.5 -6.5
4.44453e-05 9 16 -6.5
3.47253e-05 7.5 17.5 -6
0.000382974 8 17 -6.5
0.000329644 8.5 16.5 -7
3.37626e-05 9 16 -7
6.10165e-05 7.5 17.5 -6.5
0.000515766 8 17 -7
0.00010793 7.5 17.5 -7
0.000624814 8 17 -7.5
0.000342539 8.5 16.5 -7.5
0.000184764 7.5 17.5 -7.5
0.000711636 8 17 -8
0.000290233 7.5 17.5 -8
0.000779694 8 17 -8.5
0.000408382 7.5 17.5 -8.5
0.000809991 8 17 -9
3.58447e-05 7 18 -8.5
0.000538005 7.5 17.5 -9
5.1597e-05 7 18 -9
0.00065692 7.5 17.5 -9.5
0.000146636 8.5 16.5 -10
6.9789e-05 7 18 -9.5
0.000740615 7.5 17.5 -10
8.2702e-05 8.5 16.5 -10.5
0.000804109 8 17 -10
8.78681e-05 7 18 -10
0.000765929 7.5 17.5 -10.5
0.000654682 8 17 -11
3.58028e-05 8.5 16.5 -11
9.88755e-05 7 18 -10.5
0.000732625 7.5 17.5 -11
0.000101353 7 18 -11
0.000647865 7.5 17.5 -11.5
8.76484e-05 7 18 -11.5
0.000537191 7.5 17.5 -12
0.000398811 8 17 -12
5.84516e-05 7 18 -12
0.000414093 7.5 17.5 -12.5
2.23932e-05 7 18 -12.5
0.000287883 7.5 17.5 -13
0.000165821 8 17 -13
0.000175755 7.5 17.5 -13.5
8.6795e-05 7.5 17.5 -14
4.39635e-05 8 17 -14
3.13402e-05 7.5 17.5 -14.5
5.39901e-05 10.5 15 3.5
7.60894e-05 10.5 15 3
4.39904e-05 10 15.5 3
7.74238e-05 10.5 15 2.5
8.36557e-05 10 15.5 2.5
6.33292e-05 10.5 15 2
0.000113493 10 15.5 2
3.87613e-05 10.5 15 1.5
0.000125347 10 15.5 1.5
5.41367e-05 9.5 16 1.5
0.000122124 10 15.5 1
8.75356e-05 9.5 16 1
0.000102808 10 15.5 0.5
0.000123825 9.5 16 0.5
8.1994e-05 10 15.5 0
0.000154254 9.5 16 0
3.52477e-05 9 16.5 0
5.84552e-05 10 15.5 -0.5
0.000161732 9.5 16 -0.5
6.11417e-05 9 16.5 -0.5
3.66205e-05 10 15.5 -1
0.000156224 9.5 16 -1
9.86268e-05 9 16.5 -1
0.000136429 9.5 16 -1.5
9.16961e-05 8 17 -13.5
0.00014262 9 16.5 -1.5
0.000116365 9.5 16 -2
0.000187375 9 16.5 -2
9.91136e-05 9.5 16 -2.5
3.31112e-05 8.5 17 -2
0.000220551 9 16.5 -2.5
0.000269167 8 17 -12.5
5.52123e-05 8.5 17 -2.5
0.000229831 9 16.5 -3
7.7642e-05 9.5 16 -3
9.19696e-05 8.5 17 -3
0.000232258 9 16.5 -3.5
5.84637e-05 9.5 16 -3.5
0.000150409 8.5 17 -3.5
0.000227886 9 16.5 -4
4.17929e-05 9.5 16 -4
0.000536168 8 17 -11.5
0.000228706 8.5 17 -4
2.51409e-05 9.5 16 -4.5
2.987e-05 8 17.5 -4
0.000315225 8.5 17 -4.5
0.000220374 9 16.5 -4.5
0.000220298 9 16.5 -5
0.000745713 8 17 -10.5
5.22805e-05 8 17.5 -4.5
0.000400934 8.5 17 -5
0.000805111 8 17 -9.5
9.1139e-05 8 17.5 -5
0.000448142 8.5 17 -5.5
0.000206839 9 16.5 -5.5
0.000154659 8 17.5 -5.5
0.000490555 8.5 17 -6
0.000187977 9 16.5 -6
0.000244912 8 17.5 -6
0.000531607 8.5 17 -6.5
0.00016403 9 16.5 -6.5
0.000359046 8 17.5 -6.5
4.07552e-05 7.5 18 -6.5
0.000488297 8 17.5 -7
9.11148e-05 9 16.5 -7.5
0.000557156 8.5 17 -7
6.73706e-05 7.5 18 -7
0.000613748 8 17.5 -7.5
5.69108e-05 9 16.5 -8
0.000108059 7.5 18 -7.5
0.000715884 8 17.5 -8
2.80882e-05 9 16.5 -8.5
0.000167863 7.5 18 -8
0.000778498 8 17.5 -8.5
0.000247591 7.5 18 -8.5
0.000807478 8 17.5 -9
0.000503108 8.5 17 -9
0.000324492 7.5 18 -9
0.00081508 8 17.5 -9.5
0.000387426 7.5 18 -9.5
0.000773693 8 17.5 -10
0.000324044 8.5 17 -10
0.000418625 7.5 18 -10
0.000423596 7.5 18 -10.5
0.000131023 8.5 17 -11
0.000709694 8 17.5 -10.5
0.000376672 7.5 18 -11
5.91568e-05 8.5 17 -11.5
0.000313813 7.5 18 -11.5
0.000498607 8 17.5 -11.5
0.000237048 7.5 18 -12
0.000154597 7.5 18 -12.5
0.000250036 8 17.5 -12.5
8.2784e-05 7.5 18 -13
2.31884e-05 7.5 18 -13.5
8.43244e-05 8 17.5 -13.5
4.52116e-05 11 15 3.5
6.27762e-05 10.5 15.5 3.5
4.83674e-05 11 15 3
0.000103508 10.5 15.5 3
2.23021e-05 10 16 3
3.47637e-05 11 15 2.5
0.000120668 10.5 15.5 2.5
7.3432e-05 10 16 2.5
0.000120491 10.5 15.5 2
0.000121031 10 16 2
0.00010538 10.5 15.5 1.5
0.000159077 10 16 1.5
3.44636e-05 9.5 16.5 1.5
7.94538e-05 10.5 15.5 1
0.000176882 10 16 1
3.81568e-05 8 17.5 -14
7.17995e-05 9.5 16.5 1
4.91228e-05 10.5 15.5 0.5
0.000179907 10 16 0.5
0.000120836 9.5 16.5 0.5
2.40203e-05 10.5 15.5 0
0.000163756 10 16 0
0.000172373 9.5 16.5 0
0.000142976 10 16 -0.5
0.000154189 8 17.5 -13
0.000214224 9.5 16.5 -0.5
4.62228e-05 9 17 -0.5
0.000114483 10 16 -1
0.000236224 9.5 16.5 -1
8.17135e-05 9 17 -1
8.15933e-05 10 16 -1.5
0.000241743 9.5 16.5 -1.5
0.000134038 9 17 -1.5
0.000236125 9.5 16.5 -2
5.13922e-05 10 16 -2
0.000368646 8 17.5 -12
0.000197191 9 17 -2
2.69224e-05 10 16 -2.5
0.00021642 9.5 16.5 -2.5
0.000264993 9 17 -2.5
0.000617814 8 17.5 -11
4.18463e-05 8.5 17.5 -2.5
0.000328705 9 17 -3
0.000200597 9.5 16.5 -3
7.63276e-05 8.5 17.5 -3
0.000363973 9 17 -3.5
0.000174112 9.5 16.5 -3.5
0.000133084 8.5 17.5 -3.5
0.000389146 9 17 -4
0.000143132 9.5 16.5 -4
0.000208401 8.5 17.5 -4
0.000109793 9.5 16.5 -4.5
0.000294012 8.5 17.5 -4.5
7.54794e-05 9.5 16.5 -5
0.000401081 9 17 -4.5
0.000400123 9 17 -5
0.000219116 8.5 17 -10.5
3.59065e-05 8 18 -4.5
0.000389736 8.5 17.5 -5
0.000407406 9 17 -5.5
4.72629e-05 9.5 16.5 -5.5
6.24054e-05 8 18 -5
0.000496001 8.5 17.5 -5.5
0.000394057 9 17 -6
2.46572e-05 9.5 16.5 -6
0.000107139 8 18 -5.5
0.000594866 8.5 17.5 -6
0.000177135 8 18 -6
0.000660787 8.5 17.5 -6.5
0.000364576 9 17 -6.5
0.0002706 8 18 -6.5
0.000705021 8.5 17.5 -7
0.000323876 9 17 -7
0.000376891 8 18 -7
0.000719074 8.5 17.5 -7.5
2.98878e-05 7.5 18.5 -7
0.000493645 8 18 -7.5
0.000716467 8.5 17.5 -8
4.67336e-05 7.5 18.5 -7.5
0.000602712 8 18 -8
6.74108e-05 7.5 18.5 -8
0.00067291 8 18 -8.5
5.81082e-05 9 17 -9
9.15797e-05 7.5 18.5 -8.5
0.00069385 8 18 -9
0.000113237 7.5 18.5 -9
0.000682007 8 18 -9.5
0.000571832 8.5 17.5 -9.5
0.000124316 7.5 18.5 -9.5
0.000629372 8 18 -10
0.000120385 7.5 18.5 -10
0.000558539 8 18 -10.5
0.000347751 8.5 17.5 -10.5
0.000102062 7.5 18.5 -10.5
0.000459468 8 18 -11
7.17474e-05 7.5 18.5 -11
0.000343738 8 18 -11.5
0.00014549 8.5 17.5 -11.5
4.02178e-05 7.5 18.5 -11.5
0.00023663 8 18 -12
0.000149549 8 18 -12.5
3.67537e-05 8.5 17.5 -12.5
8.23141e-05 8 18 -13
2.24554e-05 11 15.5 4
6.71759e-05 11 15.5 3.5
4.97318e-05 10.5 16 3.5
8.39687e-05 11 15.5 3
0.000104608 10.5 16 3
8.16672e-05 11 15.5 2.5
0.000139795 10.5 16 2.5
3.99202e-05 10 16.5 2.5
5.77975e-05 11 15.5 2
0.000154433 10.5 16 2
9.25322e-05 10 16.5 2
3.04687e-05 11 15.5 1.5
0.00015716 10.5 16 1.5
3.98726e-05 8 18 -13.5
0.000151988 10 16.5 1.5
0.00014876 10.5 16 1
0.000201552 10 16.5 1
4.34194e-05 9.5 17 1
0.000119911 10.5 16 0.5
0.000226463 10 16.5 0.5
8.65911e-05 9.5 17 0.5
8.43108e-05 10.5 16 0
0.000237227 10 16.5 0
0.000145697 9.5 17 0
4.95716e-05 10.5 16 -0.5
0.000232992 10 16.5 -0.5
0.000214242 9.5 17 -0.5
2.31961e-05 10.5 16 -1
2.59057e-05 9 17.5 -0.5
0.000275119 9.5 17 -1
0.000212931 10 16.5 -1
0.000184575 10 16.5 -1.5
5.58698e-05 9 17.5 -1
0.000315138 9.5 17 -1.5
9.74254e-05 9 17.5 -1.5
0.000337986 9.5 17 -2
0.0001453 10 16.5 -2
8.24814e-05 8.5 17.5 -12
0.000157619 9 17.5 -2
0.000344725 9.5 17 -2.5
0.000103497 10 16.5 -2.5
0.000233699 9 17.5 -2.5
6.48274e-05 10 16.5 -3
2.39807e-05 8.5 18 -2.5
0.000320263 9 17.5 -3
3.47274e-05 10 16.5 -3.5
0.000338483 9.5 17 -3
0.000331774 9.5 17 -3.5
0.000234279 8.5 17.5 -11
5.00803e-05 8.5 18 -3
0.000411609 9 17.5 -3.5
0.000468243 8.5 17.5 -10
8.85851e-05 8.5 18 -3.5
0.000481572 9 17.5 -4
0.000304004 9.5 17 -4
0.00014971 8.5 18 -4
0.000526843 9 17.5 -4.5
0.0002633 9.5 17 -4.5
0.000233482 8.5 18 -4.5
0.000555183 9 17.5 -5
0.000214113 9.5 17 -5
0.000334022 8.5 18 -5
3.35737e-05 8 18.5 -5
0.00044726 8.5 18 -5.5
0.00010106 9.5 17 -6
0.0005645 9 17.5 -5.5
0.000156135 9.5 17 -5.5
0.00056679 9 17.5 -6
0.000654561 8.5 17.5 -9
0.000704481 8.5 17.5 -8.5
5.5869e-05 8 18.5 -5.5
0.000553418 8.5 18 -6
0.000565414 9 17.5 -6.5
5.49781e-05 9.5 17 -6.5
8.90488e-05 8 18.5 -6
0.000626545 8.5 18 -6.5
0.000508949 9 17.5 -7
0.000135927 8 18.5 -6.5
0.00067573 8.5 18 -7
0.000201965 8 18.5 -7
0.000698772 8.5 18 -7.5
0.000273889 8 18.5 -7.5
0.000700465 8.5 18 -8
0.000362443 9 17.5 -8
0.000335055 8 18.5 -8
0.000664641 8.5 18 -8.5
0.000377482 8 18.5 -8.5
0.000622095 8.5 18 -9
0.000171992 9 17.5 -9
0.000393209 8 18.5 -9
0.000390741 8 18.5 -9.5
4.36166e-05 9 17.5 -10
0.000351453 8 18.5 -10
0.000449979 8.5 18 -10
0.000290195 8 18.5 -10.5
0.000246325 8.5 18 -11
0.000216776 8 18.5 -11
0.000144376 8 18.5 -11.5
8.0822e-05 8 18.5 -12
9.9291e-05 8.5 18 -12
3.32333e-05 8 18.5 -12.5
2.13614e-05 11.5 15.5 3.5
6.85218e-05 11 16 3.5
9.85027e-05 11 16 3
6.63122e-05 10.5 16.5 3
0.00012666 10.5 16.5 2.5
0.00010657 11 16 2.5
0.000100362 11 16 2
0.000168247 10.5 16.5 2
4.88439e-05 10 17 2
7.10015e-05 11 16 1.5
0.000186825 10.5 16.5 1.5
0.000106376 10 17 1.5
3.92744e-05 11 16 1
0.000174873 10 17 1
0.000193224 10.5 16.5 1
0.000192096 10.5 16.5 0.5
0.000236231 10 17 0.5
5.05189e-05 8.5 18 -12.5
4.71e-05 9.5 17.5 0.5
0.000270262 10 17 0
0.000162058 10.5 16.5 0
9.47366e-05 9.5 17.5 0
0.000121886 10.5 16.5 -0.5
0.000290197 10 17 -0.5
0.000161245 9.5 17.5 -0.5
0.000294341 10 17 -1
7.77275e-05 10.5 16.5 -1
0.000239901 9.5 17.5 -1
4.02324e-05 10.5 16.5 -1.5
0.000165861 8.5 18 -11.5
0.000291168 10 17 -1.5
2.60561e-05 9 18 -1
0.000314651 9.5 17.5 -1.5
5.61036e-05 9 18 -1.5
0.000371766 9.5 17.5 -2
0.000266983 10 17 -2
0.000102146 9 18 -2
0.000412789 9.5 17.5 -2.5
0.00022844 10 17 -2.5
0.00034398 8.5 18 -10.5
0.000173077 9 18 -2.5
0.000181563 10 17 -3
0.000264017 9 18 -3
0.000127698 10 17 -3.5
0.000439513 9.5 17.5 -3
0.000547425 8.5 18 -9.5
0.000446086 9.5 17.5 -3.5
0.000362054 9 18 -3.5
0.00044601 9.5 17.5 -4
7.71607e-05 10 17 -4
4.49361e-05 8.5 18.5 -3.5
0.000453147 9 18 -4
0.000422876 9.5 17.5 -4.5
3.7191e-05 10 17 -4.5
7.79115e-05 8.5 18.5 -4
0.000516177 9 18 -4.5
0.00013296 8.5 18.5 -4.5
0.000560173 9 18 -5
0.000378937 9.5 17.5 -5
0.000209393 8.5 18.5 -5
0.000585592 9 18 -5.5
0.000324527 9.5 17.5 -5.5
0.000294642 8.5 18.5 -5.5
0.000591805 9 18 -6
0.00038397 8.5 18.5 -6
2.73317e-05 8 19 -6
0.00046893 8.5 18.5 -6.5
0.000109882 9.5 17.5 -7
0.000596921 9 18 -6.5
4.52417e-05 8 19 -6.5
0.000532063 8.5 18.5 -7
5.19429e-05 9.5 17.5 -7.5
0.000586415 9 18 -7
6.14279e-05 8 19 -7
0.000552358 8.5 18.5 -7.5
7.88609e-05 8 19 -7.5
0.000557248 8.5 18.5 -8
9.43101e-05 8 19 -8
0.000524936 8.5 18.5 -8.5
0.000101545 8 19 -8.5
0.000476817 8.5 18.5 -9
0.000281884 9 18 -9
0.000105157 8 19 -9
0.000399605 8.5 18.5 -9.5
9.63703e-05 8 19 -9.5
0.000325838 8.5 18.5 -10
0.000109807 9 18 -10
7.39157e-05 8 19 -10
4.5716e-05 8 19 -10.5
0.000252793 8.5 18.5 -10.5
0.000113785 8.5 18.5 -11.5
2.02795e-05 8.5 18.5 -12.5
3.83441e-05 11 16.5 3.5
2.65214e-05 11.5 16 3.5
3.54054e-05 11.5 16 3
8.99978e-05 11 16.5 3
2.04581e-05 10.5 17 3
2.8029e-05 11.5 16 2.5
7.5741e-05 10.5 17 2.5
0.000117425 11 16.5 2.5
0.000138855 10.5 17 2
0.000124615 11 16.5 2
0.000188242 10.5 17 1.5
0.000121012 11 16.5 1.5
5.11253e-05 10 17.5 1.5
0.000214415 10.5 17 1
9.22266e-05 11 16.5 1
5.90893e-05 8.5 18.5 -12
0.000107897 10 17.5 1
5.8024e-05 11 16.5 0.5
0.000223401 10.5 17 0.5
0.00018127 10 17.5 0.5
2.79628e-05 11 16.5 0
0.000251351 10 17.5 0
0.00022727 10.5 17 0
0.00017934 8.5 18.5 -11
4.54591e-05 9.5 18 0
0.000299612 10 17.5 -0.5
0.000205088 10.5 17 -0.5
9.18357e-05 9.5 18 -0.5
0.000329675 10 17.5 -1
0.000166803 10.5 17 -1
0.000159609 9.5 18 -1
0.000119063 10.5 17 -1.5
0.000342872 10 17.5 -1.5
0.000242771 9.5 18 -1.5
0.000348495 10 17.5 -2
7.23072e-05 10.5 17 -2
0.000325257 9.5 18 -2
3.55195e-05 10.5 17 -2.5
5.05552e-05 9 18 -10.5
4.79742e-05 9 18.5 -2
0.000390332 9.5 18 -2.5
0.000341044 10 17.5 -2.5
8.9804e-05 9 18.5 -2.5
0.000436125 9.5 18 -3
0.000302325 10 17.5 -3
0.00015355 9 18.5 -3
0.000468357 9.5 18 -3.5
0.000250777 10 17.5 -3.5
0.000234686 9 18.5 -3.5
0.000326168 9 18.5 -4
0.000119372 10 17.5 -4.5
0.000482897 9.5 18 -4
2.75637e-05 8.5 19 -4
0.000418297 9 18.5 -4.5
6.89123e-05 10 17.5 -5
0.000492113 9.5 18 -4.5
0.000184717 10 17.5 -4
0.000188947 9 18 -9.5
5.09507e-05 8.5 19 -4.5
0.000487124 9 18.5 -5
3.02343e-05 10 17.5 -5.5
0.000486013 9.5 18 -5
8.05281e-05 8.5 19 -5
0.000526669 9 18.5 -5.5
0.000442356 9.5 18 -5.5
0.000121544 8.5 19 -5.5
0.000545031 9 18.5 -6
0.000169614 8.5 19 -6
0.000547483 9 18.5 -6.5
0.000218216 8.5 19 -6.5
0.000521199 9 18.5 -7
0.00021315 9.5 18 -7
0.000253336 8.5 19 -7
0.000276808 8.5 19 -7.5
6.88722e-05 9.5 18 -8
0.000289942 8.5 19 -8
0.000277821 8.5 19 -8.5
0.000361261 9 18.5 -8.5
0.00023944 8.5 19 -9
0.000194788 8.5 19 -9.5
0.00020483 9 18.5 -9.5
0.000150188 8.5 19 -10
0.000107911 8.5 19 -10.5
8.65742e-05 9 18.5 -10.5
6.51341e-05 8.5 19 -11
2.08076e-05 8.5 19 -11.5
2.28474e-05 11.5 16.5 3.5
5.19882e-05 11 17 3
4.19138e-05 11.5 16.5 3
9.77881e-05 11 17 2.5
4.38759e-05 11.5 16.5 2.5
2.08166e-05 10.5 17.5 2.5
3.174e-05 11.5 16.5 2
7.29328e-05 10.5 17.5 2
0.000129843 11 17 2
0.00013433 10.5 17.5 1.5
0.000139759 11 17 1.5
0.000187934 10.5 17.5 1
0.000133035 11 17 1
4.49898e-05 10 18 1
0.000106393 11 17 0.5
0.000225407 10.5 17.5 0.5
9.80123e-05 10 18 0.5
0.000242821 10.5 17.5 0
7.04222e-05 11 17 0
0.000170226 10 18 0
3.67112e-05 11 17 -0.5
0.000242638 10 18 -0.5
0.00025078 10.5 17.5 -0.5
3.15725e-05 9.5 18.5 -0.5
0.00029737 10 18 -1
0.000234398 10.5 17.5 -1
6.82522e-05 9.5 18.5 -1
0.000336335 10 18 -1.5
0.000200653 10.5 17.5 -1.5
4.75389e-05 9 18.5 -11
0.000128642 9.5 18.5 -1.5
0.000153302 10.5 17.5 -2
0.000140342 9 18.5 -10
0.000356105 10 18 -2
0.000279413 9 18.5 -9
0.000207593 9.5 18.5 -2
0.000366019 10 18 -2.5
0.000100192 10.5 17.5 -2.5
0.00029098 9.5 18.5 -2.5
0.000366887 10 18 -3
5.18913e-05 10.5 17.5 -3
3.00272e-05 9 19 -2.5
0.000363511 9.5 18.5 -3
0.000335249 10 18 -3.5
5.44069e-05 9 19 -3
0.000415192 9.5 18.5 -3.5
0.0004375 9 18.5 -8
0.000493883 9 18.5 -7.5
9.51453e-05 9 19 -3.5
0.000449286 9.5 18.5 -4
0.000289355 10 18 -4
0.000153792 9 19 -4
0.000459819 9.5 18.5 -4.5
0.000232044 10 18 -4.5
0.000222143 9 19 -4.5
0.000459951 9.5 18.5 -5
0.00028573 9 19 -5
0.000339451 9 19 -5.5
4.51413e-05 10 18 -6
0.000438729 9.5 18.5 -5.5
0.000366365 9 19 -6
0.000400794 9.5 18.5 -6
2.8811e-05 8.5 19.5 -6
0.000374035 9 19 -6.5
3.57938e-05 8.5 19.5 -6.5
0.000364814 9 19 -7
4.14464e-05 8.5 19.5 -7
0.000339506 9 19 -7.5
4.86507e-05 8.5 19.5 -7.5
5.24817e-05 8.5 19.5 -8
8.60797e-05 9.5 18.5 -8.5
4.71134e-05 8.5 19.5 -8.5
3.95358e-05 9.5 18.5 -9
0.000250667 9 19 -8.5
3.42548e-05 8.5 19.5 -9
2.15189e-05 8.5 19.5 -9.5
0.000150084 9 19 -9.5
6.23631e-05 9 19 -10.5
3.24847e-05 11.5 17 3
4.7692e-05 11 17.5 2.5
4.78094e-05 11.5 17 2.5
9.23751e-05 11 17.5 2
4.84094e-05 11.5 17 2
3.34209e-05 11.5 17 1.5
6.05196e-05 10.5 18 1.5
0.000127266 11 17.5 1.5
0.000143158 11 17.5 1
0.000116478 10.5 18 1
3.22412e-05 9 19 -11
0.000170841 10.5 18 0.5
0.000141034 11 17.5 0.5
2.95334e-05 10 18.5 0.5
0.000212645 10.5 18 0
0.000116309 11 17.5 0
7.03477e-05 10 18.5 0
0.000237429 10.5 18 -0.5
8.19278e-05 11 17.5 -0.5
0.000102194 9 19 -10
0.000201629 9 19 -9
0.000127931 10 18.5 -0.5
0.000251566 10.5 18 -1
4.66623e-05 11 17.5 -1
0.000196572 10 18.5 -1
0.000245292 10.5 18 -1.5
0.000254531 10 18.5 -1.5
0.000295567 9 19 -8
4.01722e-05 9.5 19 -1.5
0.000299553 10 18.5 -2
0.000213781 10.5 18 -2
8.11375e-05 9.5 19 -2
0.000327237 10 18.5 -2.5
0.00017141 10.5 18 -2.5
0.000136394 9.5 19 -2.5
0.000198482 9.5 19 -3
7.41818e-05 10.5 18 -3.5
0.000342478 10 18.5 -3
0.000121791 10.5 18 -3
0.000348514 10 18.5 -3.5
0.000260574 9.5 19 -3.5
0.000332043 10 18.5 -4
3.33562e-05 10.5 18 -4
0.000308869 9.5 19 -4
3.25712e-05 9 19.5 -4
0.000339071 9.5 19 -4.5
0.000293421 10 18.5 -4.5
5.99226e-05 9 19.5 -4.5
0.000350261 9.5 19 -5
0.000232837 10 18.5 -5
8.74251e-05 9 19.5 -5
0.000345565 9.5 19 -5.5
0.000110872 9 19.5 -5.5
0.000332191 9.5 19 -6
0.000103413 10 18.5 -6
0.000128788 9 19.5 -6
0.00030182 9.5 19 -6.5
5.33175e-05 10 18.5 -6.5
0.00014353 9 19.5 -6.5
0.000149696 9 19.5 -7
0.000138324 9 19.5 -7.5
0.000121573 9 19.5 -8
0.000100507 9 19.5 -8.5
9.9543e-05 9.5 19 -8.5
2.92749e-05 9.5 19 -9.5
7.62683e-05 9 19.5 -9
2.33877e-05 9 19.5 -10
2.63196e-05 11.5 17.5 2.5
3.67617e-05 11 18 2
4.64368e-05 11.5 17.5 2
7.60803e-05 11 18 1.5
4.83874e-05 11.5 17.5 1.5
3.41374e-05 11.5 17.5 1
4.99846e-05 9 19.5 -9.5
0.000110644 11 18 1
3.79408e-05 10.5 18.5 1
0.000134206 11 18 0.5
8.25679e-05 10.5 18.5 0.5
0.00012953 10.5 18.5 0
0.000137189 11 18 0
0.000171637 10.5 18.5 -0.5
0.000117009 11 18 -0.5
3.32825e-05 10 19 -0.5
8.76902e-05 11 18 -1
0.000200289 10.5 18.5 -1
5.73588e-05 9.5 19 -9
7.14265e-05 10 19 -1
0.000219233 10.5 18.5 -1.5
5.73699e-05 11 18 -1.5
0.000123119 10 19 -1.5
0.000222275 10.5 18.5 -2
2.75921e-05 11 18 -2
0.000176735 10 19 -2
0.000219621 10 19 -2.5
0.000203444 10.5 18.5 -2.5
0.000146912 9.5 19 -8
0.000199768 9.5 19 -7.5
0.000253624 9.5 19 -7
2.31951e-05 9.5 19.5 -2.5
0.000250814 10 19 -3
0.000170769 10.5 18.5 -3
5.25672e-05 9.5 19.5 -3
0.000267043 10 19 -3.5
0.000127186 10.5 18.5 -3.5
8.29551e-05 9.5 19.5 -3.5
0.000119834 9.5 19.5 -4
4.05125e-05 10.5 18.5 -4.5
0.000274308 10 19 -4
0.000158308 9.5 19.5 -4.5
0.000259735 10 19 -4.5
0.000178474 9.5 19.5 -5
0.000225997 10 19 -5
0.000186526 9.5 19.5 -5.5
0.000185971 9.5 19.5 -6
0.000165228 9.5 19.5 -6.5
0.000141063 9.5 19.5 -7
0.000120734 9.5 19.5 -7.5
6.47574e-05 9.5 19.5 -8.5
3.83031e-05 9.5 19.5 -9
2.12424e-05 11.5 18 2
3.85069e-05 11.5 18 1.5
4.28194e-05 11.5 18 1
3.30421e-05 11.5 18 0.5
5.12454e-05 11 18.5 1
8.05542e-05 11 18.5 0.5
3.86287e-05 10.5 19 0
0.000104679 11 18.5 0
7.50188e-05 10.5 19 -0.5
0.000113175 11 18.5 -0.5
0.000108814 10.5 19 -1
0.000105889 11 18.5 -1
8.00175e-05 11 18.5 -1.5
2.18025e-05 10 19.5 -1.5
5.48794e-05 11 18.5 -2
0.000138427 10.5 19 -1.5
0.000159872 10.5 19 -2
9.45464e-05 9.5 19.5 -8
4.90237e-05 10 19.5 -2
2.9906e-05 11 18.5 -2.5
8.0407e-05 10 19.5 -2.5
0.00016967 10.5 19 -2.5
0.000111018 10 19.5 -3
0.000164771 10.5 19 -3
0.000134964 10 19.5 -3.5
0.000144405 10.5 19 -3.5
0.000149632 10 19.5 -4
0.000112627 10.5 19 -4
0.00015336 10 19.5 -4.5
2.02484e-05 9.5 20 -4.5
2.89934e-05 9.5 20 -5
0.000155723 10 19.5 -5
3.56141e-05 9.5 20 -5.5
3.66709e-05 9.5 20 -6
3.24325e-05 9.5 20 -6.5
3.01412e-05 9.5 20 -7
2.12058e-05 9.5 20 -7.5
3.488e-05 10 19.5 -7.5
2.25607e-05 11.5 18.5 1
2.949e-05 11.5 18.5 0.5
4.20723e-05 11 19 0
2.65855e-05 11.5 18.5 0
6.28627e-05 11 19 -0.5
7.45482e-05 11 19 -1
4.30174e-05 10.5 19.5 -1.5
7.6396e-05 11 19 -1.5
6.54384e-05 10.5 19.5 -2
6.3537e-05 11 19 -2
2.70961e-05 11 19 -3
8.28627e-05 10.5 19.5 -2.5
9.59065e-05 10.5 19.5 -3
4.36683e-05 11 19 -2.5
2.08947e-05 10 20 -3.5
9.89001e-05 10.5 19.5 -3.5
3.33105e-05 10 20 -4
8.91676e-05 10.5 19.5 -4
4.51912e-05 10 20 -4.5
4.91876e-05 10 20 -5
4.8784e-05 10.5 19.5 -5
4.6217e-05 10 20 -5.5
3.05462e-05 10.5 19.5 -5.5
3.66457e-05 10 20 -6
2.96401e-05 10 20 -6.5
2.88754e-05 11 19.5 -1.5
3.57419e-05 11 19.5 -2
2.02885e-05 10 20 -7
3.56305e-05 11 19.5 -2.5
2.90744e-05 11 19.5 -3
2.24118e-05 10.5 20 -3.5
2.44594e-05 10.5 20 -4
2.36637e-05 10.5 20 -4.5
2.03119e-05 10.5 20 -5
7.03483e-05 10.5 19.5 -4.5
5.54146e-05 10 19.5 -7
8.34114e-05 10 19.5 -6.5
0.00011444 10 19.5 -6
0.000141478 10 19.5 -5.5
4.13118e-05 10.5 19 -5
7.5837e-05 10.5 19 -4.5
5.43954e-05 10 19 -7
9.53196e-05 10 19 -6.5
0.000142847 10 19 -6
0.000189321 10 19 -5.5
8.31911e-05 10.5 18.5 -4
0.000161144 10 18.5 -5.5
0.00014291 9.5 18.5 -8
0.000211727 9.5 18.5 -7.5
0.000285395 9.5 18.5 -7
0.000351546 9.5 18.5 -6.5
0.000101801 10 18 -5.5
0.000167112 10 18 -5
0.000136724 9.5 18 -7.5
0.000294709 9.5 18 -6.5
0.000376652 9.5 18 -6
0.000381536 9 18 -8.5
0.00046968 9 18 -8
0.000540771 9 18 -7.5
0.000182243 9.5 17.5 -6.5
0.000257978 9.5 17.5 -6
9.82106e-05 9 17.5 -9.5
0.00026334 9 17.5 -8.5
0.000443766 9 17.5 -7.5
0.000120683 9 17 -8.5
0.000190941 9 17 -8
0.000263468 9 17 -7.5
0.00042494 8.5 17 -9.5
0.000557637 8.5 17 -8.5
0.000591352 8.5 17 -8
0.000580789 8.5 17 -7.5
0.000130099 9 16.5 -7
0.000210312 8.5 16.5 -9.5
0.000272315 8.5 16.5 -9
0.000316077 8.5 16.5 -8.5
0.000336039 8.5 16.5 -8
2.08379e-05 9 16 -7.5
0.000115079 8.5 16 -8.5
0.000340444 8 16 -9.5
8.00887e-05 8 15.5 -11
0.000130042 8 15.5 -10
0.000125148 8 15.5 -9.5
0.000111705 8 15.5 -9
0.000284785 7.5 15.5 -10
0.000126162 7.5 15 -10.5
8.96715e-05 7.5 15 -10
3.95475e-05 7.5 14.5 -11
2.79117e-05 7.5 14.5 -10.5
7.7505e-05 7 14.5 -11
3.78165e-05 7 14.5 -10.5
