0.156726
2.10138e-05 -6.5 0.5 4.5
6.05801e-05 -7 1 5
8.09077e-05 -7 1 4.5
3.32261e-05 -7.5 1.5 5
6.96178e-05 -7 1 4
8.18374e-05 -7.5 1.5 4.5
8.62573e-05 -7.5 1.5 4
2.32393e-05 -8 2 4.5
3.18143e-05 -7.5 1.5 3.5
3.8997e-05 -8 2 4
2.81793e-05 -8 2 3.5
3.17855e-05 -6.5 1 5.5
0.000110367 -6.5 1 5
0.000100997 -7 1.5 5.5
0.00015578 -6.5 1 4.5
0.000407586 -7 1.5 5
0.00014769 -6.5 1 4
0.00052764 -7 1.5 4.5
0.000412118 -7.5 2 5
7.70233e-05 -6.5 1 3.5
0.000481147 -7 1.5 4
0.000628234 -7.5 2 4.5
0.000101606 -8 2.5 5
0.000182208 -7 1.5 3.5
0.000618638 -7.5 2 4
0.000271658 -8 2.5 4.5
0.000266477 -7.5 2 3.5
0.00028754 -8 2.5 4
4.7929e-05 -8.5 3 4.5
0.000211834 -8 2.5 3.5
6.13002e-05 -8.5 3 4
2.14939e-05 -8 2.5 3
6.24019e-05 -8.5 3 3.5
2.97478e-05 -8.5 3 3
3.36664e-05 -7.5 2 5.5
2.57691e-05 -6 1 5.5
2.09568e-05 -6.5 1.5 6
8.57216e-05 -6 1 5
0.000212009 -6.5 1.5 5.5
0.00013741 -6 1 4.5
0.000633548 -6.5 1.5 5
0.000837774 -7 2 5.5
2.01086e-05 -7.5 2.5 6
0.000137516 -6 1 4
0.000844172 -6.5 1.5 4.5
0.00231627 -7 2 5
9.60875e-05 -6 1 3.5
0.000801519 -6.5 1.5 4
0.00266875 -7 2 4.5
0.00260101 -7.5 2.5 5
2.19849e-05 -6 1 3
0.000427914 -6.5 1.5 3.5
0.00234335 -7 2 4
0.00296007 -7.5 2.5 4.5
5.71791e-05 -6.5 1.5 3
0.00100128 -7 2 3.5
0.00279252 -7.5 2.5 4
0.00100038 -8 3 4.5
5.64912e-05 -7 2 3
0.00134518 -7.5 2.5 3.5
0.00101716 -8 3 4
0.00010585 -7.5 2.5 3
0.000813356 -8 3 3.5
0.000151904 -8.5 3.5 4
0.000230799 -8 3 3
0.000150125 -8.5 3.5 3.5
0.00010924 -8.5 3.5 3
3.17137e-05 -8.5 3.5 2.5
0.000111851 -8.5 3.5 4.5
2.52027e-05 -8.5 3.5 5
0.000712269 -8 3 5
0.00011699 -8 3 5.5
0.000963073 -7.5 2.5 5.5
4.17227e-05 -7 2 6
2.23374e-05 -6 1.5 6
0.000165326 -6 1.5 5.5
0.000162701 -6.5 2 6
0.000727362 -7 2.5 6
4.13344e-05 -5.5 1 4.5
0.000468654 -6 1.5 5
0.00122035 -6.5 2 5.5
6.15899e-05 -5.5 1 4
0.00071854 -6 1.5 4.5
0.00281731 -6.5 2 5
0.00387901 -7 2.5 5.5
0.000309386 -7.5 3 6
5.64969e-05 -5.5 1 3.5
0.000710782 -6 1.5 4
0.00329536 -6.5 2 4.5
0.00689907 -7 2.5 5
0.00273826 -7.5 3 5.5
2.17859e-05 -5.5 1 3
0.000474264 -6 1.5 3.5
0.00313965 -6.5 2 4
0.00741567 -7 2.5 4.5
0.00587551 -7.5 3 5
0.000130733 -8 3.5 5.5
0.00015211 -6 1.5 3
0.00182865 -6.5 2 3.5
0.00679148 -7 2.5 4
0.00645883 -7.5 3 4.5
2.10225e-05 -8.5 4 5
0.000337413 -6.5 2 3
0.00362743 -7 2.5 3.5
0.00611809 -7.5 3 4
0.000638515 -7 2.5 3
0.00395827 -7.5 3 3.5
0.00157029 -8 3.5 4
0.00106836 -7.5 3 3
0.00151975 -8 3.5 3.5
2.84968e-05 -7.5 3 2.5
0.00089104 -8 3.5 3
0.000163723 -8.5 4 3.5
0.000139533 -8 3.5 2.5
0.000160233 -8.5 4 3
0.000106057 -8.5 4 2.5
3.0344e-05 -8.5 4 2
0.000158491 -8.5 4 4
9.87809e-05 -8.5 4 4.5
0.00148645 -8 3.5 4.5
0.000805526 -8 3.5 5
0.000142797 -6 2 6
8.78331e-05 -6.5 2.5 6.5
6.75483e-05 -5.5 1.5 5
0.0008016 -6 2 5.5
0.00103597 -6.5 2.5 6
0.000186425 -5.5 1.5 4.5
0.00183113 -6 2 5
0.00409877 -6.5 2.5 5.5
0.00193301 -7 3 6
0.000289542 -5.5 1.5 4
0.00250124 -6 2 4.5
0.00717617 -6.5 2.5 5
0.00677828 -7 3 5.5
0.00031784 -7.5 3.5 6
0.000267976 -5.5 1.5 3.5
0.00242547 -6 2 4
0.0078386 -6.5 2.5 4.5
0.00609079 -7.5 3.5 5
0.000141985 -5.5 1.5 3
0.00164227 -6 2 3.5
0.00728595 -6.5 2.5 4
0.0122784 -7 3 4.5
2.78805e-05 -5.5 1.5 2.5
0.000623893 -6 2 3
0.0047398 -6.5 2.5 3.5
0.0115267 -7 3 4
0.00734589 -7.5 3.5 4.5
0.000647836 -8 4 5
5.21573e-05 -6 2 2.5
0.00151707 -6.5 2.5 3
0.0077461 -7 3 3.5
0.00736896 -7.5 3.5 4
6.10418e-05 -8.5 4.5 4.5
6.71287e-05 -6.5 2.5 2.5
0.00281835 -7 3 3
0.00617726 -7.5 3.5 3.5
0.000189209 -7 3 2.5
0.00302954 -7.5 3.5 3
0.00157807 -8 4 3.5
0.000509579 -7.5 3.5 2.5
0.00131964 -8 4 3
0.000540158 -8 4 2.5
5.14743e-05 -8 4 2
0.000119769 -8.5 4.5 2.5
5.00343e-05 -8.5 4.5 2
0.000145673 -8.5 4.5 3
0.000147402 -8.5 4.5 3.5
0.000132799 -8.5 4.5 4
0.00153161 -8 4 4
0.00136487 -8 4 4.5
9.87199e-05 -8 4 5.5
0.0114311 -7 3 5
0.00260413 -7.5 3.5 5.5
8.02246e-05 -6 2.5 6.5
3.45559e-05 -5.5 2 5.5
0.000635153 -6 2.5 6
0.00032529 -6.5 3 6.5
0.000196712 -5.5 2 5
0.00222787 -6 2.5 5.5
0.00226253 -6.5 3 6
0.000198912 -7 3.5 6.5
0.000511171 -5.5 2 4.5
0.00431989 -6 2.5 5
0.00694741 -6.5 3 5.5
0.00668417 -7 3.5 5.5
4.47928e-05 -5 1.5 3.5
0.00081086 -5.5 2 4
0.00543788 -6 2.5 4.5
0.00191376 -7.5 4 5.5
4.7849e-05 -5 1.5 3
0.000773354 -5.5 2 3.5
0.00521358 -6 2.5 4
0.0123581 -6.5 3 4.5
4.18034e-05 -8 4.5 5.5
0.00530815 -7.5 4 5
0.0117506 -7 3.5 5
2.06864e-05 -5 1.5 2.5
0.000476778 -5.5 2 3
0.00381055 -6 2.5 3.5
0.0116406 -6.5 3 4
0.000333578 -8 4.5 5
0.000140398 -5.5 2 2.5
0.00172545 -6 2.5 3
0.00807589 -6.5 3 3.5
0.00102709 -8 4.5 4.5
0.000292083 -6 2.5 2.5
0.00369199 -6.5 3 3
0.00985684 -7 3.5 3.5
0.000612276 -6.5 3 2.5
0.0051944 -7 3.5 3
6.17537e-05 -8.5 5 4
2.31345e-05 -6.5 3 2
0.00129494 -7 3.5 2.5
9.39332e-05 -8.5 5 3.5
0.00372107 -7.5 4 3
5.84343e-05 -7 3.5 2
0.00142457 -7.5 4 2.5
0.000171042 -7.5 4 2
0.000659393 -8 4.5 2.5
0.000199438 -8 4.5 2
2.34322e-05 -8 4.5 1.5
5.18308e-05 -8.5 5 2
2.44502e-05 -8.5 5 1.5
8.61236e-05 -8.5 5 2.5
9.40334e-05 -8.5 5 3
0.00115 -8 4.5 3
0.00132496 -8 4.5 3.5
0.00598564 -7.5 4 3.5
0.00129709 -8 4.5 4
0.00690808 -7.5 4 4
0.012661 -7 3.5 4
0.00688191 -7.5 4 4.5
0.0130198 -7 3.5 4.5
0.0114301 -6.5 3 5
0.000211969 -7.5 4 6
2.30293e-05 -6 3 7
0.000234817 -6 3 6.5
8.18993e-05 -5.5 2.5 5.5
0.00141171 -6 3 6
0.000377169 -6.5 3.5 6.5
0.00228484 -6.5 3.5 6
0.00048646 -5.5 2.5 5
0.0010663 -5.5 2.5 4.5
0.00700287 -6 3 5
8.98611e-05 -7.5 4.5 6
0.0069601 -6.5 3.5 5.5
0.00147291 -7 4 6
0.0118704 -6.5 3.5 5
8.31461e-05 -5 2 3.5
0.00160989 -5.5 2.5 4
0.00827528 -6 3 4.5
0.000868892 -7.5 4.5 5.5
0.0056656 -7 4 5.5
0.000135792 -5 2 3
0.00152305 -5.5 2.5 3.5
0.00795948 -6 3 4
0.0131142 -6.5 3.5 4.5
0.0119253 -7 4 4.5
8.30187e-05 -5 2 2.5
0.00104577 -5.5 2.5 3
0.00607012 -6 3 3.5
2.06983e-05 -8 5 5
0.00473774 -7.5 4.5 4.5
0.000385575 -5.5 2.5 2.5
0.00313277 -6 3 3
0.00975329 -6.5 3.5 3.5
0.000269775 -8 5 4.5
3.58847e-05 -5.5 2.5 2
0.000888609 -6 3 2.5
0.00527944 -6.5 3.5 3
0.000606384 -8 5 4
5.26925e-05 -6 3 2
0.00173099 -6.5 3.5 2.5
0.00537621 -7 4 3
0.000652758 -8 5 3.5
0.000145749 -6.5 3.5 2
0.00222699 -7 4 2.5
0.000403392 -7 4 2
2.2376e-05 -8.5 5.5 3
0.00153232 -7.5 4.5 2.5
2.53305e-05 -7 4 1.5
0.000499304 -7.5 4.5 2
5.40668e-05 -7.5 4.5 1.5
6.05979e-05 -8 5 1.5
0.000217147 -8 5 2
2.49645e-05 -8.5 5.5 2.5
0.000443666 -8 5 2.5
0.000621851 -8 5 3
0.00303838 -7.5 4.5 3
0.0044219 -7.5 4.5 3.5
0.00918399 -7 4 3.5
0.00481212 -7.5 4.5 4
0.0116054 -7 4 4
0.0126704 -6.5 3.5 4
0.0030977 -7.5 4.5 5
0.0105007 -7 4 5
0.00403444 -6 3 5.5
0.000168812 -7 4 6.5
4.32961e-05 -6.5 3.5 7
7.41759e-05 -5.5 3 6
0.000325301 -6 3.5 6.5
4.1339e-05 -6.5 4 7
0.00032832 -5.5 3 5.5
0.00181984 -6 3.5 6
8.8782e-05 -7 4.5 6.5
0.00111438 -5.5 3 5
0.00494158 -6 3.5 5.5
0.000761515 -7 4.5 6
0.00204772 -6.5 4 6
0.00196166 -5.5 3 4.5
0.00326723 -7 4.5 5.5
0.00822637 -6 3.5 5
0.00012311 -5 2.5 3.5
0.00249821 -5.5 3 4
0.0093024 -6 3.5 4.5
0.00024118 -5 2.5 3
0.00231854 -5.5 3 3.5
0.00892225 -6 3.5 4
0.011954 -6.5 4 4.5
0.000176577 -5 2.5 2.5
0.00160276 -5.5 3 3
0.00684755 -6 3.5 3.5
0.0115468 -6.5 4 4
0.00753804 -7 4.5 4.5
5.73216e-05 -5 2.5 2
0.000693698 -5.5 3 2.5
0.00395291 -6 3.5 3
0.00897451 -6.5 4 3.5
0.00734389 -7 4.5 4
0.000125008 -5.5 3 2
0.00150992 -6 3.5 2.5
0.00167423 -7.5 5 3.5
0.00519933 -6.5 4 3
0.00596165 -7 4.5 3.5
0.000248836 -6 3.5 2
0.00218925 -6.5 4 2.5
3.84295e-05 -8 5.5 3.5
0.000511874 -6.5 4 2
9.14479e-05 -8 5.5 3
0.00192987 -7 4.5 2.5
4.71085e-05 -6.5 4 1.5
0.000689233 -7 4.5 2
0.000118897 -7 4.5 1.5
0.000129071 -7.5 5 1.5
3.75022e-05 -8 5.5 1.5
7.85531e-05 -8 5.5 2
0.000408136 -7.5 5 2
9.95336e-05 -8 5.5 2.5
0.000870563 -7.5 5 2.5
0.00136608 -7.5 5 3
0.00387004 -7 4.5 3
0.00170477 -7.5 5 4
0.00131636 -7.5 5 4.5
0.000418856 -7.5 5 5
0.00639385 -7 4.5 5
0.0107155 -6.5 4 5
5.8534e-05 -5.5 3.5 6.5
3.1952e-05 -6.5 4.5 7
4.37191e-05 -6 4 7
0.0002712 -5.5 3.5 6
0.000247419 -6.5 4.5 6.5
0.000330274 -6 4 6.5
0.000873424 -5.5 3.5 5.5
0.00139675 -6.5 4.5 6
4.31201e-05 -7 5 6
0.00194229 -5.5 3.5 5
0.0038895 -6.5 4.5 5.5
0.00470042 -6 4 5.5
2.59532e-05 -5 3 4
0.00292469 -5.5 3.5 4.5
0.000424169 -7 5 5.5
0.000186718 -5 3 3.5
0.00305492 -5.5 3.5 4
0.00143936 -7 5 5
0.00851179 -6 4 4.5
0.000320629 -5 3 3
0.00268179 -5.5 3.5 3.5
0.00227484 -7 5 4.5
0.00812923 -6 4 4
0.00746103 -6.5 4.5 4.5
0.000260425 -5 3 2.5
0.00179832 -5.5 3.5 3
0.00230855 -7 5 4
0.00618554 -6 4 3.5
9.86314e-05 -5 3 2
0.000885238 -5.5 3.5 2.5
0.00361079 -6 4 3
0.00202455 -7 5 3.5
0.00561395 -6.5 4.5 3.5
0.000251928 -5.5 3.5 2
0.00159223 -6 4 2.5
7.08454e-05 -7.5 5.5 3.5
0.00045331 -6 4 2
0.00174522 -6.5 4.5 2.5
0.000149184 -7.5 5.5 3
5.24479e-05 -6 4 1.5
0.000637228 -6.5 4.5 2
0.000134077 -6.5 4.5 1.5
0.000153895 -7 5 1.5
2.00867e-05 -7.5 5.5 1
2.63216e-05 -7 5 1
5.47389e-05 -7.5 5.5 1.5
0.000112595 -7.5 5.5 2
0.000442622 -7 5 2
0.000147295 -7.5 5.5 2.5
0.000923529 -7 5 2.5
0.0014967 -7 5 3
0.00353554 -6.5 4.5 3
0.00715941 -6.5 4.5 4
0.00664632 -6.5 4.5 5
0.00767124 -6 4 5
2.14248e-05 -5.5 4 7
0.000135121 -5.5 4 6.5
6.45963e-05 -6.5 5 6.5
0.000511338 -5.5 4 6
0.000265131 -6 4.5 6.5
0.000348228 -6.5 5 6
0.00246905 -5.5 4 5
0.00111874 -6.5 5 5.5
0.00339421 -6 4.5 5.5
0.000133872 -5 3.5 4
0.00310198 -5.5 4 4.5
0.00197663 -6.5 5 5
0.00510476 -6 4.5 5
0.000282412 -5 3.5 3.5
0.00230693 -6.5 5 4.5
2.0306e-05 -4.5 3 2.5
0.000335091 -5 3.5 3
0.00246996 -5.5 4 3.5
0.0022357 -6.5 5 4
0.0049939 -6 4.5 4
2.05175e-05 -4.5 3 2
0.00026246 -5 3.5 2.5
0.00155915 -5.5 4 3
0.00184541 -6.5 5 3.5
0.00219539 -6 4.5 3
0.000124779 -5 3.5 2
0.000119131 -7 5.5 3.5
0.0012738 -6.5 5 3
2.48151e-05 -5 3.5 1.5
0.000269234 -5.5 4 2
0.000154562 -7 5.5 3
5.29252e-05 -5.5 4 1.5
0.000143355 -7 5.5 2.5
0.000411484 -6 4.5 2
0.000103848 -6 4.5 1.5
0.00012448 -6.5 5 1.5
2.07907e-05 -7 5.5 1
2.69427e-05 -6.5 5 1
4.79304e-05 -7 5.5 1.5
0.000100257 -7 5.5 2
0.000349021 -6.5 5 2
0.000738727 -6.5 5 2.5
0.001077 -6 4.5 2.5
0.000755471 -5.5 4 2.5
4.4677e-05 -7 5.5 4
0.00367659 -6 4.5 3.5
0.00302569 -5.5 4 4
0.00013081 -6 5 6.5
0.00123727 -6 5 5.5
0.0014811 -5.5 4.5 5.5
0.000149194 -5 4 4.5
0.00178728 -6 5 5
0.00215128 -5.5 4.5 5
0.000279205 -5 4 4
0.000343906 -5 4 3.5
0.00213127 -5.5 4.5 4
0.00184401 -6 5 4.5
0.000297828 -5 4 3
0.00152867 -5.5 4.5 3.5
0.00163529 -6 5 4
0.00118534 -6 5 3.5
0.000186069 -5 4 2.5
0.000130961 -6.5 5.5 3.5
8.56541e-05 -5 4 2
0.000415756 -5.5 4.5 2.5
0.000127991 -6.5 5.5 3
2.39815e-05 -5 4 1.5
5.64262e-05 -5.5 4.5 1.5
0.000174672 -6 5 2
0.000101556 -6.5 5.5 2.5
2.7371e-05 -6.5 5.5 1.5
6.3789e-05 -6 5 1.5
6.27079e-05 -6.5 5.5 2
0.000166481 -5.5 4.5 2
0.000386262 -6 5 2.5
0.000729689 -6 5 3
0.000878619 -5.5 4.5 3
0.000109709 -6.5 5.5 4
4.95442e-05 -6.5 5.5 4.5
2.93963e-05 -5 4.5 6
0.000114347 -5.5 5 6.5
0.000101369 -5 4.5 5.5
0.000453013 -5.5 5 6
0.000243882 -5 4.5 5
0.000929444 -5.5 5 5.5
0.000377806 -5 4.5 4
0.000134281 -6 5.5 4.5
0.00105247 -5.5 5 4.5
0.000306248 -5 4.5 3.5
0.000286132 -5.5 5 3
0.000118504 -6 5.5 3.5
0.000179741 -5 4.5 3
3.24321e-05 -5 4.5 2
0.000124384 -5.5 5 2.5
4.67597e-05 -5.5 5 2
4.79884e-05 -6 5.5 2.5
2.15048e-05 -5.5 5 1.5
2.46167e-05 -6 5.5 2
8.4212e-05 -6 5.5 3
8.55334e-05 -5 4.5 2.5
0.000539631 -5.5 5 3.5
0.000132878 -6 5.5 4
0.000843631 -5.5 5 4
9.04098e-05 -6 5.5 5
0.000374294 -5 4.5 4.5
2.71203e-05 -5.5 5.5 6.5
2.83292e-05 -5 5 6.5
9.68892e-05 -5.5 5.5 6
0.000123095 -5 5 6
0.000353243 -5 5 5
0.000340997 -5 5 4.5
0.00018842 -5.5 5.5 5
0.000268702 -5 5 4
0.000168564 -5.5 5.5 4.5
6.62695e-05 -5 5 3
7.73396e-05 -5.5 5.5 3.5
2.38429e-05 -5 5 2.5
5.90344e-05 -5 5.5 6
4.09039e-05 -5.5 5.5 3
0.00016101 -5 5 3.5
0.000117174 -5 5.5 5.5
2.38278e-05 -4.5 5 4.5
0.00013138 -5 5.5 5
7.26353e-05 -5 5.5 4
2.94253e-05 -5 5.5 3.5
2.55165e-05 -4.5 5 4
2.58646e-05 -4.5 5.5 4.5
2.57619e-05 -4.5 5.5 5
0.000117763 -5 5.5 4.5
0.000123028 -5.5 5.5 4
0.000172986 -5.5 5.5 5.5
0.000276313 -5 5 5.5
0.00107523 -5.5 5 5
0.00231521 -5.5 4.5 4.5
0.000582769 -6 5 6
0.000698133 -5.5 4.5 6
0.000172968 -5.5 4.5 6.5
2.50295e-05 -5.5 4.5 7
0.00538069 -6 4.5 4.5
0.00134369 -5.5 4 5.5
0.00136123 -6 4.5 6
3.64229e-05 -6 4.5 7
0.00176245 -6 4 6
0.00618529 -6.5 4 5.5
0.000344477 -6.5 4 6.5
4.1231e-05 -6 3.5 7
0.00188087 -7 3.5 6
2.36629e-05 -6.5 3 7
0.000181328 -7 3 6.5
