0.0212766
2.45376e-05 -11.5 -9.5 11
4.64284e-05 -11.5 -9.5 11.5
3.23133e-05 -11 -9.5 11
0.000624159 -11.5 -9 10.5
2.79531e-05 -11 -9.5 11.5
0.000757796 -11.5 -9 11
0.00011767 -11.5 -9 11.5
0.000156673 -11 -9 10
0.00814527 -11.5 -8.5 10
0.0129833 -11.5 -8.5 10.5
0.000811513 -11 -9 11
0.000805383 -11 -9 10.5
2.25609e-05 -11 -9 11.5
0.00889616 -11.5 -8.5 11
0.000112404 -12 -8.5 10.5
0.00022679 -12 -8.5 11
0.000220413 -11 -8.5 9.5
2.99287e-05 -12 -8.5 11.5
0.00497819 -11.5 -8 9.5
0.00837014 -11 -8.5 10
0.0461476 -11.5 -8 10
0.0106284 -11 -8.5 10.5
0.0500054 -11.5 -8 10.5
3.39523e-05 -10.5 -9 11.5
0.00641693 -11 -8.5 11
0.02516 -11.5 -8 11
0.00190881 -12 -8 10.5
0.000968085 -12 -8 10
0.00147348 -12 -8 11
3.76782e-05 -12 -8 11.5
0.00696048 -11 -8 9.5
0.0158504 -11.5 -7.5 9.5
5.97632e-05 -11 -8 9
0.0605748 -11.5 -7.5 10
0.000288736 -11.5 -7.5 9
0.0335916 -11 -8 10
0.0637956 -11.5 -7.5 10.5
0.000436349 -10.5 -8.5 11
0.0343521 -11 -8 10.5
0.0152024 -11 -8 11
0.032425 -11.5 -7.5 11
0.00167376 -11.5 -7.5 11.5
0.000317864 -12 -7.5 9.5
0.00012476 -11 -8 11.5
0.000220012 -10.5 -8.5 11.5
0.00316359 -12 -7.5 10
0.00399759 -12 -7.5 10.5
0.00258848 -12 -7.5 11
0.000211506 -12 -7.5 11.5
0.000181717 -10.5 -8 9.5
0.0145454 -11 -7.5 9.5
0.0154649 -11.5 -7 9.5
0.0433911 -11 -7.5 10
0.000352483 -11 -7.5 9
0.000437416 -11.5 -7 9
0.0497985 -11.5 -7 10
0.0425876 -11 -7.5 10.5
0.0532459 -11.5 -7 10.5
0.000290642 -10.5 -8 11.5
0.0275808 -11.5 -7 11
0.00420476 -11.5 -7 11.5
0.000644829 -12 -7 9.5
0.00329817 -12 -7 10
0.00406612 -12 -7 10.5
0.00255049 -12 -7 11
0.000459556 -12 -7 11.5
0.00140189 -11 -7.5 11.5
0.0184412 -11 -7.5 11
0.00197758 -10.5 -7.5 9.5
0.0133715 -11 -7 9.5
0.00491633 -10.5 -7.5 10
5.68354e-05 -10.5 -7.5 9
0.00488555 -11.5 -6.5 9.5
0.0355896 -11 -7 10
0.000464706 -11 -7 9
0.000307982 -11.5 -6.5 9
0.0135102 -11.5 -6.5 10
0.0341576 -11 -7 10.5
0.0172756 -11.5 -6.5 10.5
0.0120447 -11.5 -6.5 11
0.000274546 -10.5 -7.5 11.5
0.00349765 -11.5 -6.5 11.5
0.000165453 -11.5 -6.5 12
0.000449554 -12 -6.5 11.5
0.00149119 -12 -6.5 11
0.00214785 -12 -6.5 10.5
0.00157692 -12 -6.5 10
0.000521065 -12 -6.5 9.5
0.00214157 -11 -7 11.5
0.0153457 -11 -7 11
0.00176952 -10.5 -7.5 11
0.0045119 -10.5 -7.5 10.5
0.00268176 -10.5 -7 9.5
0.00423539 -11 -6.5 9.5
0.00587434 -10.5 -7 10
0.0001107 -10.5 -7 9
0.000266702 -11 -6.5 9
0.00023937 -11.5 -6 9.5
0.0106076 -11 -6.5 10
2.5141e-05 -11.5 -6 9
0.000851313 -11.5 -6 10
2.86744e-05 -10 -7.5 11
0.0115365 -11 -6.5 10.5
0.00147241 -11.5 -6 10.5
0.00158159 -11.5 -6 11
0.00106477 -11.5 -6 11.5
0.000193359 -11.5 -6 12
4.23522e-05 -12 -6 9.5
0.000143344 -12 -6 10
0.000255288 -12 -6 10.5
0.000299242 -12 -6 11
0.000179949 -12 -6 11.5
2.59108e-05 -12 -6 12
9.39415e-05 -11 -6.5 12
0.00163319 -11 -6.5 11.5
0.00020676 -10.5 -7 11.5
6.85714e-05 -10 -7 10
0.00167773 -10.5 -6.5 9.5
8.24776e-05 -10.5 -6.5 9
0.000264086 -11 -6 9.5
0.00337086 -10.5 -6.5 10
0.000821828 -11 -6 10
2.54903e-05 -11 -6 9
0.00278103 -10.5 -6.5 10.5
3.66841e-05 -11.5 -5.5 10
0.00120962 -11 -6 10.5
0.0010523 -10.5 -6.5 11
7.21086e-05 -11.5 -5.5 10.5
0.00105564 -11 -6 11
9.27971e-05 -11.5 -5.5 11
0.000502548 -11 -6 11.5
7.23423e-05 -11.5 -5.5 11.5
3.57389e-05 -11.5 -5.5 12
2.01049e-05 -12 -5.5 11
7.35913e-05 -11 -6 12
0.000159988 -10 -6.5 9.5
0.000174056 -10.5 -6 9.5
0.000425939 -10.5 -6 10
4.09536e-05 -11 -5.5 10
0.000463947 -10.5 -6 10.5
6.90179e-05 -11 -5.5 10.5
0.000296136 -10.5 -6 11
7.30155e-05 -11 -5.5 11
4.56773e-05 -11 -5.5 11.5
2.06077e-05 -10.5 -5.5 10
2.95282e-05 -10.5 -5.5 10.5
2.60503e-05 -10.5 -5.5 11
2.7115e-05 -10 -6 11
7.50302e-05 -10 -6 10.5
0.000105908 -10 -6 10
6.47213e-05 -10 -6 9.5
7.94752e-05 -10.5 -6 11.5
3.9195e-05 -10 -6.5 11
0.000165168 -10 -6.5 10.5
0.000255328 -10 -6.5 10
0.000150122 -10.5 -6.5 11.5
4.14251e-05 -10 -7 11
9.09856e-05 -10 -7 10.5
0.00670312 -11 -6.5 11
0.00170084 -10.5 -7 11
0.00489431 -10.5 -7 10.5
0.00124126 -10.5 -8 11
0.00171638 -10.5 -8 10.5
0.00101819 -10.5 -8 10
