0.080207
3.24576e-05 -9.5 -3.5 9.5
2.8091e-05 -9.5 -3.5 10
0.000169116 -10 -3 9.5
5.2886e-05 -10 -3 9
0.000103091 -10.5 -2.5 9.5
0.000160207 -10 -3 10
3.79884e-05 -10.5 -2.5 9
8.74683e-05 -10.5 -2.5 10
4.88653e-05 -10 -3 10.5
0.000352159 -9.5 -3 9.5
0.000219254 -9.5 -3 9
0.00182751 -10 -2.5 9.5
0.000323386 -9.5 -3 10
0.00177147 -10.5 -2 9.5
0.00077518 -10 -2.5 9
0.00180951 -10 -2.5 10
0.000100013 -9.5 -3 10.5
0.000216098 -11 -1.5 9.5
0.000600164 -10.5 -2 9
0.00186506 -10.5 -2 10
0.00073378 -10 -2.5 10.5
9.96358e-05 -11 -1.5 9
0.000201597 -11 -1.5 10
0.000947347 -10.5 -2 10.5
3.24181e-05 -11 -1.5 10.5
0.000207386 -9 -3 9.5
0.00266626 -9.5 -2.5 9.5
3.954e-05 -9 -3 8.5
0.00963891 -10 -2 9.5
7.96034e-05 -9.5 -2.5 8.5
0.00735121 -10.5 -1.5 9.5
0.0052462 -10 -2 9
2.7631e-05 -9 -3 10.5
0.00252241 -9.5 -2.5 10
0.00178738 -9.5 -2.5 9
0.0037615 -10.5 -1.5 9
0.000920922 -11 -1 9.5
0.0078916 -10.5 -1.5 10
0.000106628 -10 -2 8.5
0.000955782 -9.5 -2.5 10.5
0.00060019 -11 -1 9
3.85544e-05 -11.5 -0.5 9.5
0.000922686 -11 -1 10
0.00366692 -10.5 -1.5 10.5
8.8671e-05 -9.5 -2.5 11
3.02017e-05 -11.5 -0.5 9
3.05803e-05 -11.5 -0.5 10
0.000298965 -11 -1 10.5
0.000340681 -10.5 -1.5 11
0.00138934 -9 -2.5 9.5
0.0101198 -9.5 -2 9.5
0.000442604 -9 -2.5 8.5
0.019499 -10 -1.5 9.5
0.00976438 -9.5 -2 10
0.00720244 -9.5 -2 9
0.0138607 -10 -1.5 9
0.0109876 -10.5 -1 9.5
0.0189054 -10 -1.5 10
0.00171884 -9.5 -2 8.5
0.00399826 -9.5 -2 10.5
0.00812103 -10.5 -1 9
0.00133988 -11 -0.5 9.5
0.0103764 -10.5 -1 10
0.00299846 -10 -1.5 8.5
0.00771846 -10 -1.5 10.5
0.000502157 -9.5 -2 11
0.00112886 -11 -0.5 9
0.0019675 -10.5 -1 8.5
5.19515e-05 -11.5 0 9.5
0.0011331 -11 -0.5 10
0.00408227 -10.5 -1 10.5
0.00100054 -10 -1.5 11
4.90778e-05 -11.5 0 9
3.43642e-05 -11.5 0 10
0.000383447 -11 -0.5 8.5
0.000325102 -11 -0.5 10.5
0.000444319 -10.5 -1 11
2.45789e-05 -11.5 0 8.5
0.00458218 -9 -2 9.5
0.00406914 -9 -2 9
0.0190273 -9.5 -1.5 9.5
0.000169562 -8.5 -2.5 8.5
5.35051e-05 -10 -1.5 11.5
2.6963e-05 -9.5 -2 11.5
5.96631e-05 -8.5 -2.5 8
0.00182403 -9 -2 8.5
0.0227153 -10 -1 9.5
0.014586 -9.5 -1.5 9
0.0172862 -9.5 -1.5 10
0.0184208 -10 -1 9
0.0110702 -10.5 -0.5 9.5
0.000113718 -9 -2 8
0.0203862 -10 -1 10
0.00562633 -9.5 -1.5 8.5
0.00668682 -9.5 -1.5 10.5
0.00879309 -10.5 -0.5 9
0.00136119 -11 0 9.5
0.0100669 -10.5 -0.5 10
0.00767294 -10 -1 8.5
0.00784171 -10 -1 10.5
0.000915915 -9.5 -1.5 11
0.00118607 -11 0 9
5.0082e-05 -11.5 0.5 9.5
0.0010709 -11 0 10
0.000103847 -10 -1 8
0.00398438 -10.5 -0.5 8.5
0.00370288 -10.5 -0.5 10.5
0.00103059 -10 -1 11
5.41737e-05 -9.5 -1.5 11.5
4.84721e-05 -11.5 0.5 9
0.000628283 -11 0 8.5
2.98674e-05 -11.5 0.5 10
0.000284798 -11 0 10.5
0.000195114 -10.5 -0.5 8
0.000419126 -10.5 -0.5 11
3.25057e-05 -11.5 0.5 8.5
8.99658e-05 -11 0 8
2.24319e-05 -11 0 11
5.28742e-05 -10 -1 11.5
0.000186866 -8.5 -2 9
0.00874607 -9 -1.5 9.5
0.000531592 -8.5 -2 8.5
0.021569 -9.5 -1 9.5
0.00569113 -9 -1.5 10
0.00796265 -9 -1.5 9
0.0180011 -9.5 -1 9
0.000210436 -8.5 -2 8
0.0215842 -10 -0.5 9.5
0.00162315 -9 -1.5 10.5
0.0183482 -9.5 -1 10
0.0040999 -9 -1.5 8.5
0.00869241 -9.5 -1 8.5
0.0178187 -10 -0.5 9
0.0088342 -10.5 0 9.5
0.0184888 -10 -0.5 10
0.000782163 -9 -1.5 8
0.00750935 -10.5 0 9
0.00113526 -11 0.5 9.5
0.00693046 -10.5 0 10
0.00136045 -9.5 -1 8
0.00864551 -10 -0.5 8.5
0.00676637 -10 -0.5 10.5
0.000221577 -9 -1.5 11
0.000994456 -11 0.5 9
0.00395065 -10.5 0 8.5
3.94735e-05 -11.5 1 9.5
0.000746592 -11 0.5 10
0.00234237 -10.5 0 10.5
0.00194139 -10 -0.5 8
0.000869515 -10 -0.5 11
4.31683e-05 -11.5 1 9
0.000611731 -11 0.5 8.5
0.000208745 -11 0.5 10.5
0.00112236 -10.5 0 8
0.000261477 -10.5 0 11
3.93391e-05 -10 -0.5 11.5
2.7898e-05 -11.5 1 8.5
0.000211615 -11 0.5 8
5.94401e-05 -8.5 -1.5 9.5
0.0108692 -9 -1 9.5
3.52952e-05 -8 -2 8
0.000956257 -8.5 -1.5 8.5
0.00771251 -9 -1 10
0.0200449 -9.5 -0.5 9.5
0.00987147 -9 -1 9
0.0170746 -9.5 -0.5 9
0.000499389 -8.5 -1.5 8
0.0136664 -10 0 9.5
0.00248653 -9 -1 10.5
0.0165034 -9.5 -0.5 10
0.00568079 -9 -1 8.5
0.0118811 -10 0 9
0.0030801 -10.5 0.5 9.5
7.02056e-05 -8.5 -1.5 7.5
0.00154904 -9 -1 8
0.00889506 -9.5 -0.5 8.5
0.0108315 -10 0 10
0.00592491 -9.5 -0.5 10.5
0.000339838 -9 -1 11
0.00310834 -10.5 0.5 9
0.0069743 -10 0 8.5
0.000191397 -11 1 9.5
0.00190161 -10.5 0.5 10
0.00256378 -9.5 -0.5 8
0.00410482 -10 0 10.5
0.000789301 -9.5 -0.5 11
0.000258982 -11 1 9
0.00229811 -10.5 0.5 8.5
7.06749e-05 -11 1 10
0.000642974 -10.5 0.5 10.5
2.88885e-05 -9.5 -0.5 7.5
0.00230793 -10 0 8
0.000529138 -10 0 11
3.90348e-05 -9.5 -0.5 11.5
0.0002545 -11 1 8.5
0.00104089 -10.5 0.5 8
8.23632e-05 -10.5 0.5 11
0.000153835 -11 1 8
0.00023161 -10.5 0.5 7.5
4.51982e-05 -11 1 7.5
0.000271384 -10 0 7.5
0.000898007 -8.5 -1 9.5
0.0102298 -9 -0.5 9.5
5.98301e-05 -8 -1.5 8
0.00147302 -8.5 -1 8.5
0.0122694 -9.5 0 9.5
0.00931619 -9 -0.5 9
0.00740027 -9 -0.5 10
0.0107534 -9.5 0 9
2.77618e-05 -8 -1.5 7.5
0.00423177 -10 0.5 9.5
0.000726999 -8.5 -1 8
0.00973377 -9.5 0 10
0.00555897 -9 -0.5 8.5
0.00246251 -9 -0.5 10.5
0.00400434 -10 0.5 9
0.00648899 -9.5 0 8.5
0.000245021 -10.5 1 9.5
0.00295306 -10 0.5 10
0.000133655 -8.5 -1 7.5
0.00371969 -9.5 0 10.5
0.00187891 -9 -0.5 8
0.0003216 -10.5 1 9
0.00291779 -10 0.5 8.5
0.000124449 -10.5 1 10
0.000230854 -9 -0.5 7.5
0.00121633 -10 0.5 10.5
0.00240081 -9.5 0 8
0.000503295 -9.5 0 11
0.000387134 -10.5 1 8.5
0.00150646 -10 0.5 8
2.63437e-05 -10.5 1 10.5
0.000207957 -10 0.5 11
0.000442199 -9.5 0 7.5
0.000340103 -10.5 1 8
0.000418306 -10 0.5 7.5
2.00145e-05 -11 1.5 8
0.000167794 -10.5 1 7.5
2.80687e-05 -10.5 1 7
3.68996e-05 -10 0.5 7
2.03436e-05 -9.5 0 11.5
0.000336312 -9 -0.5 11
0.00193142 -8.5 -0.5 9.5
0.0067167 -9 0 9.5
0.00207969 -8.5 -0.5 9
0.0060154 -9 0 9
8.34473e-05 -8 -1 8
0.00381895 -9.5 0.5 9.5
0.00533222 -9 0 10
0.00158459 -8.5 -0.5 8.5
0.00351691 -9.5 0.5 9
0.000372351 -10 1 9.5
4.73172e-05 -8 -1 7.5
0.000716176 -8.5 -0.5 8
0.00285563 -9.5 0.5 10
0.0036831 -9 0 8.5
0.00196347 -9 0 10.5
0.000440849 -10 1 9
0.00249504 -9.5 0.5 8.5
0.000208029 -10 1 10
0.000165798 -8.5 -0.5 7.5
0.00131016 -9.5 0.5 10.5
0.00152329 -9 0 8
0.000267689 -9 0 11
0.000428619 -10 1 8.5
0.00127703 -9.5 0.5 8
6.79719e-05 -10 1 10.5
0.000335385 -9 0 7.5
0.000235183 -9.5 0.5 11
2.02095e-05 -10.5 1.5 8.5
0.000355923 -10 1 8
3.31383e-05 -9 0 7
0.000411072 -9.5 0.5 7.5
0.000198675 -10 1 7.5
2.21013e-05 -10.5 1.5 7.5
5.216e-05 -10 1 7
6.03933e-05 -9.5 0.5 7
9.82475e-05 -8 -0.5 8.5
0.00252213 -9 0.5 9.5
0.00186126 -8.5 0 9
0.00221881 -9 0.5 9
0.000390202 -9.5 1 9.5
9.5678e-05 -8 -0.5 8
0.00209029 -9 0.5 10
0.00123029 -8.5 0 8.5
0.000412173 -9.5 1 9
3.86456e-05 -8 -0.5 7.5
0.000257024 -9.5 1 10
0.00051843 -8.5 0 8
0.000945643 -9 0.5 10.5
0.00144107 -9 0.5 8.5
2.2878e-05 -10 1.5 9
0.000361812 -9.5 1 8.5
0.000702711 -9 0.5 8
9.82016e-05 -9.5 1 10.5
0.000138324 -8.5 0 7.5
0.000154775 -9 0.5 11
2.33091e-05 -10 1.5 8.5
0.000271317 -9.5 1 8
3.19007e-05 -9.5 1 11
0.000236989 -9 0.5 7.5
2.10948e-05 -10 1.5 8
0.000142472 -9.5 1 7.5
4.6157e-05 -9.5 1 7
4.44041e-05 -9 0.5 7
9.73908e-05 -8 0 9.5
0.00108587 -8.5 0.5 9.5
0.00033001 -9 1 9.5
0.000164777 -8 0 8.5
0.000909277 -8.5 0.5 10
0.000953865 -8.5 0.5 9
0.000576949 -8.5 0.5 8.5
0.000311614 -9 1 9
0.000241752 -9 1 10
8.64361e-05 -8 0 8
0.000347018 -8.5 0.5 10.5
2.50573e-05 -9.5 1.5 9
2.62496e-05 -8 0 7.5
0.000252262 -8.5 0.5 8
0.000138403 -9 1 10.5
0.000249853 -9 1 8.5
2.32755e-05 -9.5 1.5 8.5
7.25983e-05 -8.5 0.5 7.5
0.000150883 -9 1 8
2.19578e-05 -9 1 7
7.31356e-05 -9 1 7.5
0.000200505 -8 0.5 9.5
0.000199294 -8 0.5 9
0.000207322 -8.5 1 9
0.000127003 -8 0.5 10
0.000130104 -8 0.5 8.5
2.09255e-05 -9 1.5 9
0.000131848 -8.5 1 8.5
2.13087e-05 -8 0.5 10.5
5.21549e-05 -8 0.5 8
6.8862e-05 -8.5 1 8
2.3877e-05 -8.5 1 7.5
2.34745e-05 -8.5 1 11
9.65129e-05 -8 1 9.5
4.13826e-05 -8 1 8.5
2.03784e-05 -8 1 8
3.71255e-05 -8 1 10.5
8.40924e-05 -8 1 10
7.91724e-05 -8 1 9
0.000130804 -8.5 1 10.5
0.000231241 -8.5 1 10
0.000250029 -8.5 1 9.5
4.8048e-05 -9 1 11
4.46897e-05 -8.5 0.5 11
0.000181471 -8 0 9
3.57499e-05 -8.5 0 11
0.000363589 -8.5 0 10.5
0.0012577 -8.5 0 10
0.00190962 -8.5 0 9.5
6.62872e-05 -8.5 -0.5 10.5
0.000809859 -8.5 -0.5 10
0.00163728 -8.5 -1 9
0.000769573 -8.5 -1.5 9
5.28098e-05 -9.5 -1 11.5
0.000935336 -9.5 -1 11
0.00682236 -9.5 -1 10.5
8.78203e-05 -9 -2 11
0.000630981 -9 -2 10.5
0.00273625 -9 -2 10
2.61857e-05 -9 -2.5 11
0.000202291 -9 -2.5 10.5
0.000827213 -9 -2.5 10
0.00112376 -9 -2.5 9
0.000470233 -10 -2 11
0.00439899 -10 -2 10.5
0.00971376 -10 -2 10
0.000117517 -9 -3 10
0.000157661 -9 -3 9
