0.800172
2.20652e-05 -5 -10.5 -17
3.4729e-05 -5 -10.5 -18
3.06408e-05 -5 -10.5 -18.5
3.1363e-05 -5 -10.5 -17.5
0.000125598 -4.5 -10 -18
0.000140257 -4.5 -10 -19
2.85947e-05 -4.5 -10 -20.5
5.59253e-05 -4.5 -10 -20
0.000102022 -4.5 -10 -19.5
0.000148686 -4.5 -10 -18.5
7.06692e-05 -4.5 -10 -17.5
2.26471e-05 -4.5 -10 -17
2.6588e-05 -5.5 -11.5 -17
0.000162062 -4.5 -10.5 -17.5
7.55242e-05 -5 -11 -17
0.000112261 -5 -11 -18
2.35087e-05 -5.5 -11.5 -17.5
0.000234423 -4.5 -10.5 -18
5.2546e-05 -5 -11 -19
0.0002322 -4.5 -10.5 -19
3.21042e-05 -4.5 -10.5 -20.5
8.38475e-05 -4.5 -10.5 -20
2.74844e-05 -5 -11 -19.5
0.000164927 -4.5 -10.5 -19.5
9.17805e-05 -5 -11 -18.5
0.000257708 -4.5 -10.5 -18.5
0.000104373 -5 -11 -17.5
2.33587e-05 -5.5 -11.5 -16.5
7.5514e-05 -4.5 -10.5 -17
3.41698e-05 -5 -11 -16.5
3.27191e-05 -4 -10 -17
0.000126382 -4 -10 -17.5
0.000269179 -4 -10 -18
0.000374102 -4 -10 -18.5
3.93231e-05 -4.5 -9.5 -18
4.76135e-05 -4.5 -9.5 -19
0.000398831 -4 -10 -19
0.000241965 -4 -10 -20
3.9532e-05 -4 -10 -21
0.00012478 -4 -10 -20.5
2.33482e-05 -4.5 -9.5 -20
3.96572e-05 -4.5 -9.5 -19.5
0.000343947 -4 -10 -19.5
4.79834e-05 -4.5 -9.5 -18.5
2.03504e-05 -4.5 -9.5 -17.5
3.61034e-05 -5 -11.5 -16
2.37069e-05 -5.5 -12 -15.5
2.03357e-05 -6 -12.5 -15.5
4.93925e-05 -5.5 -12 -16
2.15868e-05 -6 -12.5 -16
0.000161592 -5 -11.5 -17
7.52265e-05 -5.5 -12 -16.5
0.00021258 -4 -10.5 -17.5
0.000152547 -4.5 -11 -17
8.57811e-05 -5.5 -12 -17
0.000340199 -4 -10.5 -18
0.000310414 -4.5 -11 -18
7.58666e-05 -5.5 -12 -17.5
0.000198244 -5 -11.5 -18
0.000396667 -4 -10.5 -19
4.686e-05 -5.5 -12 -18
0.000264916 -4.5 -11 -19
2.53755e-05 -5.5 -12 -18.5
9.79383e-05 -5 -11.5 -19
0.00019806 -4 -10.5 -20
7.38978e-05 -4.5 -11 -20
2.14016e-05 -4.5 -11 -20.5
8.29172e-05 -4 -10.5 -20.5
4.35592e-05 -5 -11.5 -19.5
0.00016466 -4.5 -11 -19.5
0.000320985 -4 -10.5 -19.5
0.000161222 -5 -11.5 -18.5
0.000331447 -4.5 -11 -18.5
0.000398846 -4 -10.5 -18.5
0.000192174 -5 -11.5 -17.5
0.000252987 -4.5 -11 -17.5
9.92647e-05 -5 -11.5 -16.5
8.7767e-05 -4 -10.5 -17
5.78038e-05 -4.5 -11 -16.5
7.27884e-05 -3.5 -10 -17.5
0.000182906 -3.5 -10 -18
0.00032122 -3.5 -10 -18.5
0.000398555 -3.5 -10 -19
0.000271285 -4 -9.5 -18.5
0.000386848 -3.5 -10 -19.5
0.000302114 -3.5 -10 -20
0.000170594 -3.5 -10 -20.5
0.000244609 -4 -9.5 -20
6.19339e-05 -3.5 -10 -21
5.27867e-05 -4 -9.5 -21
0.000142304 -4 -9.5 -20.5
0.000319473 -4 -9.5 -19.5
0.000325132 -4 -9.5 -19
0.000158967 -4 -9.5 -18
5.72552e-05 -4 -9.5 -17.5
2.25539e-05 -6 -13 -14.5
2.63173e-05 -5.5 -12.5 -15
3.72083e-05 -4.5 -11.5 -16
3.19771e-05 -5 -12 -15.5
2.04674e-05 -6.5 -13.5 -14.5
7.17728e-05 -5.5 -12.5 -15.5
9.58495e-05 -5 -12 -16
4.16489e-05 -6 -13 -15
6.09888e-05 -6 -13 -15.5
0.000117626 -5.5 -12.5 -16
6.22279e-05 -3.5 -10.5 -17.5
0.000231536 -4.5 -11.5 -17
0.000169266 -5 -12 -16.5
0.000109303 -4 -11 -17
0.000140704 -3.5 -10.5 -18
0.000145479 -5.5 -12.5 -16.5
0.00023093 -5 -12 -17
6.69405e-05 -6 -13 -16
0.000327604 -4 -11 -18
5.61224e-05 -6 -13 -16.5
0.000156017 -5.5 -12.5 -17
0.000343326 -4.5 -11.5 -18
4.2335e-05 -6 -13 -17
0.000263348 -3.5 -10.5 -19
0.000246247 -5 -12 -18
0.00013618 -5.5 -12.5 -17.5
0.000342349 -4 -11 -19
2.63077e-05 -6 -13 -17.5
0.000233548 -3.5 -10.5 -19.5
0.000174306 -5 -12 -18.5
0.000231427 -4.5 -11.5 -19
4.7173e-05 -5.5 -12.5 -18.5
0.000167051 -3.5 -10.5 -20
9.69271e-05 -5 -12 -19
0.000120803 -4 -11 -20
3.89466e-05 -5 -12 -19.5
4.77534e-05 -4.5 -11.5 -20
2.11494e-05 -4 -11 -21
4.00262e-05 -4 -11 -20.5
7.76508e-05 -3.5 -10.5 -20.5
0.000130567 -4.5 -11.5 -19.5
0.000244362 -4 -11 -19.5
9.23287e-05 -5.5 -12.5 -18
0.000321327 -4.5 -11.5 -18.5
0.000371997 -4 -11 -18.5
0.000266245 -5 -12 -17.5
0.000225335 -3.5 -10.5 -18.5
0.000313064 -4.5 -11.5 -17.5
0.000216116 -4 -11 -17.5
0.000123172 -4.5 -11.5 -16.5
3.60147e-05 -4 -11 -16.5
2.15854e-05 -3 -10 -18
6.39921e-05 -3.5 -9.5 -17.5
5.49191e-05 -3 -10 -18.5
0.000188967 -3.5 -9.5 -18
7.79244e-05 -3 -10 -19
0.000347292 -3.5 -9.5 -18.5
8.68972e-05 -3 -10 -19.5
0.000437437 -3.5 -9.5 -19
8.82198e-05 -3 -10 -20
0.000465173 -3.5 -9.5 -19.5
5.67816e-05 -3 -10 -20.5
0.00039925 -3.5 -9.5 -20
0.000123328 -3.5 -9.5 -21
2.15235e-05 -3.5 -9.5 -21.5
5.18527e-05 -4 -9 -21
0.000112641 -4 -9 -20.5
0.000269795 -3.5 -9.5 -20.5
0.000163167 -4 -9 -20
0.000195092 -4 -9 -19.5
0.000196635 -4 -9 -19
0.000147704 -4 -9 -18.5
7.06112e-05 -4 -9 -18
2.75884e-05 -6.5 -14 -13.5
2.87052e-05 -6 -13.5 -14
2.81693e-05 -5.5 -13 -14.5
2.29926e-05 -5 -12.5 -15
2.18864e-05 -7 -14.5 -13.5
4.34414e-05 -6.5 -14 -14
6.54937e-05 -6 -13.5 -14.5
8.34612e-05 -5 -12.5 -15.5
7.14177e-05 -4.5 -12 -16
7.4838e-05 -5.5 -13 -15
5.35107e-05 -6.5 -14 -14.5
9.79486e-05 -6 -13.5 -15
0.000128215 -5.5 -13 -15.5
0.000163726 -5 -12.5 -16
9.88488e-05 -4 -11.5 -17
5.23804e-05 -6.5 -14 -15
0.000115879 -6 -13.5 -15.5
0.000236657 -5 -12.5 -16.5
0.000242808 -4.5 -12 -17
0.000178213 -5.5 -13 -16
4.67981e-05 -6.5 -14 -15.5
0.000122297 -6 -13.5 -16
0.000208238 -5.5 -13 -16.5
7.85372e-05 -3.5 -11 -18
0.000272549 -5 -12.5 -17
0.000245577 -4 -11.5 -18
3.23321e-05 -6.5 -14 -16
0.000108195 -6 -13.5 -16.5
0.000316933 -4.5 -12 -18
0.00026551 -5 -12.5 -17.5
0.000131781 -3.5 -11 -19
0.000154309 -5.5 -13 -17.5
7.85187e-05 -6 -13.5 -17
0.000231133 -4 -11.5 -19
0.000107685 -3.5 -11 -19.5
9.52499e-05 -5.5 -13 -18
0.000148576 -5 -12.5 -18.5
0.000166524 -4.5 -12 -19
6.59378e-05 -3.5 -11 -20
4.6132e-05 -5.5 -13 -18.5
5.31421e-05 -4 -11.5 -20
7.18592e-05 -4.5 -12 -19.5
2.15439e-05 -5 -12.5 -19.5
7.36881e-05 -5 -12.5 -19
0.000136916 -4 -11.5 -19.5
4.56068e-05 -6 -13.5 -17.5
0.000264359 -4.5 -12 -18.5
0.000223236 -5 -12.5 -18
0.000272784 -4 -11.5 -18.5
0.000201433 -5.5 -13 -17
0.000116459 -3.5 -11 -18.5
0.000299878 -4.5 -12 -17.5
0.00018075 -4 -11.5 -17.5
4.23353e-05 -3.5 -11 -17.5
0.00015886 -4.5 -12 -16.5
3.62494e-05 -4 -11.5 -16.5
3.65853e-05 -3 -9.5 -18
2.30845e-05 -3.5 -9 -17.5
0.000105418 -3 -9.5 -18.5
0.000113725 -3.5 -9 -18
0.000175053 -3 -9.5 -19
0.000275413 -3.5 -9 -18.5
0.000207941 -3 -9.5 -19.5
0.00043212 -3.5 -9 -19
0.000219211 -3 -9.5 -20
7.75695e-05 -4 -8.5 -19.5
0.000482865 -3.5 -9 -19.5
0.000172573 -3 -9.5 -20.5
9.23526e-05 -3 -9.5 -21
0.00018214 -3.5 -9 -21
4.64262e-05 -4 -8.5 -20.5
5.5122e-05 -3.5 -9 -21.5
2.62997e-05 -4 -8.5 -21
0.000334611 -3.5 -9 -20.5
6.80667e-05 -4 -8.5 -20
0.000427912 -3.5 -9 -20
7.91006e-05 -4 -8.5 -19
4.94342e-05 -4 -8.5 -18.5
2.03915e-05 -7.5 -15.5 -11.5
2.25504e-05 -7 -15 -12
3.6262e-05 -7 -15 -12.5
2.45876e-05 -7.5 -15.5 -12
3.70912e-05 -6.5 -14.5 -13
3.39952e-05 -6 -14 -13.5
2.5459e-05 -5.5 -13.5 -14
2.51571e-05 -7.5 -15.5 -12.5
4.8325e-05 -7 -15 -13
6.78124e-05 -6.5 -14.5 -13.5
7.41182e-05 -6 -14 -14
7.41159e-05 -5.5 -13.5 -14.5
2.1097e-05 -7.5 -15.5 -13
5.20263e-05 -7 -15 -13.5
9.00902e-05 -6.5 -14.5 -14
0.00011392 -6 -14 -14.5
0.000133044 -5.5 -13.5 -15
0.000125634 -5 -13 -15.5
2.73706e-05 -4.5 -12.5 -15.5
4.65206e-05 -7 -15 -14
9.78155e-05 -6.5 -14.5 -14.5
0.00014594 -6 -14 -15
3.05537e-05 -4 -12 -16.5
0.000187059 -5.5 -13.5 -15.5
0.000139308 -4.5 -12.5 -16.5
9.63039e-05 -6.5 -14.5 -15
3.72234e-05 -7 -15 -14.5
0.000164327 -6 -14 -15.5
0.000213569 -5.5 -13.5 -16
0.000235682 -5 -13 -16.5
0.000206759 -4.5 -12.5 -17
6.71089e-05 -4 -12 -17
2.48384e-05 -7 -15 -15
3.45605e-05 -3.5 -11.5 -18
8.43452e-05 -6.5 -14.5 -15.5
0.000155547 -6 -14 -16
0.000209369 -5.5 -13.5 -16.5
5.68191e-05 -6.5 -14.5 -16
0.000122307 -6 -14 -16.5
0.000234395 -5 -13 -17.5
0.000188285 -5.5 -13.5 -17
4.62062e-05 -3.5 -11.5 -18.5
0.000132879 -4 -12 -18
0.00023758 -4.5 -12.5 -17.5
4.9911e-05 -3.5 -11.5 -19
3.28831e-05 -6.5 -14.5 -16.5
8.18592e-05 -6 -14 -17
7.94695e-05 -5.5 -13.5 -18
4.5395e-05 -6 -14 -17.5
2.69529e-05 -3.5 -11.5 -19.5
9.5527e-05 -5 -13 -18.5
0.000102642 -4 -12 -19
0.000164709 -4.5 -12.5 -18.5
4.37768e-05 -4 -12 -19.5
3.0611e-05 -4.5 -12.5 -19.5
3.7121e-05 -5 -13 -19
3.3649e-05 -5.5 -13.5 -18.5
8.848e-05 -4.5 -12.5 -19
0.000168931 -5 -13 -18
0.000135844 -5.5 -13.5 -17.5
0.00014077 -4 -12 -18.5
0.000231715 -4.5 -12.5 -18
0.000259827 -5 -13 -17
0.000111755 -4 -12 -17.5
0.000189282 -5 -13 -16
7.11024e-05 -4.5 -12.5 -16
5.57863e-05 -5 -13 -15
4.95405e-05 -3 -9 -18
0.000159286 -3 -9 -18.5
5.19501e-05 -3.5 -8.5 -18
0.000285626 -3 -9 -19
0.000366891 -3 -9 -19.5
0.000396121 -3 -9 -20
0.000398977 -3.5 -8.5 -19.5
0.000346711 -3 -9 -20.5
0.000206892 -3 -9 -21
6.944e-05 -3 -9 -21.5
0.000211327 -3.5 -8.5 -21
2.24317e-05 -3 -9 -22
7.70293e-05 -3.5 -8.5 -21.5
0.000355257 -3.5 -8.5 -20.5
0.000423277 -3.5 -8.5 -20
2.37029e-05 -8 -16.5 -10
2.26359e-05 -7.5 -16 -10.5
2.79138e-05 -8 -16.5 -10.5
3.49581e-05 -7.5 -16 -11
3.12014e-05 -7 -15.5 -11.5
2.23037e-05 -6.5 -15 -12
0.000307516 -3.5 -8.5 -19
2.88212e-05 -8 -16.5 -11
4.63529e-05 -7.5 -16 -11.5
4.931e-05 -6.5 -15 -12.5
3.50575e-05 -6 -14.5 -13
5.15066e-05 -7 -15.5 -12
2.50068e-05 -8 -16.5 -11.5
7.12912e-05 -7 -15.5 -12.5
5.04704e-05 -7.5 -16 -12
8.09602e-05 -6.5 -15 -13
7.80854e-05 -6 -14.5 -13.5
5.51532e-05 -5.5 -14 -14
5.08005e-05 -7.5 -16 -12.5
8.30942e-05 -7 -15.5 -13
0.000107697 -6.5 -15 -13.5
0.000110185 -5.5 -14 -14.5
4.16746e-05 -7.5 -16 -13
8.75075e-05 -7 -15.5 -13.5
0.000124082 -6.5 -15 -14
2.54523e-05 -4.5 -13 -15.5
0.000154805 -5.5 -14 -15
0.000155035 -6 -14.5 -14.5
5.95344e-05 -5 -13.5 -15
3.09866e-05 -7.5 -16 -13.5
7.77382e-05 -7 -15.5 -14
0.000168443 -6 -14.5 -15
0.000131019 -6.5 -15 -14.5
0.000186964 -5.5 -14 -15.5
5.75041e-05 -4.5 -13 -16
6.0907e-05 -7 -15.5 -14.5
2.25952e-05 -7.5 -16 -14
0.000116733 -6.5 -15 -15
3.80863e-05 -4 -12.5 -17
0.000161451 -6 -14.5 -15.5
0.000204035 -5.5 -14 -16
0.000201822 -5 -13.5 -16.5
9.64755e-05 -4.5 -13 -16.5
5.16453e-05 -4 -12.5 -17.5
3.90826e-05 -7 -15.5 -15
0.000143626 -6 -14.5 -16
0.000188118 -5.5 -14 -16.5
8.6415e-05 -6.5 -15 -15.5
5.18651e-05 -4 -12.5 -18
0.000140383 -4.5 -13 -17.5
0.000205155 -5 -13.5 -17
2.02141e-05 -7 -15.5 -15.5
5.71367e-05 -6.5 -15 -16
0.000105669 -6 -14.5 -16.5
0.000145963 -5.5 -14 -17
6.77197e-05 -4.5 -13 -18.5
9.8166e-05 -5 -13.5 -18
9.13758e-05 -5.5 -14 -17.5
6.48447e-05 -6 -14.5 -17
3.22053e-05 -6.5 -15 -16.5
4.22361e-05 -4 -12.5 -18.5
4.40963e-05 -5.5 -14 -18
2.64706e-05 -4.5 -13 -19
4.44493e-05 -5 -13.5 -18.5
3.20581e-05 -6 -14.5 -17.5
0.000114521 -4.5 -13 -18
0.000158818 -5 -13.5 -17.5
0.000129359 -4.5 -13 -17
0.000168794 -5 -13.5 -16
0.000114936 -5 -13.5 -15.5
0.000122789 -6 -14.5 -14
2.49865e-05 -5 -13.5 -14.5
0.000166528 -3.5 -8.5 -18.5
5.12389e-05 -3 -8.5 -18
2.50327e-05 -2.5 -9 -19
0.000179783 -3 -8.5 -18.5
4.03962e-05 -2.5 -9 -19.5
0.000339014 -3 -8.5 -19
5.17429e-05 -2.5 -9 -20
0.000485618 -3 -8.5 -19.5
5.36666e-05 -2.5 -9 -20.5
0.000528057 -3 -8.5 -20
0.000273631 -3.5 -8 -19.5
3.31731e-05 -2.5 -9 -21
0.000347193 -3 -8.5 -21
0.000261175 -3.5 -8 -20.5
0.000152999 -3 -8.5 -21.5
0.00017878 -3.5 -8 -21
2.9483e-05 -3 -8.5 -22
7.93117e-05 -3.5 -8 -21.5
2.94709e-05 -8.5 -17.5 -9
3.54386e-05 -8 -17 -9.5
3.02047e-05 -7.5 -16.5 -10
0.000494076 -3 -8.5 -20.5
0.000285378 -3.5 -8 -20
3.12269e-05 -8.5 -17.5 -9.5
4.51006e-05 -8 -17 -10
4.77605e-05 -7.5 -16.5 -10.5
4.09644e-05 -7 -16 -11
2.23663e-05 -6.5 -15.5 -11.5
2.68639e-05 -8.5 -17.5 -10
4.80144e-05 -8 -17 -10.5
5.97386e-05 -7.5 -16.5 -11
6.2047e-05 -7 -16 -11.5
2.48843e-05 -6 -15 -12.5
5.21737e-05 -6.5 -15.5 -12
4.56659e-05 -8 -17 -11
6.96093e-05 -7.5 -16.5 -11.5
8.38844e-05 -6.5 -15.5 -12.5
8.36492e-05 -7 -16 -12
5.78963e-05 -6 -15 -13
2.7037e-05 -5.5 -14.5 -13.5
3.95805e-05 -8 -17 -11.5
7.25891e-05 -7.5 -16.5 -12
9.54915e-05 -7 -16 -12.5
0.000110027 -6.5 -15.5 -13
9.92446e-05 -6 -15 -13.5
5.64182e-05 -5.5 -14.5 -14
3.06076e-05 -8 -17 -12
6.7006e-05 -7.5 -16.5 -12.5
0.0001008 -7 -16 -13
0.000126135 -6.5 -15.5 -13.5
0.000129236 -6 -15 -14
0.000100564 -5.5 -14.5 -14.5
2.45087e-05 -5 -14 -14.5
5.60307e-05 -7.5 -16.5 -13
9.59949e-05 -7 -16 -13.5
0.000130152 -6.5 -15.5 -14
4.13379e-05 -7.5 -16.5 -13.5
0.000123223 -6.5 -15.5 -14.5
8.04032e-05 -7 -16 -14
0.000157501 -6 -15 -15
3.50313e-05 -4.5 -13.5 -16
8.37166e-05 -5 -14 -15.5
0.000140186 -5.5 -14.5 -15
2.6938e-05 -7.5 -16.5 -14
6.01503e-05 -7 -16 -14.5
4.94195e-05 -4.5 -13.5 -16.5
0.00010329 -6.5 -15.5 -15
0.000158728 -5.5 -14.5 -16
7.22659e-05 -6.5 -15.5 -15.5
0.000106859 -6 -15 -16
3.81526e-05 -7 -16 -15
5.71603e-05 -4.5 -13.5 -17
0.00012469 -5.5 -14.5 -16.5
0.000122675 -5 -14 -16.5
5.72691e-05 -4.5 -13.5 -17.5
4.27202e-05 -6.5 -15.5 -16
6.86536e-05 -5 -14 -17.5
3.28262e-05 -6 -15 -17
2.36833e-05 -6.5 -15.5 -16.5
3.2117e-05 -4.5 -13.5 -18
7.93643e-05 -5.5 -14.5 -17
3.24325e-05 -5 -14 -18
4.09793e-05 -5.5 -14.5 -17.5
6.67014e-05 -6 -15 -16.5
0.000105038 -5 -14 -17
0.000138932 -6 -15 -15.5
0.000111372 -5 -14 -16
0.000162991 -5.5 -14.5 -15.5
0.000150319 -6 -15 -14.5
5.13067e-05 -5 -14 -15
0.000189863 -3.5 -8 -19
8.14413e-05 -3.5 -8 -18.5
2.37056e-05 -2.5 -8.5 -18.5
2.60781e-05 -3 -8 -18
6.05026e-05 -2.5 -8.5 -19
0.000124309 -3 -8 -18.5
0.000114122 -2.5 -8.5 -19.5
0.000323604 -3 -8 -19
0.000157859 -2.5 -8.5 -20
0.000505532 -3 -8 -19.5
0.000166643 -2.5 -8.5 -20.5
0.000572361 -3 -8 -20
0.000129345 -3.5 -7.5 -19.5
0.000142188 -2.5 -8.5 -21
8.31589e-05 -2.5 -8.5 -21.5
0.000446334 -3 -8 -21
0.000133762 -3.5 -7.5 -20.5
2.12771e-05 -2.5 -8.5 -22
0.000228951 -3 -8 -21.5
8.77904e-05 -3.5 -7.5 -21
6.32791e-05 -3 -8 -22
3.11238e-05 -8.5 -18 -8.5
3.97043e-05 -8 -17.5 -9
4.08867e-05 -3.5 -7.5 -21.5
3.47031e-05 -8.5 -18 -9
4.79738e-05 -8 -17.5 -9.5
5.21669e-05 -7.5 -17 -10
3.42854e-05 -7 -16.5 -10.5
0.000558524 -3 -8 -20.5
3.31981e-05 -8.5 -18 -9.5
5.02449e-05 -8 -17.5 -10
6.33884e-05 -7.5 -17 -10.5
5.75378e-05 -7 -16.5 -11
3.44179e-05 -6.5 -16 -11.5
2.70214e-05 -8.5 -18 -10
5.1521e-05 -8 -17.5 -10.5
6.95617e-05 -7.5 -17 -11
7.61323e-05 -7 -16.5 -11.5
3.07503e-05 -6 -15.5 -12.5
5.74887e-05 -6.5 -16 -12
4.63072e-05 -8 -17.5 -11
7.01495e-05 -7.5 -17 -11.5
8.72978e-05 -7 -16.5 -12
8.65278e-05 -6.5 -16 -12.5
5.54972e-05 -6 -15.5 -13
3.96809e-05 -8 -17.5 -11.5
7.14546e-05 -7.5 -17 -12
9.39265e-05 -7 -16.5 -12.5
0.000106966 -6.5 -16 -13
8.59816e-05 -6 -15.5 -13.5
3.04822e-05 -8 -17.5 -12
6.33163e-05 -7.5 -17 -12.5
9.53533e-05 -7 -16.5 -13
0.000116237 -6.5 -16 -13.5
0.000113256 -6 -15.5 -14
3.22483e-05 -5 -14.5 -15
4.99258e-05 -7.5 -17 -13
8.27831e-05 -7 -16.5 -13.5
0.000125323 -6 -15.5 -14.5
0.000116044 -6.5 -16 -14
4.43702e-05 -5 -14.5 -15.5
9.06301e-05 -5.5 -15 -15
3.36399e-05 -7.5 -17 -13.5
6.6436e-05 -7 -16.5 -14
9.75121e-05 -6.5 -16 -14.5
0.000115574 -6 -15.5 -15
4.58731e-05 -7 -16.5 -14.5
8.72852e-05 -6 -15.5 -15.5
7.91509e-05 -5.5 -15 -16
7.21657e-05 -6.5 -16 -15
5.28443e-05 -5 -14.5 -16
4.19759e-05 -6.5 -16 -15.5
2.85907e-05 -7 -16.5 -15
5.4048e-05 -6 -15.5 -16
2.76765e-05 -5 -14.5 -17
2.03232e-05 -5.5 -15 -17
2.85765e-05 -6 -15.5 -16.5
5.05514e-05 -5.5 -15 -16.5
4.94537e-05 -5 -14.5 -16.5
9.66829e-05 -5.5 -15 -15.5
7.22728e-05 -5.5 -15 -14.5
4.8171e-05 -5.5 -15 -14
2.51638e-05 -5.5 -15 -13.5
0.000147319 -3.5 -7.5 -20
7.12162e-05 -3.5 -7.5 -19
2.2178e-05 -3.5 -7.5 -18.5
3.60033e-05 -2.5 -8 -18.5
0.000114604 -2.5 -8 -19
6.18146e-05 -3 -7.5 -18.5
0.000244051 -2.5 -8 -19.5
0.000356465 -2.5 -8 -20
0.000372373 -2.5 -8 -20.5
0.000328093 -2.5 -8 -21
0.000559385 -3 -7.5 -20.5
0.000213884 -2.5 -8 -21.5
2.29566e-05 -3.5 -7 -21
7.28914e-05 -2.5 -8 -22
2.82104e-05 -8.5 -18.5 -8.5
4.039e-05 -8 -18 -9
9.00747e-05 -3 -7.5 -22
3.6358e-05 -7.5 -17.5 -9.5
0.000268215 -3 -7.5 -21.5
3.05695e-05 -8.5 -18.5 -9
4.55397e-05 -8 -18 -9.5
5.08078e-05 -7.5 -17.5 -10
3.69348e-05 -7 -17 -10.5
2.81053e-05 -8.5 -18.5 -9.5
4.65762e-05 -8 -18 -10
6.00693e-05 -7.5 -17.5 -10.5
5.37991e-05 -7 -17 -11
2.01933e-05 -8.5 -18.5 -10
4.17717e-05 -8 -18 -10.5
6.35264e-05 -7.5 -17.5 -11
7.07369e-05 -7 -17 -11.5
3.3137e-05 -6.5 -16.5 -11.5
2.69697e-05 -6 -16 -12.5
5.12324e-05 -6.5 -16.5 -12
3.60622e-05 -8 -18 -11
6.37503e-05 -7.5 -17.5 -11.5
7.74403e-05 -7 -17 -12
6.92485e-05 -6.5 -16.5 -12.5
2.98033e-05 -8 -18 -11.5
5.66519e-05 -7.5 -17.5 -12
7.9018e-05 -7 -17 -12.5
7.93167e-05 -6.5 -16.5 -13
4.32821e-05 -6 -16 -13
2.87532e-05 -5.5 -15.5 -14
2.42016e-05 -8 -18 -12
4.36537e-05 -7.5 -17.5 -12.5
6.7446e-05 -7 -17 -13
8.42165e-05 -6.5 -16.5 -13.5
5.86832e-05 -6 -16 -13.5
3.82087e-05 -5.5 -15.5 -14.5
2.96601e-05 -7.5 -17.5 -13
5.10751e-05 -7 -17 -13.5
7.30205e-05 -6.5 -16.5 -14
3.51513e-05 -7 -17 -14
4.31104e-05 -5.5 -15.5 -15
5.54827e-05 -6.5 -16.5 -14.5
6.98338e-05 -6 -16 -14.5
2.00432e-05 -7 -17 -14.5
3.6856e-05 -5.5 -15.5 -15.5
3.37854e-05 -6 -16 -15.5
2.00753e-05 -7 -17 -15.5
3.65088e-05 -6.5 -16.5 -15
5.39314e-05 -6 -16 -15
6.76763e-05 -6 -16 -14
0.000472644 -3 -7.5 -21
2.84304e-05 -3.5 -7 -20.5
3.26886e-05 -3.5 -7 -20
0.000550525 -3 -7.5 -20
2.92061e-05 -3.5 -7 -19.5
0.000408258 -3 -7.5 -19.5
0.000211431 -3 -7.5 -19
4.31292e-05 -2.5 -7.5 -18.5
0.000157641 -2.5 -7.5 -19
0.00036909 -2.5 -7.5 -19.5
0.00057319 -2.5 -7.5 -20
0.000618846 -2.5 -7.5 -20.5
0.000564914 -2.5 -7.5 -21
0.000427026 -3 -7 -20.5
0.000379651 -2.5 -7.5 -21.5
0.000151988 -2.5 -7.5 -22
2.22262e-05 -2.5 -7.5 -22.5
2.00837e-05 -9 -19.5 -8
3.31815e-05 -8 -18.5 -9
3.11639e-05 -7.5 -18 -9.5
9.51635e-05 -3 -7 -22
0.000252832 -3 -7 -21.5
3.47394e-05 -8 -18.5 -9.5
3.7871e-05 -7.5 -18 -10
3.08563e-05 -7 -17.5 -10.5
2.96567e-05 -8 -18.5 -10
4.25231e-05 -7.5 -18 -10.5
3.99372e-05 -7 -17.5 -11
2.31911e-05 -8 -18.5 -10.5
4.02605e-05 -7.5 -18 -11
4.71687e-05 -7 -17.5 -11.5
3.59731e-05 -7.5 -18 -11.5
5.0098e-05 -7 -17.5 -12
2.92784e-05 -7.5 -18 -12
4.51454e-05 -7 -17.5 -12.5
2.08439e-05 -6 -16.5 -13.5
4.46108e-05 -6.5 -17 -13
3.30899e-05 -7 -17.5 -13
2.12064e-05 -6 -16.5 -14
2.03037e-05 -6 -16.5 -14.5
2.48398e-05 -6.5 -17 -14
2.10755e-05 -6 -16.5 -15
3.71646e-05 -6.5 -17 -13.5
4.2102e-05 -6.5 -17 -12.5
3.57623e-05 -6.5 -17 -12
0.000380204 -3 -7 -21
0.000413248 -3 -7 -20
0.000279663 -3 -7 -19.5
0.000117692 -3 -7 -19
2.50241e-05 -3 -7 -18.5
3.61428e-05 -2.5 -7 -18.5
3.70192e-05 -2 -7.5 -19.5
0.000165442 -2.5 -7 -19
7.17423e-05 -2 -7.5 -20
0.000411223 -2.5 -7 -19.5
9.87782e-05 -2 -7.5 -20.5
0.000655639 -2.5 -7 -20
0.000110332 -2 -7.5 -21
0.000100197 -2 -7.5 -21.5
0.000695809 -2.5 -7 -21
0.000234496 -3 -6.5 -20.5
6.0184e-05 -2 -7.5 -22
0.000499415 -2.5 -7 -21.5
0.000235058 -2.5 -7 -22
2.15694e-05 -7.5 -18.5 -10
4.17344e-05 -2.5 -7 -22.5
2.00539e-05 -6.5 -17.5 -13
5.88506e-05 -3 -6.5 -22
0.000142528 -3 -6.5 -21.5
0.000211761 -3 -6.5 -21
0.000744689 -2.5 -7 -20.5
0.000224264 -3 -6.5 -20
0.00013798 -3 -6.5 -19.5
4.41371e-05 -3 -6.5 -19
3.21703e-05 -2 -7 -19
0.000102448 -2 -7 -19.5
0.000102757 -2.5 -6.5 -19
0.000205638 -2 -7 -20
0.000354853 -2.5 -6.5 -19.5
0.000284179 -2 -7 -20.5
0.000313665 -2 -7 -21
6.00518e-05 -3 -6 -20.5
0.000286214 -2 -7 -21.5
0.000166437 -2 -7 -22
0.000533636 -2.5 -6.5 -21.5
5.01675e-05 -2 -7 -22.5
0.000277101 -2.5 -6.5 -22
6.13509e-05 -2.5 -6.5 -22.5
2.02876e-05 -3 -6 -22
4.24069e-05 -3 -6 -21.5
5.56647e-05 -3 -6 -21
0.000726194 -2.5 -6.5 -21
0.000769704 -2.5 -6.5 -20.5
6.06098e-05 -3 -6 -20
0.000657182 -2.5 -6.5 -20
3.60175e-05 -3 -6 -19.5
5.56889e-05 -2 -6.5 -19
0.000203958 -2 -6.5 -19.5
5.70969e-05 -2.5 -6 -19
0.000418633 -2 -6.5 -20
0.000573541 -2 -6.5 -20.5
0.000612262 -2 -6.5 -21
0.000556995 -2 -6.5 -21.5
0.000331207 -2 -6.5 -22
0.000501626 -2.5 -6 -21.5
9.70401e-05 -2 -6.5 -22.5
0.000279292 -2.5 -6 -22
7.04247e-05 -2.5 -6 -22.5
0.000580037 -2.5 -6 -21
0.000588023 -2.5 -6 -20.5
0.000470202 -2.5 -6 -20
0.000226972 -2.5 -6 -19.5
6.4883e-05 -2 -6 -19
0.000579545 -2 -6 -20
3.25254e-05 -1.5 -6.5 -21
0.000816431 -2 -6 -20.5
4.15231e-05 -1.5 -6.5 -21.5
0.00084223 -2 -6 -21
3.90012e-05 -1.5 -6.5 -22
0.00076059 -2 -6 -21.5
0.000479403 -2 -6 -22
0.000161423 -2 -6 -22.5
5.81767e-05 -2.5 -5.5 -22.5
0.000168544 -2.5 -5.5 -22
0.000273632 -2.5 -5.5 -21.5
0.000330786 -2.5 -5.5 -21
0.000343766 -2.5 -5.5 -20.5
0.000272261 -2.5 -5.5 -20
0.000119305 -2.5 -5.5 -19.5
0.000257501 -2 -6 -19.5
2.56961e-05 -2.5 -5.5 -19
2.29256e-05 -1.5 -6 -19.5
5.1568e-05 -2 -5.5 -19
7.49832e-05 -1.5 -6 -20
0.000151671 -1.5 -6 -20.5
0.000199331 -1.5 -6 -21
0.000855804 -2 -5.5 -20.5
8.43748e-05 -2.5 -5 -20
0.000199853 -1.5 -6 -21.5
0.000884275 -2 -5.5 -21
0.000166039 -1.5 -6 -22
8.49209e-05 -1.5 -6 -22.5
2.7093e-05 -2 -5.5 -23
2.09131e-05 -2.5 -5 -22.5
0.000208483 -2 -5.5 -22.5
6.10701e-05 -2.5 -5 -22
0.000532606 -2 -5.5 -22
9.12104e-05 -2.5 -5 -21.5
0.000811754 -2 -5.5 -21.5
0.000106225 -2.5 -5 -21
0.000113852 -2.5 -5 -20.5
0.000597778 -2 -5.5 -20
2.99822e-05 -2.5 -5 -19.5
0.000250008 -2 -5.5 -19.5
6.29485e-05 -1.5 -5.5 -19.5
2.63097e-05 -2 -5 -19
0.000200465 -1.5 -5.5 -20
0.000401802 -1.5 -5.5 -20.5
0.000502749 -1.5 -5.5 -21
0.000634242 -2 -5 -20.5
0.000493506 -1.5 -5.5 -21.5
0.000685199 -2 -5 -21
0.000384299 -1.5 -5.5 -22
0.000186992 -1.5 -5.5 -22.5
3.05471e-05 -1.5 -5.5 -23
4.33698e-05 -2 -5 -23
0.00022874 -2 -5 -22.5
0.000503853 -2 -5 -22
0.000655546 -2 -5 -21.5
0.000400749 -2 -5 -20
0.000139576 -2 -5 -19.5
2.06072e-05 -1.5 -5 -19
0.000108074 -1.5 -5 -19.5
0.000353517 -1.5 -5 -20
0.000680286 -1.5 -5 -20.5
0.000816865 -1.5 -5 -21
0.00038647 -2 -4.5 -20.5
0.000796252 -1.5 -5 -21.5
0.000630393 -1.5 -5 -22
0.00041276 -2 -4.5 -21.5
0.00031807 -1.5 -5 -22.5
0.000319871 -2 -4.5 -22
6.99928e-05 -1.5 -5 -23
5.11874e-05 -2 -4.5 -23
0.000175234 -2 -4.5 -22.5
0.000432627 -2 -4.5 -21
0.000208654 -2 -4.5 -20
6.33457e-05 -2 -4.5 -19.5
0.000116283 -1.5 -4.5 -19.5
0.000401585 -1.5 -4.5 -20
3.64554e-05 -1 -5 -21
4.96692e-05 -1 -5 -21.5
4.86628e-05 -1 -5 -22
0.000903957 -1.5 -4.5 -21.5
3.16589e-05 -1 -5 -22.5
0.000434564 -1.5 -4.5 -22.5
0.000128911 -1.5 -4.5 -23
8.7913e-05 -2 -4 -22.5
3.58378e-05 -2 -4 -23
0.000145959 -2 -4 -22
0.000750739 -1.5 -4.5 -22
0.000172146 -2 -4 -21.5
0.000174941 -2 -4 -21
0.000926937 -1.5 -4.5 -21
0.000138593 -2 -4 -20.5
0.000768755 -1.5 -4.5 -20.5
6.40114e-05 -2 -4 -20
2.1239e-05 -1.5 -4.5 -19
5.86683e-05 -1 -4.5 -20
0.000142787 -1 -4.5 -20.5
0.000273528 -1.5 -4 -20
0.000210341 -1 -4.5 -21
0.000219098 -1 -4.5 -21.5
0.000209263 -1 -4.5 -22
0.000151459 -1 -4.5 -22.5
6.11098e-05 -1 -4.5 -23
0.000471694 -1.5 -4 -22.5
2.57356e-05 -2 -3.5 -22
0.000185488 -1.5 -4 -23
2.74237e-05 -1.5 -4 -23.5
0.00076601 -1.5 -4 -22
2.91768e-05 -2 -3.5 -21.5
0.000850653 -1.5 -4 -21.5
2.92391e-05 -2 -3.5 -21
0.000837753 -1.5 -4 -21
2.00567e-05 -2 -3.5 -20.5
0.000610714 -1.5 -4 -20.5
6.44353e-05 -1.5 -4 -19.5
3.14664e-05 -1 -4 -19.5
0.000142166 -1 -4 -20
0.000341332 -1 -4 -20.5
0.000521788 -1 -4 -21
0.000528431 -1 -4 -22
0.000392372 -1 -4 -22.5
0.000568304 -1.5 -3.5 -22
0.000187253 -1 -4 -23
3.97304e-05 -1 -4 -23.5
0.000205532 -1.5 -3.5 -23
3.6475e-05 -1.5 -3.5 -23.5
0.000436305 -1.5 -3.5 -22.5
0.000594982 -1.5 -3.5 -21.5
0.000555075 -1 -4 -21.5
0.000556198 -1.5 -3.5 -21
0.000342775 -1.5 -3.5 -20.5
0.000127997 -1.5 -3.5 -20
2.72262e-05 -1.5 -3.5 -19.5
4.26178e-05 -1 -3.5 -19.5
0.000192824 -1 -3.5 -20
0.000850068 -1 -3.5 -21
0.000934183 -1 -3.5 -22
0.000363624 -1.5 -3 -21.5
0.00073922 -1 -3.5 -22.5
0.000345341 -1.5 -3 -22
2.71176e-05 -1.5 -3 -23.5
9.074e-05 -1 -3.5 -23.5
0.00012484 -1.5 -3 -23
0.000385085 -1 -3.5 -23
0.00025553 -1.5 -3 -22.5
0.000961252 -1 -3.5 -21.5
0.00032821 -1.5 -3 -21
0.000184326 -1.5 -3 -20.5
0.00051075 -1 -3.5 -20.5
6.24516e-05 -1.5 -3 -20
0.000201395 -1 -3 -20
0.000610252 -1 -3 -20.5
0.00111169 -1 -3 -21
0.000104571 -1.5 -2.5 -21.5
0.00110648 -1 -3 -22.5
0.000140872 -1 -3 -23.5
2.90949e-05 -1.5 -2.5 -23
0.000601115 -1 -3 -23
6.17133e-05 -1.5 -2.5 -22.5
9.37046e-05 -1.5 -2.5 -22
0.00132994 -1 -3 -22
0.00134546 -1 -3 -21.5
0.000105276 -1.5 -2.5 -21
5.56255e-05 -1.5 -2.5 -20.5
4.17947e-05 -1 -3 -19.5
2.23247e-05 -0.5 -3 -20.5
9.11181e-05 -0.5 -3 -21
0.000197011 -0.5 -3 -21.5
0.00127962 -1 -2.5 -21
0.000278519 -0.5 -3 -22
0.000282106 -0.5 -3 -22.5
0.00023986 -0.5 -3 -23
0.000116725 -0.5 -3 -23.5
0.000138781 -1 -2.5 -23.5
0.000651242 -1 -2.5 -23
0.00121981 -1 -2.5 -22.5
0.00149551 -1 -2.5 -22
0.00153233 -1 -2.5 -21.5
0.000701693 -1 -2.5 -20.5
0.000217474 -1 -2.5 -20
4.17022e-05 -1 -2.5 -19.5
3.30014e-05 -0.5 -2.5 -19.5
0.000171069 -0.5 -2.5 -20
0.000598011 -0.5 -2.5 -20.5
0.00126679 -0.5 -2.5 -21
0.0017826 -0.5 -2.5 -21.5
0.00180999 -0.5 -2.5 -22
0.00159121 -0.5 -2.5 -22.5
0.000244378 -0.5 -2.5 -23.5
6.67284e-05 -1 -2 -23.5
0.000339732 -1 -2 -23
0.000931121 -0.5 -2.5 -23
0.000676236 -1 -2 -22.5
0.000865863 -1 -2 -22
0.000899798 -1 -2 -21.5
0.000785178 -1 -2 -21
0.000427622 -1 -2 -20.5
0.000138185 -1 -2 -20
2.8553e-05 -1 -2 -19.5
8.42069e-05 -0.5 -2 -19.5
0.000429255 -0.5 -2 -20
0.00141474 -0.5 -2 -20.5
0.000280044 -0.5 -2 -23.5
7.28634e-05 -1 -1.5 -23
0.00134955 -0.5 -2 -23
0.00014633 -1 -1.5 -22.5
0.0025551 -0.5 -2 -22.5
0.000188026 -1 -1.5 -22
0.0031588 -0.5 -2 -22
0.000196107 -1 -1.5 -21.5
0.00324112 -0.5 -2 -21.5
0.000172275 -1 -1.5 -21
0.00269293 -0.5 -2 -21
9.34682e-05 -1 -1.5 -20.5
2.90414e-05 -1 -1.5 -20
0.00335919 -0.5 -1.5 -21.5
0.00324958 -0.5 -1.5 -22
0.00256919 -0.5 -1.5 -22.5
0.00127451 -0.5 -1.5 -23
0.000209787 -0.5 -1.5 -23.5
0.00289216 -0.5 -1.5 -21
0.00154169 -0.5 -1.5 -20.5
0.000467365 -0.5 -1.5 -20
9.12453e-05 -0.5 -1.5 -19.5
3.35174e-05 -0.5 -1 -19.5
0.000175586 -0.5 -1 -20
0.000605097 -0.5 -1 -20.5
0.00109938 -0.5 -1 -21
5.75138e-05 -0.5 -1 -23.5
0.000376806 -0.5 -1 -23
0.000829783 -0.5 -1 -22.5
0.00113212 -0.5 -1 -22
0.00119601 -0.5 -1 -21.5
2.3773e-05 -0.5 -0.5 -23
5.77093e-05 -0.5 -0.5 -22.5
7.55585e-05 -0.5 -0.5 -22
7.92401e-05 -0.5 -0.5 -21.5
7.05975e-05 -0.5 -0.5 -21
3.608e-05 -0.5 -0.5 -20.5
8.08129e-05 0 0 -19.5
0.000405412 0 0 -20
0.00147244 0 0 -20.5
0.00308539 0 0 -21
0.00416466 0 0 -21.5
0.00418889 0 0 -22
0.0037609 0 0 -22.5
0.00242559 0 0 -23
0.000870404 0 0 -23.5
5.4683e-05 0 0 -24
2.41303e-05 0 0.5 -24
0.00064436 0 0.5 -23.5
0.00213196 0 0.5 -23
0.00351579 0 0.5 -22.5
0.00402757 0 0.5 -22
0.00404733 0 0.5 -21.5
0.00312291 0 0.5 -21
0.00153931 0 0.5 -20.5
0.000435732 0 0.5 -20
8.53787e-05 0 0.5 -19.5
5.88804e-05 0.5 0.5 -20
2.43548e-05 0 1 -19.5
0.000533734 0.5 0.5 -22
0.00114359 0 1 -21.5
0.000108453 0 1 -23.5
8.61068e-05 0.5 0.5 -23.5
0.000504322 0 1 -23
0.000278016 0.5 0.5 -23
0.000939014 0 1 -22.5
0.000459942 0.5 0.5 -22.5
0.00112642 0 1 -22
0.00053962 0.5 0.5 -21.5
0.000911596 0 1 -21
0.000419351 0.5 0.5 -21
0.000456672 0 1 -20.5
0.000206389 0.5 0.5 -20.5
0.00012846 0 1 -20
3.06588e-05 0.5 1 -19.5
0.00129576 0.5 1 -21.5
0.00108997 0.5 1 -22.5
0.00020212 0.5 1 -23.5
0.000670051 0.5 1 -23
0.00127321 0.5 1 -22
0.00105376 0.5 1 -21
0.000534009 0.5 1 -20.5
0.000153802 0.5 1 -20
2.9329e-05 1 1 -20.5
0.00025767 0.5 1.5 -20
5.71971e-05 1 1 -21
0.000812937 0.5 1.5 -20.5
6.85306e-05 1 1 -21.5
0.0014873 0.5 1.5 -21
6.66454e-05 1 1 -22
5.57857e-05 1 1 -22.5
0.00167611 0.5 1.5 -22
3.1832e-05 1 1 -23
0.000722648 0.5 1.5 -23
0.000171272 0.5 1.5 -23.5
0.00135958 0.5 1.5 -22.5
0.0017223 0.5 1.5 -21.5
5.05073e-05 0.5 1.5 -19.5
5.58828e-05 1 1.5 -20
0.000177511 1 1.5 -20.5
0.000322244 1 1.5 -21
0.000350041 1 1.5 -22
0.00160179 0.5 2 -21.5
0.000278472 1 1.5 -22.5
0.00014832 1 1.5 -23
0.00124007 0.5 2 -22.5
3.78027e-05 1 1.5 -23.5
0.000119268 0.5 2 -23.5
0.000633756 0.5 2 -23
0.00155461 0.5 2 -22
0.000363405 1 1.5 -21.5
0.00140613 0.5 2 -21
0.000787405 0.5 2 -20.5
0.000258146 0.5 2 -20
5.15347e-05 0.5 2 -19.5
3.23417e-05 1 2 -19.5
0.000455243 1 2 -20.5
0.000793385 1 2 -21
0.000473331 0.5 2.5 -20.5
0.000873909 1 2 -21.5
0.000841546 1 2 -22
0.000659411 1 2 -22.5
0.000936855 0.5 2.5 -22
6.9748e-05 1 2 -23.5
0.000370633 0.5 2.5 -23
6.38295e-05 0.5 2.5 -23.5
0.000340533 1 2 -23
0.000744202 0.5 2.5 -22.5
0.000962416 0.5 2.5 -21.5
0.000836073 0.5 2.5 -21
0.000161643 0.5 2.5 -20
0.000155505 1 2 -20
3.26203e-05 0.5 2.5 -19.5
0.00032006 1 2.5 -20
2.78509e-05 1.5 2 -21
0.00096836 1 2.5 -20.5
3.06086e-05 1.5 2 -21.5
0.00159338 1 2.5 -21
2.92772e-05 1.5 2 -22
2.13504e-05 1.5 2 -22.5
0.00157479 1 2.5 -22
0.000493857 1 2.5 -23
2.51021e-05 0.5 3 -23.5
6.26274e-05 1 2.5 -23.5
0.000113764 0.5 3 -23
0.000218334 0.5 3 -22.5
0.0011323 1 2.5 -22.5
0.000269003 0.5 3 -22
0.000273591 0.5 3 -21.5
0.00167362 1 2.5 -21.5
0.000225495 0.5 3 -21
0.000125001 0.5 3 -20.5
4.12891e-05 0.5 3 -20
6.2915e-05 1 2.5 -19.5
5.27305e-05 1.5 2.5 -20
0.000101784 1 3 -19.5
0.000161946 1.5 2.5 -20.5
0.000264287 1.5 2.5 -21
0.000273366 1.5 2.5 -21.5
0.000254759 1.5 2.5 -22
0.0016747 1 3 -21.5
0.000179198 1.5 2.5 -22.5
8.09178e-05 1.5 2.5 -23
0.00110683 1 3 -22.5
4.81684e-05 1 3 -23.5
0.000463019 1 3 -23
0.00156833 1 3 -22
0.00161201 1 3 -21
0.00109088 1 3 -20.5
0.000456896 1 3 -20
4.6852e-05 1.5 3 -19.5
0.000527291 1.5 3 -20.5
0.00042777 1 3.5 -20
0.00075741 1.5 3 -21.5
0.00138834 1 3.5 -21
0.000681861 1.5 3 -22
0.000453983 1.5 3 -22.5
0.00130293 1 3.5 -22
0.000182823 1.5 3 -23
0.000321293 1 3.5 -23
2.34147e-05 1 3.5 -23.5
0.000866854 1 3.5 -22.5
0.00141795 1 3.5 -21.5
0.000752638 1.5 3 -21
0.000974174 1 3.5 -20.5
0.000216547 1.5 3 -20
0.000101469 1 3.5 -19.5
0.000397557 1.5 3.5 -20
2.15495e-05 2 3 -21
2.13115e-05 2 3 -21.5
0.0012161 1.5 3.5 -21
0.00108935 1.5 3.5 -22
0.0007892 1 4 -21.5
0.000719523 1.5 3.5 -22.5
0.000243794 1.5 3.5 -23
0.000469894 1 4 -22.5
0.000162133 1 4 -23
0.000725803 1 4 -22
0.00121589 1.5 3.5 -21.5
0.000767775 1 4 -21
0.000542649 1 4 -20.5
0.000896899 1.5 3.5 -20.5
0.000244098 1 4 -20
6.12789e-05 1 4 -19.5
9.47259e-05 1.5 3.5 -19.5
6.13629e-05 2 3.5 -20
0.000185873 1.5 4 -19.5
0.000132961 2 3.5 -20.5
0.000700577 1.5 4 -20
0.000162394 2 3.5 -21
0.00134278 1.5 4 -20.5
0.00015806 2 3.5 -21.5
0.00162049 1.5 4 -21
0.000133874 2 3.5 -22
0.00159124 1.5 4 -21.5
8.53418e-05 2 3.5 -22.5
2.63555e-05 2 3.5 -23
0.000756351 1.5 4 -22.5
0.000247081 1 4.5 -22
5.60899e-05 1 4.5 -23
0.000216566 1.5 4 -23
0.000160413 1 4.5 -22.5
0.00133761 1.5 4 -22
0.000267386 1 4.5 -21.5
0.00025344 1 4.5 -21
0.000173954 1 4.5 -20.5
7.83685e-05 1 4.5 -20
3.1927e-05 1.5 4 -19
7.41634e-05 2 4 -19.5
5.57926e-05 1.5 4.5 -19
0.000267804 2 4 -20
0.000501658 2 4 -20.5
0.000743033 1.5 4.5 -20
0.000560839 2 4 -21
0.000538481 2 4 -21.5
0.00153157 1.5 4.5 -21
0.000427437 2 4 -22
0.0002409 2 4 -22.5
0.00123116 1.5 4.5 -22
6.3951e-05 2 4 -23
0.000146565 1.5 4.5 -23
0.000663129 1.5 4.5 -22.5
2.5263e-05 1 5 -22
2.58219e-05 1 5 -21.5
0.0014985 1.5 4.5 -21.5
0.00130323 1.5 4.5 -20.5
0.000273977 1.5 4.5 -19.5
4.07731e-05 2 4.5 -19
0.000573397 2 4.5 -20
0.00101083 2 4.5 -21
0.000787382 2 4.5 -22
0.00106244 1.5 5 -21.5
0.000400106 2 4.5 -22.5
6.8944e-05 2 4.5 -23
0.000427984 1.5 5 -22.5
7.55217e-05 1.5 5 -23
0.000873041 1.5 5 -22
0.000975188 2 4.5 -21.5
0.00107442 1.5 5 -21
0.00095739 1.5 5 -20.5
0.000941027 2 4.5 -20.5
0.000595903 1.5 5 -20
0.000238692 1.5 5 -19.5
0.000206845 2 4.5 -19.5
5.2978e-05 1.5 5 -19
2.34582e-05 2.5 4.5 -19.5
8.32079e-05 2 5 -19
6.01987e-05 2.5 4.5 -20
0.000382303 2 5 -19.5
3.33452e-05 1.5 5.5 -19
8.59439e-05 2.5 4.5 -20.5
8.5354e-05 2.5 4.5 -21
0.00142827 2 5 -20.5
7.73922e-05 2.5 4.5 -21.5
5.83446e-05 2.5 4.5 -22
0.00135811 2 5 -21.5
3.17769e-05 2.5 4.5 -22.5
0.000387975 2 5 -22.5
0.000438456 1.5 5.5 -22
2.85785e-05 1.5 5.5 -23
5.41932e-05 2 5 -23
0.0002024 1.5 5.5 -22.5
0.000894344 2 5 -22
0.000537205 1.5 5.5 -21.5
0.000535679 1.5 5.5 -21
0.00148349 2 5 -21
0.000470968 1.5 5.5 -20.5
0.000298954 1.5 5.5 -20
0.000937466 2 5 -20
0.000131405 1.5 5.5 -19.5
2.63636e-05 2.5 5 -19
2.93576e-05 2 5.5 -18.5
0.000120126 2.5 5 -19.5
0.000182002 2 5.5 -19
0.000292776 2.5 5 -20
0.000407269 2.5 5 -20.5
0.00124559 2 5.5 -20
0.000405541 2.5 5 -21
0.000357685 2.5 5 -21.5
0.00152411 2 5.5 -21
0.000234451 2.5 5 -22
9.32386e-05 2.5 5 -22.5
0.00085013 2 5.5 -22
2.50954e-05 2 5.5 -23
6.53726e-05 1.5 6 -22.5
0.000314578 2 5.5 -22.5
0.000146907 1.5 6 -22
0.000187037 1.5 6 -21.5
0.00134067 2 5.5 -21.5
0.000187288 1.5 6 -21
0.000161775 1.5 6 -20.5
0.0015367 2 5.5 -20.5
0.000107685 1.5 6 -20
5.17141e-05 1.5 6 -19.5
0.000637208 2 5.5 -19.5
0.000105534 2.5 5.5 -19
0.000386987 2.5 5.5 -19.5
0.00073986 2.5 5.5 -20
0.000643723 2 6 -19.5
0.000834959 2.5 5.5 -21
0.00139622 2 6 -20.5
0.000693395 2.5 5.5 -21.5
0.000428372 2.5 5.5 -22
0.00115576 2 6 -21.5
0.000133708 2.5 5.5 -22.5
0.000187847 2 6 -22.5
0.000665042 2 6 -22
2.25789e-05 1.5 6.5 -21.5
2.52004e-05 1.5 6.5 -21
0.00137846 2 6 -21
0.000864049 2.5 5.5 -20.5
0.00118077 2 6 -20
0.000209793 2 6 -19
4.57242e-05 2 6 -18.5
3.18322e-05 3 5.5 -19.5
0.000244837 2.5 6 -19
3.82077e-05 2 6.5 -18.5
5.30445e-05 3 5.5 -20
0.000674821 2.5 6 -19.5
0.000168747 2 6.5 -19
5.31907e-05 3 5.5 -20.5
4.71136e-05 3 5.5 -21
0.00123265 2.5 6 -20.5
3.45638e-05 3 5.5 -21.5
0.00097327 2.5 6 -21.5
0.000905729 2 6.5 -21
0.000115308 2.5 6 -22.5
0.000372566 2 6.5 -22
8.14965e-05 2 6.5 -22.5
0.000490391 2.5 6 -22
0.000709034 2 6.5 -21.5
0.00120136 2.5 6 -21
0.000924743 2 6.5 -20.5
0.000824841 2 6.5 -20
0.00112483 2.5 6 -20
0.000494446 2 6.5 -19.5
4.61253e-05 2.5 6 -18.5
6.71609e-05 3 6 -19
0.000100782 2.5 6.5 -18.5
0.00019161 3 6 -19.5
0.000468335 2.5 6.5 -19
0.000284105 3 6 -20
0.000278245 3 6 -20.5
0.00150574 2.5 6.5 -20
0.000252758 3 6 -21
0.000173821 3 6 -21.5
0.00140244 2.5 6.5 -21
7.66961e-05 3 6 -22
0.000427613 2.5 6.5 -22
2.0647e-05 2 7 -22.5
6.97489e-05 2.5 6.5 -22.5
0.000150424 2 7 -22
0.000321034 2 7 -21.5
0.000968379 2.5 6.5 -21.5
0.000425566 2 7 -21
0.000433116 2 7 -20.5
0.00153685 2.5 6.5 -20.5
0.000379367 2 7 -20
0.000244908 2 7 -19.5
0.00108213 2.5 6.5 -19.5
9.59736e-05 2 7 -19
2.34444e-05 2 7 -18.5
5.78515e-05 3 6.5 -18.5
4.13818e-05 2.5 7 -18
0.000265625 3 6.5 -19
0.000563029 3 6.5 -19.5
0.00070085 3 6.5 -20
0.00117322 2.5 7 -19.5
0.00067712 3 6.5 -20.5
0.000584911 3 6.5 -21
0.00148868 2.5 7 -20.5
0.000384792 3 6.5 -21.5
0.00015299 3 6.5 -22
0.000824899 2.5 7 -21.5
2.54127e-05 2.5 7 -22.5
2.65535e-05 2 7.5 -22
0.000290765 2.5 7 -22
9.98188e-05 2 7.5 -21.5
0.000143286 2 7.5 -21
0.00130842 2.5 7 -21
0.000147695 2 7.5 -20.5
0.000126168 2 7.5 -20
0.0014813 2.5 7 -20
8.68554e-05 2 7.5 -19.5
4.08386e-05 2 7.5 -19
0.000673193 2.5 7 -19
0.000227477 2.5 7 -18.5
3.33449e-05 3 7 -18
3.19017e-05 3.5 6.5 -19.5
0.000571618 3 7 -19
0.000232247 2.5 7.5 -18.5
2.5514e-05 3.5 6.5 -20
0.000971731 3 7 -19.5
0.000602798 2.5 7.5 -19
0.00112312 3 7 -20.5
0.001171 2.5 7.5 -20
0.000518298 3 7 -21.5
0.00100599 2.5 7.5 -21
0.000150025 3 7 -22
0.000136726 2.5 7.5 -22
0.000542962 2.5 7.5 -21.5
0.000943096 3 7 -21
0.00121521 2.5 7.5 -20.5
0.0011248 3 7 -20
0.000978791 2.5 7.5 -19.5
0.000189629 3 7 -18.5
5.71271e-05 2.5 7.5 -18
0.000127233 3.5 7 -19
0.000405486 3 7.5 -18.5
0.000185999 3.5 7 -19.5
0.000946834 3 7.5 -19
0.000168815 3.5 7 -20
0.000157029 3.5 7 -20.5
0.00151324 3 7.5 -20
0.000111622 3.5 7 -21
5.62224e-05 3.5 7 -21.5
0.000950406 3 7.5 -21
0.000104072 3 7.5 -22
0.000244608 2.5 8 -21.5
3.82084e-05 2.5 8 -22
0.000475177 3 7.5 -21.5
0.000548428 2.5 8 -21
0.000714501 2.5 8 -20.5
0.00134334 3 7.5 -20.5
0.000688597 2.5 8 -20
0.000591054 2.5 8 -19.5
0.00142817 3 7.5 -19.5
0.000382303 2.5 8 -19
0.000173234 2.5 8 -18.5
4.69802e-05 2.5 8 -18
4.57544e-05 3.5 7 -18.5
9.03905e-05 3 7.5 -18
0.000199323 3.5 7.5 -18.5
0.000250941 3 8 -18
9.37521e-05 2.5 8.5 -18.5
0.00044442 3.5 7.5 -19
0.000573571 3.5 7.5 -19.5
0.00055211 3.5 7.5 -20
0.0015104 3 8 -19.5
0.000466761 3.5 7.5 -20.5
0.000302289 3.5 7.5 -21
0.00130007 3 8 -20.5
0.000292153 2.5 8.5 -20
0.000132548 3.5 7.5 -21.5
0.000343635 3 8 -21.5
4.37407e-05 3 8 -22
6.14914e-05 2.5 8.5 -21.5
0.00020915 2.5 8.5 -21
0.000864398 3 8 -21
0.000297402 2.5 8.5 -20.5
0.00151553 3 8 -20
0.000255394 2.5 8.5 -19.5
0.000182385 2.5 8.5 -19
0.0012532 3 8 -19
0.000729013 3 8 -18.5
3.17592e-05 2.5 8.5 -18
4.50733e-05 3.5 7.5 -18
4.3447e-05 3 8 -17.5
0.000189549 3.5 8 -18
9.10798e-05 3 8.5 -17.5
0.000719656 3 8.5 -18.5
0.00101645 3.5 8 -19.5
0.00119627 3 8.5 -19
8.27808e-05 2.5 9 -19.5
0.000970537 3.5 8 -20
9.25217e-05 2.5 9 -20
0.000793441 3.5 8 -20.5
0.000144855 3.5 8 -21.5
0.000610948 3 8.5 -21
8.34962e-05 2.5 9 -20.5
0.000176057 3 8.5 -21.5
3.14027e-05 2.5 9 -21
0.000460818 3.5 8 -21
0.00109372 3 8.5 -20.5
0.00137466 3 8.5 -20
0.0013921 3 8.5 -19.5
6.64136e-05 2.5 9 -19
3.94638e-05 2.5 9 -18.5
0.000906229 3.5 8 -19
0.000538336 3.5 8 -18.5
0.000317871 3 8.5 -18
3.27865e-05 3.5 8 -17.5
3.88747e-05 4 8 -18
0.000120568 3.5 8.5 -17.5
8.77215e-05 4 8 -18.5
0.000117682 4 8 -19
0.000935482 3.5 8.5 -18.5
0.000111813 4 8 -19.5
0.00124959 3.5 8.5 -19
9.90191e-05 4 8 -20
7.3738e-05 4 8 -20.5
0.000918225 3 9 -20
3.14782e-05 4 8 -21
0.000443667 3.5 8.5 -21
4.64906e-05 3 9 -21.5
0.000113875 3.5 8.5 -21.5
0.000303936 3 9 -21
0.000672764 3 9 -20.5
0.000893473 3.5 8.5 -20.5
0.0012595 3.5 8.5 -20
0.000974443 3 9 -19.5
0.0013326 3.5 8.5 -19.5
0.000873351 3 9 -19
0.00058011 3 9 -18.5
0.000274689 3 9 -18
0.000442998 3.5 8.5 -18
8.42086e-05 3 9 -17.5
5.86275e-05 4 8.5 -17.5
7.15281e-05 3.5 9 -17
0.000371433 4 8.5 -18.5
0.000791226 3.5 9 -18
6.35661e-05 3 9.5 -17.5
0.000316306 3 9.5 -18.5
0.000450907 4 8.5 -19
0.000435337 4 8.5 -19.5
0.000353862 4 8.5 -20
0.000208044 4 8.5 -20.5
0.00125321 3.5 9 -20
8.02264e-05 4 8.5 -21
0.000804417 3.5 9 -20.5
5.39674e-05 3.5 9 -21.5
8.22539e-05 3 9.5 -21
0.000321311 3.5 9 -21
0.000280661 3 9.5 -20.5
0.000443005 3 9.5 -20
0.000498222 3 9.5 -19.5
0.00148989 3.5 9 -19.5
0.000450651 3 9.5 -19
0.00151856 3.5 9 -19
0.00131417 3.5 9 -18.5
0.00017492 3 9.5 -18
0.000192458 4 8.5 -18
0.000315742 3.5 9 -17.5
5.55768e-05 4 9 -17
4.00278e-05 3 10 -17.5
0.000564074 4 9 -18
8.66297e-05 3 10 -18
0.00131881 3.5 9.5 -18.5
0.000132204 3 10 -18.5
0.000176536 3 10 -19
0.000186919 3 10 -19.5
0.000648939 4 9 -20
0.000143805 3 10 -20
0.000356638 4 9 -20.5
0.000164712 3.5 9.5 -21
5.65363e-05 3 10 -20.5
0.000114118 4 9 -21
0.000571515 3.5 9.5 -20.5
0.00107151 3.5 9.5 -20
0.00138399 3.5 9.5 -19.5
0.000817389 4 9 -19.5
0.00146728 3.5 9.5 -19
0.000882694 4 9 -19
0.00081927 4 9 -18.5
0.000977138 3.5 9.5 -18
0.000506455 3.5 9.5 -17.5
0.000244461 4 9 -17.5
0.000173097 3.5 9.5 -17
3.71966e-05 3.5 9.5 -16.5
4.91337e-05 3.5 10 -16.5
4.63932e-05 4.5 9 -17.5
7.6444e-05 4.5 9 -18
0.00055198 4 9.5 -17.5
8.75102e-05 4.5 9 -18.5
2.95772e-05 3 10.5 -18
7.96086e-05 4.5 9 -19
0.00119798 4 9.5 -18.5
0.000835653 3.5 10 -18
4.0671e-05 3 10.5 -18.5
5.97647e-05 4.5 9 -19.5
0.00129026 4 9.5 -19
3.11248e-05 4.5 9 -20
4.91047e-05 3 10.5 -19
0.00105593 3.5 10 -19.5
3.52155e-05 3 10.5 -19.5
0.000699978 3.5 10 -20
9.33113e-05 4 9.5 -21
4.58168e-05 3.5 10 -21
0.000282624 3.5 10 -20.5
0.000348228 4 9.5 -20.5
0.000750538 4 9.5 -20
0.00112055 4 9.5 -19.5
0.00117219 3.5 10 -19
0.00106938 3.5 10 -18.5
0.000937255 4 9.5 -18
0.000474938 3.5 10 -17.5
0.000181918 3.5 10 -17
0.000216642 4 9.5 -17
4.04245e-05 4 9.5 -16.5
2.29717e-05 4 10 -16
0.000154265 4 10 -16.5
4.63078e-05 3.5 10.5 -16.5
0.000150295 3.5 10.5 -17
0.000227989 4.5 9.5 -17.5
0.000329321 3.5 10.5 -17.5
0.00053684 3.5 10.5 -18
0.000364424 4.5 9.5 -18.5
0.000645806 3.5 10.5 -18.5
0.000336051 4.5 9.5 -19
0.000229115 4.5 9.5 -19.5
0.000118078 4.5 9.5 -20
0.00107817 4 10 -19.5
4.30474e-05 4.5 9.5 -20.5
0.000653159 4 10 -20
0.000251285 4 10 -20.5
4.45698e-05 4 10 -21
6.75709e-05 3.5 10.5 -20.5
0.000294149 3.5 10.5 -20
0.000562758 3.5 10.5 -19.5
0.000691797 3.5 10.5 -19
0.00136487 4 10 -19
0.00151109 4 10 -18.5
0.00135527 4 10 -18
0.000331983 4.5 9.5 -18
0.000948346 4 10 -17.5
0.000484259 4 10 -17
0.000100012 4.5 9.5 -17
2.65464e-05 4.5 9.5 -16.5
2.33425e-05 4.5 10 -16
0.000379847 4 10.5 -16.5
0.000130042 4.5 10 -16.5
3.67457e-05 3.5 11 -16.5
0.000784877 4 10.5 -17
9.46617e-05 3.5 11 -17
0.00119033 4 10.5 -17.5
0.000176624 3.5 11 -17.5
0.00139163 4 10.5 -18
0.00147905 4 10.5 -18.5
0.000247167 3.5 11 -18
0.000473799 4.5 10 -19.5
0.00127791 4 10.5 -19
0.000191982 3.5 11 -19.5
0.000230361 4.5 10 -20
5.544e-05 3.5 11 -20
7.11693e-05 4.5 10 -20.5
0.00012303 4 10.5 -20.5
0.00044847 4 10.5 -20
0.000900717 4 10.5 -19.5
0.000281048 3.5 11 -19
0.000277635 3.5 11 -18.5
0.000661097 4.5 10 -19
0.000772898 4.5 10 -18.5
0.000744015 4.5 10 -18
0.000610211 4.5 10 -17.5
0.000358826 4.5 10 -17
9.48758e-05 4 10.5 -16
3.40564e-05 4 11 -15.5
3.6219e-05 5 10 -16.5
5.91633e-05 5 10 -17
7.22018e-05 5 10 -17.5
2.31308e-05 3.5 11.5 -16.5
0.000719824 4.5 10.5 -17
0.00039226 4 11 -16.5
0.00102858 4.5 10.5 -17.5
4.72066e-05 3.5 11.5 -17
4.39432e-05 5 10 -18.5
7.50386e-05 3.5 11.5 -17.5
0.00117317 4.5 10.5 -18
8.7576e-05 3.5 11.5 -18
0.00118199 4.5 10.5 -18.5
8.86671e-05 3.5 11.5 -18.5
0.000902118 4.5 10.5 -19
6.24149e-05 3.5 11.5 -19
0.000573917 4 11 -19.5
0.000207913 4 11 -20
3.09198e-05 4 11 -20.5
5.98578e-05 4.5 10.5 -20.5
0.000228182 4.5 10.5 -20
0.00054078 4.5 10.5 -19.5
0.000984315 4 11 -19
0.00125629 4 11 -18.5
0.00125802 4 11 -18
0.00105593 4 11 -17.5
6.3808e-05 5 10 -18
0.000740242 4 11 -17
0.000369357 4.5 10.5 -16.5
0.000151755 4 11 -16
0.000127318 4.5 10.5 -16
0.000105263 4.5 11 -15.5
4.02905e-05 4 11.5 -15.5
0.000136661 4 11.5 -16
0.000327478 4 11.5 -16.5
0.000259741 5 10.5 -17
0.00073895 4.5 11 -16.5
0.000554703 4 11.5 -17
0.000303269 5 10.5 -17.5
0.00073882 4 11.5 -17.5
0.000307229 5 10.5 -18
0.000855106 4 11.5 -18
0.00021735 5 10.5 -18.5
0.00075268 4 11.5 -18.5
0.000129009 5 10.5 -19
6.28147e-05 5 10.5 -19.5
0.000468138 4.5 11 -19.5
0.000163127 4.5 11 -20
2.46769e-05 4.5 11 -20.5
3.86206e-05 4 11.5 -20
0.000222484 4 11.5 -19.5
0.000512508 4 11.5 -19
0.000865117 4.5 11 -19
0.00118762 4.5 11 -18.5
0.00138438 4.5 11 -18
0.00141761 4.5 11 -17.5
0.00117049 4.5 11 -17
0.000167401 5 10.5 -16.5
0.000354111 4.5 11 -16
7.11222e-05 5 10.5 -16
7.62334e-05 4.5 11.5 -15
0.000323938 4.5 11.5 -15.5
0.00010053 5 11 -15.5
9.91754e-05 4 12 -16
0.00107416 4.5 11.5 -16.5
0.000490803 5 11 -16.5
0.000198759 4 12 -16.5
0.00135436 4.5 11.5 -17
0.000297337 4 12 -17
0.00144226 4.5 11.5 -17.5
0.00134459 4.5 11.5 -18
0.000368757 4 12 -17.5
0.00108992 4.5 11.5 -18.5
0.000126852 5 11 -19.5
0.000685009 4.5 11.5 -19
2.57504e-05 4 12 -19.5
3.37604e-05 5 11 -20
7.43906e-05 4.5 11.5 -20
0.000295768 4.5 11.5 -19.5
0.000154332 4 12 -19
0.00030476 4 12 -18.5
0.000288061 5 11 -19
0.000410159 4 12 -18
0.000471754 5 11 -18.5
0.000647357 5 11 -18
0.000713362 5 11 -17.5
0.000655461 5 11 -17
0.000682416 4.5 11.5 -16
3.74613e-05 4 12 -15.5
0.000280033 5 11 -16
2.95774e-05 4.5 12 -14.5
0.00015069 4.5 12 -15
3.71972e-05 5.5 11 -15.5
5.71197e-05 5.5 11 -16
2.76592e-05 4 12.5 -15.5
6.7149e-05 5.5 11 -16.5
0.000623627 5 11.5 -16
5.75847e-05 4 12.5 -16
0.00108893 5 11.5 -17
0.0010133 4.5 12 -16.5
5.74588e-05 5.5 11 -17
9.39808e-05 4 12.5 -16.5
0.000124583 4 12.5 -17
0.00115476 5 11.5 -17.5
0.000140339 4 12.5 -17.5
0.000939523 5 11.5 -18
0.000122577 4 12.5 -18
0.000646358 5 11.5 -18.5
5.22289e-05 4 12.5 -18.5
0.000343921 5 11.5 -19
0.000117702 4.5 12 -19.5
2.851e-05 5 11.5 -20
0.000126067 5 11.5 -19.5
0.000390162 4.5 12 -19
0.000773764 4.5 12 -18.5
0.00112113 4.5 12 -18
0.00132539 4.5 12 -17.5
0.00125436 4.5 12 -17
3.92469e-05 5.5 11 -17.5
0.000915185 5 11.5 -16.5
0.000676674 4.5 12 -16
0.000369312 4.5 12 -15.5
0.000321093 5 11.5 -15.5
0.0001158 5 11.5 -15
0.000117501 5 12 -14.5
4.81006e-05 4.5 12.5 -14.5
0.000340869 5 12 -15
0.000143193 4.5 12.5 -15
0.000323958 4.5 12.5 -15.5
0.000239982 5.5 11.5 -16
0.000777498 4.5 12.5 -16.5
0.000279075 5.5 11.5 -17
0.00132585 5 12 -16.5
2.42457e-05 4 13 -16.5
0.000908283 4.5 12.5 -17
0.000216488 5.5 11.5 -17.5
2.14262e-05 4 13 -17
0.000128404 5.5 11.5 -18
0.000653437 4.5 12.5 -18
6.14729e-05 5.5 11.5 -18.5
0.000360715 4.5 12.5 -18.5
8.72372e-05 5 12 -19.5
0.000123796 4.5 12.5 -19
0.000283308 5 12 -19
0.00060326 5 12 -18.5
0.000938034 5 12 -18
0.000870586 4.5 12.5 -17.5
0.00122371 5 12 -17.5
0.00134988 5 12 -17
0.000558116 4.5 12.5 -16
0.000280676 5.5 11.5 -16.5
0.00106537 5 12 -16
0.000676152 5 12 -15.5
0.000160388 5.5 11.5 -15.5
7.60709e-05 5.5 11.5 -15
2.2642e-05 5.5 11.5 -14.5
0.000119417 5.5 12 -14.5
0.000102834 5 12.5 -14
0.000347699 5 12.5 -14.5
4.5501e-05 4.5 13 -14.5
0.000111305 4.5 13 -15
0.00101925 5 12.5 -15.5
0.000465663 5.5 12 -15.5
0.000212122 4.5 13 -15.5
0.000321052 4.5 13 -16
0.00139185 5 12.5 -16.5
0.000679363 5.5 12 -16.5
0.000421419 4.5 13 -16.5
0.00133673 5 12.5 -17
0.00047339 4.5 13 -17
0.000795437 5 12.5 -18
0.000377882 4.5 13 -17.5
5.34795e-05 5.5 12 -19
0.000424661 5 12.5 -18.5
0.000154843 5 12.5 -19
3.21033e-05 5 12.5 -19.5
7.29557e-05 4.5 13 -18.5
0.000228047 4.5 13 -18
0.000152719 5.5 12 -18.5
0.00028814 5.5 12 -18
0.0011456 5 12.5 -17.5
0.000460591 5.5 12 -17.5
0.000624215 5.5 12 -17
0.00129501 5 12.5 -16
0.000615113 5.5 12 -16
0.000675709 5 12.5 -15
0.000283896 5.5 12 -15
3.24203e-05 5.5 12 -14
4.66591e-05 5.5 12.5 -13.5
5.56488e-05 5 13 -13.5
0.000363876 5.5 12.5 -14.5
0.000186797 5 13 -14
5.03407e-05 6 12 -14.5
0.000395862 5 13 -14.5
3.48149e-05 4.5 13.5 -14.5
7.34458e-05 6 12 -15.5
6.75713e-05 4.5 13.5 -15
0.00097631 5 13 -15.5
6.04891e-05 6 12 -16
0.000874916 5.5 12.5 -15.5
0.00010802 4.5 13.5 -15.5
0.00121906 5 13 -16
3.86834e-05 6 12 -16.5
0.000144539 4.5 13.5 -16
0.000167645 4.5 13.5 -16.5
0.00114572 5 13 -17
0.000923751 5.5 12.5 -17
0.000153105 4.5 13.5 -17
7.76211e-05 4.5 13.5 -17.5
0.000395346 5.5 12.5 -18
0.000180911 5.5 12.5 -18.5
5.57636e-05 5.5 12.5 -19
4.79066e-05 5 13 -19
0.000199603 5 13 -18.5
0.000494568 5 13 -18
0.000849003 5 13 -17.5
0.000664033 5.5 12.5 -17.5
0.00128901 5 13 -16.5
0.00110246 5.5 12.5 -16.5
0.00103839 5.5 12.5 -16
0.000675115 5 13 -15
0.000625492 5.5 12.5 -15
6.88128e-05 6 12 -15
0.000167764 5.5 12.5 -14
2.44699e-05 6 12 -14
5.79922e-05 5.5 13 -13
2.01005e-05 5 13.5 -13
0.000205138 5.5 13 -13.5
4.55033e-05 6 12.5 -13.5
6.84914e-05 5 13.5 -13.5
0.000174678 5 13.5 -14
0.000732614 5.5 13 -14.5
0.000198406 6 12.5 -14.5
0.000352137 5 13.5 -14.5
0.000572849 5 13.5 -15
0.00126164 5.5 13 -15.5
0.000292169 6 12.5 -15.5
3.08118e-05 4.5 14 -15
3.87803e-05 4.5 14 -15.5
0.000891089 5 13.5 -16
0.000210536 6 12.5 -16.5
0.00127451 5.5 13 -16
3.84018e-05 4.5 14 -16
0.000877837 5 13.5 -16.5
0.000124015 6 12.5 -17
2.22088e-05 4.5 14 -16.5
5.61309e-05 6 12.5 -17.5
0.000635133 5.5 13 -17.5
0.000695757 5 13.5 -17
0.000178766 5 13.5 -18
3.83093e-05 5 13.5 -18.5
3.53217e-05 5.5 13 -19
0.000135621 5.5 13 -18.5
0.000346758 5.5 13 -18
0.000421159 5 13.5 -17.5
0.000931686 5.5 13 -17
0.00117839 5.5 13 -16.5
0.000776806 5 13.5 -15.5
0.00027026 6 12.5 -16
0.00106294 5.5 13 -15
0.000264197 6 12.5 -15
0.000429604 5.5 13 -14
0.000114344 6 12.5 -14
5.9001e-05 5.5 13.5 -12.5
2.55024e-05 6 13 -12.5
0.000199011 5.5 13.5 -13
0.000201926 6 13 -13.5
2.44337e-05 5 14 -13
0.00044781 5.5 13.5 -13.5
6.25547e-05 5 14 -13.5
0.000753848 5.5 13.5 -14
0.000132394 5 14 -14
0.00102985 5.5 13.5 -14.5
0.000523464 6 13 -14.5
0.000231577 5 14 -14.5
0.00124078 5.5 13.5 -15
0.000346255 5 14 -15
0.000437602 5 14 -15.5
0.00125989 5.5 13.5 -16
0.000596682 6 13 -16
0.000471531 5 14 -16
0.00109997 5.5 13.5 -16.5
0.000383674 5 14 -16.5
0.000245657 5 14 -17
0.000150867 6 13 -17.5
0.000793019 5.5 13.5 -17
9.13164e-05 5 14 -17.5
0.0002067 5.5 13.5 -18
5.99592e-05 6 13 -18
6.14408e-05 5.5 13.5 -18.5
0.000463015 5.5 13.5 -17.5
0.000276479 6 13 -17
0.000438633 6 13 -16.5
0.00131161 5.5 13.5 -15.5
0.00067356 6 13 -15.5
0.00063099 6 13 -15
0.000367967 6 13 -14
2.16411e-05 6.5 12.5 -14
8.56566e-05 6 13 -13
4.53688e-05 6 13.5 -12
3.38483e-05 5.5 14 -12
0.000143474 6 13.5 -12.5
2.49208e-05 6.5 13 -12.5
0.00010508 5.5 14 -12.5
0.000305289 6 13.5 -13
0.000252189 5.5 14 -13
0.00050049 6 13.5 -13.5
8.72191e-05 6.5 13 -13.5
2.1793e-05 5 14.5 -13
0.000463151 5.5 14 -13.5
4.47808e-05 5 14.5 -13.5
0.000731513 5.5 14 -14
8.79594e-05 6.5 13 -14.5
0.00071451 6 13.5 -14
7.82966e-05 5 14.5 -14
0.00097524 5.5 14 -14.5
7.04196e-05 6.5 13 -15
0.000117123 5 14.5 -14.5
0.00115865 5.5 14 -15
4.39809e-05 6.5 13 -15.5
0.00102874 6 13.5 -15
0.000150467 5 14.5 -15
0.00120631 5.5 14 -15.5
0.000167672 5 14.5 -15.5
0.00106497 5.5 14 -16
0.000862189 6 13.5 -16
0.000144443 5 14.5 -16
0.000805444 5.5 14 -16.5
7.14556e-05 5 14.5 -16.5
0.00049689 5.5 14 -17
0.000390985 6 13.5 -17
0.00023252 5.5 14 -17.5
7.19518e-05 5.5 14 -18
7.24427e-05 6 13.5 -18
0.000199208 6 13.5 -17.5
0.000627726 6 13.5 -16.5
0.00104123 6 13.5 -15.5
0.000916957 6 13.5 -14.5
0.000103273 6.5 13 -14
5.2039e-05 6.5 13 -13
2.34723e-05 6.5 13.5 -11.5
7.25572e-05 6 14 -11.5
0.000207927 6 14 -12
5.55778e-05 6.5 13.5 -12
4.41705e-05 5.5 14.5 -12
0.000389967 6 14 -12.5
0.000104219 5.5 14.5 -12.5
0.000617231 6 14 -13
0.000209665 6.5 13.5 -13
0.000224503 5.5 14.5 -13
0.000875907 6 14 -13.5
0.000402863 5.5 14.5 -13.5
0.00111811 6 14 -14
0.00032629 6.5 13.5 -14
0.00059087 5.5 14.5 -14
0.00122064 6 14 -14.5
3.33125e-05 5 15 -14
0.000750719 5.5 14.5 -14.5
0.00117003 6 14 -15
0.000293041 6.5 13.5 -15
3.94422e-05 5 15 -14.5
3.28408e-05 5 15 -15
0.000791388 5.5 14.5 -15.5
0.000116986 6.5 13.5 -16
0.00107354 6 14 -15.5
4.9474e-05 6.5 13.5 -16.5
0.000382623 5.5 14.5 -16.5
0.000595268 6 14 -16.5
0.000176697 5.5 14.5 -17
0.000155485 6 14 -17.5
4.62204e-05 5.5 14.5 -17.5
4.81112e-05 6 14 -18
0.000344819 6 14 -17
0.000622987 5.5 14.5 -16
0.000857578 6 14 -16
0.000831846 5.5 14.5 -15
0.000205821 6.5 13.5 -15.5
0.000336348 6.5 13.5 -14.5
0.00028841 6.5 13.5 -13.5
0.000123175 6.5 13.5 -12.5
5.27134e-05 6.5 14 -11
7.04098e-05 6 14.5 -11
0.000181234 6 14.5 -11.5
2.97068e-05 7 13.5 -12
0.000123212 6.5 14 -11.5
0.000346094 6 14.5 -12
3.69319e-05 7 13.5 -12.5
4.16819e-05 5.5 15 -12
0.000577194 6 14.5 -12.5
3.69558e-05 7 13.5 -13
0.000373421 6.5 14 -12.5
8.68658e-05 5.5 15 -12.5
0.000641127 6.5 14 -13.5
0.00086216 6 14.5 -13
2.61406e-05 7 13.5 -13.5
0.000155754 5.5 15 -13
0.0010541 6 14.5 -13.5
0.000244288 5.5 15 -13.5
0.000341727 5.5 15 -14
0.00121641 6 14.5 -14.5
0.000676795 6.5 14 -14.5
0.000400354 5.5 15 -14.5
0.000407403 5.5 15 -15
0.000974986 6 14.5 -15.5
0.000403273 6.5 14 -15.5
0.000314539 5.5 15 -15.5
0.000192603 5.5 15 -16
0.000422709 6 14.5 -16.5
0.000140553 6.5 14 -16.5
0.000204925 6 14.5 -17
6.99921e-05 6 14.5 -17.5
6.55671e-05 5.5 15 -16.5
6.02828e-05 6.5 14 -17
0.000699955 6 14.5 -16
0.000254274 6.5 14 -16
0.00113234 6 14.5 -15
0.000574685 6.5 14 -15
0.00116577 6 14.5 -14
0.000691639 6.5 14 -14
0.00052507 6.5 14 -13
0.000229894 6.5 14 -12
3.43253e-05 6.5 14.5 -10
2.69909e-05 7 14 -10.5
9.87851e-05 6.5 14.5 -10.5
3.72681e-05 6 15 -10.5
0.000211696 6.5 14.5 -11
8.77902e-05 6 15 -11
0.000358455 6.5 14.5 -11.5
8.81843e-05 7 14 -11.5
0.000182634 6 15 -11.5
0.000540343 6.5 14.5 -12
0.00033947 6 15 -12
0.000720176 6.5 14.5 -12.5
0.000154713 7 14 -12.5
3.1117e-05 5.5 15.5 -12
0.000550095 6 15 -12.5
5.40683e-05 5.5 15.5 -12.5
0.000782762 6 15 -13
0.000968017 6.5 14.5 -13.5
0.000129847 7 14 -13.5
8.28195e-05 5.5 15.5 -13
0.00097201 6 15 -13.5
0.000112968 5.5 15.5 -13.5
0.00106625 6 15 -14
0.000946893 6.5 14.5 -14.5
5.28644e-05 7 14 -14.5
0.000132565 5.5 15.5 -14
0.0010523 6 15 -14.5
0.000133898 5.5 15.5 -14.5
0.000898533 6 15 -15
9.34586e-05 5.5 15.5 -15
0.000661677 6 15 -15.5
0.00054907 6.5 14.5 -15.5
3.28113e-05 5.5 15.5 -15.5
0.000409372 6 15 -16
6.26221e-05 6 15 -17
7.09603e-05 6.5 14.5 -17
0.000193809 6 15 -16.5
0.00018206 6.5 14.5 -16.5
0.000345395 6.5 14.5 -16
0.000762245 6.5 14.5 -15
0.00103377 6.5 14.5 -14
9.08765e-05 7 14 -14
0.000846384 6.5 14.5 -13
0.00015528 7 14 -13
0.000130806 7 14 -12
3.64079e-05 7 14.5 -9.5
5.0936e-05 6.5 15 -9.5
0.000126584 6.5 15 -10
0.000267023 6.5 15 -10.5
3.83847e-05 6 15.5 -10.5
0.000470686 6.5 15 -11
0.000296048 7 14.5 -11.5
8.16006e-05 6 15.5 -11
0.000666214 6.5 15 -11.5
0.000156755 6 15.5 -11.5
0.000858432 6.5 15 -12
0.000275647 6 15.5 -12
0.00102836 6.5 15 -12.5
0.000417083 7 14.5 -12.5
0.0004238 6 15.5 -12.5
0.00111247 6.5 15 -13
0.000566208 6 15.5 -13
0.00112702 6.5 15 -13.5
0.000386033 7 14.5 -13.5
0.000670028 6 15.5 -13.5
0.00104162 6.5 15 -14
0.000706513 6 15.5 -14
0.000928212 6.5 15 -14.5
0.000199109 7 14.5 -14.5
0.000604473 6 15.5 -14.5
0.000450281 6 15.5 -15
4.40204e-05 7 14.5 -15.5
0.000726408 6.5 15 -15
0.000264328 6 15.5 -15.5
0.00011981 6 15.5 -16
0.000290793 6.5 15 -16
2.2609e-05 6 15.5 -16.5
4.32714e-05 6.5 15 -17
0.000133757 6.5 15 -16.5
0.000499192 6.5 15 -15.5
0.00010684 7 14.5 -15
0.000312861 7 14.5 -14
0.000432529 7 14.5 -13
0.000372227 7 14.5 -12
4.2351e-05 7 15 -8.5
9.01504e-05 7 15 -9
2.30201e-05 7.5 14.5 -9
3.42307e-05 6.5 15.5 -9
0.00015885 7 15 -9.5
8.03966e-05 6.5 15.5 -9.5
0.000252782 7 15 -10
0.000173354 6.5 15.5 -10
0.00036187 7 15 -10.5
0.000311069 6.5 15.5 -10.5
3.34087e-05 6 16 -10.5
0.000478413 6.5 15.5 -11
7.38712e-05 7.5 14.5 -11.5
0.000471535 7 15 -11
6.06616e-05 6 16 -11
0.000673966 6.5 15.5 -11.5
6.11499e-05 7.5 14.5 -12
0.000104636 6 16 -11.5
0.000878679 6.5 15.5 -12
3.9465e-05 7.5 14.5 -12.5
0.000720202 7 15 -12
0.000162166 6 16 -12
0.00102757 6.5 15.5 -12.5
0.000223298 6 16 -12.5
0.00108662 6.5 15.5 -13
0.000753153 7 15 -13
0.000279347 6 16 -13
0.00105966 6.5 15.5 -13.5
0.000307893 6 16 -13.5
0.000952161 6.5 15.5 -14
0.000542146 7 15 -14
0.000272762 6 16 -14
0.000765229 6.5 15.5 -14.5
0.00018472 6 16 -14.5
0.000539889 6.5 15.5 -15
0.000225262 7 15 -15
8.84252e-05 6 16 -15
0.000322887 6.5 15.5 -15.5
2.1051e-05 6 16 -15.5
0.000160222 6.5 15.5 -16
5.38697e-05 7 15 -16
5.54342e-05 6.5 15.5 -16.5
0.000124997 7 15 -15.5
0.000371724 7 15 -14.5
0.000675595 7 15 -13.5
0.000766535 7 15 -12.5
0.000610375 7 15 -11.5
2.03318e-05 7.5 15 -7
2.9748e-05 7.5 15 -7.5
2.89015e-05 7 15.5 -7.5
4.56244e-05 7.5 15 -8
6.69751e-05 7 15.5 -8
7.21609e-05 7.5 15 -8.5
0.000133855 7 15.5 -8.5
0.000106652 7.5 15 -9
0.000244826 7 15.5 -9
0.000152494 7.5 15 -9.5
3.71163e-05 6.5 16 -9
0.000389289 7 15.5 -9.5
7.93605e-05 6.5 16 -9.5
0.000512522 7 15.5 -10
0.000157667 6.5 16 -10
0.000662094 7 15.5 -10.5
0.000280165 6.5 16 -10.5
0.000820311 7 15.5 -11
0.000268823 7.5 15 -11
0.000429856 6.5 16 -11
0.000929851 7 15.5 -11.5
3.46519e-05 6 16.5 -11
0.000596467 6.5 16 -11.5
0.000977431 7 15.5 -12
0.000232069 7.5 15 -12
5.11686e-05 6 16.5 -11.5
0.000750001 6.5 16 -12
6.8313e-05 6 16.5 -12
0.000861241 6.5 16 -12.5
0.000119133 7.5 15 -13
0.00099915 7 15.5 -12.5
7.95588e-05 6 16.5 -12.5
0.000898849 6.5 16 -13
6.43984e-05 7.5 15 -13.5
7.98118e-05 6 16.5 -13
0.000791974 6.5 16 -13.5
0.000795781 7 15.5 -13.5
5.85075e-05 6 16.5 -13.5
0.00063568 6.5 16 -14
0.000425541 7 15.5 -14.5
0.000444146 6.5 16 -14.5
0.000265894 6.5 16 -15
0.00011965 6.5 16 -15.5
0.000137982 7 15.5 -15.5
3.39927e-05 6.5 16 -16
5.72841e-05 7 15.5 -16
0.000263915 7 15.5 -15
0.00061088 7 15.5 -14
0.000936247 7 15.5 -13
3.01533e-05 7.5 15.5 -6
5.02637e-05 7.5 15.5 -6.5
2.04617e-05 8 15 -6.5
2.43164e-05 8 15 -7
7.84059e-05 7.5 15.5 -7
0.000182355 7.5 15 -12.5
0.000261705 7.5 15 -11.5
2.08947e-05 7 16 -7
0.00012233 7.5 15.5 -7.5
3.03675e-05 8 15 -7.5
4.38082e-05 7 16 -7.5
0.000174211 7.5 15.5 -8
3.9839e-05 8 15 -8
8.99599e-05 7 16 -8
0.000173689 7 16 -8.5
5.57423e-05 8 15 -9
0.000242322 7.5 15.5 -8.5
0.000285053 7 16 -9
5.87916e-05 8 15 -9.5
0.000315154 7.5 15.5 -9
3.4113e-05 6.5 16.5 -9
0.000434444 7 16 -9.5
5.29572e-05 8 15 -10
0.000386197 7.5 15.5 -9.5
6.50408e-05 6.5 16.5 -9.5
0.00063506 7 16 -10
0.000547198 7.5 15.5 -10.5
3.81031e-05 8 15 -10.5
0.000114769 6.5 16.5 -10
0.000821873 7 16 -10.5
0.000186954 6.5 16.5 -10.5
0.000917673 7 16 -11
0.000282671 6.5 16.5 -11
0.000983417 7 16 -11.5
0.000555836 7.5 15.5 -11.5
0.000377502 6.5 16.5 -11.5
0.00101836 7 16 -12
0.000452012 6.5 16.5 -12
0.000976237 7 16 -12.5
0.000416541 7.5 15.5 -12.5
0.000488512 6.5 16.5 -12.5
0.000863956 7 16 -13
0.000454616 6.5 16.5 -13
0.000708101 7 16 -13.5
0.000182246 7.5 15.5 -13.5
0.000355551 6.5 16.5 -13.5
0.000236162 6.5 16.5 -14
4.03764e-05 7.5 15.5 -14.5
0.000527532 7 16 -14
3.53362e-05 6.5 16.5 -15
0.000200019 7 16 -15
3.37827e-05 7 16 -16
9.40121e-05 7 16 -15.5
0.000121887 6.5 16.5 -14.5
0.000348643 7 16 -14.5
9.29721e-05 7.5 15.5 -14
2.81792e-05 8 15.5 -4
3.9446e-05 8 15.5 -4.5
5.21213e-05 8 15.5 -5
0.000292076 7.5 15.5 -13
6.50048e-05 8 15.5 -5.5
3.02125e-05 7.5 16 -5.5
7.5683e-05 8 15.5 -6
0.000507397 7.5 15.5 -12
5.60031e-05 7.5 16 -6
9.00299e-05 8 15.5 -6.5
0.000102967 7.5 16 -6.5
0.000106954 8 15.5 -7
0.000572339 7.5 15.5 -11
0.00017313 7.5 16 -7
0.000128343 8 15.5 -7.5
2.22878e-05 7 16.5 -7
0.000269754 7.5 16 -7.5
4.42343e-05 7 16.5 -7.5
0.000380287 7.5 16 -8
0.000160277 8 15.5 -8
8.64144e-05 7 16.5 -8
0.000469115 7.5 16 -8.5
0.000188232 8 15.5 -8.5
0.00015713 7 16.5 -8.5
0.000577768 7.5 16 -9
0.000265009 7 16.5 -9
0.000681538 7.5 16 -9.5
0.000406519 7 16.5 -9.5
0.000753844 7.5 16 -10
4.04836e-05 6.5 17 -9.5
0.000577304 7 16.5 -10
0.000796688 7.5 16 -10.5
0.000152656 8 15.5 -10.5
6.32774e-05 6.5 17 -10
0.000739098 7 16.5 -10.5
0.000845172 7.5 16 -11
9.32134e-05 6.5 17 -10.5
0.00085605 7 16.5 -11
0.000812931 7.5 16 -11.5
5.96151e-05 8 15.5 -11.5
0.000124106 6.5 17 -11
0.000897069 7 16.5 -11.5
0.000146564 6.5 17 -11.5
0.000889853 7 16.5 -12
0.000731235 7.5 16 -12
0.000159413 6.5 17 -12
0.000793841 7 16.5 -12.5
0.000144867 6.5 17 -12.5
0.00065456 7 16.5 -13
0.000444015 7.5 16 -13
9.62287e-05 6.5 17 -13
4.85617e-05 6.5 17 -13.5
0.000329656 7 16.5 -14
0.000173853 7.5 16 -14
8.43453e-05 7 16.5 -15
4.05279e-05 7.5 16 -15
2.00504e-05 7 16.5 -15.5
2.24585e-05 9 15 -1
2.05536e-05 9 15 -1.5
0.000188957 7 16.5 -14.5
3.36036e-05 8.5 15.5 -2
4.44471e-05 8.5 15.5 -2.5
9.13078e-05 7.5 16 -14.5
5.42625e-05 8.5 15.5 -3
0.000493193 7 16.5 -13.5
5.9612e-05 8.5 15.5 -3.5
2.80707e-05 8 16 -3.5
6.01545e-05 8.5 15.5 -4
0.000293568 7.5 16 -13.5
4.96684e-05 8 16 -4
6.10158e-05 8.5 15.5 -4.5
7.99877e-05 8 16 -4.5
0.000111411 8 16 -5
6.13935e-05 8.5 15.5 -5
0.000601835 7.5 16 -12.5
6.31003e-05 8.5 15.5 -5.5
0.000150779 8 16 -5.5
3.12542e-05 7.5 16.5 -5.5
0.000197107 8 16 -6
6.66645e-05 8.5 15.5 -6
5.70769e-05 7.5 16.5 -6
0.000237427 8 16 -6.5
6.80768e-05 8.5 15.5 -6.5
0.000103694 7.5 16.5 -6.5
6.59062e-05 8.5 15.5 -7
0.000182087 7.5 16.5 -7
6.29503e-05 8.5 15.5 -7.5
0.000284434 8 16 -7
0.000285614 7.5 16.5 -7.5
5.74265e-05 8.5 15.5 -8
0.000331366 8 16 -7.5
0.000376983 8 16 -8
3.80654e-05 7 17 -7.5
0.000422423 7.5 16.5 -8
0.00043028 8 16 -8.5
4.48265e-05 8.5 15.5 -8.5
6.73051e-05 7 17 -8
0.000589342 7.5 16.5 -8.5
0.0004613 8 16 -9
2.85051e-05 8.5 15.5 -9
0.00011554 7 17 -8.5
0.000729412 7.5 16.5 -9
0.000192354 7 17 -9
0.000823697 7.5 16.5 -9.5
0.000300473 7 17 -9.5
0.000893574 7.5 16.5 -10
0.000435685 8 16 -10
0.000409174 7 17 -10
0.000917607 7.5 16.5 -10.5
0.000503982 7 17 -10.5
0.000857899 7.5 16.5 -11
0.000306745 8 16 -11
0.000568111 7 17 -11
0.000585864 7 17 -11.5
0.000122611 8 16 -12
0.000538674 7 17 -12
5.97462e-05 8 16 -12.5
0.000725358 7.5 16.5 -12
0.000453133 7 17 -12.5
0.000336157 7 17 -13
0.000428835 7.5 16.5 -13
0.00010975 7 17 -14
0.000167371 7.5 16.5 -14
3.51619e-05 7.5 16.5 -15
3.30238e-05 9.5 15 1
3.66509e-05 9.5 15 0.5
3.3549e-05 9.5 15 0
3.44677e-05 7 17 -14.5
3.31411e-05 9 15.5 0
2.7214e-05 9.5 15 -0.5
4.93206e-05 9 15.5 -0.5
2.00784e-05 9.5 15 -1
6.39371e-05 9 15.5 -1
7.37586e-05 9 15.5 -1.5
8.51934e-05 7.5 16.5 -14.5
0.000214273 7 17 -13.5
2.62601e-05 8.5 16 -1.5
7.53021e-05 9 15.5 -2
4.44328e-05 8.5 16 -2
7.29933e-05 9 15.5 -2.5
6.87542e-05 8.5 16 -2.5
6.37799e-05 9 15.5 -3
0.000284273 7.5 16.5 -13.5
9.69591e-05 8.5 16 -3
5.45982e-05 9 15.5 -3.5
0.000128376 8.5 16 -3.5
0.000584587 7.5 16.5 -12.5
4.80554e-05 9 15.5 -4
2.64896e-05 8 16.5 -3.5
0.000154189 8.5 16 -4
4.49655e-05 8 16.5 -4
0.000168688 8.5 16 -4.5
4.10613e-05 9 15.5 -4.5
0.000818475 7.5 16.5 -11.5
7.7668e-05 8 16.5 -4.5
0.000179902 8.5 16 -5
3.55555e-05 9 15.5 -5
0.000135499 8 16.5 -5
0.000187542 8.5 16 -5.5
2.92475e-05 9 15.5 -5.5
0.000210667 8 16 -11.5
0.000214076 8 16.5 -5.5
0.000195629 8.5 16 -6
2.08466e-05 9 15.5 -6
2.83206e-05 7.5 17 -5.5
0.000308819 8 16.5 -6
0.000210797 8.5 16 -6.5
5.18156e-05 7.5 17 -6
0.00041335 8 16.5 -6.5
0.000216048 8.5 16 -7
9.42168e-05 7.5 17 -6.5
0.000485708 8 16.5 -7
0.000383082 8 16 -10.5
0.000164008 7.5 17 -7
0.00055802 8 16.5 -7.5
0.000211101 8.5 16 -7.5
0.000263667 7.5 17 -7.5
0.000625105 8 16.5 -8
0.000198493 8.5 16 -8
0.000390801 7.5 17 -8
4.0458e-05 7 17.5 -8
0.000539703 7.5 17 -8.5
0.000121177 8.5 16 -9
0.000697924 8 16.5 -9
0.000666947 8 16.5 -8.5
6.57806e-05 7 17.5 -8.5
0.000681254 7.5 17 -9
0.000727419 8 16.5 -9.5
7.62818e-05 8.5 16 -9.5
0.000102611 7 17.5 -9
0.000778314 7.5 17 -9.5
0.000696723 8 16.5 -10
3.8606e-05 8.5 16 -10
0.000146192 7 17.5 -9.5
0.000831155 7.5 17 -10
0.000188075 7 17.5 -10
0.000846536 7.5 17 -10.5
0.000216274 7 17.5 -10.5
0.000799848 7.5 17 -11
0.000506277 8 16.5 -11
0.000228648 7 17.5 -11
0.000723088 7.5 17 -11.5
0.000208861 7 17.5 -11.5
0.000587789 7.5 17 -12
0.000240042 8 16.5 -12
0.000165777 7 17.5 -12
0.000437693 7.5 17 -12.5
0.000109 7 17.5 -12.5
0.000306591 7.5 17 -13
7.6815e-05 8 16.5 -13
5.47685e-05 7 17.5 -13
9.87098e-05 7.5 17 -14
2.75554e-05 10 15 2
4.2203e-05 10 15 1.5
4.14639e-05 10 15 1
2.38256e-05 9.5 15.5 1.5
5.64017e-05 9.5 15.5 1
3.10898e-05 10 15 0.5
7.97575e-05 9.5 15.5 0.5
4.2109e-05 7.5 17 -14.5
9.15491e-05 9.5 15.5 0
3.51392e-05 9 16 0
9.1698e-05 9.5 15.5 -0.5
5.99569e-05 9 16 -0.5
8.38004e-05 9.5 15.5 -1
9.14522e-05 9 16 -1
7.23818e-05 9.5 15.5 -1.5
0.000189469 7.5 17 -13.5
0.000125768 9 16 -1.5
6.25388e-05 9.5 15.5 -2
0.000149531 9 16 -2
3.86427e-05 8.5 16.5 -2
4.87578e-05 9.5 15.5 -2.5
0.000155556 9 16 -2.5
6.76112e-05 8.5 16.5 -2.5
3.37939e-05 9.5 15.5 -3
0.000157195 9 16 -3
3.42804e-05 8 16.5 -13.5
0.000114285 8.5 16.5 -3
2.04059e-05 9.5 15.5 -3.5
0.000171352 8.5 16.5 -3.5
0.000153447 9 16 -3.5
0.000147874 9 16 -4
0.000148864 8 16.5 -12.5
0.000232074 8.5 16.5 -4
3.96488e-05 8 17 -4
0.000287539 8.5 16.5 -4.5
0.000144352 9 16 -4.5
7.1097e-05 8 17 -4.5
0.000321574 8.5 16.5 -5
0.000130843 9 16 -5
0.000125836 8 17 -5
0.000359437 8.5 16.5 -5.5
0.000114394 9 16 -5.5
0.000359714 8 16.5 -11.5
0.00020475 8 17 -5.5
9.39979e-05 9 16 -6
0.00038801 8.5 16.5 -6
0.000620684 8 16.5 -10.5
0.000299847 8 17 -6
0.000405738 8.5 16.5 -6.5
7.05249e-05 9 16 -6.5
3.75984e-05 7.5 17.5 -6
0.000408294 8 17 -6.5
0.000433204 8.5 16.5 -7
4.89742e-05 9 16 -7
6.53503e-05 7.5 17.5 -6.5
0.000527656 8 17 -7
0.000111236 7.5 17.5 -7
0.000641707 8 17 -7.5
0.000441471 8.5 16.5 -7.5
0.000182485 7.5 17.5 -7.5
0.000720779 8 17 -8
0.000278272 7.5 17.5 -8
0.000772527 8 17 -8.5
0.000380934 7.5 17.5 -8.5
0.000785271 8 17 -9
0.00048325 7.5 17.5 -9
2.61247e-05 7 18 -9
0.00056386 7.5 17.5 -9.5
0.000163138 8.5 16.5 -10
3.67114e-05 7 18 -9.5
0.000601443 7.5 17.5 -10
8.72705e-05 8.5 16.5 -10.5
0.000734503 8 17 -10
3.90662e-05 7 18 -10
0.000601332 7.5 17.5 -10.5
0.00054874 8 17 -11
3.48615e-05 8.5 16.5 -11
3.23025e-05 7 18 -10.5
0.000543998 7.5 17.5 -11
0.000452428 7.5 17.5 -11.5
0.000338734 7.5 17.5 -12
0.00031433 8 17 -12
0.000228986 7.5 17.5 -12.5
0.000136888 7.5 17.5 -13
0.000121273 8 17 -13
6.48848e-05 7.5 17.5 -13.5
2.35996e-05 10.5 15 2
5.22895e-05 10 15.5 2
2.69122e-05 10.5 15 1.5
8.70748e-05 10 15.5 1.5
2.12386e-05 9.5 16 1.5
9.72204e-05 10 15.5 1
5.80496e-05 9.5 16 1
9.58132e-05 10 15.5 0.5
9.29173e-05 9.5 16 0.5
8.25911e-05 10 15.5 0
0.00012896 9.5 16 0
6.62584e-05 10 15.5 -0.5
0.00015422 9.5 16 -0.5
5.06216e-05 9 16.5 -0.5
4.64948e-05 10 15.5 -1
0.000161093 9.5 16 -1
8.77457e-05 9 16.5 -1
2.84653e-05 10 15.5 -1.5
0.000160397 9.5 16 -1.5
5.93193e-05 8 17 -13.5
0.000135344 9 16.5 -1.5
0.000146896 9.5 16 -2
0.000187626 9 16.5 -2
0.000133329 9.5 16 -2.5
3.18794e-05 8.5 17 -2
0.000233934 9 16.5 -2.5
0.000207068 8 17 -12.5
5.62889e-05 8.5 17 -2.5
0.000260491 9 16.5 -3
0.000112053 9.5 16 -3
9.60307e-05 8.5 17 -3
0.000280199 9 16.5 -3.5
8.78077e-05 9.5 16 -3.5
0.000152526 8.5 17 -3.5
0.000286204 9 16.5 -4
6.43854e-05 9.5 16 -4
0.000435612 8 17 -11.5
0.000225114 8.5 17 -4
4.30065e-05 9.5 16 -4.5
2.38353e-05 8 17.5 -4
0.000313941 8.5 17 -4.5
2.3714e-05 9.5 16 -5
0.000283926 9 16.5 -4.5
0.000287291 9 16.5 -5
0.00065936 8 17 -10.5
5.32237e-05 8 17.5 -4.5
0.000414919 8.5 17 -5
0.000761355 8 17 -9.5
9.3651e-05 8 17.5 -5
0.00049033 8.5 17 -5.5
0.000275163 9 16.5 -5.5
0.000159453 8 17.5 -5.5
0.000548161 8.5 17 -6
0.000249295 9 16.5 -6
0.000248408 8 17.5 -6
0.000588801 8.5 17 -6.5
0.000212379 9 16.5 -6.5
0.000354429 8 17.5 -6.5
3.50844e-05 7.5 18 -6.5
0.000475218 8 17.5 -7
0.000111612 9 16.5 -7.5
0.000606636 8.5 17 -7
5.73961e-05 7.5 18 -7
0.000589656 8 17.5 -7.5
6.5714e-05 9 16.5 -8
8.88094e-05 7.5 18 -7.5
0.000668783 8 17.5 -8
3.09812e-05 9 16.5 -8.5
0.000127289 7.5 18 -8
0.000717831 8 17.5 -8.5
0.000172155 7.5 18 -8.5
0.000734879 8 17.5 -9
0.00051089 8.5 17 -9
0.000215537 7.5 18 -9
0.000709554 8 17.5 -9.5
0.000250132 7.5 18 -9.5
0.000644913 8 17.5 -10
0.000289382 8.5 17 -10
0.000261383 7.5 18 -10
0.000236967 7.5 18 -10.5
0.000114259 8.5 17 -11
0.000564895 8 17.5 -10.5
0.000194259 7.5 18 -11
5.23953e-05 8.5 17 -11.5
0.000139811 7.5 18 -11.5
0.000368039 8 17.5 -11.5
8.15635e-05 7.5 18 -12
3.51946e-05 7.5 18 -12.5
0.000162663 8 17.5 -12.5
3.785e-05 8 17.5 -13.5
3.22775e-05 10.5 15.5 2.5
6.95429e-05 10.5 15.5 2
5.33465e-05 10 16 2
7.55599e-05 10.5 15.5 1.5
9.97492e-05 10 16 1.5
7.0508e-05 10.5 15.5 1
0.000129884 10 16 1
4.02853e-05 9.5 16.5 1
4.91868e-05 10.5 15.5 0.5
0.000145467 10 16 0.5
8.14572e-05 9.5 16.5 0.5
2.70828e-05 10.5 15.5 0
0.000148391 10 16 0
0.000130752 9.5 16.5 0
0.000139764 10 16 -0.5
8.99075e-05 8 17.5 -13
0.000181281 9.5 16.5 -0.5
3.23744e-05 9 17 -0.5
0.000122836 10 16 -1
0.000216733 9.5 16.5 -1
6.38236e-05 9 17 -1
9.73412e-05 10 16 -1.5
0.000237383 9.5 16.5 -1.5
0.000111608 9 17 -1.5
0.000242586 9.5 16.5 -2
6.89591e-05 10 16 -2
0.000258596 8 17.5 -12
0.000172902 9 17 -2
4.17546e-05 10 16 -2.5
0.000236712 9.5 16.5 -2.5
0.00024094 9 17 -2.5
2.09714e-05 10 16 -3
0.000472503 8 17.5 -11
3.66924e-05 8.5 17.5 -2.5
0.000311788 9 17 -3
0.000230256 9.5 16.5 -3
6.5584e-05 8.5 17.5 -3
0.00036467 9 17 -3.5
0.000208566 9.5 16.5 -3.5
0.000115139 8.5 17.5 -3.5
0.000405282 9 17 -4
0.000177887 9.5 16.5 -4
0.000189368 8.5 17.5 -4
0.000141824 9.5 16.5 -4.5
0.000283765 8.5 17.5 -4.5
0.000101734 9.5 16.5 -5
0.000430439 9 17 -4.5
0.000437228 9 17 -5
0.00019219 8.5 17 -10.5
3.05392e-05 8 18 -4.5
0.000383676 8.5 17.5 -5
0.000444469 9 17 -5.5
6.38238e-05 9.5 16.5 -5.5
5.33029e-05 8 18 -5
0.000478884 8.5 17.5 -5.5
0.000432483 9 17 -6
3.19781e-05 9.5 16.5 -6
8.97938e-05 8 18 -5.5
0.000549095 8.5 17.5 -6
0.000147909 8 18 -6
0.000602562 8.5 17.5 -6.5
0.000391581 9 17 -6.5
0.000226855 8 18 -6.5
0.000633513 8.5 17.5 -7
0.00034057 9 17 -7
0.000311423 8 18 -7
0.000639003 8.5 17.5 -7.5
0.000394146 8 18 -7.5
0.000635808 8.5 17.5 -8
0.000464852 8 18 -8
2.71184e-05 7.5 18.5 -8
0.000516005 8 18 -8.5
6.17583e-05 9 17 -9
3.47023e-05 7.5 18.5 -8.5
0.000528161 8 18 -9
4.12362e-05 7.5 18.5 -9
0.000491835 8 18 -9.5
0.000469944 8.5 17.5 -9.5
3.79847e-05 7.5 18.5 -9.5
0.00043321 8 18 -10
3.32669e-05 7.5 18.5 -10
0.000364294 8 18 -10.5
0.000272086 8.5 17.5 -10.5
0.000286161 8 18 -11
0.000204256 8 18 -11.5
0.000109944 8.5 17.5 -11.5
0.00012921 8 18 -12
6.82514e-05 8 18 -12.5
2.02045e-05 8.5 17.5 -12.5
2.0421e-05 8 18 -13
2.25872e-05 11 15.5 2.5
4.14858e-05 10.5 16 2.5
3.06294e-05 11 15.5 2
8.78526e-05 10.5 16 2
3.20831e-05 10 16.5 2
2.57032e-05 11 15.5 1.5
0.000107966 10.5 16 1.5
8.1566e-05 10 16.5 1.5
0.000113283 10.5 16 1
0.000133273 10 16.5 1
0.000103873 10.5 16 0.5
0.00016769 10 16.5 0.5
5.04509e-05 9.5 17 0.5
7.92776e-05 10.5 16 0
0.000188876 10 16.5 0
9.65156e-05 9.5 17 0
5.20586e-05 10.5 16 -0.5
0.000198774 10 16.5 -0.5
0.000156834 9.5 17 -0.5
2.71816e-05 10.5 16 -1
0.000218774 9.5 17 -1
0.000200399 10 16.5 -1
0.000185454 10 16.5 -1.5
3.54857e-05 9 17.5 -1
0.000266529 9.5 17 -1.5
7.15329e-05 9 17.5 -1.5
0.000301125 9.5 17 -2
0.000155281 10 16.5 -2
5.93955e-05 8.5 17.5 -12
0.000128295 9 17.5 -2
0.000321378 9.5 17 -2.5
0.000119021 10 16.5 -2.5
0.00019962 9 17.5 -2.5
7.78904e-05 10 16.5 -3
0.000275483 9 17.5 -3
4.15204e-05 10 16.5 -3.5
0.000326324 9.5 17 -3
0.000330873 9.5 17 -3.5
0.000181613 8.5 17.5 -11
3.56572e-05 8.5 18 -3
0.000351637 9 17.5 -3.5
0.000372231 8.5 17.5 -10
6.53994e-05 8.5 18 -3.5
0.000414625 9 17.5 -4
0.00031809 9.5 17 -4
0.000116632 8.5 18 -4
0.000466622 9 17.5 -4.5
0.000285378 9.5 17 -4.5
0.000190882 8.5 18 -4.5
0.000502773 9 17.5 -5
0.000239277 9.5 17 -5
0.00027773 8.5 18 -5
0.000373834 8.5 18 -5.5
0.000113379 9.5 17 -6
0.000516582 9 17.5 -5.5
0.000177584 9.5 17 -5.5
0.000525042 9 17.5 -6
0.000551866 8.5 17.5 -9
0.000611587 8.5 17.5 -8.5
3.73861e-05 8 18.5 -5.5
0.000468055 8.5 18 -6
0.000521378 9 17.5 -6.5
5.87648e-05 9.5 17 -6.5
5.95075e-05 8 18.5 -6
0.000533566 8.5 18 -6.5
0.000480238 9 17.5 -7
8.8587e-05 8 18.5 -6.5
0.0005701 8.5 18 -7
0.000124596 8 18.5 -7
0.000584213 8.5 18 -7.5
0.000161663 8 18.5 -7.5
0.000570845 8.5 18 -8
0.000323458 9 17.5 -8
0.000192554 8 18.5 -8
0.00052549 8.5 18 -8.5
0.000206961 8 18.5 -8.5
0.000477574 8.5 18 -9
0.000147137 9 17.5 -9
0.000203855 8 18.5 -9
0.000184751 8 18.5 -9.5
3.59258e-05 9 17.5 -10
0.000157543 8 18.5 -10
0.000325275 8.5 18 -10
0.000120933 8 18.5 -10.5
0.000164343 8.5 18 -11
7.71546e-05 8 18.5 -11
3.58852e-05 8 18.5 -11.5
5.29652e-05 8.5 18 -12
2.55782e-05 10.5 16.5 2.5
3.07051e-05 11 16 2.5
5.31279e-05 11 16 2
8.01347e-05 10.5 16.5 2
5.33936e-05 11 16 1.5
0.000118228 10.5 16.5 1.5
4.09126e-05 10 17 1.5
3.40483e-05 11 16 1
9.27132e-05 10 17 1
0.000133423 10.5 16.5 1
0.000140975 10.5 16.5 0.5
0.000151735 10 17 0.5
2.16843e-05 8.5 18 -12.5
0.0001968 10 17 0
0.00013546 10.5 16.5 0
4.95238e-05 9.5 17.5 0
0.000108579 10.5 16.5 -0.5
0.000225459 10 17 -0.5
9.90182e-05 9.5 17.5 -0.5
0.000240074 10 17 -1
7.58252e-05 10.5 16.5 -1
0.000165527 9.5 17.5 -1
4.26822e-05 10.5 16.5 -1.5
0.000100961 8.5 18 -11.5
0.000246138 10 17 -1.5
0.00023438 9.5 17.5 -1.5
3.19433e-05 9 18 -1.5
0.000291798 9.5 17.5 -2
0.000243769 10 17 -2
6.60428e-05 9 18 -2
0.000335859 9.5 17.5 -2.5
0.000214124 10 17 -2.5
0.000240687 8.5 18 -10.5
0.000118191 9 18 -2.5
0.000176391 10 17 -3
0.000189788 9 18 -3
0.000129542 10 17 -3.5
0.000368192 9.5 17.5 -3
0.000408813 8.5 18 -9.5
0.000383115 9.5 17.5 -3.5
0.000273689 9 18 -3.5
0.000390582 9.5 17.5 -4
8.31004e-05 10 17 -4
2.64683e-05 8.5 18.5 -3.5
0.000360038 9 18 -4
0.000389536 9.5 17.5 -4.5
4.32496e-05 10 17 -4.5
5.0509e-05 8.5 18.5 -4
0.000423677 9 18 -4.5
8.27125e-05 8.5 18.5 -4.5
0.000469863 9 18 -5
0.000348037 9.5 17.5 -5
0.000132244 8.5 18.5 -5
0.000498237 9 18 -5.5
0.000297994 9.5 17.5 -5.5
0.000196668 8.5 18.5 -5.5
0.000504998 9 18 -6
0.000261861 8.5 18.5 -6
0.000320733 8.5 18.5 -6.5
0.000106139 9.5 17.5 -7
0.000503396 9 18 -6.5
0.000367088 8.5 18.5 -7
5.13352e-05 9.5 17.5 -7.5
0.000475227 9 18 -7
0.00038075 8.5 18.5 -7.5
0.000367637 8.5 18.5 -8
0.000339859 8.5 18.5 -8.5
0.000299648 8.5 18.5 -9
0.000212361 9 18 -9
0.00024691 8.5 18.5 -9.5
0.000187981 8.5 18.5 -10
8.81724e-05 9 18 -10
0.000128767 8.5 18.5 -10.5
4.55039e-05 8.5 18.5 -11.5
2.78511e-05 11 16.5 2.5
3.47307e-05 10.5 17 2
6.15463e-05 11 16.5 2
8.89302e-05 10.5 17 1.5
6.88677e-05 11 16.5 1.5
0.00013159 10.5 17 1
6.51919e-05 11 16.5 1
3.93493e-05 10 17.5 1
4.27669e-05 11 16.5 0.5
0.000153793 10.5 17 0.5
8.97268e-05 10 17.5 0.5
2.37425e-05 11 16.5 0
0.000150526 10 17.5 0
0.000163173 10.5 17 0
8.00167e-05 8.5 18.5 -11
0.00020137 10 17.5 -0.5
0.000162087 10.5 17 -0.5
4.13611e-05 9.5 18 -0.5
0.000238756 10 17.5 -1
0.000139356 10.5 17 -1
8.9649e-05 9.5 18 -1
0.000105681 10.5 17 -1.5
0.000260717 10 17.5 -1.5
0.000152354 9.5 18 -1.5
0.00027411 10 17.5 -2
6.83057e-05 10.5 17 -2
0.000223752 9.5 18 -2
3.51268e-05 10.5 17 -2.5
4.47832e-05 9 18 -10.5
0.000286938 9.5 18 -2.5
0.000278353 10 17.5 -2.5
4.43043e-05 9 18.5 -2.5
0.000334301 9.5 18 -3
0.000257455 10 17.5 -3
8.3611e-05 9 18.5 -3
0.000366403 9.5 18 -3.5
0.000221914 10 17.5 -3.5
0.000141938 9 18.5 -3.5
0.000211157 9 18.5 -4
0.00011474 10 17.5 -4.5
0.000380279 9.5 18 -4
0.000279259 9 18.5 -4.5
6.04294e-05 10 17.5 -5
0.000388734 9.5 18 -4.5
0.000172635 10 17.5 -4
0.000144753 9 18 -9.5
0.000339782 9 18.5 -5
0.000391956 9.5 18 -5
3.11833e-05 8.5 19 -5
0.00037815 9 18.5 -5.5
0.000365447 9.5 18 -5.5
5.28041e-05 8.5 19 -5.5
0.000397542 9 18.5 -6
7.80439e-05 8.5 19 -6
0.000401215 9 18.5 -6.5
0.000102905 8.5 19 -6.5
0.000374478 9 18.5 -7
0.000175728 9.5 18 -7
0.000119333 8.5 19 -7
0.000124658 8.5 19 -7.5
5.703e-05 9.5 18 -8
0.000120284 8.5 19 -8
0.000110054 8.5 19 -8.5
0.000247993 9 18.5 -8.5
9.45343e-05 8.5 19 -9
7.02446e-05 8.5 19 -9.5
0.000133249 9 18.5 -9.5
4.37131e-05 8.5 19 -10
4.55595e-05 9 18.5 -10.5
3.70613e-05 11 17 2
3.74141e-05 10.5 17.5 1.5
7.0131e-05 11 17 1.5
8.41507e-05 10.5 17.5 1
7.85646e-05 11 17 1
7.40537e-05 11 17 0.5
0.000126101 10.5 17.5 0.5
2.57867e-05 10 18 0.5
0.000155723 10.5 17.5 0
5.42361e-05 11 17 0
7.40817e-05 10 18 0
3.15749e-05 11 17 -0.5
0.00012962 10 18 -0.5
0.000171961 10.5 17.5 -0.5
0.000183601 10 18 -1
0.000173533 10.5 17.5 -1
2.2763e-05 9.5 18.5 -1
0.000225341 10 18 -1.5
0.000154156 10.5 17.5 -1.5
5.97276e-05 9.5 18.5 -1.5
0.000123363 10.5 17.5 -2
8.45729e-05 9 18.5 -10
0.000253061 10 18 -2
0.000188961 9 18.5 -9
0.00010544 9.5 18.5 -2
0.000270642 10 18 -2.5
8.50261e-05 10.5 17.5 -2.5
0.000163062 9.5 18.5 -2.5
0.000279061 10 18 -3
4.79943e-05 10.5 17.5 -3
0.000223117 9.5 18.5 -3
0.00026308 10 18 -3.5
0.000271165 9.5 18.5 -3.5
0.00030384 9 18.5 -8
0.000346706 9 18.5 -7.5
4.09616e-05 9 19 -3.5
0.000306292 9.5 18.5 -4
0.000227836 10 18 -4
7.00388e-05 9 19 -4
0.000324686 9.5 18.5 -4.5
0.000179476 10 18 -4.5
0.000100336 9 19 -4.5
0.000329251 9.5 18.5 -5
0.000135768 9 19 -5
0.000176955 9 19 -5.5
4.1617e-05 10 18 -6
0.000328916 9.5 18.5 -5.5
0.000205074 9 19 -6
0.000297411 9.5 18.5 -6
0.000211874 9 19 -6.5
0.000209493 9 19 -7
0.000190976 9 19 -7.5
5.77495e-05 9.5 18.5 -8.5
2.74017e-05 9.5 18.5 -9
0.000128594 9 19 -8.5
6.45817e-05 9 19 -9.5
3.70562e-05 11 17.5 1.5
6.7243e-05 11 17.5 1
2.30223e-05 10.5 18 1
6.5776e-05 10.5 18 0.5
7.89066e-05 11 17.5 0.5
0.00010465 10.5 18 0
7.81005e-05 11 17.5 0
0.000136622 10.5 18 -0.5
5.8956e-05 11 17.5 -0.5
3.91563e-05 9 19 -10
9.4501e-05 9 19 -9
4.5525e-05 10 18.5 -0.5
0.000159442 10.5 18 -1
3.65657e-05 11 17.5 -1
8.85664e-05 10 18.5 -1
0.000166487 10.5 18 -1.5
0.000136087 10 18.5 -1.5
0.000162922 9 19 -8
0.000175071 10 18.5 -2
0.000154815 10.5 18 -2
0.000203744 10 18.5 -2.5
0.00012696 10.5 18 -2.5
4.89032e-05 9.5 19 -2.5
8.04792e-05 9.5 19 -3
5.33432e-05 10.5 18 -3.5
0.000219534 10 18.5 -3
9.07583e-05 10.5 18 -3
0.000229932 10 18.5 -3.5
0.000123039 9.5 19 -3.5
0.000221808 10 18.5 -4
2.49671e-05 10.5 18 -4
0.000161727 9.5 19 -4
0.000186753 9.5 19 -4.5
0.000202646 10 18.5 -4.5
0.000202135 9.5 19 -5
0.000172963 10 18.5 -5
0.000205557 9.5 19 -5.5
2.48358e-05 9 19.5 -5.5
0.000195223 9.5 19 -6
8.49977e-05 10 18.5 -6
3.75585e-05 9 19.5 -6
0.000183087 9.5 19 -6.5
4.40671e-05 10 18.5 -6.5
4.05859e-05 9 19.5 -6.5
4.21712e-05 9 19.5 -7
3.84796e-05 9 19.5 -7.5
2.37232e-05 9 19.5 -8
5.13261e-05 9.5 19 -8.5
2.35755e-05 11 18 1
5.18489e-05 11 18 0.5
3.55986e-05 10.5 18.5 0
6.71872e-05 11 18 0
7.07907e-05 10.5 18.5 -0.5
7.03793e-05 11 18 -0.5
5.73271e-05 11 18 -1
0.000101138 10.5 18.5 -1
2.81662e-05 9.5 19 -9
0.000123002 10.5 18.5 -1.5
3.78587e-05 11 18 -1.5
3.58686e-05 10 19 -1.5
0.000132509 10.5 18.5 -2
6.74215e-05 10 19 -2
9.51689e-05 10 19 -2.5
0.000129877 10.5 18.5 -2.5
8.51906e-05 9.5 19 -8
0.000121442 9.5 19 -7.5
0.000156873 9.5 19 -7
0.000119899 10 19 -3
0.000111325 10.5 18.5 -3
0.000138772 10 19 -3.5
8.21895e-05 10.5 18.5 -3.5
2.85221e-05 9.5 19.5 -4
3.06387e-05 10.5 18.5 -4.5
0.00015048 10 19 -4
4.3371e-05 9.5 19.5 -4.5
0.000153376 10 19 -4.5
5.84895e-05 9.5 19.5 -5
0.000139433 10 19 -5
6.86932e-05 9.5 19.5 -5.5
7.27549e-05 9.5 19.5 -6
7.16267e-05 9.5 19.5 -6.5
5.98785e-05 9.5 19.5 -7
4.30953e-05 9.5 19.5 -7.5
2.589e-05 11 18.5 0
4.53218e-05 11 18.5 -0.5
2.27467e-05 10.5 19 -1
5.10203e-05 11 18.5 -1
4.75752e-05 11 18.5 -1.5
3.36139e-05 11 18.5 -2
4.64762e-05 10.5 19 -1.5
6.50627e-05 10.5 19 -2
2.8963e-05 9.5 19.5 -8
7.75432e-05 10.5 19 -2.5
2.31744e-05 10 19.5 -3
8.0256e-05 10.5 19 -3
3.80363e-05 10 19.5 -3.5
7.37735e-05 10.5 19 -3.5
4.89885e-05 10 19.5 -4
6.04912e-05 10.5 19 -4
5.47622e-05 10 19.5 -4.5
5.55106e-05 10 19.5 -5
2.21606e-05 11 19 -1.5
2.34577e-05 11 19 -2
2.15324e-05 10.5 19.5 -3
2.50071e-05 10.5 19.5 -3.5
2.85556e-05 10.5 19.5 -4
2.32472e-05 10.5 19.5 -4.5
2.04194e-05 10 19.5 -7
3.68136e-05 10 19.5 -6.5
4.89089e-05 10 19.5 -6
5.51708e-05 10 19.5 -5.5
2.09031e-05 10.5 19 -5
4.19772e-05 10.5 19 -4.5
3.6806e-05 10 19 -7
6.08633e-05 10 19 -6.5
8.63795e-05 10 19 -6
0.000115455 10 19 -5.5
5.39208e-05 10.5 18.5 -4
0.000129815 10 18.5 -5.5
9.99029e-05 9.5 18.5 -8
0.00015039 9.5 18.5 -7.5
0.000204215 9.5 18.5 -7
0.000251941 9.5 18.5 -6.5
8.60088e-05 10 18 -5.5
0.000130696 10 18 -5
0.000110265 9.5 18 -7.5
0.000255961 9.5 18 -6.5
0.000321885 9.5 18 -6
0.000290947 9 18 -8.5
0.000361965 9 18 -8
0.000422632 9 18 -7.5
0.000169474 9.5 17.5 -6.5
0.000236565 9.5 17.5 -6
8.23205e-05 9 17.5 -9.5
0.000225569 9 17.5 -8.5
0.000416232 9 17.5 -7.5
0.000131695 9 17 -8.5
0.000206055 9 17 -8
0.0002773 9 17 -7.5
0.000402498 8.5 17 -9.5
0.000587403 8.5 17 -8.5
0.00062678 8.5 17 -8
0.000615951 8.5 17 -7.5
0.000163174 9 16.5 -7
0.000249009 8.5 16.5 -9.5
0.00032257 8.5 16.5 -9
0.000380301 8.5 16.5 -8.5
0.000418063 8.5 16.5 -8
2.75716e-05 9 16 -7.5
0.000167498 8.5 16 -8.5
0.000468711 8 16 -9.5
0.000104254 8 15.5 -11
0.000190329 8 15.5 -10
0.000210695 8 15.5 -9.5
0.000204604 8 15.5 -9
0.000477086 7.5 15.5 -10
4.98954e-05 8 15 -8.5
0.000247948 7.5 15 -10.5
0.000205417 7.5 15 -10
8.33452e-05 7.5 14.5 -11
7.28245e-05 7.5 14.5 -10.5
5.31198e-05 7.5 14.5 -10
3.48044e-05 7.5 14.5 -9.5
0.000202974 7 14.5 -11
0.00012647 7 14.5 -10.5
7.1532e-05 7 14.5 -10
4.90009e-05 7 14 -11
