0.456258
2.10558e-05 -3.5 -4.5 -11.5
2.3903e-05 -3.5 -4.5 -12
3.92995e-05 -3 -4 -11.5
5.55604e-05 -3 -4 -12
4.97406e-05 -3 -4 -12.5
2.89807e-05 -3 -4 -13
3.13137e-05 -3 -3.5 -10.5
6.38176e-05 -3 -3.5 -11
9.26037e-05 -3 -3.5 -11.5
9.2855e-05 -3 -3.5 -12
7.10226e-05 -3 -3.5 -12.5
2.97355e-05 -3 -3.5 -13
2.01696e-05 -3 -3 -10
4.48357e-05 -3 -3 -10.5
8.01837e-05 -3 -3 -11
4.50569e-05 -2.5 -3.5 -12
9.86952e-05 -3 -3 -11.5
7.15771e-05 -2.5 -3.5 -12.5
9.36142e-05 -3 -3 -12
5.87638e-05 -2.5 -3.5 -13
6.72389e-05 -3 -3 -12.5
2.90813e-05 -2.5 -3.5 -13.5
2.04724e-05 -3 -3 -13
2.28361e-05 -2.5 -3 -10.5
9.09285e-05 -2.5 -3 -11
3.58879e-05 -3 -2.5 -10.5
0.000189891 -2.5 -3 -11.5
5.59e-05 -3 -2.5 -11
0.000246705 -2.5 -3 -12
5.54086e-05 -3 -2.5 -11.5
0.00021943 -2.5 -3 -12.5
4.95482e-05 -3 -2.5 -12
0.000122622 -2.5 -3 -13
2.77695e-05 -2.5 -3 -13.5
3.55504e-05 -3 -2.5 -12.5
4.78897e-05 -2.5 -2.5 -10
0.000147872 -2.5 -2.5 -10.5
0.000304864 -2.5 -2.5 -11
0.000421299 -2.5 -2.5 -11.5
0.000415686 -2.5 -2.5 -12
4.53841e-05 -2 -3 -13
0.00031043 -2.5 -2.5 -12.5
3.90964e-05 -2 -3 -13.5
0.00013961 -2.5 -2.5 -13
6.435e-05 -2.5 -2 -10
0.000206014 -2.5 -2 -10.5
8.62768e-05 -2 -2.5 -11.5
0.000378282 -2.5 -2 -11
0.000200721 -2 -2.5 -12
0.000432295 -2.5 -2 -11.5
0.0002795 -2 -2.5 -12.5
0.000407996 -2.5 -2 -12
0.000228596 -2 -2.5 -13
0.000284412 -2.5 -2 -12.5
9.11746e-05 -2 -2.5 -13.5
9.54704e-05 -2.5 -2 -13
4.63804e-05 -2 -2 -10
0.000158711 -2 -2 -10.5
3.74398e-05 -2.5 -1.5 -10
0.000460988 -2 -2 -11
0.00014428 -2.5 -1.5 -10.5
0.000797 -2 -2 -11.5
0.000221166 -2.5 -1.5 -11
0.000908179 -2 -2 -12
0.00022021 -2.5 -1.5 -11.5
0.000774222 -2 -2 -12.5
0.000199734 -2.5 -1.5 -12
0.000401119 -2 -2 -13
0.0001366 -2.5 -1.5 -12.5
9.62843e-05 -2 -2 -13.5
4.57598e-05 -2.5 -1.5 -13
4.07549e-05 -2 -1.5 -9.5
0.00021273 -2 -1.5 -10
0.000655348 -2 -1.5 -10.5
0.00121792 -2 -1.5 -11
4.72397e-05 -1.5 -2 -12
0.00148609 -2 -1.5 -11.5
3.50714e-05 -2.5 -1 -11
0.000137832 -1.5 -2 -12.5
0.00141814 -2 -1.5 -12
3.49548e-05 -2.5 -1 -11.5
0.000167503 -1.5 -2 -13
0.00103374 -2 -1.5 -12.5
0.000104729 -1.5 -2 -13.5
0.000425145 -2 -1.5 -13
3.04599e-05 -2.5 -1 -12.5
2.39068e-05 -1.5 -2 -14
4.91796e-05 -2 -1.5 -13.5
2.33416e-05 -2.5 -1 -13
3.29063e-05 -2.5 -1 -12
4.68189e-05 -2 -1 -9.5
5.70644e-05 -1.5 -1.5 -10.5
0.000284593 -2 -1 -10
0.00027646 -1.5 -1.5 -11
0.000823063 -2 -1 -10.5
0.000648509 -1.5 -1.5 -11.5
0.00135081 -2 -1 -11
0.00094044 -1.5 -1.5 -12
0.00142598 -2 -1 -11.5
0.000895911 -1.5 -1.5 -12.5
0.00134255 -2 -1 -12
0.000598888 -1.5 -1.5 -13
0.00087659 -2 -1 -12.5
0.000192142 -1.5 -1.5 -13.5
0.00026553 -2 -1 -13
2.63812e-05 -2 -1 -13.5
6.08876e-05 -1.5 -1 -9.5
0.000282804 -1.5 -1 -10
0.000977126 -1.5 -1 -10.5
0.000102141 -2 -0.5 -10
0.00200183 -1.5 -1 -11
0.000438637 -2 -0.5 -10.5
0.00265988 -1.5 -1 -11.5
0.000621342 -2 -0.5 -11
0.00261256 -1.5 -1 -12
0.000614401 -2 -0.5 -11.5
4.97182e-05 -1 -1.5 -13
0.00200816 -1.5 -1 -12.5
0.000575357 -2 -0.5 -12
4.76292e-05 -1 -1.5 -13.5
0.000930623 -1.5 -1 -13
0.000387267 -2 -0.5 -12.5
0.000162494 -1.5 -1 -13.5
0.000115105 -2 -0.5 -13
2.82431e-05 -1.5 -0.5 -9
0.000195267 -1.5 -0.5 -9.5
0.000962362 -1.5 -0.5 -10
0.000117431 -1 -1 -11
0.00236959 -1.5 -0.5 -10.5
0.000324635 -1 -1 -11.5
0.00360727 -1.5 -0.5 -11
2.6565e-05 -2 0 -10.5
0.000538023 -1 -1 -12
0.00387204 -1.5 -0.5 -11.5
8.43693e-05 -2 0 -11
0.000591522 -1 -1 -12.5
0.00363229 -1.5 -0.5 -12
8.47434e-05 -2 0 -11.5
0.000458085 -1 -1 -13
0.00245954 -1.5 -0.5 -12.5
8.03287e-05 -2 0 -12
0.000190684 -1 -1 -13.5
0.000884905 -1.5 -0.5 -13
7.89063e-05 -2 0 -12.5
2.58905e-05 -1 -1 -14
6.62416e-05 -1.5 -0.5 -13.5
5.20873e-05 -2 0 -13
4.28869e-05 -1 -0.5 -9.5
0.000251278 -1 -0.5 -10
0.00016515 -1.5 0 -9.5
0.000985628 -1 -0.5 -10.5
0.000989054 -1.5 0 -10
0.00200399 -1 -0.5 -11
0.00242025 -1.5 0 -10.5
0.0027305 -1 -0.5 -11.5
0.00335194 -1.5 0 -11
0.00273976 -1 -0.5 -12
0.00336548 -1.5 0 -11.5
0.00220165 -1 -0.5 -12.5
0.003071 -1.5 0 -12
0.00111575 -1 -0.5 -13
0.0018555 -1.5 0 -12.5
0.000253907 -1 -0.5 -13.5
0.000498286 -1.5 0 -13
2.64017e-05 -1.5 0 -13.5
7.38947e-05 -1 0 -9
0.000431124 -1 0 -9.5
0.0017172 -1 0 -10
4.11566e-05 -0.5 -0.5 -11
0.00385963 -1 0 -10.5
0.000209031 -1.5 0.5 -10
9.09159e-05 -0.5 -0.5 -11.5
0.00576168 -1 0 -11
0.000869898 -1.5 0.5 -10.5
0.000146619 -0.5 -0.5 -12
0.00612618 -1 0 -11.5
0.00113404 -1.5 0.5 -11
0.000193259 -0.5 -0.5 -12.5
0.00570312 -1 0 -12
0.00112689 -1.5 0.5 -11.5
0.000176461 -0.5 -0.5 -13
0.00377447 -1 0 -12.5
0.0010778 -1.5 0.5 -12
9.1607e-05 -0.5 -0.5 -13.5
0.00147934 -1 0 -13
0.000746286 -1.5 0.5 -12.5
2.16573e-05 -0.5 -0.5 -14
0.000176874 -1 0 -13.5
0.000192585 -1.5 0.5 -13
4.08462e-05 -0.5 0 -9.5
0.00010745 -1 0.5 -9
0.00021265 -0.5 0 -10
0.000741281 -1 0.5 -9.5
0.000704694 -0.5 0 -10.5
0.00287702 -1 0.5 -10
0.0013467 -0.5 0 -11
0.00578857 -1 0.5 -10.5
0.00181751 -0.5 0 -11.5
0.00748667 -1 0.5 -11
4.41327e-05 -1.5 1 -10.5
0.00183631 -0.5 0 -12
0.00751873 -1 0.5 -11.5
0.000133922 -1.5 1 -11
0.00150838 -0.5 0 -12.5
0.00671549 -1 0.5 -12
0.000136206 -1.5 1 -11.5
0.000815424 -0.5 0 -13
0.00409042 -1 0.5 -12.5
0.000130425 -1.5 1 -12
0.000227894 -0.5 0 -13.5
0.0011912 -1 0.5 -13
0.000122269 -1.5 1 -12.5
7.80017e-05 -1 0.5 -13.5
7.09809e-05 -1.5 1 -13
0.00011023 -0.5 0.5 -9
0.000614094 -0.5 0.5 -9.5
2.84428e-05 -1 1 -9
0.00209771 -0.5 0.5 -10
0.000401571 -1 1 -9.5
0.00423267 -0.5 0.5 -10.5
0.00223188 -1 1 -10
0.00593673 -0.5 0.5 -11
0.00456282 -1 1 -10.5
0.00618797 -0.5 0.5 -11.5
0.00529854 -1 1 -11
2.8411e-05 0 0 -12.5
0.00570462 -0.5 0.5 -12
0.00525863 -1 1 -11.5
3.0674e-05 0 0 -13
0.0037398 -0.5 0.5 -12.5
0.00460696 -1 1 -12
0.0015045 -0.5 0.5 -13
0.00255668 -1 1 -12.5
0.000226712 -0.5 0.5 -13.5
0.000537497 -1 1 -13
2.95855e-05 -1 1 -13.5
4.28209e-05 -0.5 1 -8.5
2.30854e-05 0 0.5 -9.5
0.000306065 -0.5 1 -9
8.80538e-05 0 0.5 -10
0.00170749 -0.5 1 -9.5
0.000248439 0 0.5 -10.5
0.00486838 -0.5 1 -10
0.000456711 0 0.5 -11
0.00852294 -0.5 1 -10.5
0.000269662 -1 1.5 -10
0.000607236 0 0.5 -11.5
0.0102138 -0.5 1 -11
0.00108424 -1 1.5 -10.5
0.000616062 0 0.5 -12
0.0101555 -0.5 1 -11.5
0.00131282 -1 1.5 -11
0.000545134 0 0.5 -12.5
0.00864858 -0.5 1 -12
0.00131033 -1 1.5 -11.5
0.000330254 0 0.5 -13
0.00509811 -0.5 1 -12.5
0.000114598 0 0.5 -13.5
0.00160064 -0.5 1 -13
0.00013681 -0.5 1 -13.5
0.00017116 -1 1.5 -13
0.00081961 -1 1.5 -12.5
0.00127953 -1 1.5 -12
2.40146e-05 0 1 -8.5
0.000144341 0 1 -9
3.2374e-05 -0.5 1.5 -8.5
0.000664392 0 1 -9.5
0.000283175 -0.5 1.5 -9
0.00175098 0 1 -10
0.00190879 -0.5 1.5 -9.5
0.00311528 0 1 -10.5
0.00565799 -0.5 1.5 -10
0.00407627 0 1 -11
0.00944496 -0.5 1.5 -10.5
0.00416296 0 1 -11.5
0.010434 -0.5 1.5 -11
6.3562e-05 -1 2 -10.5
0.00369651 0 1 -12
0.0102793 -0.5 1.5 -11.5
0.000136773 -1 2 -11
0.00240045 0 1 -12.5
0.00849264 -0.5 1.5 -12
0.00100052 0 1 -13
0.00446313 -0.5 1.5 -12.5
0.000134013 -1 2 -12
0.000180092 0 1 -13.5
5.84802e-05 -0.5 1.5 -13.5
5.2257e-05 -1 2 -13
0.000973707 -0.5 1.5 -13
0.000116504 -1 2 -12.5
0.000137572 -1 2 -11.5
8.68187e-05 0 1.5 -8.5
0.00052982 0 1.5 -9
0.0023016 0 1.5 -9.5
3.64462e-05 -0.5 2 -9
0.00548418 0 1.5 -10
0.00063818 -0.5 2 -9.5
3.55205e-05 0.5 1 -11
0.00865578 0 1.5 -10.5
0.00289643 -0.5 2 -10
7.61307e-05 0.5 1 -11.5
0.00974238 0 1.5 -11
0.00498956 -0.5 2 -10.5
0.000111091 0.5 1 -12
0.00958066 0 1.5 -11.5
0.0053185 -0.5 2 -11
0.000125584 0.5 1 -12.5
0.00782022 0 1.5 -12
0.00525086 -0.5 2 -11.5
9.98514e-05 0.5 1 -13
0.00436165 0 1.5 -12.5
0.00431918 -0.5 2 -12
4.45434e-05 0.5 1 -13.5
0.000149322 0 1.5 -13.5
0.000298576 -0.5 2 -13
0.00138248 0 1.5 -13
0.00203528 -0.5 2 -12.5
2.76884e-05 0.5 1.5 -8.5
0.000132513 0.5 1.5 -9
0.00012228 0 2 -8.5
0.000371969 0.5 1.5 -9.5
0.00084573 0 2 -9
0.000755231 0.5 1.5 -10
0.0036183 0 2 -9.5
0.00124993 0.5 1.5 -10.5
0.00797313 0 2 -10
0.0016058 0.5 1.5 -11
0.011618 0 2 -10.5
0.000305957 -0.5 2.5 -10
0.00162034 0.5 1.5 -11.5
0.0123018 0 2 -11
0.000809296 -0.5 2.5 -10.5
0.00143951 0.5 1.5 -12
0.0119015 0 2 -11.5
0.0010298 0.5 1.5 -12.5
0.00914358 0 2 -12
0.000904765 -0.5 2.5 -11.5
0.000486147 0.5 1.5 -13
0.00464013 0 2 -12.5
0.000102507 0.5 1.5 -13.5
7.42342e-05 0 2 -13.5
5.97504e-05 -0.5 2.5 -13
0.00107341 0 2 -13
0.00044531 -0.5 2.5 -12.5
0.000843719 -0.5 2.5 -12
0.000909464 -0.5 2.5 -11
2.01225e-05 0.5 2 -8
0.000126897 0.5 2 -8.5
0.000698377 0.5 2 -9
4.96067e-05 0 2.5 -8.5
0.00215028 0.5 2 -9.5
0.000521298 0 2.5 -9
0.0042243 0.5 2 -10
0.00297954 0 2.5 -9.5
0.00601276 0.5 2 -10.5
0.00688277 0 2.5 -10
0.00643866 0.5 2 -11
0.00943068 0 2.5 -10.5
0.00620094 0.5 2 -11.5
0.00479626 0.5 2 -12
0.00920814 0 2.5 -11.5
7.77953e-05 -0.5 3 -11
0.00265495 0.5 2 -12.5
0.00085412 0.5 2 -13
8.89205e-05 0.5 2 -13.5
2.60221e-05 0 2.5 -13.5
2.14069e-05 -0.5 3 -13
0.000382307 0 2.5 -13
5.50146e-05 -0.5 3 -12.5
0.00281674 0 2.5 -12.5
7.62282e-05 -0.5 3 -12
0.00661976 0 2.5 -12
7.80469e-05 -0.5 3 -11.5
0.00963238 0 2.5 -11
5.44993e-05 -0.5 3 -10.5
4.08419e-05 0.5 2.5 -8
2.81779e-05 1 2 -9
0.000263988 0.5 2.5 -8.5
5.87084e-05 1 2 -9.5
0.00141624 0.5 2.5 -9
0.00012268 1 2 -10
0.00416273 0.5 2.5 -9.5
5.78814e-05 0 3 -9
0.000239974 1 2 -10.5
0.00778932 0.5 2.5 -10
0.000709063 0 3 -9.5
0.000330724 1 2 -11
0.0102011 0.5 2.5 -10.5
0.00228842 0 3 -10
0.000357957 1 2 -11.5
0.0104165 0.5 2.5 -11
0.00317115 0 3 -10.5
0.00034635 1 2 -12
0.00978498 0.5 2.5 -11.5
0.00323084 0 3 -11
0.000290208 1 2 -12.5
0.00690723 0.5 2.5 -12
0.000175811 1 2 -13
5.16707e-05 1 2 -13.5
0.000720294 0.5 2.5 -13
0.000756764 0 3 -12.5
6.27173e-05 0.5 2.5 -13.5
6.1816e-05 0 3 -13
0.00326216 0.5 2.5 -12.5
0.00220305 0 3 -12
0.00314334 0 3 -11.5
2.57715e-05 1 2.5 -8
0.000148947 1 2.5 -8.5
3.14257e-05 0.5 3 -8
0.00053663 1 2.5 -9
0.000257744 0.5 3 -8.5
0.0011876 1 2.5 -9.5
0.00162004 0.5 3 -9
0.00196764 1 2.5 -10
0.00485573 0.5 3 -9.5
0.00257703 1 2.5 -10.5
0.00844237 0.5 3 -10
0.00267224 1 2.5 -11
0.00995064 0.5 3 -10.5
0.000202281 0 3.5 -10
0.002506 1 2.5 -11.5
0.00995306 0.5 3 -11
0.00196184 1 2.5 -12
0.00886238 0.5 3 -11.5
0.00115424 1 2.5 -12.5
0.00572674 0.5 3 -12
0.000363763 0 3.5 -11.5
0.000405359 1 2.5 -13
0.00227107 0.5 3 -12.5
2.78077e-05 0.5 3 -13.5
4.79956e-05 1 2.5 -13.5
0.000312858 0.5 3 -13
0.000106322 0 3.5 -12.5
0.000291073 0 3.5 -12
0.000367114 0 3.5 -11
0.000350772 0 3.5 -10.5
3.3947e-05 0 3.5 -9.5
7.01153e-05 1 3 -8
0.000396551 1 3 -8.5
0.00156982 1 3 -9
7.70449e-05 0.5 3.5 -8.5
0.00356667 1 3 -9.5
0.000770268 0.5 3.5 -9
0.00566795 1 3 -10
0.00272024 0.5 3.5 -9.5
0.00654927 1 3 -10.5
0.00478845 0.5 3.5 -10
0.00575717 1 3 -11.5
0.00544062 0.5 3.5 -11
4.74116e-05 1.5 2.5 -12.5
0.00378278 1 3 -12
0.00475342 0.5 3.5 -11.5
4.44685e-05 1.5 2.5 -13
2.11144e-05 0 4 -12
0.00165128 1 3 -12.5
3.48609e-05 1 3 -13.5
8.5953e-05 0.5 3.5 -13
0.000331617 1 3 -13
0.000764309 0.5 3.5 -12.5
0.00270443 0.5 3.5 -12
2.22055e-05 0 4 -11.5
2.21245e-05 0 4 -11
0.00652314 1 3 -11
0.00542519 0.5 3.5 -10.5
2.83989e-05 1.5 3 -8
9.71666e-05 1.5 3 -8.5
0.000102842 1 3.5 -8
0.000173285 1.5 3 -9
0.00064186 1 3.5 -8.5
0.000307628 1.5 3 -9.5
0.00231592 1 3.5 -9
0.000485062 1.5 3 -10
0.00482771 1 3.5 -9.5
8.6532e-05 0.5 4 -9
0.000627457 1.5 3 -10.5
0.0069015 1 3.5 -10
0.000640185 1.5 3 -11
0.00735956 1 3.5 -10.5
0.000604365 1.5 3 -11.5
0.00715708 1 3.5 -11
0.000506679 1.5 3 -12
0.00565591 1 3.5 -11.5
0.000345791 1.5 3 -12.5
0.00013625 1.5 3 -13
0.000169452 1 3.5 -13
0.000108861 0.5 4 -12.5
0.00121115 1 3.5 -12.5
0.000535383 0.5 4 -12
0.00331648 1 3.5 -12
0.00101648 0.5 4 -11.5
0.00112763 0.5 4 -11
0.00110247 0.5 4 -10.5
0.000936859 0.5 4 -10
0.000476946 0.5 4 -9.5
9.8e-05 1.5 3.5 -8
0.000427754 1.5 3.5 -8.5
5.81363e-05 1 4 -8
0.00109655 1.5 3.5 -9
0.000462053 1 4 -8.5
0.00199339 1.5 3.5 -9.5
0.00180934 1 4 -9
0.00273591 1.5 3.5 -10
0.00365479 1 4 -9.5
0.00290108 1.5 3.5 -10.5
0.00279794 1.5 3.5 -11
6.06658e-05 0.5 4.5 -11
0.00225708 1.5 3.5 -11.5
0.00143782 1.5 3.5 -12
0.000604614 1.5 3.5 -12.5
0.00185787 1 4 -12
0.000124036 1.5 3.5 -13
0.000467278 1 4 -12.5
6.1673e-05 1 4 -13
3.90142e-05 0.5 4.5 -12
6.03308e-05 0.5 4.5 -11.5
0.00371078 1 4 -11.5
0.00494099 1 4 -11
5.94081e-05 0.5 4.5 -10.5
0.0051232 1 4 -10.5
4.58133e-05 0.5 4.5 -10
0.00492653 1 4 -10
3.22925e-05 1.5 4 -7.5
0.000189937 1.5 4 -8
0.000826395 1.5 4 -8.5
0.00201904 1.5 4 -9
0.00345009 1.5 4 -9.5
3.95263e-05 2 3.5 -10.5
0.00422439 1.5 4 -10
4.45012e-05 2 3.5 -11
0.00427041 1.5 4 -10.5
0.0016308 1 4.5 -10
0.00170293 1 4.5 -10.5
7.01681e-05 2 3.5 -11.5
0.00163384 1 4.5 -11
8.57834e-05 2 3.5 -12
7.6027e-05 2 3.5 -12.5
0.00141595 1.5 4 -12
3.04716e-05 2 3.5 -13
0.000445281 1.5 4 -12.5
7.34941e-05 1.5 4 -13
0.000113308 1 4.5 -12.5
0.000479022 1 4.5 -12
0.0011351 1 4.5 -11.5
0.00276975 1.5 4 -11.5
0.00391929 1.5 4 -11
0.00125645 1 4.5 -9.5
0.000645648 1 4.5 -9
0.000148498 1 4.5 -8.5
2.05757e-05 2 4 -7.5
9.52518e-05 2 4 -8
3.24359e-05 1.5 4.5 -7.5
0.000254458 2 4 -8.5
0.000231516 1.5 4.5 -8
0.000449926 2 4 -9
0.000837991 1.5 4.5 -8.5
0.000620514 2 4 -9.5
0.00183362 1.5 4.5 -9
4.8088e-05 1 5 -9
0.000717397 2 4 -10
0.000718068 2 4 -10.5
0.00322056 1.5 4.5 -10
0.000649535 2 4 -11
0.00284859 1.5 4.5 -11
0.000163997 1 5 -11
0.000356879 2 4 -12
0.000112693 1 5 -11.5
5.48275e-05 1 5 -12
0.000162734 2 4 -12.5
2.85963e-05 2 4 -13
2.45057e-05 1.5 4.5 -13
0.000202588 1.5 4.5 -12.5
0.000844414 1.5 4.5 -12
0.00188257 1.5 4.5 -11.5
0.000518945 2 4 -11.5
0.00016958 1 5 -10.5
0.00323086 1.5 4.5 -10.5
0.000154207 1 5 -10
0.000105628 1 5 -9.5
0.00281595 1.5 4.5 -9.5
5.69418e-05 2 4.5 -7.5
0.000256336 2 4.5 -8
0.000682518 2 4.5 -8.5
0.000122456 1.5 5 -8
0.00122861 2 4.5 -9
0.00048297 1.5 5 -8.5
0.00166956 2 4.5 -9.5
0.000953356 1.5 5 -9
0.00177884 2 4.5 -10
0.00142551 2 4.5 -11
0.000916537 2 4.5 -11.5
0.000422383 2 4.5 -12
0.000282326 1.5 5 -12
5.55167e-05 1.5 5 -12.5
0.000125094 2 4.5 -12.5
0.000705909 1.5 5 -11.5
0.00119275 1.5 5 -11
0.00146258 1.5 5 -10.5
0.00173487 2 4.5 -10.5
0.00147574 1.5 5 -10
0.00133726 1.5 5 -9.5
4.15527e-05 2.5 4.5 -8
8.95664e-05 2 5 -7.5
6.66696e-05 2.5 4.5 -8.5
0.000327012 2 5 -8
9.68828e-05 2.5 4.5 -9
0.000698136 2 5 -8.5
0.000120602 2.5 4.5 -9.5
0.00112421 2 5 -9
6.50547e-05 1.5 5.5 -8.5
0.000128544 2.5 4.5 -10
0.000208822 1.5 5.5 -9.5
0.000120939 2.5 4.5 -10.5
0.00024828 1.5 5.5 -10
0.00150417 2 5 -10
0.000105064 2.5 4.5 -11
0.000198703 1.5 5.5 -11
8.48424e-05 2.5 4.5 -11.5
6.09441e-05 2.5 4.5 -12
2.3988e-05 2.5 4.5 -12.5
0.000273112 2 5 -12
5.39898e-05 2 5 -12.5
2.28758e-05 1.5 5.5 -12.5
5.02673e-05 1.5 5.5 -12
0.000111284 1.5 5.5 -11.5
0.000662137 2 5 -11.5
0.00112216 2 5 -11
0.000250156 1.5 5.5 -10.5
0.00145319 2 5 -10.5
0.00143406 2 5 -9.5
0.000137687 1.5 5.5 -9
6.99249e-05 2.5 5 -7.5
0.000177665 2.5 5 -8
0.000316263 2.5 5 -8.5
0.000220578 2 5.5 -8
0.000439319 2.5 5 -9
0.000483176 2.5 5 -9.5
0.000710474 2 5.5 -9
0.000477248 2.5 5 -10
0.000836412 2 5.5 -9.5
0.00043029 2.5 5 -10.5
0.000852006 2 5.5 -10
0.000523289 2 5.5 -11
9.0286e-05 2.5 5 -12
2.64362e-05 2.5 5 -12.5
2.7586e-05 2 5.5 -12.5
0.000100014 2 5.5 -12
0.000275207 2 5.5 -11.5
0.000204846 2.5 5 -11.5
0.000331193 2.5 5 -11
0.00076194 2 5.5 -10.5
0.000468366 2 5.5 -8.5
6.00139e-05 2 5.5 -7.5
2.05667e-05 2.5 5.5 -7
9.23354e-05 2.5 5.5 -7.5
0.000229424 2.5 5.5 -8
0.000400975 2.5 5.5 -8.5
3.54179e-05 2 6 -8
0.000571586 2.5 5.5 -9.5
0.000145725 2 6 -9
0.000447715 2.5 5.5 -10.5
0.000201156 2 6 -10
0.000112449 2 6 -11
0.000299277 2.5 5.5 -11
6.0544e-05 2 6 -11.5
0.000161138 2.5 5.5 -11.5
5.83844e-05 2.5 5.5 -12
0.000182037 2 6 -10.5
0.000557889 2.5 5.5 -10
0.000188876 2 6 -9.5
0.000532935 2.5 5.5 -9
3.31379e-05 3 5.5 -7.5
5.56161e-05 3 5.5 -8
5.93038e-05 2.5 6 -7.5
6.85181e-05 3 5.5 -8.5
7.58494e-05 3 5.5 -9
7.45911e-05 3 5.5 -9.5
0.000327399 2.5 6 -9
6.68698e-05 3 5.5 -10
0.000353525 2.5 6 -9.5
5.26351e-05 3 5.5 -10.5
0.000343632 2.5 6 -10
2.14192e-05 3 5.5 -11.5
6.85116e-05 2.5 6 -11.5
0.000156384 2.5 6 -11
3.82518e-05 3 5.5 -11
0.000267826 2.5 6 -10.5
0.000250632 2.5 6 -8.5
4.12952e-05 3 6 -7.5
8.86262e-05 3 6 -8
0.000153045 3 6 -9
4.85753e-05 2.5 6.5 -8.5
8.87543e-05 2.5 6.5 -9.5
0.00015345 3 6 -9.5
6.9254e-05 2.5 6.5 -10.5
9.75231e-05 3 6 -10.5
2.17738e-05 3 6 -11.5
3.72594e-05 2.5 6.5 -11
4.56271e-05 3 6.5 -8
8.90445e-05 3 6.5 -9.5
7.99665e-05 3 6.5 -10
5.39401e-05 3 6.5 -10.5
2.63756e-05 3 6.5 -11
8.66944e-05 3 6.5 -9
2.08904e-05 3.5 6.5 -9
7.24655e-05 3 6.5 -8.5
5.29991e-05 3 6 -11
8.74762e-05 2.5 6.5 -10
0.000136229 3 6 -10
7.59908e-05 2.5 6.5 -9
0.000131814 3 6 -8.5
0.000149312 2.5 6 -8
8.98829e-05 2 6 -8.5
