0.742196
2.49513e-05 -5 -10 -16.5
2.17509e-05 -5 -10 -16
2.13056e-05 -5.5 -11 -15.5
4.97611e-05 -5 -10.5 -15.5
6.58499e-05 -5 -10.5 -17
4.40876e-05 -5 -10.5 -17.5
8.15804e-05 -5 -10.5 -16.5
7.44012e-05 -5 -10.5 -16
2.14948e-05 -5 -10.5 -15
4.33738e-05 -4.5 -10 -15.5
0.000106538 -4.5 -10 -16
0.00014906 -4.5 -10 -18
3.20061e-05 -4.5 -10 -19
8.44971e-05 -4.5 -10 -18.5
0.000190665 -4.5 -10 -17.5
0.000197177 -4.5 -10 -17
0.000168922 -4.5 -10 -16.5
5.96588e-05 -5 -11 -15
3.06401e-05 -5.5 -11.5 -14.5
5.28218e-05 -5.5 -11.5 -15
0.000107511 -5 -11 -15.5
9.49362e-05 -4.5 -10.5 -15.5
5.15142e-05 -5.5 -11.5 -16
0.000225269 -4.5 -10.5 -16.5
0.000135731 -5 -11 -16
0.000217626 -4.5 -10.5 -17.5
0.000121757 -5 -11 -17
4.05569e-05 -5 -11 -18
0.000152097 -4.5 -10.5 -18
2.58349e-05 -4.5 -10.5 -19
8.00403e-05 -4.5 -10.5 -18.5
8.19645e-05 -5 -11 -17.5
3.68204e-05 -5.5 -11.5 -16.5
0.000250078 -4.5 -10.5 -17
0.000142112 -5 -11 -16.5
6.20734e-05 -5.5 -11.5 -15.5
0.000176885 -4.5 -10.5 -16
2.98788e-05 -4.5 -10.5 -15
4.94366e-05 -4 -10 -15.5
0.000136532 -4 -10 -16
0.000236673 -4 -10 -16.5
0.000302014 -4 -10 -17
0.000327886 -4 -10 -17.5
0.000112543 -4.5 -9.5 -17
0.000297457 -4 -10 -18
0.000208297 -4 -10 -18.5
8.67195e-05 -4.5 -9.5 -18
9.99097e-05 -4 -10 -19
2.72298e-05 -4 -10 -19.5
4.89829e-05 -4.5 -9.5 -18.5
0.000113505 -4.5 -9.5 -17.5
8.79791e-05 -4.5 -9.5 -16.5
4.3316e-05 -4.5 -9.5 -16
2.30242e-05 -6 -12.5 -13.5
3.60195e-05 -5.5 -12 -14
7.24417e-05 -4.5 -11 -15
5.19415e-05 -5 -11.5 -14.5
3.55189e-05 -6 -12.5 -14
6.99709e-05 -5.5 -12 -14.5
0.000107031 -5 -11.5 -15
0.00014385 -4.5 -11 -15.5
5.83217e-05 -4 -10.5 -15.5
4.20077e-05 -6 -12.5 -14.5
9.49965e-05 -5.5 -12 -15
4.03193e-05 -6 -12.5 -15
0.000180134 -5 -11.5 -16
0.000104403 -5.5 -12 -15.5
0.000227306 -4 -10.5 -16.5
0.000211438 -4.5 -11 -16
3.30834e-05 -6 -12.5 -15.5
9.66435e-05 -5.5 -12 -16
0.00013335 -5 -11.5 -17
7.01562e-05 -5.5 -12 -16.5
0.00027795 -4 -10.5 -17.5
0.000244565 -4.5 -11 -17
3.92956e-05 -5.5 -12 -17
0.00022652 -4 -10.5 -18
0.000122677 -4.5 -11 -18
3.85143e-05 -5 -11.5 -18
5.35408e-05 -4 -10.5 -19
5.81513e-05 -4.5 -11 -18.5
0.000136232 -4 -10.5 -18.5
8.12449e-05 -5 -11.5 -17.5
0.000192103 -4.5 -11 -17.5
0.00017661 -5 -11.5 -16.5
0.000276749 -4 -10.5 -17
0.000238929 -4.5 -11 -16.5
0.00015386 -5 -11.5 -15.5
0.000135149 -4 -10.5 -16
3.52604e-05 -3.5 -10 -16
8.78977e-05 -3.5 -10 -16.5
7.84777e-05 -4 -9.5 -16
0.000160629 -3.5 -10 -17
0.000186359 -4 -9.5 -16.5
0.000210323 -3.5 -10 -17.5
3.52404e-05 -4.5 -9 -17
0.000292983 -4 -9.5 -17
0.000212444 -3.5 -10 -18
0.000174335 -3.5 -10 -18.5
0.000101253 -3.5 -10 -19
0.000243508 -4 -9.5 -18.5
2.8283e-05 -4.5 -9 -18
3.12607e-05 -3.5 -10 -19.5
5.01269e-05 -4 -9.5 -19.5
0.000140097 -4 -9.5 -19
0.000317859 -4 -9.5 -18
3.74512e-05 -4.5 -9 -17.5
0.000333914 -4 -9.5 -17.5
2.58897e-05 -4.5 -9 -16.5
2.11718e-05 -6.5 -13.5 -12.5
2.65021e-05 -6 -13 -13
3.35574e-05 -5.5 -12.5 -13.5
3.84454e-05 -5 -12 -14
2.94784e-05 -6.5 -13.5 -13
4.99717e-05 -6 -13 -13.5
7.19117e-05 -5.5 -12.5 -14
9.00783e-05 -5 -12 -14.5
7.66283e-05 -4.5 -11.5 -15
3.30277e-05 -6.5 -13.5 -13.5
6.61766e-05 -6 -13 -14
0.000105396 -5.5 -12.5 -14.5
0.000137375 -5 -12 -15
2.38312e-05 -3.5 -10.5 -16
3.08322e-05 -6.5 -13.5 -14
7.45468e-05 -6 -13 -14.5
0.000123152 -5.5 -12.5 -15
0.000199108 -4.5 -11.5 -16
0.000169523 -5 -12 -15.5
5.0263e-05 -3.5 -10.5 -16.5
0.000109637 -4 -11 -16
2.38523e-05 -6.5 -13.5 -14.5
0.000129397 -5.5 -12.5 -15.5
0.000181637 -5 -12 -16
6.87276e-05 -6 -13 -15
5.4089e-05 -6 -13 -15.5
0.000106107 -5.5 -12.5 -16
9.67352e-05 -3.5 -10.5 -17.5
0.000197686 -4.5 -11.5 -17
0.000159379 -5 -12 -16.5
0.000183411 -4 -11 -17
9.30573e-05 -3.5 -10.5 -18
7.06517e-05 -5.5 -12.5 -16.5
0.00011255 -5 -12 -17
3.53202e-05 -6 -13 -16
0.000125486 -4 -11 -18
3.83287e-05 -5.5 -12.5 -17
7.21399e-05 -4.5 -11.5 -18
2.8912e-05 -3.5 -10.5 -19
2.34871e-05 -5 -12 -18
2.407e-05 -4.5 -11.5 -18.5
6.48564e-05 -4 -11 -18.5
6.12206e-05 -5 -12 -17.5
7.15819e-05 -3.5 -10.5 -18.5
0.000138073 -4.5 -11.5 -17.5
0.000173925 -4 -11 -17.5
0.000219653 -4.5 -11.5 -16.5
7.67969e-05 -3.5 -10.5 -17
0.000163247 -4 -11 -16.5
0.00014513 -4.5 -11.5 -15.5
5.21092e-05 -4 -11 -15.5
3.09234e-05 -4.5 -11.5 -14.5
4.28321e-05 -3.5 -9.5 -16
0.00011955 -3.5 -9.5 -16.5
3.24089e-05 -4 -9 -16
0.000237114 -3.5 -9.5 -17
0.000106533 -4 -9 -16.5
0.000339291 -3.5 -9.5 -17.5
0.000358853 -3.5 -9.5 -18
0.000314018 -3.5 -9.5 -18.5
0.000206029 -3.5 -9.5 -19
8.60703e-05 -3.5 -9.5 -19.5
5.70887e-05 -4 -9 -19.5
0.000147122 -4 -9 -19
0.000237935 -4 -9 -18.5
0.000285028 -4 -9 -18
0.00027509 -4 -9 -17.5
2.5135e-05 -6.5 -14 -12
2.65487e-05 -6 -13.5 -12.5
2.58183e-05 -5.5 -13 -13
2.82316e-05 -7 -14.5 -12
4.0344e-05 -6.5 -14 -12.5
5.30718e-05 -6 -13.5 -13
6.30656e-05 -5.5 -13 -13.5
4.97825e-05 -5 -12.5 -14
2.90964e-05 -7 -14.5 -12.5
5.00408e-05 -6.5 -14 -13
7.44001e-05 -6 -13.5 -13.5
9.33313e-05 -5.5 -13 -14
9.40506e-05 -5 -12.5 -14.5
2.4424e-05 -7 -14.5 -13
5.41336e-05 -6.5 -14 -13.5
8.32753e-05 -6 -13.5 -14
0.000115255 -5.5 -13 -14.5
3.60892e-05 -4 -11.5 -15.5
0.000134075 -5 -12.5 -15
6.8318e-05 -4.5 -12 -15
4.78631e-05 -6.5 -14 -14
8.57216e-05 -6 -13.5 -14.5
0.000155353 -5 -12.5 -15.5
0.000140298 -4.5 -12 -16
0.000124094 -5.5 -13 -15
6.4516e-05 -4 -11.5 -16
3.48977e-05 -6.5 -14 -14.5
7.12656e-05 -6 -13.5 -15
0.000116323 -5.5 -13 -15.5
0.000155998 -5 -12.5 -16
9.17182e-05 -4 -11.5 -17
5.14125e-05 -6 -13.5 -15.5
0.000119657 -5 -12.5 -16.5
0.000120399 -4.5 -12 -17
9.02786e-05 -5.5 -13 -16
3.18506e-05 -6 -13.5 -16
5.48187e-05 -5.5 -13 -16.5
7.54179e-05 -5 -12.5 -17
4.64102e-05 -4 -11.5 -18
3.26972e-05 -4.5 -12 -18
3.37204e-05 -5 -12.5 -17.5
2.30109e-05 -5.5 -13 -17
7.32904e-05 -4.5 -12 -17.5
7.81742e-05 -4 -11.5 -17.5
2.60107e-05 -3.5 -11 -17.5
0.000154273 -4.5 -12 -16.5
8.54106e-05 -4 -11.5 -16.5
0.000114778 -4.5 -12 -15.5
3.01449e-05 -4.5 -12 -14.5
0.000205056 -4 -9 -17
3.79233e-05 -3.5 -9 -16
3.66509e-05 -3 -9.5 -17
0.000126226 -3.5 -9 -16.5
6.42309e-05 -3 -9.5 -17.5
0.00026326 -3.5 -9 -17
7.99891e-05 -3 -9.5 -18
0.000383781 -3.5 -9 -17.5
9.06174e-05 -3 -9.5 -18.5
0.000439841 -3.5 -9 -18
7.38132e-05 -3 -9.5 -19
0.000404809 -3.5 -9 -18.5
3.92104e-05 -3 -9.5 -19.5
0.00030897 -3.5 -9 -19
3.95545e-05 -4 -8.5 -19.5
0.000150512 -3.5 -9 -19.5
3.91155e-05 -3.5 -9 -20
9.64922e-05 -4 -8.5 -19
0.000143805 -4 -8.5 -18.5
0.00016721 -4 -8.5 -18
3.10525e-05 -7 -15 -11.5
4.24814e-05 -6.5 -14.5 -12
4.67871e-05 -6 -14 -12.5
3.76339e-05 -5.5 -13.5 -13
2.07673e-05 -5 -13 -13.5
3.61751e-05 -7 -15 -12
5.25787e-05 -6.5 -14.5 -12.5
6.69277e-05 -6 -14 -13
6.3452e-05 -5.5 -13.5 -13.5
4.62255e-05 -5 -13 -14
3.41965e-05 -7 -15 -12.5
5.7032e-05 -6.5 -14.5 -13
7.67718e-05 -6 -14 -13.5
9.05128e-05 -5.5 -13.5 -14
7.79852e-05 -5 -13 -14.5
2.49527e-05 -4.5 -12.5 -14.5
2.90788e-05 -7 -15 -13
5.52994e-05 -6.5 -14.5 -13.5
8.18147e-05 -6 -14 -14
0.000103667 -5.5 -13.5 -14.5
2.05378e-05 -7 -15 -13.5
4.60665e-05 -6.5 -14.5 -14
7.46645e-05 -6 -14 -14.5
0.000106452 -5.5 -13.5 -15
0.000113674 -5 -13 -15.5
6.91755e-05 -4.5 -12.5 -15.5
3.15022e-05 -6.5 -14.5 -14.5
5.88902e-05 -6 -14 -15
2.85516e-05 -4 -12 -16.5
8.4214e-05 -5.5 -13.5 -15.5
7.41358e-05 -4.5 -12.5 -16.5
3.53185e-05 -6 -14 -15.5
5.49904e-05 -5.5 -13.5 -16
6.43513e-05 -5 -13 -16.5
5.2644e-05 -4.5 -12.5 -17
2.66059e-05 -4 -12 -17
2.66128e-05 -5.5 -13.5 -16.5
2.8037e-05 -4.5 -12.5 -17.5
3.24951e-05 -5 -13 -17
2.58241e-05 -4 -12 -17.5
9.77086e-05 -5 -13 -16
7.5473e-05 -4.5 -12.5 -16
0.000100899 -5 -13 -15
4.84061e-05 -4.5 -12.5 -15
0.000158182 -4 -8.5 -17.5
0.000108227 -4 -8.5 -17
4.37125e-05 -4 -8.5 -16.5
2.17617e-05 -3 -9 -16.5
7.43827e-05 -3 -9 -17
7.4762e-05 -3.5 -8.5 -16.5
0.000147419 -3 -9 -17.5
0.000212134 -3.5 -8.5 -17
0.0002031 -3 -9 -18
0.000236414 -3 -9 -18.5
0.000460756 -3.5 -8.5 -18
5.55943e-05 -4 -8 -17.5
0.000208241 -3 -9 -19
0.000124576 -3 -9 -19.5
4.2137e-05 -3 -9 -20
0.000204483 -3.5 -8.5 -19.5
6.87694e-05 -3.5 -8.5 -20
2.96656e-05 -6.5 -15 -11.5
2.71389e-05 -6 -14.5 -12
3.22281e-05 -7 -15.5 -11.5
4.37863e-05 -6.5 -15 -12
4.70697e-05 -6 -14.5 -12.5
3.74734e-05 -5.5 -14 -13
3.54509e-05 -4 -8 -19
0.000351717 -3.5 -8.5 -19
5.099e-05 -6.5 -15 -12.5
6.17764e-05 -6 -14.5 -13
3.41896e-05 -7 -15.5 -12
5.54346e-05 -5.5 -14 -13.5
2.95417e-05 -7 -15.5 -12.5
5.26772e-05 -6.5 -15 -13
6.7931e-05 -6 -14.5 -13.5
6.73001e-05 -5.5 -14 -14
3.30565e-05 -5 -13.5 -14
2.41357e-05 -7 -15.5 -13
4.48282e-05 -6.5 -15 -13.5
7.41675e-05 -5.5 -14 -14.5
3.17106e-05 -6.5 -15 -14
6.31702e-05 -5.5 -14 -15
5.09459e-05 -6 -14.5 -14.5
5.42671e-05 -5 -13.5 -15
3.51506e-05 -6 -14.5 -15
4.08302e-05 -5.5 -14 -15.5
2.13324e-05 -4.5 -13 -16
2.29036e-05 -6 -14.5 -15.5
3.68014e-05 -5 -13.5 -16
5.45955e-05 -5 -13.5 -15.5
6.45333e-05 -6 -14.5 -14
4.68359e-05 -5 -13.5 -14.5
4.79169e-05 -4 -8 -18.5
0.000427229 -3.5 -8.5 -18.5
5.60536e-05 -4 -8 -18
0.000381075 -3.5 -8.5 -17.5
3.34105e-05 -4 -8 -17
2.99347e-05 -3 -8.5 -16.5
0.000118949 -3 -8.5 -17
3.21693e-05 -3.5 -8 -16.5
0.00025061 -3 -8.5 -17.5
0.000376319 -3 -8.5 -18
0.000435176 -3 -8.5 -18.5
0.000381395 -3.5 -8 -18
0.000400422 -3 -8.5 -19
0.000257143 -3 -8.5 -19.5
0.000101058 -3 -8.5 -20
0.000216376 -3.5 -8 -19.5
8.3283e-05 -3.5 -8 -20
2.07198e-05 -7.5 -16.5 -10.5
2.37927e-05 -6 -15 -12
2.80073e-05 -6.5 -15.5 -11.5
2.68593e-05 -7 -16 -11.5
4.01632e-05 -6 -15 -12.5
3.67145e-05 -6.5 -15.5 -12
2.35629e-05 -7.5 -16.5 -11.5
3.7874e-05 -6.5 -15.5 -12.5
2.65017e-05 -7 -16 -12
4.62201e-05 -6 -15 -13
2.96704e-05 -5.5 -14.5 -13.5
2.05382e-05 -7.5 -16.5 -12
2.20619e-05 -7 -16 -12.5
3.22404e-05 -6.5 -15.5 -13
4.56268e-05 -6 -15 -13.5
3.69132e-05 -5.5 -14.5 -14
2.50649e-05 -6.5 -15.5 -13.5
3.60988e-05 -6 -15 -14
3.55972e-05 -5.5 -14.5 -14.5
2.4103e-05 -5.5 -14.5 -15
2.1592e-05 -6 -15 -14.5
0.000349648 -3.5 -8 -19
0.00041276 -3.5 -8 -18.5
0.000268663 -3.5 -8 -17.5
0.00012522 -3.5 -8 -17
3.22096e-05 -3 -8 -16.5
0.000137891 -3 -8 -17
4.09021e-05 -2.5 -8.5 -18
0.000307872 -3 -8 -17.5
6.30383e-05 -2.5 -8.5 -18.5
0.000488647 -3 -8 -18
7.0934e-05 -2.5 -8.5 -19
0.000567122 -3 -8 -18.5
0.000235874 -3.5 -7.5 -18
6.53657e-05 -2.5 -8.5 -19.5
0.000537823 -3 -8 -19
3.36897e-05 -2.5 -8.5 -20
0.000383017 -3 -8 -19.5
0.000184289 -3 -8 -20
0.00015101 -3.5 -7.5 -19.5
4.35447e-05 -3 -8 -20.5
2.18858e-05 -7 -16.5 -11.5
6.7624e-05 -3.5 -7.5 -20
0.000216389 -3.5 -7.5 -19
0.000245329 -3.5 -7.5 -18.5
0.000155625 -3.5 -7.5 -17.5
5.95253e-05 -3.5 -7.5 -17
5.88178e-05 -2.5 -8 -17.5
9.94155e-05 -3 -7.5 -17
0.000129015 -2.5 -8 -18
0.000293991 -3 -7.5 -17.5
0.000194054 -2.5 -8 -18.5
0.000210465 -2.5 -8 -19
0.000606883 -3 -7.5 -18.5
0.000198163 -2.5 -8 -19.5
0.000120548 -2.5 -8 -20
4.25823e-05 -2.5 -8 -20.5
7.87203e-05 -3 -7.5 -20.5
2.13363e-05 -3 -7.5 -21
2.78968e-05 -3.5 -7 -20
0.000249156 -3 -7.5 -20
5.70323e-05 -3.5 -7 -19.5
0.000447623 -3 -7.5 -19.5
8.20867e-05 -3.5 -7 -19
0.000585203 -3 -7.5 -19
9.53548e-05 -3.5 -7 -18.5
9.18334e-05 -3.5 -7 -18
0.000498861 -3 -7.5 -18
4.9929e-05 -3.5 -7 -17.5
2.81595e-05 -2.5 -7.5 -17
0.000111213 -2.5 -7.5 -17.5
0.000275584 -2.5 -7.5 -18
0.000408908 -2.5 -7.5 -18.5
0.000435778 -2.5 -7.5 -19
0.000409336 -2.5 -7.5 -19.5
0.000265732 -2.5 -7.5 -20
0.000103007 -2.5 -7.5 -20.5
2.60342e-05 -2.5 -7.5 -21
0.000101151 -3 -7 -20.5
2.18227e-05 -3 -7 -21
0.000277092 -3 -7 -20
0.00045768 -3 -7 -19.5
0.00052849 -3 -7 -19
0.000513928 -3 -7 -18.5
0.000371365 -3 -7 -18
0.000181075 -3 -7 -17.5
4.47806e-05 -3 -7 -17
3.51116e-05 -2.5 -7 -17
0.000150935 -2.5 -7 -17.5
0.000394282 -2.5 -7 -18
0.000604732 -2.5 -7 -18.5
2.56401e-05 -2 -7.5 -19.5
0.000656422 -2.5 -7 -19
2.34698e-05 -2 -7.5 -20
0.000615874 -2.5 -7 -19.5
0.000433751 -2.5 -7 -20
4.42371e-05 -2.5 -7 -21
9.96093e-05 -3 -6.5 -20.5
2.21477e-05 -3 -6.5 -21
0.000202128 -2.5 -7 -20.5
0.000210439 -3 -6.5 -20
0.000309367 -3 -6.5 -19.5
0.000345562 -3 -6.5 -19
0.000340299 -3 -6.5 -18.5
0.000231005 -3 -6.5 -18
8.89816e-05 -3 -6.5 -17.5
2.944e-05 -2.5 -6.5 -17
4.4223e-05 -2 -7 -18
0.000152445 -2.5 -6.5 -17.5
9.26051e-05 -2 -7 -18.5
0.000410876 -2.5 -6.5 -18
0.00013405 -2 -7 -19
0.000656695 -2.5 -6.5 -18.5
0.000146909 -2 -7 -19.5
0.000719976 -2.5 -6.5 -19
0.000137492 -2 -7 -20
0.000688367 -2.5 -6.5 -19.5
0.000161594 -3 -6 -19
9.08626e-05 -2 -7 -20.5
2.73344e-05 -2 -7 -21
4.87385e-05 -3 -6 -20.5
8.53723e-05 -2.5 -6.5 -21
0.000295453 -2.5 -6.5 -20.5
9.7566e-05 -3 -6 -20
0.000550456 -2.5 -6.5 -20
0.000146486 -3 -6 -19.5
0.00015112 -3 -6 -18.5
8.39048e-05 -3 -6 -18
2.35141e-05 -3 -6 -17.5
3.19881e-05 -2 -6.5 -17.5
0.000113261 -2 -6.5 -18
0.000237659 -2 -6.5 -18.5
0.000287604 -2.5 -6 -18
0.000356894 -2 -6.5 -19
0.000390904 -2 -6.5 -19.5
0.000686877 -2.5 -6 -19
2.54426e-05 -3 -5.5 -19
0.000358503 -2 -6.5 -20
0.000235531 -2 -6.5 -20.5
9.50365e-05 -2 -6.5 -21
0.000114375 -2.5 -6 -21
0.000340111 -2.5 -6 -20.5
0.000584061 -2.5 -6 -20
2.26032e-05 -3 -5.5 -19.5
0.000684247 -2.5 -6 -19.5
2.46612e-05 -3 -5.5 -18.5
0.000573358 -2.5 -6 -18.5
7.82989e-05 -2.5 -6 -17.5
5.00755e-05 -2 -6 -17.5
0.000193447 -2 -6 -18
0.000421767 -2 -6 -18.5
0.000662146 -2 -6 -19
0.000680259 -2 -6 -20
0.000466369 -2 -6 -20.5
0.000197268 -2 -6 -21
3.52429e-05 -2 -6 -21.5
0.000116365 -2.5 -5.5 -21
0.000314772 -2.5 -5.5 -20.5
0.000469644 -2.5 -5.5 -20
0.0005112 -2.5 -5.5 -19.5
0.000730315 -2 -6 -19.5
0.000495235 -2.5 -5.5 -19
0.000343084 -2.5 -5.5 -18.5
0.000155568 -2.5 -5.5 -18
3.55974e-05 -2.5 -5.5 -17.5
5.3185e-05 -2 -5.5 -17.5
0.000534767 -2 -5.5 -18.5
4.37543e-05 -1.5 -6 -19.5
0.000877452 -2 -5.5 -19
6.473e-05 -1.5 -6 -20
6.81816e-05 -1.5 -6 -20.5
5.05036e-05 -1.5 -6 -21
0.000662895 -2 -5.5 -20.5
0.000241941 -2.5 -5 -20
3.03971e-05 -1.5 -6 -21.5
0.000306534 -2 -5.5 -21
5.61662e-05 -2 -5.5 -21.5
6.22946e-05 -2.5 -5 -21
0.000164016 -2.5 -5 -20.5
0.000933119 -2 -5.5 -20
0.000262939 -2.5 -5 -19.5
0.00098827 -2 -5.5 -19.5
0.000249669 -2.5 -5 -19
0.000160749 -2.5 -5 -18.5
6.00593e-05 -2.5 -5 -18
0.00022624 -2 -5.5 -18
2.56745e-05 -1.5 -5.5 -18
3.30684e-05 -2 -5 -17.5
9.45614e-05 -1.5 -5.5 -18.5
0.000200284 -1.5 -5.5 -19
0.000287359 -1.5 -5.5 -19.5
0.000919094 -2 -5 -19
3.30251e-05 -2.5 -4.5 -18.5
0.000318035 -1.5 -5.5 -20
0.000301898 -1.5 -5.5 -20.5
0.000194771 -1.5 -5.5 -21
0.000718824 -2 -5 -20.5
5.25419e-05 -2.5 -4.5 -20
6.67724e-05 -1.5 -5.5 -21.5
0.000349659 -2 -5 -21
6.97019e-05 -2 -5 -21.5
3.74903e-05 -2.5 -4.5 -20.5
0.00100831 -2 -5 -20
5.6452e-05 -2.5 -4.5 -19.5
0.0010583 -2 -5 -19.5
5.41149e-05 -2.5 -4.5 -19
0.000535215 -2 -5 -18.5
0.000181295 -2 -5 -18
7.53007e-05 -1.5 -5 -18
0.000268717 -1.5 -5 -18.5
0.000555619 -1.5 -5 -19
0.000758648 -1.5 -5 -19.5
0.000781828 -1.5 -5 -20
0.00071038 -1.5 -5 -20.5
0.000416549 -1.5 -5 -21
0.000679695 -2 -4.5 -20.5
0.000116897 -1.5 -5 -21.5
6.96255e-05 -2 -4.5 -21.5
0.00034217 -2 -4.5 -21
0.000818739 -2 -4.5 -20
0.000838098 -2 -4.5 -19.5
0.000697708 -2 -4.5 -19
0.000360433 -2 -4.5 -18.5
9.92587e-05 -2 -4.5 -18
2.23965e-05 -1.5 -4.5 -17.5
0.000123086 -1.5 -4.5 -18
0.000462573 -1.5 -4.5 -18.5
0.00127068 -1.5 -4.5 -19.5
0.00128163 -1.5 -4.5 -20
0.000460054 -2 -4 -19.5
0.000170565 -1.5 -4.5 -21.5
4.73646e-05 -2 -4 -21.5
0.000175038 -2 -4 -21
0.000636438 -1.5 -4.5 -21
0.000334796 -2 -4 -20.5
0.0011044 -1.5 -4.5 -20.5
0.000437449 -2 -4 -20
0.000398005 -2 -4 -19
0.000953261 -1.5 -4.5 -19
0.000198809 -2 -4 -18.5
5.1098e-05 -2 -4 -18
2.27946e-05 -1.5 -4 -17.5
4.05535e-05 -1 -4.5 -19
0.000113212 -1 -4.5 -19.5
0.000179474 -1 -4.5 -20
0.000192985 -1 -4.5 -20.5
0.00144684 -1.5 -4 -20
0.000159352 -1 -4.5 -21
8.52706e-05 -1 -4.5 -21.5
2.13081e-05 -2 -3.5 -21.5
0.000193741 -1.5 -4 -21.5
4.45943e-05 -2 -3.5 -21
0.000713664 -1.5 -4 -21
8.23877e-05 -2 -3.5 -20.5
0.00123659 -1.5 -4 -20.5
0.000109965 -2 -3.5 -20
0.000116806 -2 -3.5 -19.5
0.00145524 -1.5 -4 -19.5
0.000111127 -2 -3.5 -19
0.00110977 -1.5 -4 -19
4.97368e-05 -2 -3.5 -18.5
0.000525469 -1.5 -4 -18.5
0.000130927 -1.5 -4 -18
2.5457e-05 -1 -4 -18
0.000121272 -1 -4 -18.5
0.00035633 -1 -4 -19
0.000639807 -1 -4 -19.5
0.000717832 -1 -4 -20
0.000673649 -1 -4 -20.5
0.000465587 -1 -4 -21
2.11922e-05 -1 -4 -22
0.000196327 -1.5 -3.5 -21.5
0.000182058 -1 -4 -21.5
0.000590088 -1.5 -3.5 -21
0.000936542 -1.5 -3.5 -20.5
0.00106232 -1.5 -3.5 -20
0.00106852 -1.5 -3.5 -19.5
0.000828054 -1.5 -3.5 -19
0.00037986 -1.5 -3.5 -18.5
8.16483e-05 -1.5 -3.5 -18
6.15732e-05 -1 -3.5 -18
0.00029039 -1 -3.5 -18.5
0.000779503 -1 -3.5 -19
0.00121727 -1 -3.5 -19.5
0.00126722 -1 -3.5 -20
0.000792457 -1 -3.5 -21
3.89231e-05 -1 -3.5 -22
0.000130032 -1.5 -3 -21.5
0.000302993 -1 -3.5 -21.5
0.000322835 -1.5 -3 -21
0.000480022 -1.5 -3 -20.5
0.00118046 -1 -3.5 -20.5
0.000529451 -1.5 -3 -20
0.000522613 -1.5 -3 -19.5
0.000351746 -1.5 -3 -19
0.000130263 -1.5 -3 -18.5
2.59105e-05 -1.5 -3 -18
7.09331e-05 -1 -3 -18
0.000342841 -1 -3 -18.5
0.00142632 -1 -3 -20
0.000146542 -1.5 -2.5 -19.5
0.00136164 -1 -3 -20.5
0.0010009 -1 -3 -21
5.05267e-05 -1.5 -2.5 -21.5
9.97972e-05 -1 -3 -22
0.000462229 -1 -3 -21.5
0.000108383 -1.5 -2.5 -21
0.000145972 -1.5 -2.5 -20.5
0.000155675 -1.5 -2.5 -20
0.00133652 -1 -3 -19.5
8.8282e-05 -1.5 -2.5 -19
0.000886829 -1 -3 -19
3.10781e-05 -1.5 -2.5 -18.5
2.79628e-05 -0.5 -3 -21.5
0.00114585 -1 -2.5 -21
4.07354e-05 -0.5 -3 -22
2.38711e-05 -0.5 -3 -22.5
0.000138548 -1 -2.5 -22
0.000579574 -1 -2.5 -21.5
0.00145975 -1 -2.5 -20.5
0.00150129 -1 -2.5 -20
0.00128596 -1 -2.5 -19.5
0.000699044 -1 -2.5 -19
0.000230905 -1 -2.5 -18.5
4.39544e-05 -1 -2.5 -18
0.000105086 -0.5 -2.5 -19
0.000300548 -0.5 -2.5 -19.5
0.000533058 -0.5 -2.5 -20
0.000715819 -0.5 -2.5 -20.5
0.000717451 -0.5 -2.5 -21
0.000575731 -0.5 -2.5 -21.5
0.0002593 -0.5 -2.5 -22
3.62126e-05 -0.5 -2.5 -22.5
0.000132994 -1 -2 -22
0.000476202 -1 -2 -21.5
0.000810513 -1 -2 -21
0.000963342 -1 -2 -20.5
0.000980164 -1 -2 -20
0.000786888 -1 -2 -19.5
0.000403292 -1 -2 -19
0.000119026 -1 -2 -18.5
2.47114e-05 -0.5 -2.5 -18.5
2.33408e-05 -1 -2 -18
6.55261e-05 -0.5 -2 -18
0.000338738 -0.5 -2 -18.5
0.00115971 -0.5 -2 -19
0.00234436 -0.5 -2 -19.5
0.00315083 -0.5 -2 -20
0.00316116 -0.5 -2 -20.5
3.01984e-05 -1 -1.5 -22
0.000443219 -0.5 -2 -22
0.000130525 -1 -1.5 -21.5
0.00160597 -0.5 -2 -21.5
0.000240203 -1 -1.5 -21
0.00274137 -0.5 -2 -21
0.000296282 -1 -1.5 -20.5
0.000305666 -1 -1.5 -20
0.000258076 -1 -1.5 -19.5
0.000137273 -1 -1.5 -19
4.2839e-05 -1 -1.5 -18.5
2.00771e-05 -0.5 -1.5 -17.5
0.000117648 -0.5 -1.5 -18
0.000609992 -0.5 -1.5 -18.5
0.00209326 -0.5 -1.5 -21.5
0.000471555 -0.5 -1.5 -22
0.0038349 -0.5 -1.5 -21
0.00462424 -0.5 -1.5 -20.5
0.00471884 -0.5 -1.5 -20
0.00388226 -0.5 -1.5 -19.5
0.00202999 -0.5 -1.5 -19
0.0035904 -0.5 -1 -19.5
0.0041084 -0.5 -1 -20
0.00396493 -0.5 -1 -20.5
0.00307477 -0.5 -1 -21
0.000239674 -0.5 -1 -22
0.00148023 -0.5 -1 -21.5
0.00191382 -0.5 -1 -19
0.000563293 -0.5 -1 -18.5
0.000106298 -0.5 -1 -18
3.57023e-05 -0.5 -0.5 -22
0.0002188 -0.5 -0.5 -21.5
0.000468134 -0.5 -0.5 -21
0.000626616 -0.5 -0.5 -20.5
0.000657327 -0.5 -0.5 -20
0.000595192 -0.5 -0.5 -19.5
0.000313495 -0.5 -0.5 -19
8.2036e-05 -0.5 -0.5 -18.5
2.48754e-05 -0.5 0 -20.5
2.5543e-05 -0.5 0 -20
2.0508e-05 -0.5 0 -19.5
8.68141e-05 0 0 -18
0.00044201 0 0 -18.5
0.00313961 0 0 -19.5
0.00408391 0 0 -20
0.00407843 0 0 -20.5
0.00359853 0 0 -21
0.00225322 0 0 -21.5
0.000767594 0 0 -22
4.44419e-05 0 0 -22.5
0.00155181 0 0 -19
0.00198381 0 0.5 -19
2.76262e-05 0 0.5 -22.5
0.00067621 0 0.5 -22
0.0024029 0 0.5 -21.5
0.00409522 0 0.5 -21
0.00477585 0 0.5 -20.5
0.00482998 0 0.5 -20
0.00387241 0 0.5 -19.5
0.000583978 0 0.5 -18.5
0.000112484 0 0.5 -18
0.000255996 0.5 0.5 -19
0.00050647 0.5 0.5 -19.5
0.000633973 0.5 0.5 -20
0.00166732 0 1 -19.5
0.000103222 0.5 0.5 -22
0.000852572 0 1 -21.5
0.000173337 0 1 -22
0.000323439 0.5 0.5 -21.5
0.00161114 0 1 -21
0.000536291 0.5 0.5 -21
0.00195031 0 1 -20.5
0.000624932 0.5 0.5 -20.5
0.00199142 0 1 -20
0.000879713 0 1 -19
0.000262529 0 1 -18.5
7.50241e-05 0.5 0.5 -18.5
4.92638e-05 0 1 -18
5.01807e-05 0.5 1 -18
0.00160756 0.5 1 -19.5
0.000882119 0.5 1 -21.5
0.000243362 0.5 1 -22
2.95287e-05 0 1.5 -21.5
5.63198e-05 0 1.5 -21
0.0015351 0.5 1 -21
6.39677e-05 0 1.5 -20.5
0.00185113 0.5 1 -20.5
6.36702e-05 0 1.5 -20
0.00189457 0.5 1 -20
4.54349e-05 0 1.5 -19.5
0.000852838 0.5 1 -19
0.000257834 0.5 1 -18.5
9.06594e-05 0.5 1.5 -18
4.75147e-05 1 1 -19
8.69779e-05 1 1 -19.5
9.92727e-05 1 1 -20
9.60105e-05 1 1 -20.5
0.0027444 0.5 1.5 -20
7.90379e-05 1 1 -21
0.00265416 0.5 1.5 -20.5
4.61333e-05 1 1 -21.5
0.00208316 0.5 1.5 -21
0.000200295 0.5 1.5 -22
0.00104046 0.5 1.5 -21.5
0.00246437 0.5 1.5 -19.5
0.00141448 0.5 1.5 -19
0.000468383 0.5 1.5 -18.5
2.13194e-05 1 1.5 -18
0.000106223 1 1.5 -18.5
0.000315056 1 1.5 -19
0.000465833 0.5 2 -18.5
0.000540492 1 1.5 -19.5
0.000587641 1 1.5 -20
0.000561782 1 1.5 -20.5
0.000434755 1 1.5 -21
5.11473e-05 1 1.5 -22
0.000890474 0.5 2 -21.5
0.000140646 0.5 2 -22
0.000225841 1 1.5 -21.5
0.00186976 0.5 2 -21
0.0024235 0.5 2 -20.5
0.00251353 0.5 2 -20
0.00228692 0.5 2 -19.5
0.00134884 0.5 2 -19
9.32906e-05 0.5 2 -18
5.87985e-05 1 2 -18
0.000286718 1 2 -18.5
5.17326e-05 0.5 2.5 -18
0.00138583 1 2 -19.5
0.00070653 0.5 2.5 -19
0.00141407 1 2 -20.5
0.00107255 1 2 -21
0.00130344 0.5 2.5 -20.5
0.000521355 1 2 -21.5
9.33927e-05 1 2 -22
7.38692e-05 0.5 2.5 -22
0.000476552 0.5 2.5 -21.5
0.00100895 0.5 2.5 -21
0.00134396 0.5 2.5 -20
0.00148042 1 2 -20
0.00119906 0.5 2.5 -19.5
0.00083019 1 2 -19
0.000252541 0.5 2.5 -18.5
0.000126353 1 2.5 -18
3.16815e-05 1.5 2 -19
5.44422e-05 1.5 2 -19.5
0.00174651 1 2.5 -19
5.92757e-05 1.5 2 -20
5.63424e-05 1.5 2 -20.5
0.00263778 1 2.5 -20
4.34801e-05 1.5 2 -21
0.00244709 1 2.5 -20.5
2.0988e-05 1.5 2 -21.5
0.00169055 1 2.5 -21
7.30447e-05 1 2.5 -22
2.90494e-05 0.5 3 -22
0.000129948 0.5 3 -21.5
0.000689714 1 2.5 -21.5
0.000252465 0.5 3 -21
0.000310599 0.5 3 -20.5
0.000315186 0.5 3 -20
0.000259971 0.5 3 -19.5
0.00257791 1 2.5 -19.5
0.00014777 0.5 3 -19
5.27112e-05 0.5 3 -18.5
0.000653209 1 2.5 -18.5
2.10094e-05 1 2.5 -17.5
2.39987e-05 1.5 2.5 -18
3.53506e-05 1 3 -17.5
0.000124301 1.5 2.5 -18.5
0.000335557 1.5 2.5 -19
0.000817105 1 3 -18.5
0.000491378 1.5 2.5 -19.5
0.000495293 1.5 2.5 -20
0.00248505 1 3 -19.5
0.000448848 1.5 2.5 -20.5
0.000306559 1.5 2.5 -21
0.000130839 1.5 2.5 -21.5
0.000608319 1 3 -21.5
5.21261e-05 1 3 -22
0.00157771 1 3 -21
0.002335 1 3 -20.5
0.00253417 1 3 -20
0.00176552 1 3 -19
0.000205642 1 3 -18
0.000104798 1.5 3 -18
0.000435177 1.5 3 -18.5
0.000183258 1 3.5 -18
0.000960367 1.5 3 -19
0.00127152 1.5 3 -19.5
0.00138078 1 3.5 -19
0.00111782 1.5 3 -20.5
0.00192229 1 3.5 -20
0.000278155 1.5 3 -21.5
0.00112961 1 3.5 -21
2.32995e-05 1.5 3 -22
2.24807e-05 1 3.5 -22
0.000381648 1 3.5 -21.5
0.00073011 1.5 3 -21
0.00176197 1 3.5 -20.5
0.00126324 1.5 3 -20
0.00188815 1 3.5 -19.5
0.000661698 1 3.5 -18.5
3.27603e-05 1 3.5 -17.5
4.00247e-05 1.5 3.5 -17.5
0.000233222 1.5 3.5 -18
3.34461e-05 2 3 -19
4.29935e-05 2 3 -19.5
0.00166901 1.5 3.5 -19
0.000292628 1 4 -18.5
4.27124e-05 2 3 -20
3.71665e-05 2 3 -20.5
0.00194032 1.5 3.5 -20
2.41435e-05 2 3 -21
0.00103859 1.5 3.5 -21
0.000176331 1 4 -21.5
0.000304797 1.5 3.5 -21.5
0.000555935 1 4 -21
0.000845459 1 4 -20.5
0.00171859 1.5 3.5 -20.5
0.000892789 1 4 -20
0.000826925 1 4 -19.5
0.00196645 1.5 3.5 -19.5
0.000582661 1 4 -19
0.00086205 1.5 3.5 -18.5
8.91718e-05 1 4 -18
4.37038e-05 2 3.5 -18
0.000157452 2 3.5 -18.5
0.000316438 2 3.5 -19
0.00136405 1.5 4 -18.5
0.000367608 2 3.5 -19.5
0.000361518 2 3.5 -20
0.00249015 1.5 4 -19.5
0.000305339 2 3.5 -20.5
0.00240276 1.5 4 -20
0.000165167 2 3.5 -21
0.0018672 1.5 4 -20.5
4.60056e-05 2 3.5 -21.5
0.00100574 1.5 4 -21
0.000247736 1.5 4 -21.5
6.30382e-05 1 4.5 -21.5
0.000168364 1 4.5 -21
0.000243506 1 4.5 -20.5
0.000251981 1 4.5 -20
0.000215446 1 4.5 -19.5
0.00014093 1 4.5 -19
0.00226929 1.5 4 -19
7.1025e-05 1 4.5 -18.5
2.18481e-05 1 4.5 -18
0.000466727 1.5 4 -18
8.25753e-05 1.5 4 -17.5
0.000216755 2 4 -18
0.000121423 1.5 4.5 -17.5
0.000630643 2 4 -18.5
0.00101997 2 4 -19
0.0010692 2 4 -19.5
0.00209762 1.5 4.5 -19
0.0010053 2 4 -20
0.000749127 2 4 -20.5
0.00217635 1.5 4.5 -20
0.000382708 2 4 -21
8.06765e-05 2 4 -21.5
0.000793583 1.5 4.5 -21
0.000147256 1.5 4.5 -21.5
0.00164029 1.5 4.5 -20.5
0.00227208 1.5 4.5 -19.5
0.00132645 1.5 4.5 -18.5
0.000528411 1.5 4.5 -18
3.96197e-05 2 4 -17.5
2.09713e-05 1.5 4.5 -17
0.000101697 2 4.5 -17.5
2.61929e-05 2.5 4 -19
0.00117713 2 4.5 -18.5
0.000400739 1.5 5 -18
2.67625e-05 2.5 4 -19.5
0.00175327 2 4.5 -19
2.3973e-05 2.5 4 -20
0.00168557 2 4.5 -20
0.000525474 2 4.5 -21
6.72382e-05 1.5 5 -21.5
7.21442e-05 2 4.5 -21.5
0.00045343 1.5 5 -21
0.00100697 1.5 5 -20.5
0.00123135 2 4.5 -20.5
0.00137262 1.5 5 -20
0.00144681 1.5 5 -19.5
0.00180015 2 4.5 -19.5
0.00136188 1.5 5 -19
0.000922315 1.5 5 -18.5
0.000467087 2 4.5 -18
9.59897e-05 1.5 5 -17.5
3.3457e-05 2 5 -17
7.80337e-05 2.5 4.5 -18
0.000187241 2.5 4.5 -18.5
0.000894185 2 5 -18
4.63946e-05 1.5 5.5 -17.5
0.000232942 2.5 4.5 -19
0.000225039 2.5 4.5 -19.5
0.00242926 2 5 -19
0.000391874 1.5 5.5 -18.5
0.000198333 2.5 4.5 -20
0.00241201 2 5 -19.5
0.000550205 1.5 5.5 -19
0.000133122 2.5 4.5 -20.5
5.92764e-05 2.5 4.5 -21
0.00127479 2 5 -20.5
4.5899e-05 2 5 -21.5
2.88995e-05 1.5 5.5 -21.5
0.000186985 1.5 5.5 -21
0.000466356 2 5 -21
0.000432874 1.5 5.5 -20.5
0.000572808 1.5 5.5 -20
0.00210113 2 5 -20
0.000587219 1.5 5.5 -19.5
0.00192078 2 5 -18.5
0.000185641 1.5 5.5 -18
0.000212383 2 5 -17.5
0.000378197 2.5 5 -18
0.000429811 2 5.5 -17.5
0.000755725 2.5 5 -18.5
0.00085643 2.5 5 -19
0.001981 2 5.5 -18.5
0.000821163 2.5 5 -19.5
0.00236073 2 5.5 -19
0.0006724 2.5 5 -20
0.000407058 2.5 5 -20.5
0.00196628 2 5.5 -20
0.000142839 2.5 5 -21
0.000326088 2 5.5 -21
2.72586e-05 2 5.5 -21.5
4.85552e-05 1.5 6 -21
0.000118829 1.5 6 -20.5
0.00112577 2 5.5 -20.5
0.000157411 1.5 6 -20
0.000159025 1.5 6 -19.5
0.00233059 2 5.5 -19.5
0.0001429 1.5 6 -19
0.000103244 1.5 6 -18.5
5.21143e-05 1.5 6 -18
0.00118782 2 5.5 -18
8.85218e-05 2.5 5 -17.5
8.75421e-05 2 5.5 -17
5.94529e-05 2.5 5.5 -17
0.000319284 2.5 5.5 -17.5
9.15596e-05 2 6 -17
0.000893522 2.5 5.5 -18
0.00145128 2.5 5.5 -18.5
0.00100251 2 6 -18
0.00156883 2.5 5.5 -19
0.00153144 2.5 5.5 -19.5
0.00126073 2.5 5.5 -20
0.00184589 2 6 -19.5
0.000147626 2.5 5.5 -21
0.000752454 2 6 -20.5
0.000164832 2 6 -21
0.000649387 2.5 5.5 -20.5
0.00148808 2 6 -20
0.00183085 2 6 -19
0.00157986 2 6 -18.5
0.000407785 2 6 -17.5
2.34955e-05 2.5 6 -16.5
4.38325e-05 3 5.5 -17.5
0.00015465 2.5 6 -17
0.00010752 3 5.5 -18
0.000148856 3 5.5 -18.5
0.00153393 2.5 6 -18
0.000250217 2 6.5 -17.5
0.000144875 3 5.5 -19
0.000131885 3 5.5 -19.5
0.00224362 2.5 6 -19
0.000851615 2 6.5 -18.5
0.000102893 3 5.5 -20
0.0019934 2.5 6 -19.5
0.00100363 2 6.5 -19
5.45627e-05 3 5.5 -20.5
0.000626424 2.5 6 -20.5
5.93891e-05 2 6.5 -21
0.000113845 2.5 6 -21
0.000349653 2 6.5 -20.5
0.000778656 2 6.5 -20
0.0013648 2.5 6 -20
0.00101453 2 6.5 -19.5
0.00221465 2.5 6 -18.5
0.000556464 2 6.5 -18
0.000676869 2.5 6 -17.5
6.98014e-05 2 6.5 -17
6.0254e-05 3 6 -17
0.000252496 3 6 -17.5
0.000542501 3 6 -18
0.00115354 2.5 6.5 -17.5
0.00068673 3 6 -18.5
0.000669171 3 6 -19
0.00230113 2.5 6.5 -18.5
0.000575415 3 6 -19.5
0.00228075 2.5 6.5 -19
0.000360911 3 6 -20
0.000144422 3 6 -20.5
0.00126514 2.5 6.5 -20
5.66936e-05 2.5 6.5 -21
0.000109341 2 7 -20.5
0.000480994 2.5 6.5 -20.5
0.000276144 2 7 -20
0.000372689 2 7 -19.5
0.00196233 2.5 6.5 -19.5
0.000376719 2 7 -19
0.000317132 2 7 -18.5
0.000220476 2 7 -18
0.00197443 2.5 6.5 -18
0.000108659 2 7 -17.5
3.77281e-05 2 7 -17
0.00041794 2.5 6.5 -17
7.33939e-05 2.5 6.5 -16.5
0.000120393 2.5 7 -16.5
0.000765729 3 6.5 -17.5
0.000453404 2.5 7 -17
0.00137488 3 6.5 -18.5
0.00184346 2.5 7 -18
0.00131575 3 6.5 -19
0.00107366 3 6.5 -19.5
0.000635701 3 6.5 -20
0.00165946 2.5 7 -19.5
0.000189243 3 6.5 -20.5
0.000261254 2.5 7 -20.5
2.38893e-05 2.5 7 -21
4.27739e-05 2 7.5 -20
0.000921523 2.5 7 -20
7.71358e-05 2 7.5 -19.5
8.49596e-05 2 7.5 -19
0.00205406 2.5 7 -19
7.31862e-05 2 7.5 -18.5
0.00208918 2.5 7 -18.5
5.14895e-05 2 7.5 -18
2.86885e-05 2 7.5 -17.5
0.00126358 3 6.5 -18
0.00111565 2.5 7 -17.5
0.000271106 3 6.5 -17
4.80728e-05 3 6.5 -16.5
2.26952e-05 2.5 7 -16
3.44e-05 3.5 6.5 -17
0.000155441 3 7 -16.5
8.37678e-05 3.5 6.5 -17.5
0.000649494 3 7 -17
0.000112659 3.5 6.5 -18
0.000105233 3.5 6.5 -18.5
0.00180768 3 7 -18
0.000806581 2.5 7.5 -17.5
9.05975e-05 3.5 6.5 -19
6.98595e-05 3.5 6.5 -19.5
0.00185016 3 7 -19
0.00138257 2.5 7.5 -18.5
3.19876e-05 3.5 6.5 -20
0.00135088 3 7 -19.5
0.00132342 2.5 7.5 -19
0.000154281 3 7 -20.5
0.000478894 2.5 7.5 -20
9.80022e-05 2.5 7.5 -20.5
0.000644386 3 7 -20
0.000987977 2.5 7.5 -19.5
0.00191481 3 7 -18.5
0.00125066 2.5 7.5 -18
0.00136498 3 7 -17.5
0.00035408 2.5 7.5 -17
9.94875e-05 2.5 7.5 -16.5
2.24055e-05 3 7 -16
6.13874e-05 3.5 7 -16.5
8.61988e-05 3 7.5 -16
0.000230614 3.5 7 -17
6.59511e-05 2.5 8 -16.5
0.000459053 3.5 7 -17.5
0.000541371 3.5 7 -18
0.0019417 3 7.5 -17.5
0.000443079 3.5 7 -19
0.00222514 3 7.5 -18.5
0.000263861 3.5 7 -19.5
0.00188919 3 7.5 -19
0.00010689 3.5 7 -20
0.000507306 3 7.5 -20
8.44542e-05 3 7.5 -20.5
0.000162687 2.5 8 -20
0.000408437 2.5 8 -19.5
0.00124645 3 7.5 -19.5
0.000595751 2.5 8 -19
0.000631938 2.5 8 -18.5
0.000556969 2.5 8 -18
0.000522934 3.5 7 -18.5
0.00223947 3 7.5 -18
0.000381995 2.5 8 -17.5
0.000195712 2.5 8 -17
0.00121091 3 7.5 -17
0.000451362 3 7.5 -16.5
5.86883e-05 3.5 7.5 -16
3.96635e-05 3 8 -15.5
0.000767633 3.5 7.5 -17
0.000626954 3 8 -16.5
0.00113207 3.5 7.5 -17.5
0.00132542 3 8 -17
0.0011203 3.5 7.5 -18.5
0.00214427 3 8 -18
0.000204399 2.5 8.5 -18.5
0.000901296 3.5 7.5 -19
0.000531064 3.5 7.5 -19.5
0.000175902 3.5 7.5 -20
0.000919777 3 8 -19.5
2.93662e-05 3 8 -20.5
0.00028709 3 8 -20
9.65271e-05 2.5 8.5 -19.5
0.000181218 2.5 8.5 -19
0.00165817 3 8 -19
0.00207694 3 8 -18.5
0.000179319 2.5 8.5 -18
0.000132664 2.5 8.5 -17.5
0.00118554 3.5 7.5 -18
0.00191691 3 8 -17.5
8.00044e-05 2.5 8.5 -17
3.41291e-05 2.5 8.5 -16.5
0.000305466 3.5 7.5 -16.5
0.000185712 3 8 -16
3.82791e-05 3 8.5 -15.5
3.583e-05 3.5 8 -15.5
7.97715e-05 4 7.5 -17
0.000722842 3.5 8 -16.5
0.000175143 3 8.5 -16
9.28594e-05 4 7.5 -17.5
0.00130497 3.5 8 -17
5.47881e-05 4 7.5 -18.5
0.00179285 3.5 8 -18
0.00147255 3 8.5 -17.5
3.02722e-05 4 7.5 -19
0.00153441 3 8.5 -18.5
0.000552037 3.5 8 -19.5
0.00110473 3 8.5 -19
0.000152623 3.5 8 -20
0.000102079 3 8.5 -20
0.000502264 3 8.5 -19.5
0.00118174 3.5 8 -19
0.00168324 3.5 8 -18.5
0.00158986 3 8.5 -18
7.72378e-05 4 7.5 -18
0.00171927 3.5 8 -17.5
0.0010929 3 8.5 -17
0.000549059 3 8.5 -16.5
4.1684e-05 4 7.5 -16.5
0.000231612 3.5 8 -16
2.00405e-05 4 8 -15.5
3.25583e-05 3 9 -15.5
9.35708e-05 4 8 -16
0.000262375 4 8 -16.5
0.000126156 3 9 -16
0.000569782 3.5 8.5 -16
0.000331975 3 9 -16.5
0.000428761 4 8 -17
0.000456468 4 8 -17.5
0.000416172 4 8 -18
0.00218505 3.5 8.5 -17.5
0.000302031 4 8 -18.5
0.000171454 4 8 -19
0.00167838 3.5 8.5 -18.5
6.77814e-05 4 8 -19.5
0.00106635 3.5 8.5 -19
8.42198e-05 3.5 8.5 -20
0.000162886 3 9 -19.5
0.000445285 3.5 8.5 -19.5
0.00049288 3 9 -19
0.000791474 3 9 -18.5
0.000850109 3 9 -18
0.00211242 3.5 8.5 -18
0.000787782 3 9 -17.5
0.000615141 3 9 -17
0.00191656 3.5 8.5 -17
0.00128222 3.5 8.5 -16.5
0.000154114 3.5 8.5 -15.5
2.26141e-05 3.5 8.5 -15
8.65097e-05 3.5 9 -15
0.000331244 3.5 9 -15.5
2.31415e-05 3 9.5 -15.5
0.00151689 3.5 9 -16.5
6.99942e-05 3 9.5 -16
0.0010533 4 8.5 -17.5
0.00194241 3.5 9 -17
0.000695005 4 8.5 -18.5
0.00197321 3.5 9 -18
0.00030104 3 9.5 -17.5
0.000270888 3 9.5 -18.5
0.000383935 4 8.5 -19
0.00012553 4 8.5 -19.5
2.34228e-05 3.5 9 -20
0.000248807 3.5 9 -19.5
0.00012171 3 9.5 -19
0.000784859 3.5 9 -19
0.00147177 3.5 9 -18.5
0.000318691 3 9.5 -18
0.000950648 4 8.5 -18
0.00212026 3.5 9 -17.5
0.000245634 3 9.5 -17
0.000150518 3 9.5 -16.5
0.0010309 4 8.5 -17
0.000792687 4 8.5 -16.5
0.000895936 3.5 9 -16
0.000404151 4 8.5 -16
0.000114514 4 8.5 -15.5
2.22143e-05 3.5 9.5 -14.5
9.48929e-05 3.5 9.5 -15
0.0003885 4 9 -15.5
2.6929e-05 4.5 8.5 -15.5
0.000326857 3.5 9.5 -15.5
7.23458e-05 4.5 8.5 -17
0.00135029 4 9 -16.5
0.000810798 3.5 9.5 -16
4.63845e-05 3 10 -16.5
4.48435e-05 4.5 8.5 -17.5
0.00162271 4 9 -17
6.52904e-05 3 10 -17
7.52542e-05 3 10 -17.5
0.00142542 4 9 -18
6.58017e-05 3 10 -18
0.000989515 3.5 9.5 -18.5
3.05883e-05 3 10 -18.5
8.14596e-05 3.5 9.5 -19.5
0.00011424 4 9 -19.5
0.000419303 3.5 9.5 -19
0.000404882 4 9 -19
0.000920547 4 9 -18.5
0.00151522 3.5 9.5 -18
0.00175575 3.5 9.5 -17.5
2.33013e-05 4.5 8.5 -18
0.00171681 4 9 -17.5
0.00161479 3.5 9.5 -17
0.001277 3.5 9.5 -16.5
7.86132e-05 4.5 8.5 -16.5
0.000853421 4 9 -16
5.78433e-05 4.5 8.5 -16
0.000101402 4 9 -15
8.05003e-05 4 9.5 -14.5
2.14637e-05 3.5 10 -14.5
8.53814e-05 3.5 10 -15
0.000160928 4.5 9 -15.5
0.000321602 4 9.5 -15
0.000241866 3.5 10 -15.5
0.0003074 4.5 9 -16
0.000527662 3.5 10 -16
0.000393254 4.5 9 -16.5
0.000797294 3.5 10 -16.5
0.000386788 4.5 9 -17
0.000305623 4.5 9 -17.5
0.000196842 4.5 9 -18
0.00177199 4 9.5 -17.5
0.000102529 4.5 9 -18.5
3.40622e-05 4.5 9 -19
0.00083489 4 9.5 -18.5
0.00080379 3.5 10 -18
0.00032436 4 9.5 -19
6.41614e-05 4 9.5 -19.5
0.000127897 3.5 10 -19
0.000432994 3.5 10 -18.5
0.00140127 4 9.5 -18
0.00102689 3.5 10 -17.5
0.000978742 3.5 10 -17
0.00203923 4 9.5 -17
0.0019058 4 9.5 -16.5
0.00143968 4 9.5 -16
0.000810985 4 9.5 -15.5
5.32646e-05 4.5 9 -15
5.67001e-05 4 10 -14
0.000223614 4 10 -14.5
0.000636941 4 10 -15
0.000256954 4.5 9.5 -15
5.90669e-05 3.5 10.5 -15
0.00116396 4 10 -15.5
0.000135824 3.5 10.5 -15.5
0.00164901 4 10 -16
0.000252709 3.5 10.5 -16
0.00191673 4 10 -16.5
0.00034231 3.5 10.5 -16.5
0.000402083 3.5 10.5 -17
0.000736135 4.5 9.5 -17.5
0.000410921 3.5 10.5 -17.5
0.000270004 3.5 10.5 -18
0.000236107 4.5 9.5 -18.5
8.90601e-05 3.5 10.5 -18.5
6.79816e-05 4.5 9.5 -19
0.000172901 4 10 -19
0.000583002 4 10 -18.5
0.00118914 4 10 -18
0.00047946 4.5 9.5 -18
0.00167848 4 10 -17.5
0.00197484 4 10 -17
0.000922466 4.5 9.5 -17
0.000953337 4.5 9.5 -16.5
0.000830652 4.5 9.5 -16
0.000555663 4.5 9.5 -15.5
6.95726e-05 4.5 9.5 -14.5
0.000250127 4 10.5 -14.5
5.23154e-05 5 9.5 -15
0.000285296 4.5 10 -14.5
0.00105161 4.5 10 -15.5
0.000615497 4 10.5 -15
7.31542e-05 5 9.5 -15.5
3.10592e-05 3.5 11 -15
5.93947e-05 3.5 11 -15.5
4.97704e-05 5 9.5 -16.5
0.0013834 4.5 10 -16
9.067e-05 3.5 11 -16
0.00171387 4 10.5 -16.5
0.00158459 4.5 10 -16.5
0.000105175 3.5 11 -16.5
0.00162688 4 10.5 -17
0.000112555 3.5 11 -17
0.00127478 4 10.5 -17.5
8.37926e-05 3.5 11 -17.5
0.000746827 4 10.5 -18
0.000279083 4 10.5 -18.5
2.07496e-05 3.5 11 -18
4.99587e-05 4 10.5 -19
6.59903e-05 4.5 10 -19
0.000256804 4.5 10 -18.5
0.00063966 4.5 10 -18
0.00107951 4.5 10 -17.5
0.00144727 4.5 10 -17
0.00143293 4 10.5 -16
0.00104496 4 10.5 -15.5
7.36244e-05 5 9.5 -16
0.00061723 4.5 10 -15
7.2652e-05 4 10.5 -14
2.57489e-05 5 9.5 -14.5
7.81131e-05 4.5 10 -14
7.95445e-05 4.5 10.5 -13.5
7.00387e-05 4 11 -14
0.000641625 4.5 10.5 -14.5
0.000140966 5 10 -14.5
0.000206354 4 11 -14.5
0.000456636 4 11 -15
0.000343527 5 10 -15.5
0.001125 4.5 10.5 -15
0.000723792 4 11 -15.5
0.000366813 5 10 -16
0.000316964 5 10 -16.5
0.000204901 5 10 -17
0.000120315 5 10 -17.5
0.0014664 4.5 10.5 -17
0.00107661 4 11 -16.5
0.0010481 4.5 10.5 -17.5
0.000564326 4.5 10.5 -18
0.000195126 4.5 10.5 -18.5
3.64922e-05 4.5 10.5 -19
6.28422e-05 4 11 -18.5
0.000287574 4 11 -18
0.000639415 4 11 -17.5
4.69363e-05 5 10 -18
0.000937785 4 11 -17
0.0017194 4.5 10.5 -16.5
0.000949597 4 11 -16
0.00181947 4.5 10.5 -16
0.00160858 4.5 10.5 -15.5
0.000257173 5 10 -15
0.000280745 4.5 10.5 -14
5.16943e-05 5 10 -14
5.51607e-05 4.5 11 -13
0.000210744 4.5 11 -13.5
7.73414e-05 5 10.5 -13.5
0.000527324 4.5 11 -14
5.5137e-05 4 11.5 -14
0.00098158 4.5 11 -14.5
0.000129199 4 11.5 -14.5
0.00140977 4.5 11 -15
0.000713664 5 10.5 -15
0.000240307 4 11.5 -15
0.00166797 4.5 11 -15.5
0.000348321 4 11.5 -15.5
0.000429123 4 11.5 -16
0.0004642 4 11.5 -16.5
0.000506626 5 10.5 -17
0.00165395 4.5 11 -16.5
0.000353518 4 11.5 -17
0.000290858 5 10.5 -17.5
0.000175788 4 11.5 -17.5
0.000119307 5 10.5 -18
3.50845e-05 4 11.5 -18
3.10932e-05 5 10.5 -18.5
9.48045e-05 4.5 11 -18.5
0.000353907 4.5 11 -18
0.000818644 4.5 11 -17.5
0.00132418 4.5 11 -17
0.000730124 5 10.5 -16.5
0.00179945 4.5 11 -16
0.000870018 5 10.5 -16
0.000843964 5 10.5 -15.5
0.000480885 5 10.5 -14.5
0.000240348 5 10.5 -14
7.66347e-05 4.5 11.5 -13
3.72224e-05 5.5 10.5 -13.5
0.000228012 4.5 11.5 -13.5
6.54855e-05 5.5 10.5 -14
0.000306613 5 11 -13.5
3.27285e-05 4 12 -14
0.000898958 4.5 11.5 -14.5
8.31467e-05 5.5 10.5 -15
0.000910742 5 11 -14.5
6.1604e-05 4 12 -14.5
5.93306e-05 5.5 10.5 -15.5
0.00126042 4.5 11.5 -15
9.45921e-05 4 12 -15
3.08064e-05 5.5 10.5 -16
0.00151761 4.5 11.5 -15.5
0.00140093 5 11 -15.5
0.000134077 4 12 -16
0.00131071 4.5 11.5 -16.5
0.00108098 5 11 -16.5
0.00010836 4 12 -16.5
0.000898916 4.5 11.5 -17
4.73981e-05 4 12 -17
0.000449755 4.5 11.5 -17.5
0.000141165 4.5 11.5 -18
3.02013e-05 5 11 -18.5
0.000133372 5 11 -18
0.00038003 5 11 -17.5
0.00072784 5 11 -17
0.00154647 4.5 11.5 -16
0.000121037 4 12 -15.5
0.00135928 5 11 -16
0.00121663 5 11 -15
0.000515256 4.5 11.5 -14
8.09062e-05 5.5 10.5 -14.5
0.000591934 5 11 -14
0.000103694 5 11 -13
0.00012422 5 11.5 -12.5
2.47372e-05 5.5 11 -12.5
2.33024e-05 4.5 12 -12.5
0.000335931 5 11.5 -13
7.37441e-05 4.5 12 -13
0.000650231 5 11.5 -13.5
0.000177099 5.5 11 -13.5
0.000191396 4.5 12 -13.5
0.000395926 4.5 12 -14
0.00140695 5 11.5 -14.5
0.000342148 5.5 11 -14.5
0.000639462 4.5 12 -14.5
0.000859277 4.5 12 -15
0.000331958 5.5 11 -15.5
0.00021842 5.5 11 -16
0.000123229 5.5 11 -16.5
0.00138467 5 11.5 -16
0.000674753 5 11.5 -17
0.00068677 4.5 12 -16.5
5.02851e-05 5.5 11 -17
0.000312601 5 11.5 -17.5
9.49386e-05 5 11.5 -18
0.000134598 4.5 12 -17.5
0.000385871 4.5 12 -17
0.00106836 5 11.5 -16.5
0.000908463 4.5 12 -16
0.000995692 4.5 12 -15.5
0.00154407 5 11.5 -15.5
0.00160119 5 11.5 -15
0.000366774 5.5 11 -15
0.00103996 5 11.5 -14
0.000282009 5.5 11 -14
8.36006e-05 5 12 -12
0.000244747 5 12 -12.5
0.000134496 5.5 11.5 -12.5
2.19507e-05 4.5 12.5 -12.5
0.000514633 5 12 -13
0.000526316 5.5 11.5 -13.5
2.00431e-05 6 11 -13.5
5.74422e-05 4.5 12.5 -13
0.000909867 5 12 -13.5
0.000122695 4.5 12.5 -13.5
0.00123501 5 12 -14
0.000216947 4.5 12.5 -14
0.00145079 5 12 -14.5
0.000314665 4.5 12.5 -14.5
0.00157899 5 12 -15
0.000397136 4.5 12.5 -15
0.000436495 4.5 12.5 -15.5
0.00049836 5.5 11.5 -16
0.000197355 4.5 12.5 -16.5
0.000148484 5.5 11.5 -17
0.000863582 5 12 -16.5
5.89985e-05 4.5 12.5 -17
5.27357e-05 5.5 11.5 -17.5
3.74438e-05 5 12 -18
0.000167741 5 12 -17.5
0.000457994 5 12 -17
0.000340519 4.5 12.5 -16
0.000301395 5.5 11.5 -16.5
0.00125153 5 12 -16
0.00148842 5 12 -15.5
0.000705594 5.5 11.5 -15.5
0.000817014 5.5 11.5 -15
0.00079497 5.5 11.5 -14.5
0.00070947 5.5 11.5 -14
0.000309705 5.5 11.5 -13
6.41677e-05 5.5 12 -11.5
3.01098e-05 5 12.5 -11.5
0.000191282 5.5 12 -12
9.32389e-05 5 12.5 -12
0.000403617 5.5 12 -12.5
7.09977e-05 6 11.5 -12.5
0.00024123 5 12.5 -12.5
0.000487627 5 12.5 -13
0.000113535 6 11.5 -13.5
3.40003e-05 4.5 13 -13
0.000806695 5 12.5 -13.5
9.74987e-05 6 11.5 -14
0.000897377 5.5 12 -13.5
5.98661e-05 4.5 13 -13.5
0.00126881 5.5 12 -14.5
0.00109164 5 12.5 -14
7.47579e-05 6 11.5 -14.5
8.91459e-05 4.5 13 -14
0.00130477 5 12.5 -14.5
0.000111006 4.5 13 -14.5
0.000121037 4.5 13 -15
0.00117177 5 12.5 -15.5
0.000995179 5.5 12 -15.5
9.45578e-05 4.5 13 -15.5
3.83888e-05 4.5 13 -16
0.000490242 5 12.5 -16.5
0.000411977 5.5 12 -16.5
0.000200514 5 12.5 -17
4.82056e-05 5 12.5 -17.5
5.83042e-05 5.5 12 -17.5
0.000185984 5.5 12 -17
0.000846755 5 12.5 -16
0.000703001 5.5 12 -16
0.00134509 5 12.5 -15
0.00121902 5.5 12 -15
4.11626e-05 6 11.5 -15
0.00112244 5.5 12 -14
0.000673355 5.5 12 -13
7.46286e-05 5.5 12.5 -11
0.000230464 5.5 12.5 -11.5
3.18254e-05 5 13 -11.5
0.000468022 5.5 12.5 -12
8.48138e-05 5 13 -12
0.000751045 5.5 12.5 -12.5
0.000268179 6 12 -12.5
0.000189325 5 13 -12.5
0.00103906 5.5 12.5 -13
0.000359497 5 13 -13
0.00127957 5.5 12.5 -13.5
0.000406576 6 12 -13.5
0.00055354 5 13 -13.5
0.0013174 5.5 12.5 -14.5
0.000727691 5 13 -14
0.000343591 6 12 -14.5
0.000827619 5 13 -14.5
0.000126047 6 12 -15.5
0.000589787 5 13 -15.5
5.36912e-05 6 12 -16
0.000966222 5.5 12.5 -15.5
0.000352822 5 13 -16
2.57573e-05 5 13 -17
0.000134696 5.5 12.5 -17
3.36526e-05 5.5 12.5 -17.5
0.000148272 5 13 -16.5
0.000346624 5.5 12.5 -16.5
0.000647684 5.5 12.5 -16
0.0007585 5 13 -15
0.00121525 5.5 12.5 -15
0.000223166 6 12 -15
0.00140723 5.5 12.5 -14
0.000391499 6 12 -14
5.75748e-05 6 12.5 -10.5
0.000362622 6 12 -13
4.49007e-05 5.5 13 -10.5
0.000137165 6 12.5 -11
2.01849e-05 6.5 12 -11
0.000130722 5.5 13 -11
0.000260597 6 12.5 -11.5
3.38519e-05 6.5 12 -11.5
0.000288621 5.5 13 -11.5
2.76067e-05 5 13.5 -11.5
0.000508213 5.5 13 -12
0.000615201 6 12.5 -12.5
3.63488e-05 6.5 12 -12.5
5.97107e-05 5 13.5 -12
0.000791389 5.5 13 -12.5
0.000114296 5 13.5 -12.5
0.00108208 5.5 13 -13
0.000188354 5 13.5 -13
0.00127044 5.5 13 -13.5
0.000812681 6 12.5 -13.5
0.000259442 5 13.5 -13.5
0.00031712 5 13.5 -14
0.00124445 5.5 13 -14.5
0.000664647 6 12.5 -14.5
0.000340153 5 13.5 -14.5
0.000254548 5 13.5 -15
0.000752417 5.5 13 -15.5
0.000292684 6 12.5 -15.5
4.22284e-05 5 13.5 -16
6.04671e-05 6 12.5 -16.5
0.00043677 5.5 13 -16
5.81409e-05 5.5 13 -17
0.000193176 5.5 13 -16.5
0.000142441 5 13.5 -15.5
0.000156006 6 12.5 -16
0.00104893 5.5 13 -15
0.000470817 6 12.5 -15
0.00135329 5.5 13 -14
0.000780326 6 12.5 -14
0.00075592 6 12.5 -13
3.22334e-05 6 13 -9.5
8.84397e-05 6 13 -10
2.59412e-05 6.5 12.5 -10
0.000195963 6 13 -10.5
4.81177e-05 5.5 13.5 -10.5
0.000343189 6 13 -11
0.000122811 5.5 13.5 -11
0.000548062 6 13 -11.5
0.000145486 6.5 12.5 -11.5
0.000263759 5.5 13.5 -11.5
0.00046078 5.5 13.5 -12
0.000168952 6.5 12.5 -12.5
3.13071e-05 5 14 -12
0.000693689 5.5 13.5 -12.5
0.000139541 6.5 12.5 -13
0.00096083 6 13 -12.5
5.08117e-05 5 14 -12.5
0.000917057 5.5 13.5 -13
0.00114044 6 13 -13.5
0.000106999 6.5 12.5 -13.5
6.85804e-05 5 14 -13
0.00105286 5.5 13.5 -13.5
7.98446e-05 5 14 -13.5
0.00107462 5.5 13.5 -14
7.34146e-05 5 14 -14
0.000907711 5.5 13.5 -14.5
0.000847119 6 13 -14.5
4.95268e-05 5 14 -14.5
0.000660859 5.5 13.5 -15
0.000184248 5.5 13.5 -16
0.000186961 6 13 -16
5.31012e-05 5.5 13.5 -16.5
6.8595e-05 6 13 -16.5
0.000402947 5.5 13.5 -15.5
0.000372872 6 13 -15.5
0.000605376 6 13 -15
0.00105829 6 13 -14
5.65797e-05 6.5 12.5 -14
3.02337e-05 6.5 13 -9
0.00105019 6 13 -13
0.000779322 6 13 -12
2.42212e-05 6 13.5 -9
6.46623e-05 6.5 13 -9.5
7.49742e-05 6 13.5 -9.5
0.000119097 6.5 13 -10
0.000169946 6 13.5 -10
0.000196354 6.5 13 -10.5
0.000325736 6 13.5 -10.5
4.2985e-05 5.5 14 -10.5
0.000557378 6 13.5 -11
9.39251e-05 5.5 14 -11
0.000775303 6 13.5 -11.5
0.000180463 5.5 14 -11.5
0.000974955 6 13.5 -12
0.000305231 5.5 14 -12
0.00111786 6 13.5 -12.5
0.000477277 6.5 13 -12.5
0.00043764 5.5 14 -12.5
0.00118328 6 13.5 -13
0.000544222 5.5 14 -13
0.0011202 6 13.5 -13.5
0.000348807 6.5 13 -13.5
0.00059575 5.5 14 -13.5
0.000532152 5.5 14 -14
0.000124643 6.5 13 -14.5
0.000995222 6 13.5 -14
0.000398887 5.5 14 -14.5
5.54086e-05 6.5 13 -15
0.00023803 5.5 14 -15
0.000525885 6 13.5 -15
9.87029e-05 5.5 14 -15.5
0.000135423 6 13.5 -16
4.10366e-05 6 13.5 -16.5
0.000300243 6 13.5 -15.5
0.00077202 6 13.5 -14.5
0.000222528 6.5 13 -14
2.32165e-05 6.5 13.5 -8
5.35746e-05 6.5 13.5 -8.5
0.000115209 6.5 13.5 -9
2.91577e-05 7 13 -9
3.21322e-05 6 14 -9
7.58643e-05 6 14 -9.5
6.92386e-05 7 13 -10
0.000195291 6.5 13.5 -9.5
0.000169548 6 14 -10
8.38278e-05 7 13 -10.5
0.000305947 6.5 13.5 -10
0.000431459 6.5 13.5 -10.5
4.79604e-05 7 13 -9.5
0.000431387 6.5 13 -13
0.000320584 6 14 -10.5
0.000551545 6.5 13.5 -11
8.11806e-05 7 13 -11
2.94525e-05 5.5 14.5 -10.5
0.000524963 6 14 -11
0.00069175 6.5 13.5 -11.5
6.79659e-05 7 13 -11.5
5.55865e-05 5.5 14.5 -11
0.000737402 6 14 -11.5
9.31446e-05 5.5 14.5 -11.5
0.000928329 6 14 -12
0.000779619 6.5 13.5 -12
0.000137048 5.5 14.5 -12
0.00103338 6 14 -12.5
0.000176118 5.5 14.5 -12.5
0.00107089 6 14 -13
0.000740059 6.5 13.5 -13
0.000198246 5.5 14.5 -13
0.000947794 6 14 -13.5
0.000191415 5.5 14.5 -13.5
0.000765187 6 14 -14
0.000430266 6.5 13.5 -14
0.000127443 5.5 14.5 -14
0.000542069 6 14 -14.5
6.02454e-05 5.5 14.5 -14.5
0.000325727 6 14 -15
0.000140591 6.5 13.5 -15
0.000153379 6 14 -15.5
4.81143e-05 6 14 -16
5.94735e-05 6.5 13.5 -15.5
0.000263816 6.5 13.5 -14.5
2.73806e-05 7 13.5 -7.5
2.05261e-05 6.5 14 -7.5
0.000612822 6.5 13.5 -13.5
4.87105e-05 7 13.5 -8
0.000811027 6.5 13.5 -12.5
5.26581e-05 6.5 14 -8
8.04372e-05 7 13.5 -8.5
0.000111921 6.5 14 -8.5
0.000118083 7 13.5 -9
0.000217075 6.5 14 -9
3.00869e-05 6 14.5 -9
0.00036361 6.5 14 -9.5
0.00017104 7 13.5 -9.5
6.56635e-05 6 14.5 -9.5
0.000512095 6.5 14 -10
0.000219984 7 13.5 -10
0.000135487 6 14.5 -10
0.000665371 6.5 14 -10.5
0.000254379 6 14.5 -10.5
0.000805439 6.5 14 -11
0.000398014 6 14.5 -11
0.000551843 6 14.5 -11.5
0.000200679 7 13.5 -12
0.000897601 6.5 14 -11.5
2.52807e-05 5.5 15 -11.5
0.0006742 6 14.5 -12
0.000135534 7 13.5 -12.5
2.80191e-05 5.5 15 -12
0.000733511 6 14.5 -12.5
7.5582e-05 7 13.5 -13
0.000926426 6.5 14 -12.5
2.37155e-05 5.5 15 -12.5
0.000635915 6.5 14 -13.5
0.000720685 6 14.5 -13
0.000585177 6 14.5 -13.5
0.000246978 6 14.5 -14.5
0.000277413 6.5 14 -14.5
3.13547e-05 6 14.5 -15.5
5.90724e-05 6.5 14 -15.5
0.000114317 6 14.5 -15
0.0001461 6.5 14 -15
0.000415916 6 14.5 -14
0.000447602 6.5 14 -14
2.23523e-05 7 14 -6.5
5.08809e-05 7 14 -7
2.57739e-05 7.5 13.5 -7.5
9.34241e-05 7 14 -7.5
0.000819079 6.5 14 -13
2.50216e-05 6.5 14.5 -7.5
3.56498e-05 7.5 13.5 -8
5.48505e-05 6.5 14.5 -8
4.58283e-05 7.5 13.5 -8.5
0.000143444 7 14 -8
0.000207655 7 14 -8.5
0.000924201 6.5 14 -12
0.000116804 6.5 14.5 -8.5
5.21506e-05 7.5 13.5 -9
0.000222064 6.5 14.5 -9
4.87169e-05 7.5 13.5 -9.5
0.000280562 7 14 -9
0.000353446 7 14 -9.5
0.000359217 6.5 14.5 -9.5
0.00044281 7 14 -10
3.6819e-05 7.5 13.5 -10
4.56858e-05 6 15 -9.5
0.000518232 6.5 14.5 -10
0.000506783 7 14 -10.5
8.31776e-05 6 15 -10
0.000685805 6.5 14.5 -10.5
0.000138961 6 15 -10.5
0.000803353 6.5 14.5 -11
0.000207551 6 15 -11
0.000879353 6.5 14.5 -11.5
0.000498994 7 14 -11.5
0.000277762 6 15 -11.5
0.000906219 6.5 14.5 -12
0.000316052 6 15 -12
0.00084173 6.5 14.5 -12.5
0.000314852 7 14 -12.5
0.000324816 6 15 -12.5
0.000273802 6 15 -13
0.000526421 6.5 14.5 -13.5
0.000113826 7 14 -13.5
0.000189722 6 15 -13.5
9.6416e-05 6 15 -14
0.000204586 6.5 14.5 -14.5
2.62918e-05 6 15 -14.5
3.11438e-05 6.5 14.5 -15.5
9.45298e-05 6.5 14.5 -15
3.16809e-05 7.5 14 -6
0.000354676 6.5 14.5 -14
5.10904e-05 7.5 14 -6.5
5.42991e-05 7 14 -14
4.24185e-05 7 14.5 -6.5
0.000694358 6.5 14.5 -13
8.77838e-05 7 14.5 -7
7.37912e-05 7.5 14 -7
0.0002035 7 14 -13
0.000160222 7 14.5 -7.5
9.57756e-05 7.5 14 -7.5
0.000255866 7 14.5 -8
0.000126371 7.5 14 -8
4.94352e-05 6.5 15 -8
0.00035289 7 14.5 -8.5
0.000152552 7.5 14 -8.5
0.000424472 7 14 -12
0.00010057 6.5 15 -8.5
0.000455162 7 14.5 -9
0.00016891 7.5 14 -9
0.000188515 6.5 15 -9
0.00055919 7 14.5 -9.5
0.000173256 7.5 14 -9.5
0.000304518 6.5 15 -9.5
0.000440396 6.5 15 -10
0.000115459 7.5 14 -10.5
3.66826e-05 6 15.5 -10
0.000578986 6.5 15 -10.5
7.9861e-05 7.5 14 -11
5.37873e-05 6 15.5 -10.5
0.000693221 6.5 15 -11
0.000680484 7 14.5 -11.5
3.57122e-05 7.5 14 -11.5
7.09767e-05 6 15.5 -11
0.000731887 6.5 15 -11.5
8.18479e-05 6 15.5 -11.5
0.000714837 6.5 15 -12
7.28051e-05 6 15.5 -12
0.00060444 6.5 15 -12.5
0.000467349 7 14.5 -12.5
5.01833e-05 6 15.5 -12.5
0.00046088 6.5 15 -13
0.000312031 6.5 15 -13.5
0.000204306 7 14.5 -13.5
0.000182133 6.5 15 -14
8.47476e-05 6.5 15 -14.5
5.17679e-05 7 14.5 -14.5
2.31458e-05 6.5 15 -15
4.50436e-05 7.5 14.5 -5.5
2.95553e-05 8 14 -6
8.04441e-05 7.5 14.5 -6
0.000111417 7 14.5 -14
0.00012434 7.5 14.5 -6.5
3.7171e-05 8 14 -6.5
4.33188e-05 7 15 -6.5
0.000168115 7.5 14.5 -7
4.23104e-05 8 14 -7
8.7149e-05 7 15 -7
0.00021371 7.5 14.5 -7.5
4.43391e-05 8 14 -7.5
0.000331035 7 14.5 -13
0.000157249 7 15 -7.5
0.000254983 7.5 14.5 -8
3.84288e-05 8 14 -8
0.000251489 7 15 -8
2.88094e-05 8 14 -8.5
0.00059081 7 14.5 -12
3.49415e-05 6.5 15.5 -8
0.000362699 7 15 -8.5
0.000307844 7.5 14.5 -8.5
6.52166e-05 6.5 15.5 -8.5
0.000488177 7 15 -9
0.000345182 7.5 14.5 -9
0.000111604 6.5 15.5 -9
0.000586871 7 15 -9.5
0.000178157 6.5 15.5 -9.5
0.000667975 7 15 -10
0.000259828 6.5 15.5 -10
0.000703628 7 15 -10.5
0.000336185 6.5 15.5 -10.5
0.000383 6.5 15.5 -11
0.000146366 7.5 14.5 -11.5
0.000697029 7 15 -11
0.000395785 6.5 15.5 -11.5
7.13591e-05 7.5 14.5 -12
0.000343178 6.5 15.5 -12
0.000569232 7 15 -12
0.000264274 6.5 15.5 -12.5
0.000173552 6.5 15.5 -13
0.000306431 7 15 -13
9.02981e-05 6.5 15.5 -13.5
2.48378e-05 6.5 15.5 -14
9.78816e-05 7 15 -14
4.21876e-05 7 15 -14.5
4.69964e-05 8 14.5 -5
2.73482e-05 7.5 15 -5
6.89189e-05 8 14.5 -5.5
0.000186239 7 15 -13.5
6.25409e-05 7.5 15 -5.5
9.13673e-05 8 14.5 -6
0.000112872 7.5 15 -6
0.000185839 7.5 15 -6.5
0.000111586 8 14.5 -6.5
0.000441113 7 15 -12.5
0.000657224 7 15 -11.5
3.63927e-05 7 15.5 -6.5
0.000259563 7.5 15 -7
0.000128199 8 14.5 -7
7.01128e-05 7 15.5 -7
0.000328402 7.5 15 -7.5
0.000133503 8 14.5 -7.5
0.000130295 7 15.5 -7.5
0.000391507 7.5 15 -8
0.000129605 8 14.5 -8
0.000214587 7 15.5 -8
0.000441955 7.5 15 -8.5
0.000106094 8 14.5 -8.5
0.000317818 7 15.5 -8.5
0.000478161 7.5 15 -9
2.15653e-05 6.5 16 -8.5
0.000433215 7 15.5 -9
0.000509084 7.5 15 -9.5
4.98072e-05 6.5 16 -9
0.000530232 7 15.5 -9.5
7.14764e-05 6.5 16 -9.5
0.000590478 7 15.5 -10
9.44275e-05 6.5 16 -10
0.000612548 7 15.5 -10.5
0.000110538 6.5 16 -10.5
0.000579976 7 15.5 -11
0.00038521 7.5 15 -11
0.000113389 6.5 16 -11
0.000525034 7 15.5 -11.5
9.20832e-05 6.5 16 -11.5
0.000429576 7 15.5 -12
0.000171136 7.5 15 -12
5.95092e-05 6.5 16 -12
2.46952e-05 6.5 16 -12.5
5.39418e-05 7.5 15 -13
0.000309012 7 15.5 -12.5
9.97144e-05 7 15.5 -13.5
2.03366e-05 8 15 -4
4.11302e-05 7 15.5 -14
2.50474e-05 8.5 14.5 -4.5
6.12651e-05 8 15 -4.5
3.73824e-05 8.5 14.5 -5
0.000101209 8 15 -5
0.000193707 7 15.5 -13
2.48479e-05 7.5 15.5 -5
4.2308e-05 8.5 14.5 -5.5
0.000136757 8 15 -5.5
5.85506e-05 7.5 15.5 -5.5
4.37411e-05 8.5 14.5 -6
0.000173072 8 15 -6
0.000108503 7.5 15.5 -6
3.33946e-05 8.5 14.5 -6.5
0.000178677 7.5 15.5 -6.5
0.000204906 8 15 -6.5
0.000234715 8 15 -7
0.00025688 7.5 15.5 -7
0.000102199 7.5 15 -12.5
0.000274364 7.5 15 -11.5
4.37124e-05 7 16 -7
0.000338101 7.5 15.5 -7.5
0.000254733 8 15 -7.5
7.66777e-05 7 16 -7.5
0.000405238 7.5 15.5 -8
0.00025819 8 15 -8
0.000126967 7 16 -8
0.000194007 7 16 -8.5
0.00020591 8 15 -9
0.000461913 7.5 15.5 -8.5
0.000266836 7 16 -9
0.000154765 8 15 -9.5
0.000496427 7.5 15.5 -9
0.000321785 7 16 -9.5
0.000100528 8 15 -10
0.000509737 7.5 15.5 -9.5
0.000353933 7 16 -10
0.000465056 7.5 15.5 -10.5
5.61136e-05 8 15 -10.5
0.000372111 7 16 -10.5
0.000334008 7 16 -11
0.000276259 7 16 -11.5
0.000294058 7.5 15.5 -11.5
0.000201499 7 16 -12
0.00012266 7 16 -12.5
0.000135045 7.5 15.5 -12.5
5.52495e-05 7 16 -13
2.95284e-05 7.5 15.5 -13.5
2.25071e-05 8.5 15 -3.5
5.69273e-05 8.5 15 -4
2.98415e-05 8 15.5 -4
7.9711e-05 8.5 15 -4.5
6.86218e-05 8 15.5 -4.5
0.000115189 8 15.5 -5
9.58398e-05 8.5 15 -5
6.89799e-05 7.5 15.5 -13
0.000108703 8.5 15 -5.5
0.000175993 8 15.5 -5.5
4.2927e-05 7.5 16 -5.5
0.000226657 8 15.5 -6
0.000111967 8.5 15 -6
0.000211479 7.5 15.5 -12
7.97085e-05 7.5 16 -6
0.000274899 8 15.5 -6.5
0.00010401 8.5 15 -6.5
0.000135623 7.5 16 -6.5
8.61766e-05 8.5 15 -7
0.000311732 8 15.5 -7
0.000384445 7.5 15.5 -11
0.000210093 7.5 16 -7
0.000335146 8 15.5 -7.5
6.40103e-05 8.5 15 -7.5
0.000291618 7.5 16 -7.5
3.6553e-05 8.5 15 -8
2.93968e-05 7 16.5 -7.5
0.000363697 7.5 16 -8
0.000352715 8 15.5 -8
5.1404e-05 7 16.5 -8
0.000411481 7.5 16 -8.5
0.000354499 8 15.5 -8.5
7.2527e-05 7 16.5 -8.5
0.000442248 7.5 16 -9
9.32037e-05 7 16.5 -9
0.000453833 7.5 16 -9.5
0.000105032 7 16.5 -9.5
0.000429316 7.5 16 -10
0.000111504 7 16.5 -10
0.000363998 7.5 16 -10.5
0.000126156 8 15.5 -10.5
0.000103422 7 16.5 -10.5
0.000297897 7.5 16 -11
8.09901e-05 7 16.5 -11
0.000228472 7.5 16 -11.5
2.95553e-05 8 15.5 -11.5
5.00658e-05 7 16.5 -11.5
0.000156647 7.5 16 -12
4.14241e-05 7.5 16 -13
2.69917e-05 9 15 -3.5
5.03704e-05 8.5 15.5 -3.5
3.99373e-05 9 15 -4
9.27411e-05 8.5 15.5 -4
2.23903e-05 8 16 -4
4.17176e-05 9 15 -4.5
0.000125739 8.5 15.5 -4.5
6.0294e-05 8 16 -4.5
3.29684e-05 9 15 -5
0.000104439 8 16 -5
0.000150844 8.5 15.5 -5
9.19832e-05 7.5 16 -12.5
0.000169617 8.5 15.5 -5.5
0.000161755 8 16 -5.5
0.000217557 8 16 -6
0.000186104 8.5 15.5 -6
4.06841e-05 7.5 16.5 -6
0.000268084 8 16 -6.5
0.000189234 8.5 15.5 -6.5
7.22529e-05 7.5 16.5 -6.5
0.000176255 8.5 15.5 -7
0.000114174 7.5 16.5 -7
0.000149927 8.5 15.5 -7.5
0.000310241 8 16 -7
0.000163454 7.5 16.5 -7.5
0.000108536 8.5 15.5 -8
0.000336695 8 16 -7.5
0.000349407 8 16 -8
0.000214255 7.5 16.5 -8
0.000354774 8 16 -8.5
6.79782e-05 8.5 15.5 -8.5
0.000252202 7.5 16.5 -8.5
0.000329854 8 16 -9
3.73086e-05 8.5 15.5 -9
0.000277173 7.5 16.5 -9
0.000279203 7.5 16.5 -9.5
0.000243816 7.5 16.5 -10
0.00023976 8 16 -10
0.000197916 7.5 16.5 -10.5
0.000148528 7.5 16.5 -11
0.000110216 8 16 -11
3.01305e-05 8 16 -12
5.72709e-05 7.5 16.5 -12
2.48831e-05 9 15.5 -3
6.34335e-05 9 15.5 -3.5
4.89107e-05 8.5 16 -3.5
2.00021e-05 7.5 16.5 -12.5
8.06656e-05 9 15.5 -4
9.11424e-05 8.5 16 -4
0.000129742 8.5 16 -4.5
8.62708e-05 9 15.5 -4.5
0.000100456 7.5 16.5 -11.5
3.1832e-05 8 16.5 -4.5
0.000162509 8.5 16 -5
8.4207e-05 9 15.5 -5
6.50942e-05 8 16.5 -5
0.000190791 8.5 16 -5.5
7.19371e-05 9 15.5 -5.5
6.09335e-05 8 16 -11.5
0.000104093 8 16.5 -5.5
0.000213829 8.5 16 -6
5.49201e-05 9 15.5 -6
0.00015736 8 16.5 -6
0.000233109 8.5 16 -6.5
3.30222e-05 9 15.5 -6.5
0.000212498 8 16.5 -6.5
0.00023732 8.5 16 -7
0.000252945 8 16.5 -7
0.000174114 8 16 -10.5
3.08824e-05 7.5 17 -7
0.000282459 8 16.5 -7.5
0.000217543 8.5 16 -7.5
4.73575e-05 7.5 17 -7.5
0.00029606 8 16.5 -8
0.000180951 8.5 16 -8
6.42305e-05 7.5 17 -8
8.19663e-05 7.5 17 -8.5
8.82268e-05 8.5 16 -9
0.000267471 8 16.5 -9
0.000296984 8 16.5 -8.5
8.84587e-05 7.5 17 -9
0.000239983 8 16.5 -9.5
4.95475e-05 8.5 16 -9.5
7.78727e-05 7.5 17 -9.5
0.000193844 8 16.5 -10
5.47142e-05 7.5 17 -10
3.67975e-05 7.5 17 -10.5
8.88993e-05 8 16.5 -11
2.85386e-05 9 16 -3
2.55439e-05 9.5 15.5 -3.5
2.27103e-05 8.5 16.5 -3.5
2.4098e-05 9.5 15.5 -4
7.3518e-05 9 16 -3.5
0.000100872 9 16 -4
6.5707e-05 8.5 16.5 -4
0.00010687 8.5 16.5 -4.5
0.0001163 9 16 -4.5
0.00014418 8.5 16.5 -5
0.000122752 9 16 -5
0.000174766 8.5 16.5 -5.5
0.000118947 9 16 -5.5
4.91577e-05 8 16.5 -11.5
4.35477e-05 8 17 -5.5
0.000101275 9 16 -6
0.000199418 8.5 16.5 -6
0.000138953 8 16.5 -10.5
7.16443e-05 8 17 -6
0.000213432 8.5 16.5 -6.5
7.83686e-05 9 16 -6.5
9.85527e-05 8 17 -6.5
0.000222211 8.5 16.5 -7
5.00282e-05 9 16 -7
0.000125419 8 17 -7
0.000153388 8 17 -7.5
0.000212247 8.5 16.5 -7.5
0.00016542 8 17 -8
0.000166398 8 17 -8.5
0.000149371 8 17 -9
4.90988e-05 8.5 16.5 -10
9.15837e-05 8 17 -10
2.30553e-05 8 17 -11
2.28568e-05 9.5 16 -3
5.75166e-05 9 16.5 -3.5
4.45696e-05 9.5 16 -3.5
9.21433e-05 9 16.5 -4
4.90166e-05 9.5 16 -4
2.17699e-05 8.5 17 -4
3.92884e-05 9.5 16 -4.5
4.99288e-05 8.5 17 -4.5
2.02052e-05 9.5 16 -5
0.000110885 9 16.5 -4.5
0.000123042 9 16.5 -5
5.79591e-05 8 17 -10.5
7.96339e-05 8.5 17 -5
0.000124493 8 17 -9.5
0.000111264 8.5 17 -5.5
0.000127871 9 16.5 -5.5
0.000135198 8.5 17 -6
0.00012783 9 16.5 -6
0.000150703 8.5 17 -6.5
0.000113903 9 16.5 -6.5
2.41396e-05 8 17.5 -7
5.78151e-05 9 16.5 -7.5
0.000157975 8.5 17 -7
3.34675e-05 8 17.5 -7.5
3.27378e-05 9 16.5 -8
3.61042e-05 8 17.5 -8
3.53972e-05 8 17.5 -8.5
2.43971e-05 8 17.5 -9
9.81749e-05 8.5 17 -9
3.91347e-05 8.5 17 -10
4.08279e-05 9.5 16.5 -3.5
4.82613e-05 9 17 -4
5.41536e-05 9.5 16.5 -4
5.51114e-05 9.5 16.5 -4.5
4.39955e-05 9.5 16.5 -5
7.35002e-05 9 17 -4.5
9.24562e-05 9 17 -5
0.000103171 9 17 -5.5
3.11718e-05 9.5 16.5 -5.5
3.09401e-05 8.5 17.5 -5.5
0.000108525 9 17 -6
4.45541e-05 8.5 17.5 -6
5.53973e-05 8.5 17.5 -6.5
0.000101635 9 17 -6.5
6.23267e-05 8.5 17.5 -7
8.47751e-05 9 17 -7
6.44382e-05 8.5 17.5 -7.5
6.06127e-05 8.5 17.5 -8
3.48235e-05 9.5 17 -4
4.32286e-05 9.5 17 -4.5
3.20029e-05 9 17.5 -5
4.42912e-05 9.5 17 -5
2.76512e-05 9.5 17 -6
4.26137e-05 9 17.5 -5.5
3.80681e-05 9.5 17 -5.5
4.70924e-05 9 17.5 -6
3.46842e-05 8.5 17.5 -9
4.88964e-05 8.5 17.5 -8.5
4.89188e-05 9 17.5 -6.5
4.76442e-05 9 17.5 -7
2.95825e-05 9 17.5 -8
4.02052e-05 9 17.5 -7.5
2.13557e-05 9 17 -8.5
4.64787e-05 9 17 -8
6.67483e-05 9 17 -7.5
6.65033e-05 8.5 17 -9.5
0.000128123 8.5 17 -8.5
0.000146152 8.5 17 -8
0.000154862 8.5 17 -7.5
8.75755e-05 9 16.5 -7
8.28001e-05 8.5 16.5 -9.5
0.000124451 8.5 16.5 -9
0.000162117 8.5 16.5 -8.5
0.000188105 8.5 16.5 -8
0.000131318 8.5 16 -8.5
0.000290957 8 16 -9.5
6.73172e-05 8 15.5 -11
0.000194623 8 15.5 -10
0.000268802 8 15.5 -9.5
0.000322957 8 15.5 -9
0.000514565 7.5 15.5 -10
0.000237875 8 15 -8.5
0.000465182 7.5 15 -10.5
0.000514277 7.5 15 -10
4.92587e-05 8 14.5 -9.5
7.94493e-05 8 14.5 -9
0.000233063 7.5 14.5 -11
0.000303727 7.5 14.5 -10.5
0.000340892 7.5 14.5 -10
0.000357799 7.5 14.5 -9.5
0.000717038 7 14.5 -11
0.000683324 7 14.5 -10.5
0.00063966 7 14.5 -10
0.000147405 7.5 14 -10
0.000529945 7 14 -11
0.000253822 7 13.5 -11.5
0.000274026 7 13.5 -11
0.000256512 7 13.5 -10.5
4.42049e-05 7 13 -12
0.000457187 6.5 13 -12
0.000396238 6.5 13 -11.5
0.000299995 6.5 13 -11
0.000172376 6.5 12.5 -12
9.70343e-05 6.5 12.5 -11
5.17279e-05 6.5 12.5 -10.5
0.000431179 6 12.5 -12
4.17534e-05 6.5 12 -12
0.000160309 6 12 -12
7.37758e-05 6 12 -11.5
2.70578e-05 6 12 -11
0.000103633 6 11.5 -13
3.53834e-05 6 11.5 -12
4.23827e-05 5.5 11.5 -12
8.03331e-05 5.5 11 -13
