0.0901245
5.56019e-05 -9.5 -2.5 9.5
5.00452e-05 -10 -2 9.5
5.93407e-05 -10 -2 9
5.82635e-05 -9.5 -2.5 9
6.7744e-05 -9 -2.5 9.5
0.000519755 -9.5 -2 9.5
5.66895e-05 -9 -2.5 8.5
0.000791089 -10 -1.5 9.5
0.000142665 -9.5 -2 10
0.00055679 -9.5 -2 9
0.000815747 -10 -1.5 9
0.000159569 -10.5 -1 9.5
0.000223225 -10 -1.5 10
0.000304615 -9.5 -2 8.5
0.00020522 -10.5 -1 9
0.000418819 -10 -1.5 8.5
0.000141567 -10.5 -1 8.5
3.00475e-05 -8.5 -2.5 9
0.000580752 -9 -2 9.5
0.000680413 -9 -2 9
0.00383785 -9.5 -1.5 9.5
3.02746e-05 -8.5 -2.5 8.5
0.000543473 -9 -2 8.5
0.0060265 -10 -1 9.5
0.00395715 -9.5 -1.5 9
0.0016181 -9.5 -1.5 10
0.005781 -10 -1 9
0.00149064 -10.5 -0.5 9.5
4.03922e-05 -9 -2 8
0.00328559 -10 -1 10
0.0023912 -9.5 -1.5 8.5
8.7507e-05 -9.5 -1.5 10.5
0.00149141 -10.5 -0.5 9
9.09441e-05 -11 0 9.5
0.000587313 -10.5 -0.5 10
0.00283217 -10 -1 8.5
0.000201537 -10 -1 10.5
0.000104728 -11 0 9
0.000870195 -10.5 -0.5 8.5
8.63148e-05 -11 0 8.5
0.000260471 -8.5 -2 9
0.00365148 -9 -1.5 9.5
0.000126152 -8.5 -2 9.5
0.000295016 -8.5 -2 8.5
0.0120051 -9.5 -1 9.5
0.00139073 -9 -1.5 10
0.00399766 -9 -1.5 9
0.0122381 -9.5 -1 9
0.000163734 -8.5 -2 8
0.0126055 -10 -0.5 9.5
0.00013949 -9 -1.5 10.5
0.00580529 -9.5 -1 10
0.00297186 -9 -1.5 8.5
0.00867926 -9.5 -1 8.5
0.0125556 -10 -0.5 9
0.00253006 -10.5 0 9.5
0.00585741 -10 -0.5 10
0.000804453 -9 -1.5 8
0.00279944 -10.5 0 9
0.000129962 -11 0.5 9.5
0.000827378 -10.5 0 10
0.00148521 -9.5 -1 8
0.00859657 -10 -0.5 8.5
0.00076882 -10 -0.5 10.5
0.000204007 -11 0.5 9
0.00226542 -10.5 0 8.5
6.5486e-05 -10.5 0 10.5
0.00174141 -10 -0.5 8
3.33852e-05 -10 -0.5 11
0.000185166 -11 0.5 8.5
0.000662445 -10.5 0 8
9.56174e-05 -11 0.5 8
0.000541828 -8.5 -1.5 9.5
0.00991004 -9 -1 9.5
5.41227e-05 -8 -2 8
0.00150245 -8.5 -1.5 8.5
0.00417974 -9 -1 10
0.0182787 -9.5 -0.5 9.5
0.0107832 -9 -1 9
0.019677 -9.5 -0.5 9
0.000827693 -8.5 -1.5 8
0.013298 -10 0 9.5
0.000623512 -9 -1 10.5
0.00810494 -9.5 -0.5 10
0.00847471 -9 -1 8.5
0.0142927 -10 0 9
0.00251841 -10.5 0.5 9.5
0.000116018 -8.5 -1.5 7.5
0.00342493 -9 -1 8
0.015788 -9.5 -0.5 8.5
0.00575441 -10 0 10
0.00130115 -9.5 -0.5 10.5
4.32715e-05 -9 -1 11
0.00302263 -10.5 0.5 9
0.011951 -10 0 8.5
0.000123268 -11 1 9.5
0.000797359 -10.5 0.5 10
0.0061464 -9.5 -0.5 8
0.000776656 -10 0 10.5
0.000106025 -9.5 -0.5 11
0.000203028 -11 1 9
0.0027408 -10.5 0.5 8.5
6.56642e-05 -10.5 0.5 10.5
0.00520493 -10 0 8
4.85013e-05 -10 0 11
0.000199558 -11 1 8.5
0.00152528 -10.5 0.5 8
0.000146042 -11 1 8
0.00014554 -10.5 0.5 7.5
3.6692e-05 -11 1 7.5
0.000109929 -10 0 7.5
0.00169953 -8.5 -1 9.5
0.014687 -9 -0.5 9.5
0.000208237 -8 -1.5 8
0.00359407 -8.5 -1 8.5
0.0184678 -9.5 0 9.5
0.0166884 -9 -0.5 9
0.00625544 -9 -0.5 10
0.0206513 -9.5 0 9
0.000103687 -8 -1.5 7.5
0.0119965 -10 0.5 9.5
0.00235142 -8.5 -1 8
0.00788158 -9.5 0 10
0.01414 -9 -0.5 8.5
0.00103885 -9 -0.5 10.5
0.0136862 -10 0.5 9
0.0176853 -9.5 0 8.5
0.00211941 -10.5 1 9.5
0.00473815 -10 0.5 10
0.000638853 -8.5 -1 7.5
0.00127124 -9.5 0 10.5
0.00676589 -9 -0.5 8
0.0029196 -10.5 1 9
0.0115621 -10 0.5 8.5
0.000110841 -11 1.5 9.5
0.000620359 -10.5 1 10
0.00107149 -9 -0.5 7.5
0.000675073 -10 0.5 10.5
0.00939399 -9.5 0 8
0.000109938 -9.5 0 11
0.000199231 -11 1.5 9
0.00262267 -10.5 1 8.5
0.00614642 -10 0.5 8
2.10308e-05 -11 1.5 10
6.96947e-05 -10.5 1 10.5
4.77407e-05 -10 0.5 11
0.00170503 -9.5 0 7.5
0.000194293 -11 1.5 8.5
0.00158115 -10.5 1 8
0.00166133 -10 0.5 7.5
0.000135616 -11 1.5 8
0.000583677 -10.5 1 7.5
6.5667e-05 -11 1.5 7.5
9.1339e-05 -9 -0.5 11
0.00374415 -8.5 -0.5 9.5
0.0148888 -9 0 9.5
0.0062715 -8.5 -0.5 9
0.0174661 -9 0 9
0.000416503 -8 -1 8
0.0153931 -9.5 0.5 9.5
0.00620134 -9 0 10
0.0060345 -8.5 -0.5 8.5
0.0181787 -9.5 0.5 9
0.00636227 -10 1 9.5
0.000297771 -8 -1 7.5
0.00406072 -8.5 -0.5 8
0.00638902 -9.5 0.5 10
0.0153662 -9 0 8.5
0.00104053 -9 0 10.5
0.00853397 -10 1 9
0.0159187 -9.5 0.5 8.5
0.000611409 -10.5 1.5 9.5
7.0825e-05 -8 -1 7
0.00240271 -10 1 10
0.00128741 -8.5 -0.5 7.5
0.00103861 -9.5 0.5 10.5
0.00871627 -9 0 8
9.44882e-05 -9 0 11
0.00121685 -10.5 1.5 9
0.00785309 -10 1 8.5
0.0091568 -9.5 0.5 8
2.75702e-05 -11 2 9.5
0.000150252 -10.5 1.5 10
0.000369737 -10 1 10.5
0.00259674 -9 0 7.5
9.10094e-05 -9.5 0.5 11
8.50133e-05 -11 2 9
0.00134129 -10.5 1.5 8.5
0.00512201 -10 1 8
2.80787e-05 -10 1 11
0.00315454 -9.5 0.5 7.5
9.95344e-05 -11 2 8.5
0.00107868 -10.5 1.5 8
0.00198508 -10 1 7.5
9.28862e-05 -11 2 8
0.000559154 -10.5 1.5 7.5
5.54662e-05 -11 2 7.5
0.000164302 -10.5 1.5 7
0.000349759 -10 1 7
0.000155605 -9.5 0.5 7
0.000343977 -8 -0.5 8.5
0.0125451 -9 0.5 9.5
0.00744179 -8.5 0 9
0.0151586 -9 0.5 9
0.00800591 -9.5 1 9.5
0.000709736 -8 -0.5 8
0.00521015 -9 0.5 10
0.00703001 -8.5 0 8.5
0.0101437 -9.5 1 9
0.00110855 -10 1.5 9.5
0.00054253 -8 -0.5 7.5
0.00345104 -9.5 1 10
0.0046231 -8.5 0 8
0.000868769 -9 0.5 10.5
0.0134797 -9 0.5 8.5
0.00210283 -10 1.5 9
0.0091714 -9.5 1 8.5
0.00812143 -9 0.5 8
0.000330042 -10 1.5 10
0.000152609 -8 -0.5 7
0.000621274 -9.5 1 10.5
0.00184106 -8.5 0 7.5
7.91835e-05 -9 0.5 11
4.5959e-05 -10.5 2 9
0.00242154 -10 1.5 8.5
0.00608395 -9.5 1 8
6.88286e-05 -10 1.5 10.5
0.000262961 -8.5 0 7
5.34742e-05 -9.5 1 11
0.00297948 -9 0.5 7.5
0.00014013 -10.5 2 8.5
0.00207327 -10 1.5 8
0.00275423 -9.5 1 7.5
0.000196552 -10.5 2 8
0.00129088 -10 1.5 7.5
0.000208303 -10.5 2 7.5
0.000119296 -10.5 2 7
2.34269e-05 -10.5 2 6.5
6.86693e-05 -10 1.5 6.5
0.000446544 -10 1.5 7
0.00070521 -9.5 1 7
0.000490757 -9 0.5 7
0.00506138 -8.5 0.5 9.5
0.00673663 -9 1 9.5
0.000905412 -8 0 8.5
0.00191912 -8.5 0.5 10
0.00682005 -8.5 0.5 9
0.00636577 -8.5 0.5 8.5
0.00828084 -9 1 9
3.54106e-05 -7.5 -0.5 7.5
0.00161464 -9.5 1.5 9.5
0.00300436 -9 1 10
0.000954214 -8 0 8
0.000330769 -8.5 0.5 10.5
0.00252054 -9.5 1.5 9
2.44828e-05 -10 2 9.5
3.74938e-05 -7.5 -0.5 7
0.000665405 -9.5 1.5 10
0.000616017 -8 0 7.5
0.00417677 -8.5 0.5 8
0.000553941 -9 1 10.5
0.00748642 -9 1 8.5
8.97919e-05 -10 2 9
0.0025629 -9.5 1.5 8.5
0.00178359 -8.5 0.5 7.5
0.00495269 -9 1 8
0.000168365 -9.5 1.5 10.5
0.000195973 -8 0 7
0.00016457 -10 2 8.5
0.00214406 -9.5 1.5 8
0.000212835 -10 2 8
0.00130775 -9.5 1.5 7.5
0.000422502 -8.5 0.5 7
0.000252746 -10 2 7.5
3.00477e-05 -8.5 0.5 6.5
0.000188904 -10 2 7
7.17021e-05 -9 1 6.5
6.53807e-05 -10 2 6.5
0.00012191 -9.5 1.5 6.5
0.000540822 -9.5 1.5 7
0.000656029 -9 1 7
0.00233431 -9 1 7.5
0.000388833 -8 0.5 9.5
0.00107883 -8 0.5 9
0.00420838 -8.5 1 9
0.00158664 -9 1.5 9.5
0.00124051 -8 0.5 8.5
0.00216245 -9 1.5 9
0.00382543 -8.5 1 8.5
5.29839e-05 -9.5 2 9.5
4.50045e-05 -7.5 0 7.5
0.000774005 -9 1.5 10
0.00101705 -8 0.5 8
0.000140599 -9.5 2 9
0.00206701 -9 1.5 8.5
4.02244e-05 -7.5 0 7
0.000217325 -9 1.5 10.5
0.00055409 -8 0.5 7.5
0.0025012 -8.5 1 8
0.000215748 -9.5 2 8.5
0.00160314 -9 1.5 8
0.000182464 -8 0.5 7
0.000215215 -9.5 2 8
0.000964108 -9 1.5 7.5
2.45365e-05 -8 0.5 6.5
0.000226492 -9.5 2 7.5
0.000163193 -9.5 2 7
6.84219e-05 -8.5 1 6.5
0.0004204 -9 1.5 7
6.91845e-05 -9.5 2 6.5
0.000104378 -9 1.5 6.5
0.000374987 -8.5 1 7
0.00117828 -8.5 1 7.5
2.72298e-05 -8.5 1 11
0.000814062 -8 1 9.5
0.00126025 -8.5 1.5 9.5
0.00144917 -8.5 1.5 9
8.30005e-05 -9 2 9.5
5.73681e-05 -7.5 0.5 8
0.00066767 -8.5 1.5 10
0.00111034 -8 1 8.5
0.000160739 -9 2 9
0.0012799 -8.5 1.5 8.5
2.71109e-05 -9 2 10
5.92763e-05 -7.5 0.5 7.5
0.000157306 -8.5 1.5 10.5
0.000765366 -8 1 8
0.000199662 -9 2 8.5
0.000872828 -8.5 1.5 8
3.04097e-05 -7.5 0.5 7
0.000148177 -9 2 7.5
0.000116865 -8 1 7
0.000466347 -8.5 1.5 7.5
2.40752e-05 -8 1 6.5
4.25136e-05 -8.5 1.5 6.5
9.927e-05 -9 2 7
4.32523e-05 -9 2 6.5
0.00018912 -8.5 1.5 7
0.000184948 -9 2 8
4.72177e-05 -7.5 1 9
0.00057199 -8 1.5 9.5
9.2917e-05 -8.5 2 9.5
9.72216e-05 -7.5 1 8.5
0.000146683 -8.5 2 9
0.000278828 -8 1.5 10
0.000640914 -8 1.5 9
4.93681e-05 -8.5 2 10
8.94583e-05 -7.5 1 8
0.000340149 -8 1.5 8
0.000149583 -8.5 2 8.5
2.63071e-05 -8.5 2 10.5
5.32792e-05 -7.5 1 7.5
0.00012464 -8.5 2 8
2.09753e-05 -7.5 1 7
8.51604e-05 -8.5 2 7.5
0.000154776 -8 1.5 7.5
2.09003e-05 -8.5 2 6.5
4.28876e-05 -8.5 2 7
5.4084e-05 -8 1.5 7
8.25568e-05 -7.5 1.5 9.5
0.000123872 -8 2 9.5
0.000127727 -8 2 9
7.79076e-05 -8 2 10
0.00010817 -7.5 1.5 8.5
0.000103238 -8 2 8.5
2.27026e-05 -8 2 10.5
6.87092e-05 -7.5 1.5 8
7.00414e-05 -8 2 8
5.05891e-05 -7.5 2 9.5
3.75552e-05 -7.5 2 8.5
2.40968e-05 -7.5 2 8
2.32773e-05 -7.5 2 10
5.30978e-05 -7.5 2 9
3.52631e-05 -8 2 7.5
2.99491e-05 -7.5 1.5 7.5
0.000111742 -7.5 1.5 9
5.25868e-05 -8 1.5 10.5
0.00054615 -8 1.5 8.5
0.000351839 -8 1 7.5
2.9313e-05 -8 1 10.5
0.000288019 -8 1 10
0.00112399 -8 1 9
0.000280618 -8.5 1 10.5
0.00157039 -8.5 1 10
0.00352758 -8.5 1 9.5
5.06008e-05 -9 1 11
3.17466e-05 -8.5 0.5 11
0.000351925 -8 0 9
2.51868e-05 -8.5 0 11
0.000284692 -8.5 0 10.5
0.00185479 -8.5 0 10
0.00526678 -8.5 0 9.5
0.000134291 -8.5 -0.5 10.5
0.000987157 -8.5 -0.5 10
0.000338042 -8.5 -1 10
0.00344552 -8.5 -1 9
6.47797e-05 -8.5 -1.5 10
0.00117296 -8.5 -1.5 9
3.78134e-05 -9.5 -1 11
0.000789842 -9.5 -1 10.5
0.000169542 -9 -2 10
8.11834e-05 -9 -2.5 9
