0.568728
2.15185e-05 -4.5 -8.5 -13.5
2.59961e-05 -4 -8.5 -13.5
2.47813e-05 -4 -8.5 -14
2.32159e-05 -4 -8 -13
2.9352e-05 -4 -8 -13.5
2.81854e-05 -4 -8 -14
2.35145e-05 -4 -8 -14.5
2.45596e-05 -4 -8 -15
2.13122e-05 -4 -7.5 -13
3.08902e-05 -4 -7.5 -13.5
2.09964e-05 -3.5 -8 -14.5
3.10931e-05 -4 -7.5 -14
2.87702e-05 -3.5 -8 -15
2.79187e-05 -4 -7.5 -14.5
3.65929e-05 -3.5 -7.5 -13.5
4.576e-05 -3.5 -7.5 -14
4.59579e-05 -3.5 -7.5 -14.5
3.42436e-05 -3.5 -7.5 -15
2.97878e-05 -3.5 -7.5 -15.5
2.05033e-05 -4 -7 -14.5
2.77932e-05 -4 -7 -14
2.67679e-05 -4 -7 -13.5
3.13356e-05 -3.5 -7 -13
5.62474e-05 -3.5 -7 -13.5
6.98917e-05 -3.5 -7 -14
7.05321e-05 -3.5 -7 -14.5
2.55371e-05 -3 -7.5 -15.5
5.21708e-05 -3.5 -7 -15
2.45497e-05 -3.5 -7 -15.5
3.4257e-05 -3.5 -6.5 -13
3.05739e-05 -3 -7 -14
6.39449e-05 -3.5 -6.5 -13.5
4.56601e-05 -3 -7 -14.5
8.10457e-05 -3.5 -6.5 -14
5.06689e-05 -3 -7 -15
8.27866e-05 -3.5 -6.5 -14.5
3.32343e-05 -3 -7 -15.5
2.61808e-05 -3 -7 -16
3.14195e-05 -3.5 -6.5 -15.5
6.36374e-05 -3.5 -6.5 -15
5.62641e-05 -3 -6.5 -13.5
2.9964e-05 -3.5 -6 -13
9.85117e-05 -3 -6.5 -14
5.57752e-05 -3.5 -6 -13.5
0.00011724 -3 -6.5 -14.5
7.34956e-05 -3.5 -6 -14
0.000109319 -3 -6.5 -15
7.22786e-05 -3 -6.5 -15.5
3.15155e-05 -3 -6.5 -16
2.7387e-05 -3.5 -6 -15.5
5.2678e-05 -3.5 -6 -15
7.16965e-05 -3.5 -6 -14.5
4.22227e-05 -3 -6 -13
9.90827e-05 -3 -6 -13.5
0.000160056 -3 -6 -14
2.45951e-05 -3.5 -5.5 -13.5
0.000182918 -3 -6 -14.5
2.03644e-05 -2.5 -6.5 -15.5
0.000171349 -3 -6 -15
2.06382e-05 -2.5 -6.5 -16
0.000109263 -3 -6 -15.5
2.1767e-05 -2.5 -6.5 -16.5
4.45857e-05 -3 -6 -16
2.69537e-05 -3.5 -5.5 -14.5
3.11587e-05 -3.5 -5.5 -14
4.80175e-05 -3 -5.5 -13
4.08636e-05 -2.5 -6 -14
0.000115704 -3 -5.5 -13.5
8.99567e-05 -2.5 -6 -14.5
0.000183833 -3 -5.5 -14
0.000111508 -2.5 -6 -15
0.000204128 -3 -5.5 -14.5
0.000101296 -2.5 -6 -15.5
0.000192596 -3 -5.5 -15
6.54541e-05 -2.5 -6 -16
2.61968e-05 -2.5 -6 -16.5
4.82508e-05 -3 -5.5 -16
0.000126141 -3 -5.5 -15.5
7.80248e-05 -2.5 -5.5 -13.5
3.50641e-05 -3 -5 -13
0.000174053 -2.5 -5.5 -14
9.83779e-05 -3 -5 -13.5
0.000250912 -2.5 -5.5 -14.5
0.000154242 -3 -5 -14
0.000259734 -2.5 -5.5 -15
0.000164294 -3 -5 -14.5
0.000221333 -2.5 -5.5 -15.5
0.000123923 -2.5 -5.5 -16
4.04102e-05 -2.5 -5.5 -16.5
3.59634e-05 -3 -5 -16
9.08648e-05 -3 -5 -15.5
0.000149321 -3 -5 -15
4.79004e-05 -2.5 -5 -13
0.000154792 -2.5 -5 -13.5
0.000298198 -2.5 -5 -14
3.65059e-05 -3 -4.5 -13.5
0.000400122 -2.5 -5 -14.5
5.70077e-05 -3 -4.5 -14
0.000415345 -2.5 -5 -15
3.75898e-05 -2 -5.5 -16
0.000351024 -2.5 -5 -15.5
3.53375e-05 -2 -5.5 -16.5
0.000183817 -2.5 -5 -16
2.2553e-05 -2 -5.5 -17
5.61306e-05 -2.5 -5 -16.5
2.84873e-05 -3 -4.5 -15.5
4.9962e-05 -3 -4.5 -15
6.01924e-05 -3 -4.5 -14.5
5.30974e-05 -2.5 -4.5 -13
0.00017834 -2.5 -4.5 -13.5
6.47069e-05 -2 -5 -14.5
0.000354886 -2.5 -4.5 -14
0.000157927 -2 -5 -15
0.00046774 -2.5 -4.5 -14.5
0.00021612 -2 -5 -15.5
0.000474781 -2.5 -4.5 -15
0.000184745 -2 -5 -16
9.55489e-05 -2 -5 -16.5
2.28952e-05 -2 -5 -17
5.13925e-05 -2.5 -4.5 -16.5
0.000205199 -2.5 -4.5 -16
0.000392221 -2.5 -4.5 -15.5
7.75528e-05 -2 -4.5 -13.5
3.2274e-05 -2.5 -4 -13
0.000247241 -2 -4.5 -14
0.000141871 -2.5 -4 -13.5
0.000468172 -2 -4.5 -14.5
0.000288126 -2.5 -4 -14
0.000599046 -2 -4.5 -15
0.000362346 -2.5 -4 -14.5
0.000564035 -2 -4.5 -15.5
0.000380215 -2 -4.5 -16
0.00015168 -2 -4.5 -16.5
2.66876e-05 -2 -4.5 -17
2.41774e-05 -2.5 -4 -16.5
0.000142184 -2.5 -4 -16
0.000282628 -2.5 -4 -15.5
0.000357175 -2.5 -4 -15
5.22295e-05 -2 -4 -13
0.000236988 -2 -4 -13.5
0.000574691 -2 -4 -14
3.96216e-05 -2.5 -3.5 -13.5
0.00089811 -2 -4 -14.5
9.92307e-05 -2.5 -3.5 -14
0.000962064 -2 -4 -15
0.000892785 -2 -4 -15.5
0.000565279 -2 -4 -16
3.19866e-05 -1.5 -4.5 -17
4.1523e-05 -2 -4 -17
0.000192551 -2 -4 -16.5
4.43398e-05 -2.5 -3.5 -16
9.5015e-05 -2.5 -3.5 -15.5
0.000116307 -2.5 -3.5 -15
0.00012028 -2.5 -3.5 -14.5
5.77792e-05 -2 -3.5 -13
0.000273638 -2 -3.5 -13.5
0.000674437 -2 -3.5 -14
0.00104909 -2 -3.5 -14.5
9.9298e-05 -1.5 -4 -15.5
0.00111121 -2 -3.5 -15
0.000214776 -1.5 -4 -16
0.000199495 -1.5 -4 -16.5
9.89688e-05 -1.5 -4 -17
3.10235e-05 -2 -3.5 -17
0.00019626 -2 -3.5 -16.5
0.000607052 -2 -3.5 -16
0.00100518 -2 -3.5 -15.5
2.31028e-05 -1.5 -3.5 -13.5
3.0548e-05 -2 -3 -13
0.00012341 -1.5 -3.5 -14
0.000206794 -2 -3 -13.5
0.000429463 -1.5 -3.5 -14.5
0.000541035 -2 -3 -14
0.000780607 -1.5 -3.5 -15
0.000730617 -2 -3 -14.5
0.000957233 -1.5 -3.5 -15.5
0.000852096 -1.5 -3.5 -16
0.000498376 -1.5 -3.5 -16.5
0.000135122 -1.5 -3.5 -17
0.000108094 -2 -3 -16.5
0.000365285 -2 -3 -16
0.000633453 -2 -3 -15.5
0.000736268 -2 -3 -15
5.52989e-05 -1.5 -3 -13
0.000289757 -1.5 -3 -13.5
0.000886818 -1.5 -3 -14
2.81003e-05 -2 -2.5 -13.5
0.00166815 -1.5 -3 -14.5
9.87768e-05 -2 -2.5 -14
0.00210619 -1.5 -3 -15
0.00205029 -1.5 -3 -15.5
0.00154345 -1.5 -3 -16
0.000116673 -1.5 -3 -17
3.34462e-05 -2 -2.5 -16.5
0.000701311 -1.5 -3 -16.5
9.27851e-05 -2 -2.5 -16
0.000137627 -2 -2.5 -15.5
0.000151369 -2 -2.5 -15
0.000148312 -2 -2.5 -14.5
7.97424e-05 -1.5 -2.5 -13
0.000445409 -1.5 -2.5 -13.5
0.00131779 -1.5 -2.5 -14
0.00226584 -1.5 -2.5 -14.5
0.00256889 -1.5 -2.5 -15
0.0024956 -1.5 -2.5 -15.5
7.79204e-05 -1 -3 -16.5
9.42972e-05 -1 -3 -17
4.66366e-05 -1 -3 -17.5
7.81857e-05 -1.5 -2.5 -17
0.000690935 -1.5 -2.5 -16.5
0.00180123 -1.5 -2.5 -16
5.31457e-05 -1.5 -2 -13
0.000380522 -1.5 -2 -13.5
6.40913e-05 -1 -2.5 -14.5
0.0012186 -1.5 -2 -14
0.000331358 -1 -2.5 -15
0.00195921 -1.5 -2 -14.5
0.000607759 -1 -2.5 -15.5
0.000666165 -1 -2.5 -16.5
0.000323557 -1 -2.5 -17
6.0334e-05 -1 -2.5 -17.5
3.43922e-05 -1.5 -2 -17
0.000335974 -1.5 -2 -16.5
0.00113021 -1.5 -2 -16
0.000780332 -1 -2.5 -16
0.00182263 -1.5 -2 -15.5
0.00200551 -1.5 -2 -15
4.87459e-05 -1 -2 -13
0.000234536 -1 -2 -13.5
0.000840222 -1 -2 -14
3.96554e-05 -1.5 -1.5 -13.5
0.00189921 -1 -2 -14.5
0.000245212 -1.5 -1.5 -14
0.00287837 -1 -2 -15
0.00303504 -1 -2 -15.5
0.00267572 -1 -2 -16
0.00155733 -1 -2 -16.5
3.14106e-05 -1 -2 -17.5
0.000466037 -1 -2 -17
6.08027e-05 -1.5 -1.5 -16.5
0.000204201 -1.5 -1.5 -16
0.000324924 -1.5 -1.5 -15.5
0.000364536 -1.5 -1.5 -15
0.000369799 -1.5 -1.5 -14.5
0.00012039 -1 -1.5 -13
0.000700165 -1 -1.5 -13.5
0.00221199 -1 -1.5 -14
0.00401527 -1 -1.5 -14.5
0.00482808 -1 -1.5 -15
0.00473634 -1 -1.5 -15.5
2.28654e-05 -1 -1.5 -17.5
0.00037949 -1 -1.5 -17
0.00194001 -1 -1.5 -16.5
0.00382299 -1 -1.5 -16
2.41361e-05 -1.5 -1 -15.5
2.48119e-05 -1.5 -1 -15
2.22891e-05 -1.5 -1 -14.5
0.000108659 -1 -1 -13
0.00069976 -1 -1 -13.5
0.00230207 -1 -1 -14
0.00406022 -1 -1 -14.5
7.20689e-05 -0.5 -1.5 -15.5
0.00448182 -1 -1 -15
0.000200479 -0.5 -1.5 -16
0.000199034 -0.5 -1.5 -17
7.28538e-05 -0.5 -1.5 -17.5
0.000126901 -1 -1 -17
0.00125438 -1 -1 -16.5
0.000253197 -0.5 -1.5 -16.5
0.00314043 -1 -1 -16
0.00432161 -1 -1 -15.5
2.75037e-05 -0.5 -1 -13
0.000140427 -0.5 -1 -13.5
0.000572164 -0.5 -1 -14
0.000149513 -1 -0.5 -13.5
0.00142009 -0.5 -1 -14.5
0.00077501 -1 -0.5 -14
0.00227341 -0.5 -1 -15
0.00133013 -1 -0.5 -14.5
0.00257593 -0.5 -1 -15.5
0.00241814 -0.5 -1 -16
0.00163124 -0.5 -1 -16.5
0.000630671 -0.5 -1 -17
8.78557e-05 -0.5 -1 -17.5
2.34302e-05 -1 -0.5 -17
0.000340245 -1 -0.5 -16.5
0.000921834 -1 -0.5 -16
0.00128842 -1 -0.5 -15.5
0.00136303 -1 -0.5 -15
2.80677e-05 -0.5 -0.5 -12.5
0.000177562 -0.5 -0.5 -13
0.000984346 -0.5 -0.5 -13.5
0.00299442 -0.5 -0.5 -14
0.00540689 -0.5 -0.5 -14.5
3.31938e-05 -1 0 -14
0.00655085 -0.5 -0.5 -15
0.00527949 -0.5 -0.5 -16
5.26332e-05 -0.5 -0.5 -17.5
0.00076186 -0.5 -0.5 -17
5.18101e-05 -1 0 -16.5
0.00288078 -0.5 -0.5 -16.5
0.000105195 -1 0 -16
0.000123604 -1 0 -15.5
0.00646571 -0.5 -0.5 -15.5
0.000126129 -1 0 -15
0.000107588 -1 0 -14.5
2.76011e-05 -0.5 0 -12.5
0.000193642 -0.5 0 -13
0.00115664 -0.5 0 -13.5
0.00353879 -0.5 0 -14
0.00608264 -0.5 0 -14.5
0.00677055 -0.5 0 -15
0.000380812 -0.5 0 -17
2.34853e-05 -0.5 0 -17.5
0.00238018 -0.5 0 -16.5
0.00514492 -0.5 0 -16
0.00660057 -0.5 0 -15.5
7.18663e-05 0 0 -13
0.000370177 0 0 -13.5
6.53574e-05 -0.5 0.5 -13
0.00105853 0 0 -14
0.000543678 -0.5 0.5 -13.5
0.00189005 0 0 -14.5
0.00234222 0 0 -15
0.00320666 -0.5 0.5 -14.5
0.00197303 0 0 -16
0.00115603 0 0 -16.5
0.00237427 -0.5 0.5 -16
0.000398656 0 0 -17
4.39394e-05 0 0 -17.5
9.08182e-05 -0.5 0.5 -17
0.000933852 -0.5 0.5 -16.5
0.00323434 -0.5 0.5 -15.5
0.00233058 0 0 -15.5
0.00336111 -0.5 0.5 -15
0.00194463 -0.5 0.5 -14
3.88199e-05 0 0.5 -12.5
0.000248763 0 0.5 -13
0.00130793 0 0.5 -13.5
0.00355286 0 0.5 -14
0.00589526 0 0.5 -14.5
0.00663217 0 0.5 -15
0.00516884 0 0.5 -16
0.00270362 0 0.5 -16.5
5.2887e-05 0 0.5 -17.5
2.00917e-05 -0.5 1 -17
0.000670288 0 0.5 -17
0.000168563 -0.5 1 -16.5
0.000359828 -0.5 1 -16
0.000423455 -0.5 1 -15.5
0.00648867 0 0.5 -15.5
0.000429882 -0.5 1 -15
0.000381298 -0.5 1 -14.5
0.000158897 -0.5 1 -14
2.42185e-05 0.5 0.5 -13
5.2019e-05 0 1 -12.5
0.000114835 0.5 0.5 -13.5
0.000351757 0 1 -13
0.000298696 0.5 0.5 -14
0.0018955 0 1 -13.5
0.000513239 0.5 0.5 -14.5
0.000624363 0.5 0.5 -15
0.00766464 0 1 -14.5
0.000615301 0.5 0.5 -15.5
0.00813859 0 1 -15
0.000513938 0.5 0.5 -16
0.000307244 0.5 0.5 -16.5
0.000114721 0.5 0.5 -17
2.90136e-05 0 1 -17.5
0.000433782 0 1 -17
0.00267177 0 1 -16.5
2.67645e-05 -0.5 1.5 -16
0.00587153 0 1 -16
2.77845e-05 -0.5 1.5 -15.5
0.00784665 0 1 -15.5
2.75136e-05 -0.5 1.5 -15
0.00498141 0 1 -14
2.54174e-05 0.5 1 -12.5
0.000160849 0.5 1 -13
2.68855e-05 0 1.5 -12.5
0.000771614 0.5 1 -13.5
0.00191075 0.5 1 -14
0.0013503 0 1.5 -13.5
0.00299637 0.5 1 -14.5
0.00325397 0.5 1 -15
0.00315069 0.5 1 -15.5
0.00245199 0.5 1 -16
0.00512325 0 1.5 -15.5
2.8445e-05 0.5 1 -17.5
0.00014289 0 1.5 -17
0.000321543 0.5 1 -17
0.00135341 0 1.5 -16.5
0.00127808 0.5 1 -16.5
0.00357899 0 1.5 -16
0.00536306 0 1.5 -15
0.00519074 0 1.5 -14.5
0.00356304 0 1.5 -14
0.000221449 0 1.5 -13
7.43232e-05 0.5 1.5 -12.5
0.000467902 0.5 1.5 -13
0.00207485 0.5 1.5 -13.5
0.00462917 0.5 1.5 -14
0.000125243 0 2 -13.5
2.21651e-05 1 1 -15
0.00649607 0.5 1.5 -14.5
3.6703e-05 1 1 -15.5
0.00668508 0.5 1.5 -15
4.69405e-05 1 1 -16
0.00632867 0.5 1.5 -15.5
4.24619e-05 1 1 -16.5
2.14922e-05 1 1 -17
2.44183e-05 0.5 1.5 -17.5
2.37589e-05 0 2 -17
0.000331322 0.5 1.5 -17
0.000292233 0 2 -16.5
0.00203112 0.5 1.5 -16.5
0.000773456 0 2 -16
0.00456459 0.5 1.5 -16
0.000989096 0 2 -15.5
0.00100685 0 2 -15
0.000938022 0 2 -14.5
0.000532069 0 2 -14
7.1642e-05 1 1.5 -13
0.000116003 0.5 2 -12.5
0.000288077 1 1.5 -13.5
0.00076918 0.5 2 -13
0.00062429 1 1.5 -14
0.00312258 0.5 2 -13.5
0.000896041 1 1.5 -14.5
0.000936813 1 1.5 -15
0.00818326 0.5 2 -14.5
0.000892158 1 1.5 -15.5
0.00069518 1 1.5 -16
0.000387668 1 1.5 -16.5
0.000119461 1 1.5 -17
0.00170474 0.5 2 -16.5
0.000190825 0.5 2 -17
3.07575e-05 0 2.5 -16.5
7.04441e-05 0 2.5 -16
0.0047515 0.5 2 -16
7.95835e-05 0 2.5 -15.5
0.0074926 0.5 2 -15.5
7.96288e-05 0 2.5 -15
0.00823605 0.5 2 -15
6.53439e-05 0 2.5 -14.5
2.54462e-05 0 2.5 -14
0.00640611 0.5 2 -14
6.66497e-05 1 2 -12.5
0.000425889 1 2 -13
0.00153505 1 2 -13.5
0.000569039 0.5 2.5 -13
0.00301561 1 2 -14
0.00378735 1 2 -14.5
0.00338368 1 2 -15.5
0.00225096 1 2 -16
0.000937295 1 2 -16.5
0.00316678 0.5 2.5 -16
8.19103e-05 0.5 2.5 -17
0.000147197 1 2 -17
0.000941538 0.5 2.5 -16.5
0.00522178 0.5 2.5 -15.5
0.00583549 0.5 2.5 -15
0.00378161 1 2 -15
0.00582366 0.5 2.5 -14.5
0.00474539 0.5 2.5 -14
0.00238302 0.5 2.5 -13.5
7.58735e-05 0.5 2.5 -12.5
2.45962e-05 1 2.5 -12
0.000170034 1 2.5 -12.5
0.00103423 1 2.5 -13
4.31991e-05 1.5 2 -14
8.77386e-05 1.5 2 -14.5
0.00544779 1 2.5 -14
0.000103839 1.5 2 -15
0.000104929 1.5 2 -15.5
9.87231e-05 1.5 2 -16
7.18828e-05 1.5 2 -16.5
0.00334866 1 2.5 -16
0.00173001 0.5 3 -15.5
2.51797e-05 1.5 2 -17
0.000111778 1 2.5 -17
3.83623e-05 0.5 3 -17
0.000318868 0.5 3 -16.5
0.00101982 1 2.5 -16.5
0.00110687 0.5 3 -16
0.00568485 1 2.5 -15.5
0.00180038 0.5 3 -15
0.00630727 1 2.5 -15
0.00170741 0.5 3 -14.5
0.00627702 1 2.5 -14.5
0.00124831 0.5 3 -14
0.00056911 0.5 3 -13.5
0.00313606 1 2.5 -13.5
0.00011626 0.5 3 -13
3.45366e-05 1.5 2.5 -12.5
4.93217e-05 1 3 -12
0.000201132 1.5 2.5 -13
0.000340105 1 3 -12.5
0.000561015 1.5 2.5 -13.5
0.000977164 1.5 2.5 -14
0.00115978 1.5 2.5 -14.5
0.00694383 1 3 -14
0.00116994 1.5 2.5 -15
0.00743668 1 3 -14.5
0.00108628 1.5 2.5 -15.5
0.000735903 1.5 2.5 -16
0.00560841 1 3 -15.5
0.000313581 1.5 2.5 -16.5
3.95576e-05 1.5 2.5 -17
7.55202e-05 1 3 -17
6.6306e-05 0.5 3.5 -16.5
0.000766376 1 3 -16.5
0.000179744 0.5 3.5 -16
0.00300596 1 3 -16
0.000223576 0.5 3.5 -15.5
0.000217825 0.5 3.5 -15
0.00720245 1 3 -15
0.000182893 0.5 3.5 -14.5
8.48886e-05 0.5 3.5 -14
0.00455199 1 3 -13.5
0.00179214 1 3 -13
3.04156e-05 1.5 3 -12
0.000217935 1.5 3 -12.5
0.00106536 1.5 3 -13
0.00249568 1.5 3 -13.5
0.00134152 1 3.5 -13
0.00356351 1.5 3 -14
0.00344262 1 3.5 -13.5
0.00368245 1.5 3 -14.5
0.00528384 1 3.5 -14
0.00276602 1.5 3 -15.5
0.00545569 1 3.5 -15
0.00154394 1.5 3 -16
0.000426969 1.5 3 -16.5
0.00186137 1 3.5 -16
4.67037e-05 1.5 3 -17
0.000363811 1 3.5 -16.5
4.83389e-05 1 3.5 -17
0.00404057 1 3.5 -15.5
0.00354178 1.5 3 -15
0.00563053 1 3.5 -14.5
0.000247539 1 3.5 -12.5
3.16053e-05 1 3.5 -12
8.07337e-05 1.5 3.5 -12
2.20256e-05 2 3 -13
0.000573025 1.5 3.5 -12.5
7.01309e-05 2 3 -13.5
0.00242193 1.5 3.5 -13
7.61711e-05 1 4 -12.5
0.000123986 2 3 -14
0.00493391 1.5 3.5 -13.5
0.000142676 2 3 -14.5
0.00604629 1.5 3.5 -14
0.000139582 2 3 -15
0.00607919 1.5 3.5 -14.5
0.000130059 2 3 -15.5
0.00558712 1.5 3.5 -15
0.000106813 2 3 -16
6.24902e-05 2 3 -16.5
0.00166448 1.5 3.5 -16
0.00165456 1 4 -15.5
0.000332677 1.5 3.5 -16.5
4.17806e-05 1.5 3.5 -17
0.000149237 1 4 -16.5
0.00075207 1 4 -16
0.00383598 1.5 3.5 -15.5
0.0021328 1 4 -15
0.00215623 1 4 -14.5
0.0019253 1 4 -14
0.00117019 1 4 -13.5
0.000421956 1 4 -13
2.25317e-05 2 3.5 -12
0.000146851 2 3.5 -12.5
0.000186758 1.5 4 -12
0.0006 2 3.5 -13
0.00105407 1.5 4 -12.5
0.00121731 2 3.5 -13.5
0.00147637 2 3.5 -14
0.00493137 1.5 4 -13.5
0.00145354 2 3.5 -14.5
0.00124441 2 3.5 -15
0.00597642 1.5 4 -14.5
0.000852822 2 3.5 -15.5
0.000436683 2 3.5 -16
0.00355362 1.5 4 -15.5
0.000106991 2 3.5 -16.5
2.07937e-05 1.5 4 -17
5.19325e-05 1 4.5 -16.5
0.000201445 1.5 4 -16.5
0.000198469 1 4.5 -16
0.00135118 1.5 4 -16
0.000331602 1 4.5 -15.5
0.000358333 1 4.5 -15
0.00544823 1.5 4 -15
0.00034008 1 4.5 -14.5
0.00024187 1 4.5 -14
0.00594638 1.5 4 -14
9.22709e-05 1 4.5 -13.5
0.00292512 1.5 4 -13
2.61022e-05 1.5 4 -11.5
0.000112744 2 4 -12
0.000707142 2 4 -12.5
0.00194699 2 4 -13
0.0031266 2 4 -13.5
0.00215984 1.5 4.5 -13
0.00338388 2 4 -14.5
0.00294331 2 4 -15
0.00183359 2 4 -15.5
0.00388483 1.5 4.5 -15
0.00064645 2 4 -16
0.000101506 2 4 -16.5
0.000101827 1.5 4.5 -16.5
0.000756175 1.5 4.5 -16
0.0022884 1.5 4.5 -15.5
0.0044668 1.5 4.5 -14.5
0.00443399 1.5 4.5 -14
0.00343345 2 4 -14
0.00372845 1.5 4.5 -13.5
0.000763153 1.5 4.5 -12.5
0.000119038 1.5 4.5 -12
6.78449e-05 2 4.5 -11.5
2.48279e-05 2.5 4 -12.5
0.000547451 2 4.5 -12
4.71306e-05 1.5 5 -12
8.42892e-05 2.5 4 -13
0.000146687 2.5 4 -13.5
0.00351471 2 4.5 -13
0.000281886 1.5 5 -12.5
0.000171372 2.5 4 -14
0.00016893 2.5 4 -14.5
0.00464001 2 4.5 -14
0.00150217 1.5 5 -13.5
0.000149011 2.5 4 -15
0.00012163 2.5 4 -15.5
0.00355875 2 4.5 -15
0.00183691 1.5 5 -14.5
7.71617e-05 2.5 4 -16
0.000585636 2 4.5 -16
0.000922321 1.5 5 -15.5
7.98082e-05 2 4.5 -16.5
4.6121e-05 1.5 5 -16.5
0.000326963 1.5 5 -16
0.00190206 2 4.5 -15.5
0.00158584 1.5 5 -15
0.00451602 2 4.5 -14.5
0.00181045 1.5 5 -14
0.00448286 2 4.5 -13.5
0.000856534 1.5 5 -13
0.00190671 2 4.5 -12.5
2.43508e-05 2.5 4.5 -11.5
0.000182884 2.5 4.5 -12
0.000572736 2.5 4.5 -12.5
0.000740418 2 5 -12
0.00103739 2.5 4.5 -13
0.00199573 2 5 -12.5
0.00127576 2.5 4.5 -13.5
0.00128301 2.5 4.5 -14
0.00432245 2 5 -13.5
8.62031e-05 1.5 5.5 -13
0.00118161 2.5 4.5 -14.5
0.000834137 2.5 4.5 -15
0.00427021 2 5 -14.5
0.000461871 2.5 4.5 -15.5
0.000157869 2.5 4.5 -16
0.00151113 2 5 -15.5
0.000322704 1.5 5.5 -15
2.20977e-05 2.5 4.5 -16.5
4.92093e-05 2 5 -16.5
0.000104034 1.5 5.5 -16
2.17919e-05 1.5 5.5 -16.5
0.000373662 2 5 -16
0.000236662 1.5 5.5 -15.5
0.00312032 2 5 -15
0.000341018 1.5 5.5 -14.5
0.000321206 1.5 5.5 -14
0.00443862 2 5 -14
0.000220046 1.5 5.5 -13.5
0.00346843 2 5 -13
0.000146863 2 5 -11.5
2.01961e-05 2 5 -11
0.000647413 2.5 5 -12
0.00167365 2.5 5 -12.5
0.00265684 2.5 5 -13
0.00288953 2.5 5 -13.5
0.0024857 2 5.5 -13
0.00246943 2.5 5 -14.5
0.00319513 2 5.5 -14
0.00157906 2.5 5 -15
0.00069029 2.5 5 -15.5
0.0019006 2 5.5 -15
2.35051e-05 2.5 5 -16.5
0.00018536 2 5.5 -16
2.67542e-05 2 5.5 -16.5
0.000158619 2.5 5 -16
0.000829056 2 5.5 -15.5
0.00288341 2 5.5 -14.5
0.00286684 2.5 5 -14
0.00312459 2 5.5 -13.5
0.00138422 2 5.5 -12.5
0.000503041 2 5.5 -12
9.24532e-05 2 5.5 -11.5
0.000114336 2.5 5 -11.5
2.44623e-05 3 5 -11.5
7.89846e-05 2.5 5.5 -11
9.78403e-05 3 5 -12
3.61335e-05 2 6 -11.5
0.000461684 2.5 5.5 -11.5
0.000185367 3 5 -12.5
0.0001863 2 6 -12
0.000211761 3 5 -13
0.000212388 3 5 -13.5
0.00318348 2.5 5.5 -13
0.000185707 3 5 -14
0.000137642 3 5 -14.5
0.00321007 2.5 5.5 -14
0.00127323 2 6 -13.5
9.64998e-05 3 5 -15
6.24697e-05 3 5 -15.5
0.0015603 2.5 5.5 -15
0.00114966 2 6 -14.5
2.00257e-05 3 5 -16
0.00011381 2.5 5.5 -16
0.000321929 2 6 -15.5
8.03909e-05 2 6 -16
0.000618745 2.5 5.5 -15.5
0.000729499 2 6 -15
0.00258046 2.5 5.5 -14.5
0.001313 2 6 -14
0.00330717 2.5 5.5 -13.5
0.000980446 2 6 -13
0.000510921 2 6 -12.5
0.00249021 2.5 5.5 -12.5
0.0013587 2.5 5.5 -12
0.000241393 3 5.5 -11.5
0.000504125 2.5 6 -11.5
0.000969714 3 5.5 -12.5
0.00133984 2.5 6 -12
3.66047e-05 2 6.5 -12.5
0.00110056 3 5.5 -13.5
0.000969513 3 5.5 -14
0.00301652 2.5 6 -13.5
0.000666918 3 5.5 -14.5
0.000368246 3 5.5 -15
0.00217878 2.5 6 -14.5
0.000239338 2 6.5 -14
0.000143637 3 5.5 -15.5
2.49125e-05 3 5.5 -16
0.000371748 2.5 6 -15.5
0.000174022 2 6.5 -15
2.37583e-05 2 6.5 -16
7.01329e-05 2.5 6 -16
9.36857e-05 2 6.5 -15.5
0.00116966 2.5 6 -15
0.000226056 2 6.5 -14.5
0.00289766 2.5 6 -14
0.000207109 2 6.5 -13.5
0.00011669 2 6.5 -13
0.00289496 2.5 6 -13
0.0011091 3 5.5 -13
0.00229766 2.5 6 -12.5
0.000607629 3 5.5 -12
9.70024e-05 2.5 6 -11
4.07844e-05 3 5.5 -11
2.84741e-05 3 6 -10.5
0.000619411 3 6 -11.5
0.00128759 3 6 -12
0.00189952 3 6 -12.5
0.00207819 3 6 -13
0.0013025 2.5 6.5 -12.5
0.00204023 3 6 -13.5
0.00171817 3 6 -14
0.00112489 3 6 -14.5
0.00180026 2.5 6.5 -14
0.000149303 3 6 -15.5
0.00061318 2.5 6.5 -15
2.76102e-05 2.5 6.5 -16
2.4913e-05 3 6 -16
0.000176674 2.5 6.5 -15.5
0.000536261 3 6 -15
0.00126833 2.5 6.5 -14.5
0.00193445 2.5 6.5 -13.5
0.00175297 2.5 6.5 -13
0.000814961 2.5 6.5 -12
0.000365457 2.5 6.5 -11.5
7.80394e-05 2.5 6.5 -11
6.46666e-05 3.5 6 -11
0.0001141 3 6.5 -10.5
0.000177227 3.5 6 -11.5
3.99468e-05 2.5 7 -11
0.000126626 2.5 7 -11.5
0.000246243 3.5 6 -12
0.000237667 3.5 6 -12.5
0.000212207 3.5 6 -13
0.000398879 2.5 7 -12.5
0.00195892 3 6.5 -12.5
0.000603054 2.5 7 -13
0.000176086 3.5 6 -13.5
0.000117679 3.5 6 -14
6.9507e-05 3.5 6 -14.5
0.00165472 3 6.5 -14
3.9556e-05 3.5 6 -15
0.000458631 3 6.5 -15
0.000456315 2.5 7 -14.5
6.15383e-05 2.5 7 -15.5
0.000108748 3 6.5 -15.5
0.000224534 2.5 7 -15
0.00105808 3 6.5 -14.5
0.00066343 2.5 7 -14
0.000707504 2.5 7 -13.5
0.00199737 3 6.5 -13.5
0.0020695 3 6.5 -13
0.000244512 2.5 7 -12
0.00148623 3 6.5 -12
0.000898585 3 6.5 -11.5
0.000403882 3 6.5 -11
0.000110515 3 7 -10.5
9.14541e-05 3.5 6.5 -10.5
0.000803425 3 7 -11.5
0.000530152 3.5 6.5 -11.5
0.000798078 3.5 6.5 -13
0.00170297 3 7 -13
5.60064e-05 2.5 7.5 -13
9.13012e-05 2.5 7.5 -13.5
0.000470547 3.5 6.5 -14
0.000250092 3.5 6.5 -14.5
0.000101835 3.5 6.5 -15
0.000724131 3 7 -14.5
5.48021e-05 3 7 -15.5
2.07783e-05 2.5 7.5 -15.5
5.08503e-05 2.5 7.5 -15
0.000268458 3 7 -15
8.00858e-05 2.5 7.5 -14.5
9.53217e-05 2.5 7.5 -14
0.00125113 3 7 -14
0.00160799 3 7 -13.5
0.000692383 3.5 6.5 -13.5
0.00161906 3 7 -12.5
0.000815951 3.5 6.5 -12.5
0.0012628 3 7 -12
7.5848e-05 3.5 7 -10
2.30138e-05 4 6.5 -11
0.000250486 3.5 7 -10.5
2.49039e-05 4 6.5 -11.5
0.000504978 3.5 7 -11
0.000803281 3.5 7 -11.5
0.000209302 3 7.5 -11
0.00110276 3.5 7 -12
0.0012292 3.5 7 -12.5
0.00060573 3 7.5 -12
0.000872403 3 7.5 -13
0.00119509 3.5 7 -13
0.000849975 3 7.5 -13.5
0.000328618 3.5 7 -14.5
2.23858e-05 3 7.5 -15.5
0.000112603 3 7.5 -15
0.000106394 3.5 7 -15
0.000339576 3 7.5 -14.5
0.00062828 3 7.5 -14
0.000667144 3.5 7 -14
0.000996551 3.5 7 -13.5
0.000769808 3 7.5 -12.5
0.000399742 3 7.5 -11.5
7.00617e-05 3 7.5 -10.5
4.16951e-05 4 7 -10
2.1147e-05 3.5 7.5 -9.5
0.000104243 4 7 -10.5
0.000177645 4 7 -11
4.92023e-05 3 8 -11
0.000231472 4 7 -11.5
0.000515447 3.5 7.5 -11
9.31358e-05 3 8 -11.5
0.00021841 4 7 -12
0.000142481 3 8 -12
0.000182318 4 7 -12.5
0.00105499 3.5 7.5 -12
0.000196545 3 8 -12.5
0.000148174 4 7 -13
9.38549e-05 4 7 -13.5
0.000255251 3 8 -13
4.49516e-05 4 7 -14
0.000253862 3 8 -13.5
0.000848627 3.5 7.5 -13.5
0.000184159 3 8 -14
9.03577e-05 3 8 -14.5
3.05573e-05 3 8 -15
6.7596e-05 3.5 7.5 -15
0.000258199 3.5 7.5 -14.5
0.000553939 3.5 7.5 -14
0.00108084 3.5 7.5 -13
0.00114174 3.5 7.5 -12.5
3.92025e-05 4 7.5 -9.5
0.000112348 4 7.5 -10
0.000243061 4 7.5 -10.5
0.000198992 3.5 8 -10.5
8.25387e-05 3.5 8 -10
0.000396297 3.5 8 -11
0.000395625 4 7.5 -11
0.000585982 3.5 8 -11.5
0.00050575 4 7.5 -11.5
0.000721188 3.5 8 -12
0.000771255 3.5 8 -12.5
0.000514487 4 7.5 -12.5
0.000291017 4 7.5 -13.5
0.000708508 3.5 8 -13
0.000147399 4 7.5 -14
4.87009e-05 4 7.5 -14.5
0.000133314 3.5 8 -14.5
2.81888e-05 3.5 8 -15
0.000324388 3.5 8 -14
0.000537657 3.5 8 -13.5
0.000429653 4 7.5 -13
3.58684e-05 4.5 7.5 -10
6.55761e-05 4 8 -9.5
2.96648e-05 3.5 8.5 -10
4.28478e-05 4.5 7.5 -10.5
8.02041e-05 3.5 8.5 -10.5
3.91624e-05 4.5 7.5 -11
0.000294386 4 8 -10.5
0.000160277 3.5 8.5 -11
2.85071e-05 4.5 7.5 -11.5
0.000409726 4 8 -11
0.000232268 3.5 8.5 -11.5
0.000285862 3.5 8.5 -12
0.00058483 4 8 -12
0.000455674 4 8 -13
0.000311636 3.5 8.5 -12.5
0.000219182 3.5 8.5 -13.5
0.000299872 4 8 -13.5
4.82781e-05 4 8 -14.5
3.48156e-05 3.5 8.5 -14.5
0.000121274 3.5 8.5 -14
0.000153236 4 8 -14
0.000292028 3.5 8.5 -13
5.32961e-05 4.5 8 -9.5
9.9267e-05 4.5 8 -10
5.86172e-05 4 8.5 -9.5
0.000141774 4 8.5 -10
0.000256081 4 8.5 -10.5
0.000136807 4.5 8 -10.5
0.000360037 4 8.5 -11
0.000159208 4.5 8 -11
0.000446406 4 8.5 -11.5
3.19509e-05 3.5 9 -11.5
4.73765e-05 3.5 9 -12
9.67807e-05 4.5 8 -12.5
5.39194e-05 3.5 9 -12.5
6.19605e-05 4.5 8 -13
0.000455791 4 8.5 -12.5
3.1738e-05 3.5 9 -13.5
0.000215217 4 8.5 -13.5
2.56743e-05 4 8.5 -14.5
0.000104651 4 8.5 -14
4.935e-05 3.5 9 -13
2.5129e-05 4.5 8 -13.5
0.000349818 4 8.5 -13
2.53435e-05 4 9 -9.5
6.89357e-05 4.5 8.5 -9.5
7.12048e-05 4 9 -10
0.000135745 4.5 8.5 -10
0.000128382 4 9 -10.5
0.000202548 4.5 8.5 -10.5
0.000193291 4 9 -11
0.000236722 4.5 8.5 -12
0.000192364 4.5 8.5 -12.5
0.000127333 4.5 8.5 -13
0.000242389 4 9 -12.5
6.3456e-05 4.5 8.5 -13.5
9.33195e-05 4 9 -13.5
3.40655e-05 4 9 -14
0.000174895 4 9 -13
0.000265717 4 9 -12
0.000246149 4 9 -11.5
6.24902e-05 4.5 9 -9.5
2.93005e-05 5 8.5 -9.5
0.000125848 4.5 9 -10
4.00747e-05 5 8.5 -10
2.23579e-05 4 9.5 -10.5
2.82822e-05 5 8.5 -11
0.000184955 4.5 9 -10.5
5.01244e-05 4 9.5 -11
7.10858e-05 4 9.5 -11.5
7.63862e-05 4 9.5 -12
6.1344e-05 4 9.5 -12.5
0.000175652 4.5 9 -12.5
4.82683e-05 4.5 9 -13.5
4.16873e-05 4 9.5 -13
2.61725e-05 4.5 9.5 -9.5
4.2629e-05 5 9 -9.5
8.49454e-05 5 9 -10.5
7.26166e-05 4.5 9.5 -10
0.000109662 4.5 9.5 -10.5
0.000136812 4.5 9.5 -11
8.53359e-05 5 9 -11
0.000148785 4.5 9.5 -11.5
7.38319e-05 5 9 -11.5
9.86226e-05 4.5 9.5 -12.5
2.43714e-05 5 9 -12.5
3.34359e-05 5 9.5 -9.5
5.25501e-05 4.5 9.5 -13
6.36617e-05 5 9.5 -10
2.63908e-05 4.5 10 -10.5
8.2208e-05 5 9.5 -10.5
4.47543e-05 4.5 10 -11
5.15115e-05 4.5 10 -11.5
7.81851e-05 5 9.5 -11.5
3.09293e-05 5 9.5 -12.5
2.05302e-05 4.5 10 -12.5
3.36096e-05 4.5 10 -12
2.85262e-05 5 10 -10
4.71423e-05 5 10 -10.5
2.8685e-05 5 10 -12
4.93034e-05 5 10 -11.5
5.39116e-05 5 10 -11
5.64593e-05 5 9.5 -12
8.76603e-05 5 9.5 -11
0.000135073 4.5 9.5 -12
5.17837e-05 5 9 -12
7.00081e-05 5 9 -10
0.000110223 4.5 9 -13
0.000219044 4.5 9 -12
0.000231252 4.5 9 -11.5
0.000217683 4.5 9 -11
3.86784e-05 5 8.5 -10.5
0.000255969 4.5 8.5 -11.5
0.00024267 4.5 8.5 -11
0.000483373 4 8.5 -12
0.000126183 4.5 8 -12
0.000152167 4.5 8 -11.5
0.000563345 4 8 -12.5
0.000526355 4 8 -11.5
0.00016388 4 8 -10
0.000538872 4 7.5 -12
0.000803854 3.5 7.5 -11.5
0.000275693 3.5 7.5 -10.5
0.000107001 3.5 7.5 -10
0.000732878 3.5 6.5 -12
0.000375752 3 7 -11
0.000283754 3.5 6.5 -11
0.000200436 3 6 -11
