0.012766
0.000329351 -11.5 -9.5 9.5
0.000498357 -11.5 -10 10.5
0.000126592 -11 -10 10
0.000278201 -11.5 -10 11
0.0131191 -11.5 -9.5 10
3.56904e-05 -12 -10 11
0.000240594 -11 -10 10.5
2.07064e-05 -11.5 -10.5 11
0.000130795 -11 -10 11
0.0128522 -11.5 -9.5 10.5
0.000190494 -12 -9.5 10
0.00035724 -11.5 -9.5 11
0.00103983 -11 -9.5 9.5
0.000586545 -12 -9.5 10.5
0.0337759 -11.5 -9 9.5
0.00610892 -11 -9.5 10
0.000179147 -12 -9.5 11
0.000124075 -11.5 -9 9
0.0781078 -11.5 -9 10
0.00549058 -11 -9.5 10.5
0.000467175 -11 -9.5 11
0.0541653 -11.5 -9 10.5
0.000847082 -12 -9 9.5
0.00282895 -11.5 -9 11
0.00502028 -12 -9 10
0.00447039 -12 -9 10.5
0.0155858 -11 -9 9.5
0.000414989 -12 -9 11
0.000191215 -11 -9 9
0.0548636 -11.5 -8.5 9.5
0.0307124 -11 -9 10
0.00154318 -11.5 -8.5 9
0.104334 -11.5 -8.5 10
0.00010304 -10.5 -9.5 11
0.0702524 -11.5 -8.5 10.5
0.00180044 -11 -9 11
0.019879 -11 -9 10.5
0.0112146 -11.5 -8.5 11
0.00385989 -12 -8.5 9.5
3.34583e-05 -12 -8.5 9
0.00932797 -12 -8.5 10
0.00735314 -12 -8.5 10.5
0.00146606 -12 -8.5 11
0.0258784 -11 -8.5 9.5
0.000974904 -11 -8.5 9
0.0430146 -11.5 -8 9.5
0.0411386 -11 -8.5 10
0.00197052 -11.5 -8 9
0.000179643 -10.5 -9 10.5
0.0750277 -11.5 -8 10
0.000279744 -10.5 -9 11
0.0251889 -11 -8.5 10.5
0.0515996 -11.5 -8 10.5
0.00384571 -11 -8.5 11
0.0125259 -11.5 -8 11
0.00016077 -11.5 -8 11.5
0.0037581 -12 -8 9.5
0.00624316 -12 -8 10.5
0.00802665 -12 -8 10
0.000116932 -12 -8 9
0.00173452 -12 -8 11
0.000125 -10.5 -8.5 9.5
0.0201217 -11 -8 9.5
0.00565838 -11.5 -7.5 9.5
0.0122017 -11.5 -7.5 10
0.000660202 -11.5 -7.5 9
0.000727335 -10.5 -8.5 10.5
0.0117251 -11.5 -7.5 10.5
0.000228647 -10.5 -8.5 11
0.00588517 -11.5 -7.5 11
0.000883065 -11.5 -7.5 11.5
0.00085963 -12 -7.5 9.5
0.000189034 -11 -8 11.5
0.00191975 -12 -7.5 10
9.03723e-05 -12 -7.5 9
0.00187279 -12 -7.5 10.5
0.000983721 -12 -7.5 11
0.000157207 -12 -7.5 11.5
0.00166732 -10.5 -8 9.5
0.00351231 -11 -7.5 9.5
8.13936e-05 -10.5 -8 9
0.000126117 -11.5 -7 9.5
0.00588371 -11 -7.5 10
0.000342143 -11 -7.5 9
0.000381713 -11.5 -7 10
0.00433224 -11 -7.5 10.5
0.000554001 -11.5 -7 10.5
0.000433327 -11.5 -7 11
2.76178e-05 -11.5 -7 12
0.000189566 -11.5 -7 11.5
2.14562e-05 -12 -7 9.5
6.6821e-05 -12 -7 10
0.000102061 -12 -7 10.5
8.93659e-05 -12 -7 11
4.6223e-05 -12 -7 11.5
0.00019476 -11 -7.5 11.5
0.00152224 -11 -7.5 11
0.000918098 -10.5 -7.5 9.5
0.000105615 -11 -7 9.5
0.00108612 -10.5 -7.5 10
7.04379e-05 -10.5 -7.5 9
0.000250291 -11 -7 10
0.000277664 -11 -7 10.5
4.05156e-05 -11 -7 11.5
0.000157007 -11 -7 11
9.74639e-05 -10.5 -7.5 11
0.000485061 -10.5 -7.5 10.5
4.11867e-05 -10 -7.5 9.5
4.57078e-05 -10.5 -7 9.5
7.08308e-05 -10.5 -7 10
2.13093e-05 -10.5 -7 11
5.33669e-05 -10.5 -7 10.5
4.1673e-05 -10 -7.5 10
0.00014048 -10.5 -8 11
0.000947857 -10.5 -8 10.5
0.00194753 -10.5 -8 10
2.79342e-05 -10.5 -8.5 11.5
0.0036794 -11 -8 11
0.0174284 -11 -8 10.5
0.0297296 -11 -8 10
0.00107812 -11 -8 9
0.000928212 -10.5 -8.5 10
