0.183655
2.15069e-05 -6.5 1.5 2
2.40257e-05 -6 1.5 3.5
2.54473e-05 -5.5 1 2.5
8.76549e-05 -6 1.5 3
0.000108855 -6 1.5 2.5
6.12548e-05 -6.5 2 3
2.09958e-05 -5.5 1 1.5
9.94967e-05 -6 1.5 2
0.000140945 -6.5 2 2.5
3.8372e-05 -6 1.5 1.5
0.0001483 -6.5 2 2
4.85173e-05 -7 2.5 2.5
8.40831e-05 -6.5 2 1.5
8.33939e-05 -7 2.5 2
8.28089e-05 -7 2.5 1.5
2.26087e-05 -7.5 3 2
2.52208e-05 -7 2.5 1
2.97475e-05 -7.5 3 1.5
2.8278e-05 -7.5 3 1
5.27502e-05 -5.5 1.5 3.5
0.000132631 -5.5 1.5 3
0.000146517 -6 2 3.5
0.000171102 -5.5 1.5 2.5
0.000480585 -6 2 3
2.06579e-05 -5 1 1.5
0.000161777 -5.5 1.5 2
0.000603571 -6 2 2.5
0.000475856 -6.5 2.5 3
8.24452e-05 -5.5 1.5 1.5
0.000568811 -6 2 2
0.000795712 -6.5 2.5 2.5
6.87153e-05 -7 3 3
0.000260133 -6 2 1.5
0.000827622 -6.5 2.5 2
0.000336898 -7 3 2.5
2.15366e-05 -6 2 1
0.000487811 -6.5 2.5 1.5
0.000423292 -7 3 2
5.27576e-05 -7.5 3.5 2.5
4.68153e-05 -6.5 2.5 1
0.000415266 -7 3 1.5
8.83619e-05 -7.5 3.5 2
0.000134922 -7 3 1
9.55497e-05 -7.5 3.5 1.5
9.3115e-05 -7.5 3.5 1
3.68128e-05 -7.5 3.5 0.5
4.2698e-05 -5 1.5 3.5
4.0309e-05 -5.5 2 4
0.000104741 -5 1.5 3
0.00029306 -5.5 2 3.5
3.76163e-05 -6 2.5 4
0.000145916 -5 1.5 2.5
0.000695051 -5.5 2 3
0.000950482 -6 2.5 3.5
0.000142857 -5 1.5 2
0.000864716 -5.5 2 2.5
0.00231414 -6 2.5 3
0.000806084 -6.5 3 3.5
9.42244e-05 -5 1.5 1.5
0.000826897 -5.5 2 2
0.0026844 -6 2.5 2.5
0.00246069 -6.5 3 3
2.40428e-05 -5 1.5 1
0.000463956 -5.5 2 1.5
0.00246292 -6 2.5 2
0.00298624 -6.5 3 2.5
0.000540214 -7 3.5 3
8.39574e-05 -5.5 2 1
0.0012314 -6 2.5 1.5
0.00299143 -6.5 3 2
0.000970699 -7 3.5 2.5
0.000160768 -6 2.5 1
0.00189781 -6.5 3 1.5
0.00106911 -7 3.5 2
5.35327e-05 -7.5 4 2.5
0.000378941 -6.5 3 1
0.00110634 -7 3.5 1.5
0.00012681 -7.5 4 2
2.10009e-05 -6.5 3 0.5
0.000624004 -7 3.5 1
0.000138272 -7.5 4 1.5
8.33808e-05 -7 3.5 0.5
0.000141522 -7.5 4 1
0.000135101 -7.5 4 0.5
3.39726e-05 -7.5 4 0
4.46168e-05 -5 2 4
0.000243331 -5 2 3.5
0.000267296 -5.5 2.5 4
4.82324e-05 -4.5 1.5 2.5
0.000557104 -5 2 3
0.00143324 -5.5 2.5 3.5
0.000836737 -6 3 4
6.30994e-05 -4.5 1.5 2
0.000738886 -5 2 2.5
0.00281938 -5.5 2.5 3
0.00388948 -6 3 3.5
5.50828e-05 -4.5 1.5 1.5
0.000715342 -5 2 2
0.00323271 -5.5 2.5 2.5
0.00651057 -6 3 3
0.00235123 -6.5 3.5 3.5
2.20846e-05 -4.5 1.5 1
0.000470322 -5 2 1.5
0.00308431 -5.5 2.5 2
0.00705103 -6 3 2.5
0.00514731 -6.5 3.5 3
0.000156623 -5 2 1
0.00184566 -5.5 2.5 1.5
0.00668397 -6 3 2
0.00582953 -6.5 3.5 2.5
0.00044832 -7 4 3
0.000430343 -5.5 2.5 1
0.00398237 -6 3 1.5
0.00580676 -6.5 3.5 2
0.00102025 -7 4 2.5
2.656e-05 -5.5 2.5 0.5
0.0010315 -6 3 1
0.00445412 -6.5 3.5 1.5
0.00128261 -7 4 2
2.86889e-05 -7.5 4.5 2.5
7.53695e-05 -6 3 0.5
0.00181623 -6.5 3.5 1
0.00139485 -7 4 1.5
9.89877e-05 -7.5 4.5 2
0.000216312 -6.5 3.5 0.5
0.00126937 -7 4 1
0.000122453 -7.5 4.5 1.5
0.000477759 -7 4 0.5
0.000125415 -7.5 4.5 1
7.16413e-05 -7 4 0
0.000130761 -7.5 4.5 0.5
9.78952e-05 -7.5 4.5 0
2.14154e-05 -7 4 3.5
0.000137477 -6.5 3.5 4
2.46824e-05 -5 2.5 4.5
3.51487e-05 -4.5 2 3.5
0.000280551 -5 2.5 4
0.000129105 -5.5 3 4.5
0.000117224 -4.5 2 3
0.00107036 -5 2.5 3.5
0.00140204 -5.5 3 4
0.000170826 -6 3.5 4.5
0.000242502 -4.5 2 2.5
0.00207095 -5 2.5 3
0.00434388 -5.5 3 3.5
0.00232806 -6 3.5 4
0.000309473 -4.5 2 2
0.00253167 -5 2.5 2.5
0.0069988 -5.5 3 3
0.00694473 -6 3.5 3.5
0.000111306 -6.5 4 4
0.000274159 -4.5 2 1.5
0.00242268 -5 2.5 2
0.00759603 -5.5 3 2.5
0.0107852 -6 3.5 3
0.00201604 -6.5 4 3.5
0.000138247 -4.5 2 1
0.00163621 -5 2.5 1.5
0.00717101 -5.5 3 2
0.0115037 -6 3.5 2.5
0.00486611 -6.5 4 3
3.34966e-05 -4.5 2 0.5
0.000630626 -5 2.5 1
0.00481407 -5.5 3 1.5
0.0110322 -6 3.5 2
0.00605248 -6.5 4 2.5
7.01844e-05 -5 2.5 0.5
0.00176262 -5.5 3 1
0.00789467 -6 3.5 1.5
0.00623284 -6.5 4 2
0.000814675 -7 4.5 2.5
0.000181454 -5.5 3 0.5
0.00346738 -6 3.5 1
0.00578116 -6.5 4 1.5
0.00110551 -7 4.5 2
0.000560956 -6 3.5 0.5
0.00348586 -6.5 4 1
0.00122345 -7 4.5 1.5
5.55965e-05 -6 3.5 0
0.00111042 -6.5 4 0.5
0.00121257 -7 4.5 1
7.94422e-05 -7.5 5 1.5
0.000127308 -6.5 4 0
0.000743908 -7 4.5 0.5
2.20855e-05 -6.5 4 -0.5
0.000221545 -7 4.5 0
8.63161e-05 -7.5 5 0.5
3.39356e-05 -7 4.5 -0.5
2.47591e-05 -7.5 5 -0.5
8.22053e-05 -7.5 5 0
8.44766e-05 -7.5 5 1
4.59034e-05 -7.5 5 2
0.000213204 -7 4.5 3
3.33699e-05 -4.5 2.5 4
0.000155776 -5 3 4.5
4.11754e-05 -5.5 3.5 5
0.000113361 -4.5 2.5 3.5
0.00105037 -5 3 4
0.00052355 -5.5 3.5 4.5
0.000371268 -4.5 2.5 3
0.00289087 -5 3 3.5
0.00298031 -5.5 3.5 4
0.000169847 -6 4 4.5
0.000712101 -4.5 2.5 2.5
0.00487572 -5 3 3
0.00743634 -5.5 3.5 3.5
0.00209372 -6 4 4
5.59506e-05 -4 2 1.5
0.000924344 -4.5 2.5 2
0.00563105 -5 3 2.5
0.0112162 -5.5 3.5 3
0.00666212 -6 4 3.5
5.14445e-05 -4 2 1
0.000843015 -4.5 2.5 1.5
0.00537435 -5 3 2
0.0119484 -5.5 3.5 2.5
0.0109237 -6 4 3
0.00107923 -6.5 4.5 3.5
2.42395e-05 -4 2 0.5
0.000481357 -4.5 2.5 1
0.00388081 -5 3 1.5
0.0114013 -5.5 3.5 2
0.011978 -6 4 2.5
0.000127042 -4.5 2.5 0.5
0.00178769 -5 3 1
0.00820441 -5.5 3.5 1.5
0.0117853 -6 4 2
0.00532638 -6.5 4.5 2.5
0.000362246 -5 3 0.5
0.00407251 -5.5 3.5 1
0.00949723 -6 4 1.5
0.00549394 -6.5 4.5 2
2.50332e-05 -5 3 0
0.000952672 -5.5 3.5 0.5
0.00546361 -6 4 1
0.00515955 -6.5 4.5 1.5
0.000101064 -5.5 3.5 0
0.00190497 -6 4 0.5
0.00352739 -6.5 4.5 1
0.000794447 -7 5 1.5
0.000232507 -6 4 0
0.00170163 -6.5 4.5 0.5
2.93019e-05 -6 4 -0.5
0.000446851 -6.5 4.5 0
0.00058 -7 5 0.5
7.2013e-05 -6.5 4.5 -0.5
0.000266241 -7 5 0
2.99759e-05 -7.5 5.5 0.5
7.15769e-05 -7 5 -0.5
2.94026e-05 -7.5 5.5 0
2.81595e-05 -7.5 5.5 1
0.000810314 -7 5 1
0.000707531 -7 5 2
0.00041662 -7 5 2.5
3.61119e-05 -7 5 3
0.0038631 -6.5 4.5 3
5.066e-05 -6.5 4.5 4
2.27117e-05 -4.5 3 4.5
5.10277e-05 -5 3.5 5
6.94517e-05 -4.5 3 4
0.000469594 -5 3.5 4.5
6.79819e-05 -5.5 4 5
0.000289099 -4.5 3 3.5
0.00219678 -5 3.5 4
0.000568365 -5.5 4 4.5
0.000915832 -4.5 3 3
0.00512224 -5 3.5 3.5
3.25125e-05 -4 2.5 2
0.00156648 -4.5 3 2.5
0.00794881 -5 3.5 3
0.00760562 -5.5 4 3.5
0.00131707 -6 4.5 4
0.000150124 -4 2.5 1.5
0.00194497 -4.5 3 2
0.00878485 -5 3.5 2.5
0.011719 -5.5 4 3
0.000261462 -6.5 5 3.5
0.00949074 -6 4.5 3
0.000155962 -4 2.5 1
0.00177175 -4.5 3 1.5
0.00839335 -5 3.5 2
0.0019309 -6.5 5 3
8.62991e-05 -4 2.5 0.5
0.00113261 -4.5 3 1
0.0062925 -5 3.5 1.5
0.012337 -5.5 4 2
2.012e-05 -4 2.5 0
0.000403968 -4.5 3 0.5
0.00336322 -5 3.5 1
0.00967245 -5.5 4 1.5
0.0104333 -6 4.5 2
4.25817e-05 -4.5 3 0
0.00107073 -5 3.5 0.5
0.00554327 -5.5 4 1
0.00843196 -6 4.5 1.5
0.000124272 -5 3.5 0
0.0021257 -5.5 4 0.5
0.005211 -6 4.5 1
0.00317489 -6.5 5 1.5
0.00035216 -5.5 4 0
0.00242146 -6 4.5 0.5
3.6249e-05 -5.5 4 -0.5
0.000687425 -6 4.5 0
0.00130229 -6.5 5 0.5
0.000102121 -6 4.5 -0.5
0.000545729 -6.5 5 0
0.000205599 -7 5.5 0.5
0.000133472 -6.5 5 -0.5
5.2173e-05 -7 5.5 -0.5
0.000118254 -7 5.5 0
0.000247653 -7 5.5 1
0.00231108 -6.5 5 1
0.000240783 -7 5.5 1.5
0.000177926 -7 5.5 2
0.00333201 -6.5 5 2
0.00320182 -6.5 5 2.5
0.01062 -6 4.5 2.5
0.0126709 -5.5 4 2.5
0.00540742 -6 4.5 3.5
0.00302567 -5.5 4 4
6.76232e-05 -4.5 3.5 4.5
8.28323e-05 -5 4 5
0.000251994 -4.5 3.5 4
0.000621516 -5 4 4.5
5.34906e-05 -5.5 4.5 5
0.000838938 -4.5 3.5 3.5
0.00279375 -5 4 4
0.00191465 -4.5 3.5 3
0.00621081 -5 4 3.5
0.00267948 -5.5 4.5 4
7.4997e-05 -4 3 2
0.00279761 -4.5 3.5 2.5
0.00923094 -5 4 3
0.00669991 -5.5 4.5 3.5
0.000508631 -6 5 4
0.0028651 -6 5 3.5
0.000266746 -4 3 1.5
0.00308577 -4.5 3.5 2
0.00998138 -5 4 2.5
0.000317123 -4 3 1
0.00274403 -4.5 3.5 1.5
0.00951403 -5 4 2
0.0113229 -5.5 4.5 2.5
0.000209239 -4 3 0.5
0.00180999 -4.5 3.5 1
0.00724173 -5 4 1.5
6.35307e-05 -4 3 0
0.000789383 -4.5 3.5 0.5
0.0042267 -5 4 1
0.00856646 -5.5 4.5 1.5
0.00610397 -6 5 2
0.000616553 -6.5 5.5 2.5
0.000156965 -4.5 3.5 0
0.0017456 -5 4 0.5
0.0051747 -5.5 4.5 1
0.000851506 -6.5 5.5 1.5
0.000369465 -5 4 0
0.00237201 -5.5 4.5 0.5
3.85327e-05 -5 4 -0.5
0.000702953 -5.5 4.5 0
0.0016477 -6 5 0.5
0.000116815 -5.5 4.5 -0.5
0.000684967 -6 5 0
0.000424068 -6.5 5.5 0.5
0.000183108 -6 5 -0.5
2.09184e-05 -6 5 -1
2.12494e-05 -6.5 5.5 -1
8.96453e-05 -6.5 5.5 -0.5
0.000214452 -6.5 5.5 0
0.000693523 -6.5 5.5 1
0.00314105 -6 5 1
0.00486832 -6 5 1.5
0.000848243 -6.5 5.5 2
0.0109578 -5.5 4.5 2
0.00627278 -6 5 2.5
0.00550423 -6 5 3
0.0104596 -5.5 4.5 3
4.23083e-05 -4.5 4 5
0.000239654 -4.5 4 4.5
7.7711e-05 -5 4.5 5
0.000699317 -4.5 4 4
0.00173247 -4.5 4 3.5
0.00257845 -5 4.5 4
0.00026958 -5.5 5 4.5
2.0299e-05 -4 3.5 2.5
0.00303291 -4.5 4 3
0.00583284 -5 4.5 3.5
0.000180461 -4 3.5 2
0.00388771 -4.5 4 2.5
0.00633546 -5.5 5 3
0.000153046 -6 5.5 3.5
0.00855311 -5 4.5 3
0.000386981 -4 3.5 1.5
0.00383265 -4.5 4 2
2.76404e-05 -3.5 3 0.5
0.000461123 -4 3.5 1
0.00319627 -4.5 4 1.5
0.00858174 -5 4.5 2
0.00673554 -5.5 5 2.5
2.09162e-05 -3.5 3 0
0.000329377 -4 3.5 0.5
0.00208259 -4.5 4 1
0.0063917 -5 4.5 1.5
0.00637239 -5.5 5 2
0.0015432 -6 5.5 2.5
0.000121487 -4 3.5 0
0.001007 -4.5 4 0.5
0.00375181 -5 4.5 1
0.000298983 -4.5 4 0
0.00172428 -5 4.5 0.5
0.00299593 -5.5 5 1
0.00125166 -6 5.5 1.5
3.20501e-05 -4.5 4 -0.5
0.000560863 -5 4.5 0
0.00151293 -5.5 5 0.5
0.000102848 -5 4.5 -0.5
0.000614757 -5.5 5 0
0.000478031 -6 5.5 0.5
0.000173094 -5.5 5 -0.5
2.20559e-05 -5.5 5 -1
2.47843e-05 -6 5.5 -1
9.393e-05 -6 5.5 -0.5
0.000230706 -6 5.5 0
0.000836804 -6 5.5 1
0.00485841 -5.5 5 1.5
0.0015441 -6 5.5 2
0.00109762 -6 5.5 3
0.00910785 -5 4.5 2.5
0.00417681 -5.5 5 3.5
0.0016956 -5.5 5 4
0.000557869 -5 4.5 4.5
6.67668e-05 -4.5 4.5 5
0.000385193 -4.5 4.5 4.5
6.14337e-05 -5 5 5
0.001116 -4.5 4.5 4
0.000432345 -5 5 4.5
0.00230368 -4.5 4.5 3.5
0.00182656 -5 5 4
0.00020295 -4 4 2.5
0.00352637 -4.5 4.5 3
0.000385427 -4 4 2
0.00393764 -4.5 4.5 2.5
0.00550068 -5 5 3
0.00115791 -5.5 5.5 3.5
0.000531107 -4 4 1.5
0.00373481 -4.5 4.5 2
0.00563326 -5 5 2.5
3.97241e-05 -3.5 3.5 0.5
0.000496742 -4 4 1
0.00288432 -4.5 4.5 1.5
0.00500427 -5 5 2
0.00182809 -5.5 5.5 2.5
3.54488e-05 -3.5 3.5 0
0.000342017 -4 4 0.5
0.00176008 -4.5 4.5 1
0.00123409 -5.5 5.5 1.5
0.000150588 -4 4 0
0.00084763 -4.5 4.5 0.5
3.42826e-05 -6 6 1.5
3.44306e-05 -4 4 -0.5
0.000312192 -4.5 4.5 0
3.45429e-05 -6 6 1
6.7318e-05 -4.5 4.5 -0.5
0.000384613 -5 5 0
2.03488e-05 -6 6 0.5
2.18545e-05 -5.5 5.5 -1
7.25085e-05 -5.5 5.5 -0.5
0.000122353 -5 5 -0.5
0.00018205 -5.5 5.5 0
0.000405066 -5.5 5.5 0.5
0.000965087 -5 5 0.5
0.000766693 -5.5 5.5 1
0.00201212 -5 5 1
0.0035017 -5 5 1.5
0.00164999 -5.5 5.5 2
0.00175629 -5.5 5.5 3
0.00403217 -5 5 3.5
5.86793e-05 -4.5 5 5
0.000393714 -4.5 5 4.5
2.28619e-05 -5 5.5 5
3.61647e-05 -4 4.5 3.5
0.000212799 -4 4.5 3
0.00215703 -4.5 5 3.5
0.000747154 -5 5.5 4
0.000431804 -4 4.5 2.5
0.00277423 -4.5 5 3
0.00137933 -5 5.5 3.5
0.00057047 -4 4.5 2
0.0028133 -4.5 5 2.5
0.00171711 -5 5.5 3
0.000556443 -4 4.5 1.5
2.96555e-05 -3.5 4 0.5
0.000430467 -4 4.5 1
0.00161585 -4.5 5 1.5
5.84457e-05 -5.5 6 2
0.0013752 -5 5.5 2
2.79499e-05 -3.5 4 0
0.00024453 -4 4.5 0.5
0.000885799 -4.5 5 1
6.06295e-05 -5.5 6 1.5
0.000883011 -5 5.5 1.5
0.000107882 -4 4.5 0
4.25692e-05 -5.5 6 1
3.64585e-05 -4 4.5 -0.5
0.000161111 -4.5 5 0
5.56072e-05 -4.5 5 -0.5
3.68449e-05 -5 5.5 -0.5
8.84842e-05 -5 5.5 0
2.02168e-05 -5.5 6 0.5
0.000224534 -5 5.5 0.5
0.000402716 -4.5 5 0.5
0.000480758 -5 5.5 1
0.0024012 -4.5 5 2
0.00170243 -5 5.5 2.5
0.00122062 -4.5 5 4
6.08743e-05 -4 5 4.5
0.000135706 -4 5 4
0.000236035 -4.5 5.5 4.5
0.000300302 -4 5 3.5
0.000687364 -4.5 5.5 4
0.000514256 -4 5 3
0.000602468 -4 5 2.5
0.000559245 -4 5 2
2.47677e-05 -3.5 4.5 1
0.000406357 -4 5 1.5
0.00077389 -4.5 5.5 2
8.83412e-05 -5 6 2.5
0.000218574 -4 5 1
2.40061e-05 -3.5 4.5 0.5
6.24877e-05 -5 6 1.5
8.88509e-05 -4 5 0.5
3.46292e-05 -5 6 1
0.000201657 -4.5 5.5 1
3.99649e-05 -4 5 0
7.88806e-05 -4.5 5.5 0.5
2.2345e-05 -4 5 -0.5
2.73766e-05 -4.5 5.5 0
0.000439115 -4.5 5.5 1.5
8.62845e-05 -5 6 2
0.0010843 -4.5 5.5 2.5
2.2665e-05 -4 5.5 5
6.86507e-05 -5 6 3
0.000104488 -4 5.5 4.5
0.000267044 -4 5.5 4
4.45758e-05 -4.5 6 4.5
0.000160293 -4.5 6 3.5
0.000157601 -4.5 6 3
0.000458066 -4 5.5 3
2.87377e-05 -3.5 5 2
3.25331e-05 -3.5 5 1.5
0.000288502 -4 5.5 2
0.000118666 -4.5 6 2.5
2.81833e-05 -3.5 5 1
5.51365e-05 -4 5.5 1
4.14593e-05 -4.5 6 1.5
2.14088e-05 -4 5.5 0.5
0.000146127 -4 5.5 1.5
7.73793e-05 -4.5 6 2
0.000416104 -4 5.5 2.5
4.29351e-05 -4 6 4.5
2.03812e-05 -3.5 5.5 3.5
4.71682e-05 -3.5 5.5 3
0.000134803 -4 6 3.5
5.46507e-05 -3.5 5.5 2.5
8.90194e-05 -4 6 2.5
4.64028e-05 -3.5 5.5 2
4.78464e-05 -4 6 2
2.02003e-05 -3.5 5.5 1
2.82225e-05 -3.5 5.5 1.5
2.03141e-05 -3.5 6 4
3.93763e-05 -3.5 6 3.5
2.79618e-05 -3.5 6 2.5
3.97783e-05 -3.5 6 3
0.00012835 -4 6 3
0.000105284 -4 6 4
0.000424858 -4 5.5 3.5
0.000119202 -4.5 6 4
0.00118724 -4.5 5.5 3
0.00112409 -4.5 5.5 3.5
3.7142e-05 -4.5 5.5 5
0.000213591 -5 5.5 4.5
0.000332185 -5.5 5.5 4
2.30629e-05 -5.5 5 5
0.000474428 -5.5 4.5 4.5
8.38339e-05 -6 4.5 4.5
