0.563838
2.1057e-05 -4.5 -8.5 -13.5
2.28839e-05 -4 -8.5 -13.5
2.2053e-05 -4 -8.5 -14
2.42405e-05 -4 -8 -13
2.9011e-05 -4 -8 -13.5
2.65124e-05 -4 -8 -14
2.27658e-05 -4 -7.5 -13
2.91062e-05 -4 -7.5 -13.5
2.68919e-05 -4 -7.5 -14
2.48878e-05 -4 -7.5 -14.5
3.12229e-05 -3.5 -7.5 -13.5
3.8653e-05 -3.5 -7.5 -14
3.89508e-05 -3.5 -7.5 -14.5
2.6915e-05 -3.5 -7.5 -15
2.51858e-05 -4 -7 -14
2.60102e-05 -4 -7 -13.5
3.19687e-05 -3.5 -7 -13
5.35013e-05 -3.5 -7 -13.5
6.24131e-05 -3.5 -7 -14
5.99911e-05 -3.5 -7 -14.5
4.1027e-05 -3.5 -7 -15
3.69522e-05 -3.5 -6.5 -13
2.12315e-05 -3 -7 -14
6.36614e-05 -3.5 -6.5 -13.5
3.36942e-05 -3 -7 -14.5
7.4504e-05 -3.5 -6.5 -14
4.00919e-05 -3 -7 -15
7.32023e-05 -3.5 -6.5 -14.5
2.31637e-05 -3 -7 -15.5
2.23562e-05 -3.5 -6.5 -15.5
5.09789e-05 -3.5 -6.5 -15
5.2945e-05 -3 -6.5 -13.5
3.49497e-05 -3.5 -6 -13
8.84103e-05 -3 -6.5 -14
5.95296e-05 -3.5 -6 -13.5
0.000100931 -3 -6.5 -14.5
7.21874e-05 -3.5 -6 -14
8.86312e-05 -3 -6.5 -15
5.44406e-05 -3 -6.5 -15.5
2.1363e-05 -3 -6.5 -16
2.03518e-05 -3.5 -6 -15.5
4.65903e-05 -3.5 -6 -15
6.8909e-05 -3.5 -6 -14.5
4.78044e-05 -3 -6 -13
0.000101638 -3 -6 -13.5
0.00015317 -3 -6 -14
2.82089e-05 -3.5 -5.5 -13.5
0.000166122 -3 -6 -14.5
0.000146975 -3 -6 -15
8.4425e-05 -3 -6 -15.5
3.1637e-05 -3 -6 -16
2.9657e-05 -3.5 -5.5 -14.5
3.33672e-05 -3.5 -5.5 -14
5.68087e-05 -3 -5.5 -13
3.09253e-05 -2.5 -6 -14
0.000124312 -3 -5.5 -13.5
7.27378e-05 -2.5 -6 -14.5
0.000183218 -3 -5.5 -14
9.07433e-05 -2.5 -6 -15
0.00019091 -3 -5.5 -14.5
7.89586e-05 -2.5 -6 -15.5
0.000170645 -3 -5.5 -15
4.89279e-05 -2.5 -6 -16
3.305e-05 -3 -5.5 -16
0.000101325 -3 -5.5 -15.5
8.05008e-05 -2.5 -5.5 -13.5
4.95409e-05 -3 -5 -13
0.000167553 -2.5 -5.5 -14
0.000115988 -3 -5 -13.5
0.00022972 -2.5 -5.5 -14.5
0.00016579 -3 -5 -14
0.000229008 -2.5 -5.5 -15
0.00016901 -3 -5 -14.5
0.000177564 -2.5 -5.5 -15.5
8.92234e-05 -2.5 -5.5 -16
2.49975e-05 -2.5 -5.5 -16.5
2.41062e-05 -3 -5 -16
7.64257e-05 -3 -5 -15.5
0.000145204 -3 -5 -15
6.45093e-05 -2.5 -5 -13
0.000176481 -2.5 -5 -13.5
0.000309899 -2.5 -5 -14
5.03657e-05 -3 -4.5 -13.5
0.000380972 -2.5 -5 -14.5
6.70402e-05 -3 -4.5 -14
0.000380614 -2.5 -5 -15
2.39615e-05 -2 -5.5 -16
0.000290837 -2.5 -5 -15.5
2.38877e-05 -2 -5.5 -16.5
0.000134732 -2.5 -5 -16
3.60295e-05 -2.5 -5 -16.5
2.56158e-05 -3 -4.5 -15.5
5.45289e-05 -3 -4.5 -15
6.6653e-05 -3 -4.5 -14.5
7.26632e-05 -2.5 -4.5 -13
0.000211239 -2.5 -4.5 -13.5
4.22949e-05 -2 -5 -14.5
0.000377399 -2.5 -4.5 -14
0.00011742 -2 -5 -15
0.000458701 -2.5 -4.5 -14.5
0.000172193 -2 -5 -15.5
0.000444846 -2.5 -4.5 -15
0.00014299 -2 -5 -16
6.89608e-05 -2 -5 -16.5
3.29141e-05 -2.5 -4.5 -16.5
0.000153771 -2.5 -4.5 -16
0.000336935 -2.5 -4.5 -15.5
7.26323e-05 -2 -4.5 -13.5
5.86024e-05 -2.5 -4 -13
0.000235243 -2 -4.5 -14
0.000188702 -2.5 -4 -13.5
0.000429939 -2 -4.5 -14.5
0.000334932 -2.5 -4 -14
0.000539725 -2 -4.5 -15
0.000385317 -2.5 -4 -14.5
0.000486488 -2 -4.5 -15.5
0.000296595 -2 -4.5 -16
0.000102526 -2 -4.5 -16.5
0.000112743 -2.5 -4 -16
0.000261037 -2.5 -4 -15.5
0.000371376 -2.5 -4 -15
7.53581e-05 -2 -4 -13
0.000292954 -2 -4 -13.5
0.000634286 -2 -4 -14
6.36228e-05 -2.5 -3.5 -13.5
0.000906801 -2 -4 -14.5
0.000125744 -2.5 -3.5 -14
0.000928593 -2 -4 -15
0.000803561 -2 -4 -15.5
0.000446738 -2 -4 -16
2.10546e-05 -1.5 -4.5 -17
2.87306e-05 -2 -4 -17
0.000122707 -2 -4 -16.5
4.03454e-05 -2.5 -3.5 -16
9.40747e-05 -2.5 -3.5 -15.5
0.00013071 -2.5 -3.5 -15
0.000137235 -2.5 -3.5 -14.5
9.15618e-05 -2 -3.5 -13
0.000370579 -2 -3.5 -13.5
0.000783868 -2 -3.5 -14
0.00108301 -2 -3.5 -14.5
6.35707e-05 -1.5 -4 -15.5
0.00110298 -2 -3.5 -15
0.000162721 -1.5 -4 -16
0.000147933 -1.5 -4 -16.5
6.55234e-05 -1.5 -4 -17
2.13401e-05 -2 -3.5 -17
0.00012289 -2 -3.5 -16.5
0.000489524 -2 -3.5 -16
0.000937615 -2 -3.5 -15.5
2.10486e-05 -2.5 -3 -14
6.78496e-05 -2 -3 -13
9.6834e-05 -1.5 -3.5 -14
0.00033233 -2 -3 -13.5
0.000363713 -1.5 -3.5 -14.5
0.000697519 -2 -3 -14
0.000661012 -1.5 -3.5 -15
0.000843549 -2 -3 -14.5
0.000799596 -1.5 -3.5 -15.5
0.000688762 -1.5 -3.5 -16
0.000362662 -1.5 -3.5 -16.5
7.94275e-05 -1.5 -3.5 -17
6.75853e-05 -2 -3 -16.5
0.00030769 -2 -3 -16
0.000637464 -2 -3 -15.5
0.000822405 -2 -3 -15
7.66327e-05 -1.5 -3 -13
0.000347899 -1.5 -3 -13.5
0.000957273 -1.5 -3 -14
6.31964e-05 -2 -2.5 -13.5
0.00169702 -1.5 -3 -14.5
0.000161631 -2 -2.5 -14
0.0020031 -1.5 -3 -15
0.0018799 -1.5 -3 -15.5
0.00128215 -1.5 -3 -16
5.79067e-05 -1.5 -3 -17
2.15738e-05 -2 -2.5 -16.5
0.000502838 -1.5 -3 -16.5
8.72911e-05 -2 -2.5 -16
0.00015379 -2 -2.5 -15.5
0.000188959 -2 -2.5 -15
0.000191678 -2 -2.5 -14.5
2.13039e-05 -1.5 -2.5 -12.5
0.000134158 -1.5 -2.5 -13
0.000658333 -1.5 -2.5 -13.5
0.00162143 -1.5 -2.5 -14
0.00244106 -1.5 -2.5 -14.5
0.00257572 -1.5 -2.5 -15
0.0023933 -1.5 -2.5 -15.5
6.23778e-05 -1 -3 -16.5
6.80742e-05 -1 -3 -17
2.9508e-05 -1 -3 -17.5
4.06983e-05 -1.5 -2.5 -17
0.000469801 -1.5 -2.5 -16.5
0.00152069 -1.5 -2.5 -16
0.000112538 -1.5 -2 -13
0.000634374 -1.5 -2 -13.5
3.68381e-05 -1 -2.5 -14.5
0.00159539 -1.5 -2 -14
0.000253094 -1 -2.5 -15
0.00225599 -1.5 -2 -14.5
0.000483081 -1 -2.5 -15.5
0.000502773 -1 -2.5 -16.5
0.000213142 -1 -2.5 -17
2.92391e-05 -1 -2.5 -17.5
2.17806e-05 -1.5 -2 -17
0.000219793 -1.5 -2 -16.5
0.00103245 -1.5 -2 -16
0.000618684 -1 -2.5 -16
0.00193325 -1.5 -2 -15.5
0.00225308 -1.5 -2 -15
5.73809e-05 -1 -2 -13
0.000257522 -1 -2 -13.5
0.000881453 -1 -2 -14
0.000135507 -1.5 -1.5 -13.5
0.00186172 -1 -2 -14.5
0.000453192 -1.5 -1.5 -14
0.00264629 -1 -2 -15
0.00269673 -1 -2 -15.5
0.00223087 -1 -2 -16
0.00114472 -1 -2 -16.5
0.000264987 -1 -2 -17
4.2443e-05 -1.5 -1.5 -16.5
0.000224258 -1.5 -1.5 -16
0.000428208 -1.5 -1.5 -15.5
0.000519771 -1.5 -1.5 -15
0.000536743 -1.5 -1.5 -14.5
3.28381e-05 -1 -1.5 -12.5
0.000206762 -1 -1.5 -13
0.00103181 -1 -1.5 -13.5
0.00269421 -1 -1.5 -14
0.00435724 -1 -1.5 -14.5
0.0048118 -1 -1.5 -15
0.00455952 -1 -1.5 -15.5
0.000184879 -1 -1.5 -17
0.00141223 -1 -1.5 -16.5
2.37672e-05 -1.5 -1 -16
0.00329216 -1 -1.5 -16
3.72e-05 -1.5 -1 -15.5
4.00526e-05 -1.5 -1 -15
3.98261e-05 -1.5 -1 -14.5
2.09333e-05 -1.5 -1 -14
3.00154e-05 -1 -1 -12.5
0.000209442 -1 -1 -13
0.00114185 -1 -1 -13.5
0.00299618 -1 -1 -14
0.00455572 -1 -1 -14.5
5.32715e-05 -0.5 -1.5 -15.5
0.00472508 -1 -1 -15
0.000170065 -0.5 -1.5 -16
0.000140005 -0.5 -1.5 -17
4.11767e-05 -0.5 -1.5 -17.5
5.57339e-05 -1 -1 -17
0.000881245 -1 -1 -16.5
0.000197418 -0.5 -1.5 -16.5
0.00279842 -1 -1 -16
0.00441009 -1 -1 -15.5
3.30345e-05 -0.5 -1 -13
0.000168498 -0.5 -1 -13.5
4.19921e-05 -1 -0.5 -13
0.000630285 -0.5 -1 -14
0.000397238 -1 -0.5 -13.5
0.00140289 -0.5 -1 -14.5
0.00128046 -1 -0.5 -14
0.00209323 -0.5 -1 -15
0.00174322 -1 -0.5 -14.5
0.0022412 -0.5 -1 -15.5
0.00201895 -0.5 -1 -16
0.00121083 -0.5 -1 -16.5
0.000386377 -0.5 -1 -17
3.95577e-05 -0.5 -1 -17.5
0.000240549 -1 -0.5 -16.5
0.00094623 -1 -0.5 -16
0.00155956 -1 -0.5 -15.5
0.00173101 -1 -0.5 -15
4.89083e-05 -0.5 -0.5 -12.5
0.000298715 -0.5 -0.5 -13
0.00142125 -0.5 -0.5 -13.5
0.00360238 -0.5 -0.5 -14
0.0057903 -0.5 -0.5 -14.5
8.93552e-05 -1 0 -14
0.00641634 -0.5 -0.5 -15
0.00452706 -0.5 -0.5 -16
2.20415e-05 -0.5 -0.5 -17.5
0.000400002 -0.5 -0.5 -17
4.43668e-05 -1 0 -16.5
0.00210853 -0.5 -0.5 -16.5
0.000129737 -1 0 -16
0.000174539 -1 0 -15.5
0.0061578 -0.5 -0.5 -15.5
0.000182427 -1 0 -15
0.000177752 -1 0 -14.5
5.38533e-05 -0.5 0 -12.5
0.00036132 -0.5 0 -13
0.00182583 -0.5 0 -13.5
0.00451118 -0.5 0 -14
0.00669383 -0.5 0 -14.5
0.00695992 -0.5 0 -15
0.000164943 -0.5 0 -17
0.00169437 -0.5 0 -16.5
0.00449192 -0.5 0 -16
0.00656802 -0.5 0 -15.5
2.0783e-05 0 0 -12.5
0.00011679 0 0 -13
0.00051566 0 0 -13.5
0.000162283 -0.5 0.5 -13
0.00123807 0 0 -14
0.00107456 -0.5 0.5 -13.5
0.00197736 0 0 -14.5
0.00222313 0 0 -15
0.00383241 -0.5 0.5 -14.5
0.00165724 0 0 -16
0.000851279 0 0 -16.5
0.00221576 -0.5 0.5 -16
0.000230048 0 0 -17
2.00697e-05 0 0 -17.5
4.5293e-05 -0.5 0.5 -17
0.000638824 -0.5 0.5 -16.5
0.00353546 -0.5 0.5 -15.5
0.00215445 0 0 -15.5
0.00385114 -0.5 0.5 -15
0.00280867 -0.5 0.5 -14
6.99153e-05 0 0.5 -12.5
0.000432542 0 0.5 -13
0.00188478 0 0.5 -13.5
0.00425668 0 0.5 -14
0.00620624 0 0.5 -14.5
0.0065093 0 0.5 -15
0.00436744 0 0.5 -16
0.00194597 0 0.5 -16.5
2.22496e-05 0 0.5 -17.5
0.000335924 0 0.5 -17
0.00012945 -0.5 1 -16.5
0.000398441 -0.5 1 -16
0.000545037 -0.5 1 -15.5
0.00616575 0 0.5 -15.5
0.000565551 -0.5 1 -15
0.000552267 -0.5 1 -14.5
0.000327535 -0.5 1 -14
6.32783e-05 -0.5 1 -13.5
3.89987e-05 0.5 0.5 -13
0.000100081 0 1 -12.5
0.000148195 0.5 0.5 -13.5
0.000658039 0 1 -13
0.000332705 0.5 0.5 -14
0.00286327 0 1 -13.5
0.00052038 0.5 0.5 -14.5
0.000580966 0.5 0.5 -15
0.0082253 0 1 -14.5
0.000557799 0.5 0.5 -15.5
0.00833842 0 1 -15
0.00042989 0.5 0.5 -16
0.00023115 0.5 0.5 -16.5
7.02284e-05 0.5 0.5 -17
0.000182063 0 1 -17
0.00183547 0 1 -16.5
3.54672e-05 -0.5 1.5 -16
0.00501951 0 1 -16
3.9197e-05 -0.5 1.5 -15.5
0.00767719 0 1 -15.5
3.93793e-05 -0.5 1.5 -15
3.22741e-05 -0.5 1.5 -14.5
0.00616884 0 1 -14
4.60442e-05 0.5 1 -12.5
0.000280389 0.5 1 -13
6.14805e-05 0 1.5 -12.5
0.00106356 0.5 1 -13.5
0.00222978 0.5 1 -14
0.00219451 0 1.5 -13.5
0.00307577 0.5 1 -14.5
0.00315703 0.5 1 -15
0.00294218 0.5 1 -15.5
0.00205057 0.5 1 -16
0.0051745 0 1.5 -15.5
7.38128e-05 0 1.5 -17
0.000163549 0.5 1 -17
0.000857967 0 1.5 -16.5
0.000917084 0.5 1 -16.5
0.00309061 0 1.5 -16
0.00575653 0 1.5 -15
0.0057415 0 1.5 -14.5
0.0045875 0 1.5 -14
0.000471614 0 1.5 -13
2.10986e-05 0.5 1.5 -12
0.000136803 0.5 1.5 -12.5
0.000828512 0.5 1.5 -13
0.00284025 0.5 1.5 -13.5
0.0054269 0.5 1.5 -14
0.000289391 0 2 -13.5
0.00668552 0.5 1.5 -14.5
3.16898e-05 1 1 -15.5
0.00668819 0.5 1.5 -15
4.15991e-05 1 1 -16
0.00594605 0.5 1.5 -15.5
3.48362e-05 1 1 -16.5
0.000144155 0.5 1.5 -17
0.000184308 0 2 -16.5
0.00135138 0.5 1.5 -16.5
0.000743292 0 2 -16
0.00378924 0.5 1.5 -16
0.00115483 0 2 -15.5
0.00121276 0 2 -15
0.00119659 0 2 -14.5
0.000847538 0 2 -14
3.54343e-05 0 2 -13
3.12928e-05 0.5 2 -12
0.000120617 1 1.5 -13
0.000225293 0.5 2 -12.5
0.000375831 1 1.5 -13.5
0.00137617 0.5 2 -13
0.00070047 1 1.5 -14
0.00432154 0.5 2 -13.5
0.000895433 1 1.5 -14.5
0.000900311 1 1.5 -15
0.00852935 0.5 2 -14.5
0.000813464 1 1.5 -15.5
0.000584491 1 1.5 -16
0.000284917 1 1.5 -16.5
6.7756e-05 1 1.5 -17
0.00102278 0.5 2 -16.5
9.94406e-05 0.5 2 -17
2.19613e-05 0 2.5 -16.5
7.66037e-05 0 2.5 -16
0.00385357 0.5 2 -16
0.000100204 0 2.5 -15.5
0.00705054 0.5 2 -15.5
0.000101986 0 2.5 -15
0.00843275 0.5 2 -15
9.51019e-05 0 2.5 -14.5
5.14165e-05 0 2.5 -14
0.0075294 0.5 2 -14
0.000123468 1 2 -12.5
0.000701889 1 2 -13
0.00198491 1 2 -13.5
0.00107075 0.5 2.5 -13
0.00336003 1 2 -14
0.00377066 1 2 -14.5
0.00307317 1 2 -15.5
0.00182417 1 2 -16
0.000602891 1 2 -16.5
0.00249586 0.5 2.5 -16
3.74014e-05 0.5 2.5 -17
7.21352e-05 1 2 -17
0.000526483 0.5 2.5 -16.5
0.00490022 0.5 2.5 -15.5
0.00600332 0.5 2.5 -15
0.00369407 1 2 -15
0.00610183 0.5 2.5 -14.5
0.00553531 0.5 2.5 -14
0.00332844 0.5 2.5 -13.5
0.000157832 0.5 2.5 -12.5
4.80253e-05 1 2.5 -12
0.000321649 1 2.5 -12.5
0.0016235 1 2.5 -13
3.21506e-05 0.5 3 -12.5
4.55066e-05 1.5 2 -14
8.31383e-05 1.5 2 -14.5
0.00597961 1 2.5 -14
9.33837e-05 1.5 2 -15
9.67625e-05 1.5 2 -15.5
8.87672e-05 1.5 2 -16
5.91796e-05 1.5 2 -16.5
0.00256319 1 2.5 -16
0.00173118 0.5 3 -15.5
5.47395e-05 1 2.5 -17
2.21058e-05 0.5 3 -17
0.000172592 0.5 3 -16.5
0.000579671 1 2.5 -16.5
0.000882015 0.5 3 -16
0.00514206 1 2.5 -15.5
0.00196539 0.5 3 -15
0.00632292 1 2.5 -15
0.00193221 0.5 3 -14.5
0.00637063 1 2.5 -14.5
0.00159924 0.5 3 -14
0.000864584 0.5 3 -13.5
0.00396602 1 2.5 -13.5
0.00024147 0.5 3 -13
6.68012e-05 1.5 2.5 -12.5
9.68888e-05 1 3 -12
0.000301161 1.5 2.5 -13
0.000648479 1 3 -12.5
0.000690691 1.5 2.5 -13.5
0.00104261 1.5 2.5 -14
0.00112953 1.5 2.5 -14.5
0.00749538 1 3 -14
3.82186e-05 0.5 3.5 -13.5
0.00112725 1.5 2.5 -15
0.00763139 1 3 -14.5
0.000970689 1.5 2.5 -15.5
0.000589431 1.5 2.5 -16
0.00493697 1 3 -15.5
0.000207518 1.5 2.5 -16.5
3.64803e-05 1 3 -17
3.96099e-05 0.5 3.5 -16.5
0.000396678 1 3 -16.5
0.000158362 0.5 3.5 -16
0.00222693 1 3 -16
0.000251792 0.5 3.5 -15.5
0.000258212 0.5 3.5 -15
0.00705303 1 3 -15
0.00024101 0.5 3.5 -14.5
0.000155037 0.5 3.5 -14
0.00565805 1 3 -13.5
0.00269946 1 3 -13
6.26748e-05 1.5 3 -12
0.00041938 1.5 3 -12.5
0.00152237 1.5 3 -13
0.00297691 1.5 3 -13.5
0.00204857 1 3.5 -13
0.00367683 1.5 3 -14
0.00432526 1 3.5 -13.5
0.00368696 1.5 3 -14.5
0.00569077 1 3.5 -14
0.00239929 1.5 3 -15.5
0.00532956 1 3.5 -15
0.00113684 1.5 3 -16
0.000233912 1.5 3 -16.5
0.00129777 1 3.5 -16
2.39478e-05 1.5 3 -17
0.000173792 1 3.5 -16.5
2.68522e-05 1 3.5 -17
0.0034413 1 3.5 -15.5
0.00337444 1.5 3 -15
0.00578822 1 3.5 -14.5
0.000488641 1 3.5 -12.5
6.63618e-05 1 3.5 -12
2.12583e-05 1.5 3.5 -11.5
0.000159786 1.5 3.5 -12
3.39803e-05 2 3 -13
0.00101134 1.5 3.5 -12.5
8.40263e-05 2 3 -13.5
0.00322776 1.5 3.5 -13
0.000148174 1 4 -12.5
0.000130897 2 3 -14
0.00551066 1.5 3.5 -13.5
0.00013701 2 3 -14.5
0.00613709 1.5 3.5 -14
0.000133819 2 3 -15
0.00607368 1.5 3.5 -14.5
0.000120772 2 3 -15.5
0.005241 1.5 3.5 -15
9.59417e-05 2 3 -16
4.28321e-05 2 3 -16.5
0.00114229 1.5 3.5 -16
0.00141014 1 4 -15.5
0.000166159 1.5 3.5 -16.5
2.19104e-05 1.5 3.5 -17
7.74263e-05 1 4 -16.5
0.000514775 1 4 -16
0.0031762 1.5 3.5 -15.5
0.00211654 1 4 -15
0.00222036 1 4 -14.5
0.00211825 1 4 -14
0.0015009 1 4 -13.5
0.000659663 1 4 -13
4.55286e-05 2 3.5 -12
0.000252377 2 3.5 -12.5
0.000352295 1.5 4 -12
0.000788112 2 3.5 -13
0.00162381 1.5 4 -12.5
0.00134291 2 3.5 -13.5
0.00146775 2 3.5 -14
0.00546077 1.5 4 -13.5
2.99138e-05 1 4.5 -13
0.00140839 2 3.5 -14.5
0.00111281 2 3.5 -15
0.00597239 1.5 4 -14.5
0.000713038 2 3.5 -15.5
0.000319425 2 3.5 -16
0.00284773 1.5 4 -15.5
5.4839e-05 2 3.5 -16.5
2.56729e-05 1 4.5 -16.5
0.000110633 1.5 4 -16.5
0.000149313 1 4.5 -16
0.000824926 1.5 4 -16
0.000302904 1 4.5 -15.5
0.000368618 1 4.5 -15
0.00503393 1.5 4 -15
0.000363165 1 4.5 -14.5
0.000300441 1 4.5 -14
0.00603586 1.5 4 -14
0.00015232 1 4.5 -13.5
0.00364853 1.5 4 -13
5.31461e-05 1.5 4 -11.5
0.000228409 2 4 -12
0.00109206 2 4 -12.5
0.00237236 2 4 -13
0.00329763 2 4 -13.5
0.00275772 1.5 4.5 -13
0.00329743 2 4 -14.5
0.00264824 2 4 -15
0.00142592 2 4 -15.5
0.00344547 1.5 4.5 -15
0.00038976 2 4 -16
5.92361e-05 2 4 -16.5
5.24862e-05 1.5 4.5 -16.5
0.000445292 1.5 4.5 -16
0.00174971 1.5 4.5 -15.5
0.00440986 1.5 4.5 -14.5
0.00449119 1.5 4.5 -14
0.00341365 2 4 -14
0.00412384 1.5 4.5 -13.5
0.00119254 1.5 4.5 -12.5
0.000242296 1.5 4.5 -12
3.08274e-05 1.5 4.5 -11.5
3.16559e-05 2 4 -11.5
0.000148016 2 4.5 -11.5
4.50221e-05 2.5 4 -12.5
0.000940539 2 4.5 -12
9.09432e-05 1.5 5 -12
0.000108178 2.5 4 -13
0.000158978 2.5 4 -13.5
0.00391054 2 4.5 -13
0.000442125 1.5 5 -12.5
0.000169928 2.5 4 -14
0.000162169 2.5 4 -14.5
0.00459905 2 4.5 -14
0.00164714 1.5 5 -13.5
0.000138876 2.5 4 -15
0.000109443 2.5 4 -15.5
0.00301324 2 4.5 -15
0.00179135 1.5 5 -14.5
5.95649e-05 2.5 4 -16
0.000336742 2 4.5 -16
0.000698249 1.5 5 -15.5
4.19866e-05 2 4.5 -16.5
2.37143e-05 1.5 5 -16.5
0.000198663 1.5 5 -16
0.00142366 2 4.5 -15.5
0.00137875 1.5 5 -15
0.00432931 2 4.5 -14.5
0.00181725 1.5 5 -14
0.00455234 2 4.5 -13.5
0.00109712 1.5 5 -13
0.00245262 2 4.5 -12.5
5.49418e-05 2.5 4.5 -11.5
0.000302038 2.5 4.5 -12
0.000734464 2.5 4.5 -12.5
0.00107384 2 5 -12
0.00115519 2.5 4.5 -13
0.00247931 2 5 -12.5
0.00127631 2.5 4.5 -13.5
0.00126226 2.5 4.5 -14
0.00436272 2 5 -13.5
0.000118288 1.5 5.5 -13
0.00106291 2.5 4.5 -14.5
0.000701978 2.5 4.5 -15
0.00397772 2 5 -14.5
0.000356123 2.5 4.5 -15.5
9.38922e-05 2.5 4.5 -16
0.00104688 2 5 -15.5
0.000290336 1.5 5.5 -15
2.43993e-05 2 5 -16.5
6.36673e-05 1.5 5.5 -16
0.000207133 2 5 -16
0.000189337 1.5 5.5 -15.5
0.00256225 2 5 -15
0.000326714 1.5 5.5 -14.5
0.000322082 1.5 5.5 -14
0.00438948 2 5 -14
0.0002496 1.5 5.5 -13.5
0.00381743 2 5 -13
0.00026458 2 5 -11.5
3.94789e-05 2 5 -11
2.49926e-05 2 5.5 -11
0.000952697 2.5 5 -12
0.00206105 2.5 5 -12.5
0.00281821 2.5 5 -13
0.00289704 2.5 5 -13.5
0.00273212 2 5.5 -13
0.00217073 2.5 5 -14.5
0.00310172 2 5.5 -14
0.00125085 2.5 5 -15
0.000463771 2.5 5 -15.5
0.00149696 2 5.5 -15
9.83997e-05 2 5.5 -16
8.64939e-05 2.5 5 -16
0.000546916 2 5.5 -15.5
0.00254189 2 5.5 -14.5
0.00278809 2.5 5 -14
0.00311354 2 5.5 -13.5
0.00169998 2 5.5 -12.5
0.000729783 2 5.5 -12
0.000169891 2 5.5 -11.5
0.000230668 2.5 5 -11.5
3.01521e-05 2.5 5 -11
2.25926e-05 2.5 5.5 -10.5
5.02846e-05 3 5 -11.5
0.00015215 2.5 5.5 -11
0.000135098 3 5 -12
6.68993e-05 2 6 -11.5
0.000696003 2.5 5.5 -11.5
0.00020807 3 5 -12.5
0.00025824 2 6 -12
0.000216043 3 5 -13
0.00020873 3 5 -13.5
0.00315796 2.5 5.5 -13
0.000169504 3 5 -14
0.000123878 3 5 -14.5
0.00300867 2.5 5.5 -14
0.00124497 2 6 -13.5
8.43561e-05 3 5 -15
5.17851e-05 3 5 -15.5
0.00120278 2.5 5.5 -15
0.000985351 2 6 -14.5
5.96789e-05 2.5 5.5 -16
0.000210798 2 6 -15.5
4.49768e-05 2 6 -16
0.000391895 2.5 5.5 -15.5
0.000562374 2 6 -15
0.00220887 2.5 5.5 -14.5
0.0012394 2 6 -14
0.00320304 2.5 5.5 -13.5
0.00105304 2 6 -13
0.000628758 2 6 -12.5
0.00269601 2.5 5.5 -12.5
0.00168412 2.5 5.5 -12
0.000355459 3 5.5 -11.5
0.000715427 2.5 6 -11.5
0.0010255 3 5.5 -12.5
0.00159555 2.5 6 -12
4.17922e-05 2 6.5 -12.5
0.00106308 3 5.5 -13.5
0.000863696 3 5.5 -14
0.00289739 2.5 6 -13.5
0.000557591 3 5.5 -14.5
0.000287533 3 5.5 -15
0.00179909 2.5 6 -14.5
0.000210867 2 6.5 -14
8.96843e-05 3 5.5 -15.5
0.000218488 2.5 6 -15.5
0.000139903 2 6.5 -15
4.04426e-05 2.5 6 -16
6.60059e-05 2 6.5 -15.5
0.000841145 2.5 6 -15
0.000194014 2 6.5 -14.5
0.00263595 2.5 6 -14
0.000194434 2 6.5 -13.5
0.000119648 2 6.5 -13
0.00285587 2.5 6 -13
0.0010929 3 5.5 -13
0.00242867 2.5 6 -12.5
0.000732646 3 5.5 -12
0.000174093 2.5 6 -11
8.99401e-05 3 5.5 -11
2.46785e-05 2.5 6 -10.5
6.3178e-05 3 6 -10.5
0.00079865 3 6 -11.5
0.00146066 3 6 -12
0.00192176 3 6 -12.5
0.00199785 3 6 -13
0.00134195 2.5 6.5 -12.5
0.00190585 3 6 -13.5
0.001488 3 6 -14
0.000895558 3 6 -14.5
0.00156809 2.5 6.5 -14
8.43627e-05 3 6 -15.5
0.000418914 2.5 6.5 -15
0.000101407 2.5 6.5 -15.5
0.000372912 3 6 -15
0.00099746 2.5 6.5 -14.5
0.00179036 2.5 6.5 -13.5
0.00170229 2.5 6.5 -13
0.000899704 2.5 6.5 -12
0.000470729 2.5 6.5 -11.5
0.000140422 2.5 6.5 -11
2.54343e-05 3.5 6 -10.5
3.55877e-05 3 6.5 -10
9.95207e-05 3.5 6 -11
0.000178426 3 6.5 -10.5
0.000211047 3.5 6 -11.5
5.7838e-05 2.5 7 -11
0.000141068 2.5 7 -11.5
0.000243721 3.5 6 -12
0.000226273 3.5 6 -12.5
0.000200474 3.5 6 -13
0.000401585 2.5 7 -12.5
0.00192787 3 6.5 -12.5
0.000574679 2.5 7 -13
0.000154609 3.5 6 -13.5
9.92585e-05 3.5 6 -14
5.77427e-05 3.5 6 -14.5
0.0014072 3 6.5 -14
3.31083e-05 3.5 6 -15
0.000302039 3 6.5 -15
0.000345537 2.5 7 -14.5
3.17443e-05 2.5 7 -15.5
6.05583e-05 3 6.5 -15.5
0.000152602 2.5 7 -15
0.000815327 3 6.5 -14.5
0.000552727 2.5 7 -14
0.000629731 2.5 7 -13.5
0.00182194 3 6.5 -13.5
0.00196262 3 6.5 -13
0.00025192 2.5 7 -12
0.00155639 3 6.5 -12
0.00101677 3 6.5 -11.5
0.00051476 3 6.5 -11
0.000165343 3 7 -10.5
0.000145177 3.5 6.5 -10.5
0.000869583 3 7 -11.5
0.000578909 3.5 6.5 -11.5
0.000747946 3.5 6.5 -13
0.00155746 3 7 -13
4.64064e-05 2.5 7.5 -13
7.12216e-05 2.5 7.5 -13.5
0.000386334 3.5 6.5 -14
0.000187281 3.5 6.5 -14.5
6.63833e-05 3.5 6.5 -15
0.000521676 3 7 -14.5
2.77508e-05 3 7 -15.5
3.42062e-05 2.5 7.5 -15
0.000165483 3 7 -15
5.96908e-05 2.5 7.5 -14.5
7.1693e-05 2.5 7.5 -14
0.00100492 3 7 -14
0.00139916 3 7 -13.5
0.000608467 3.5 6.5 -13.5
0.00152975 3 7 -12.5
0.000782884 3.5 6.5 -12.5
0.001276 3 7 -12
0.000115685 3.5 7 -10
2.55601e-05 4 6.5 -11
0.000305659 3.5 7 -10.5
2.61359e-05 4 6.5 -11.5
0.000551481 3.5 7 -11
0.0008374 3.5 7 -11.5
0.00023335 3 7.5 -11
0.00107959 3.5 7 -12
0.00113923 3.5 7 -12.5
0.000582743 3 7.5 -12
0.000766834 3 7.5 -13
0.00107018 3.5 7 -13
0.000699734 3 7.5 -13.5
0.000226024 3.5 7 -14.5
6.32148e-05 3 7.5 -15
6.1776e-05 3.5 7 -15
0.000230917 3 7.5 -14.5
0.000474744 3 7.5 -14
0.000518197 3.5 7 -14
0.000836873 3.5 7 -13.5
0.000706375 3 7.5 -12.5
0.000409487 3 7.5 -11.5
9.07332e-05 3 7.5 -10.5
2.08194e-05 3 7.5 -10
5.80396e-05 4 7 -10
3.2213e-05 3.5 7.5 -9.5
0.000122806 4 7 -10.5
0.000191826 4 7 -11
4.70746e-05 3 8 -11
0.00022404 4 7 -11.5
0.000547969 3.5 7.5 -11
8.45727e-05 3 8 -11.5
0.000200761 4 7 -12
0.000125808 3 8 -12
0.000168812 4 7 -12.5
0.000997019 3.5 7.5 -12
0.000169119 3 8 -12.5
0.000129612 4 7 -13
7.60629e-05 4 7 -13.5
0.000209495 3 8 -13
3.35672e-05 4 7 -14
0.000193522 3 8 -13.5
0.000687139 3.5 7.5 -13.5
0.00012822 3 8 -14
5.45888e-05 3 8 -14.5
3.34471e-05 3.5 7.5 -15
0.000169642 3.5 7.5 -14.5
0.000412302 3.5 7.5 -14
0.000926543 3.5 7.5 -13
0.00103175 3.5 7.5 -12.5
5.4156e-05 4 7.5 -9.5
0.000138193 4 7.5 -10
2.73553e-05 3.5 8 -9.5
0.000267555 4 7.5 -10.5
0.000213447 3.5 8 -10.5
9.75266e-05 3.5 8 -10
0.000391554 3.5 8 -11
0.000396403 4 7.5 -11
0.000543782 3.5 8 -11.5
0.000478741 4 7.5 -11.5
0.000639227 3.5 8 -12
0.000662105 3.5 8 -12.5
0.000454832 4 7.5 -12.5
0.000224502 4 7.5 -13.5
0.000576829 3.5 8 -13
0.00010453 4 7.5 -14
2.76215e-05 4 7.5 -14.5
7.98018e-05 3.5 8 -14.5
0.000227208 3.5 8 -14
0.000410502 3.5 8 -13.5
0.000357659 4 7.5 -13
2.23689e-05 4.5 7.5 -9.5
3.90605e-05 4.5 7.5 -10
7.53106e-05 4 8 -9.5
2.68739e-05 3.5 8.5 -10
4.1034e-05 4.5 7.5 -10.5
7.82855e-05 3.5 8.5 -10.5
3.50207e-05 4.5 7.5 -11
0.000293171 4 8 -10.5
0.000146488 3.5 8.5 -11
2.24542e-05 4.5 7.5 -11.5
0.000396122 4 8 -11
0.000202955 3.5 8.5 -11.5
0.000243442 3.5 8.5 -12
0.000511659 4 8 -12
0.000364036 4 8 -13
0.000254782 3.5 8.5 -12.5
0.00015451 3.5 8.5 -13.5
0.000224533 4 8 -13.5
2.64654e-05 4 8 -14.5
7.66837e-05 3.5 8.5 -14
0.000105206 4 8 -14
0.000224698 3.5 8.5 -13
5.88526e-05 4.5 8 -9.5
0.000103014 4.5 8 -10
6.34914e-05 4 8.5 -9.5
0.000141565 4 8.5 -10
0.000244306 4 8.5 -10.5
0.000133755 4.5 8 -10.5
0.000327415 4 8.5 -11
0.00014702 4.5 8 -11
0.000391871 4 8.5 -11.5
2.15123e-05 3.5 9 -11.5
3.30233e-05 3.5 9 -12
7.98585e-05 4.5 8 -12.5
3.57716e-05 3.5 9 -12.5
4.81646e-05 4.5 8 -13
0.000370135 4 8.5 -12.5
0.00014997 4 8.5 -13.5
6.49788e-05 4 8.5 -14
2.92135e-05 3.5 9 -13
0.000266469 4 8.5 -13
2.0335e-05 4 9 -9.5
6.73464e-05 4.5 8.5 -9.5
6.58625e-05 4 9 -10
0.000129583 4.5 8.5 -10
0.000112068 4 9 -10.5
0.000185215 4.5 8.5 -10.5
0.000164529 4 9 -11
0.000195805 4.5 8.5 -12
0.000150801 4.5 8.5 -12.5
9.2939e-05 4.5 8.5 -13
0.000180716 4 9 -12.5
4.12279e-05 4.5 8.5 -13.5
5.28646e-05 4 9 -13.5
0.000120857 4 9 -13
0.000210417 4 9 -12
0.000203678 4 9 -11.5
5.78205e-05 4.5 9 -9.5
2.66269e-05 5 8.5 -9.5
0.000112533 4.5 9 -10
3.47665e-05 5 8.5 -10
2.15012e-05 5 8.5 -11
0.000160039 4.5 9 -10.5
3.44643e-05 4 9.5 -11
4.77033e-05 4 9.5 -11.5
4.92839e-05 4 9.5 -12
3.42483e-05 4 9.5 -12.5
0.000130283 4.5 9 -12.5
2.48329e-05 4.5 9 -13.5
2.07002e-05 4 9.5 -13
3.49771e-05 5 9 -9.5
6.93685e-05 5 9 -10.5
5.63478e-05 4.5 9.5 -10
8.64637e-05 4.5 9.5 -10.5
0.000105699 4.5 9.5 -11
6.96018e-05 5 9 -11
0.000112243 4.5 9.5 -11.5
5.75997e-05 5 9 -11.5
6.21612e-05 4.5 9.5 -12.5
2.20738e-05 5 9.5 -9.5
2.75595e-05 4.5 9.5 -13
4.82832e-05 5 9.5 -10
6.30264e-05 5 9.5 -10.5
2.41788e-05 4.5 10 -11
2.65894e-05 4.5 10 -11.5
5.68966e-05 5 9.5 -11.5
2.61044e-05 5 10 -10.5
2.77546e-05 5 10 -11.5
2.98489e-05 5 10 -11
3.5767e-05 5 9.5 -12
6.68572e-05 5 9.5 -11
9.36815e-05 4.5 9.5 -12
3.70228e-05 5 9 -12
5.7635e-05 5 9 -10
7.41709e-05 4.5 9 -13
0.000173608 4.5 9 -12
0.000191003 4.5 9 -11.5
0.000184464 4.5 9 -11
3.40692e-05 5 8.5 -10.5
0.000219644 4.5 8.5 -11.5
0.000215131 4.5 8.5 -11
0.000410945 4 8.5 -12
0.000108779 4.5 8 -12
0.000135621 4.5 8 -11.5
0.000474117 4 8 -12.5
0.000482744 4 8 -11.5
0.000173743 4 8 -10
0.000491579 4 7.5 -12
0.000808719 3.5 7.5 -11.5
0.000312518 3.5 7.5 -10.5
0.000134726 3.5 7.5 -10
2.33804e-05 3.5 7 -9.5
0.00074278 3.5 6.5 -12
0.000462706 3 7 -11
0.000351739 3.5 6.5 -11
3.34081e-05 3 7 -10
2.82607e-05 3.5 6.5 -10
0.000316068 3 6 -11
