0.600612
2.20197e-05 -5 -10 -13.5
2.30302e-05 -4.5 -10 -13.5
2.13175e-05 -4.5 -10 -14.5
2.51708e-05 -4.5 -9.5 -13.5
2.34543e-05 -4.5 -9.5 -14
2.05793e-05 -4.5 -9.5 -14.5
2.48383e-05 -4.5 -9 -13.5
2.62562e-05 -4.5 -9 -14
2.70307e-05 -4.5 -9 -14.5
2.37456e-05 -4 -9 -13.5
3.22008e-05 -4 -9 -14
3.50909e-05 -4 -9 -14.5
2.85818e-05 -4 -9 -15
2.12642e-05 -4 -9 -15.5
2.58313e-05 -4.5 -8.5 -14.5
2.62907e-05 -4.5 -8.5 -14
2.18657e-05 -4.5 -8.5 -13.5
3.49125e-05 -4 -8.5 -13.5
4.83804e-05 -4 -8.5 -14
5.34426e-05 -4 -8.5 -14.5
4.70861e-05 -4 -8.5 -15
2.62262e-05 -4 -8.5 -15.5
3.79763e-05 -4 -8 -13.5
3.461e-05 -3.5 -8.5 -14.5
5.37318e-05 -4 -8 -14
3.88497e-05 -3.5 -8.5 -15
6.25885e-05 -4 -8 -14.5
2.91216e-05 -3.5 -8.5 -15.5
3.65231e-05 -4 -8 -15.5
2.25769e-05 -4 -8 -16
5.66478e-05 -4 -8 -15
2.86108e-05 -3.5 -8 -13.5
5.51168e-05 -3.5 -8 -14
3.24479e-05 -4 -7.5 -13.5
7.38392e-05 -3.5 -8 -14.5
5.12991e-05 -4 -7.5 -14
7.61213e-05 -3.5 -8 -15
6.41587e-05 -3.5 -8 -15.5
5.56598e-05 -4 -7.5 -15
3.8376e-05 -3.5 -8 -16
2.04589e-05 -4 -7.5 -16
3.65676e-05 -4 -7.5 -15.5
6.08488e-05 -4 -7.5 -14.5
4.16428e-05 -3.5 -7.5 -13.5
7.98192e-05 -3.5 -7.5 -14
0.000112694 -3.5 -7.5 -14.5
0.000118368 -3.5 -7.5 -15
0.000101815 -3.5 -7.5 -15.5
5.83428e-05 -3.5 -7.5 -16
2.46708e-05 -3.5 -7.5 -16.5
2.84332e-05 -4 -7 -15
3.21222e-05 -4 -7 -14.5
2.67712e-05 -4 -7 -14
4.20654e-05 -3.5 -7 -13.5
4.46045e-05 -3 -7.5 -14.5
8.91773e-05 -3.5 -7 -14
6.70917e-05 -3 -7.5 -15
0.000125996 -3.5 -7 -14.5
7.08791e-05 -3 -7.5 -15.5
0.000133224 -3.5 -7 -15
5.5892e-05 -3 -7.5 -16
0.000118849 -3.5 -7 -15.5
3.60899e-05 -3 -7.5 -16.5
3.13665e-05 -3.5 -7 -16.5
7.27408e-05 -3.5 -7 -16
6.1819e-05 -3 -7 -14
2.99212e-05 -3.5 -6.5 -13.5
0.000116165 -3 -7 -14.5
7.70238e-05 -3.5 -6.5 -14
0.000156602 -3 -7 -15
0.000115793 -3.5 -6.5 -14.5
0.000157561 -3 -7 -15.5
0.000122172 -3 -7 -16
6.60968e-05 -3 -7 -16.5
2.33214e-05 -3 -7 -17
2.82167e-05 -3.5 -6.5 -16.5
6.65618e-05 -3.5 -6.5 -16
0.000109984 -3.5 -6.5 -15.5
0.000123031 -3.5 -6.5 -15
3.64239e-05 -3 -6.5 -13.5
0.000100071 -3 -6.5 -14
0.000182878 -3 -6.5 -14.5
3.7174e-05 -3.5 -6 -14
0.000240785 -3 -6.5 -15
2.05593e-05 -2.5 -7 -16
0.000241033 -3 -6.5 -15.5
2.34908e-05 -2.5 -7 -16.5
0.000194341 -3 -6.5 -16
2.03778e-05 -2.5 -7 -17
3.75752e-05 -3 -6.5 -17
0.000103533 -3 -6.5 -16.5
2.95693e-05 -3.5 -6 -16
5.06157e-05 -3.5 -6 -15.5
5.84351e-05 -3.5 -6 -15
5.52891e-05 -3.5 -6 -14.5
3.52225e-05 -3 -6 -13.5
3.64309e-05 -2.5 -6.5 -14.5
0.000110006 -3 -6 -14
8.05611e-05 -2.5 -6.5 -15
0.000207825 -3 -6 -14.5
0.000118878 -2.5 -6.5 -15.5
0.000268264 -3 -6 -15
0.000122986 -2.5 -6.5 -16
0.000267171 -3 -6 -15.5
0.000101804 -2.5 -6.5 -16.5
5.26744e-05 -2.5 -6.5 -17
4.64145e-05 -3 -6 -17
0.000126889 -3 -6 -16.5
0.000225173 -3 -6 -16
5.08747e-05 -2.5 -6 -14
0.000138022 -2.5 -6 -14.5
8.12415e-05 -3 -5.5 -14
0.0002359 -2.5 -6 -15
0.000176716 -3 -5.5 -14.5
0.000302013 -2.5 -6 -15.5
0.000241607 -3 -5.5 -15
0.000296445 -2.5 -6 -16
0.000214258 -2.5 -6 -16.5
3.1429e-05 -2.5 -6 -17.5
4.04692e-05 -3 -5.5 -17
9.7602e-05 -2.5 -6 -17
0.000112825 -3 -5.5 -16.5
0.000208954 -3 -5.5 -16
0.000248086 -3 -5.5 -15.5
2.11145e-05 -2.5 -5.5 -13.5
9.84331e-05 -2.5 -5.5 -14
0.000246704 -2.5 -5.5 -14.5
3.46241e-05 -3 -5 -14
0.000410312 -2.5 -5.5 -15
8.55965e-05 -3 -5 -14.5
0.000498297 -2.5 -5.5 -15.5
3.04133e-05 -2 -6 -16.5
0.000474872 -2.5 -5.5 -16
3.79571e-05 -2 -6 -17
0.000335492 -2.5 -5.5 -16.5
2.80138e-05 -2 -6 -17.5
3.31388e-05 -2.5 -5.5 -17.5
0.000141559 -2.5 -5.5 -17
4.98653e-05 -3 -5 -16.5
9.49583e-05 -3 -5 -16
0.000114281 -3 -5 -15.5
0.000114473 -3 -5 -15
2.19404e-05 -2.5 -5 -13.5
0.000111432 -2.5 -5 -14
5.2977e-05 -2 -5.5 -15
0.000291881 -2.5 -5 -14.5
0.000135165 -2 -5.5 -15.5
0.000492947 -2.5 -5 -15
0.000198023 -2 -5.5 -16
0.000567505 -2.5 -5 -15.5
0.000191492 -2 -5.5 -16.5
0.000527936 -2.5 -5 -16
0.00013437 -2 -5.5 -17
5.32502e-05 -2 -5.5 -17.5
3.46744e-05 -2.5 -5 -17.5
0.00016536 -2.5 -5 -17
0.000378816 -2.5 -5 -16.5
3.39515e-05 -2 -5 -14
0.000140729 -2 -5 -14.5
7.88124e-05 -2.5 -4.5 -14
0.000325786 -2 -5 -15
0.000247457 -2.5 -4.5 -14.5
0.000491646 -2 -5 -15.5
0.000436667 -2.5 -4.5 -15
0.000530527 -2 -5 -16
0.00046631 -2 -5 -16.5
0.000271506 -2 -5 -17
9.67576e-05 -2 -5 -17.5
2.14038e-05 -2 -5 -18
2.4303e-05 -2.5 -4.5 -17.5
0.000134519 -2.5 -4.5 -17
0.000326547 -2.5 -4.5 -16.5
0.00046757 -2.5 -4.5 -16
0.000485981 -2.5 -4.5 -15.5
7.95691e-05 -2 -4.5 -14
0.000306476 -2 -4.5 -14.5
2.20278e-05 -2.5 -4 -14
0.000626418 -2 -4.5 -15
0.000101327 -2.5 -4 -14.5
0.000850216 -2 -4.5 -15.5
0.000874305 -2 -4.5 -16
0.000760956 -2 -4.5 -16.5
2.88191e-05 -1.5 -5 -17.5
2.3503e-05 -1.5 -5 -18
2.22641e-05 -2 -4.5 -18
0.000150787 -2 -4.5 -17.5
6.07532e-05 -2.5 -4 -17
0.000442486 -2 -4.5 -17
0.000142415 -2.5 -4 -16.5
0.0001984 -2.5 -4 -16
0.000210902 -2.5 -4 -15.5
0.000194638 -2.5 -4 -15
8.80908e-05 -2 -4 -14
0.000348614 -2 -4 -14.5
0.00073639 -2 -4 -15
5.70329e-05 -1.5 -4.5 -16
0.00102694 -2 -4 -15.5
0.000140543 -1.5 -4.5 -16.5
0.00106006 -2 -4 -16
0.000205231 -1.5 -4.5 -17
0.000158163 -1.5 -4.5 -17.5
5.4142e-05 -1.5 -4.5 -18
2.01337e-05 -2 -4 -18
0.000167802 -2 -4 -17.5
0.000525286 -2 -4 -17
0.000906445 -2 -4 -16.5
2.64024e-05 -2.5 -3.5 -16
3.07246e-05 -2.5 -3.5 -15.5
3.19026e-05 -2.5 -3.5 -15
4.76672e-05 -1.5 -4 -14.5
6.56059e-05 -2 -3.5 -14
0.000192227 -1.5 -4 -15
0.000314718 -2 -3.5 -14.5
0.000505122 -1.5 -4 -15.5
0.000678273 -2 -3.5 -15
0.000775819 -1.5 -4 -16
0.000809039 -1.5 -4 -16.5
0.000657925 -1.5 -4 -17
0.000309295 -1.5 -4 -17.5
5.87642e-05 -1.5 -4 -18
0.000114967 -2 -3.5 -17.5
0.000434133 -2 -3.5 -17
0.000788908 -2 -3.5 -16.5
0.000918203 -2 -3.5 -16
0.000916198 -2 -3.5 -15.5
7.01679e-05 -1.5 -3.5 -14
0.000338431 -1.5 -3.5 -14.5
0.000922438 -1.5 -3.5 -15
9.41656e-05 -2 -3 -14.5
0.00156535 -1.5 -3.5 -15.5
0.0017506 -1.5 -3.5 -16
0.0016445 -1.5 -3.5 -16.5
0.00111455 -1.5 -3.5 -17
5.82133e-05 -1.5 -3.5 -18
5.41443e-05 -2 -3 -17.5
0.000426557 -1.5 -3.5 -17.5
0.00019013 -2 -3 -17
0.000324503 -2 -3 -16.5
0.000363357 -2 -3 -16
0.000359441 -2 -3 -15.5
0.000253346 -2 -3 -15
9.43733e-05 -1.5 -3 -14
0.000488105 -1.5 -3 -14.5
0.00128601 -1.5 -3 -15
0.00199638 -1.5 -3 -15.5
0.00212801 -1.5 -3 -16
4.11241e-05 -1 -3.5 -17.5
3.04688e-05 -2 -2.5 -17
6.2171e-05 -1 -3.5 -18
3.10899e-05 -1 -3.5 -18.5
6.72412e-05 -1.5 -3 -18
0.000482039 -1.5 -3 -17.5
0.00133955 -1.5 -3 -17
6.26726e-05 -2 -2.5 -16.5
0.00199855 -1.5 -3 -16.5
7.45617e-05 -2 -2.5 -16
7.23697e-05 -2 -2.5 -15.5
4.69083e-05 -2 -2.5 -15
7.40997e-05 -1.5 -2.5 -14
0.000451589 -1.5 -2.5 -14.5
0.00125072 -1.5 -2.5 -15
0.000157129 -1 -3 -16
0.00189684 -1.5 -2.5 -15.5
0.000336527 -1 -3 -16.5
0.000514274 -1 -3 -17
0.000457194 -1 -3 -17.5
0.000220087 -1 -3 -18
3.17043e-05 -1 -3 -18.5
4.5548e-05 -1.5 -2.5 -18
0.000330615 -1.5 -2.5 -17.5
0.00103762 -1.5 -2.5 -17
0.00174209 -1.5 -2.5 -16.5
0.00193725 -1.5 -2.5 -16
3.30811e-05 -1 -2.5 -14
0.000156989 -1 -2.5 -14.5
0.000585555 -1 -2.5 -15
0.000101909 -1.5 -2 -14.5
0.00135209 -1 -2.5 -15.5
0.00224996 -1 -2.5 -16.5
0.00198925 -1 -2.5 -17
0.00113994 -1 -2.5 -17.5
2.01108e-05 -1 -2.5 -18.5
0.000314267 -1 -2.5 -18
0.000116072 -1.5 -2 -17.5
0.00030894 -1.5 -2 -17
0.000485588 -1.5 -2 -16.5
0.00054002 -1.5 -2 -16
0.00208613 -1 -2.5 -16
0.000536427 -1.5 -2 -15.5
0.000368655 -1.5 -2 -15
0.00012085 -1 -2 -14
0.000660773 -1 -2 -14.5
0.00199748 -1 -2 -15
0.00358373 -1 -2 -15.5
0.00425231 -1 -2 -16
0.00413118 -1 -2 -16.5
2.0824e-05 -1 -2 -18.5
0.000270757 -1 -2 -18
0.00152463 -1 -2 -17.5
0.00316423 -1 -2 -17
2.27834e-05 -1.5 -1.5 -16.5
2.48545e-05 -1.5 -1.5 -16
2.44413e-05 -1.5 -1.5 -15.5
0.000129426 -1 -1.5 -14
0.000760606 -1 -1.5 -14.5
0.00236336 -1 -1.5 -15
0.00408504 -1 -1.5 -15.5
6.10105e-05 -0.5 -2 -18
3.95826e-05 -0.5 -2 -18.5
0.000132508 -1 -1.5 -18
0.00127784 -1 -1.5 -17.5
3.70585e-05 -0.5 -2 -17.5
0.0032096 -1 -1.5 -17
0.00434946 -1 -1.5 -16.5
0.00452367 -1 -1.5 -16
3.52965e-05 -1 -1 -14
5.63866e-05 -0.5 -1.5 -15
0.000297353 -1 -1 -14.5
0.000264437 -0.5 -1.5 -15.5
0.00114681 -1 -1 -15
0.000583375 -0.5 -1.5 -16
0.000915086 -0.5 -1.5 -17
0.000780236 -0.5 -1.5 -17.5
0.000400056 -0.5 -1.5 -18
8.29364e-05 -0.5 -1.5 -18.5
2.24884e-05 -1 -1 -18
0.000384553 -1 -1 -17.5
0.00116819 -1 -1 -17
0.0017595 -1 -1 -16.5
0.000872038 -0.5 -1.5 -16.5
0.0018982 -1 -1 -16
0.00186132 -1 -1 -15.5
0.000101694 -0.5 -1 -14
0.000541353 -0.5 -1 -14.5
0.0017442 -0.5 -1 -15
0.0033948 -0.5 -1 -15.5
0.00453883 -0.5 -1 -16
0.00459144 -0.5 -1 -16.5
0.00396527 -0.5 -1 -17
5.5881e-05 -0.5 -1 -18.5
0.0007141 -0.5 -1 -18
5.69062e-05 -1 -0.5 -17.5
0.00229877 -0.5 -1 -17.5
0.000133631 -1 -0.5 -17
0.000176156 -1 -0.5 -16.5
0.000183205 -1 -0.5 -16
0.000169712 -1 -0.5 -15.5
7.4162e-05 -1 -0.5 -15
2.93368e-05 -0.5 -0.5 -13.5
0.000190002 -0.5 -0.5 -14
0.00107196 -0.5 -0.5 -14.5
0.00329981 -0.5 -0.5 -15
0.00690242 -0.5 -0.5 -16
0.00278423 -0.5 -0.5 -17.5
3.84881e-05 -0.5 -0.5 -18.5
0.000572488 -0.5 -0.5 -18
0.00545307 -0.5 -0.5 -17
0.00676483 -0.5 -0.5 -16.5
0.00592997 -0.5 -0.5 -15.5
0.000120945 -0.5 0 -14
0.000800395 -0.5 0 -14.5
0.00263091 -0.5 0 -15
0.0033989 -0.5 0 -17
0.00017095 -0.5 0 -18
0.00144318 -0.5 0 -17.5
0.00457044 -0.5 0 -16.5
0.00474867 -0.5 0 -16
0.00442039 -0.5 0 -15.5
9.20668e-05 0 0 -14
0.000488043 0 0 -14.5
0.00144105 0 0 -15
8.8867e-05 -0.5 0.5 -14.5
0.00308866 0 0 -16
0.00304967 0 0 -16.5
0.000965989 -0.5 0.5 -16
0.00253908 0 0 -17
0.000453717 0 0 -18
3.46503e-05 0 0 -18.5
3.03008e-05 -0.5 0.5 -18
0.000302139 -0.5 0.5 -17.5
0.00144775 0 0 -17.5
0.000720052 -0.5 0.5 -17
0.000935467 -0.5 0.5 -16.5
0.000902195 -0.5 0.5 -15.5
0.00256877 0 0 -15.5
0.000475347 -0.5 0.5 -15
3.67385e-05 0 0.5 -13.5
0.000238578 0 0.5 -14
0.00130311 0 0.5 -14.5
0.00372217 0 0.5 -15
0.00695251 0 0.5 -16
0.00678322 0 0.5 -16.5
4.1845e-05 0 0.5 -18.5
0.000623617 0 0.5 -18
3.24359e-05 -0.5 1 -17.5
0.0027491 0 0.5 -17.5
5.9672e-05 -0.5 1 -17
0.00538139 0 0.5 -17
6.56428e-05 -0.5 1 -16.5
6.58462e-05 -0.5 1 -16
4.81872e-05 -0.5 1 -15.5
0.00622744 0 0.5 -15.5
2.93717e-05 0.5 0.5 -14
3.80627e-05 0 1 -13.5
0.000152209 0.5 0.5 -14.5
0.000418131 0.5 0.5 -15
0.00142783 0 1 -14.5
0.000710117 0.5 0.5 -15.5
0.00392064 0 1 -15
0.000814687 0.5 0.5 -16
0.000794473 0.5 0.5 -16.5
0.000642891 0.5 0.5 -17
0.000366451 0.5 0.5 -17.5
0.000118942 0.5 0.5 -18
2.03236e-05 0 1 -18.5
0.000338324 0 1 -18
0.00215087 0 1 -17.5
0.00478725 0 1 -17
0.00636864 0 1 -16.5
0.00659968 0 1 -16
0.00618418 0 1 -15.5
0.000259621 0 1 -14
2.38337e-05 0.5 1 -13.5
0.000151455 0.5 1 -14
0.000782293 0.5 1 -14.5
0.00206411 0.5 1 -15
0.00329047 0.5 1 -15.5
0.00354465 0.5 1 -16
0.00283074 0 1.5 -15.5
0.000302652 0.5 1 -18
0.000784855 0 1.5 -17.5
2.14423e-05 0.5 1 -18.5
7.41833e-05 0 1.5 -18
0.00132666 0.5 1 -17.5
0.00205225 0 1.5 -17
0.00263605 0.5 1 -17
0.0028497 0 1.5 -16.5
0.00342082 0.5 1 -16.5
0.00296865 0 1.5 -16
0.00180468 0 1.5 -15
0.000588932 0 1.5 -14.5
8.17896e-05 0 1.5 -14
5.96811e-05 0.5 1.5 -13.5
0.000387526 0.5 1.5 -14
3.13278e-05 1 1 -15
0.00184365 0.5 1.5 -14.5
6.60329e-05 1 1 -15.5
0.00436463 0.5 1.5 -15
9.01904e-05 1 1 -16
0.00628755 0.5 1.5 -15.5
9.03738e-05 1 1 -16.5
8.1749e-05 1 1 -17
5.64056e-05 1 1 -17.5
2.27311e-05 1 1 -18
0.00188741 0.5 1.5 -17.5
0.000263946 0.5 1.5 -18
2.2498e-05 0.5 1.5 -18.5
0.000108408 0 2 -17.5
0.000244417 0 2 -17
0.00444751 0.5 1.5 -17
0.000292363 0 2 -16.5
0.00620381 0.5 1.5 -16.5
0.000295383 0 2 -16
0.0065165 0.5 1.5 -16
0.000254246 0 2 -15.5
0.000119232 0 2 -15
2.11313e-05 0 2 -14.5
6.4364e-05 1 1.5 -14
8.11794e-05 0.5 2 -13.5
0.000290956 1 1.5 -14.5
0.000674495 1 1.5 -15
0.00227616 0.5 2 -14.5
0.000994772 1 1.5 -15.5
0.00105164 1 1.5 -16
0.00102066 1 1.5 -16.5
0.000800829 1 1.5 -17
0.00582246 0.5 2 -16.5
0.000416818 1 1.5 -17.5
9.72867e-05 1 1.5 -18
0.000160528 0.5 2 -18
0.00143361 0.5 2 -17.5
0.00384968 0.5 2 -17
0.00633376 0.5 2 -16
0.00628769 0.5 2 -15.5
0.00482268 0.5 2 -15
0.000525137 0.5 2 -14
4.99967e-05 1 2 -13.5
0.000322528 1 2 -14
0.00135753 1 2 -14.5
0.00359038 1 2 -15.5
0.00357836 1 2 -16
0.00321313 1 2 -16.5
0.00423436 0.5 2.5 -16
0.000878504 1 2 -17.5
0.00233341 0.5 2.5 -17
0.000120851 1 2 -18
6.05251e-05 0.5 2.5 -18
0.000717701 0.5 2.5 -17.5
0.00214517 1 2 -17
0.00381671 0.5 2.5 -16.5
0.00421373 0.5 2.5 -15.5
0.00326132 0.5 2.5 -15
0.00283287 1 2 -15
0.00150018 0.5 2.5 -14.5
0.000319258 0.5 2.5 -14
4.31788e-05 0.5 2.5 -13.5
3.71175e-05 1.5 2 -14.5
0.000817092 1 2.5 -14
9.4586e-05 1.5 2 -15
0.000143206 1.5 2 -15.5
0.000148653 1.5 2 -16
0.000138896 1.5 2 -16.5
0.00612983 1 2.5 -16
0.00106053 0.5 3 -15.5
0.000109881 1.5 2 -17
7.01671e-05 1.5 2 -17.5
0.00310253 1 2.5 -17
2.18253e-05 1.5 2 -18
8.83445e-05 1 2.5 -18
0.000251577 0.5 3 -17.5
2.44839e-05 0.5 3 -18
0.000918554 1 2.5 -17.5
0.000751007 0.5 3 -17
0.00106702 0.5 3 -16.5
0.00535632 1 2.5 -16.5
0.00111795 0.5 3 -16
0.00614642 1 2.5 -15.5
0.000729158 0.5 3 -15
0.00507099 1 2.5 -15
0.000310463 0.5 3 -14.5
0.00278576 1 2.5 -14.5
6.02963e-05 0.5 3 -14
0.000124627 1 2.5 -13.5
2.83467e-05 1.5 2.5 -13.5
0.000167599 1.5 2.5 -14
0.000544723 1.5 2.5 -14.5
0.0012685 1 3 -14
0.00103898 1.5 2.5 -15
0.00344878 1 3 -14.5
0.00127244 1.5 2.5 -15.5
0.00126597 1.5 2.5 -16
0.00603773 1 3 -15.5
0.001138 1.5 2.5 -16.5
0.000733564 1.5 2.5 -17
0.000274699 1.5 2.5 -17.5
2.99432e-05 1.5 2.5 -18
0.000689659 1 3 -17.5
6.44935e-05 1 3 -18
5.30905e-05 0.5 3.5 -17.5
9.03626e-05 0.5 3.5 -17
0.00273671 1 3 -17
8.70097e-05 0.5 3.5 -16.5
0.00498087 1 3 -16.5
6.0741e-05 0.5 3.5 -16
0.00595462 1 3 -16
2.29794e-05 0.5 3.5 -15.5
0.00551785 1 3 -15
0.000229615 1 3 -13.5
3.26626e-05 1 3 -13
0.000129506 1.5 3 -13.5
2.1811e-05 1 3.5 -13
0.000729681 1.5 3 -14
0.000155938 1 3.5 -13.5
0.00201303 1.5 3 -14.5
0.000879311 1 3.5 -14
0.00335867 1.5 3 -15.5
0.00399589 1 3.5 -15
0.00329607 1.5 3 -16
0.00271936 1.5 3 -16.5
0.00441094 1 3.5 -16
0.00152126 1.5 3 -17
0.00343371 1 3.5 -16.5
0.000378393 1.5 3 -17.5
3.87642e-05 1.5 3 -18
2.75504e-05 1 3.5 -18
0.000352934 1 3.5 -17.5
0.00165563 1 3.5 -17
0.00446635 1 3.5 -15.5
0.00315275 1.5 3 -15
0.00244301 1 3.5 -14.5
5.14214e-05 1.5 3.5 -13
0.000407452 1.5 3.5 -13.5
6.83088e-05 2 3 -14.5
0.00208983 1.5 3.5 -14
0.000125473 2 3 -15
0.00446383 1.5 3.5 -14.5
0.000148862 2 3 -15.5
0.00558253 1.5 3.5 -15
0.000146505 2 3 -16
0.000132431 2 3 -16.5
0.00508272 1.5 3.5 -16
0.00180319 1 4 -15.5
0.000104635 2 3 -17
0.00348271 1.5 3.5 -16.5
5.49118e-05 2 3 -17.5
0.000317694 1.5 3.5 -17.5
0.000662522 1 4 -17
2.64077e-05 1.5 3.5 -18
0.000137367 1 4 -17.5
0.0015682 1.5 3.5 -17
0.00141406 1 4 -16.5
0.00179664 1 4 -16
0.00560277 1.5 3.5 -15.5
0.00150959 1 4 -15
0.000849062 1 4 -14.5
0.000290374 1 4 -14
4.93632e-05 1 4 -13.5
0.000102798 2 3.5 -13.5
0.000522263 2 3.5 -14
0.00079092 1.5 4 -13.5
0.00112166 2 3.5 -14.5
0.00137244 2 3.5 -15
0.00450485 1.5 4 -14.5
0.0013585 2 3.5 -15.5
0.00120404 2 3.5 -16
0.00552442 1.5 4 -15.5
0.000845341 2 3.5 -16.5
0.000101406 2 3.5 -17.5
0.00128578 1.5 4 -17
0.00030026 1 4.5 -16.5
4.68425e-05 1 4.5 -17.5
0.000196697 1.5 4 -17.5
0.000179841 1 4.5 -17
0.000423303 2 3.5 -17
0.00327017 1.5 4 -16.5
0.000325086 1 4.5 -16
0.00497821 1.5 4 -16
0.000305634 1 4.5 -15.5
0.000194679 1 4.5 -15
0.00551026 1.5 4 -15
5.72168e-05 1 4.5 -14.5
0.00246826 1.5 4 -14
0.000128281 1.5 4 -13
6.94741e-05 2 4 -13
0.000487969 2 4 -13.5
9.08447e-05 1.5 4.5 -13
0.00294163 2 4 -14.5
0.0032468 2 4 -15
0.00319404 2 4 -15.5
0.00417945 1.5 4.5 -15
0.00274253 2 4 -16
0.00174721 2 4 -16.5
0.000630978 2 4 -17
0.00225704 1.5 4.5 -16.5
9.20054e-05 1.5 4.5 -17.5
9.1799e-05 2 4 -17.5
0.000749194 1.5 4.5 -17
0.0037766 1.5 4.5 -16
0.00425126 1.5 4.5 -15.5
0.00329697 1.5 4.5 -14.5
0.00178063 1.5 4.5 -14
0.00168694 2 4 -14
0.000573603 1.5 4.5 -13.5
0.000278419 2 4.5 -13
6.92493e-05 2.5 4 -14
0.000135698 2.5 4 -14.5
0.00330617 2 4.5 -14
0.000226523 1.5 5 -13.5
0.000157037 2.5 4 -15
0.000153179 2.5 4 -15.5
0.00465927 2 4.5 -15
0.00140905 1.5 5 -14.5
0.000134434 2.5 4 -16
0.000108015 2.5 4 -16.5
0.0035511 2 4.5 -16
0.00191466 1.5 5 -15.5
6.4688e-05 2.5 4 -17
0.00190451 2 4.5 -16.5
2.33228e-05 2.5 4 -17.5
0.000571332 2 4.5 -17
7.01411e-05 2 4.5 -17.5
0.000326551 1.5 5 -17
5.01922e-05 1.5 5 -17.5
0.000990026 1.5 5 -16.5
0.00169646 1.5 5 -16
0.00448393 2 4.5 -15.5
0.00185951 1.5 5 -15
0.00452563 2 4.5 -14.5
0.000714081 1.5 5 -14
0.00147301 2 4.5 -13.5
3.71038e-05 1.5 5 -13
3.0164e-05 2 4.5 -12.5
8.43781e-05 2.5 4.5 -13
0.00010795 2 5 -12.5
0.000427168 2.5 4.5 -13.5
0.00094248 2.5 4.5 -14
0.00184416 2 5 -13.5
0.00123948 2.5 4.5 -14.5
0.00124198 2.5 4.5 -15
0.00441579 2 5 -14.5
0.00115825 2.5 4.5 -15.5
0.000835468 2.5 4.5 -16
0.00437774 2 5 -15.5
0.000422817 1.5 5.5 -15
0.000442976 2.5 4.5 -16.5
0.000142515 2.5 4.5 -17
0.00161749 2 5 -16.5
0.000420426 1.5 5.5 -16
2.61024e-05 2.5 4.5 -17.5
0.000365268 2 5 -17
4.7792e-05 2 5 -17.5
0.000120137 1.5 5.5 -17
0.000287593 1.5 5.5 -16.5
0.00330613 2 5 -16
0.000453796 1.5 5.5 -15.5
0.00456087 2 5 -15
0.000286628 1.5 5.5 -14.5
0.000125152 1.5 5.5 -14
0.00337598 2 5 -14
2.36668e-05 1.5 5.5 -13.5
0.000625452 2 5 -13
6.39723e-05 2.5 5 -12.5
0.000446709 2.5 5 -13
0.00136629 2.5 5 -13.5
0.000481719 2 5.5 -13
0.00271762 2.5 5 -14.5
0.00256064 2 5.5 -14
0.00271899 2.5 5 -15
0.00253989 2.5 5 -15.5
0.00356072 2 5.5 -15
0.000730843 2.5 5 -16.5
0.00226151 2 5.5 -16
0.000146562 2.5 5 -17
2.28749e-05 2 5.5 -17.5
2.87614e-05 1.5 6 -17
2.63267e-05 2.5 5 -17.5
0.000195972 2 5.5 -17
3.29972e-05 1.5 6 -16.5
0.000976702 2 5.5 -16.5
0.00171238 2.5 5 -16
0.00333281 2 5.5 -15.5
0.0034055 2 5.5 -14.5
0.00233974 2.5 5 -14
0.00138572 2 5.5 -13.5
8.39877e-05 2 5.5 -12.5
3.95427e-05 3 5 -13
0.000103611 3 5 -13.5
0.00126173 2.5 5.5 -13
0.000156529 3 5 -14
0.000163463 3 5 -14.5
0.00347889 2.5 5.5 -14
0.000603552 2 6 -13.5
0.000155785 3 5 -15
0.000125773 3 5 -15.5
0.00355811 2.5 5.5 -15
0.00157864 2 6 -14.5
8.96132e-05 3 5 -16
5.45411e-05 3 5 -16.5
0.00178652 2.5 5.5 -16
0.0015155 2 6 -15.5
0.000115392 2.5 5.5 -17
0.000431105 2 6 -16.5
8.91229e-05 2 6 -17
0.000691523 2.5 5.5 -16.5
0.000981608 2 6 -16
0.00297519 2.5 5.5 -15.5
0.00166562 2 6 -15
0.00362437 2.5 5.5 -14.5
0.00117331 2 6 -14
0.00257471 2.5 5.5 -13.5
0.000212702 2 6 -13
4.09352e-05 2 6 -12.5
0.000302322 2.5 5.5 -12.5
3.78049e-05 2.5 5.5 -12
0.000132336 3 5.5 -12.5
0.000103561 2.5 6 -12
0.000858535 3 5.5 -13.5
0.00106524 3 5.5 -14
0.00262183 2.5 6 -13.5
0.00106933 3 5.5 -14.5
0.000991173 3 5.5 -15
0.00352338 2.5 6 -14.5
0.000290897 2 6.5 -14
0.000692471 3 5.5 -15.5
0.000376041 3 5.5 -16
0.00266821 2.5 6 -15.5
0.000439137 2 6.5 -15
0.000151303 3 5.5 -16.5
2.59184e-05 3 5.5 -17
0.000464405 2.5 6 -16.5
0.000279523 2 6.5 -16
7.06883e-05 2.5 6 -17
3.91446e-05 2 6.5 -17
0.000138196 2 6.5 -16.5
0.00146894 2.5 6 -16
0.000392886 2 6.5 -15.5
0.00341725 2.5 6 -15
0.00041097 2 6.5 -14.5
0.00338273 2.5 6 -14
0.00013854 2 6.5 -13.5
3.55249e-05 2 6.5 -13
0.00146468 2.5 6 -13
0.000466135 3 5.5 -13
0.000549155 2.5 6 -12.5
8.64441e-05 3 6 -12
0.000484073 3 6 -12.5
0.00123004 3 6 -13
0.000425941 2.5 6.5 -12.5
0.00204259 3 6 -13.5
0.00229422 3 6 -14
0.00227129 3 6 -14.5
0.00260386 2.5 6.5 -14
0.00132563 3 6 -15.5
0.00250393 2.5 6.5 -15
0.000171032 3 6 -16.5
0.00085371 2.5 6.5 -16
2.03024e-05 2 7 -16.5
2.46012e-05 3 6 -17
4.06013e-05 2.5 6.5 -17
0.000239197 2.5 6.5 -16.5
2.60804e-05 2 7 -16
0.000631963 3 6 -16
0.00175565 2.5 6.5 -15.5
0.00198515 3 6 -15
0.00270766 2.5 6.5 -14.5
0.00197297 2.5 6.5 -13.5
0.00110297 2.5 6.5 -13
8.12953e-05 2.5 6.5 -12
3.02797e-05 3.5 6 -12
0.000100722 3.5 6 -12.5
0.000173839 3.5 6 -13
0.000202865 2.5 7 -12.5
0.00107277 3 6.5 -12.5
0.000462981 2.5 7 -13
0.000194259 3.5 6 -13.5
0.000188742 3.5 6 -14
0.000161563 3.5 6 -14.5
0.00264418 3 6.5 -14
0.000106622 3.5 6 -15
5.99104e-05 3.5 6 -15.5
0.00213777 3 6.5 -15
0.00125368 2.5 7 -14.5
3.05435e-05 3.5 6 -16
0.000585734 3 6.5 -16
0.000742615 2.5 7 -15.5
9.71473e-05 2.5 7 -16.5
2.13417e-05 3 6.5 -17
0.00013471 3 6.5 -16.5
0.000350902 2.5 7 -16
0.0013377 3 6.5 -15.5
0.00112337 2.5 7 -15
0.00259396 3 6.5 -14.5
0.00118551 2.5 7 -14
0.000860374 2.5 7 -13.5
0.00255898 3 6.5 -13.5
0.00198531 3 6.5 -13
4.92701e-05 2.5 7 -12
0.000381316 3 6.5 -12
7.1632e-05 3 6.5 -11.5
0.000118956 3 7 -11.5
4.6092e-05 3.5 6.5 -11.5
0.000818106 3.5 6.5 -13
0.00191874 3 7 -13
8.02514e-05 2.5 7.5 -13
0.000182327 2.5 7.5 -13.5
0.000894112 3.5 6.5 -14
0.000765492 3.5 6.5 -14.5
0.000505055 3.5 6.5 -15
0.00238779 3 7 -14.5
0.000270401 3.5 6.5 -15.5
0.000109264 3.5 6.5 -16
0.00105341 3 7 -15.5
2.09314e-05 3.5 6.5 -16.5
7.60045e-05 3 7 -16.5
9.76052e-05 2.5 7.5 -16
2.52658e-05 2.5 7.5 -16.5
0.000372111 3 7 -16
0.000205138 2.5 7.5 -15.5
0.000290697 2.5 7.5 -15
0.00185356 3 7 -15
0.000323788 2.5 7.5 -14.5
0.000290981 2.5 7.5 -14
0.002476 3 7 -14
0.00236499 3 7 -13.5
0.000911977 3.5 6.5 -13.5
3.55188e-05 2.5 7.5 -12.5
0.00112788 3 7 -12.5
0.000532477 3.5 6.5 -12.5
0.000488993 3 7 -12
4.11746e-05 3.5 7 -11
0.000215537 3.5 7 -11.5
0.000554995 3.5 7 -12
0.00106414 3.5 7 -12.5
0.000380567 3 7.5 -12
0.00121898 3 7.5 -13
0.00157598 3.5 7 -13
0.00162679 3 7.5 -13.5
0.00137165 3.5 7 -14.5
0.000440898 3.5 7 -15.5
2.01437e-05 3.5 7 -16.5
0.000177536 3 7.5 -16
3.46638e-05 3 7.5 -16.5
0.000135252 3.5 7 -16
0.000579132 3 7.5 -15.5
0.00116183 3 7.5 -15
0.000902585 3.5 7 -15
0.00163074 3 7.5 -14.5
0.00176582 3 7.5 -14
0.00164894 3.5 7 -14
0.00170438 3.5 7 -13.5
0.000800735 3 7.5 -12.5
0.000103483 3 7.5 -11.5
2.12016e-05 4 7 -11
7.79288e-05 4 7 -11.5
0.000152744 3.5 7.5 -11
6.25974e-05 3 8 -11.5
0.000173334 4 7 -12
0.000169948 3 8 -12
0.000241184 4 7 -12.5
0.000853279 3.5 7.5 -12
0.000301964 3 8 -12.5
0.000218097 4 7 -13
0.000186957 4 7 -13.5
0.000460692 3 8 -13
0.00014672 4 7 -14
0.000682352 3 8 -13.5
0.00172725 3.5 7.5 -13.5
8.03005e-05 4 7 -14.5
0.000764088 3 8 -14
0.000688302 3 8 -14.5
0.00010277 3.5 7.5 -16
0.000218111 3 8 -15.5
6.32819e-05 3 8 -16
0.000390466 3.5 7.5 -15.5
0.000460573 3 8 -15
0.000875435 3.5 7.5 -15
3.26318e-05 4 7 -15
0.00137154 3.5 7.5 -14.5
0.0016636 3.5 7.5 -14
0.00170215 3.5 7.5 -13
0.00135424 3.5 7.5 -12.5
2.72848e-05 4 7.5 -10.5
3.7193e-05 3.5 8 -10.5
0.00015672 3.5 8 -11
0.000121705 4 7.5 -11
0.000422423 3.5 8 -11.5
0.00029934 4 7.5 -11.5
0.000813926 3.5 8 -12
0.00121903 3.5 8 -12.5
0.000661807 4 7.5 -12.5
3.8549e-05 3 8.5 -12.5
0.000665484 4 7.5 -13.5
7.92926e-05 3 8.5 -13
0.00148703 3.5 8 -13
0.000141585 3 8.5 -13.5
0.000537346 4 7.5 -14
0.000338453 4 7.5 -14.5
0.0011064 3.5 8 -14.5
0.000146971 3 8.5 -14.5
6.63091e-05 4 7.5 -15.5
9.45073e-05 3 8.5 -15
4.20579e-05 3 8.5 -15.5
0.000230387 3.5 8 -15.5
5.20341e-05 3.5 8 -16
0.000632102 3.5 8 -15
0.00016787 4 7.5 -15
0.000168401 3 8.5 -14
0.00143585 3.5 8 -14
0.0015386 3.5 8 -13.5
0.000701963 4 7.5 -13
3.00872e-05 3.5 8.5 -10.5
2.31704e-05 4.5 7.5 -11
0.000112175 4 8 -10.5
0.000111093 3.5 8.5 -11
3.22889e-05 4.5 7.5 -11.5
0.000298601 4 8 -11
0.000279599 3.5 8.5 -11.5
2.93498e-05 4.5 7.5 -12
0.000488342 3.5 8.5 -12
0.000793784 4 8 -12
0.00110546 4 8 -13
0.000690212 3.5 8.5 -12.5
0.000956576 3.5 8.5 -13.5
0.0010337 4 8 -13.5
0.00053072 4 8 -14.5
0.000258988 4 8 -15
7.88866e-05 4 8 -15.5
9.38499e-05 3.5 8.5 -15.5
0.000306176 3.5 8.5 -15
0.000611022 3.5 8.5 -14.5
0.000860206 3.5 8.5 -14
0.000825909 4 8 -14
0.000853063 3.5 8.5 -13
2.26264e-05 4.5 8 -10
5.20567e-05 4 8.5 -10
0.000169091 4 8.5 -10.5
6.74604e-05 4.5 8 -10.5
0.000348042 4 8.5 -11
0.000129375 4.5 8 -11
4.46607e-05 3.5 9 -11
0.000576613 4 8.5 -11.5
0.000101137 3.5 9 -11.5
0.00016516 3.5 9 -12
0.000194322 4.5 8 -12.5
0.000232579 3.5 9 -12.5
0.000155014 4.5 8 -13
0.00102282 4 8.5 -12.5
0.000357369 3.5 9 -13.5
5.76227e-05 4.5 8 -14
0.000950968 4 8.5 -13.5
0.000311436 3.5 9 -14
0.000200442 3.5 9 -14.5
8.72617e-05 3.5 9 -15
5.22735e-05 4 8.5 -15.5
0.000210238 4 8.5 -15
0.000471919 4 8.5 -14.5
0.000755797 4 8.5 -14
0.000306364 3.5 9 -13
0.000115006 4.5 8 -13.5
0.00107061 4 8.5 -13
2.27317e-05 4.5 8.5 -9.5
4.8476e-05 4 9 -10
7.41487e-05 4.5 8.5 -10
0.000134934 4 9 -10.5
0.000158083 4.5 8.5 -10.5
0.000289702 4 9 -11
0.000488613 4.5 8.5 -12
0.000492565 4.5 8.5 -12.5
2.17695e-05 3.5 9.5 -12.5
0.000455833 4.5 8.5 -13
0.000803652 4 9 -12.5
0.000358547 4.5 8.5 -13.5
4.78474e-05 3.5 9.5 -13.5
0.000211445 4.5 8.5 -14
0.000691388 4 9 -13.5
3.8377e-05 3.5 9.5 -14
0.000288817 4 9 -14.5
0.000104654 4 9 -15
2.68551e-05 4.5 8.5 -15
9.45026e-05 4.5 8.5 -14.5
0.000515104 4 9 -14
3.95667e-05 3.5 9.5 -13
0.000813154 4 9 -13
0.000685481 4 9 -12
0.000494889 4 9 -11.5
4.86745e-05 4.5 9 -9.5
0.000125082 4.5 9 -10
3.00563e-05 5 8.5 -10
2.43106e-05 4 9.5 -10
6.91079e-05 4 9.5 -10.5
5.19137e-05 5 8.5 -11
0.000238319 4.5 9 -10.5
0.000146631 4 9.5 -11
4.45323e-05 5 8.5 -11.5
0.000248109 4 9.5 -11.5
2.16582e-05 5 8.5 -12
0.000332014 4 9.5 -12
0.000382423 4 9.5 -12.5
0.000614034 4.5 9 -12.5
0.000339333 4 9.5 -13.5
0.000407123 4.5 9 -13.5
0.000229249 4 9.5 -14
0.000104872 4 9.5 -14.5
0.000115792 4.5 9 -14.5
3.35288e-05 4.5 9 -15
0.000252271 4.5 9 -14
0.0003948 4 9.5 -13
4.58097e-05 4.5 9.5 -9.5
4.29794e-05 5 9 -9.5
0.00013235 5 9 -10.5
0.000120376 4.5 9.5 -10
0.000228121 4.5 9.5 -10.5
0.000335509 4.5 9.5 -11
0.000158737 5 9 -11
3.61444e-05 4 10 -11
0.000444445 4.5 9.5 -11.5
0.000164596 5 9 -11.5
6.3436e-05 4 10 -11.5
8.61982e-05 4 10 -12
0.00053186 4.5 9.5 -12.5
0.000109098 5 9 -12.5
0.000101552 4 10 -12.5
0.000104952 4 10 -13
8.4141e-05 4 10 -13.5
4.294e-05 4 10 -14
0.000190462 4.5 9.5 -14
7.71998e-05 4.5 9.5 -14.5
7.34904e-05 5 9.5 -9.5
0.000318868 4.5 9.5 -13.5
3.95707e-05 5 9 -13.5
0.000450079 4.5 9.5 -13
7.5109e-05 5 9 -13
7.77044e-05 4.5 10 -10
0.000132365 5 9.5 -10
0.000141886 4.5 10 -10.5
0.000202443 5 9.5 -10.5
0.000220446 4.5 10 -11
0.0002953 4.5 10 -11.5
0.000276042 5 9.5 -11.5
0.000236403 5 9.5 -12.5
0.000173464 5 9.5 -13
0.000330231 4.5 10 -12.5
9.85013e-05 5 9.5 -13.5
4.09816e-05 5 9.5 -14
0.000173108 4.5 10 -13.5
8.5019e-05 4.5 10 -14
0.000265458 4.5 10 -13
7.26341e-05 5 10 -9.5
3.59291e-05 5.5 9.5 -9.5
0.000336261 4.5 10 -12
0.000135005 5 10 -10
4.74797e-05 5.5 9.5 -10
0.000201435 5 10 -10.5
5.02358e-05 5.5 9.5 -10.5
4.77263e-05 4.5 10.5 -10.5
8.72283e-05 4.5 10.5 -11
0.000115995 4.5 10.5 -11.5
0.00013103 4.5 10.5 -12
0.000118847 4.5 10.5 -12.5
0.000231626 5 10 -12.5
4.74416e-05 4.5 10.5 -13.5
9.08594e-05 5 10 -13.5
3.51502e-05 5 10 -14
8.4392e-05 4.5 10.5 -13
4.82352e-05 5 10.5 -9.5
6.00882e-05 5.5 10 -9.5
0.000105793 5.5 10 -10.5
0.000103235 5 10.5 -10
0.000105814 5.5 10 -11
0.000149631 5 10.5 -10.5
0.000183478 5 10.5 -11
9.01158e-05 5.5 10 -10
0.000201903 5 10.5 -11.5
8.98232e-05 5.5 10 -11.5
0.00020025 5 10.5 -12
6.42479e-05 5.5 10 -12
0.000160828 5 10.5 -12.5
4.74599e-05 5 10.5 -13.5
5.71942e-05 5.5 10.5 -9.5
0.000100191 5 10.5 -13
3.90845e-05 5 11 -10
9.04747e-05 5.5 10.5 -10
6.31357e-05 5 11 -10.5
0.000111162 5.5 10.5 -10.5
8.42865e-05 5 11 -11
9.50029e-05 5 11 -11.5
0.000109792 5.5 10.5 -11.5
2.43372e-05 5.5 10.5 -13
5.65872e-05 5 11 -12.5
2.22706e-05 5 11 -13
5.72764e-05 5.5 10.5 -12.5
2.01935e-05 6 10.5 -9.5
3.37098e-05 5.5 11 -9.5
8.20515e-05 5 11 -12
6.51756e-05 5.5 11 -10
2.36287e-05 6 10.5 -10
8.66468e-05 5.5 11 -10.5
9.28971e-05 5.5 11 -11
3.89916e-05 5.5 11 -12.5
2.71328e-05 6 11 -10
3.38003e-05 6 11 -10.5
2.07152e-05 5.5 11.5 -10
2.67016e-05 6 11 -11
2.83918e-05 5.5 11.5 -10.5
3.08892e-05 5.5 11.5 -11
2.66422e-05 5.5 11.5 -11.5
6.20578e-05 5.5 11 -12
8.23248e-05 5.5 11 -11.5
8.77945e-05 5.5 10.5 -12
0.000119255 5.5 10.5 -11
3.46231e-05 5.5 10 -12.5
0.000164892 5 10 -13
0.000269658 5 10 -12
0.000265435 5 10 -11.5
0.000242823 5 10 -11
3.88156e-05 5.5 9.5 -11
0.000273185 5 9.5 -12
0.000251968 5 9.5 -11
0.000519415 4.5 9.5 -12
0.000142496 5 9 -12
8.73572e-05 5 9 -10
0.000546416 4.5 9 -13
0.000583674 4.5 9 -12
0.000480118 4.5 9 -11.5
0.000361851 4.5 9 -11
4.68418e-05 5 8.5 -10.5
0.000416911 4.5 8.5 -11.5
0.000288237 4.5 8.5 -11
0.000824725 4 8.5 -12
0.000223717 4.5 8 -12
0.000192366 4.5 8 -11.5
0.00102949 4 8 -12.5
0.000534339 4 8 -11.5
2.73583e-05 4 8 -10
0.000506228 4 7.5 -12
0.000431773 3.5 7.5 -11.5
3.28699e-05 3.5 7.5 -10.5
0.000229993 3.5 6.5 -12
