0.0842015
7.44133e-05 -9.5 -3 9.5
5.7044e-05 -9.5 -3 9
0.000209056 -10 -2.5 9.5
4.85821e-05 -9.5 -3 10
8.05843e-05 -10.5 -2 9.5
0.000153531 -10 -2.5 9
0.000146902 -10 -2.5 10
7.54352e-05 -10.5 -2 9
2.45903e-05 -10.5 -2 10
5.91784e-05 -9 -3 9.5
0.000667829 -9.5 -2.5 9.5
0.00231797 -10 -2 9.5
5.21002e-05 -9.5 -2.5 8.5
0.00124566 -10.5 -1.5 9.5
0.0015877 -10 -2 9
0.000475337 -9.5 -2.5 10
0.000579388 -9.5 -2.5 9
0.000890127 -10.5 -1.5 9
0.00010613 -11 -1 9.5
0.00116533 -10.5 -1.5 10
4.38982e-05 -10 -2 8.5
7.22637e-05 -9.5 -2.5 10.5
0.000103561 -11 -1 9
6.90728e-05 -11 -1 10
0.000178407 -10.5 -1.5 10.5
0.000545651 -9 -2.5 9.5
0.00442836 -9.5 -2 9.5
0.000218064 -9 -2.5 8.5
0.0106309 -10 -1.5 9.5
0.00347291 -9.5 -2 10
0.00383351 -9.5 -2 9
0.00819112 -10 -1.5 9
0.0052588 -10.5 -1 9.5
0.00955571 -10 -1.5 10
0.00100716 -9.5 -2 8.5
0.000797053 -9.5 -2 10.5
0.00396846 -10.5 -1 9
0.000490536 -11 -0.5 9.5
0.00461525 -10.5 -1 10
0.00173867 -10 -1.5 8.5
0.00272925 -10 -1.5 10.5
4.45398e-05 -9.5 -2 11
0.000421909 -11 -0.5 9
0.000896585 -10.5 -1 8.5
0.000316265 -11 -0.5 10
0.00113517 -10.5 -1 10.5
0.000174652 -10 -1.5 11
0.000142968 -11 -0.5 8.5
2.95902e-05 -11 -0.5 10.5
4.29366e-05 -10.5 -1 11
3.55544e-05 -8.5 -2.5 9
0.00306896 -9 -2 9.5
0.00285207 -9 -2 9
0.0131508 -9.5 -1.5 9.5
9.66043e-05 -8.5 -2.5 8.5
4.16025e-05 -8.5 -2.5 8
0.00141331 -9 -2 8.5
0.0192088 -10 -1 9.5
0.011473 -9.5 -1.5 9
0.0103698 -9.5 -1.5 10
0.0165449 -10 -1 9
0.00717613 -10.5 -0.5 9.5
7.01896e-05 -9 -2 8
0.0145781 -10 -1 10
0.00507598 -9.5 -1.5 8.5
0.00294123 -9.5 -1.5 10.5
0.00651358 -10.5 -0.5 9
0.000647552 -11 0 9.5
0.00516914 -10.5 -0.5 10
0.0069584 -10 -1 8.5
0.0039769 -10 -1 10.5
0.000275667 -9.5 -1.5 11
0.000640616 -11 0 9
2.0011e-05 -11.5 0.5 9.5
0.000346712 -11 0 10
0.00322361 -10.5 -0.5 8.5
0.00120976 -10.5 -0.5 10.5
0.00040364 -10 -1 11
2.17718e-05 -11.5 0.5 9
0.00041848 -11 0 8.5
4.54176e-05 -11 0 10.5
6.33794e-05 -10.5 -0.5 8
8.29971e-05 -10.5 -0.5 11
4.36109e-05 -11 0 8
0.000277276 -8.5 -2 9
0.00819851 -9 -1.5 9.5
2.76398e-05 -8.5 -2 9.5
0.000579829 -8.5 -2 8.5
0.0207745 -9.5 -1 9.5
0.00478785 -9 -1.5 10
0.00779273 -9 -1.5 9
0.0187985 -9.5 -1 9
0.000251718 -8.5 -2 8
0.0203156 -10 -0.5 9.5
0.0011169 -9 -1.5 10.5
0.0148541 -9.5 -1 10
0.00456292 -9 -1.5 8.5
0.0105905 -9.5 -1 8.5
0.0186521 -10 -0.5 9
0.00715281 -10.5 0 9.5
0.0144625 -10 -0.5 10
0.000957172 -9 -1.5 8
0.00666552 -10.5 0 9
0.000626535 -11 0.5 9.5
0.00483794 -10.5 0 10
0.00172871 -9.5 -1 8
0.0109538 -10 -0.5 8.5
0.00385887 -10 -0.5 10.5
0.00012872 -9 -1.5 11
0.000639316 -11 0.5 9
0.00406033 -10.5 0 8.5
0.000307026 -11 0.5 10
0.00105938 -10.5 0 10.5
0.00229021 -10 -0.5 8
0.000400416 -10 -0.5 11
2.14744e-05 -11.5 1 9
0.000464462 -11 0.5 8.5
3.99655e-05 -11 0.5 10.5
0.00118307 -10.5 0 8
8.71971e-05 -10.5 0 11
0.000187493 -11 0.5 8
0.00033087 -8.5 -1.5 9.5
0.0130004 -9 -1 9.5
5.30954e-05 -8 -2 8
0.00139116 -8.5 -1.5 8.5
0.00778022 -9 -1 10
0.0215252 -9.5 -0.5 9.5
0.0125973 -9 -1 9
0.0202332 -9.5 -0.5 9
0.000733162 -8.5 -1.5 8
0.0181505 -10 0 9.5
0.00195515 -9 -1 10.5
0.0146479 -9.5 -0.5 10
0.00823084 -9 -1 8.5
0.0170409 -10 0 9
0.00530986 -10.5 0.5 9.5
0.000107619 -8.5 -1.5 7.5
0.0025366 -9 -1 8
0.0127984 -9.5 -0.5 8.5
0.0118531 -10 0 10
0.00393623 -9.5 -0.5 10.5
0.000234127 -9 -1 11
0.00516667 -10.5 0.5 9
0.0107851 -10 0 8.5
0.000495431 -11 1 9.5
0.00289112 -10.5 0.5 10
0.00435544 -9.5 -0.5 8
0.00308896 -10 0 10.5
0.000434688 -9.5 -0.5 11
0.000560759 -11 1 9
0.00371193 -10.5 0.5 8.5
0.00021705 -11 1 10
0.000637351 -10.5 0.5 10.5
0.00395211 -10 0 8
0.000314918 -10 0 11
0.000422291 -11 1 8.5
0.00152997 -10.5 0.5 8
3.38187e-05 -11 1 10.5
5.4264e-05 -10.5 0.5 11
0.000199019 -11 1 8
0.000242467 -10.5 0.5 7.5
5.50527e-05 -11 1 7.5
0.000191822 -10 0 7.5
0.00129366 -8.5 -1 9.5
0.0137348 -9 -0.5 9.5
0.000108559 -8 -1.5 8
0.00243051 -8.5 -1 8.5
0.0186043 -9.5 0 9.5
0.0135655 -9 -0.5 9
0.0081921 -9 -0.5 10
0.0178054 -9.5 0 9
6.09518e-05 -8 -1.5 7.5
0.00981108 -10 0.5 9.5
0.0014147 -8.5 -1 8
0.0119349 -9.5 0 10
0.00947939 -9 -0.5 8.5
0.00209117 -9 -0.5 10.5
0.00968169 -10 0.5 9
0.0118524 -9.5 0 8.5
0.00133219 -10.5 1 9.5
0.00595249 -10 0.5 10
0.000301178 -8.5 -1 7.5
0.00315506 -9.5 0 10.5
0.00376637 -9 -0.5 8
0.0017448 -10.5 1 9
0.00720147 -10 0.5 8.5
5.9836e-05 -11 1.5 9.5
0.000539631 -10.5 1 10
0.000473577 -9 -0.5 7.5
0.0016558 -10 0.5 10.5
0.00472561 -9.5 0 8
0.000343696 -9.5 0 11
0.000113067 -11 1.5 9
0.00163514 -10.5 1 8.5
0.00346389 -10 0.5 8
0.000125743 -10.5 1 10.5
0.000163133 -10 0.5 11
0.000867841 -9.5 0 7.5
0.000134075 -11 1.5 8.5
0.00108697 -10.5 1 8
0.000922563 -10 0.5 7.5
0.000119101 -11 1.5 8
0.000371744 -10.5 1 7.5
5.23574e-05 -11 1.5 7.5
4.86056e-05 -10.5 1 7
0.000249528 -9 -0.5 11
0.00282873 -8.5 -0.5 9.5
0.0118158 -9 0 9.5
0.00376124 -8.5 -0.5 9
0.0117464 -9 0 9
0.000182788 -8 -1 8
0.0097651 -9.5 0.5 9.5
0.00724025 -9 0 10
0.00318952 -8.5 -0.5 8.5
0.00966493 -9.5 0.5 9
0.0020485 -10 1 9.5
0.000122203 -8 -1 7.5
0.00166634 -8.5 -0.5 8
0.00608841 -9.5 0.5 10
0.00839391 -9 0 8.5
0.00190052 -9 0 10.5
0.00249785 -10 1 9
0.00712565 -9.5 0.5 8.5
6.39362e-05 -10.5 1.5 9.5
2.32517e-05 -8 -1 7
0.00100147 -10 1 10
0.000454951 -8.5 -0.5 7.5
0.00182218 -9.5 0.5 10.5
0.00371804 -9 0 8
0.000220749 -9 0 11
0.000114372 -10.5 1.5 9
0.00225249 -10 1 8.5
0.00361794 -9.5 0.5 8
0.000314192 -10 1 10.5
0.000882869 -9 0 7.5
0.000196453 -9.5 0.5 11
0.000151634 -10.5 1.5 8.5
0.00154545 -10 1 8
3.78767e-05 -10 1 11
4.49343e-05 -9 0 7
0.00105803 -9.5 0.5 7.5
0.000203348 -10.5 1.5 8
0.000697301 -10 1 7.5
0.00016984 -10.5 1.5 7.5
5.98769e-05 -10.5 1.5 7
0.000160976 -10 1 7
0.000120241 -9.5 0.5 7
0.000147748 -8 -0.5 8.5
0.00648545 -9 0.5 9.5
0.00364134 -8.5 0 9
0.00639843 -9 0.5 9
0.00216668 -9.5 1 9.5
0.000239671 -8 -0.5 8
0.00425019 -9 0.5 10
0.00300406 -8.5 0 8.5
0.0024074 -9.5 1 9
9.73356e-05 -10 1.5 9.5
0.000147024 -8 -0.5 7.5
0.0012632 -9.5 1 10
0.00156036 -8.5 0 8
0.00128369 -9 0.5 10.5
0.00467054 -9 0.5 8.5
0.000179331 -10 1.5 9
0.0020902 -9.5 1 8.5
0.00241857 -9 0.5 8
3.08502e-05 -10 1.5 10
3.39936e-05 -8 -0.5 7
0.000481315 -9.5 1 10.5
0.000478644 -8.5 0 7.5
0.000145069 -9 0.5 11
0.000204444 -10 1.5 8.5
0.00140954 -9.5 1 8
5.80172e-05 -8.5 0 7
7.21676e-05 -9.5 1 11
0.000818129 -9 0.5 7.5
0.000211515 -10 1.5 8
0.000663698 -9.5 1 7.5
0.000174416 -10 1.5 7.5
8.63175e-05 -10 1.5 7
0.000168427 -9.5 1 7
0.00013956 -9 0.5 7
0.00256927 -8.5 0.5 9.5
0.0017832 -9 1 9.5
0.000357636 -8 0 8.5
0.0015475 -8.5 0.5 10
0.00258524 -8.5 0.5 9
0.00189907 -8.5 0.5 8.5
0.00177473 -9 1 9
0.000135547 -9.5 1.5 9.5
0.00117995 -9 1 10
0.000271209 -8 0 8
0.000381675 -8.5 0.5 10.5
0.000205955 -9.5 1.5 9
6.41221e-05 -9.5 1.5 10
0.000121608 -8 0 7.5
0.000971383 -8.5 0.5 8
0.000483644 -9 1 10.5
0.00140641 -9 1 8.5
0.000202275 -9.5 1.5 8.5
0.000343806 -8.5 0.5 7.5
0.000859267 -9 1 8
3.30387e-05 -8 0 7
0.000174473 -9.5 1.5 8
0.000139852 -9.5 1.5 7.5
6.77762e-05 -8.5 0.5 7
7.35584e-05 -9.5 1.5 7
0.000118511 -9 1 7
0.000390919 -9 1 7.5
0.000364596 -8 0.5 9.5
0.000453655 -8 0.5 9
0.00100365 -8.5 1 9
0.000105507 -8 0.5 10
0.000135043 -9 1.5 9.5
0.000390591 -8 0.5 8.5
0.000177412 -9 1.5 9
0.000703131 -8.5 1 8.5
7.82658e-05 -9 1.5 10
0.000219476 -8 0.5 8
0.000156463 -9 1.5 8.5
2.25848e-05 -9 1.5 10.5
7.38988e-05 -8 0.5 7.5
0.000378358 -8.5 1 8
0.000121382 -9 1.5 8
2.30485e-05 -8 0.5 7
7.99468e-05 -9 1.5 7.5
3.36892e-05 -9 1.5 7
3.81516e-05 -8.5 1 7
0.000152198 -8.5 1 7.5
3.46545e-05 -8.5 1 11
0.000322106 -8 1 9.5
0.000129893 -8.5 1.5 9.5
0.000127076 -8.5 1.5 9
9.64654e-05 -8.5 1.5 10
0.000229113 -8 1 8.5
0.000105605 -8.5 1.5 8.5
5.8631e-05 -8.5 1.5 10.5
0.000109315 -8 1 8
7.11555e-05 -8.5 1.5 8
3.21153e-05 -8.5 1.5 7.5
2.67248e-05 -7.5 1 9
9.07679e-05 -8 1.5 9.5
2.53135e-05 -7.5 1 8.5
8.09781e-05 -8 1.5 10
8.13042e-05 -8 1.5 9
2.59368e-05 -8 1.5 8
2.90267e-05 -8 1.5 10.5
5.47822e-05 -8 1.5 8.5
3.42473e-05 -8 1 7.5
5.43637e-05 -8 1 10.5
0.000198169 -8 1 10
0.000322799 -8 1 9
0.000275188 -8.5 1 10.5
0.000760962 -8.5 1 10
0.0010572 -8.5 1 9.5
6.66427e-05 -9 1 11
4.44091e-05 -8.5 0.5 11
0.00024442 -8 0 9
3.19419e-05 -8.5 0 11
0.000339506 -8.5 0 10.5
0.00167886 -8.5 0 10
0.00324601 -8.5 0 9.5
9.91915e-05 -8.5 -0.5 10.5
0.000848655 -8.5 -0.5 10
0.000157221 -8.5 -1 10
0.0025624 -8.5 -1 9
0.00110054 -8.5 -1.5 9
0.000444795 -9.5 -1 11
0.00407044 -9.5 -1 10.5
3.53198e-05 -9 -2 11
0.000386799 -9 -2 10.5
0.0017408 -9 -2 10
5.45305e-05 -9 -2.5 10.5
0.000291373 -9 -2.5 10
0.000505533 -9 -2.5 9
0.00038643 -10 -2 10.5
0.00205507 -10 -2 10
2.53214e-05 -9 -3 10
5.37846e-05 -9 -3 9
