0.178392
2.64833e-05 -6 1 3
2.48318e-05 -6.5 1.5 3.5
2.58314e-05 -6 1 2.5
5.28718e-05 -6.5 1.5 3
5.42005e-05 -6.5 1.5 2.5
2.09786e-05 -7 2 3
3.12904e-05 -6.5 1.5 2
3.75543e-05 -7 2 2.5
3.85739e-05 -7 2 2
3.09848e-05 -6 1.5 4
3.18339e-05 -5.5 1 3
0.000120881 -6 1.5 3.5
3.24119e-05 -5.5 1 2.5
0.000177732 -6 1.5 3
0.000170809 -6.5 2 3.5
0.000172431 -6 1.5 2.5
0.0003323 -6.5 2 3
9.76456e-05 -6 1.5 2
0.000344215 -6.5 2 2.5
0.000169625 -7 2.5 3
0.000215752 -6.5 2 2
0.000244228 -7 2.5 2.5
2.41599e-05 -7.5 3 3
2.31091e-05 -6.5 2 1.5
0.000237382 -7 2.5 2
8.4457e-05 -7.5 3 2.5
5.78635e-05 -7 2.5 1.5
9.2467e-05 -7.5 3 2
7.81956e-05 -7.5 3 1.5
4.18886e-05 -5.5 1.5 4
0.000135683 -5.5 1.5 3.5
0.000183123 -6 2 4
0.000204611 -5.5 1.5 3
0.000650418 -6 2 3.5
0.000128403 -6.5 2.5 4
0.000209161 -5.5 1.5 2.5
0.000923417 -6 2 3
0.00115877 -6.5 2.5 3.5
0.00014933 -5.5 1.5 2
0.00091736 -6 2 2.5
0.0017024 -6.5 2.5 3
0.000452308 -7 3 3.5
3.36707e-05 -5.5 1.5 1.5
0.000551047 -6 2 2
0.00173586 -6.5 2.5 2.5
0.000987722 -7 3 3
9.4764e-05 -6 2 1.5
0.00109773 -6.5 2.5 2
0.00113069 -7 3 2.5
0.000190914 -7.5 3.5 3
0.000176213 -6.5 2.5 1.5
0.00104472 -7 3 2
0.000250813 -7.5 3.5 2.5
0.000343152 -7 3 1.5
0.000261116 -7.5 3.5 2
0.000238663 -7.5 3.5 1.5
2.67384e-05 -8 4 2
8.99774e-05 -7.5 3.5 1
2.88378e-05 -8 4 1.5
2.92309e-05 -8 4 1
2.11369e-05 -8 4 0.5
2.42016e-05 -5 1.5 4
2.64736e-05 -5.5 2 4.5
7.84143e-05 -5 1.5 3.5
0.000243641 -5.5 2 4
5.47091e-05 -6 2.5 4.5
0.000138744 -5 1.5 3
0.000707491 -5.5 2 3.5
0.00113773 -6 2.5 4
3.39747e-05 -6.5 3 4.5
0.000150608 -5 1.5 2.5
0.00102243 -5.5 2 3
0.00289394 -6 2.5 3.5
0.00181077 -6.5 3 4
0.000122762 -5 1.5 2
0.00102113 -5.5 2 2.5
0.00359382 -6 2.5 3
0.00440881 -6.5 3 3.5
5.319e-05 -5 1.5 1.5
0.00072395 -5.5 2 2
0.00351883 -6 2.5 2.5
0.00523362 -6.5 3 3
0.00143564 -7 3.5 3.5
0.000219619 -5.5 2 1.5
0.00222853 -6 2.5 2
0.00518242 -6.5 3 2.5
0.00238831 -7 3.5 3
2.12579e-05 -5.5 2 1
0.000529674 -6 2.5 1.5
0.00358251 -6.5 3 2
0.00248289 -7 3.5 2.5
0.000169411 -7.5 4 3
2.30376e-05 -6 2.5 1
0.0010345 -6.5 3 1.5
0.00241822 -7 3.5 2
0.000315114 -7.5 4 2.5
7.86538e-05 -6.5 3 1
0.00133376 -7 3.5 1.5
0.000356963 -7.5 4 2
0.000225503 -7 3.5 1
0.000357658 -7.5 4 1.5
2.41228e-05 -8 4.5 2
2.19149e-05 -7 3.5 0.5
0.000301782 -7.5 4 1
2.61729e-05 -8 4.5 1.5
5.90312e-05 -7.5 4 0.5
2.6812e-05 -8 4.5 1
3.11307e-05 -8 4.5 0.5
0.000142111 -7 3.5 4
2.43194e-05 -5 2 4.5
0.000147251 -5 2 4
0.000188767 -5.5 2.5 4.5
0.000405832 -5 2 3.5
0.00128492 -5.5 2.5 4
0.000877753 -6 3 4.5
3.84258e-05 -4.5 1.5 2.5
0.000670944 -5 2 3
0.00287129 -5.5 2.5 3.5
0.00397293 -6 3 4
0.000380594 -6.5 3.5 4.5
4.53342e-05 -4.5 1.5 2
0.000706098 -5 2 2.5
0.00360158 -5.5 2.5 3
0.00731325 -6 3 3.5
3.10303e-05 -4.5 1.5 1.5
0.000576464 -5 2 2
0.00352413 -5.5 2.5 2.5
0.00832591 -6 3 3
0.0074198 -6.5 3.5 3.5
0.000269614 -5 2 1.5
0.00251646 -5.5 2.5 2
0.00813357 -6 3 2.5
0.00873919 -6.5 3.5 3
4.63872e-05 -5 2 1
0.000948025 -5.5 2.5 1.5
0.00590696 -6 3 2
0.0087142 -6.5 3.5 2.5
0.00235487 -7 4 3
8.04324e-05 -5.5 2.5 1
0.00224094 -6 3 1.5
0.0070434 -6.5 3.5 2
0.00271359 -7 4 2.5
0.000223293 -6 3 1
0.00341046 -6.5 3.5 1.5
0.00282415 -7 4 2
0.000261695 -7.5 4.5 2.5
2.29087e-05 -6 3 0.5
0.000644857 -6.5 3.5 1
0.00237496 -7 4 1.5
0.000314022 -7.5 4.5 2
4.52353e-05 -6.5 3.5 0.5
0.000964093 -7 4 1
0.000327385 -7.5 4.5 1.5
0.00011162 -7 4 0.5
0.000331918 -7.5 4.5 1
2.87318e-05 -7 4 0
0.000163799 -7.5 4.5 0.5
3.75787e-05 -7.5 4.5 0
2.00511e-05 -8 5 0
2.21264e-05 -8 5 0.5
0.000104012 -7.5 4.5 3
0.00120994 -7 4 3.5
0.00010955 -7 4 4
0.00347377 -6.5 3.5 4
0.000146906 -5 2.5 4.5
9.45068e-05 -5.5 3 5
0.000575645 -5 2.5 4
0.00103278 -5.5 3 4.5
0.000199075 -6 3.5 5
7.41572e-05 -4.5 2 3
0.00132812 -5 2.5 3.5
0.00377668 -5.5 3 4
0.00195469 -6 3.5 4.5
0.000174104 -4.5 2 2.5
0.0020324 -5 2.5 3
0.00677391 -5.5 3 3.5
0.00640088 -6 3.5 4
0.000291682 -6.5 4 4.5
0.000208804 -4.5 2 2
0.00210245 -5 2.5 2.5
0.00786655 -5.5 3 3
0.0110568 -6 3.5 3.5
0.00300416 -6.5 4 4
0.000156943 -4.5 2 1.5
0.00177641 -5 2.5 2
0.00769477 -5.5 3 2.5
0.0124869 -6 3.5 3
0.0070392 -6.5 4 3.5
3.16493e-05 -7 4.5 4
6.08424e-05 -4.5 2 1
0.00091139 -5 2.5 1.5
0.00572319 -5.5 3 2
0.0122561 -6 3.5 2.5
0.00874533 -6.5 4 3
0.000651681 -7 4.5 3.5
0.000209843 -5 2.5 1
0.00271423 -5.5 3 1.5
0.00971423 -6 3.5 2
0.00889301 -6.5 4 2.5
0.000537166 -5.5 3 1
0.00518167 -6 3.5 1.5
0.00818619 -6.5 4 2
0.00239499 -7 4.5 2.5
3.93561e-05 -5.5 3 0.5
0.00134197 -6 3.5 1
0.00522162 -6.5 4 1.5
0.00248642 -7 4.5 2
0.000101868 -6 3.5 0.5
0.00204131 -6.5 4 1
0.00223958 -7 4.5 1.5
2.09247e-05 -6 3.5 0
0.00028418 -6.5 4 0.5
0.0012888 -7 4.5 1
0.000223806 -7.5 5 1.5
3.02091e-05 -6.5 4 0
0.000427764 -7 4.5 0.5
5.84481e-05 -7 4.5 0
0.000157308 -7.5 5 0.5
5.44087e-05 -7.5 5 0
0.000234864 -7.5 5 1
0.000207967 -7.5 5 2
0.000146884 -7.5 5 2.5
2.11531e-05 -7.5 5 3
0.00198397 -7 4.5 3
7.83324e-05 -5 3 5
2.65965e-05 -5.5 3.5 5.5
0.000449334 -5 3 4.5
0.000313974 -5.5 3.5 5
2.54513e-05 -4.5 2.5 3.5
0.00145995 -5 3 4
0.00208507 -5.5 3.5 4.5
0.000189715 -4.5 2.5 3
0.0030245 -5 3 3.5
0.0060773 -5.5 3.5 4
0.00181272 -6 4 4.5
0.00042116 -4.5 2.5 2.5
0.00424216 -5 3 3
0.0102534 -5.5 3.5 3.5
0.00615553 -6 4 4
0.000106764 -6.5 4.5 4.5
2.99708e-05 -4 2 1.5
0.00057075 -4.5 2.5 2
0.00432144 -5 3 2.5
0.0116478 -5.5 3.5 3
0.0109468 -6 4 3.5
0.00047415 -4.5 2.5 1.5
0.00368466 -5 3 2
0.0114095 -5.5 3.5 2.5
0.0127347 -6 4 3
0.000169196 -7 5 3.5
0.005566 -6.5 4.5 3.5
0.000202033 -4.5 2.5 1
0.00212878 -5 3 1.5
0.00902913 -5.5 3.5 2
0.0126483 -6 4 2.5
3.16188e-05 -4.5 2.5 0.5
0.000701052 -5 3 1
0.00498115 -5.5 3.5 1.5
0.0106694 -6 4 2
0.00774534 -6.5 4.5 2.5
6.36068e-05 -5 3 0.5
0.00167854 -5.5 3.5 1
0.00668039 -6 4 1.5
0.00718613 -6.5 4.5 2
0.000177481 -5.5 3.5 0.5
0.00283314 -6 4 1
0.00491689 -6.5 4.5 1.5
3.03056e-05 -5.5 3.5 0
0.000532589 -6 4 0.5
0.00251521 -6.5 4.5 1
0.00146934 -7 5 1.5
4.79847e-05 -6 4 0
0.00081271 -6.5 4.5 0.5
0.000113385 -6.5 4.5 0
0.000465712 -7 5 0.5
2.3546e-05 -6.5 4.5 -0.5
0.000129842 -7 5 0
6.78865e-05 -7.5 5.5 0.5
2.65502e-05 -7 5 -0.5
3.80652e-05 -7.5 5.5 0
7.99693e-05 -7.5 5.5 1
0.000962565 -7 5 1
7.47278e-05 -7.5 5.5 1.5
5.89512e-05 -7.5 5.5 2
0.00154824 -7 5 2
0.00148693 -7 5 2.5
0.00107033 -7 5 3
0.00756674 -6.5 4.5 3
0.00182997 -6.5 4.5 4
0.000181696 -6 4 5
2.53182e-05 -5 3.5 5.5
0.000208387 -5 3.5 5
0.00103629 -5 3.5 4.5
0.000357748 -5.5 4 5
8.79334e-05 -4.5 3 3.5
0.00284161 -5 3.5 4
0.00210403 -5.5 4 4.5
0.000118071 -6 4.5 5
0.000455584 -4.5 3 3
0.00509062 -5 3.5 3.5
0.000833722 -4.5 3 2.5
0.00654218 -5 3.5 3
0.0105831 -5.5 4 3.5
0.000570865 -6.5 5 4
0.00502538 -6 4.5 4
7.38127e-05 -4 2.5 1.5
0.00110539 -4.5 3 2
0.00652844 -5 3.5 2.5
0.0121373 -5.5 4 3
0.00271165 -6.5 5 3.5
0.0110309 -6 4.5 3
6.94861e-05 -4 2.5 1
0.000932952 -4.5 3 1.5
0.00545607 -5 3.5 2
0.00426169 -6.5 5 3
2.4895e-05 -4 2.5 0.5
0.000479113 -4.5 3 1
0.00342157 -5 3.5 1.5
0.00991313 -5.5 4 2
0.000115897 -4.5 3 0.5
0.00141591 -5 3.5 1
0.00611399 -5.5 4 1.5
0.000314013 -7 5.5 2.5
0.00916356 -6 4.5 2
0.000264498 -5 3.5 0.5
0.0026625 -5.5 4 1
0.0059386 -6 4.5 1.5
2.67093e-05 -5 3.5 0
0.000628578 -5.5 4 0.5
0.0029644 -6 4.5 1
0.00299027 -6.5 5 1.5
6.46786e-05 -5.5 4 0
0.00102092 -6 4.5 0.5
0.000173775 -6 4.5 0
0.00078178 -6.5 5 0.5
2.49535e-05 -6 4.5 -0.5
0.000238406 -6.5 5 0
0.000194668 -7 5.5 0.5
3.48839e-05 -6.5 5 -0.5
2.83863e-05 -7 5.5 -0.5
8.7379e-05 -7 5.5 0
0.000331677 -7 5.5 1
0.00172922 -6.5 5 1
0.000416322 -7 5.5 1.5
0.000418312 -7 5.5 2
0.00413007 -6.5 5 2
0.00443165 -6.5 5 2.5
0.0109299 -6 4.5 2.5
0.0119881 -5.5 4 2.5
0.00933285 -6 4.5 3.5
0.00621636 -5.5 4 4
4.05419e-05 -5 4 5.5
0.000320619 -5 4 5
3.8983e-05 -5.5 4.5 5.5
5.33007e-05 -4.5 3.5 4
0.00155118 -5 4 4.5
3.91215e-05 -6 5 5
0.000311848 -5.5 4.5 5
0.000409725 -4.5 3.5 3.5
0.00380684 -5 4 4
0.000995268 -4.5 3.5 3
0.00628618 -5 4 3.5
0.00534622 -5.5 4.5 4
0.000589347 -6 5 4.5
0.00143695 -4.5 3.5 2.5
0.0075023 -5 4 3
0.0092673 -5.5 4.5 3.5
0.00271268 -6 5 4
0.00520383 -6 5 3.5
0.000124115 -4 3 1.5
0.00161073 -4.5 3.5 2
0.00736043 -5 4 2.5
2.08635e-05 -6.5 5.5 3.5
0.000135806 -4 3 1
0.00134141 -4.5 3.5 1.5
0.00605085 -5 4 2
0.0104015 -5.5 4.5 2.5
0.000689448 -6.5 5.5 3
6.9781e-05 -4 3 0.5
0.000774928 -4.5 3.5 1
0.00386053 -5 4 1.5
0.000248499 -4.5 3.5 0.5
0.00184735 -5 4 1
0.00533039 -5.5 4.5 1.5
0.00497031 -6 5 2
0.000948351 -6.5 5.5 2.5
2.70952e-05 -4.5 3.5 0
0.000549192 -5 4 0.5
0.00261304 -5.5 4.5 1
0.000788835 -6.5 5.5 1.5
6.6101e-05 -5 4 0
0.000917713 -5.5 4.5 0.5
0.000177871 -5.5 4.5 0
0.000821537 -6 5 0.5
2.65472e-05 -5.5 4.5 -0.5
0.000263229 -6 5 0
0.000273055 -6.5 5.5 0.5
4.43982e-05 -6 5 -0.5
4.02715e-05 -6.5 5.5 -0.5
0.000120031 -6.5 5.5 0
0.000509493 -6.5 5.5 1
0.00184874 -6 5 1
0.00333975 -6 5 1.5
0.000962642 -6.5 5.5 2
0.00847398 -5.5 4.5 2
0.00604905 -6 5 2.5
0.00616404 -6 5 3
0.0105855 -5.5 4.5 3
3.938e-05 -4.5 4 5
4.2239e-05 -5 4.5 5.5
0.000126928 -4.5 4 4.5
0.000312389 -5 4.5 5
2.12023e-05 -5.5 5 5.5
0.000369541 -4.5 4 4
0.00100326 -4.5 4 3.5
0.00383558 -5 4.5 4
0.001193 -5.5 5 4.5
0.00166181 -4.5 4 3
0.00601281 -5 4.5 3.5
3.50323e-05 -4 3.5 2
0.00201057 -4.5 4 2.5
0.0059852 -5.5 5 3
0.000911099 -6 5.5 3.5
0.00680089 -5 4.5 3
0.000152811 -4 3.5 1.5
0.00190881 -4.5 4 2
0.000179663 -4 3.5 1
0.00145457 -4.5 4 1.5
0.00517697 -5 4.5 2
0.00576718 -5.5 5 2.5
0.000113819 -4 3.5 0.5
0.000834645 -4.5 4 1
0.00322856 -5 4.5 1.5
0.00450609 -5.5 5 2
0.00136164 -6 5.5 2.5
2.59488e-05 -4 3.5 0
0.000329738 -4.5 4 0.5
0.00159689 -5 4.5 1
6.55658e-05 -4.5 4 0
0.000603617 -5 4.5 0.5
0.00149926 -5.5 5 1
0.000826291 -6 5.5 1.5
0.000140391 -5 4.5 0
0.00064639 -5.5 5 0.5
2.34818e-05 -5 4.5 -0.5
0.000215523 -5.5 5 0
0.000258914 -6 5.5 0.5
4.18549e-05 -5.5 5 -0.5
3.96539e-05 -6 5.5 -0.5
0.000109414 -6 5.5 0
0.00050764 -6 5.5 1
0.00285464 -5.5 5 1.5
0.00114269 -6 5.5 2
0.00136159 -6 5.5 3
0.0065828 -5 4.5 2.5
0.005366 -5.5 5 3.5
0.000151851 -6 5.5 4
0.00320679 -5.5 5 4
0.00161046 -5 4.5 4.5
2.32068e-05 -4.5 4.5 5.5
0.000127835 -4.5 4.5 5
0.000333235 -4.5 4.5 4.5
0.000241401 -5 5 5
0.000798294 -4.5 4.5 4
0.00118889 -5 5 4.5
2.958e-05 -5.5 5.5 5
0.00149367 -4.5 4.5 3.5
0.00278061 -5 5 4
0.000293507 -5.5 5.5 4.5
3.18223e-05 -4 4 2.5
0.00204539 -4.5 4.5 3
0.000104944 -4 4 2
0.00205758 -4.5 4.5 2.5
0.00413523 -5 5 3
0.00134199 -5.5 5.5 3.5
0.00017759 -4 4 1.5
0.00177123 -4.5 4.5 2
0.00376615 -5 5 2.5
0.000167505 -4 4 1
0.00118721 -4.5 4.5 1.5
0.0027282 -5 5 2
0.00135764 -5.5 5.5 2.5
0.000105814 -4 4 0.5
0.000624105 -4.5 4.5 1
3.08995e-05 -6 6 2
0.00066659 -5.5 5.5 1.5
3.43809e-05 -4 4 0
0.00026099 -4.5 4.5 0.5
3.46533e-05 -6 6 1.5
8.24205e-05 -4.5 4.5 0
2.40552e-05 -6 6 1
0.000117854 -5 5 0
3.00771e-05 -5.5 5.5 -0.5
3.11606e-05 -5 5 -0.5
6.56785e-05 -5.5 5.5 0
0.00016699 -5.5 5.5 0.5
0.000334482 -5 5 0.5
0.000362498 -5.5 5.5 1
0.000796997 -5 5 1
0.00161584 -5 5 1.5
0.00104145 -5.5 5.5 2
2.58609e-05 -4.5 5 5.5
0.00143901 -5.5 5.5 3
0.00396838 -5 5 3.5
0.000168353 -4.5 5 5
0.000550315 -4.5 5 4.5
0.000131103 -5 5.5 5
3.64255e-05 -4 4.5 3
0.00152676 -4.5 5 3.5
0.000973119 -5 5.5 4
0.000116736 -4 4.5 2.5
0.00161545 -4.5 5 3
0.00126059 -5 5.5 3.5
0.000175116 -4 4.5 2
0.00146232 -4.5 5 2.5
0.00125806 -5 5.5 3
0.000167897 -4 4.5 1.5
4.98144e-05 -5.5 6 2.5
0.000118403 -4 4.5 1
0.000580563 -4.5 5 1.5
5.14243e-05 -5.5 6 2
0.000662377 -5 5.5 2
5.92162e-05 -4 4.5 0.5
0.000266953 -4.5 5 1
3.83004e-05 -5.5 6 1.5
0.000363722 -5 5.5 1.5
2.40375e-05 -4 4.5 0
2.17441e-05 -5.5 6 1
4.66125e-05 -4.5 5 0
2.57072e-05 -5 5.5 0
6.60735e-05 -5 5.5 0.5
0.000106921 -4.5 5 0.5
0.00017087 -5 5.5 1
0.00103155 -4.5 5 2
0.00101914 -5 5.5 2.5
0.00109158 -4.5 5 4
2.42364e-05 -4 5 4
0.000380889 -4.5 5.5 4.5
0.000118703 -4 5 3.5
2.94201e-05 -5 6 4
0.000677535 -4.5 5.5 4
0.000190458 -4 5 3
6.51671e-05 -5 6 3.5
0.000210367 -4 5 2.5
0.000178716 -4 5 2
0.000110134 -4 5 1.5
0.000300808 -4.5 5.5 2
6.61594e-05 -5 6 2.5
4.30591e-05 -4 5 1
2.79839e-05 -5 6 1.5
4.87563e-05 -4.5 5.5 1
2.16568e-05 -4.5 5.5 0.5
0.000135995 -4.5 5.5 1.5
5.10153e-05 -5 6 2
0.000524798 -4.5 5.5 2.5
7.17668e-05 -5 6 3
8.58307e-05 -4 5.5 4.5
2.52566e-05 -4.5 6 5
0.00017123 -4 5.5 4
8.31187e-05 -4.5 6 4.5
0.000116914 -4.5 6 3.5
9.15534e-05 -4.5 6 3
0.00021526 -4 5.5 3
8.88245e-05 -4 5.5 2
6.01415e-05 -4.5 6 2.5
3.32498e-05 -4 5.5 1.5
2.9513e-05 -4.5 6 2
0.000161538 -4 5.5 2.5
4.75182e-05 -4 6 4.5
7.48178e-05 -4 6 3.5
2.9208e-05 -4 6 2.5
2.12503e-05 -4 6 2
5.95663e-05 -4 6 3
7.38935e-05 -4 6 4
0.000224169 -4 5.5 3.5
0.00011763 -4.5 6 4
0.000715321 -4.5 5.5 3
0.000762434 -4.5 5.5 3.5
0.000118055 -4.5 5.5 5
0.000493221 -5 5.5 4.5
0.000882574 -5.5 5.5 4
3.23733e-05 -5 5 5.5
0.000205918 -5.5 5 5
0.00182066 -5.5 4.5 4.5
0.00132357 -6 4.5 4.5
4.53479e-05 -5.5 4 5.5
