0.792653
2.99223e-05 -5 -10.5 -17
3.9988e-05 -5 -10.5 -18
3.23711e-05 -5 -10.5 -18.5
3.89605e-05 -5 -10.5 -17.5
0.000149232 -4.5 -10 -18
0.000136041 -4.5 -10 -19
4.43402e-05 -4.5 -10 -20
9.27203e-05 -4.5 -10 -19.5
0.000161667 -4.5 -10 -18.5
0.00010019 -4.5 -10 -17.5
4.27622e-05 -4.5 -10 -17
2.13471e-05 -5.5 -11.5 -16
3.53292e-05 -4.5 -10.5 -16.5
3.05911e-05 -5.5 -11.5 -17
0.000201583 -4.5 -10.5 -17.5
9.55691e-05 -5 -11 -17
0.000116242 -5 -11 -18
2.59278e-05 -5.5 -11.5 -17.5
0.000255106 -4.5 -10.5 -18
4.66281e-05 -5 -11 -19
0.000219537 -4.5 -10.5 -19
5.77631e-05 -4.5 -10.5 -20
0.000136485 -4.5 -10.5 -19.5
8.42422e-05 -5 -11 -18.5
0.000268304 -4.5 -10.5 -18.5
0.000117481 -5 -11 -17.5
2.76977e-05 -5.5 -11.5 -16.5
0.000111357 -4.5 -10.5 -17
5.41592e-05 -5 -11 -16.5
6.47901e-05 -4 -10 -17
0.000181527 -4 -10 -17.5
0.000331767 -4 -10 -18
0.00040177 -4 -10 -18.5
5.33594e-05 -4.5 -9.5 -18
5.15171e-05 -4.5 -9.5 -19
0.000387746 -4 -10 -19
0.000195367 -4 -10 -20
8.22441e-05 -4 -10 -20.5
3.80801e-05 -4.5 -9.5 -19.5
0.000309328 -4 -10 -19.5
5.84997e-05 -4.5 -9.5 -18.5
3.11688e-05 -4.5 -9.5 -17.5
6.24426e-05 -5 -11.5 -16
3.6015e-05 -5.5 -12 -15.5
3.53957e-05 -4 -10.5 -16.5
2.22841e-05 -4.5 -11 -16
2.36632e-05 -6 -12.5 -15.5
6.79316e-05 -5.5 -12 -16
2.528e-05 -6 -12.5 -16
0.000182059 -5 -11.5 -17
8.49518e-05 -5.5 -12 -16.5
0.0002581 -4 -10.5 -17.5
0.000195452 -4.5 -11 -17
8.87329e-05 -5.5 -12 -17
0.000359387 -4 -10.5 -18
0.000325913 -4.5 -11 -18
7.25327e-05 -5.5 -12 -17.5
0.000193757 -5 -11.5 -18
0.000372523 -4 -10.5 -19
4.26923e-05 -5.5 -12 -18
0.000225593 -4.5 -11 -19
7.86418e-05 -5 -11.5 -19
0.000140145 -4 -10.5 -20
4.78763e-05 -4.5 -11 -20
2.01143e-05 -4 -10.5 -21
4.9408e-05 -4 -10.5 -20.5
3.16626e-05 -5 -11.5 -19.5
0.000129031 -4.5 -11 -19.5
0.000277702 -4 -10.5 -19.5
0.000141266 -5 -11.5 -18.5
0.000309607 -4.5 -11 -18.5
0.000403424 -4 -10.5 -18.5
0.000203052 -5 -11.5 -17.5
0.000289218 -4.5 -11 -17.5
0.000127948 -5 -11.5 -16.5
0.000132504 -4 -10.5 -17
9.28737e-05 -4.5 -11 -16.5
3.20287e-05 -3.5 -10 -17
0.000104539 -3.5 -10 -17.5
2.24476e-05 -4 -9.5 -17
0.000226743 -3.5 -10 -18
0.00034718 -3.5 -10 -18.5
0.000399332 -3.5 -10 -19
0.000309881 -4 -9.5 -18.5
0.000353605 -3.5 -10 -19.5
0.000242141 -3.5 -10 -20
0.000114567 -3.5 -10 -20.5
0.000207771 -4 -9.5 -20
3.44491e-05 -3.5 -10 -21
2.79669e-05 -4 -9.5 -21
9.76413e-05 -4 -9.5 -20.5
0.000307108 -4 -9.5 -19.5
0.000353916 -4 -9.5 -19
0.000214087 -4 -9.5 -18
9.56059e-05 -4 -9.5 -17.5
2.02745e-05 -6.5 -13.5 -14
3.29784e-05 -6 -13 -14.5
4.47889e-05 -5.5 -12.5 -15
6.94795e-05 -4.5 -11.5 -16
5.69164e-05 -5 -12 -15.5
2.30759e-05 -6.5 -13.5 -14.5
9.3429e-05 -5.5 -12.5 -15.5
0.000129018 -5 -12 -16
5.68072e-05 -6 -13 -15
6.77487e-05 -6 -13 -15.5
0.000135625 -5.5 -12.5 -16
8.26464e-05 -3.5 -10.5 -17.5
0.000260633 -4.5 -11.5 -17
0.000198661 -5 -12 -16.5
0.000137279 -4 -11 -17
0.000159111 -3.5 -10.5 -18
0.000154085 -5.5 -12.5 -16.5
0.000243461 -5 -12 -17
6.90753e-05 -6 -13 -16
0.000334333 -4 -11 -18
5.50036e-05 -6 -13 -16.5
0.000151218 -5.5 -12.5 -17
0.000329637 -4.5 -11.5 -18
3.82719e-05 -6 -13 -17
0.000249179 -3.5 -10.5 -19
0.000214457 -5 -12 -18
0.000123037 -5.5 -12.5 -17.5
0.000303124 -4 -11 -19
0.0002031 -3.5 -10.5 -19.5
0.00014206 -5 -12 -18.5
0.000190055 -4.5 -11.5 -19
3.60872e-05 -5.5 -12.5 -18.5
0.000124683 -3.5 -10.5 -20
7.2618e-05 -5 -12 -19
7.77283e-05 -4 -11 -20
2.19503e-05 -5 -12 -19.5
2.72257e-05 -4.5 -11.5 -20
4.41034e-05 -3.5 -10.5 -20.5
8.73456e-05 -4.5 -11.5 -19.5
0.000192402 -4 -11 -19.5
7.68413e-05 -5.5 -12.5 -18
0.00028692 -4.5 -11.5 -18.5
0.000362451 -4 -11 -18.5
0.00025896 -5 -12 -17.5
0.000228568 -3.5 -10.5 -18.5
0.000314753 -4.5 -11.5 -17.5
0.000251542 -4 -11 -17.5
0.000166099 -4.5 -11.5 -16.5
2.74572e-05 -3.5 -10.5 -17
5.62481e-05 -4 -11 -16.5
2.3292e-05 -3.5 -9.5 -17
2.70739e-05 -3 -10 -18
0.000105034 -3.5 -9.5 -17.5
6.06641e-05 -3 -10 -18.5
0.000249338 -3.5 -9.5 -18
7.61689e-05 -3 -10 -19
0.000388319 -3.5 -9.5 -18.5
7.9447e-05 -3 -10 -19.5
0.000461235 -3.5 -9.5 -19
7.14976e-05 -3 -10 -20
0.000447368 -3.5 -9.5 -19.5
3.31698e-05 -3 -10 -20.5
0.000349668 -3.5 -9.5 -20
7.40042e-05 -3.5 -9.5 -21
3.12463e-05 -4 -9 -21
9.09339e-05 -4 -9 -20.5
0.000200662 -3.5 -9.5 -20.5
0.000150575 -4 -9 -20
0.000199403 -4 -9 -19.5
0.000215513 -4 -9 -19
0.00018779 -4 -9 -18.5
0.000111476 -4 -9 -18
3.57699e-05 -4 -9 -17.5
2.31831e-05 -7 -14.5 -13
3.59604e-05 -6.5 -14 -13.5
4.22779e-05 -6 -13.5 -14
4.9124e-05 -5.5 -13 -14.5
4.56072e-05 -5 -12.5 -15
2.39668e-05 -7 -14.5 -13.5
5.30098e-05 -6.5 -14 -14
8.15486e-05 -6 -13.5 -14.5
0.000114602 -5 -12.5 -15.5
9.52382e-05 -4.5 -12 -16
0.000101341 -5.5 -13 -15
5.87831e-05 -6.5 -14 -14.5
0.000111358 -6 -13.5 -15
0.000150102 -5.5 -13 -15.5
0.000191103 -5 -12.5 -16
2.10091e-05 -3.5 -11 -17
0.000118238 -4 -11.5 -17
5.29733e-05 -6.5 -14 -15
0.000122162 -6 -13.5 -15.5
0.000243664 -5 -12.5 -16.5
0.000257419 -4.5 -12 -17
0.000186033 -5.5 -13 -16
4.46816e-05 -6.5 -14 -15.5
0.000116999 -6 -13.5 -16
0.000203231 -5.5 -13 -16.5
8.32739e-05 -3.5 -11 -18
0.000263867 -5 -12.5 -17
0.000230876 -4 -11.5 -18
2.91872e-05 -6.5 -14 -16
9.8165e-05 -6 -13.5 -16.5
0.000289162 -4.5 -12 -18
0.000246562 -5 -12.5 -17.5
0.000116876 -3.5 -11 -19
0.000125667 -5.5 -13 -17.5
6.47449e-05 -6 -13.5 -17
0.000180019 -4 -11.5 -19
8.3413e-05 -3.5 -11 -19.5
7.45592e-05 -5.5 -13 -18
0.00011316 -5 -12.5 -18.5
0.000124119 -4.5 -12 -19
3.98535e-05 -3.5 -11 -20
3.2441e-05 -5.5 -13 -18.5
2.79004e-05 -4 -11.5 -20
4.40985e-05 -4.5 -12 -19.5
4.89372e-05 -5 -12.5 -19
9.07174e-05 -4 -11.5 -19.5
3.62296e-05 -6 -13.5 -17.5
0.000217522 -4.5 -12 -18.5
0.000184419 -5 -12.5 -18
0.000236205 -4 -11.5 -18.5
0.000178159 -5.5 -13 -17
0.000109332 -3.5 -11 -18.5
0.000292559 -4.5 -12 -17.5
0.000194336 -4 -11.5 -17.5
5.0938e-05 -3.5 -11 -17.5
0.000176207 -4.5 -12 -16.5
5.17013e-05 -4 -11.5 -16.5
3.4612e-05 -4.5 -12 -15.5
5.03364e-05 -3 -9.5 -18
5.13579e-05 -3.5 -9 -17.5
0.000127916 -3 -9.5 -18.5
0.00018115 -3.5 -9 -18
0.000180879 -3 -9.5 -19
0.000357754 -3.5 -9 -18.5
0.000200565 -3 -9.5 -19.5
0.000469416 -3.5 -9 -19
0.000193466 -3 -9.5 -20
8.57953e-05 -4 -8.5 -19.5
0.000478632 -3.5 -9 -19.5
0.000129919 -3 -9.5 -20.5
5.50132e-05 -3 -9.5 -21
0.000123965 -3.5 -9 -21
4.05188e-05 -4 -8.5 -20.5
2.3099e-05 -3.5 -9 -21.5
0.000269508 -3.5 -9 -20.5
6.5041e-05 -4 -8.5 -20
0.000399256 -3.5 -9 -20
9.43623e-05 -4 -8.5 -19
7.28943e-05 -4 -8.5 -18.5
3.31855e-05 -4 -8.5 -18
2.32304e-05 -7.5 -15.5 -11.5
2.83069e-05 -7 -15 -12
2.58235e-05 -6.5 -14.5 -12.5
4.39254e-05 -7 -15 -12.5
2.70531e-05 -7.5 -15.5 -12
5.00816e-05 -6.5 -14.5 -13
5.17935e-05 -6 -14 -13.5
4.34688e-05 -5.5 -13.5 -14
2.68111e-05 -5 -13 -14.5
2.77436e-05 -7.5 -15.5 -12.5
5.16313e-05 -7 -15 -13
7.74984e-05 -6.5 -14.5 -13.5
9.29617e-05 -6 -14 -14
9.89443e-05 -5.5 -13.5 -14.5
2.17529e-05 -7.5 -15.5 -13
5.3725e-05 -7 -15 -13.5
9.54273e-05 -6.5 -14.5 -14
0.000129284 -6 -14 -14.5
0.000153393 -5.5 -13.5 -15
0.000140481 -5 -13 -15.5
3.67062e-05 -4.5 -12.5 -15.5
4.45612e-05 -7 -15 -14
0.000100945 -6.5 -14.5 -14.5
0.000150144 -6 -14 -15
3.78523e-05 -4 -12 -16.5
0.000189709 -5.5 -13.5 -15.5
0.000149869 -4.5 -12.5 -16.5
9.29004e-05 -6.5 -14.5 -15
3.36917e-05 -7 -15 -14.5
0.000157583 -6 -14 -15.5
0.000205108 -5.5 -13.5 -16
0.000231569 -5 -13 -16.5
0.000201968 -4.5 -12.5 -17
7.32219e-05 -4 -12 -17
2.76317e-05 -3.5 -11.5 -18
7.39529e-05 -6.5 -14.5 -15.5
0.000135941 -6 -14 -16
0.000193264 -5.5 -13.5 -16.5
4.5898e-05 -6.5 -14.5 -16
9.9026e-05 -6 -14 -16.5
0.000197989 -5 -13 -17.5
0.000157289 -5.5 -13.5 -17
3.93646e-05 -3.5 -11.5 -18.5
0.000121151 -4 -12 -18
0.000220122 -4.5 -12.5 -17.5
3.59715e-05 -3.5 -11.5 -19
2.0675e-05 -6.5 -14.5 -16.5
6.28013e-05 -6 -14 -17
5.4877e-05 -5.5 -13.5 -18
3.28251e-05 -6 -14 -17.5
6.34147e-05 -5 -13 -18.5
7.0365e-05 -4 -12 -19
0.000121117 -4.5 -12.5 -18.5
2.04137e-05 -4.5 -12.5 -19.5
2.59481e-05 -5.5 -13.5 -18.5
5.63059e-05 -4.5 -12.5 -19
0.00013027 -5 -13 -18
0.000104256 -5.5 -13.5 -17.5
0.00010817 -4 -12 -18.5
0.000187738 -4.5 -12.5 -18
0.000241627 -5 -13 -17
0.000108178 -4 -12 -17.5
0.000195133 -5 -13 -16
8.83336e-05 -4.5 -12.5 -16
7.5057e-05 -5 -13 -15
7.54907e-05 -3 -9 -18
0.000203348 -3 -9 -18.5
9.65174e-05 -3.5 -8.5 -18
0.000319525 -3 -9 -19
0.000368421 -3 -9 -19.5
0.000367042 -3 -9 -20
0.000420035 -3.5 -8.5 -19.5
0.000279976 -3 -9 -20.5
0.000141064 -3 -9 -21
2.86962e-05 -3 -9 -21.5
0.000151541 -3.5 -8.5 -21
4.3248e-05 -3.5 -8.5 -21.5
0.000302712 -3.5 -8.5 -20.5
0.000406385 -3.5 -8.5 -20
2.49877e-05 -8 -16.5 -10
2.66701e-05 -7.5 -16 -10.5
2.21873e-05 -7 -15.5 -11
2.84532e-05 -8 -16.5 -10.5
3.97277e-05 -7.5 -16 -11
3.99498e-05 -7 -15.5 -11.5
2.96347e-05 -6.5 -15 -12
2.00671e-05 -4 -8 -19
0.00036598 -3.5 -8.5 -19
2.76044e-05 -8 -16.5 -11
4.77834e-05 -7.5 -16 -11.5
6.00821e-05 -6.5 -15 -12.5
5.0699e-05 -6 -14.5 -13
5.73512e-05 -7 -15.5 -12
2.83805e-05 -5.5 -14 -13.5
2.34445e-05 -8 -16.5 -11.5
7.57135e-05 -7 -15.5 -12.5
5.10632e-05 -7.5 -16 -12
9.07236e-05 -6.5 -15 -13
9.38262e-05 -6 -14.5 -13.5
6.68566e-05 -5.5 -14 -14
4.93625e-05 -7.5 -16 -12.5
8.30579e-05 -7 -15.5 -13
0.000113069 -6.5 -15 -13.5
0.000118351 -5.5 -14 -14.5
3.80705e-05 -7.5 -16 -13
8.15056e-05 -7 -15.5 -13.5
0.000121198 -6.5 -15 -14
3.18478e-05 -4.5 -13 -15.5
0.000156938 -5.5 -14 -15
0.000151981 -6 -14.5 -14.5
7.2372e-05 -5 -13.5 -15
2.7741e-05 -7.5 -16 -13.5
6.93805e-05 -7 -15.5 -14
0.000157652 -6 -14.5 -15
0.000120602 -6.5 -15 -14.5
0.000180684 -5.5 -14 -15.5
6.37453e-05 -4.5 -13 -16
5.11789e-05 -7 -15.5 -14.5
0.000100287 -6.5 -15 -15
3.69917e-05 -4 -12.5 -17
0.000145509 -6 -14.5 -15.5
0.000187903 -5.5 -14 -16
0.000185648 -5 -13.5 -16.5
9.70248e-05 -4.5 -13 -16.5
4.50328e-05 -4 -12.5 -17.5
3.24814e-05 -7 -15.5 -15
0.000117982 -6 -14.5 -16
0.000156019 -5.5 -14 -16.5
7.21846e-05 -6.5 -15 -15.5
3.93633e-05 -4 -12.5 -18
0.000122376 -4.5 -13 -17.5
0.000169934 -5 -13.5 -17
4.31588e-05 -6.5 -15 -16
7.97117e-05 -6 -14.5 -16.5
0.000109717 -5.5 -14 -17
4.23011e-05 -4.5 -13 -18.5
6.59686e-05 -5 -13.5 -18
6.01705e-05 -5.5 -14 -17.5
4.34401e-05 -6 -14.5 -17
2.04837e-05 -6.5 -15 -16.5
2.36065e-05 -4 -12.5 -18.5
2.23011e-05 -5.5 -14 -18
3.14956e-05 -5 -13.5 -18.5
8.7478e-05 -4.5 -13 -18
0.000118426 -5 -13.5 -17.5
0.000114923 -4.5 -13 -17
0.000165915 -5 -13.5 -16
0.000121107 -5 -13.5 -15.5
0.000129543 -6 -14.5 -14
3.39584e-05 -5 -13.5 -14.5
0.000232756 -3.5 -8.5 -18.5
8.3556e-05 -3 -8.5 -18
2.79654e-05 -2.5 -9 -19
0.0002426 -3 -8.5 -18.5
3.79486e-05 -3.5 -8 -18
3.92784e-05 -2.5 -9 -19.5
0.000406245 -3 -8.5 -19
4.63705e-05 -2.5 -9 -20
0.000506074 -3 -8.5 -19.5
4.11321e-05 -2.5 -9 -20.5
0.000510587 -3 -8.5 -20
0.000294704 -3.5 -8 -19.5
0.00026211 -3 -8.5 -21
0.000243264 -3.5 -8 -20.5
8.78189e-05 -3 -8.5 -21.5
0.00014594 -3.5 -8 -21
4.81341e-05 -3.5 -8 -21.5
2.12908e-05 -8.5 -17.5 -9
3.4793e-05 -8 -17 -9.5
3.24134e-05 -7.5 -16.5 -10
0.000433263 -3 -8.5 -20.5
0.000287742 -3.5 -8 -20
2.61003e-05 -8.5 -17.5 -9.5
4.28085e-05 -8 -17 -10
4.9874e-05 -7.5 -16.5 -10.5
4.713e-05 -7 -16 -11
2.74258e-05 -6.5 -15.5 -11.5
4.45634e-05 -8 -17 -10.5
5.97999e-05 -7.5 -16.5 -11
6.64285e-05 -7 -16 -11.5
3.35987e-05 -6 -15 -12.5
5.83897e-05 -6.5 -15.5 -12
4.00997e-05 -8 -17 -11
6.42166e-05 -7.5 -16.5 -11.5
8.59986e-05 -6.5 -15.5 -12.5
8.05215e-05 -7 -16 -12
6.31772e-05 -6 -15 -13
3.2666e-05 -5.5 -14.5 -13.5
3.18958e-05 -8 -17 -11.5
6.50945e-05 -7.5 -16.5 -12
8.63203e-05 -7 -16 -12.5
0.000105219 -6.5 -15.5 -13
9.98805e-05 -6 -15 -13.5
6.34631e-05 -5.5 -14.5 -14
2.01936e-05 -8 -17 -12
5.61247e-05 -7.5 -16.5 -12.5
8.94886e-05 -7 -16 -13
0.000116343 -6.5 -15.5 -13.5
0.000127716 -6 -15 -14
0.00010153 -5.5 -14.5 -14.5
2.99399e-05 -5 -14 -14.5
4.53138e-05 -7.5 -16.5 -13
8.21961e-05 -7 -16 -13.5
0.000120136 -6.5 -15.5 -14
3.23584e-05 -7.5 -16.5 -13.5
0.000106303 -6.5 -15.5 -14.5
6.7407e-05 -7 -16 -14
0.000141035 -6 -15 -15
3.50981e-05 -4.5 -13.5 -16
8.18521e-05 -5 -14 -15.5
0.000133719 -5.5 -14.5 -15
4.79959e-05 -7 -16 -14.5
4.43299e-05 -4.5 -13.5 -16.5
8.48809e-05 -6.5 -15.5 -15
0.000128939 -5.5 -14.5 -16
5.56829e-05 -6.5 -15.5 -15.5
8.00421e-05 -6 -15 -16
2.99883e-05 -7 -16 -15
4.47042e-05 -4.5 -13.5 -17
9.04396e-05 -5.5 -14.5 -16.5
0.000103268 -5 -14 -16.5
3.33488e-05 -4.5 -13.5 -17.5
2.90371e-05 -6.5 -15.5 -16
4.20447e-05 -5 -14 -17.5
5.10738e-05 -5.5 -14.5 -17
4.55803e-05 -6 -15 -16.5
7.51096e-05 -5 -14 -17
0.00011342 -6 -15 -15.5
9.83908e-05 -5 -14 -16
0.00014591 -5.5 -14.5 -15.5
0.000140997 -6 -15 -14.5
5.621e-05 -5 -14 -15
0.000242335 -3.5 -8 -19
0.000133733 -3.5 -8 -18.5
3.45641e-05 -2.5 -8.5 -18.5
5.77629e-05 -3 -8 -18
7.39516e-05 -2.5 -8.5 -19
0.00020543 -3 -8 -18.5
0.000119727 -2.5 -8.5 -19.5
0.000410472 -3 -8 -19
0.000147933 -2.5 -8.5 -20
0.000543241 -3 -8 -19.5
0.000148728 -2.5 -8.5 -20.5
0.000560759 -3 -8 -20
0.000151417 -3.5 -7.5 -19.5
0.000109258 -2.5 -8.5 -21
4.43116e-05 -2.5 -8.5 -21.5
0.00036188 -3 -8 -21
0.000130905 -3.5 -7.5 -20.5
0.000153838 -3 -8 -21.5
7.2192e-05 -3.5 -7.5 -21
2.85897e-05 -3 -8 -22
3.36418e-05 -8 -17.5 -9
2.90702e-05 -3.5 -7.5 -21.5
2.4667e-05 -8.5 -18 -9
4.1809e-05 -8 -17.5 -9.5
4.88554e-05 -7.5 -17 -10
3.59315e-05 -7 -16.5 -10.5
0.000521866 -3 -8 -20.5
2.52237e-05 -8.5 -18 -9.5
4.32673e-05 -8 -17.5 -10
5.7296e-05 -7.5 -17 -10.5
5.67645e-05 -7 -16.5 -11
3.73752e-05 -6.5 -16 -11.5
2.24012e-05 -8.5 -18 -10
4.37871e-05 -8 -17.5 -10.5
6.08679e-05 -7.5 -17 -11
7.02576e-05 -7 -16.5 -11.5
3.37499e-05 -6 -15.5 -12.5
5.80144e-05 -6.5 -16 -12
3.76069e-05 -8 -17.5 -11
6.24466e-05 -7.5 -17 -11.5
7.92968e-05 -7 -16.5 -12
8.37818e-05 -6.5 -16 -12.5
5.78998e-05 -6 -15.5 -13
2.89423e-05 -8 -17.5 -11.5
5.9619e-05 -7.5 -17 -12
8.34415e-05 -7 -16.5 -12.5
9.77849e-05 -6.5 -16 -13
8.26695e-05 -6 -15.5 -13.5
2.0697e-05 -8 -17.5 -12
5.05085e-05 -7.5 -17 -12.5
7.97312e-05 -7 -16.5 -13
0.000104211 -6.5 -16 -13.5
9.90234e-05 -6 -15.5 -14
3.16461e-05 -5 -14.5 -15
3.68512e-05 -7.5 -17 -13
6.54798e-05 -7 -16.5 -13.5
0.000108131 -6 -15.5 -14.5
9.64471e-05 -6.5 -16 -14
3.82872e-05 -5 -14.5 -15.5
7.80822e-05 -5.5 -15 -15
2.35733e-05 -7.5 -17 -13.5
4.7033e-05 -7 -16.5 -14
7.63401e-05 -6.5 -16 -14.5
9.31926e-05 -6 -15.5 -15
2.98943e-05 -7 -16.5 -14.5
6.59303e-05 -6 -15.5 -15.5
5.69629e-05 -5.5 -15 -16
5.34233e-05 -6.5 -16 -15
3.97758e-05 -5 -14.5 -16
3.1286e-05 -6.5 -16 -15.5
3.60872e-05 -6 -15.5 -16
3.34186e-05 -5.5 -15 -16.5
2.83244e-05 -5 -14.5 -16.5
7.88694e-05 -5.5 -15 -15.5
6.76781e-05 -5.5 -15 -14.5
4.89017e-05 -5.5 -15 -14
2.88236e-05 -5.5 -15 -13.5
0.00015201 -3.5 -7.5 -20
0.000102746 -3.5 -7.5 -19
4.11866e-05 -3.5 -7.5 -18.5
5.90143e-05 -2.5 -8 -18.5
0.000147948 -2.5 -8 -19
0.000114748 -3 -7.5 -18.5
0.000272547 -2.5 -8 -19.5
0.000345675 -2.5 -8 -20
0.000342777 -2.5 -8 -20.5
0.00026889 -2.5 -8 -21
0.000537393 -3 -7.5 -20.5
0.000148816 -2.5 -8 -21.5
2.01359e-05 -3.5 -7 -21
3.54139e-05 -2.5 -8 -22
3.20317e-05 -8 -18 -9
4.89551e-05 -3 -7.5 -22
3.25966e-05 -7.5 -17.5 -9.5
0.000196256 -3 -7.5 -21.5
3.65216e-05 -8 -18 -9.5
4.4453e-05 -7.5 -17.5 -10
3.60975e-05 -7 -17 -10.5
2.00483e-05 -8.5 -18.5 -9.5
3.7699e-05 -8 -18 -10
4.9868e-05 -7.5 -17.5 -10.5
5.08945e-05 -7 -17 -11
3.30618e-05 -8 -18 -10.5
5.19656e-05 -7.5 -17.5 -11
6.17749e-05 -7 -17 -11.5
3.4281e-05 -6.5 -16.5 -11.5
2.71102e-05 -6 -16 -12.5
4.86003e-05 -6.5 -16.5 -12
2.6036e-05 -8 -18 -11
4.76985e-05 -7.5 -17.5 -11.5
6.60927e-05 -7 -17 -12
6.14293e-05 -6.5 -16.5 -12.5
4.05897e-05 -7.5 -17.5 -12
6.33824e-05 -7 -17 -12.5
6.73001e-05 -6.5 -16.5 -13
4.10641e-05 -6 -16 -13
2.04769e-05 -5.5 -15.5 -14
3.20436e-05 -7.5 -17.5 -12.5
5.06974e-05 -7 -17 -13
6.42446e-05 -6.5 -16.5 -13.5
5.07065e-05 -6 -16 -13.5
3.11004e-05 -5.5 -15.5 -14.5
2.31567e-05 -7.5 -17.5 -13
3.47634e-05 -7 -17 -13.5
5.00149e-05 -6.5 -16.5 -14
3.32427e-05 -5.5 -15.5 -15
3.43855e-05 -6.5 -16.5 -14.5
5.14656e-05 -6 -16 -14.5
2.23655e-05 -8 -18 -13.5
2.94158e-05 -5.5 -15.5 -15.5
2.57504e-05 -6 -16 -15.5
3.92074e-05 -6 -16 -15
5.52323e-05 -6 -16 -14
0.000399443 -3 -7.5 -21
3.10886e-05 -3.5 -7 -20.5
3.48629e-05 -3.5 -7 -20
0.00055923 -3 -7.5 -20
3.58122e-05 -3.5 -7 -19.5
0.000487892 -3 -7.5 -19.5
2.2999e-05 -3.5 -7 -19
0.000298293 -3 -7.5 -19
2.22887e-05 -3 -7.5 -18
7.47142e-05 -2.5 -7.5 -18.5
0.000222064 -2.5 -7.5 -19
0.000431728 -2.5 -7.5 -19.5
0.000583116 -2.5 -7.5 -20
0.000588575 -2.5 -7.5 -20.5
0.000494227 -2.5 -7.5 -21
0.000433098 -3 -7 -20.5
0.000284542 -2.5 -7.5 -21.5
8.45897e-05 -2.5 -7.5 -22
2.44642e-05 -7.5 -18 -9.5
5.58389e-05 -3 -7 -22
0.000198238 -3 -7 -21.5
2.37423e-05 -8 -18.5 -9.5
3.11163e-05 -7.5 -18 -10
2.10567e-05 -7 -17.5 -10.5
2.3868e-05 -8 -18.5 -10
3.37283e-05 -7.5 -18 -10.5
3.23823e-05 -7 -17.5 -11
2.97322e-05 -7.5 -18 -11
3.54041e-05 -7 -17.5 -11.5
2.17044e-05 -8.5 -19 -10.5
3.41708e-05 -7 -17.5 -12
2.97338e-05 -7 -17.5 -12.5
3.20042e-05 -6.5 -17 -13
2.06592e-05 -7.5 -18 -13.5
2.03466e-05 -6.5 -17 -13.5
3.38099e-05 -6.5 -17 -12.5
2.89692e-05 -6.5 -17 -12
0.000361784 -3 -7 -21
0.00043885 -3 -7 -20
0.000343219 -3 -7 -19.5
0.000179269 -3 -7 -19
5.38955e-05 -3 -7 -18.5
7.20144e-05 -2.5 -7 -18.5
4.31178e-05 -2 -7.5 -19.5
0.000245116 -2.5 -7 -19
7.30911e-05 -2 -7.5 -20
0.000492889 -2.5 -7 -19.5
9.15966e-05 -2 -7.5 -20.5
0.000706816 -2.5 -7 -20
9.52818e-05 -2 -7.5 -21
7.81026e-05 -2 -7.5 -21.5
0.000640517 -2.5 -7 -21
0.000244751 -3 -6.5 -20.5
3.71244e-05 -2 -7.5 -22
0.000404591 -2.5 -7 -21.5
0.000148132 -2.5 -7 -22
2.27513e-05 -7.5 -18.5 -10
3.95021e-05 -3 -6.5 -22
0.000121534 -3 -6.5 -21.5
0.000203847 -3 -6.5 -21
0.000736378 -2.5 -7 -20.5
0.00024918 -3 -6.5 -20
0.000182957 -3 -6.5 -19.5
7.87908e-05 -3 -6.5 -19
4.82907e-05 -2 -7 -19
3.59079e-05 -2.5 -6.5 -18.5
0.000125618 -2 -7 -19.5
0.00017696 -2.5 -6.5 -19
0.000221274 -2 -7 -20
0.000473911 -2.5 -6.5 -19.5
2.08634e-05 -3 -6 -19
0.000275178 -2 -7 -20.5
0.000287143 -2 -7 -21
6.95964e-05 -3 -6 -20.5
0.000236306 -2 -7 -21.5
0.000117078 -2 -7 -22
0.000454086 -2.5 -6.5 -21.5
2.52775e-05 -2 -7 -22.5
0.000194868 -2.5 -6.5 -22
2.42772e-05 -2.5 -6.5 -22.5
3.95551e-05 -3 -6 -21.5
6.14058e-05 -3 -6 -21
0.00068421 -2.5 -6.5 -21
0.000775848 -2.5 -6.5 -20.5
7.36704e-05 -3 -6 -20
0.00072931 -2.5 -6.5 -20
5.22073e-05 -3 -6 -19.5
9.20325e-05 -2 -6.5 -19
0.000266992 -2 -6.5 -19.5
0.000105342 -2.5 -6 -19
0.000470879 -2 -6.5 -20
0.000577213 -2 -6.5 -20.5
0.000585544 -2 -6.5 -21
0.000481786 -2 -6.5 -21.5
0.00023696 -2 -6.5 -22
0.00045444 -2.5 -6 -21.5
4.79599e-05 -2 -6.5 -22.5
0.00020467 -2.5 -6 -22
3.01986e-05 -2.5 -6 -22.5
0.000608399 -2.5 -6 -21
0.000624354 -2.5 -6 -20.5
0.000561479 -2.5 -6 -20
0.000324954 -2.5 -6 -19.5
2.24108e-05 -2 -6 -18.5
0.000112204 -2 -6 -19
0.000698225 -2 -6 -20
2.3273e-05 -1.5 -6.5 -21
0.000860778 -2 -6 -20.5
3.10647e-05 -1.5 -6.5 -21.5
0.000849177 -2 -6 -21
2.6946e-05 -1.5 -6.5 -22
0.000693474 -2 -6 -21.5
0.00036759 -2 -6 -22
8.46733e-05 -2 -6 -22.5
2.95368e-05 -2.5 -5.5 -22.5
0.000137458 -2.5 -5.5 -22
0.000263495 -2.5 -5.5 -21.5
0.000353972 -2.5 -5.5 -21
0.000379643 -2.5 -5.5 -20.5
0.000347216 -2.5 -5.5 -20
0.000189478 -2.5 -5.5 -19.5
0.000371599 -2 -6 -19.5
5.32032e-05 -2.5 -5.5 -19
3.30853e-05 -1.5 -6 -19.5
0.000104217 -2 -5.5 -19
9.12368e-05 -1.5 -6 -20
0.00016109 -1.5 -6 -20.5
0.000192689 -1.5 -6 -21
0.000927007 -2 -5.5 -20.5
0.000126372 -2.5 -5 -20
0.000185993 -1.5 -6 -21.5
0.000914656 -2 -5.5 -21
0.000137861 -1.5 -6 -22
5.68521e-05 -1.5 -6 -22.5
0.000121988 -2 -5.5 -22.5
5.32277e-05 -2.5 -5 -22
0.000430245 -2 -5.5 -22
9.74549e-05 -2.5 -5 -21.5
0.000760714 -2 -5.5 -21.5
0.000128254 -2.5 -5 -21
0.000139155 -2.5 -5 -20.5
0.000751776 -2 -5.5 -20
5.70037e-05 -2.5 -5 -19.5
0.000383475 -2 -5.5 -19.5
2.3331e-05 -1.5 -5.5 -19
0.000100223 -1.5 -5.5 -19.5
5.57521e-05 -2 -5 -19
0.000262121 -1.5 -5.5 -20
0.000451654 -1.5 -5.5 -20.5
0.000507437 -1.5 -5.5 -21
0.000737882 -2 -5 -20.5
0.000478733 -1.5 -5.5 -21.5
0.000741631 -2 -5 -21
0.000323076 -1.5 -5.5 -22
0.000122463 -1.5 -5.5 -22.5
0.000140002 -2 -5 -22.5
0.000431996 -2 -5 -22
0.000676718 -2 -5 -21.5
0.00057471 -2 -5 -20
0.000250362 -2 -5 -19.5
4.03484e-05 -1.5 -5 -19
0.000184949 -1.5 -5 -19.5
0.000477474 -1.5 -5 -20
0.00078844 -1.5 -5 -20.5
0.000850073 -1.5 -5 -21
0.000464355 -2 -4.5 -20.5
0.000797192 -1.5 -5 -21.5
0.000544142 -1.5 -5 -22
0.000424751 -2 -4.5 -21.5
0.000212725 -1.5 -5 -22.5
0.00028618 -2 -4.5 -22
2.72079e-05 -1.5 -5 -23
2.25468e-05 -2 -4.5 -23
0.000125312 -2 -4.5 -22.5
0.000470433 -2 -4.5 -21
0.000310035 -2 -4.5 -20
0.000123361 -2 -4.5 -19.5
2.57769e-05 -2 -4.5 -19
0.000214281 -1.5 -4.5 -19.5
0.000574324 -1.5 -4.5 -20
3.56741e-05 -2 -4 -19.5
3.74028e-05 -1 -5 -21
4.7488e-05 -1 -5 -21.5
4.39659e-05 -1 -5 -22
0.000918677 -1.5 -4.5 -21.5
2.07989e-05 -1 -5 -22.5
0.0003108 -1.5 -4.5 -22.5
5.39745e-05 -1.5 -4.5 -23
6.76093e-05 -2 -4 -22.5
2.03337e-05 -2 -4 -23
0.000132796 -2 -4 -22
0.000672531 -1.5 -4.5 -22
0.000182568 -2 -4 -21.5
0.000193823 -2 -4 -21
0.000976102 -1.5 -4.5 -21
0.000183957 -2 -4 -20.5
0.000914158 -1.5 -4.5 -20.5
0.000110935 -2 -4 -20
4.36067e-05 -1.5 -4.5 -19
2.21685e-05 -1 -4.5 -19.5
8.83204e-05 -1 -4.5 -20
0.000178355 -1 -4.5 -20.5
0.000453766 -1.5 -4 -20
0.000226195 -1 -4.5 -21
0.000225202 -1 -4.5 -21.5
0.000198052 -1 -4.5 -22
0.000117786 -1 -4.5 -22.5
3.04726e-05 -1 -4.5 -23
0.000352092 -1.5 -4 -22.5
2.44771e-05 -2 -3.5 -22
9.81046e-05 -1.5 -4 -23
0.000698438 -1.5 -4 -22
3.12315e-05 -2 -3.5 -21.5
0.000892875 -1.5 -4 -21.5
3.2398e-05 -2 -3.5 -21
0.000918353 -1.5 -4 -21
2.80982e-05 -2 -3.5 -20.5
0.000814387 -1.5 -4 -20.5
0.000141205 -1.5 -4 -19.5
2.56134e-05 -1.5 -4 -19
6.09573e-05 -1 -4 -19.5
0.000222464 -1 -4 -20
0.000440801 -1 -4 -20.5
0.000564951 -1 -4 -21
0.000494753 -1 -4 -22
0.000304914 -1 -4 -22.5
0.000535481 -1.5 -3.5 -22
0.000108151 -1 -4 -23
0.000120742 -1.5 -3.5 -23
0.000347221 -1.5 -3.5 -22.5
0.000602095 -1.5 -3.5 -21.5
0.000564949 -1 -4 -21.5
0.000602404 -1.5 -3.5 -21
0.000456557 -1.5 -3.5 -20.5
0.000214684 -1.5 -3.5 -20
5.49983e-05 -1.5 -3.5 -19.5
8.46346e-05 -1 -3.5 -19.5
0.000313219 -1 -3.5 -20
0.000930001 -1 -3.5 -21
0.000873746 -1 -3.5 -22
0.000362614 -1.5 -3 -21.5
0.000587237 -1 -3.5 -22.5
0.000326992 -1.5 -3 -22
3.4521e-05 -1 -3.5 -23.5
8.43679e-05 -1.5 -3 -23
0.000238617 -1 -3.5 -23
0.000209093 -1.5 -3 -22.5
0.000952449 -1 -3.5 -21.5
0.000356826 -1.5 -3 -21
0.000242471 -1.5 -3 -20.5
0.000667542 -1 -3.5 -20.5
0.000102544 -1.5 -3 -20
2.4889e-05 -1.5 -3 -19.5
0.000329275 -1 -3 -20
0.000794292 -1 -3 -20.5
0.0012234 -1 -3 -21
0.000111412 -1.5 -2.5 -21.5
0.000904011 -1 -3 -22.5
5.58748e-05 -1 -3 -23.5
0.000395852 -1 -3 -23
5.33049e-05 -1.5 -2.5 -22.5
9.37637e-05 -1.5 -2.5 -22
0.00124237 -1 -3 -22
0.00130735 -1 -3 -21.5
0.000114936 -1.5 -2.5 -21
7.2865e-05 -1.5 -2.5 -20.5
2.70743e-05 -1.5 -2.5 -20
8.08302e-05 -1 -3 -19.5
8.26472e-05 -0.5 -3 -21
0.000164537 -0.5 -3 -21.5
0.0014232 -1 -2.5 -21
0.000227359 -0.5 -3 -22
0.000224855 -0.5 -3 -22.5
0.000175696 -0.5 -3 -23
6.93286e-05 -0.5 -3 -23.5
4.97821e-05 -1 -2.5 -23.5
0.000436998 -1 -2.5 -23
0.00101507 -1 -2.5 -22.5
0.00141661 -1 -2.5 -22
0.00150639 -1 -2.5 -21.5
0.000917898 -1 -2.5 -20.5
0.000350445 -1 -2.5 -20
7.43889e-05 -1 -2.5 -19.5
5.49774e-05 -0.5 -2.5 -19.5
0.000261166 -0.5 -2.5 -20
0.000744054 -0.5 -2.5 -20.5
0.00136916 -0.5 -2.5 -21
0.00171364 -0.5 -2.5 -21.5
0.00167638 -0.5 -2.5 -22
0.00132873 -0.5 -2.5 -22.5
0.000101007 -0.5 -2.5 -23.5
2.43242e-05 -1 -2 -23.5
0.000235232 -1 -2 -23
0.000646154 -0.5 -2.5 -23
0.000589364 -1 -2 -22.5
0.000861484 -1 -2 -22
0.000931053 -1 -2 -21.5
0.000898621 -1 -2 -21
0.000583121 -1 -2 -20.5
0.000233316 -1 -2 -20
5.34617e-05 -1 -2 -19.5
2.89342e-05 -0.5 -2 -19
0.000160892 -0.5 -2 -19.5
0.000738386 -0.5 -2 -20
0.00194688 -0.5 -2 -20.5
9.39655e-05 -0.5 -2 -23.5
4.99442e-05 -1 -1.5 -23
0.000933849 -0.5 -2 -23
0.000130264 -1 -1.5 -22.5
0.00223064 -0.5 -2 -22.5
0.000192021 -1 -1.5 -22
0.00314607 -0.5 -2 -22
0.000209555 -1 -1.5 -21.5
0.00334026 -0.5 -2 -21.5
0.000204175 -1 -1.5 -21
0.00312964 -0.5 -2 -21
0.000134003 -1 -1.5 -20.5
5.25421e-05 -1 -1.5 -20
0.00358626 -0.5 -1.5 -21.5
0.00333543 -0.5 -1.5 -22
0.0022907 -0.5 -1.5 -22.5
0.00088006 -0.5 -1.5 -23
6.0215e-05 -0.5 -1.5 -23.5
0.00344336 -0.5 -1.5 -21
0.00220606 -0.5 -1.5 -20.5
0.000843094 -0.5 -1.5 -20
0.000182398 -0.5 -1.5 -19.5
3.30165e-05 -0.5 -1.5 -19
7.69986e-05 -0.5 -1 -19.5
0.000371489 -0.5 -1 -20
0.000986748 -0.5 -1 -20.5
0.00144846 -0.5 -1 -21
0.00028301 -0.5 -1 -23
0.000821002 -0.5 -1 -22.5
0.0012979 -0.5 -1 -22
0.00145793 -0.5 -1 -21.5
6.19295e-05 -0.5 -0.5 -22.5
9.4456e-05 -0.5 -0.5 -22
0.000104854 -0.5 -0.5 -21.5
0.000103287 -0.5 -0.5 -21
6.67631e-05 -0.5 -0.5 -20.5
2.28363e-05 -0.5 -0.5 -20
0.000152021 0 0 -19.5
0.00071718 0 0 -20
0.0020686 0 0 -20.5
0.00364965 0 0 -21
0.00420766 0 0 -21.5
0.00409542 0 0 -22
0.00332106 0 0 -22.5
0.00178925 0 0 -23
0.000412886 0 0 -23.5
2.87827e-05 0 0 -19
3.0407e-05 0 0.5 -19
0.000269537 0 0.5 -23.5
0.00154604 0 0.5 -23
0.00312786 0 0.5 -22.5
0.00401492 0 0.5 -22
0.00416115 0 0.5 -21.5
0.00373686 0 0.5 -21
0.00219427 0 0.5 -20.5
0.000785207 0 0.5 -20
0.00016648 0 0.5 -19.5
2.30661e-05 0.5 0.5 -19.5
0.000104895 0.5 0.5 -20
5.1149e-05 0 1 -19.5
0.000529535 0.5 0.5 -22
0.00123472 0 1 -21.5
3.79405e-05 0 1 -23.5
3.88355e-05 0.5 0.5 -23.5
0.000357746 0 1 -23
0.000203729 0.5 0.5 -23
0.000853381 0 1 -22.5
0.000408387 0.5 0.5 -22.5
0.00117625 0 1 -22
0.000552029 0.5 0.5 -21.5
0.00113897 0 1 -21
0.000500072 0.5 0.5 -21
0.000686826 0 1 -20.5
0.000293035 0.5 0.5 -20.5
0.000247715 0 1 -20
6.03622e-05 0.5 1 -19.5
0.00135021 0.5 1 -21.5
0.000987036 0.5 1 -22.5
8.61746e-05 0.5 1 -23.5
0.000494907 0.5 1 -23
0.00128792 0.5 1 -22
0.00126174 0.5 1 -21
0.000770936 0.5 1 -20.5
0.000281689 0.5 1 -20
4.28414e-05 1 1 -20.5
0.000462979 0.5 1.5 -20
6.85047e-05 1 1 -21
0.00115627 0.5 1.5 -20.5
7.19735e-05 1 1 -21.5
0.00175258 0.5 1.5 -21
6.77354e-05 1 1 -22
5.03578e-05 1 1 -22.5
0.00170075 0.5 1.5 -22
2.15585e-05 1 1 -23
0.000502742 0.5 1.5 -23
6.17842e-05 0.5 1.5 -23.5
0.00119456 0.5 1.5 -22.5
0.0018182 0.5 1.5 -21.5
0.000103044 0.5 1.5 -19.5
2.29307e-05 1 1.5 -19.5
0.000101871 1 1.5 -20
0.000253512 1 1.5 -20.5
0.000376974 1 1.5 -21
0.000353929 1 1.5 -22
0.00169053 0.5 2 -21.5
0.000245572 1 1.5 -22.5
0.000105089 1 1.5 -23
0.00107749 0.5 2 -22.5
3.42749e-05 0.5 2 -23.5
0.000420354 0.5 2 -23
0.00157118 0.5 2 -22
0.000384535 1 1.5 -21.5
0.00164157 0.5 2 -21
0.00110878 0.5 2 -20.5
0.000457658 0.5 2 -20
0.000104821 0.5 2 -19.5
6.51561e-05 1 2 -19.5
0.000642277 1 2 -20.5
0.00092093 1 2 -21
0.000652021 0.5 2.5 -20.5
0.000931707 1 2 -21.5
0.000853356 1 2 -22
0.000577837 1 2 -22.5
0.00093674 0.5 2.5 -22
2.28622e-05 1 2 -23.5
0.000239461 0.5 2.5 -23
0.000234909 1 2 -23
0.000635814 0.5 2.5 -22.5
0.00100483 0.5 2.5 -21.5
0.000967519 0.5 2.5 -21
0.000276465 0.5 2.5 -20
0.000272239 1 2 -20
6.54604e-05 0.5 2.5 -19.5
2.36515e-05 1 2.5 -19
2.27347e-05 1.5 2 -20.5
0.000578307 1 2.5 -20
3.28408e-05 1.5 2 -21
0.00135118 1 2.5 -20.5
3.32759e-05 1.5 2 -21.5
0.00178198 1 2.5 -21
3.01685e-05 1.5 2 -22
0.00153973 1 2.5 -22
0.000293028 1 2.5 -23
7.63676e-05 0.5 3 -23
0.000185614 0.5 3 -22.5
0.000941528 1 2.5 -22.5
0.000265196 0.5 3 -22
0.000280919 0.5 3 -21.5
0.00176748 1 2.5 -21.5
0.000260661 0.5 3 -21
0.000168728 0.5 3 -20.5
7.02923e-05 0.5 3 -20
0.000130775 1 2.5 -19.5
2.28802e-05 1.5 2.5 -19.5
9.77875e-05 1.5 2.5 -20
0.000208159 1 3 -19.5
0.000229435 1.5 2.5 -20.5
0.000298096 1.5 2.5 -21
0.000292707 1.5 2.5 -21.5
0.000251474 1.5 2.5 -22
0.00175816 1 3 -21.5
0.000152153 1.5 2.5 -22.5
5.0708e-05 1.5 2.5 -23
0.000905337 1 3 -22.5
0.000263313 1 3 -23
0.00151721 1 3 -22
0.00177477 1 3 -21
0.00141157 1 3 -20.5
0.000731224 1 3 -20
3.81526e-05 1 3 -19
9.74887e-05 1.5 3 -19.5
3.83116e-05 1 3.5 -19
0.000696854 1.5 3 -20.5
0.000662153 1 3.5 -20
0.000799232 1.5 3 -21.5
0.00149474 1 3.5 -21
0.000652995 1.5 3 -22
0.000371265 1.5 3 -22.5
0.00122408 1 3.5 -22
0.000103452 1.5 3 -23
0.000162384 1 3.5 -23
0.000678207 1 3.5 -22.5
0.00146827 1 3.5 -21.5
0.00082368 1.5 3 -21
0.00124249 1 3.5 -20.5
0.000357042 1.5 3 -20
0.000202811 1 3.5 -19.5
3.67682e-05 1.5 3.5 -19
2.13679e-05 2 3 -20.5
0.00062581 1.5 3.5 -20
2.39151e-05 2 3 -21
2.28049e-05 2 3 -21.5
0.0013052 1.5 3.5 -21
0.0010368 1.5 3.5 -22
0.000802641 1 4 -21.5
0.000559954 1.5 3.5 -22.5
0.0001134 1.5 3.5 -23
0.000354138 1 4 -22.5
7.79192e-05 1 4 -23
0.000667938 1 4 -22
0.0012674 1.5 3.5 -21.5
0.000812263 1 4 -21
0.000667285 1 4 -20.5
0.00114741 1.5 3.5 -20.5
0.000358531 1 4 -20
0.000113429 1 4 -19.5
0.000192912 1.5 3.5 -19.5
2.23431e-05 1 4 -19
3.26115e-05 2 3.5 -19.5
9.88801e-05 2 3.5 -20
0.000376992 1.5 4 -19.5
0.000172016 2 3.5 -20.5
0.00102631 1.5 4 -20
0.000179061 2 3.5 -21
0.0016034 1.5 4 -20.5
0.000170613 2 3.5 -21.5
0.00170091 1.5 4 -21
0.000131538 2 3.5 -22
0.00161643 1.5 4 -21.5
6.89521e-05 2 3.5 -22.5
0.000552548 1.5 4 -22.5
0.000222951 1 4.5 -22
2.6279e-05 1 4.5 -23
9.12522e-05 1.5 4 -23
0.000120818 1 4.5 -22.5
0.00118942 1.5 4 -22
0.000265442 1 4.5 -21.5
0.000264821 1 4.5 -21
0.000206138 1 4.5 -20.5
0.000109532 1 4.5 -20
3.4397e-05 1 4.5 -19.5
7.15922e-05 1.5 4 -19
2.8563e-05 2 4 -19
0.000152413 2 4 -19.5
0.000118287 1.5 4.5 -19
0.000402231 2 4 -20
0.000593868 2 4 -20.5
0.00102759 1.5 4.5 -20
0.000600909 2 4 -21
0.00055075 2 4 -21.5
0.00159825 1.5 4.5 -21
0.000386498 2 4 -22
0.000180614 2 4 -22.5
0.00107006 1.5 4.5 -22
2.40494e-05 2 4 -23
5.02321e-05 1.5 4.5 -23
0.000448921 1.5 4.5 -22.5
2.02475e-05 1 5 -21.5
0.00150601 1.5 4.5 -21.5
0.00152322 1.5 4.5 -20.5
0.000467281 1.5 4.5 -19.5
2.08935e-05 1.5 4.5 -18.5
8.97653e-05 2 4.5 -19
0.000797787 2 4.5 -20
0.00107694 2 4.5 -21
0.000691948 2 4.5 -22
0.00105357 1.5 5 -21.5
0.000260265 2 4.5 -22.5
2.00663e-05 2 4.5 -23
0.000266673 1.5 5 -22.5
2.3004e-05 1.5 5 -23
0.000729516 1.5 5 -22
0.000990554 2 4.5 -21.5
0.00111039 1.5 5 -21
0.00107672 1.5 5 -20.5
0.00107382 2 4.5 -20.5
0.00078681 1.5 5 -20
0.000385681 1.5 5 -19.5
0.000364007 2 4.5 -19.5
0.000109117 1.5 5 -19
2.00526e-05 1.5 5 -18.5
4.27423e-05 2.5 4.5 -19.5
0.00017965 2 5 -19
8.41528e-05 2.5 4.5 -20
0.000637402 2 5 -19.5
6.46325e-05 1.5 5.5 -19
9.73011e-05 2.5 4.5 -20.5
9.37597e-05 2.5 4.5 -21
0.00159363 2 5 -20.5
7.96454e-05 2.5 4.5 -21.5
5.45573e-05 2.5 4.5 -22
0.00128718 2 5 -21.5
2.06836e-05 2.5 4.5 -22.5
0.000232657 2 5 -22.5
0.000353379 1.5 5.5 -22
0.000119978 1.5 5.5 -22.5
0.000718302 2 5 -22
0.000524091 1.5 5.5 -21.5
0.000546631 1.5 5.5 -21
0.00156688 2 5 -21
0.000520268 1.5 5.5 -20.5
0.000383018 1.5 5.5 -20
0.00127612 2 5 -20
0.00019991 1.5 5.5 -19.5
3.11385e-05 2 5 -18.5
5.71377e-05 2.5 5 -19
6.9294e-05 2 5.5 -18.5
0.00021029 2.5 5 -19.5
0.000357055 2 5.5 -19
0.000399967 2.5 5 -20
0.000450444 2.5 5 -20.5
0.00152097 2 5.5 -20
0.000432638 2.5 5 -21
0.000343624 2.5 5 -21.5
0.00157322 2 5.5 -21
0.000191462 2.5 5 -22
5.36206e-05 2.5 5 -22.5
0.000657701 2 5.5 -22
3.368e-05 1.5 6 -22.5
0.000158086 2 5.5 -22.5
0.000114631 1.5 6 -22
0.000176808 1.5 6 -21.5
0.0012428 2 5.5 -21.5
0.000187637 1.5 6 -21
0.000175225 1.5 6 -20.5
0.00163147 2 5.5 -20.5
0.000131386 1.5 6 -20
7.3351e-05 1.5 6 -19.5
0.000944691 2 5.5 -19.5
2.60966e-05 1.5 6 -19
4.12059e-05 2.5 5.5 -18.5
0.000215829 2.5 5.5 -19
0.000589764 2.5 5.5 -19.5
0.000905615 2.5 5.5 -20
0.00091905 2 6 -19.5
0.000866289 2.5 5.5 -21
0.00147363 2 6 -20.5
0.000644821 2.5 5.5 -21.5
0.000323813 2.5 5.5 -22
0.00101925 2 6 -21.5
5.85309e-05 2.5 5.5 -22.5
7.62674e-05 2 6 -22.5
0.000468218 2 6 -22
0.00140146 2 6 -21
0.000932153 2.5 5.5 -20.5
0.00139291 2 6 -20
0.000363918 2 6 -19
9.01506e-05 2 6 -18.5
4.92795e-05 3 5.5 -19.5
0.000445486 2.5 6 -19
7.23603e-05 2 6.5 -18.5
6.32387e-05 3 5.5 -20
0.000952799 2.5 6 -19.5
0.00027907 2 6.5 -19
5.98101e-05 3 5.5 -20.5
4.90568e-05 3 5.5 -21
0.00131984 2.5 6 -20.5
3.48276e-05 3 5.5 -21.5
0.000842063 2.5 6 -21.5
0.000886439 2 6.5 -21
4.19539e-05 2.5 6 -22.5
0.000240109 2 6.5 -22
2.89668e-05 2 6.5 -22.5
0.00032776 2.5 6 -22
0.000593429 2 6.5 -21.5
0.00124344 2.5 6 -21
0.000959784 2 6.5 -20.5
0.000923536 2 6.5 -20
0.00130238 2.5 6 -20
0.000652376 2 6.5 -19.5
0.000105091 2.5 6 -18.5
3.13387e-05 3 6 -18.5
0.000127679 3 6 -19
0.000228143 2.5 6.5 -18.5
0.000275421 3 6 -19.5
0.00078366 2.5 6.5 -19
0.000322182 3 6 -20
0.000309512 3 6 -20.5
0.00163729 2.5 6.5 -20
0.000258172 3 6 -21
0.000149637 3 6 -21.5
0.00131861 2.5 6.5 -21
5.37474e-05 3 6 -22
0.00025675 2.5 6.5 -22
2.12539e-05 2.5 6.5 -22.5
8.55569e-05 2 7 -22
0.000255362 2 7 -21.5
0.000798513 2.5 6.5 -21.5
0.000400829 2 7 -21
0.000436475 2 7 -20.5
0.00160382 2.5 6.5 -20.5
0.00040744 2 7 -20
0.000298862 2 7 -19.5
0.00139308 2.5 6.5 -19.5
0.000144226 2 7 -19
4.38245e-05 2 7 -18.5
3.62127e-05 2.5 6.5 -18
0.000135725 3 6.5 -18.5
0.000100522 2.5 7 -18
0.000438503 3 6.5 -19
0.000718903 3 6.5 -19.5
0.000764213 3 6.5 -20
0.00139982 2.5 7 -19.5
0.000718572 3 6.5 -20.5
0.000563263 3 6.5 -21
0.00152928 2.5 7 -20.5
0.000319202 3 6.5 -21.5
8.22386e-05 3 6.5 -22
0.000617972 2.5 7 -21.5
0.000143584 2.5 7 -22
6.75593e-05 2 7.5 -21.5
0.000127438 2 7.5 -21
0.00119575 2.5 7 -21
0.000142545 2 7.5 -20.5
0.0001293 2 7.5 -20
0.00158258 2.5 7 -20
9.72067e-05 2 7.5 -19.5
5.44768e-05 2 7.5 -19
0.000938145 2.5 7 -19
2.06577e-05 2 7.5 -18.5
0.000412487 2.5 7 -18.5
2.18384e-05 3 6.5 -18
8.18134e-05 3 7 -18
2.27874e-05 2.5 7.5 -17.5
3.02567e-05 3.5 6.5 -19
3.93967e-05 3.5 6.5 -19.5
0.000813016 3 7 -19
0.000391151 2.5 7.5 -18.5
3.01906e-05 3.5 6.5 -20
0.00116234 3 7 -19.5
0.00079487 2.5 7.5 -19
2.16215e-05 3.5 6.5 -20.5
0.00118708 3 7 -20.5
0.00122593 2.5 7.5 -20
0.000363419 3 7 -21.5
0.000861477 2.5 7.5 -21
6.78749e-05 3 7 -22
5.19416e-05 2.5 7.5 -22
0.00036206 2.5 7.5 -21.5
0.000836774 3 7 -21
0.00120635 2.5 7.5 -20.5
0.00121474 3 7 -20
0.00112561 2.5 7.5 -19.5
0.000358274 3 7 -18.5
0.000110686 2.5 7.5 -18
2.25819e-05 3.5 7 -18
3.47216e-05 3 7.5 -17.5
0.000192096 3.5 7 -19
0.000671398 3 7.5 -18.5
0.000218133 3.5 7 -19.5
0.00127397 3 7.5 -19
0.000195966 3.5 7 -20
0.000165301 3.5 7 -20.5
0.00157766 3 7.5 -20
9.95241e-05 3.5 7 -21
4.08558e-05 3.5 7 -21.5
0.000807141 3 7.5 -21
3.478e-05 3 7.5 -22
0.000138663 2.5 8 -21.5
0.00031049 3 7.5 -21.5
0.000429651 2.5 8 -21
0.000676086 2.5 8 -20.5
0.00125852 3 7.5 -20.5
0.000706293 2.5 8 -20
0.000645614 2.5 8 -19.5
0.00160371 3 7.5 -19.5
0.000483848 2.5 8 -19
0.000255156 2.5 8 -18.5
8.89032e-05 2.5 8 -18
8.84493e-05 3.5 7 -18.5
0.00020608 3 7.5 -18
0.000340585 3.5 7.5 -18.5
0.000465466 3 8 -18
0.0001261 2.5 8.5 -18.5
0.000590251 3.5 7.5 -19
0.000635086 3.5 7.5 -19.5
0.000587839 3.5 7.5 -20
0.0016099 3 8 -19.5
0.000451107 3.5 7.5 -20.5
0.000255353 3.5 7.5 -21
0.00119687 3 8 -20.5
0.000288908 2.5 8.5 -20
7.78209e-05 3.5 7.5 -21.5
0.000190848 3 8 -21.5
2.1661e-05 2.5 8.5 -21.5
0.000141768 2.5 8.5 -21
0.000664849 3 8 -21
0.000266135 2.5 8.5 -20.5
0.00155176 3 8 -20
0.000265559 2.5 8.5 -19.5
0.000214608 2.5 8.5 -19
0.00147998 3 8 -19
0.00101766 3 8 -18.5
5.3115e-05 2.5 8.5 -18
0.00010643 3.5 7.5 -18
0.000109468 3 8 -17.5
0.000355982 3.5 8 -18
0.000175744 3 8.5 -17.5
0.000960504 3 8.5 -18.5
2.31603e-05 2.5 9 -18
0.00109677 3.5 8 -19.5
0.00135299 3 8.5 -19
8.11019e-05 2.5 9 -19.5
0.00100859 3.5 8 -20
8.32511e-05 2.5 9 -20
0.000726817 3.5 8 -20.5
7.48959e-05 3.5 8 -21.5
0.000416049 3 8.5 -21
5.46152e-05 2.5 9 -20.5
7.42035e-05 3 8.5 -21.5
0.000337966 3.5 8 -21
0.000938002 3 8.5 -20.5
0.00134043 3 8.5 -20
0.00145843 3 8.5 -19.5
7.01996e-05 2.5 9 -19
4.82145e-05 2.5 9 -18.5
0.0010676 3.5 8 -19
0.000771376 3.5 8 -18.5
0.000482654 3 8.5 -18
8.83676e-05 3.5 8 -17.5
4.05536e-05 3 8.5 -17
2.50945e-05 4 8 -17.5
7.20845e-05 4 8 -18
0.000257577 3.5 8.5 -17.5
0.000127822 4 8 -18.5
0.000137737 4 8 -19
0.00121135 3.5 8.5 -18.5
0.000126725 4 8 -19.5
0.00141702 3.5 8.5 -19
0.000108485 4 8 -20
6.62099e-05 4 8 -20.5
0.000839087 3 9 -20
0.000297254 3.5 8.5 -21
4.60752e-05 3.5 8.5 -21.5
0.000171134 3 9 -21
0.000513475 3 9 -20.5
0.000735761 3.5 8.5 -20.5
0.00120366 3.5 8.5 -20
0.000978872 3 9 -19.5
0.0014253 3.5 8.5 -19.5
0.00093454 3 9 -19
0.000705883 3 9 -18.5
0.000402087 3 9 -18
0.000706898 3.5 8.5 -18
0.000148642 3 9 -17.5
3.92862e-05 3 9 -17
4.93041e-05 3.5 8.5 -17
2.8718e-05 3.5 9 -16.5
0.000124777 4 8.5 -17.5
0.000175377 3.5 9 -17
0.000479599 4 8.5 -18.5
0.00112569 3.5 9 -18
0.00010236 3 9.5 -17.5
0.000356892 3 9.5 -18.5
0.000514285 4 8.5 -19
0.000465208 4 8.5 -19.5
0.000332015 4 8.5 -20
0.000171494 4 8.5 -20.5
0.00114181 3.5 9 -20
5.14366e-05 4 8.5 -21
0.000620174 3.5 9 -20.5
2.4038e-05 3 9.5 -21
0.000184693 3.5 9 -21
0.000182236 3 9.5 -20.5
0.000371863 3 9.5 -20
0.000478614 3 9.5 -19.5
0.00146999 3.5 9 -19.5
0.000466505 3 9.5 -19
0.00161477 3.5 9 -19
0.00152644 3.5 9 -18.5
0.000231335 3 9.5 -18
0.000316373 4 8.5 -18
0.000569625 3.5 9 -17.5
3.24225e-05 3 9.5 -17
2.83981e-05 4 8.5 -17
2.3643e-05 4 9 -16.5
0.000140208 4 9 -17
2.19179e-05 3 10 -17
5.76775e-05 3 10 -17.5
0.000775261 4 9 -18
0.000101697 3 10 -18
0.00147809 3.5 9.5 -18.5
0.000139725 3 10 -18.5
0.00017557 3 10 -19
0.000166174 3 10 -19.5
0.000579597 4 9 -20
9.88106e-05 3 10 -20
0.000258202 4 9 -20.5
7.33084e-05 3.5 9.5 -21
6.00386e-05 4 9 -21
0.000379012 3.5 9.5 -20.5
0.000890526 3.5 9.5 -20
0.00132748 3.5 9.5 -19.5
0.000827711 4 9 -19.5
0.00151753 3.5 9.5 -19
0.000952757 4 9 -19
0.000958456 4 9 -18.5
0.0011803 3.5 9.5 -18
0.000716936 3.5 9.5 -17.5
0.000433209 4 9 -17.5
0.000306415 3.5 9.5 -17
8.62527e-05 3.5 9.5 -16.5
2.11194e-05 3.5 10 -16
9.02922e-05 3.5 10 -16.5
3.69347e-05 4.5 9 -17
7.47773e-05 4.5 9 -17.5
9.98161e-05 4.5 9 -18
0.000817353 4 9.5 -17.5
0.0001014 4.5 9 -18.5
2.27232e-05 3 10.5 -18
8.65956e-05 4.5 9 -19
0.00134003 4 9.5 -18.5
0.000975748 3.5 10 -18
3.41083e-05 3 10.5 -18.5
6.21855e-05 4.5 9 -19.5
0.00131826 4 9.5 -19
2.1065e-05 4.5 9 -20
3.72876e-05 3 10.5 -19
0.000939292 3.5 10 -19.5
0.000513151 3.5 10 -20
4.07035e-05 4 9.5 -21
0.000150573 3.5 10 -20.5
0.000230845 4 9.5 -20.5
0.000594214 4 9.5 -20
0.00104411 4 9.5 -19.5
0.00114841 3.5 10 -19
0.00113126 3.5 10 -18.5
0.00115903 4 9.5 -18
0.000632951 3.5 10 -17.5
0.000294915 3.5 10 -17
0.000401248 4 9.5 -17
0.000110608 4 9.5 -16.5
7.61648e-05 4 10 -16
2.0809e-05 3.5 10.5 -16
0.00031597 4 10 -16.5
8.04169e-05 3.5 10.5 -16.5
0.000212624 3.5 10.5 -17
0.00033278 4.5 9.5 -17.5
0.000412307 3.5 10.5 -17.5
0.000579084 3.5 10.5 -18
0.000409631 4.5 9.5 -18.5
0.000649812 3.5 10.5 -18.5
0.000336692 4.5 9.5 -19
0.000208668 4.5 9.5 -19.5
9.06368e-05 4.5 9.5 -20
0.000944505 4 10 -19.5
2.58568e-05 4.5 9.5 -20.5
0.000485217 4 10 -20
0.000139185 4 10 -20.5
0.000177402 3.5 10.5 -20
0.000443125 3.5 10.5 -19.5
0.000627935 3.5 10.5 -19
0.00131904 4 10 -19
0.00157694 4 10 -18.5
0.00152133 4 10 -18
0.000410342 4.5 9.5 -18
0.00126336 4 10 -17.5
0.000758489 4 10 -17
0.000183021 4.5 9.5 -17
6.14245e-05 4.5 9.5 -16.5
6.7781e-05 4.5 10 -16
0.000572148 4 10.5 -16.5
0.000259628 4.5 10 -16.5
5.53906e-05 3.5 11 -16.5
0.00102768 4 10.5 -17
0.000119141 3.5 11 -17
0.00135453 4 10.5 -17.5
0.000201849 3.5 11 -17.5
0.00151014 4 10.5 -18
0.00148742 4 10.5 -18.5
0.000249872 3.5 11 -18
0.000405334 4.5 10 -19.5
0.00118267 4 10.5 -19
0.000112262 3.5 11 -19.5
0.000162972 4.5 10 -20
3.73969e-05 4.5 10 -20.5
5.49203e-05 4 10.5 -20.5
0.000284013 4 10.5 -20
0.000714463 4 10.5 -19.5
0.000229062 3.5 11 -19
0.000266967 3.5 11 -18.5
0.000646708 4.5 10 -19
0.000815102 4.5 10 -18.5
0.000854407 4.5 10 -18
0.000777384 4.5 10 -17.5
0.000548412 4.5 10 -17
0.000205494 4 10.5 -16
4.23585e-05 4 10.5 -15.5
7.24123e-05 4 11 -15.5
2.75546e-05 5 10 -16
5.86609e-05 5 10 -16.5
8.11113e-05 5 10 -17
8.65006e-05 5 10 -17.5
2.99532e-05 3.5 11.5 -16.5
0.000958765 4.5 10.5 -17
0.000549709 4 11 -16.5
0.00119174 4.5 10.5 -17.5
5.30493e-05 3.5 11.5 -17
4.66057e-05 5 10 -18.5
7.52602e-05 3.5 11.5 -17.5
0.00131422 4.5 10.5 -18
8.25836e-05 3.5 11.5 -18
0.00114693 4.5 10.5 -18.5
6.93887e-05 3.5 11.5 -18.5
0.000803571 4.5 10.5 -19
3.01462e-05 3.5 11.5 -19
0.000393452 4 11 -19.5
0.000102442 4 11 -20
2.32139e-05 4.5 10.5 -20.5
0.000147344 4.5 10.5 -20
0.000410773 4.5 10.5 -19.5
0.000822321 4 11 -19
0.00116919 4 11 -18.5
0.00131741 4 11 -18
0.00116131 4 11 -17.5
7.33356e-05 5 10 -18
0.000912594 4 11 -17
0.000587501 4.5 10.5 -16.5
0.000235764 4 11 -16
0.00026732 4.5 10.5 -16
6.59469e-05 4.5 10.5 -15.5
5.13969e-05 4.5 11 -15
0.000235014 4.5 11 -15.5
7.03198e-05 4 11.5 -15.5
0.000196918 4 11.5 -16
0.00041382 4 11.5 -16.5
0.000342806 5 10.5 -17
0.00102433 4.5 11 -16.5
0.000636457 4 11.5 -17
0.000367145 5 10.5 -17.5
0.000769064 4 11.5 -17.5
0.000328375 5 10.5 -18
0.000824013 4 11.5 -18
0.000209466 5 10.5 -18.5
0.000641316 4 11.5 -18.5
0.000112491 5 10.5 -19
4.72148e-05 5 10.5 -19.5
0.000328064 4.5 11 -19.5
8.7147e-05 4.5 11 -20
0.000118152 4 11.5 -19.5
0.000365126 4 11.5 -19
0.000719984 4.5 11 -19
0.00111119 4.5 11 -18.5
0.00136163 4.5 11 -18
0.00153387 4.5 11 -17.5
0.00140548 4.5 11 -17
0.000259221 5 10.5 -16.5
0.000583726 4.5 11 -16
0.000138033 5 10.5 -16
4.63167e-05 5 10.5 -15.5
2.9212e-05 4.5 11.5 -14.5
0.000174716 4.5 11.5 -15
0.00049978 4.5 11.5 -15.5
0.000206818 5 11 -15.5
0.000128842 4 12 -16
0.00127296 4.5 11.5 -16.5
0.000666426 5 11 -16.5
0.000226334 4 12 -16.5
0.00144534 4.5 11.5 -17
0.000313577 4 12 -17
0.00150948 4.5 11.5 -17.5
0.00129111 4.5 11.5 -18
0.000365992 4 12 -17.5
0.000936098 4.5 11.5 -18.5
8.7492e-05 5 11 -19.5
0.000503982 4.5 11.5 -19
2.48043e-05 4.5 11.5 -20
0.000173543 4.5 11.5 -19.5
7.50504e-05 4 12 -19
0.000221281 4 12 -18.5
0.00023465 5 11 -19
0.000346741 4 12 -18
0.000443643 5 11 -18.5
0.000649807 5 11 -18
0.000789301 5 11 -17.5
0.00077351 5 11 -17
0.000905073 4.5 11.5 -16
5.66935e-05 4 12 -15.5
0.000444143 5 11 -16
5.42257e-05 5 11 -15
6.73052e-05 5 11.5 -14.5
7.45114e-05 4.5 12 -14.5
0.000234176 4.5 12 -15
6.03885e-05 5.5 11 -15.5
7.82832e-05 5.5 11 -16
3.60268e-05 4 12.5 -15.5
8.3603e-05 5.5 11 -16.5
0.000833464 5 11.5 -16
6.6034e-05 4 12.5 -16
0.00124141 5 11.5 -17
0.00114561 4.5 12 -16.5
6.71494e-05 5.5 11 -17
9.60674e-05 4 12.5 -16.5
0.000114378 4 12.5 -17
0.0011615 5 11.5 -17.5
0.000120536 4 12.5 -17.5
0.000871608 5 11.5 -18
7.23681e-05 4 12.5 -18
0.000535413 5 11.5 -18.5
0.000242412 5 11.5 -19
4.81837e-05 4.5 12 -19.5
7.88109e-05 5 11.5 -19.5
0.000239347 4.5 12 -19
0.000591615 4.5 12 -18.5
0.000985779 4.5 12 -18
0.00127428 4.5 12 -17.5
0.00133326 4.5 12 -17
4.28036e-05 5.5 11 -17.5
0.00110119 5 11.5 -16.5
0.00084511 4.5 12 -16
0.000500778 4.5 12 -15.5
0.000508212 5 11.5 -15.5
0.000241479 5 11.5 -15
3.07651e-05 5.5 11 -15
6.89468e-05 5 12 -14
2.40122e-05 4.5 12.5 -14
0.000250047 5 12 -14.5
7.70084e-05 4.5 12.5 -14.5
0.000549995 5 12 -15
0.000202571 4.5 12.5 -15
0.000413484 4.5 12.5 -15.5
0.00031445 5.5 11.5 -16
0.000804636 4.5 12.5 -16.5
0.000320782 5.5 11.5 -17
0.00144941 5 12 -16.5
0.000903785 4.5 12.5 -17
0.00020943 5.5 11.5 -17.5
0.000114949 5.5 11.5 -18
0.000493782 4.5 12.5 -18
5.13491e-05 5.5 11.5 -18.5
0.000221023 4.5 12.5 -18.5
4.07755e-05 5 12 -19.5
5.02111e-05 4.5 12.5 -19
0.000181579 5 12 -19
0.000462425 5 12 -18.5
0.000827066 5 12 -18
0.000748494 4.5 12.5 -17.5
0.00115511 5 12 -17.5
0.00134705 5 12 -17
0.000633679 4.5 12.5 -16
0.000342959 5.5 11.5 -16.5
0.00128961 5 12 -16
0.000925022 5 12 -15.5
0.000246372 5.5 11.5 -15.5
0.000142623 5.5 11.5 -15
5.4828e-05 5.5 11.5 -14.5
5.46401e-05 5 12.5 -13.5
0.000231341 5.5 12 -14.5
0.000216084 5 12.5 -14
2.4642e-05 4.5 13 -14
0.000513748 5 12.5 -14.5
6.63891e-05 4.5 13 -14.5
0.000140394 4.5 13 -15
0.00119374 5 12.5 -15.5
0.000630592 5.5 12 -15.5
0.000241931 4.5 13 -15.5
0.000338909 4.5 13 -16
0.0014412 5 12.5 -16.5
0.000749005 5.5 12 -16.5
0.000404187 4.5 13 -16.5
0.0012966 5 12.5 -17
0.00040836 4.5 13 -17
0.000626567 5 12.5 -18
0.000281348 4.5 13 -17.5
3.57862e-05 5.5 12 -19
0.000287593 5 12.5 -18.5
8.44996e-05 5 12.5 -19
2.17113e-05 4.5 13 -18.5
0.000129352 4.5 13 -18
0.000116019 5.5 12 -18.5
0.000255527 5.5 12 -18
0.00101246 5 12.5 -17.5
0.000435397 5.5 12 -17.5
0.000635297 5.5 12 -17
0.00136827 5 12.5 -16
0.000724654 5.5 12 -16
0.000875024 5 12.5 -15
0.000441616 5.5 12 -15
8.19627e-05 5.5 12 -14
2.8211e-05 5.5 12.5 -13
2.67931e-05 5 13 -13
0.000123585 5.5 12.5 -13.5
0.000104157 5 13 -13.5
0.000545289 5.5 12.5 -14.5
0.000268206 5 13 -14
7.87073e-05 6 12 -14.5
2.07093e-05 4.5 13.5 -14
0.000514943 5 13 -14.5
4.35987e-05 4.5 13.5 -14.5
8.88736e-05 6 12 -15.5
7.59784e-05 4.5 13.5 -15
0.00110693 5 13 -15.5
6.98931e-05 6 12 -16
0.00104884 5.5 12.5 -15.5
0.000110082 4.5 13.5 -15.5
0.00126768 5 13 -16
4.1087e-05 6 12 -16.5
0.000134363 4.5 13.5 -16
0.000142651 4.5 13.5 -16.5
0.00102237 5 13 -17
0.000865265 5.5 12.5 -17
9.35488e-05 4.5 13.5 -17
3.03949e-05 4.5 13.5 -17.5
0.000301532 5.5 12.5 -18
0.000116483 5.5 12.5 -18.5
3.27275e-05 5.5 12.5 -19
0.00010869 5 13 -18.5
0.0003363 5 13 -18
0.000671103 5 13 -17.5
0.000571474 5.5 12.5 -17.5
0.00125144 5 13 -16.5
0.00110905 5.5 12.5 -16.5
0.00117024 5.5 12.5 -16
0.000826268 5 13 -15
0.000816224 5.5 12.5 -15
9.60377e-05 6 12 -15
0.000308447 5.5 12.5 -14
4.61015e-05 6 12 -14
3.42237e-05 5.5 13 -12.5
0.000157758 5.5 13 -13
3.92552e-05 5 13.5 -13
0.000359217 5.5 13 -13.5
9.98923e-05 6 12.5 -13.5
0.000102305 5 13.5 -13.5
0.000233378 5 13.5 -14
0.000955874 5.5 13 -14.5
0.000291066 6 12.5 -14.5
0.000432028 5 13.5 -14.5
0.000631795 5 13.5 -15
0.00135802 5.5 13 -15.5
0.000350434 6 12.5 -15.5
2.33831e-05 4.5 14 -15
2.60396e-05 4.5 14 -15.5
0.00088168 5 13.5 -16
0.000203595 6 12.5 -16.5
0.0012688 5.5 13 -16
0.000749279 5 13.5 -16.5
0.000111647 6 12.5 -17
4.8261e-05 6 12.5 -17.5
0.000511914 5.5 13 -17.5
0.000528216 5 13.5 -17
8.94488e-05 5 13.5 -18
7.98809e-05 5.5 13 -18.5
0.000241803 5.5 13 -18
0.000273407 5 13.5 -17.5
0.000833603 5.5 13 -17
0.00111036 5.5 13 -16.5
0.000796668 5 13.5 -15.5
0.00031639 6 12.5 -16
0.00124054 5.5 13 -15
0.000335855 6 12.5 -15
0.000638212 5.5 13 -14
0.000196071 6 12.5 -14
3.53599e-05 6 12.5 -13
3.45931e-05 5.5 13.5 -12
0.000136704 5.5 13.5 -12.5
6.70336e-05 6 13 -12.5
0.00031966 5.5 13.5 -13
0.000335632 6 13 -13.5
2.65461e-05 6.5 12.5 -13.5
3.70058e-05 5 14 -13
0.000593267 5.5 13.5 -13.5
8.35043e-05 5 14 -13.5
0.000921346 5.5 13.5 -14
0.000158207 5 14 -14
0.00115895 5.5 13.5 -14.5
0.000672277 6 13 -14.5
0.000253242 5 14 -14.5
0.0012806 5.5 13.5 -15
0.000344781 5 14 -15
0.000404262 5 14 -15.5
0.00121541 5.5 13.5 -16
0.000607157 6 13 -16
0.000400359 5 14 -16
0.000972324 5.5 13.5 -16.5
0.000277903 5 14 -16.5
0.000135236 5 14 -17
0.000126 6 13 -17.5
0.00064097 5.5 13.5 -17
3.41491e-05 5 14 -17.5
0.000123441 5.5 13.5 -18
4.37236e-05 6 13 -18
2.13572e-05 5.5 13.5 -18.5
0.000332538 5.5 13.5 -17.5
0.000246485 6 13 -17
0.000414596 6 13 -16.5
0.00134393 5.5 13.5 -15.5
0.000720228 6 13 -15.5
0.00073525 6 13 -15
0.000524073 6 13 -14
2.83307e-05 6.5 12.5 -14
0.000168647 6 13 -13
2.05878e-05 6 13 -12
3.14718e-05 6 13.5 -11.5
0.000114462 6 13.5 -12
6.59558e-05 5.5 14 -12
0.000264684 6 13.5 -12.5
5.10774e-05 6.5 13 -12.5
0.000156198 5.5 14 -12.5
0.00046649 6 13.5 -13
0.000326814 5.5 14 -13
0.000684006 6 13.5 -13.5
0.000121777 6.5 13 -13.5
2.80754e-05 5 14.5 -13
0.000572165 5.5 14 -13.5
5.20507e-05 5 14.5 -13.5
0.00084465 5.5 14 -14
0.000108618 6.5 13 -14.5
0.000879407 6 13.5 -14
8.2549e-05 5 14.5 -14
0.00106589 5.5 14 -14.5
8.28352e-05 6.5 13 -15
0.000113914 5 14.5 -14.5
0.00117802 5.5 14 -15
4.44807e-05 6.5 13 -15.5
0.00112486 6 13.5 -15
0.000135387 5 14.5 -15
0.00113632 5.5 14 -15.5
0.000133438 5 14.5 -15.5
0.00093715 5.5 14 -16
0.000801004 6 13.5 -16
8.07306e-05 5 14.5 -16
0.000632306 5.5 14 -16.5
2.15622e-05 5 14.5 -16.5
0.000344721 5.5 14 -17
0.000308254 6 13.5 -17
0.00013139 5.5 14 -17.5
2.45994e-05 5.5 14 -18
4.42084e-05 6 13.5 -18
0.000135442 6 13.5 -17.5
0.00054262 6 13.5 -16.5
0.00102292 6 13.5 -15.5
0.00104146 6 13.5 -14.5
0.000130478 6.5 13 -14
9.29825e-05 6.5 13 -13
2.18994e-05 6.5 13.5 -11
4.68026e-05 6 14 -11
5.14724e-05 6.5 13.5 -11.5
0.000158798 6 14 -11.5
2.76928e-05 5.5 14.5 -11.5
0.000359132 6 14 -12
0.000114211 6.5 13.5 -12
6.57169e-05 5.5 14.5 -12
0.00058178 6 14 -12.5
0.000143908 5.5 14.5 -12.5
0.000822502 6 14 -13
0.000305354 6.5 13.5 -13
0.000278095 5.5 14.5 -13
0.00106535 6 14 -13.5
0.000451439 5.5 14.5 -13.5
0.00120606 6 14 -14
0.000402984 6.5 13.5 -14
0.000618268 5.5 14.5 -14
0.00125696 6 14 -14.5
2.0657e-05 5 15 -14
0.000739948 5.5 14.5 -14.5
0.00114966 6 14 -15
0.000320292 6.5 13.5 -15
2.09862e-05 5 15 -14.5
0.00064675 5.5 14.5 -15.5
0.000104754 6.5 13.5 -16
0.00100318 6 14 -15.5
4.40286e-05 6.5 13.5 -16.5
0.000244904 5.5 14.5 -16.5
0.000479786 6 14 -16.5
8.77784e-05 5.5 14.5 -17
9.35171e-05 6 14 -17.5
2.15793e-05 6 14 -18
0.000246289 6 14 -17
0.000454667 5.5 14.5 -16
0.000757986 6 14 -16
0.00078721 5.5 14.5 -15
0.000195901 6.5 13.5 -15.5
0.000379201 6.5 13.5 -14.5
0.000376448 6.5 13.5 -13.5
0.000210964 6.5 13.5 -12.5
4.78085e-05 6.5 14 -10.5
3.88356e-05 6 14.5 -10.5
0.000116888 6.5 14 -11
0.000121404 6 14.5 -11
0.00025965 6 14.5 -11.5
4.60466e-05 7 13.5 -12
0.000222587 6.5 14 -11.5
2.59079e-05 5.5 15 -11.5
0.0004401 6 14.5 -12
5.11893e-05 7 13.5 -12.5
5.44776e-05 5.5 15 -12
0.000674487 6 14.5 -12.5
4.46369e-05 7 13.5 -13
0.000526287 6.5 14 -12.5
0.000103312 5.5 15 -12.5
0.000746139 6.5 14 -13.5
0.000944713 6 14.5 -13
2.81569e-05 7 13.5 -13.5
0.000171138 5.5 15 -13
0.00111502 6 14.5 -13.5
0.000245971 5.5 15 -13.5
0.000314853 5.5 15 -14
0.00120201 6 14.5 -14.5
0.000704501 6.5 14 -14.5
0.000352845 5.5 15 -14.5
0.000316877 5.5 15 -15
0.00083173 6 14.5 -15.5
0.00038337 6.5 14 -15.5
0.000207145 5.5 15 -15.5
8.96456e-05 5.5 15 -16
0.000304042 6 14.5 -16.5
0.000119142 6.5 14 -16.5
0.000123676 6 14.5 -17
2.31043e-05 6 14.5 -17.5
4.57043e-05 6.5 14 -17
0.000557415 6 14.5 -16
0.000228177 6.5 14 -16
0.00106864 6 14.5 -15
0.000566521 6.5 14 -15
0.00119579 6 14.5 -14
0.000773556 6.5 14 -14
0.000669889 6.5 14 -13
0.000355177 6.5 14 -12
3.2622e-05 6.5 14.5 -9.5
2.91512e-05 7 14 -10
8.71443e-05 6.5 14.5 -10
5.30994e-05 7 14 -10.5
2.09497e-05 6 15 -10
0.000193395 6.5 14.5 -10.5
5.63456e-05 6 15 -10.5
0.000330767 6.5 14.5 -11
0.000122461 6 15 -11
0.000507212 6.5 14.5 -11.5
0.000140947 7 14 -11.5
0.000244073 6 15 -11.5
0.000700702 6.5 14.5 -12
0.000408883 6 15 -12
0.000872871 6.5 14.5 -12.5
0.000199623 7 14 -12.5
3.47802e-05 5.5 15.5 -12
0.000615271 6 15 -12.5
5.604e-05 5.5 15.5 -12.5
0.000823946 6 15 -13
0.00106419 6.5 14.5 -13.5
0.000149414 7 14 -13.5
7.9428e-05 5.5 15.5 -13
0.000986704 6 15 -13.5
9.66539e-05 5.5 15.5 -13.5
0.00104751 6 15 -14
0.000900333 6.5 14.5 -14.5
5.47265e-05 7 14 -14.5
0.000105974 5.5 15.5 -14
0.000931694 6 15 -14.5
8.47822e-05 5.5 15.5 -14.5
0.000744692 6 15 -15
3.34989e-05 5.5 15.5 -15
0.000497709 6 15 -15.5
0.000461668 6.5 14.5 -15.5
0.000276207 6 15 -16
4.55865e-05 6.5 14.5 -17
0.000112004 6 15 -16.5
0.000127692 6.5 14.5 -16.5
0.000267527 6.5 14.5 -16
0.000687728 6.5 14.5 -15
0.00103847 6.5 14.5 -14
0.00010335 7 14 -14
0.000979501 6.5 14.5 -13
0.000185965 7 14 -13
0.000180421 7 14 -12
4.12873e-05 7 14.5 -9
3.67897e-05 6.5 15 -9
8.08984e-05 7 14.5 -9.5
9.64959e-05 6.5 15 -9.5
0.000200535 6.5 15 -10
2.54217e-05 7.5 14 -10.5
2.35223e-05 6 15.5 -10
0.000364103 6.5 15 -10.5
2.74374e-05 7.5 14 -11
5.23585e-05 6 15.5 -10.5
0.000584624 6.5 15 -11
0.000402046 7 14.5 -11.5
2.07977e-05 7.5 14 -11.5
0.00010369 6 15.5 -11
0.000787188 6.5 15 -11.5
0.000185208 6 15.5 -11.5
0.000957726 6.5 15 -12
0.000305663 6 15.5 -12
0.00108963 6.5 15 -12.5
0.000500344 7 14.5 -12.5
0.000436523 6 15.5 -12.5
0.00115221 6.5 15 -13
0.000549671 6 15.5 -13
0.00109727 6.5 15 -13.5
0.000415478 7 14.5 -13.5
0.000614169 6 15.5 -13.5
0.00100255 6.5 15 -14
0.000589653 6 15.5 -14
0.000831586 6.5 15 -14.5
0.000186589 7 14.5 -14.5
0.000460988 6 15.5 -14.5
0.00030253 6 15.5 -15
4.00409e-05 7 14.5 -15.5
0.000611273 6.5 15 -15
0.000154992 6 15.5 -15.5
4.63975e-05 6 15.5 -16
0.000205193 6.5 15 -16
8.53549e-05 6.5 15 -16.5
0.000385826 6.5 15 -15.5
9.43917e-05 7 14.5 -15
0.000302626 7 14.5 -14
0.00048287 7 14.5 -13
2.04122e-05 7 15 -7.5
4.12352e-05 7 15 -8
0.000468494 7 14.5 -12
8.68753e-05 7 15 -8.5
2.73695e-05 7.5 14.5 -8.5
2.3341e-05 6.5 15.5 -8.5
0.000163485 7 15 -9
4.26059e-05 7.5 14.5 -9
5.07209e-05 6.5 15.5 -9
0.000252915 7 15 -9.5
0.000104882 6.5 15.5 -9.5
0.000365576 7 15 -10
0.000211538 6.5 15.5 -10
0.000488559 7 15 -10.5
0.000370226 6.5 15.5 -10.5
3.92219e-05 6 16 -10.5
0.000567096 6.5 15.5 -11
9.64494e-05 7.5 14.5 -11.5
0.000604734 7 15 -11
6.79901e-05 6 16 -11
0.000762154 6.5 15.5 -11.5
6.83265e-05 7.5 14.5 -12
0.000109695 6 16 -11.5
0.000938035 6.5 15.5 -12
4.27721e-05 7.5 14.5 -12.5
0.00081213 7 15 -12
0.000159595 6 16 -12
0.00103777 6.5 15.5 -12.5
0.000204917 6 16 -12.5
0.00107394 6.5 15.5 -13
0.000792567 7 15 -13
0.000234156 6 16 -13
0.000986052 6.5 15.5 -13.5
0.000231164 6 16 -13.5
0.000823532 6.5 15.5 -14
0.000505808 7 15 -14
0.000172941 6 16 -14
0.000612886 6.5 15.5 -14.5
9.23134e-05 6 16 -14.5
0.000402924 6.5 15.5 -15
0.000192699 7 15 -15
2.35648e-05 6 16 -15
0.000221035 6.5 15.5 -15.5
9.12018e-05 6.5 15.5 -16
4.0205e-05 7 15 -16
2.11638e-05 6.5 15.5 -16.5
9.79758e-05 7 15 -15.5
0.000332887 7 15 -14.5
0.000678538 7 15 -13.5
2.76619e-05 7.5 15 -6.5
0.000850397 7 15 -12.5
0.000726958 7 15 -11.5
4.20061e-05 7.5 15 -7
2.3037e-05 7 15.5 -7
6.00614e-05 7.5 15 -7.5
4.86755e-05 7 15.5 -7.5
8.68502e-05 7.5 15 -8
0.000103137 7 15.5 -8
0.0001237 7.5 15 -8.5
0.000193168 7 15.5 -8.5
0.000170485 7.5 15 -9
2.38451e-05 6.5 16 -8.5
0.000324843 7 15.5 -9
0.000233557 7.5 15 -9.5
4.84912e-05 6.5 16 -9
0.00049263 7 15.5 -9.5
9.72624e-05 6.5 16 -9.5
0.000641408 7 15.5 -10
0.000185486 6.5 16 -10
0.000787882 7 15.5 -10.5
0.000317731 6.5 16 -10.5
0.000923954 7 15.5 -11
0.000339897 7.5 15 -11
0.000461211 6.5 16 -11
0.000987753 7 15.5 -11.5
3.1748e-05 6 16.5 -11
0.000608419 6.5 16 -11.5
0.000983448 7 15.5 -12
0.000262465 7.5 15 -12
4.26819e-05 6 16.5 -11.5
0.000730512 6.5 16 -12
4.98461e-05 6 16.5 -12
0.000784347 6.5 16 -12.5
0.000117918 7.5 15 -13
0.000970162 7 15.5 -12.5
4.76202e-05 6 16.5 -12.5
0.000775415 6.5 16 -13
5.83185e-05 7.5 15 -13.5
3.33828e-05 6 16.5 -13
0.000647853 6.5 16 -13.5
0.000702167 7 15.5 -13.5
0.000481521 6.5 16 -14
0.000337279 7 15.5 -14.5
0.000307822 6.5 16 -14.5
0.000154486 6.5 16 -15
5.38362e-05 6.5 16 -15.5
9.55167e-05 7 15.5 -15.5
3.7922e-05 7 15.5 -16
0.000194238 7 15.5 -15
0.000515053 7 15.5 -14
2.2645e-05 8 15 -5
0.000877762 7 15.5 -13
2.54063e-05 8 15 -5.5
3.25145e-05 7.5 15.5 -5.5
3.00602e-05 8 15 -6
5.26423e-05 7.5 15.5 -6
8.16189e-05 7.5 15.5 -6.5
3.6206e-05 8 15 -6.5
4.33564e-05 8 15 -7
0.000127846 7.5 15.5 -7
0.000195749 7.5 15 -12.5
0.000313799 7.5 15 -11.5
2.84339e-05 7 16 -7
0.00018614 7.5 15.5 -7.5
5.51547e-05 8 15 -7.5
5.52339e-05 7 16 -7.5
0.000248063 7.5 15.5 -8
6.8255e-05 8 15 -8
0.000108864 7 16 -8
0.00020626 7 16 -8.5
8.86351e-05 8 15 -9
0.000326892 7.5 15.5 -8.5
0.0003359 7 16 -9
8.17869e-05 8 15 -9.5
0.00040967 7.5 15.5 -9
3.91542e-05 6.5 16.5 -9
0.000491663 7 16 -9.5
6.44642e-05 8 15 -10
0.00048577 7.5 15.5 -9.5
7.08619e-05 6.5 16.5 -9.5
0.000662175 7 16 -10
0.000625192 7.5 15.5 -10.5
4.51893e-05 8 15 -10.5
0.000120736 6.5 16.5 -10
0.000838655 7 16 -10.5
0.000185713 6.5 16.5 -10.5
0.000933431 7 16 -11
0.000264304 6.5 16.5 -11
0.000978385 7 16 -11.5
0.000593122 7.5 15.5 -11.5
0.000335664 6.5 16.5 -11.5
0.000967255 7 16 -12
0.000372121 6.5 16.5 -12
0.00089837 7 16 -12.5
0.000390985 7.5 15.5 -12.5
0.00037808 6.5 16.5 -12.5
0.000754196 7 16 -13
0.000322845 6.5 16.5 -13
0.00059176 7 16 -13.5
0.000161505 7.5 15.5 -13.5
0.000235241 6.5 16.5 -13.5
0.00013519 6.5 16.5 -14
3.48601e-05 7.5 15.5 -14.5
0.000415799 7 16 -14
0.000129521 7 16 -15
5.15071e-05 7 16 -15.5
4.85156e-05 6.5 16.5 -14.5
0.000254574 7 16 -14.5
2.11478e-05 8.5 15 -3
2.23266e-05 8.5 15 -3.5
2.47102e-05 8 15.5 -3.5
2.25985e-05 8.5 15 -4
7.76881e-05 7.5 15.5 -14
3.75084e-05 8 15.5 -4
2.18245e-05 8.5 15 -4.5
5.54761e-05 8 15.5 -4.5
7.77985e-05 8 15.5 -5
2.1645e-05 8.5 15 -5
0.00026279 7.5 15.5 -13
2.22378e-05 8.5 15 -5.5
2.03227e-05 7.5 16 -5
9.95561e-05 8 15.5 -5.5
3.6245e-05 7.5 16 -5.5
0.00011798 8 15.5 -6
2.27345e-05 8.5 15 -6
0.000510024 7.5 15.5 -12
6.88635e-05 7.5 16 -6
0.000139056 8 15.5 -6.5
2.32398e-05 8.5 15 -6.5
0.000127362 7.5 16 -6.5
2.37666e-05 8.5 15 -7
0.00016152 8 15.5 -7
0.000640443 7.5 15.5 -11
0.000210172 7.5 16 -7
0.00018632 8 15.5 -7.5
2.7072e-05 7 16.5 -7
0.000319854 7.5 16 -7.5
5.20835e-05 7 16.5 -7.5
0.000453292 7.5 16 -8
0.000223038 8 15.5 -8
0.000100512 7 16.5 -8
0.000562987 7.5 16 -8.5
0.000251658 8 15.5 -8.5
0.000183001 7 16.5 -8.5
0.000674087 7.5 16 -9
0.000298387 7 16.5 -9
0.000776027 7.5 16 -9.5
0.000434043 7 16.5 -9.5
0.000828115 7.5 16 -10
3.90757e-05 6.5 17 -9.5
0.000589252 7 16.5 -10
0.000836102 7.5 16 -10.5
0.000172318 8 15.5 -10.5
5.87372e-05 6.5 17 -10
0.000731756 7 16.5 -10.5
0.000857164 7.5 16 -11
7.93461e-05 6.5 17 -10.5
0.000819229 7 16.5 -11
0.000792712 7.5 16 -11.5
6.40093e-05 8 15.5 -11.5
9.70527e-05 6.5 17 -11
0.00084102 7 16.5 -11.5
0.000107266 6.5 17 -11.5
0.000786639 7 16.5 -12
0.000676814 7.5 16 -12
9.76651e-05 6.5 17 -12
0.000667851 7 16.5 -12.5
6.99425e-05 6.5 17 -12.5
0.000518189 7 16.5 -13
0.000390605 7.5 16 -13
3.73515e-05 6.5 17 -13
0.000226179 7 16.5 -14
0.000142263 7.5 16 -14
4.19413e-05 7 16.5 -15
2.02341e-05 7.5 16 -15
2.34813e-05 9 15 -1
2.40194e-05 9 15 -1.5
0.000112014 7 16.5 -14.5
2.30885e-05 9 15 -2
3.50284e-05 8.5 15.5 -2
2.2198e-05 9 15 -2.5
5.14278e-05 8.5 15.5 -2.5
6.82301e-05 7.5 16 -14.5
2.0855e-05 9 15 -3
6.85506e-05 8.5 15.5 -3
0.000367627 7 16.5 -13.5
8.13009e-05 8.5 15.5 -3.5
2.9721e-05 8 16 -3.5
8.49683e-05 8.5 15.5 -4
0.000249721 7.5 16 -13.5
5.43477e-05 8 16 -4
8.82282e-05 8.5 15.5 -4.5
9.39481e-05 8 16 -4.5
0.000143329 8 16 -5
9.05929e-05 8.5 15.5 -5
0.000538797 7.5 16 -12.5
9.45776e-05 8.5 15.5 -5.5
0.00019456 8 16 -5.5
3.57556e-05 7.5 16.5 -5.5
0.000247217 8 16 -6
9.99953e-05 8.5 15.5 -6
6.66263e-05 7.5 16.5 -6
0.000296777 8 16 -6.5
0.000101533 8.5 15.5 -6.5
0.000122252 7.5 16.5 -6.5
9.85248e-05 8.5 15.5 -7
0.000208829 7.5 16.5 -7
8.99953e-05 8.5 15.5 -7.5
0.000350986 8 16 -7
0.00031881 7.5 16.5 -7.5
7.30051e-05 8.5 15.5 -8
0.000399565 8 16 -7.5
0.000442683 8 16 -8
4.00204e-05 7 17 -7.5
0.000450105 7.5 16.5 -8
0.000500471 8 16 -8.5
5.59169e-05 8.5 15.5 -8.5
6.97531e-05 7 17 -8
0.000594534 7.5 16.5 -8.5
0.000526164 8 16 -9
3.46143e-05 8.5 15.5 -9
0.000117351 7 17 -8.5
0.000733094 7.5 16.5 -9
0.000187205 7 17 -9
0.000814717 7.5 16.5 -9.5
0.000282105 7 17 -9.5
0.000860021 7.5 16.5 -10
0.000474561 8 16 -10
0.000376321 7 17 -10
0.000873653 7.5 16.5 -10.5
0.000449277 7 17 -10.5
0.000829812 7.5 16.5 -11
0.000306797 8 16 -11
0.000481991 7 17 -11
0.000466471 7 17 -11.5
0.00011098 8 16 -12
0.000401688 7 17 -12
5.21215e-05 8 16 -12.5
0.000647678 7.5 16.5 -12
0.000306803 7 17 -12.5
0.000206252 7 17 -13
0.000358153 7.5 16.5 -13
4.48307e-05 7 17 -14
0.000125685 7.5 16.5 -14
2.621e-05 9.5 15 0.5
2.72879e-05 9.5 15 0
2.07712e-05 9 15.5 0
2.62391e-05 9.5 15 -0.5
4.40935e-05 9 15.5 -0.5
2.19653e-05 9.5 15 -1
6.08853e-05 9 15.5 -1
7.64981e-05 9 15.5 -1.5
5.53832e-05 7.5 16.5 -14.5
0.000115734 7 17 -13.5
8.41872e-05 9 15.5 -2
4.48699e-05 8.5 16 -2
8.54801e-05 9 15.5 -2.5
7.33455e-05 8.5 16 -2.5
8.39362e-05 9 15.5 -3
0.000227464 7.5 16.5 -13.5
0.000107695 8.5 16 -3
7.64722e-05 9 15.5 -3.5
0.000144395 8.5 16 -3.5
0.000505054 7.5 16.5 -12.5
6.83413e-05 9 15.5 -4
2.83211e-05 8 16.5 -3.5
0.000177618 8.5 16 -4
4.99473e-05 8 16.5 -4
0.000201356 8.5 16 -4.5
5.84165e-05 9 15.5 -4.5
0.000763262 7.5 16.5 -11.5
8.56234e-05 8 16.5 -4.5
0.000221625 8.5 16 -5
5.00901e-05 9 15.5 -5
0.000142265 8 16.5 -5
0.000233678 8.5 16 -5.5
4.0822e-05 9 15.5 -5.5
0.000199059 8 16 -11.5
0.000223793 8 16.5 -5.5
0.00024371 8.5 16 -6
3.0562e-05 9 15.5 -6
3.01347e-05 7.5 17 -5.5
0.000327449 8 16.5 -6
0.000260867 8.5 16 -6.5
5.48063e-05 7.5 17 -6
0.000441238 8 16.5 -6.5
0.000266116 8.5 16 -7
9.98061e-05 7.5 17 -6.5
0.000526464 8 16.5 -7
0.000404369 8 16 -10.5
0.000174163 7.5 17 -7
0.000603409 8 16.5 -7.5
0.0002528 8.5 16 -7.5
0.000273818 7.5 17 -7.5
0.000665194 8 16.5 -8
0.000228883 8.5 16 -8
0.000390424 7.5 17 -8
3.69131e-05 7 17.5 -8
0.000526316 7.5 17 -8.5
0.000138274 8.5 16 -9
0.000711811 8 16.5 -9
0.000698868 8 16.5 -8.5
5.62184e-05 7 17.5 -8.5
0.00065896 7.5 17 -9
0.000725483 8 16.5 -9.5
8.61699e-05 8.5 16 -9.5
8.3464e-05 7 17.5 -9
0.000743394 7.5 17 -9.5
0.000679547 8 16.5 -10
4.25872e-05 8.5 16 -10
0.000115449 7 17.5 -9.5
0.000775278 7.5 17 -10
0.000144879 7 17.5 -10
0.000759235 7.5 17 -10.5
0.000159926 7 17.5 -10.5
0.000693683 7.5 17 -11
0.000480431 8 16.5 -11
0.000150744 7 17.5 -11
0.000610551 7.5 17 -11.5
0.00012038 7 17.5 -11.5
0.000489507 7.5 17 -12
0.00022645 8 16.5 -12
7.71642e-05 7 17.5 -12
0.00035209 7.5 17 -12.5
3.58725e-05 7 17.5 -12.5
0.000227195 7.5 17 -13
6.89357e-05 8 16.5 -13
5.92716e-05 7.5 17 -14
2.19747e-05 10 15 1
2.95301e-05 9.5 15.5 1
2.44017e-05 10 15 0.5
6.21076e-05 9.5 15.5 0.5
8.17937e-05 9.5 15.5 0
2.09167e-05 9 16 0
8.65683e-05 9.5 15.5 -0.5
5.05739e-05 9 16 -0.5
8.58144e-05 9.5 15.5 -1
8.14394e-05 9 16 -1
7.83448e-05 9.5 15.5 -1.5
0.000132269 7.5 17 -13.5
0.000118608 9 16 -1.5
7.06673e-05 9.5 15.5 -2
0.000153861 9 16 -2
3.65836e-05 8.5 16.5 -2
5.8657e-05 9.5 15.5 -2.5
0.000169218 9 16 -2.5
6.43434e-05 8.5 16.5 -2.5
4.47311e-05 9.5 15.5 -3
0.000175389 9 16 -3
2.76387e-05 8 16.5 -13.5
0.000109625 8.5 16.5 -3
3.06553e-05 9.5 15.5 -3.5
0.000170223 8.5 16.5 -3.5
0.00017547 9 16 -3.5
0.000172022 9 16 -4
0.000138399 8 16.5 -12.5
0.000239383 8.5 16.5 -4
3.99762e-05 8 17 -4
0.000308719 8.5 16.5 -4.5
0.000172296 9 16 -4.5
7.19255e-05 8 17 -4.5
0.000351807 8.5 16.5 -5
0.000159612 9 16 -5
0.000127823 8 17 -5
0.000390966 8.5 16.5 -5.5
0.000141079 9 16 -5.5
0.000347009 8 16.5 -11.5
0.00020845 8 17 -5.5
0.000116721 9 16 -6
0.000424104 8.5 16.5 -6
0.000593149 8 16.5 -10.5
0.000308142 8 17 -6
0.000441652 8.5 16.5 -6.5
8.69671e-05 9 16 -6.5
3.62908e-05 7.5 17.5 -6
0.000419867 8 17 -6.5
0.00046657 8.5 16.5 -7
5.76332e-05 9 16 -7
6.21626e-05 7.5 17.5 -6.5
0.000527797 8 17 -7
0.00010395 7.5 17.5 -7
0.000618175 8 17 -7.5
0.000471802 8.5 16.5 -7.5
0.000167748 7.5 17.5 -7.5
0.000683559 8 17 -8
0.000251334 7.5 17.5 -8
0.000722526 8 17 -8.5
0.000336018 7.5 17.5 -8.5
0.000731931 8 17 -9
0.000409707 7.5 17.5 -9
0.000464568 7.5 17.5 -9.5
0.000156504 8.5 16.5 -10
0.000488226 7.5 17.5 -10
7.90366e-05 8.5 16.5 -10.5
0.00067309 8 17 -10
0.000471318 7.5 17.5 -10.5
0.000473977 8 17 -11
2.0514e-05 8.5 16.5 -11
0.000408341 7.5 17.5 -11
0.000326818 7.5 17.5 -11.5
0.000234092 7.5 17.5 -12
0.000252204 8 17 -12
0.000145042 7.5 17.5 -12.5
7.57484e-05 7.5 17.5 -13
8.95339e-05 8 17 -13
2.09419e-05 7.5 17.5 -13.5
3.91946e-05 10 15.5 1.5
7.11316e-05 10 15.5 1
3.00679e-05 9.5 16 1
7.8278e-05 10 15.5 0.5
7.00939e-05 9.5 16 0.5
7.68273e-05 10 15.5 0
0.000105264 9.5 16 0
6.58891e-05 10 15.5 -0.5
0.000136657 9.5 16 -0.5
4.01371e-05 9 16.5 -0.5
4.84712e-05 10 15.5 -1
0.000151442 9.5 16 -1
7.46131e-05 9 16.5 -1
3.16617e-05 10 15.5 -1.5
0.000155315 9.5 16 -1.5
4.35349e-05 8 17 -13.5
0.00012098 9 16.5 -1.5
0.000151736 9.5 16 -2
0.000175537 9 16.5 -2
0.000146392 9.5 16 -2.5
2.70911e-05 8.5 17 -2
0.000228221 9 16.5 -2.5
0.000159581 8 17 -12.5
5.23645e-05 8.5 17 -2.5
0.000261708 9 16.5 -3
0.000126684 9.5 16 -3
9.22258e-05 8.5 17 -3
0.000284368 9 16.5 -3.5
0.000103125 9.5 16 -3.5
0.000149115 8.5 17 -3.5
0.000298992 9 16.5 -4
7.70382e-05 9.5 16 -4
0.000357098 8 17 -11.5
0.000220039 8.5 17 -4
5.05327e-05 9.5 16 -4.5
0.000300005 8.5 17 -4.5
2.80262e-05 9.5 16 -5
0.000303462 9 16.5 -4.5
0.000310581 9 16.5 -5
0.00058635 8 17 -10.5
4.80769e-05 8 17.5 -4.5
0.000391153 8.5 17 -5
0.000716571 8 17 -9.5
8.59562e-05 8 17.5 -5
0.000473695 8.5 17 -5.5
0.000299608 9 16.5 -5.5
0.000149421 8 17.5 -5.5
0.000533388 8.5 17 -6
0.000273942 9 16.5 -6
0.00023428 8 17.5 -6
0.000573605 8.5 17 -6.5
0.000235604 9 16.5 -6.5
0.000331655 8 17.5 -6.5
2.61796e-05 7.5 18 -6.5
0.000440731 8 17.5 -7
0.000119499 9 16.5 -7.5
0.000590532 8.5 17 -7
4.65085e-05 7.5 18 -7
0.000544805 8 17.5 -7.5
6.45285e-05 9 16.5 -8
7.04213e-05 7.5 18 -7.5
0.000611227 8 17.5 -8
2.9073e-05 9 16.5 -8.5
9.99132e-05 7.5 18 -8
0.000641837 8 17.5 -8.5
0.000128073 7.5 18 -8.5
0.000651972 8 17.5 -9
0.000481948 8.5 17 -9
0.000146824 7.5 18 -9
0.000616233 8 17.5 -9.5
0.000158554 7.5 18 -9.5
0.000548318 8 17.5 -10
0.000263666 8.5 17 -10
0.00016013 7.5 18 -10
0.00014302 7.5 18 -10.5
0.000100401 8.5 17 -11
0.000453415 8 17.5 -10.5
0.000106263 7.5 18 -11
4.66635e-05 8.5 17 -11.5
6.12602e-05 7.5 18 -11.5
0.000275708 8 17.5 -11.5
2.1027e-05 7.5 18 -12
0.00011093 8 17.5 -12.5
3.79091e-05 10.5 15.5 1.5
4.6563e-05 10 16 1.5
4.71175e-05 10.5 15.5 1
9.34088e-05 10 16 1
4.37408e-05 10.5 15.5 0.5
0.000118348 10 16 0.5
5.42612e-05 9.5 16.5 0.5
2.73607e-05 10.5 15.5 0
0.000126756 10 16 0
9.87216e-05 9.5 16.5 0
0.000127248 10 16 -0.5
5.56846e-05 8 17.5 -13
0.000148561 9.5 16.5 -0.5
0.000118207 10 16 -1
0.000188692 9.5 16.5 -1
5.27252e-05 9 17 -1
9.72811e-05 10 16 -1.5
0.00021578 9.5 16.5 -1.5
9.30773e-05 9 17 -1.5
0.000230863 9.5 16.5 -2
7.29571e-05 10 16 -2
0.000185935 8 17.5 -12
0.000148779 9 17 -2
4.63452e-05 10 16 -2.5
0.000233601 9.5 16.5 -2.5
0.000214047 9 17 -2.5
2.39201e-05 10 16 -3
0.000366321 8 17.5 -11
2.88954e-05 8.5 17.5 -2.5
0.000281035 9 17 -3
0.000234381 9.5 16.5 -3
5.80448e-05 8.5 17.5 -3
0.000338254 9 17 -3.5
0.000215754 9.5 16.5 -3.5
0.000101594 8.5 17.5 -3.5
0.000380429 9 17 -4
0.000185988 9.5 16.5 -4
0.000167675 8.5 17.5 -4
0.000149913 9.5 16.5 -4.5
0.000253266 8.5 17.5 -4.5
0.000108184 9.5 16.5 -5
0.000411276 9 17 -4.5
0.00042773 9 17 -5
0.000169102 8.5 17 -10.5
0.000349602 8.5 17.5 -5
0.00043708 9 17 -5.5
6.9412e-05 9.5 16.5 -5.5
4.48704e-05 8 18 -5
0.000443722 8.5 17.5 -5.5
0.000433988 9 17 -6
3.59031e-05 9.5 16.5 -6
7.49814e-05 8 18 -5.5
0.000509426 8.5 17.5 -6
0.000120108 8 18 -6
0.000558975 8.5 17.5 -6.5
0.000385614 9 17 -6.5
0.000182966 8 18 -6.5
0.000585538 8.5 17.5 -7
0.000332666 9 17 -7
0.000255557 8 18 -7
0.000590141 8.5 17.5 -7.5
0.000319439 8 18 -7.5
0.000578216 8.5 17.5 -8
0.000371039 8 18 -8
0.000402788 8 18 -8.5
6.08604e-05 9 17 -9
0.000409065 8 18 -9
0.000366982 8 18 -9.5
0.000393374 8.5 17.5 -9.5
0.000313028 8 18 -10
0.000249358 8 18 -10.5
0.000224365 8.5 17.5 -10.5
0.00018467 8 18 -11
0.000121057 8 18 -11.5
8.46001e-05 8.5 17.5 -11.5
6.80685e-05 8 18 -12
2.40339e-05 8 18 -12.5
6.00711e-05 10.5 16 1.5
3.68081e-05 10 16.5 1.5
8.27406e-05 10.5 16 1
8.69283e-05 10 16.5 1
8.64629e-05 10.5 16 0.5
0.000128391 10 16.5 0.5
2.26046e-05 9.5 17 0.5
7.19208e-05 10.5 16 0
0.000153381 10 16.5 0
6.72167e-05 9.5 17 0
4.92359e-05 10.5 16 -0.5
0.000168354 10 16.5 -0.5
0.000118727 9.5 17 -0.5
2.73454e-05 10.5 16 -1
0.000177033 9.5 17 -1
0.000173826 10 16.5 -1
0.000172335 10 16.5 -1.5
0.000226263 9.5 17 -1.5
5.2891e-05 9 17.5 -1.5
0.000262616 9.5 17 -2
0.000148552 10 16.5 -2
4.3709e-05 8.5 17.5 -12
9.93293e-05 9 17.5 -2
0.000288568 9.5 17 -2.5
0.000118284 10 16.5 -2.5
0.000164557 9 17.5 -2.5
8.08662e-05 10 16.5 -3
0.000240143 9 17.5 -3
4.45909e-05 10 16.5 -3.5
0.0003009 9.5 17 -3
0.00030704 9.5 17 -3.5
0.000144689 8.5 17.5 -11
2.5387e-05 8.5 18 -3
0.000312868 9 17.5 -3.5
0.000311832 8.5 17.5 -10
5.00115e-05 8.5 18 -3.5
0.000369275 9 17.5 -4
0.000301763 9.5 17 -4
8.89254e-05 8.5 18 -4
0.000413438 9 17.5 -4.5
0.000272415 9.5 17 -4.5
0.000150656 8.5 18 -4.5
0.000444374 9 17.5 -5
0.0002347 9.5 17 -5
0.000228191 8.5 18 -5
0.00030907 8.5 18 -5.5
0.000117693 9.5 17 -6
0.000456316 9 17.5 -5.5
0.000180524 9.5 17 -5.5
0.000471088 9 17.5 -6
0.000479133 8.5 17.5 -9
0.000545183 8.5 17.5 -8.5
0.000388674 8.5 18 -6
0.000472304 9 17.5 -6.5
6.03502e-05 9.5 17 -6.5
3.91795e-05 8 18.5 -6
0.000450197 8.5 18 -6.5
0.000433267 9 17.5 -7
5.98755e-05 8 18.5 -6.5
0.000482387 8.5 18 -7
8.0622e-05 8 18.5 -7
0.000492568 8.5 18 -7.5
0.000102231 8 18.5 -7.5
0.000474474 8.5 18 -8
0.00029865 9 17.5 -8
0.000120843 8 18.5 -8
0.000432298 8.5 18 -8.5
0.000129933 8 18.5 -8.5
0.000378439 8.5 18 -9
0.0001267 9 17.5 -9
0.000118668 8 18.5 -9
9.52951e-05 8 18.5 -9.5
3.26221e-05 9 17.5 -10
7.19796e-05 8 18.5 -10
0.000250083 8.5 18 -10
5.09089e-05 8 18.5 -10.5
0.000113559 8.5 18 -11
2.14719e-05 8 18.5 -11
3.00958e-05 8.5 18 -12
2.34467e-05 11 16 1.5
6.13542e-05 10.5 16.5 1.5
2.62301e-05 11 16 1
4.59111e-05 10 17 1
9.57129e-05 10.5 16.5 1
0.000108198 10.5 16.5 0.5
9.79361e-05 10 17 0.5
0.000146211 10 17 0
0.000110573 10.5 16.5 0
2.23424e-05 9.5 17.5 0
9.48902e-05 10.5 16.5 -0.5
0.000179058 10 17 -0.5
6.48338e-05 9.5 17.5 -0.5
0.000199342 10 17 -1
6.90804e-05 10.5 16.5 -1
0.000118826 9.5 17.5 -1
4.09113e-05 10.5 16.5 -1.5
6.25693e-05 8.5 18 -11.5
0.000211566 10 17 -1.5
0.00018279 9.5 17.5 -1.5
0.000238163 9.5 17.5 -2
0.000214386 10 17 -2
4.69838e-05 9 18 -2
0.00027958 9.5 17.5 -2.5
0.000194527 10 17 -2.5
0.000178435 8.5 18 -10.5
8.71528e-05 9 18 -2.5
0.000163658 10 17 -3
0.000143321 9 18 -3
0.000122406 10 17 -3.5
0.000310632 9.5 17.5 -3
0.000318029 8.5 18 -9.5
0.00033115 9.5 17.5 -3.5
0.000213423 9 18 -3.5
0.000346194 9.5 17.5 -4
7.99502e-05 10 17 -4
0.000288304 9 18 -4
0.000348151 9.5 17.5 -4.5
4.2807e-05 10 17 -4.5
3.00227e-05 8.5 18.5 -4
0.000352498 9 18 -4.5
5.85554e-05 8.5 18.5 -4.5
0.000395662 9 18 -5
0.000318299 9.5 17.5 -5
9.2411e-05 8.5 18.5 -5
0.000422336 9 18 -5.5
0.000269058 9.5 17.5 -5.5
0.00013254 8.5 18.5 -5.5
0.000431011 9 18 -6
0.000179966 8.5 18.5 -6
0.000225564 8.5 18.5 -6.5
9.51186e-05 9.5 17.5 -7
0.000428642 9 18 -6.5
0.00026081 8.5 18.5 -7
4.6668e-05 9.5 17.5 -7.5
0.000408454 9 18 -7
0.000275715 8.5 18.5 -7.5
0.000267273 8.5 18.5 -8
0.000237212 8.5 18.5 -8.5
0.000201797 8.5 18.5 -9
0.000169769 9 18 -9
0.000160929 8.5 18.5 -9.5
0.000117923 8.5 18.5 -10
6.57638e-05 9 18 -10
7.559e-05 8.5 18.5 -10.5
2.39433e-05 10.5 17 1.5
3.2708e-05 11 16.5 1.5
7.21112e-05 10.5 17 1
4.04223e-05 11 16.5 1
3.50305e-05 11 16.5 0.5
0.000108037 10.5 17 0.5
4.60343e-05 10 17.5 0.5
9.36937e-05 10 17.5 0
0.000124431 10.5 17 0
4.16037e-05 8.5 18.5 -11
0.000143105 10 17.5 -0.5
0.000127841 10.5 17 -0.5
0.000182119 10 17.5 -1
0.000116162 10.5 17 -1
5.14002e-05 9.5 18 -1
9.27769e-05 10.5 17 -1.5
0.000208251 10 17.5 -1.5
9.93928e-05 9.5 18 -1.5
0.000224523 10 17.5 -2
6.25357e-05 10.5 17 -2
0.000160128 9.5 18 -2
3.34657e-05 10.5 17 -2.5
3.46552e-05 9 18 -10.5
0.000219202 9.5 18 -2.5
0.000232426 10 17.5 -2.5
2.34234e-05 9 18.5 -2.5
0.000265373 9.5 18 -3
0.000220083 10 17.5 -3
5.21429e-05 9 18.5 -3
0.000299577 9.5 18 -3.5
0.000192248 10 17.5 -3.5
8.67183e-05 9 18.5 -3.5
0.000138258 9 18.5 -4
0.000105426 10 17.5 -4.5
0.000317671 9.5 18 -4
0.000198537 9 18.5 -4.5
5.7923e-05 10 17.5 -5
0.000324545 9.5 18 -4.5
0.000152872 10 17.5 -4
0.000111744 9 18 -9.5
0.000249553 9 18.5 -5
0.000321521 9.5 18 -5
0.000280717 9 18.5 -5.5
0.000299254 9.5 18 -5.5
0.000298853 9 18.5 -6
3.08703e-05 8.5 19 -6
0.000304471 9 18.5 -6.5
4.58566e-05 8.5 19 -6.5
0.000288745 9 18.5 -7
0.000159055 9.5 18 -7
5.92084e-05 8.5 19 -7
6.29456e-05 8.5 19 -7.5
4.99739e-05 9.5 18 -8
5.67612e-05 8.5 19 -8
4.58275e-05 8.5 19 -8.5
0.000183146 9 18.5 -8.5
3.33394e-05 8.5 19 -9
2.01501e-05 8.5 19 -9.5
9.09909e-05 9 18.5 -9.5
2.85737e-05 9 18.5 -10.5
2.02624e-05 11 17 1.5
2.46289e-05 10.5 17.5 1
4.23316e-05 11 17 1
4.85155e-05 11 17 0.5
6.93198e-05 10.5 17.5 0.5
0.000102955 10.5 17.5 0
3.86637e-05 11 17 0
3.12527e-05 10 18 0
2.46418e-05 11 17 -0.5
7.21913e-05 10 18 -0.5
0.000124679 10.5 17.5 -0.5
0.000117856 10 18 -1
0.000132055 10.5 17.5 -1
0.000158845 10 18 -1.5
0.000125195 10.5 17.5 -1.5
2.46279e-05 9.5 18.5 -1.5
0.000102082 10.5 17.5 -2
5.33776e-05 9 18.5 -10
0.000189636 10 18 -2
0.000135131 9 18.5 -9
6.12029e-05 9.5 18.5 -2
0.00020867 10 18 -2.5
7.25305e-05 10.5 17.5 -2.5
0.000104106 9.5 18.5 -2.5
0.000219057 10 18 -3
4.21483e-05 10.5 17.5 -3
0.000151353 9.5 18.5 -3
0.000216534 10 18 -3.5
0.000189553 9.5 18.5 -3.5
0.000228071 9 18.5 -8
0.000260329 9 18.5 -7.5
0.000220666 9.5 18.5 -4
0.000190941 10 18 -4
2.545e-05 9 19 -4
0.000241073 9.5 18.5 -4.5
0.000150731 10 18 -4.5
5.51157e-05 9 19 -4.5
0.000247944 9.5 18.5 -5
7.81195e-05 9 19 -5
9.80165e-05 9 19 -5.5
3.66502e-05 10 18 -6
0.000250571 9.5 18.5 -5.5
0.00011723 9 19 -6
0.000232995 9.5 18.5 -6
0.000127983 9 19 -6.5
0.000128616 9 19 -7
0.000118542 9 19 -7.5
4.54622e-05 9.5 18.5 -8.5
7.59779e-05 9 19 -8.5
2.36797e-05 9 19 -9.5
2.01543e-05 11 17.5 1
4.14783e-05 11 17.5 0.5
4.98255e-05 10.5 18 0
4.81568e-05 11 17.5 0
8.14276e-05 10.5 18 -0.5
4.19556e-05 11 17.5 -0.5
4.95665e-05 9 19 -9
0.000105033 10.5 18 -1
2.84734e-05 11 17.5 -1
3.65854e-05 10 18.5 -1
0.000117034 10.5 18 -1.5
7.42081e-05 10 18.5 -1.5
0.000100606 9 19 -8
0.000109881 10 18.5 -2
0.000117233 10.5 18 -2
0.00013981 10 18.5 -2.5
0.000100574 10.5 18 -2.5
4.0398e-05 9.5 19 -3
4.61384e-05 10.5 18 -3.5
0.000158248 10 18.5 -3
7.45814e-05 10.5 18 -3
0.000166838 10 18.5 -3.5
6.40879e-05 9.5 19 -3.5
0.00016623 10 18.5 -4
8.97132e-05 9.5 19 -4
0.000111845 9.5 19 -4.5
0.000148277 10 18.5 -4.5
0.000126288 9.5 19 -5
0.000127474 10 18.5 -5
0.000131167 9.5 19 -5.5
0.000124997 9.5 19 -6
6.47607e-05 10 18.5 -6
0.000116015 9.5 19 -6.5
3.72114e-05 10 18.5 -6.5
3.06619e-05 9.5 19 -8.5
2.66853e-05 11 18 0
3.81373e-05 11 18 -0.5
3.63749e-05 11 18 -1
4.55267e-05 10.5 18.5 -1
6.95161e-05 10.5 18.5 -1.5
2.61753e-05 11 18 -1.5
8.48845e-05 10.5 18.5 -2
2.21669e-05 10 19 -2
4.40622e-05 10 19 -2.5
8.86554e-05 10.5 18.5 -2.5
5.24478e-05 9.5 19 -8
8.10736e-05 9.5 19 -7.5
0.000103263 9.5 19 -7
6.39333e-05 10 19 -3
8.09297e-05 10.5 18.5 -3
7.83642e-05 10 19 -3.5
6.30625e-05 10.5 18.5 -3.5
8.69908e-05 10 19 -4
9.28604e-05 10 19 -4.5
8.93395e-05 10 19 -5
2.00457e-05 9.5 19.5 -5.5
2.1611e-05 9.5 19.5 -6
2.27852e-05 9.5 19.5 -6.5
2.14254e-05 9.5 19.5 -7
2.0089e-05 11 18.5 -1
2.25813e-05 11 18.5 -1.5
2.33605e-05 10.5 19 -2
3.60785e-05 10.5 19 -2.5
4.14503e-05 10.5 19 -3
4.09322e-05 10.5 19 -3.5
3.37912e-05 10.5 19 -4
2.02671e-05 10 19.5 -5
2.12808e-05 10.5 19 -4.5
3.78931e-05 10 19 -6.5
5.72082e-05 10 19 -6
7.42308e-05 10 19 -5.5
4.05228e-05 10.5 18.5 -4
9.68405e-05 10 18.5 -5.5
7.86988e-05 9.5 18.5 -8
0.000117485 9.5 18.5 -7.5
0.000157397 9.5 18.5 -7
0.000198895 9.5 18.5 -6.5
7.01522e-05 10 18 -5.5
0.000105261 10 18 -5
9.91583e-05 9.5 18 -7.5
0.000219196 9.5 18 -6.5
0.000267433 9.5 18 -6
0.000235337 9 18 -8.5
0.000298421 9 18 -8
0.000361671 9 18 -7.5
0.000149888 9.5 17.5 -6.5
0.000208647 9.5 17.5 -6
6.7882e-05 9 17.5 -9.5
0.000206883 9 17.5 -8.5
0.000376797 9 17.5 -7.5
0.000119358 9 17 -8.5
0.000188111 9 17 -8
0.000264019 9 17 -7.5
0.000383887 8.5 17 -9.5
0.000552866 8.5 17 -8.5
0.000594594 8.5 17 -8
0.000596826 8.5 17 -7.5
0.00017956 9 16.5 -7
0.000242812 8.5 16.5 -9.5
0.00032412 8.5 16.5 -9
0.000390848 8.5 16.5 -8.5
0.000438256 8.5 16.5 -8
3.13979e-05 9 16 -7.5
0.000188529 8.5 16 -8.5
0.000517018 8 16 -9.5
0.00011748 8 15.5 -11
0.000224526 8 15.5 -10
0.000259999 8 15.5 -9.5
0.000263459 8 15.5 -9
0.000573698 7.5 15.5 -10
8.12958e-05 8 15 -8.5
0.000322136 7.5 15 -10.5
0.00028662 7.5 15 -10
2.03249e-05 8 14.5 -9
0.000119941 7.5 14.5 -11
0.000112095 7.5 14.5 -10.5
9.1684e-05 7.5 14.5 -10
6.6705e-05 7.5 14.5 -9.5
0.00030836 7 14.5 -11
0.000211052 7 14.5 -10.5
0.000135868 7 14.5 -10
9.59736e-05 7 14 -11
3.24412e-05 7 13.5 -11.5
2.30338e-05 6.5 13 -12
