0.0861758
3.10982e-05 -9.5 -3 9.5
2.52489e-05 -9.5 -3 9
6.23178e-05 -10 -2.5 9.5
4.68279e-05 -10 -2.5 9
2.29984e-05 -10 -2.5 10
2.73823e-05 -9 -3 9.5
0.000316414 -9.5 -2.5 9.5
0.000777989 -10 -2 9.5
4.49678e-05 -9.5 -2.5 8.5
0.000260764 -10.5 -1.5 9.5
0.00067605 -10 -2 9
0.000171985 -9.5 -2.5 10
0.000294104 -9.5 -2.5 9
0.000291228 -10.5 -1.5 9
0.000118889 -10.5 -1.5 10
4.31053e-05 -10 -2 8.5
0.000295221 -9 -2.5 9.5
0.00246293 -9.5 -2 9.5
0.000151318 -9 -2.5 8.5
0.00600677 -10 -1.5 9.5
0.0015599 -9.5 -2 10
0.00227897 -9.5 -2 9
0.00495073 -10 -1.5 9
0.00250251 -10.5 -1 9.5
0.00507214 -10 -1.5 10
0.00073159 -9.5 -2 8.5
0.000184531 -9.5 -2 10.5
0.00208219 -10.5 -1 9
0.000202492 -11 -0.5 9.5
0.00212183 -10.5 -1 10
0.0011276 -10 -1.5 8.5
0.000875547 -10 -1.5 10.5
0.000199917 -11 -0.5 9
0.000491752 -10.5 -1 8.5
9.86281e-05 -11 -0.5 10
0.00025251 -10.5 -1 10.5
6.96502e-05 -11 -0.5 8.5
4.36478e-05 -8.5 -2.5 9
0.00206065 -9 -2 9.5
0.00202783 -9 -2 9
0.00988967 -9.5 -1.5 9.5
6.69262e-05 -8.5 -2.5 8.5
2.9795e-05 -8.5 -2.5 8
0.00110919 -9 -2 8.5
0.0155486 -10 -1 9.5
0.00909504 -9.5 -1.5 9
0.00674437 -9.5 -1.5 10
0.0135257 -10 -1 9
0.0052614 -10.5 -0.5 9.5
5.28297e-05 -9 -2 8
0.0109748 -10 -1 10
0.00431231 -9.5 -1.5 8.5
0.0014192 -9.5 -1.5 10.5
0.00476808 -10.5 -0.5 9
0.000414945 -11 0 9.5
0.00322471 -10.5 -0.5 10
0.0058192 -10 -1 8.5
0.00241804 -10 -1 10.5
0.000100997 -9.5 -1.5 11
0.000416096 -11 0 9
0.000163751 -11 0 10
0.00240115 -10.5 -0.5 8.5
0.000531891 -10.5 -0.5 10.5
0.000186071 -10 -1 11
0.000287837 -11 0 8.5
2.08312e-05 -10.5 -0.5 11
3.15313e-05 -11 0 8
0.00028817 -8.5 -2 9
0.0069785 -9 -1.5 9.5
8.99829e-05 -8.5 -2 9.5
0.000508428 -8.5 -2 8.5
0.0186964 -9.5 -1 9.5
0.00374804 -9 -1.5 10
0.00687582 -9 -1.5 9
0.0175648 -9.5 -1 9
0.000239411 -8.5 -2 8
0.0184897 -10 -0.5 9.5
0.000766992 -9 -1.5 10.5
0.0120621 -9.5 -1 10
0.00427801 -9 -1.5 8.5
0.0105766 -9.5 -1 8.5
0.0177155 -10 -0.5 9
0.00545893 -10.5 0 9.5
0.0115867 -10 -0.5 10
0.000971923 -9 -1.5 8
0.00538985 -10.5 0 9
0.000407712 -11 0.5 9.5
0.00313982 -10.5 0 10
0.00174799 -9.5 -1 8
0.0111478 -10 -0.5 8.5
0.0025145 -10 -0.5 10.5
6.989e-05 -9 -1.5 11
0.000444149 -11 0.5 9
0.0037826 -10.5 0 8.5
0.000154483 -11 0.5 10
0.000533007 -10.5 0 10.5
0.00223853 -10 -0.5 8
0.000227993 -10 -0.5 11
0.000378119 -11 0.5 8.5
0.00105342 -10.5 0 8
2.72364e-05 -10.5 0 11
0.000160552 -11 0.5 8
0.000449074 -8.5 -1.5 9.5
0.0128606 -9 -1 9.5
5.91773e-05 -8 -2 8
0.00154951 -8.5 -1.5 8.5
0.00705355 -9 -1 10
0.0210491 -9.5 -0.5 9.5
0.0128264 -9 -1 9
0.0207661 -9.5 -0.5 9
0.00081794 -8.5 -1.5 8
0.0177393 -10 0 9.5
0.00153707 -9 -1 10.5
0.0125717 -9.5 -0.5 10
0.00891113 -9 -1 8.5
0.0173109 -10 0 9
0.00496679 -10.5 0.5 9.5
0.000118592 -8.5 -1.5 7.5
0.00298957 -9 -1 8
0.0145176 -9.5 -0.5 8.5
0.0104805 -10 0 10
0.00281328 -9.5 -0.5 10.5
0.000162585 -9 -1 11
0.00501778 -10.5 0.5 9
0.011787 -10 0 8.5
0.000376009 -11 1 9.5
0.00242815 -10.5 0.5 10
0.00519165 -9.5 -0.5 8
0.00221384 -10 0 10.5
0.000290686 -9.5 -0.5 11
0.00044631 -11 1 9
0.00370566 -10.5 0.5 8.5
0.000134942 -11 1 10
0.000400364 -10.5 0.5 10.5
0.00465753 -10 0 8
0.000207926 -10 0 11
0.000362374 -11 1 8.5
0.00167365 -10.5 0.5 8
3.17111e-05 -10.5 0.5 11
0.000186341 -11 1 8
0.000197883 -10.5 0.5 7.5
5.06358e-05 -11 1 7.5
0.000152482 -10 0 7.5
0.00151157 -8.5 -1 9.5
0.0147686 -9 -0.5 9.5
0.000136428 -8 -1.5 8
0.0029007 -8.5 -1 8.5
0.0196819 -9.5 0 9.5
0.0151319 -9 -0.5 9
0.00801044 -9 -0.5 10
0.0197024 -9.5 0 9
7.71152e-05 -8 -1.5 7.5
0.0119446 -10 0.5 9.5
0.00176641 -8.5 -1 8
0.0112268 -9.5 0 10
0.011489 -9 -0.5 8.5
0.0017874 -9 -0.5 10.5
0.0122397 -10 0.5 9
0.0143008 -9.5 0 8.5
0.00208331 -10.5 1 9.5
0.0064025 -10 0.5 10
0.000410696 -8.5 -1 7.5
0.00245936 -9.5 0 10.5
0.00488589 -9 -0.5 8
0.00262156 -10.5 1 9
0.00951607 -10 0.5 8.5
0.00013738 -11 1.5 9.5
0.000813305 -10.5 1 10
0.000647163 -9 -0.5 7.5
0.00139831 -10 0.5 10.5
0.00621368 -9.5 0 8
0.000253774 -9.5 0 11
0.000233018 -11 1.5 9
0.00232269 -10.5 1 8.5
0.0045463 -10 0.5 8
3.66801e-05 -11 1.5 10
0.000157344 -10.5 1 10.5
0.000124909 -10 0.5 11
0.00112822 -9.5 0 7.5
0.000226197 -11 1.5 8.5
0.00141201 -10.5 1 8
0.00120257 -10 0.5 7.5
0.000151389 -11 1.5 8
0.000481593 -10.5 1 7.5
6.32095e-05 -11 1.5 7.5
3.7102e-05 -10.5 1 7
0.000194463 -9 -0.5 11
0.00322167 -8.5 -0.5 9.5
0.0138156 -9 0 9.5
0.00472796 -8.5 -0.5 9
0.0142959 -9 0 9
0.000250368 -8 -1 8
0.0125423 -9.5 0.5 9.5
0.00746687 -9 0 10
0.00416933 -8.5 -0.5 8.5
0.0129514 -9.5 0.5 9
0.00365666 -10 1 9.5
0.000173941 -8 -1 7.5
0.00235757 -8.5 -0.5 8
0.00695451 -9.5 0.5 10
0.011051 -9 0 8.5
0.00165056 -9 0 10.5
0.00451141 -10 1 9
0.010154 -9.5 0.5 8.5
0.000117696 -10.5 1.5 9.5
3.66934e-05 -8 -1 7
0.00172483 -10 1 10
0.000675335 -8.5 -0.5 7.5
0.0016618 -9.5 0.5 10.5
0.00516488 -9 0 8
0.000179726 -9 0 11
0.000320082 -10.5 1.5 9
0.00395256 -10 1 8.5
0.00524117 -9.5 0.5 8
2.76631e-05 -10.5 1.5 10
0.000447609 -10 1 10.5
0.00130624 -9 0 7.5
0.000166133 -9.5 0.5 11
0.000429265 -10.5 1.5 8.5
0.00257977 -10 1 8
4.16232e-05 -10 1 11
3.92033e-05 -9 0 7
0.00159965 -9.5 0.5 7.5
0.000457128 -10.5 1.5 8
0.00108947 -10 1 7.5
2.70464e-05 -11 2 8
0.00030169 -10.5 1.5 7.5
2.43208e-05 -11 2 7.5
9.52458e-05 -10.5 1.5 7
0.000238171 -10 1 7
0.000137777 -9.5 0.5 7
0.00018355 -8 -0.5 8.5
0.00892102 -9 0.5 9.5
0.00482725 -8.5 0 9
0.0092784 -9 0.5 9
0.00399411 -9.5 1 9.5
0.00036084 -8 -0.5 8
0.00506966 -9 0.5 10
0.00420732 -8.5 0 8.5
0.00457265 -9.5 1 9
0.000220878 -10 1.5 9.5
0.000245187 -8 -0.5 7.5
0.00218382 -9.5 1 10
0.00237794 -8.5 0 8
0.00122932 -9 0.5 10.5
0.00732554 -9 0.5 8.5
0.000404655 -10 1.5 9
0.00393872 -9.5 1 8.5
0.0039622 -9 0.5 8
7.1775e-05 -10 1.5 10
5.98251e-05 -8 -0.5 7
0.000679095 -9.5 1 10.5
0.000801729 -8.5 0 7.5
0.000127317 -9 0.5 11
0.000532478 -10 1.5 8.5
0.00254335 -9.5 1 8
9.80985e-05 -8.5 0 7
7.22104e-05 -9.5 1 11
0.00132722 -9 0.5 7.5
2.00863e-05 -10.5 2 8.5
0.000538821 -10 1.5 8
0.00114783 -9.5 1 7.5
0.00039155 -10 1.5 7.5
3.53599e-05 -10.5 2 7.5
3.71726e-05 -10.5 2 7
3.3478e-05 -10 1.5 6.5
0.000169478 -10 1.5 7
0.000288617 -9.5 1 7
0.000220704 -9 0.5 7
0.00346595 -8.5 0.5 9.5
0.00321439 -9 1 9.5
0.000497166 -8 0 8.5
0.00176503 -8.5 0.5 10
0.00374857 -8.5 0.5 9
0.00308254 -8.5 0.5 8.5
0.00336378 -9 1 9
0.000318148 -9.5 1.5 9.5
0.00191044 -9 1 10
0.000435248 -8 0 8
0.000379055 -8.5 0.5 10.5
0.000487055 -9.5 1.5 9
0.000138562 -9.5 1.5 10
0.000225879 -8 0 7.5
0.00170526 -8.5 0.5 8
0.000592862 -9 1 10.5
0.00275389 -9 1 8.5
0.000515594 -9.5 1.5 8.5
0.000645246 -8.5 0.5 7.5
0.00169886 -9 1 8
2.83979e-05 -9.5 1.5 10.5
6.22367e-05 -8 0 7
2.43264e-05 -10 2 8.5
0.000480496 -9.5 1.5 8
2.90145e-05 -10 2 8
0.000344836 -9.5 1.5 7.5
0.000135159 -8.5 0.5 7
2.76014e-05 -10 2 7.5
3.05006e-05 -10 2 7
2.96069e-05 -9 1 6.5
3.89338e-05 -9.5 1.5 6.5
0.000160941 -9.5 1.5 7
0.000224831 -9 1 7
0.000783426 -9 1 7.5
0.000419419 -8 0.5 9.5
0.000635617 -8 0.5 9
0.00177094 -8.5 1 9
4.62273e-05 -8 0.5 10
0.00032701 -9 1.5 9.5
0.000598336 -8 0.5 8.5
0.000430685 -9 1.5 9
0.00135213 -8.5 1 8.5
0.000175219 -9 1.5 10
0.000389492 -8 0.5 8
2.21654e-05 -9.5 2 9
0.000412227 -9 1.5 8.5
7.9089e-05 -9 1.5 10.5
0.000157284 -8 0.5 7.5
0.000764568 -8.5 1 8
2.99409e-05 -9.5 2 8.5
0.000323483 -9 1.5 8
4.60224e-05 -8 0.5 7
3.102e-05 -9.5 2 8
0.000205201 -9 1.5 7.5
2.6388e-05 -9.5 2 7.5
2.37334e-05 -9.5 2 7
2.31424e-05 -8.5 1 6.5
9.13858e-05 -9 1.5 7
2.74578e-05 -9 1.5 6.5
9.17324e-05 -8.5 1 7
0.000325271 -8.5 1 7.5
3.37931e-05 -8.5 1 11
0.000472275 -8 1 9.5
0.000333169 -8.5 1.5 9.5
0.000338564 -8.5 1.5 9
2.76138e-05 -7.5 0.5 8
0.000232479 -8.5 1.5 10
0.000427229 -8 1 8.5
2.38282e-05 -9 2 9
0.000275409 -8.5 1.5 8.5
2.21e-05 -7.5 0.5 7.5
0.000107371 -8.5 1.5 10.5
0.000226154 -8 1 8
2.8692e-05 -9 2 8.5
0.000181767 -8.5 1.5 8
2.46073e-05 -8 1 7
8.96742e-05 -8.5 1.5 7.5
3.83676e-05 -8.5 1.5 7
2.5972e-05 -9 2 8
4.36512e-05 -7.5 1 9
0.000199976 -8 1.5 9.5
4.50179e-05 -7.5 1 8.5
2.24992e-05 -8.5 2 9
0.000141512 -8 1.5 10
0.000186958 -8 1.5 9
2.75214e-05 -7.5 1 8
7.04774e-05 -8 1.5 8
2.18123e-05 -8.5 2 8.5
2.74256e-05 -8 1.5 7.5
3.37651e-05 -7.5 1.5 9.5
2.76308e-05 -7.5 1.5 8.5
3.57844e-05 -7.5 1.5 9
4.35404e-05 -8 1.5 10.5
0.000134098 -8 1.5 8.5
8.04417e-05 -8 1 7.5
4.70401e-05 -8 1 10.5
0.000254519 -8 1 10
0.000525595 -8 1 9
0.000311426 -8.5 1 10.5
0.0010976 -8.5 1 10
0.00174285 -8.5 1 9.5
6.45592e-05 -9 1 11
4.14931e-05 -8.5 0.5 11
0.000242372 -8 0 9
3.08527e-05 -8.5 0 11
0.000326155 -8.5 0 10.5
0.00180706 -8.5 0 10
0.00401124 -8.5 0 9.5
0.000122571 -8.5 -0.5 10.5
0.000919991 -8.5 -0.5 10
0.000251969 -8.5 -1 10
0.0030023 -8.5 -1 9
0.00119507 -8.5 -1.5 9
0.000267103 -9.5 -1 11
0.00274167 -9.5 -1 10.5
0.000177678 -9 -2 10.5
0.0010393 -9 -2 10
0.000133898 -9 -2.5 10
0.000293522 -9 -2.5 9
0.00050644 -10 -2 10
2.67728e-05 -9 -3 9
