0.304708
2.22058e-05 -4 0.5 -6
3.86183e-05 -4 0.5 -6.5
2.40304e-05 -4.5 1 -6
3.64819e-05 -4 0.5 -7
3.10724e-05 -4.5 1 -6.5
3.33422e-05 -4.5 1 -7
2.72039e-05 -4 1 -4.5
7.50019e-05 -4 1 -5
0.000135434 -4 1 -5.5
4.06499e-05 -3.5 0.5 -6.5
0.000169195 -4 1 -6
4.60289e-05 -3.5 0.5 -7
0.000159649 -4 1 -6.5
2.40721e-05 -4.5 1.5 -6
0.000101605 -4 1 -7
3.03607e-05 -4.5 1.5 -6.5
3.45172e-05 -4 1 -7.5
3.38605e-05 -4.5 1.5 -7
3.25937e-05 -4.5 1.5 -7.5
7.22349e-05 -3.5 1 -4.5
0.000207193 -3.5 1 -5
5.10975e-05 -4 1.5 -4.5
0.00034439 -3.5 1 -5.5
0.000131403 -4 1.5 -5
2.73271e-05 -3 0.5 -6.5
0.00036567 -3.5 1 -6
0.000211668 -4 1.5 -5.5
3.12934e-05 -3 0.5 -7
0.000299076 -3.5 1 -6.5
0.000253449 -4 1.5 -6
0.000152282 -3.5 1 -7
0.0002605 -4 1.5 -6.5
3.96144e-05 -3.5 1 -7.5
0.000175712 -4 1.5 -7
4.94259e-05 -4 1.5 -7.5
2.39961e-05 -4.5 2 -7
2.82614e-05 -4.5 2 -7.5
3.81605e-05 -3.5 1.5 -3.5
0.000235047 -3.5 1.5 -4
0.000128245 -3 1 -5
0.00069044 -3.5 1.5 -4.5
0.0002628 -3 1 -5.5
0.00116122 -3.5 1.5 -5
5.04766e-05 -4 2 -4.5
0.00033463 -3 1 -6
0.00130852 -3.5 1.5 -5.5
0.000128343 -4 2 -5
0.000286313 -3 1 -6.5
0.00123963 -3.5 1.5 -6
0.000199233 -4 2 -5.5
0.000141003 -3 1 -7
0.000796976 -3.5 1.5 -6.5
0.000234156 -4 2 -6
3.08799e-05 -3 1 -7.5
0.000299763 -3.5 1.5 -7
0.00024035 -4 2 -6.5
4.14441e-05 -3.5 1.5 -7.5
0.000199852 -4 2 -7
6.93447e-05 -4 2 -7.5
2.87123e-05 -3 1.5 -3
0.000163827 -3 1.5 -3.5
0.000690135 -3 1.5 -4
4.4093e-05 -3.5 2 -3.5
7.23142e-05 -2.5 1 -5
0.00151553 -3 1.5 -4.5
0.000305219 -3.5 2 -4
0.000152003 -2.5 1 -5.5
0.00213618 -3 1.5 -5
0.000921145 -3.5 2 -4.5
0.000201695 -2.5 1 -6
0.00218507 -3 1.5 -5.5
0.00149855 -3.5 2 -5
2.14472e-05 -4 2.5 -4.5
0.000177433 -2.5 1 -6.5
0.00183024 -3 1.5 -6
0.00166599 -3.5 2 -5.5
6.51217e-05 -4 2.5 -5
9.12086e-05 -2.5 1 -7
0.0010171 -3 1.5 -6.5
0.0016422 -3.5 2 -6
0.00010097 -4 2.5 -5.5
2.09941e-05 -2.5 1 -7.5
0.000325719 -3 1.5 -7
0.00118577 -3.5 2 -6.5
0.000116926 -4 2.5 -6
3.81509e-05 -3 1.5 -7.5
0.000429659 -3.5 2 -7
0.000129589 -4 2.5 -6.5
5.83994e-05 -3.5 2 -7.5
0.000144766 -4 2.5 -7
7.3334e-05 -4 2.5 -7.5
0.000132582 -2.5 1.5 -3.5
0.000110002 -3 2 -3
0.000624683 -2.5 1.5 -4
0.000773464 -3 2 -3.5
4.14635e-05 -2 1 -5
0.00137732 -2.5 1.5 -4.5
0.0024842 -3 2 -4
2.4656e-05 -3.5 2.5 -3.5
6.62367e-05 -2 1 -5.5
0.00190071 -2.5 1.5 -5
0.00441594 -3 2 -4.5
0.000203272 -3.5 2.5 -4
7.10255e-05 -2 1 -6
0.00193493 -2.5 1.5 -5.5
0.00516703 -3 2 -5
0.000692891 -3.5 2.5 -4.5
6.27022e-05 -2 1 -6.5
0.00159639 -2.5 1.5 -6
0.00511289 -3 2 -5.5
0.00115577 -3.5 2.5 -5
3.65534e-05 -2 1 -7
0.000863767 -2.5 1.5 -6.5
0.00408107 -3 2 -6
0.00132076 -3.5 2.5 -5.5
0.000258637 -2.5 1.5 -7
0.00209101 -3 2 -6.5
0.001375 -3.5 2.5 -6
2.03689e-05 -4 3 -5.5
3.71143e-05 -2.5 1.5 -7.5
0.000530917 -3 2 -7
0.00114803 -3.5 2.5 -6.5
2.31564e-05 -4 3 -6
4.86519e-05 -3 2 -7.5
0.000466155 -3.5 2.5 -7
2.48818e-05 -4 3 -6.5
6.37492e-05 -3.5 2.5 -7.5
4.35726e-05 -4 3 -7
5.14864e-05 -4 3 -7.5
5.79607e-05 -2.5 2 -2.5
6.06233e-05 -2 1.5 -3.5
0.000372061 -2.5 2 -3
0.000318599 -2 1.5 -4
0.00156546 -2.5 2 -3.5
9.50581e-05 -3 2.5 -3
0.000703973 -2 1.5 -4.5
0.00358908 -2.5 2 -4
0.000817369 -3 2.5 -3.5
0.000981529 -2 1.5 -5
0.00550876 -2.5 2 -4.5
0.00291687 -3 2.5 -4
0.00100923 -2 1.5 -5.5
0.0060993 -2.5 2 -5
0.00520894 -3 2.5 -4.5
4.76756e-05 -3.5 3 -4
0.000846898 -2 1.5 -6
0.00586093 -2.5 2 -5.5
0.00595709 -3 2.5 -5
0.000252291 -3.5 3 -4.5
0.000472276 -2 1.5 -6.5
0.00433225 -2.5 2 -6
0.00592462 -3 2.5 -5.5
0.000464021 -3.5 3 -5
0.000153704 -2 1.5 -7
0.00209843 -2.5 2 -6.5
0.0049459 -3 2.5 -6
0.000545847 -3.5 3 -5.5
2.27108e-05 -2 1.5 -7.5
0.000503942 -2.5 2 -7
0.00267735 -3 2.5 -6.5
0.000580036 -3.5 3 -6
4.79951e-05 -2.5 2 -7.5
0.000663394 -3 2.5 -7
0.000612911 -3.5 3 -6.5
5.44332e-05 -3 2.5 -7.5
0.000368908 -3.5 3 -7
5.95286e-05 -3.5 3 -7.5
5.68847e-05 -2 2 -2.5
2.46163e-05 -1.5 1.5 -3.5
0.000362778 -2 2 -3
0.000117672 -2.5 2.5 -2.5
6.7653e-05 -1.5 1.5 -4
0.00138442 -2 2 -3.5
0.000878536 -2.5 2.5 -3
0.0001324 -1.5 1.5 -4.5
0.00298257 -2 2 -4
0.00350447 -2.5 2.5 -3.5
3.87825e-05 -3 3 -3
0.00020129 -1.5 1.5 -5
0.00442531 -2 2 -4.5
0.00725495 -2.5 2.5 -4
0.000404186 -3 3 -3.5
0.000229436 -1.5 1.5 -5.5
0.00480742 -2 2 -5
0.0100709 -2.5 2.5 -4.5
0.0020574 -3 3 -4
0.000211195 -1.5 1.5 -6
0.00455299 -2 2 -5.5
0.010458 -2.5 2.5 -5
0.00399685 -3 3 -4.5
0.000144745 -1.5 1.5 -6.5
0.00321719 -2 2 -6
0.00988251 -2.5 2.5 -5.5
0.00456594 -3 3 -5
2.34733e-05 -3.5 3.5 -4.5
6.35618e-05 -1.5 1.5 -7
0.00150425 -2 2 -6.5
0.00705834 -2.5 2.5 -6
0.00460609 -3 3 -5.5
7.53916e-05 -3.5 3.5 -5
0.000361452 -2 2 -7
0.00334092 -2.5 2.5 -6.5
0.00416671 -3 3 -6
9.34727e-05 -3.5 3.5 -5.5
4.08039e-05 -2 2 -7.5
0.000717047 -2.5 2.5 -7
0.00241505 -3 3 -6.5
9.43755e-05 -3.5 3.5 -6
5.81276e-05 -2.5 2.5 -7.5
0.000612659 -3 3 -7
0.000104013 -3.5 3.5 -6.5
4.33406e-05 -3 3 -7.5
0.000129662 -3.5 3.5 -7
4.24056e-05 -3.5 3.5 -7.5
2.55474e-05 -1.5 2 -2.5
3.7481e-05 -2 2.5 -2
0.000143095 -1.5 2 -3
0.000254154 -2 2.5 -2.5
0.000464661 -1.5 2 -3.5
0.00129527 -2 2.5 -3
9.64314e-05 -2.5 3 -2.5
0.000994549 -1.5 2 -4
0.00383535 -2 2.5 -3.5
0.000844207 -2.5 3 -3
2.15662e-05 -1 1.5 -5
0.00157145 -1.5 2 -4.5
0.0073018 -2 2.5 -4
0.00389894 -2.5 3 -3.5
2.35569e-05 -1 1.5 -5.5
0.00185998 -1.5 2 -5
0.00975675 -2 2.5 -4.5
0.00841102 -2.5 3 -4
4.96808e-05 -3 3.5 -3.5
2.14767e-05 -1 1.5 -6
0.00178898 -1.5 2 -5.5
0.0100309 -2 2.5 -5
0.0112634 -2.5 3 -4.5
0.000485873 -3 3.5 -4
0.00134456 -1.5 2 -6
0.00931533 -2 2.5 -5.5
0.0114798 -2.5 3 -5
0.00132764 -3 3.5 -4.5
0.0006952 -1.5 2 -6.5
0.00641648 -2 2.5 -6
0.0108325 -2.5 3 -5.5
0.00159677 -3 3.5 -5
0.000204598 -1.5 2 -7
0.0029303 -2 2.5 -6.5
0.00775623 -2.5 3 -6
0.00164125 -3 3.5 -5.5
3.40765e-05 -1.5 2 -7.5
0.00061903 -2 2.5 -7
0.00370358 -2.5 3 -6.5
0.00165929 -3 3.5 -6
5.20497e-05 -2 2.5 -7.5
0.000763228 -2.5 3 -7
0.00118451 -3 3.5 -6.5
4.97745e-05 -2.5 3 -7.5
0.000332487 -3 3.5 -7
2.48199e-05 -3 3.5 -7.5
3.45423e-05 -1.5 2.5 -2
0.000211573 -1.5 2.5 -2.5
6.42796e-05 -2 3 -2
0.000908437 -1.5 2.5 -3
0.000443416 -2 3 -2.5
3.36781e-05 -1 2 -4
0.00226972 -1.5 2.5 -3.5
0.00227253 -2 3 -3
2.60317e-05 -2.5 3.5 -2.5
8.00909e-05 -1 2 -4.5
0.0039767 -1.5 2.5 -4
0.00612865 -2 3 -3.5
0.000307788 -2.5 3.5 -3
0.000131777 -1 2 -5
0.00534141 -1.5 2.5 -4.5
0.0105166 -2 3 -4
0.00232875 -2.5 3.5 -3.5
0.000184089 -1 2 -5.5
0.005579 -1.5 2.5 -5
0.012803 -2 3 -4.5
0.00603341 -2.5 3.5 -4
0.000197775 -1 2 -6
0.0051196 -1.5 2.5 -5.5
0.0128053 -2 3 -5
0.00824932 -2.5 3.5 -4.5
2.42744e-05 -3 4 -4
0.000157778 -1 2 -6.5
0.00354251 -1.5 2.5 -6
0.0115366 -2 3 -5.5
0.00832486 -2.5 3.5 -5
0.000150236 -3 4 -4.5
7.16973e-05 -1 2 -7
0.00170429 -1.5 2.5 -6.5
0.00790109 -2 3 -6
0.00789842 -2.5 3.5 -5.5
0.000227899 -3 4 -5
0.000438431 -1.5 2.5 -7
0.00363588 -2 3 -6.5
0.00574768 -2.5 3.5 -6
0.000223575 -3 4 -5.5
3.63717e-05 -1.5 2.5 -7.5
0.00073947 -2 3 -7
0.00270821 -2.5 3.5 -6.5
0.000214803 -3 4 -6
5.25392e-05 -2 3 -7.5
0.00046659 -2.5 3.5 -7
0.000206214 -3 4 -6.5
2.561e-05 -2.5 3.5 -7.5
9.30551e-05 -3 4 -7
4.28236e-05 -1 2.5 -2.5
9.36001e-05 -1.5 3 -2
0.000107979 -1 2.5 -3
0.000534757 -1.5 3 -2.5
4.58662e-05 -2 3.5 -2
0.00022202 -1 2.5 -3.5
0.00217868 -1.5 3 -3
0.000376045 -2 3.5 -2.5
0.000439401 -1 2.5 -4
0.00506838 -1.5 3 -3.5
0.00228513 -2 3.5 -3
0.000742564 -1 2.5 -4.5
0.00826134 -1.5 3 -4
0.0064157 -2 3.5 -3.5
2.3231e-05 -2.5 4 -3
0.000984601 -1 2.5 -5
0.0099938 -1.5 3 -4.5
0.0110494 -2 3.5 -4
0.000309411 -2.5 4 -3.5
0.00107507 -1 2.5 -5.5
0.00998053 -1.5 3 -5
0.0129568 -2 3.5 -4.5
0.00164562 -2.5 4 -4
0.000951313 -1 2.5 -6
0.00875001 -1.5 3 -5.5
0.0128495 -2 3.5 -5
0.00260317 -2.5 4 -4.5
0.000591493 -1 2.5 -6.5
0.00576855 -1.5 3 -6
0.0112826 -2 3.5 -5.5
0.00261586 -2.5 4 -5
0.000226047 -1 2.5 -7
0.00262283 -1.5 3 -6.5
0.00745181 -2 3.5 -6
0.00249756 -2.5 4 -5.5
3.18983e-05 -1 2.5 -7.5
0.000590676 -1.5 3 -7
0.00329665 -2 3.5 -6.5
0.00184358 -2.5 4 -6
4.69604e-05 -1.5 3 -7.5
0.000576264 -2 3.5 -7
0.000876809 -2.5 4 -6.5
2.88561e-05 -2 3.5 -7.5
0.000137408 -2.5 4 -7
5.6369e-05 -1 3 -2
0.000257817 -1 3 -2.5
0.000130327 -1.5 3.5 -2
0.000653892 -1 3 -3
0.000724103 -1.5 3.5 -2.5
0.00130503 -1 3 -3.5
0.00278243 -1.5 3.5 -3
9.32551e-05 -2 4 -2.5
0.00218276 -1 3 -4
0.00645555 -1.5 3.5 -3.5
0.000972637 -2 4 -3
0.0029222 -1 3 -4.5
0.0103101 -1.5 3.5 -4
0.00398972 -2 4 -3.5
2.40229e-05 -0.5 2.5 -5.5
0.00321595 -1 3 -5
0.0116732 -1.5 3.5 -4.5
0.00733751 -2 4 -4
3.29609e-05 -0.5 2.5 -6
0.00297783 -1 3 -5.5
0.0115188 -1.5 3.5 -5
0.00808902 -2 4 -4.5
0.000132881 -2.5 4.5 -4
5.87264e-05 -0.5 2.5 -6.5
0.0022075 -1 3 -6
0.00982631 -1.5 3.5 -5.5
0.00789177 -2 4 -5
0.000292126 -2.5 4.5 -4.5
4.53544e-05 -0.5 2.5 -7
0.00119914 -1 3 -6.5
0.00631706 -1.5 3.5 -6
0.00647188 -2 4 -5.5
0.000305225 -2.5 4.5 -5
0.000390234 -1 3 -7
0.00279044 -1.5 3.5 -6.5
0.00395218 -2 4 -6
0.000300441 -2.5 4.5 -5.5
4.29416e-05 -1 3 -7.5
0.000550966 -1.5 3.5 -7
0.00155614 -2 4 -6.5
0.000251805 -2.5 4.5 -6
3.20572e-05 -1.5 3.5 -7.5
0.000190813 -2 4 -7
2.81756e-05 -2.5 4.5 -7
0.000117822 -2.5 4.5 -6.5
2.23026e-05 -1 3.5 -1.5
0.000132321 -1 3.5 -2
0.000626517 -1 3.5 -2.5
9.20352e-05 -1.5 4 -2
0.00175195 -1 3.5 -3
0.000626902 -1.5 4 -2.5
2.66331e-05 -0.5 3 -4
0.00333925 -1 3.5 -3.5
0.00262909 -1.5 4 -3
5.29407e-05 -0.5 3 -4.5
0.00484701 -1 3.5 -4
0.00597454 -1.5 4 -3.5
9.98292e-05 -2 4.5 -3
9.87276e-05 -0.5 3 -5
0.00564805 -1 3.5 -4.5
0.00894128 -1.5 4 -4
0.000875801 -2 4.5 -3.5
0.000148728 -0.5 3 -5.5
0.00556184 -1 3.5 -5
0.00947826 -1.5 4 -4.5
0.00195523 -2 4.5 -4
0.000224386 -0.5 3 -6
0.0046933 -1 3.5 -5.5
0.00909327 -1.5 4 -5
0.00213524 -2 4.5 -4.5
0.000215973 -0.5 3 -6.5
0.00309522 -1 3.5 -6
0.00717884 -1.5 4 -5.5
0.00205671 -2 4.5 -5
0.000137695 -0.5 3 -7
0.00152704 -1 3.5 -6.5
0.00427059 -1.5 4 -6
0.0015649 -2 4.5 -5.5
3.81192e-05 -0.5 3 -7.5
0.000432341 -1 3.5 -7
0.00167152 -1.5 4 -6.5
0.000854 -2 4.5 -6
3.77264e-05 -1 3.5 -7.5
0.000235744 -1.5 4 -7
2.64806e-05 -2 4.5 -7
0.000273015 -2 4.5 -6.5
4.40947e-05 -0.5 3.5 -2
2.58e-05 -1 4 -1.5
9.30507e-05 -0.5 3.5 -2.5
0.000155647 -1 4 -2
0.000147115 -0.5 3.5 -3
0.000754533 -1 4 -2.5
0.000222347 -0.5 3.5 -3.5
0.00232649 -1 4 -3
0.000217075 -1.5 4.5 -2.5
0.000367043 -0.5 3.5 -4
0.00449959 -1 4 -3.5
0.00133938 -1.5 4.5 -3
0.000558456 -0.5 3.5 -4.5
0.00635499 -1 4 -4
0.00325912 -1.5 4.5 -3.5
0.000652805 -0.5 3.5 -5
0.00674313 -1 4 -4.5
0.0044176 -1.5 4.5 -4
0.000679858 -0.5 3.5 -5.5
0.00644131 -1 4 -5
0.00443082 -1.5 4.5 -4.5
0.000172256 -2 5 -4
0.000613556 -0.5 3.5 -6
0.00503537 -1 4 -5.5
0.00393274 -1.5 4.5 -5
0.000210419 -2 5 -4.5
0.000451485 -0.5 3.5 -6.5
0.00304464 -1 4 -6
0.0026716 -1.5 4.5 -5.5
0.00021352 -2 5 -5
0.000210932 -0.5 3.5 -7
0.00128565 -1 4 -6.5
4.16024e-05 -0.5 3.5 -7.5
0.000254439 -1 4 -7
0.000397664 -1.5 4.5 -6.5
4.68063e-05 -1.5 4.5 -7
9.33376e-05 -2 5 -6
0.00133493 -1.5 4.5 -6
0.000177021 -2 5 -5.5
5.3802e-05 -2 5 -3.5
2.33553e-05 -0.5 4 -1.5
0.000118561 -0.5 4 -2
0.000345272 -0.5 4 -2.5
0.00011866 -1 4.5 -2
0.000623173 -0.5 4 -3
0.000615119 -1 4.5 -2.5
0.000992082 -0.5 4 -3.5
0.00184407 -1 4.5 -3
2.26182e-05 -1.5 5 -2.5
0.00137859 -0.5 4 -4
0.00350603 -1 4.5 -3.5
0.00025506 -1.5 5 -3
0.00160695 -0.5 4 -4.5
0.00444692 -1 4.5 -4
0.000708922 -1.5 5 -3.5
0.00156263 -0.5 4 -5
0.00442305 -1 4.5 -4.5
0.00133666 -0.5 4 -5.5
0.00386533 -1 4.5 -5
0.000857457 -1.5 5 -4.5
2.28141e-05 0 3.5 -6.5
0.000970191 -0.5 4 -6
0.00259721 -1 4.5 -5.5
0.000716336 -1.5 5 -5
3.16674e-05 0 3.5 -7
0.000544074 -0.5 4 -6.5
0.00019111 -0.5 4 -7
0.000405417 -1 4.5 -6.5
2.02253e-05 -0.5 4 -7.5
4.69286e-05 -1 4.5 -7
4.85111e-05 -1.5 5 -6.5
0.000185564 -1.5 5 -6
0.00130031 -1 4.5 -6
0.000435481 -1.5 5 -5.5
0.000867423 -1.5 5 -4
2.70513e-05 -0.5 4.5 -1.5
0.000143185 -0.5 4.5 -2
0.000510606 -0.5 4.5 -2.5
3.9496e-05 -1 5 -2
0.00110955 -0.5 4.5 -3
0.000287135 -1 5 -2.5
0.00175483 -0.5 4.5 -3.5
0.000842907 -1 5 -3
2.6964e-05 0 4 -4.5
0.00215687 -0.5 4.5 -4
0.00133197 -1 5 -3.5
3.82064e-05 0 4 -5
0.00216898 -0.5 4.5 -4.5
0.00138918 -1 5 -4
3.36663e-05 -1.5 5.5 -3.5
4.01281e-05 0 4 -5.5
0.00191188 -0.5 4.5 -5
5.32489e-05 -1.5 5.5 -4.5
4.96835e-05 0 4 -6
0.00134909 -0.5 4.5 -5.5
4.99963e-05 -1.5 5.5 -5
0.000956602 -1 5 -5
6.5981e-05 0 4 -6.5
0.000216316 -1 5 -6
5.21485e-05 0 4 -7
0.000289128 -0.5 4.5 -6.5
5.5383e-05 -0.5 4.5 -7
4.67853e-05 -1 5 -6.5
0.000740663 -0.5 4.5 -6
0.000539019 -1 5 -5.5
0.00129966 -1 5 -4.5
5.11389e-05 -1.5 5.5 -4
5.29448e-05 0 4.5 -2
8.13568e-05 0 4.5 -2.5
0.000102364 -0.5 5 -2
9.44895e-05 0 4.5 -3
0.000375597 -0.5 5 -2.5
0.000110228 0 4.5 -3.5
0.000825199 -0.5 5 -3
3.31697e-05 -1 5.5 -2.5
0.000160037 0 4.5 -4
0.00118543 -0.5 5 -3.5
0.000117607 -1 5.5 -3
0.00019146 0 4.5 -4.5
0.0012193 -0.5 5 -4
0.000195803 0 4.5 -5
0.00112552 -0.5 5 -4.5
0.000173529 -1 5.5 -4
0.000182694 0 4.5 -5.5
0.00081735 -0.5 5 -5
0.000156761 -1 5.5 -4.5
0.000147648 0 4.5 -6
0.000453825 -0.5 5 -5.5
9.14601e-05 0 4.5 -6.5
0.00018442 -0.5 5 -6
5.10033e-05 -1 5.5 -5.5
3.93855e-05 -0.5 5 -6.5
3.30004e-05 0 4.5 -7
0.000106755 -1 5.5 -5
0.000170358 -1 5.5 -3.5
7.59374e-05 0 5 -2
0.000171738 0 5 -2.5
2.99087e-05 -0.5 5.5 -2
0.000265633 0 5 -3
0.000116117 -0.5 5.5 -2.5
0.000348365 0 5 -3.5
0.000215196 -0.5 5.5 -3
0.000380013 0 5 -4
0.000238876 -0.5 5.5 -3.5
0.000356865 0 5 -4.5
0.00023045 -0.5 5.5 -4
0.000278625 0 5 -5
0.000183784 -0.5 5.5 -4.5
0.000177144 0 5 -5.5
0.000115201 -0.5 5.5 -5
8.63658e-05 0 5 -6
5.00367e-05 -0.5 5.5 -5.5
2.28196e-05 0 5 -6.5
3.77855e-05 0 5.5 -2
0.000108175 0 5.5 -2.5
0.000176966 0 5.5 -3
0.000190938 0 5.5 -3.5
0.000180484 0 5.5 -4
0.00013592 0 5.5 -4.5
2.51877e-05 0 5.5 -5.5
7.60085e-05 0 5.5 -5
2.07376e-05 0.5 5.5 -2.5
3.44006e-05 0.5 5.5 -3
4.02183e-05 0.5 5.5 -3.5
3.79166e-05 0.5 5.5 -4
2.69087e-05 0.5 5.5 -4.5
