0.352076
2.67652e-05 -3.5 -1 -8.5
2.72753e-05 -3.5 -1 -9
2.55852e-05 -3.5 -1 -9.5
2.99178e-05 -3.5 -0.5 -7
6.17489e-05 -3.5 -0.5 -7.5
9.00113e-05 -3.5 -0.5 -8
9.27669e-05 -3.5 -0.5 -8.5
2.30511e-05 -3 -1 -9.5
7.47677e-05 -3.5 -0.5 -9
3.66445e-05 -3.5 -0.5 -9.5
3.44818e-05 -3 -0.5 -7.5
4.93918e-05 -3.5 0 -7
7.58521e-05 -3 -0.5 -8
9.38608e-05 -3.5 0 -7.5
0.000116065 -3 -0.5 -8.5
0.000116553 -3.5 0 -8
0.000105047 -3 -0.5 -9
0.000116164 -3.5 0 -8.5
5.58937e-05 -3 -0.5 -9.5
9.65679e-05 -3.5 0 -9
4.57977e-05 -3.5 0 -9.5
2.41734e-05 -3 0 -6
9.138e-05 -3 0 -6.5
0.000247072 -3 0 -7
0.000409255 -3 0 -7.5
4.39386e-05 -3.5 0.5 -7
2.94125e-05 -2.5 -0.5 -8.5
0.0004908 -3 0 -8
7.64105e-05 -3.5 0.5 -7.5
6.03172e-05 -2.5 -0.5 -9
0.000442392 -3 0 -8.5
9.11971e-05 -3.5 0.5 -8
4.35444e-05 -2.5 -0.5 -9.5
0.000268519 -3 0 -9
9.13828e-05 -3.5 0.5 -8.5
8.44139e-05 -3 0 -9.5
8.68764e-05 -3.5 0.5 -9
4.90668e-05 -3.5 0.5 -9.5
7.44828e-05 -3 0.5 -6
6.72268e-05 -2.5 0 -7
0.000268436 -3 0.5 -6.5
0.000213717 -2.5 0 -7.5
0.000555032 -3 0.5 -7
0.000369448 -2.5 0 -8
0.000754254 -3 0.5 -7.5
2.13546e-05 -3.5 1 -7
0.000401405 -2.5 0 -8.5
0.000763985 -3 0.5 -8
3.97916e-05 -3.5 1 -7.5
0.00028845 -2.5 0 -9
0.000665541 -3 0.5 -8.5
4.40594e-05 -3.5 1 -8
0.000104142 -2.5 0 -9.5
0.000367357 -3 0.5 -9
4.4163e-05 -3.5 1 -8.5
8.3572e-05 -3 0.5 -9.5
4.64769e-05 -3.5 1 -9
4.48461e-05 -3.5 1 -9.5
3.9896e-05 -2.5 0.5 -5.5
0.000174973 -2.5 0.5 -6
0.000610662 -2.5 0.5 -6.5
5.89659e-05 -3 1 -6
2.52197e-05 -2 0 -7.5
0.00125148 -2.5 0.5 -7
0.000238453 -3 1 -6.5
6.5915e-05 -2 0 -8
0.00170659 -2.5 0.5 -7.5
0.000498461 -3 1 -7
0.000147983 -2 0 -8.5
0.00168525 -2.5 0.5 -8
0.00064783 -3 1 -7.5
0.000146651 -2 0 -9
0.00129605 -2.5 0.5 -8.5
0.000653946 -3 1 -8
7.36359e-05 -2 0 -9.5
0.000618144 -2.5 0.5 -9
0.00061486 -3 1 -8.5
0.000113333 -2.5 0.5 -9.5
0.000362249 -3 1 -9
8.67733e-05 -3 1 -9.5
2.58391e-05 -2.5 1 -5
0.000158325 -2.5 1 -5.5
0.000191075 -2 0.5 -6.5
0.000760555 -2.5 1 -6
0.000630982 -2 0.5 -7
0.00189312 -2.5 1 -6.5
0.0010656 -2 0.5 -7.5
0.00293941 -2.5 1 -7
0.000101533 -3 1.5 -6.5
0.00120911 -2 0.5 -8
0.00314859 -2.5 1 -7.5
0.000239018 -3 1.5 -7
2.0907e-05 -1.5 0 -9
0.00101132 -2 0.5 -8.5
0.00299783 -2.5 1 -8
0.000313919 -3 1.5 -7.5
0.000532883 -2 0.5 -9
0.00209061 -2.5 1 -8.5
0.000310586 -3 1.5 -8
0.000121864 -2 0.5 -9.5
0.00082857 -2.5 1 -9
0.000306698 -3 1.5 -8.5
9.46584e-05 -2.5 1 -9.5
0.000254295 -3 1.5 -9
8.83638e-05 -3 1.5 -9.5
5.21735e-05 -2 1 -5
0.000272493 -2 1 -5.5
0.00109076 -2 1 -6
0.000125804 -2.5 1.5 -5.5
8.05307e-05 -1.5 0.5 -7
0.0025331 -2 1 -6.5
0.000723954 -2.5 1.5 -6
0.000184589 -1.5 0.5 -7.5
0.00388995 -2 1 -7
0.00192003 -2.5 1.5 -6.5
0.000298115 -1.5 0.5 -8
0.00416956 -2 1 -7.5
0.00289504 -2.5 1.5 -7
0.000314482 -1.5 0.5 -8.5
0.00383803 -2 1 -8
0.00301398 -2.5 1.5 -7.5
5.61478e-05 -3 2 -7
0.000226484 -1.5 0.5 -9
0.0025174 -2 1 -8.5
0.00289726 -2.5 1.5 -8
7.37407e-05 -3 2 -7.5
8.07599e-05 -1.5 0.5 -9.5
0.000978623 -2 1 -9
0.00209342 -2.5 1.5 -8.5
7.10695e-05 -3 2 -8
0.000118992 -2 1 -9.5
0.000827814 -2.5 1.5 -9
6.92219e-05 -3 2 -8.5
8.62886e-05 -2.5 1.5 -9.5
7.88495e-05 -3 2 -9
6.66719e-05 -3 2 -9.5
2.63352e-05 -2 1.5 -4.5
8.1112e-05 -1.5 1 -5.5
0.000184228 -2 1.5 -5
0.000476445 -1.5 1 -6
0.00106103 -2 1.5 -5.5
0.00133621 -1.5 1 -6.5
0.0032853 -2 1.5 -6
3.39164e-05 -2.5 2 -5.5
2.27802e-05 -1 0.5 -7.5
0.00224104 -1.5 1 -7
0.00602378 -2 1.5 -6.5
0.000266111 -2.5 2 -6
2.36124e-05 -1 0.5 -8
0.0025971 -1.5 1 -7.5
0.00747052 -2 1.5 -7
0.00093326 -2.5 2 -6.5
2.31533e-05 -1 0.5 -8.5
0.00242491 -1.5 1 -8
0.00745625 -2 1.5 -7.5
0.00149449 -2.5 2 -7
3.21834e-05 -1 0.5 -9
0.00166382 -1.5 1 -8.5
0.00648649 -2 1.5 -8
0.00153669 -2.5 2 -7.5
0.000699502 -1.5 1 -9
0.00389765 -2 1.5 -8.5
0.00153568 -2.5 2 -8
0.00011597 -1.5 1 -9.5
0.00125082 -2 1.5 -9
0.00130963 -2.5 2 -8.5
0.000102671 -2 1.5 -9.5
0.000594233 -2.5 2 -9
6.81329e-05 -2.5 2 -9.5
4.59656e-05 -1.5 1.5 -4.5
0.000270775 -1.5 1.5 -5
4.38571e-05 -1 1 -6
0.00124184 -1.5 1.5 -5.5
0.000152315 -2 2 -5
0.000125187 -1 1 -6.5
0.00338228 -1.5 1.5 -6
0.00103846 -2 2 -5.5
0.000274415 -1 1 -7
0.00593222 -1.5 1.5 -6.5
0.00357348 -2 2 -6
0.000397584 -1 1 -7.5
0.00730845 -1.5 1.5 -7
0.00666064 -2 2 -6.5
3.1326e-05 -2.5 2.5 -6
0.000452316 -1 1 -8
0.00727794 -1.5 1.5 -7.5
0.00782933 -2 2 -7
0.000191312 -2.5 2.5 -6.5
0.000398353 -1 1 -8.5
0.00619512 -1.5 1.5 -8
0.00776958 -2 2 -7.5
0.000355769 -2.5 2.5 -7
0.000230213 -1 1 -9
0.00364646 -1.5 1.5 -8.5
0.00679114 -2 2 -8
0.000361862 -2.5 2.5 -7.5
7.2223e-05 -1 1 -9.5
0.00118421 -1.5 1.5 -9
0.00407427 -2 2 -8.5
0.000349005 -2.5 2.5 -8
0.000107689 -1.5 1.5 -9.5
0.00119793 -2 2 -9
0.000340141 -2.5 2.5 -8.5
7.73514e-05 -2 2 -9.5
0.000250747 -2.5 2.5 -9
4.55532e-05 -2.5 2.5 -9.5
0.000112448 -1 1.5 -5
0.000122424 -1.5 2 -4.5
0.000515567 -1 1.5 -5.5
0.000727106 -1.5 2 -5
0.0013947 -1 1.5 -6
0.00299314 -1.5 2 -5.5
4.14087e-05 -2 2.5 -5
0.00252432 -1 1.5 -6.5
0.00683227 -1.5 2 -6
0.000358714 -2 2.5 -5.5
0.0033239 -1 1.5 -7
0.0105146 -1.5 2 -6.5
0.0019645 -2 2.5 -6
0.00337444 -1 1.5 -7.5
0.0115068 -1.5 2 -7
0.00411853 -2 2.5 -6.5
0.0029238 -1 1.5 -8
0.0111937 -1.5 2 -7.5
0.00471064 -2 2.5 -7
0.0018008 -1 1.5 -8.5
0.0089527 -1.5 2 -8
0.00467101 -2 2.5 -7.5
4.43054e-05 -2.5 3 -7
0.000693316 -1 1.5 -9
0.00490174 -1.5 2 -8.5
0.00424343 -2 2.5 -8
4.70167e-05 -2.5 3 -7.5
9.75086e-05 -1 1.5 -9.5
0.00139949 -1.5 2 -9
0.00264075 -2 2.5 -8.5
4.42851e-05 -2.5 3 -8
9.73971e-05 -1.5 2 -9.5
0.000733435 -2 2.5 -9
3.95303e-05 -2.5 3 -8.5
3.7556e-05 -2 2.5 -9.5
4.10679e-05 -2.5 3 -9
2.40306e-05 -1 2 -4
0.000143758 -1 2 -4.5
0.000760445 -1 2 -5
0.000104321 -1.5 2.5 -4.5
5.45201e-05 -0.5 1.5 -6
0.00259416 -1 2 -5.5
0.000711689 -1.5 2.5 -5
0.000123848 -0.5 1.5 -6.5
0.00542902 -1 2 -6
0.00337858 -1.5 2.5 -5.5
0.0002271 -0.5 1.5 -7
0.00815755 -1 2 -6.5
0.00790824 -1.5 2.5 -6
4.22811e-05 -2 3 -5.5
0.000291576 -0.5 1.5 -7.5
0.00898861 -1 2 -7
0.0117011 -1.5 2.5 -6.5
0.000350974 -2 3 -6
0.000312692 -0.5 1.5 -8
0.00872933 -1 2 -7.5
0.0122886 -1.5 2.5 -7
0.000990786 -2 3 -6.5
0.000274435 -0.5 1.5 -8.5
0.00689749 -1 2 -8
0.0118566 -1.5 2.5 -7.5
0.00115663 -2 3 -7
0.000168482 -0.5 1.5 -9
0.00376889 -1 2 -8.5
0.00928756 -1.5 2.5 -8
0.0011364 -2 3 -7.5
5.20201e-05 -0.5 1.5 -9.5
0.00112475 -1 2 -9
0.00494859 -1.5 2.5 -8.5
0.00106393 -2 3 -8
9.24615e-05 -1 2 -9.5
0.00120519 -1.5 2.5 -9
0.000776798 -2 3 -8.5
5.45218e-05 -1.5 2.5 -9.5
0.000258244 -2 3 -9
2.15952e-05 -2 3 -9.5
5.42136e-05 -0.5 2 -4.5
4.94604e-05 -1 2.5 -4
0.000227578 -0.5 2 -5
0.000297319 -1 2.5 -4.5
0.000600198 -0.5 2 -5.5
0.00150222 -1 2.5 -5
2.89593e-05 -1.5 3 -4.5
0.00121805 -0.5 2 -6
0.0045519 -1 2.5 -5.5
0.000263137 -1.5 3 -5
0.00192622 -0.5 2 -6.5
0.0088194 -1 2.5 -6
0.00186116 -1.5 3 -5.5
0.00241525 -0.5 2 -7
0.0121126 -1 2.5 -6.5
0.00537002 -1.5 3 -6
0.0024201 -0.5 2 -7.5
0.0125573 -1 2.5 -7
0.00799458 -1.5 3 -6.5
2.33462e-05 -2 3.5 -6
0.00207279 -0.5 2 -8
0.0119429 -1 2.5 -7.5
0.00814318 -1.5 3 -7
0.000101571 -2 3.5 -6.5
0.00130164 -0.5 2 -8.5
0.00900206 -1 2.5 -8
0.0077862 -1.5 3 -7.5
0.000137252 -2 3.5 -7
0.00053408 -0.5 2 -9
0.00470866 -1 2.5 -8.5
0.0059709 -1.5 3 -8
0.000134932 -2 3.5 -7.5
8.9908e-05 -0.5 2 -9.5
0.00121577 -1 2.5 -9
0.00296091 -1.5 3 -8.5
0.000123029 -2 3.5 -8
7.79809e-05 -1 2.5 -9.5
0.000533625 -1.5 3 -9
9.05405e-05 -2 3.5 -8.5
2.12798e-05 -1.5 3 -9.5
4.95321e-05 -2 3.5 -9
4.83313e-05 -0.5 2.5 -4
0.000263199 -0.5 2.5 -4.5
4.39704e-05 -1 3 -4
0.00108791 -0.5 2.5 -5
0.000294755 -1 3 -4.5
0.00273103 -0.5 2.5 -5.5
0.0016685 -1 3 -5
0.00484605 -0.5 2.5 -6
0.00513542 -1 3 -5.5
2.93529e-05 -1.5 3.5 -5
3.05328e-05 0 2 -7
0.00658129 -0.5 2.5 -6.5
0.00975637 -1 3 -6
0.00027726 -1.5 3.5 -5.5
4.65091e-05 0 2 -7.5
0.0069581 -0.5 2.5 -7
0.012707 -1 3 -6.5
0.00130082 -1.5 3.5 -6
6.09879e-05 0 2 -8
0.00657114 -0.5 2.5 -7.5
0.0128461 -1 3 -7
0.00213018 -1.5 3.5 -6.5
8.39972e-05 0 2 -8.5
0.00491785 -0.5 2.5 -8
0.0119345 -1 3 -7.5
0.00215266 -1.5 3.5 -7
7.54859e-05 0 2 -9
0.00265674 -0.5 2.5 -8.5
0.00856987 -1 3 -8
0.00205327 -1.5 3.5 -7.5
3.45228e-05 0 2 -9.5
0.000855294 -0.5 2.5 -9
0.00414499 -1 3 -8.5
0.00156598 -1.5 3.5 -8
7.65476e-05 -0.5 2.5 -9.5
0.000829571 -1 3 -9
0.000765726 -1.5 3.5 -8.5
3.15243e-05 -1 3 -9.5
0.000115548 -1.5 3.5 -9
4.97163e-05 0 2.5 -4.5
8.62841e-05 -0.5 3 -4
0.000118646 0 2.5 -5
0.000459587 -0.5 3 -4.5
0.000214282 0 2.5 -5.5
0.00189272 -0.5 3 -5
0.000113392 -1 3.5 -4.5
0.000353896 0 2.5 -6
0.00478057 -0.5 3 -5.5
0.000866698 -1 3.5 -5
0.000570499 0 2.5 -6.5
0.00817513 -0.5 3 -6
0.00360407 -1 3.5 -5.5
0.000728203 0 2.5 -7
0.0101538 -0.5 3 -6.5
0.00716054 -1 3.5 -6
0.000779877 0 2.5 -7.5
0.0102187 -0.5 3 -7
0.008456 -1 3.5 -6.5
0.000103625 -1.5 4 -6
0.00071812 0 2.5 -8
0.00930576 -0.5 3 -7.5
0.00834969 -1 3.5 -7
0.000214903 -1.5 4 -6.5
0.000556445 0 2.5 -8.5
0.00657877 -0.5 3 -8
0.00730922 -1 3.5 -7.5
0.000224707 -1.5 4 -7
0.000295555 0 2.5 -9
0.00327147 -0.5 3 -8.5
0.00479975 -1 3.5 -8
0.000216589 -1.5 4 -7.5
7.74805e-05 0 2.5 -9.5
0.000817419 -0.5 3 -9
0.00194893 -1 3.5 -8.5
0.000175885 -1.5 4 -8
4.75913e-05 -0.5 3 -9.5
0.000224421 -1 3.5 -9
2.06151e-05 -1.5 4 -9
9.60553e-05 -1.5 4 -8.5
6.49513e-05 0 3 -4
0.000287848 0 3 -4.5
8.70723e-05 -0.5 3.5 -4
0.000782832 0 3 -5
0.000489068 -0.5 3.5 -4.5
0.00145754 0 3 -5.5
0.00207749 -0.5 3.5 -5
0.00224667 0 3 -6
0.00509501 -0.5 3.5 -5.5
0.000123595 -1 4 -5
0.00290619 0 3 -6.5
0.00842706 -0.5 3.5 -6
0.000837099 -1 4 -5.5
0.00302667 0 3 -7
0.00970771 -0.5 3.5 -6.5
0.00196056 -1 4 -6
0.00282743 0 3 -7.5
0.00956931 -0.5 3.5 -7
0.00226324 -1 4 -6.5
0.00216703 0 3 -8
0.00825938 -0.5 3.5 -7.5
0.00221866 -1 4 -7
0.00127047 0 3 -8.5
0.00536371 -0.5 3.5 -8
0.00186757 -1 4 -7.5
0.000492657 0 3 -9
0.00234391 -0.5 3.5 -8.5
0.00112618 -1 4 -8
6.67322e-05 0 3 -9.5
0.000378181 -0.5 3.5 -9
0.000377418 -1 4 -8.5
2.21961e-05 -0.5 3.5 -9.5
3.36058e-05 -1 4 -9
2.02126e-05 0 3.5 -3.5
0.000109167 0 3.5 -4
0.000521805 0 3.5 -4.5
3.49289e-05 -0.5 4 -4
0.0016047 0 3.5 -5
0.000260035 -0.5 4 -4.5
0.00322451 0 3.5 -5.5
0.00137272 -0.5 4 -5
0.00482623 0 3.5 -6
0.00345671 -0.5 4 -5.5
3.96197e-05 0.5 3 -7
0.00553693 0 3.5 -6.5
0.00526313 -0.5 4 -6
6.09875e-05 -1 4.5 -5.5
5.6791e-05 0.5 3 -7.5
0.00545095 0 3.5 -7
0.00553034 -0.5 4 -6.5
8.18234e-05 0.5 3 -8
0.00469828 0 3.5 -7.5
0.00529159 -0.5 4 -7
0.000222591 -1 4.5 -6.5
0.000113076 0.5 3 -8.5
0.00318235 0 3.5 -8
0.00409934 -0.5 4 -7.5
0.000220753 -1 4.5 -7
9.85028e-05 0.5 3 -9
0.0015623 0 3.5 -8.5
0.00231494 -0.5 4 -8
4.01688e-05 0.5 3 -9.5
0.000420495 0 3.5 -9
2.52574e-05 0 3.5 -9.5
5.13915e-05 -0.5 4 -9
4.71001e-05 -1 4.5 -8.5
0.000737852 -0.5 4 -8.5
0.000127086 -1 4.5 -8
0.000203112 -1 4.5 -7.5
0.000177453 -1 4.5 -6
5.4788e-05 0.5 3.5 -4
2.02995e-05 0 4 -3.5
0.000144281 0.5 3.5 -4.5
0.000114941 0 4 -4
0.00023666 0.5 3.5 -5
0.000553671 0 4 -4.5
0.000334911 0.5 3.5 -5.5
0.00171944 0 4 -5
4.26725e-05 -0.5 4.5 -4.5
0.000458678 0.5 3.5 -6
0.00350423 0 4 -5.5
0.000330368 -0.5 4.5 -5
0.000583047 0.5 3.5 -6.5
0.00498484 0 4 -6
0.000974186 -0.5 4.5 -5.5
0.000624931 0.5 3.5 -7
0.00521037 0 4 -6.5
0.000594696 0.5 3.5 -7.5
0.00496689 0 4 -7
0.00139194 -0.5 4.5 -6.5
0.000520347 0.5 3.5 -8
0.00384209 0 4 -7.5
0.00126735 -0.5 4.5 -7
0.000392061 0.5 3.5 -8.5
0.00222471 0 4 -8
0.000195101 0.5 3.5 -9
0.000847924 0 4 -8.5
0.000414581 -0.5 4.5 -8
4.53898e-05 0.5 3.5 -9.5
0.000104573 0 4 -9
8.25865e-05 -0.5 4.5 -8.5
0.00087645 -0.5 4.5 -7.5
0.00138231 -0.5 4.5 -6
2.27033e-05 0.5 4 -3.5
0.000112924 0.5 4 -4
0.000375558 0.5 4 -4.5
6.3579e-05 0 4.5 -4
0.000800152 0.5 4 -5
0.000362176 0 4.5 -4.5
0.0012787 0.5 4 -5.5
0.00109737 0 4.5 -5
0.00169488 0.5 4 -6
0.00200498 0 4.5 -5.5
2.21779e-05 -0.5 5 -5
0.00183172 0.5 4 -6.5
0.0024112 0 4.5 -6
8.07961e-05 -0.5 5 -5.5
0.00175892 0.5 4 -7
0.00238549 0 4.5 -6.5
0.000122752 -0.5 5 -6
0.000126526 -0.5 5 -6.5
0.00144756 0.5 4 -7.5
0.00206724 0 4.5 -7
0.00096757 0.5 4 -8
0.000484883 0.5 4 -8.5
0.000633062 0 4.5 -8
8.74271e-05 -0.5 5 -7.5
0.000135857 0.5 4 -9
2.29517e-05 0 4.5 -9
0.000133561 0 4.5 -8.5
4.16449e-05 -0.5 5 -8
0.00135928 0 4.5 -7.5
0.000121654 -0.5 5 -7
2.19867e-05 1 4 -4
2.28028e-05 0.5 4.5 -3.5
2.91197e-05 1 4 -4.5
0.000116606 0.5 4.5 -4
2.35258e-05 1 4 -5
0.000418076 0.5 4.5 -4.5
0.000970473 0.5 4.5 -5
9.02212e-05 0 5 -4.5
2.26708e-05 1 4 -6
0.00156545 0.5 4.5 -5.5
0.000293906 0 5 -5
3.62396e-05 1 4 -6.5
0.00184495 0.5 4.5 -6
0.000475454 0 5 -5.5
4.6545e-05 1 4 -7
0.00182437 0.5 4.5 -6.5
0.000502262 0 5 -6
5.86624e-05 1 4 -7.5
0.00158167 0.5 4.5 -7
0.00048419 0 5 -6.5
7.536e-05 1 4 -8
0.00107194 0.5 4.5 -7.5
7.72255e-05 1 4 -8.5
0.000541011 0.5 4.5 -8
0.000212213 0 5 -7.5
5.09962e-05 1 4 -9
2.19861e-05 0.5 4.5 -9
0.000161137 0.5 4.5 -8.5
8.00285e-05 0 5 -8
0.000372884 0 5 -7
6.72148e-05 1 4.5 -4
0.000142233 1 4.5 -4.5
6.91075e-05 0.5 5 -4
0.00021212 1 4.5 -5
0.00024177 0.5 5 -4.5
0.000298875 1 4.5 -5.5
0.000489689 0.5 5 -5
0.000363047 1 4.5 -6
0.000655994 0.5 5 -5.5
0.000375331 1 4.5 -6.5
0.000667835 0.5 5 -6
0.000347927 1 4.5 -7
0.00061914 0.5 5 -6.5
3.45037e-05 0 5.5 -6
0.000276669 1 4.5 -7.5
0.000180162 1 4.5 -8
0.000245949 0.5 5 -7.5
2.11299e-05 1 4.5 -9
8.0667e-05 1 4.5 -8.5
9.30769e-05 0.5 5 -8
0.000451741 0.5 5 -7
3.38836e-05 0 5.5 -6.5
3.1143e-05 0 5.5 -5.5
7.03537e-05 1 5 -4
0.000185284 1 5 -4.5
0.000321943 1 5 -5
4.40924e-05 0.5 5.5 -4.5
0.000409343 1 5 -5.5
8.5866e-05 0.5 5.5 -5
0.000414794 1 5 -6
0.000101787 0.5 5.5 -5.5
8.55736e-05 0.5 5.5 -6.5
0.000377973 1 5 -6.5
4.68732e-05 0.5 5.5 -7
6.48571e-05 1 5 -8
2.14021e-05 1 5 -8.5
0.000156264 1 5 -7.5
0.000275422 1 5 -7
0.000101351 0.5 5.5 -6
2.44798e-05 1.5 5 -4.5
2.37136e-05 1 5.5 -4
3.68092e-05 1.5 5 -5
6.5266e-05 1 5.5 -4.5
4.54265e-05 1.5 5 -5.5
0.000103173 1 5.5 -5
4.85358e-05 1.5 5 -6
4.54586e-05 1.5 5 -6.5
3.69011e-05 1.5 5 -7
8.88686e-05 1 5.5 -6.5
2.37454e-05 1.5 5 -7.5
4.87163e-05 1 5.5 -7
0.000111916 1 5.5 -6
0.000114318 1 5.5 -5.5
3.34237e-05 1.5 5.5 -4.5
4.9304e-05 1.5 5.5 -5
5.19239e-05 1.5 5.5 -5.5
4.69554e-05 1.5 5.5 -6
3.17151e-05 1.5 5.5 -6.5
2.43933e-05 1.5 5.5 -7
