0.412249
2.31294e-05 -3.5 -3 -10.5
2.44188e-05 -3.5 -3 -11
2.12719e-05 -3.5 -2.5 -10
2.71535e-05 -3.5 -2.5 -10.5
2.02503e-05 -3 -3 -11.5
2.3429e-05 -3.5 -2.5 -11
3.58183e-05 -3 -2.5 -10
5.94798e-05 -3 -2.5 -10.5
6.78696e-05 -3 -2.5 -11
4.64869e-05 -3 -2.5 -11.5
2.01231e-05 -3 -2.5 -12
3.2075e-05 -3 -2 -9
7.72765e-05 -3 -2 -9.5
0.00012156 -3 -2 -10
0.000136815 -3 -2 -10.5
2.4475e-05 -2.5 -2.5 -11.5
0.0001159 -3 -2 -11
2.2571e-05 -2.5 -2.5 -12
6.26778e-05 -3 -2 -11.5
5.32276e-05 -3 -1.5 -9
4.14354e-05 -2.5 -2 -10
0.000106902 -3 -1.5 -9.5
9.19794e-05 -2.5 -2 -10.5
0.000142214 -3 -1.5 -10
0.000135477 -2.5 -2 -11
0.000139726 -3 -1.5 -10.5
0.000110572 -2.5 -2 -11.5
0.000112974 -3 -1.5 -11
4.57848e-05 -2.5 -2 -12
5.52093e-05 -3 -1.5 -11.5
7.04708e-05 -2.5 -1.5 -9
0.000217766 -2.5 -1.5 -9.5
3.68973e-05 -3 -1 -9
0.000376012 -2.5 -1.5 -10
7.05067e-05 -3 -1 -9.5
0.000444534 -2.5 -1.5 -10.5
7.67263e-05 -3 -1 -10
2.80271e-05 -2 -2 -11.5
0.00037983 -2.5 -1.5 -11
7.53894e-05 -3 -1 -10.5
2.62663e-05 -2 -2 -12
0.000201062 -2.5 -1.5 -11.5
6.79034e-05 -3 -1 -11
4.78892e-05 -2.5 -1.5 -12
3.7902e-05 -3 -1 -11.5
9.90646e-05 -2.5 -1 -8.5
0.000310494 -2.5 -1 -9
4.62505e-05 -2 -1.5 -10
0.000578179 -2.5 -1 -9.5
0.000123233 -2 -1.5 -10.5
0.000714913 -2.5 -1 -10
0.000204355 -2 -1.5 -11
0.000691221 -2.5 -1 -10.5
0.000174241 -2 -1.5 -11.5
0.000507692 -2.5 -1 -11
7.1581e-05 -2 -1.5 -12
0.000219754 -2.5 -1 -11.5
2.80317e-05 -2.5 -1 -12
2.10221e-05 -3 -0.5 -11.5
9.66621e-05 -2 -1 -9
0.00011786 -2.5 -0.5 -8.5
0.000377484 -2 -1 -9.5
0.00035079 -2.5 -0.5 -9
0.000704889 -2 -1 -10
0.000591877 -2.5 -0.5 -9.5
0.000856894 -2 -1 -10.5
0.000634472 -2.5 -0.5 -10
2.08084e-05 -1.5 -1.5 -11.5
0.000749417 -2 -1 -11
0.000610517 -2.5 -0.5 -10.5
2.48102e-05 -1.5 -1.5 -12
0.000407085 -2 -1 -11.5
0.00043706 -2.5 -0.5 -11
9.08156e-05 -2 -1 -12
0.00016086 -2.5 -0.5 -11.5
2.16302e-05 -2.5 -0.5 -12
7.71622e-05 -2 -0.5 -8
0.000341545 -2 -0.5 -8.5
0.000984906 -2 -0.5 -9
4.47848e-05 -1.5 -1 -10
0.00174555 -2 -0.5 -9.5
0.000139618 -2.5 0 -9
0.000136728 -1.5 -1 -10.5
0.0020841 -2 -0.5 -10
0.000241879 -2.5 0 -9.5
0.000233858 -1.5 -1 -11
0.00197078 -2 -0.5 -10.5
0.000244088 -2.5 0 -10
0.000204568 -1.5 -1 -11.5
0.00136605 -2 -0.5 -11
0.000239423 -2.5 0 -10.5
8.91922e-05 -1.5 -1 -12
0.000542354 -2 -0.5 -11.5
0.000208754 -2.5 0 -11
6.07476e-05 -2 -0.5 -12
9.55504e-05 -2.5 0 -11.5
2.10556e-05 -2 0 -7.5
0.000154612 -2 0 -8
0.000178619 -1.5 -0.5 -9
0.000737286 -2 0 -8.5
0.000636001 -1.5 -0.5 -9.5
0.00171959 -2 0 -9
0.00109847 -1.5 -0.5 -10
0.00251486 -2 0 -9.5
0.00126124 -1.5 -0.5 -10.5
0.0025798 -2 0 -10
3.59498e-05 -2.5 0.5 -9.5
0.00107211 -1.5 -0.5 -11
0.00236453 -2 0 -10.5
3.67491e-05 -2.5 0.5 -10
0.000566208 -1.5 -0.5 -11.5
0.00148565 -2 0 -11
3.25126e-05 -2.5 0.5 -10.5
0.000127942 -1.5 -0.5 -12
0.000447886 -2 0 -11.5
3.97484e-05 -2.5 0.5 -11
3.24388e-05 -2 0 -12
4.68421e-05 -2.5 0.5 -11.5
3.26591e-05 -1.5 0 -7.5
0.000164664 -1.5 0 -8
2.12071e-05 -1 -0.5 -9
0.000787278 -1.5 0 -8.5
4.37952e-05 -2 0.5 -8
3.1607e-05 -1 -0.5 -9.5
0.00203838 -1.5 0 -9
0.000503837 -2 0.5 -8.5
5.75939e-05 -1 -0.5 -10
0.00333937 -1.5 0 -9.5
0.00132828 -2 0.5 -9
9.35915e-05 -1 -0.5 -10.5
0.00369491 -1.5 0 -10
0.00170306 -2 0.5 -9.5
0.000156425 -1 -0.5 -11
0.0034618 -1.5 0 -10.5
0.00170009 -2 0.5 -10
0.00014995 -1 -0.5 -11.5
0.00229635 -1.5 0 -11
0.00160195 -2 0.5 -10.5
6.91146e-05 -1 -0.5 -12
0.000868694 -1.5 0 -11.5
0.00100749 -2 0.5 -11
9.92047e-05 -1.5 0 -12
0.000266153 -2 0.5 -11.5
0.000119132 -1.5 0.5 -7.5
5.11308e-05 -1 0 -8.5
0.000754094 -1.5 0.5 -8
0.000336152 -1 0 -9
0.00248275 -1.5 0.5 -8.5
0.000835316 -1 0 -9.5
0.00471747 -1.5 0.5 -9
0.00125623 -1 0 -10
0.00597822 -1.5 0.5 -9.5
0.000284416 -2 1 -9
0.00135321 -1 0 -10.5
0.00598426 -1.5 0.5 -10
0.000418197 -2 1 -9.5
0.0011137 -1 0 -11
0.00514138 -1.5 0.5 -10.5
0.000413603 -2 1 -10
0.000570349 -1 0 -11.5
0.00298543 -1.5 0.5 -11
0.000416877 -2 1 -10.5
0.000131732 -1 0 -12
0.000832071 -1.5 0.5 -11.5
0.000386344 -2 1 -11
5.90916e-05 -1.5 0.5 -12
0.000128422 -2 1 -11.5
7.33629e-05 -1 0.5 -7.5
0.000433944 -1 0.5 -8
7.69922e-05 -1.5 1 -7.5
2.30849e-05 -0.5 0 -9
0.00162985 -1 0.5 -8.5
0.000712279 -1.5 1 -8
3.44518e-05 -0.5 0 -9.5
0.00338791 -1 0.5 -9
0.00266764 -1.5 1 -8.5
4.41579e-05 -0.5 0 -10
0.00478881 -1 0.5 -9.5
0.00496948 -1.5 1 -9
5.57423e-05 -0.5 0 -10.5
0.00497763 -1 0.5 -10
0.00568808 -1.5 1 -9.5
6.89943e-05 -0.5 0 -11
0.00445744 -1 0.5 -10.5
0.00563666 -1.5 1 -10
4.75186e-05 -2 1.5 -9.5
6.72903e-05 -0.5 0 -11.5
0.0027774 -1 0.5 -11
0.00481413 -1.5 1 -10.5
4.74245e-05 -2 1.5 -10
3.53178e-05 -0.5 0 -12
0.00099057 -1 0.5 -11.5
0.00255089 -1.5 1 -11
4.24924e-05 -2 1.5 -10.5
0.000111645 -1 0.5 -12
0.000525439 -1.5 1 -11.5
4.66301e-05 -2 1.5 -11
2.93377e-05 -1.5 1 -12
5.5235e-05 -2 1.5 -11.5
6.31495e-05 -1 1 -7
2.43283e-05 -0.5 0.5 -8
0.000401108 -1 1 -7.5
0.000101486 -0.5 0.5 -8.5
0.00189959 -1 1 -8
0.000330435 -0.5 0.5 -9
0.00482828 -1 1 -8.5
4.228e-05 -1.5 1.5 -8
0.000626399 -0.5 0.5 -9.5
0.00797682 -1 1 -9
0.000988826 -1.5 1.5 -8.5
0.000843379 -0.5 0.5 -10
0.00922301 -1 1 -9.5
0.00227656 -1.5 1.5 -9
0.000865288 -0.5 0.5 -10.5
0.00908056 -1 1 -10
0.00248692 -1.5 1.5 -9.5
0.000735517 -0.5 0.5 -11
0.00737323 -1 1 -10.5
0.00248279 -1.5 1.5 -10
0.000391687 -0.5 0.5 -11.5
0.00394351 -1 1 -11
0.00231022 -1.5 1.5 -10.5
0.000100575 -0.5 0.5 -12
0.00106494 -1 1 -11.5
0.00127368 -1.5 1.5 -11
8.26369e-05 -1 1 -12
0.000216734 -1.5 1.5 -11.5
3.05962e-05 -0.5 1 -7
0.000184393 -0.5 1 -7.5
5.80502e-05 -1 1.5 -7
0.000835289 -0.5 1 -8
0.000463731 -1 1.5 -7.5
0.00219578 -0.5 1 -8.5
0.00262621 -1 1.5 -8
0.00380428 -0.5 1 -9
0.00644621 -1 1.5 -8.5
0.00481171 -0.5 1 -9.5
0.00985208 -1 1.5 -9
0.00483756 -0.5 1 -10
0.0105129 -1 1.5 -9.5
0.000289199 -1.5 2 -9
0.00408367 -0.5 1 -10.5
0.0102115 -1 1.5 -10
0.000380149 -1.5 2 -9.5
0.00243158 -0.5 1 -11
0.00792634 -1 1.5 -10.5
0.000376293 -1.5 2 -10
0.000845935 -0.5 1 -11.5
0.00392207 -1 1.5 -11
0.000366927 -1.5 2 -10.5
0.000101744 -0.5 1 -12
0.000747464 -1 1.5 -11.5
0.000329593 -1.5 2 -11
4.68191e-05 -1 1.5 -12
7.25135e-05 -1.5 2 -11.5
2.2927e-05 -0.5 1.5 -6.5
0.000151988 -0.5 1.5 -7
0.000858816 -0.5 1.5 -7.5
4.17723e-05 0 1 -8.5
0.00307251 -0.5 1.5 -8
8.99568e-05 -1 2 -7.5
0.000127665 0 1 -9
0.0065917 -0.5 1.5 -8.5
0.00139193 -1 2 -8
0.000248615 0 1 -9.5
0.0096806 -0.5 1.5 -9
0.00454884 -1 2 -8.5
0.000321504 0 1 -10
0.010462 -0.5 1.5 -9.5
0.00679417 -1 2 -9
0.000346253 0 1 -10.5
0.0101084 -0.5 1.5 -10
0.00696947 -1 2 -9.5
0.000301424 0 1 -11
0.0077017 -0.5 1.5 -10.5
0.0067898 -1 2 -10
3.34948e-05 -1.5 2.5 -9.5
0.000179558 0 1 -11.5
0.00389492 -0.5 1.5 -11
0.0051454 -1 2 -10.5
3.38248e-05 -1.5 2.5 -10
5.76399e-05 0 1 -12
0.000993929 -0.5 1.5 -11.5
0.0022387 -1 2 -11
3.25113e-05 -1.5 2.5 -10.5
9.10837e-05 -0.5 1.5 -12
0.000284017 -1 2 -11.5
3.06364e-05 -1.5 2.5 -11
5.6864e-05 0 1.5 -7
2.80129e-05 -0.5 2 -6.5
0.000266458 0 1.5 -7.5
0.000211971 -0.5 2 -7
0.000755823 0 1.5 -8
0.00135791 -0.5 2 -7.5
0.00153636 0 1.5 -8.5
0.0046692 -0.5 2 -8
0.00243349 0 1.5 -9
0.00922235 -0.5 2 -8.5
3.83568e-05 -1 2.5 -8
0.00292321 0 1.5 -9.5
0.01243 -0.5 2 -9
0.000909738 -1 2.5 -8.5
0.00286371 0 1.5 -10
0.0127817 -0.5 2 -9.5
0.00166953 -1 2.5 -9
0.002365 0 1.5 -10.5
0.0121112 -0.5 2 -10
0.00169758 -1 2.5 -9.5
0.00144132 0 1.5 -11
0.00875178 -0.5 2 -10.5
0.00170639 -1 2.5 -10
0.000540614 0 1.5 -11.5
0.00409182 -0.5 2 -11
0.00147837 -1 2.5 -10.5
8.27072e-05 0 1.5 -12
0.000758422 -0.5 2 -11.5
4.13436e-05 -0.5 2 -12
5.46583e-05 -1 2.5 -11.5
0.000641525 -1 2.5 -11
4.45578e-05 0 2 -6.5
0.000260826 0 2 -7
0.00128051 0 2 -7.5
8.51578e-05 -0.5 2.5 -7
0.00343392 0 2 -8
0.000924442 -0.5 2.5 -7.5
0.00622236 0 2 -8.5
0.00417927 -0.5 2.5 -8
0.00827616 0 2 -9
0.00857005 -0.5 2.5 -8.5
2.37359e-05 0.5 1.5 -10
0.00856415 0 2 -9.5
0.0107376 -0.5 2.5 -9
2.02455e-05 -1 3 -8.5
4.82204e-05 0.5 1.5 -10.5
0.00801542 0 2 -10
0.010795 -0.5 2.5 -9.5
0.000146817 -1 3 -9
7.44981e-05 0.5 1.5 -11
0.00575695 0 2 -10.5
0.0099419 -0.5 2.5 -10
0.000167666 -1 3 -9.5
6.32137e-05 0.5 1.5 -11.5
0.0028654 0 2 -11
0.00662965 -0.5 2.5 -10.5
2.38997e-05 0.5 1.5 -12
0.000752976 0 2 -11.5
6.8327e-05 0 2 -12
0.000270713 -0.5 2.5 -11.5
0.000101787 -1 3 -11
0.00252751 -0.5 2.5 -11
0.000158048 -1 3 -10.5
0.000165976 -1 3 -10
5.65031e-05 0.5 2 -7
7.32733e-05 0 2.5 -6.5
0.000129646 0.5 2 -7.5
0.000450269 0 2.5 -7
0.000281774 0.5 2 -8
0.00216244 0 2.5 -7.5
0.000541209 0.5 2 -8.5
0.00555088 0 2.5 -8
7.96445e-05 -0.5 3 -7.5
0.000841238 0.5 2 -9
0.00956215 0 2.5 -8.5
0.00132899 -0.5 3 -8
0.00101195 0.5 2 -9.5
0.0117236 0 2.5 -9
0.00332199 -0.5 3 -8.5
0.000994734 0.5 2 -10
0.0118125 0 2.5 -9.5
0.00399432 -0.5 3 -9
0.000869211 0.5 2 -10.5
0.0107348 0 2.5 -10
0.00400112 -0.5 3 -9.5
0.000595177 0.5 2 -11
0.00717967 0 2.5 -10.5
0.000271375 0.5 2 -11.5
4.69916e-05 0.5 2 -12
0.000574367 0 2.5 -11.5
0.000713285 -0.5 3 -11
3.60285e-05 0 2.5 -12
4.95379e-05 -0.5 3 -11.5
0.00317053 0 2.5 -11
0.0023292 -0.5 3 -10.5
0.00369328 -0.5 3 -10
6.84612e-05 0.5 2.5 -6.5
0.000357576 0.5 2.5 -7
4.31443e-05 0 3 -6.5
0.0011256 0.5 2.5 -7.5
0.000362957 0 3 -7
0.00233146 0.5 2.5 -8
0.00217927 0 3 -7.5
0.00366143 0.5 2.5 -8.5
0.00579249 0 3 -8
0.0045144 0.5 2.5 -9
0.0095447 0 3 -8.5
4.63636e-05 -0.5 3.5 -8
0.00457632 0.5 2.5 -9.5
0.0107743 0 3 -9
0.000337818 -0.5 3.5 -8.5
0.00409763 0.5 2.5 -10
0.0106704 0 3 -9.5
0.000480551 -0.5 3.5 -9
0.00293537 0.5 2.5 -10.5
0.00910829 0 3 -10
0.00151905 0.5 2.5 -11
0.0055374 0 3 -10.5
0.000474307 -0.5 3.5 -10
0.000440233 0.5 2.5 -11.5
0.00196129 0 3 -11
3.90678e-05 0.5 2.5 -12
2.01036e-05 0 3 -12
0.000187966 0 3 -11.5
9.96212e-05 -0.5 3.5 -11
0.000358076 -0.5 3.5 -10.5
0.000482623 -0.5 3.5 -9.5
2.09774e-05 0.5 3 -6
0.000129921 0.5 3 -6.5
0.0006917 0.5 3 -7
0.00233851 0.5 3 -7.5
7.56947e-05 0 3.5 -7
0.00496517 0.5 3 -8
0.0009264 0 3.5 -7.5
3.98743e-05 1 2.5 -9
0.00748305 0.5 3 -8.5
0.00305487 0 3.5 -8
8.41121e-05 1 2.5 -9.5
0.00836219 0.5 3 -9
0.00488334 0 3.5 -8.5
0.000118171 1 2.5 -10
0.00824794 0.5 3 -9.5
0.00517333 0 3.5 -9
0.000164775 1 2.5 -10.5
0.00694375 0.5 3 -10
0.000157479 1 2.5 -11
0.00434543 0.5 3 -10.5
0.00411459 0 3.5 -10
0.00010501 1 2.5 -11.5
0.00177122 0.5 3 -11
2.98672e-05 1 2.5 -12
0.00032047 0.5 3 -11.5
2.7637e-05 0.5 3 -12
3.18907e-05 0 3.5 -11.5
0.000490031 0 3.5 -11
3.1896e-05 -0.5 4 -10.5
0.00213803 0 3.5 -10.5
3.11987e-05 -0.5 4 -10
3.07542e-05 -0.5 4 -9.5
0.00509916 0 3.5 -9.5
2.96578e-05 -0.5 4 -9
8.08189e-05 1 3 -6.5
0.000251731 1 3 -7
0.000129991 0.5 3.5 -6.5
0.000475009 1 3 -7.5
0.000792918 0.5 3.5 -7
0.000764929 1 3 -8
0.00267181 0.5 3.5 -7.5
0.00112814 1 3 -8.5
0.00539399 0.5 3.5 -8
6.13605e-05 0 4 -7.5
0.00138216 1 3 -9
0.00745105 0.5 3.5 -8.5
0.000442235 0 4 -8
0.00139282 1 3 -9.5
0.00778769 0.5 3.5 -9
0.000809554 0 4 -8.5
0.00127983 1 3 -10
0.0074898 0.5 3.5 -9.5
0.000856237 0 4 -9
0.000995146 1 3 -10.5
0.00576393 0.5 3.5 -10
0.000202757 1 3 -11.5
0.00104352 0.5 3.5 -11
0.000324247 0 4 -10.5
2.20334e-05 1 3 -12
9.92445e-05 0.5 3.5 -11.5
4.44993e-05 0 4 -11
0.000601117 1 3 -11
0.00321703 0.5 3.5 -10.5
0.000713702 0 4 -10
0.000864621 0 4 -9.5
3.1517e-05 1 3.5 -6
0.000178093 1 3.5 -6.5
0.000704 1 3.5 -7
4.39657e-05 0.5 4 -6.5
0.00168169 1 3.5 -7.5
0.000428171 0.5 4 -7
0.00291971 1 3.5 -8
0.00171889 0.5 4 -7.5
0.00387962 1 3.5 -8.5
0.00334572 0.5 4 -8
0.00406305 1 3.5 -9
0.00419781 0.5 4 -8.5
0.00388848 1 3.5 -9.5
0.00424999 0.5 4 -9
0.00304455 1 3.5 -10
5.57772e-05 0 4.5 -9.5
2.43845e-05 1.5 3 -11
0.00182381 1 3.5 -10.5
5.26487e-05 0 4.5 -10
2.51146e-05 1.5 3 -11.5
0.00072007 1 3.5 -11
0.00011994 1 3.5 -11.5
2.46955e-05 0.5 4 -11.5
0.000224548 0.5 4 -11
2.34539e-05 0 4.5 -10.5
0.00122935 0.5 4 -10.5
0.00271594 0.5 4 -10
0.00393521 0.5 4 -9.5
5.52843e-05 0 4.5 -9
4.84823e-05 0 4.5 -8.5
4.25751e-05 1.5 3.5 -6.5
4.03075e-05 1 4 -6
6.42738e-05 1.5 3.5 -7
0.000235341 1 4 -6.5
8.9402e-05 1.5 3.5 -7.5
0.000917605 1 4 -7
0.00012495 1.5 3.5 -8
0.0021419 1 4 -7.5
6.32519e-05 0.5 4.5 -7
0.000195147 1.5 3.5 -8.5
0.00356391 1 4 -8
0.000387742 0.5 4.5 -7.5
0.000243813 1.5 3.5 -9
0.00423485 1 4 -8.5
0.000767473 0.5 4.5 -8
0.000253112 1.5 3.5 -9.5
0.00425532 1 4 -9
0.000262217 1.5 3.5 -10
0.00379763 1 4 -9.5
0.000234463 1.5 3.5 -10.5
0.000171587 1.5 3.5 -11
6.04517e-05 1.5 3.5 -11.5
4.7445e-05 1 4 -11.5
0.00037721 1 4 -11
0.00015001 0.5 4.5 -10.5
0.0012817 1 4 -10.5
0.000483316 0.5 4.5 -10
0.00260272 1 4 -10
0.000813124 0.5 4.5 -9.5
0.000904625 0.5 4.5 -9
0.000895016 0.5 4.5 -8.5
4.21931e-05 1.5 4 -6
0.000170325 1.5 4 -6.5
0.000422874 1.5 4 -7
0.000166041 1 4.5 -6.5
0.00076517 1.5 4 -7.5
0.000682862 1 4.5 -7
0.00108322 1.5 4 -8
0.00146712 1 4.5 -7.5
0.00127726 1.5 4 -8.5
0.00215222 1 4.5 -8
0.00127584 1.5 4 -9
5.33308e-05 0.5 5 -8.5
0.00113959 1.5 4 -9.5
5.47708e-05 0.5 5 -9
0.000878391 1.5 4 -10
0.000530326 1.5 4 -10.5
0.00115253 1 4.5 -10
0.000454271 1 4.5 -10.5
7.15394e-05 1 4.5 -11
3.5655e-05 1.5 4 -11.5
0.000202372 1.5 4 -11
2.61952e-05 0.5 5 -10
5.07398e-05 0.5 5 -9.5
0.0019242 1 4.5 -9.5
0.00232225 1 4.5 -9
0.00234841 1 4.5 -8.5
4.31163e-05 0.5 5 -8
6.18595e-05 1.5 4.5 -6
0.00026148 1.5 4.5 -6.5
0.000680277 1.5 4.5 -7
4.26089e-05 1 5 -6.5
0.00121639 1.5 4.5 -7.5
0.00161394 1.5 4.5 -8
0.00169423 1.5 4.5 -8.5
0.000560599 1 5 -8
0.0016289 1.5 4.5 -9
0.000590102 1 5 -8.5
0.000576363 1 5 -9
3.61717e-05 2 4 -10.5
0.000783441 1.5 4.5 -10
2.82666e-05 2 4 -11
8.80354e-05 1.5 4.5 -11
2.07383e-05 1 5 -11
5.32542e-05 1 5 -10.5
0.000359021 1.5 4.5 -10.5
0.000187489 1 5 -10
0.000411326 1 5 -9.5
0.00127627 1.5 4.5 -9.5
0.000420087 1 5 -7.5
0.000201857 1 5 -7
3.39056e-05 2 4.5 -6
8.40602e-05 2 4.5 -6.5
4.83797e-05 1.5 5 -6
0.000132467 2 4.5 -7
0.000203667 1.5 5 -6.5
0.000192205 2 4.5 -7.5
0.000469812 1.5 5 -7
0.000249372 2 4.5 -8
0.00075137 1.5 5 -7.5
0.000264757 2 4.5 -8.5
0.000913889 1.5 5 -8
0.000251868 2 4.5 -9
0.000935894 1.5 5 -8.5
0.000213682 2 4.5 -9.5
0.00086702 1.5 5 -9
0.000163668 2 4.5 -10
3.82154e-05 2 4.5 -11
3.27274e-05 1.5 5 -11
0.000107777 1.5 5 -10.5
9.73111e-05 2 4.5 -10.5
0.000331578 1.5 5 -10
0.000629548 1.5 5 -9.5
2.15088e-05 1 5.5 -8.5
2.04351e-05 1 5.5 -8
5.65794e-05 2 5 -6
0.000162309 2 5 -6.5
0.000300029 2 5 -7
5.94709e-05 1.5 5.5 -6.5
0.000422503 2 5 -7.5
0.000471882 2 5 -8
0.000212354 1.5 5.5 -7.5
0.000469176 2 5 -8.5
0.000241728 1.5 5.5 -8
0.000406655 2 5 -9
0.000242575 1.5 5.5 -8.5
0.000121238 1.5 5.5 -9.5
5.0577e-05 1.5 5.5 -10
0.000158076 2 5 -10
2.25031e-05 1.5 5.5 -10.5
6.13733e-05 2 5 -10.5
0.000288561 2 5 -9.5
0.000197883 1.5 5.5 -9
0.000141322 1.5 5.5 -7
3.48253e-05 2 5.5 -6
2.35194e-05 2.5 5 -7
0.000100994 2 5.5 -6.5
2.83417e-05 2.5 5 -7.5
3.08112e-05 2.5 5 -8
2.97703e-05 2.5 5 -8.5
0.00026512 2 5.5 -8
2.72806e-05 2.5 5 -9
2.35763e-05 2.5 5 -9.5
0.000205849 2 5.5 -9
0.000130613 2 5.5 -9.5
5.78284e-05 2 5.5 -10
2.20085e-05 2 5.5 -10.5
0.000259716 2 5.5 -8.5
0.000244312 2 5.5 -7.5
0.000181542 2 5.5 -7
4.27984e-05 2.5 5.5 -6.5
6.88146e-05 2.5 5.5 -7
8.36871e-05 2.5 5.5 -7.5
8.48107e-05 2.5 5.5 -8
7.4693e-05 2.5 5.5 -8.5
5.63804e-05 2 6 -8
3.69189e-05 2.5 5.5 -9.5
3.51576e-05 2 6 -9
2.86023e-05 2 6 -9.5
5.49421e-05 2.5 5.5 -9
4.07976e-05 2.5 6 -7.5
2.04919e-05 2.5 6 -9
3.62824e-05 2.5 6 -8.5
4.31167e-05 2.5 6 -8
2.98334e-05 2.5 6 -7
5.2123e-05 2 6 -8.5
5.18382e-05 2 6 -7.5
3.40772e-05 2 6 -7
