0.359971
3.46751e-05 -3.5 -1 -8
5.10221e-05 -3.5 -1 -8.5
5.20766e-05 -3.5 -1 -9
4.23182e-05 -3.5 -1 -9.5
4.3719e-05 -3.5 -0.5 -7.5
2.04882e-05 -3 -1 -8.5
7.30534e-05 -3.5 -0.5 -8
4.04639e-05 -3 -1 -9
8.29865e-05 -3.5 -0.5 -8.5
4.74116e-05 -3 -1 -9.5
7.95097e-05 -3.5 -0.5 -9
2.21041e-05 -3 -1 -10
5.97856e-05 -3.5 -0.5 -9.5
2.77063e-05 -3 -0.5 -7
8.64819e-05 -3 -0.5 -7.5
0.000173901 -3 -0.5 -8
4.17396e-05 -3.5 0 -7.5
0.000232693 -3 -0.5 -8.5
6.74612e-05 -3.5 0 -8
0.000212248 -3 -0.5 -9
7.37755e-05 -3.5 0 -8.5
0.00013149 -3 -0.5 -9.5
7.26775e-05 -3.5 0 -9
4.21656e-05 -3 -0.5 -10
6.04312e-05 -3.5 0 -9.5
2.15291e-05 -3.5 0 -10
6.14196e-05 -3 0 -6.5
0.000198501 -3 0 -7
3.45536e-05 -2.5 -0.5 -8
0.000389995 -3 0 -7.5
8.38263e-05 -2.5 -0.5 -8.5
0.000522297 -3 0 -8
2.64028e-05 -3.5 0.5 -7.5
0.000143521 -2.5 -0.5 -9
0.000520787 -3 0 -8.5
3.95456e-05 -3.5 0.5 -8
0.000119327 -2.5 -0.5 -9.5
0.000418044 -3 0 -9
4.15426e-05 -3.5 0.5 -8.5
4.74585e-05 -2.5 -0.5 -10
0.000200025 -3 0 -9.5
4.15507e-05 -3.5 0.5 -9
3.58863e-05 -3 0 -10
4.18028e-05 -3.5 0.5 -9.5
2.92162e-05 -3.5 0.5 -10
3.56408e-05 -2.5 0 -6.5
0.000160237 -2.5 0 -7
7.83161e-05 -3 0.5 -6.5
0.000431327 -2.5 0 -7.5
0.00024481 -3 0.5 -7
0.000694574 -2.5 0 -8
0.00045362 -3 0.5 -7.5
2.70987e-05 -2 -0.5 -9
0.000757596 -2.5 0 -8.5
0.000540413 -3 0.5 -8
4.60793e-05 -2 -0.5 -9.5
0.000619178 -2.5 0 -9
0.000535017 -3 0.5 -8.5
2.68623e-05 -2 -0.5 -10
0.000303414 -2.5 0 -9.5
0.00044049 -3 0.5 -9
5.38324e-05 -2.5 0 -10
0.00021139 -3 0.5 -9.5
3.91811e-05 -3 0.5 -10
2.13525e-05 -3.5 1 -10
2.21292e-05 -2.5 0.5 -5.5
0.000118808 -2.5 0.5 -6
0.000497649 -2.5 0.5 -6.5
6.34973e-05 -2 0 -7.5
0.00120917 -2.5 0.5 -7
4.00693e-05 -3 1 -6.5
0.000193721 -2 0 -8
0.00191746 -2.5 0.5 -7.5
0.00014942 -3 1 -7
0.000352217 -2 0 -8.5
0.0020842 -2.5 0.5 -8
0.00028206 -3 1 -7.5
0.000353498 -2 0 -9
0.00192633 -2.5 0.5 -8.5
0.00032125 -3 1 -8
0.000229778 -2 0 -9.5
0.00123977 -2.5 0.5 -9
0.000318167 -3 1 -8.5
6.52571e-05 -2 0 -10
0.000426843 -2.5 0.5 -9.5
0.000300195 -3 1 -9
3.80206e-05 -2.5 0.5 -10
0.000184991 -3 1 -9.5
4.16234e-05 -3 1 -10
4.47534e-05 -2 0.5 -6
3.03832e-05 -2.5 1 -5.5
0.000264057 -2 0.5 -6.5
0.000191652 -2.5 1 -6
0.000901158 -2 0.5 -7
0.000821432 -2.5 1 -6.5
2.47324e-05 -1.5 0 -8
0.00165039 -2 0.5 -7.5
0.00180125 -2.5 1 -7
3.40308e-05 -1.5 0 -8.5
0.00202712 -2 0.5 -8
0.00248871 -2.5 1 -7.5
4.03714e-05 -3 1.5 -7
5.86599e-05 -1.5 0 -9
0.00188614 -2 0.5 -8.5
0.00252624 -2.5 1 -8
9.38147e-05 -3 1.5 -7.5
5.99519e-05 -1.5 0 -9.5
0.00125187 -2 0.5 -9
0.0023054 -2.5 1 -8.5
0.000103837 -3 1.5 -8
2.74635e-05 -1.5 0 -10
0.000476885 -2 0.5 -9.5
0.00143761 -2.5 1 -9
0.000100661 -3 1.5 -8.5
5.15263e-05 -2 0.5 -10
0.000441013 -2.5 1 -9.5
9.95666e-05 -3 1.5 -9
3.80065e-05 -2.5 1 -10
0.000100916 -3 1.5 -9.5
4.21887e-05 -3 1.5 -10
2.40276e-05 -2 1 -5
0.000146733 -2 1 -5.5
0.000733172 -2 1 -6
0.000148805 -1.5 0.5 -7
0.00218383 -2 1 -6.5
9.11333e-05 -2.5 1.5 -6
0.000429079 -1.5 0.5 -7.5
0.00403922 -2 1 -7
0.000513062 -2.5 1.5 -6.5
0.000687127 -1.5 0.5 -8
0.00511453 -2 1 -7.5
0.00128295 -2.5 1.5 -7
0.000757492 -1.5 0.5 -8.5
0.00508172 -2 1 -8
0.0017428 -2.5 1.5 -7.5
0.000614744 -1.5 0.5 -9
0.00422673 -2 1 -8.5
0.00175119 -2.5 1.5 -8
0.000295599 -1.5 0.5 -9.5
0.00233416 -2 1 -9
0.00168206 -2.5 1.5 -8.5
5.39131e-05 -1.5 0.5 -10
0.000630699 -2 1 -9.5
0.00116592 -2.5 1.5 -9
4.04428e-05 -2 1 -10
0.00037713 -2.5 1.5 -9.5
3.38758e-05 -2.5 1.5 -10
2.06767e-05 -3 2 -9.5
2.73587e-05 -3 2 -10
7.4311e-05 -1.5 1 -5.5
3.53909e-05 -2 1.5 -5
0.00041838 -1.5 1 -6
0.000246245 -2 1.5 -5.5
2.27579e-05 -1 0.5 -7
0.00146338 -1.5 1 -6.5
0.00133539 -2 1.5 -6
3.64944e-05 -1 0.5 -7.5
0.00288854 -1.5 1 -7
0.0037226 -2 1.5 -6.5
4.74086e-05 -1 0.5 -8
0.0038818 -1.5 1 -7.5
0.00620555 -2 1.5 -7
0.000118385 -2.5 2 -6.5
5.79139e-05 -1 0.5 -8.5
0.00392187 -1.5 1 -8
0.00690114 -2 1.5 -7.5
0.000411931 -2.5 2 -7
7.70925e-05 -1 0.5 -9
0.00331249 -1.5 1 -8.5
0.0067499 -2 1.5 -8
0.000584817 -2.5 2 -7.5
6.33041e-05 -1 0.5 -9.5
0.00187752 -1.5 1 -9
0.00544118 -2 1.5 -8.5
0.000577294 -2.5 2 -8
2.20162e-05 -1 0.5 -10
0.000569291 -1.5 1 -9.5
0.00284414 -2 1.5 -9
0.000563049 -2.5 2 -8.5
4.17868e-05 -1.5 1 -10
0.000626693 -2 1.5 -9.5
0.000504612 -2.5 2 -9
3.15038e-05 -2 1.5 -10
0.000231395 -2.5 2 -9.5
2.43166e-05 -2.5 2 -10
0.000111471 -1.5 1.5 -5
4.13699e-05 -1 1 -6
0.000617681 -1.5 1.5 -5.5
0.000212765 -1 1 -6.5
0.00234495 -1.5 1.5 -6
0.000124729 -2 2 -5.5
0.000549613 -1 1 -7
0.00519634 -1.5 1.5 -6.5
0.000901912 -2 2 -6
0.00087465 -1 1 -7.5
0.00793186 -1.5 1.5 -7
0.00303516 -2 2 -6.5
0.00105036 -1 1 -8
0.00865258 -1.5 1.5 -7.5
0.00518676 -2 2 -7
0.000986651 -1 1 -8.5
0.00832163 -1.5 1.5 -8
0.00558853 -2 2 -7.5
5.98628e-05 -2.5 2.5 -7
0.000675725 -1 1 -9
0.00632907 -1.5 1.5 -8.5
0.00548862 -2 2 -8
9.7997e-05 -2.5 2.5 -7.5
0.000283197 -1 1 -9.5
0.00314546 -1.5 1.5 -9
0.00458313 -2 2 -8.5
9.64439e-05 -2.5 2.5 -8
4.58164e-05 -1 1 -10
0.00070175 -1.5 1.5 -9.5
0.00240742 -2 2 -9
8.92451e-05 -2.5 2.5 -8.5
4.08004e-05 -1.5 1.5 -10
0.000465649 -2 2 -9.5
8.42231e-05 -2.5 2.5 -9
2.2345e-05 -2 2 -10
7.55619e-05 -2.5 2.5 -9.5
2.24255e-05 -2.5 2.5 -10
6.73347e-05 -1 1.5 -5
2.53681e-05 -1.5 2 -4.5
0.000377216 -1 1.5 -5.5
0.000177282 -1.5 2 -5
0.00138357 -1 1.5 -6
0.00107769 -1.5 2 -5.5
2.81925e-05 -0.5 1 -7
0.00304179 -1 1.5 -6.5
0.00394881 -1.5 2 -6
2.03567e-05 -2 2.5 -5.5
3.38113e-05 -0.5 1 -7.5
0.00469692 -1 1.5 -7
0.00813278 -1.5 2 -6.5
0.000185598 -2 2.5 -6
3.79046e-05 -0.5 1 -8
0.0052994 -1 1.5 -7.5
0.0111511 -1.5 2 -7
0.00103712 -2 2.5 -6.5
3.83271e-05 -0.5 1 -8.5
0.0051042 -1 1.5 -8
0.0114433 -1.5 2 -7.5
0.00202674 -2 2.5 -7
4.51051e-05 -0.5 1 -9
0.00390023 -1 1.5 -8.5
0.0107952 -1.5 2 -8
0.00215532 -2 2.5 -7.5
3.84556e-05 -0.5 1 -9.5
0.00202097 -1 1.5 -9
0.00779635 -1.5 2 -8.5
0.00213832 -2 2.5 -8
0.000537635 -1 1.5 -9.5
0.00368523 -1.5 2 -9
0.00193318 -2 2.5 -8.5
3.42931e-05 -1 1.5 -10
0.000668074 -1.5 2 -9.5
0.00112678 -2 2.5 -9
2.72818e-05 -1.5 2 -10
0.00022683 -2 2.5 -9.5
5.29264e-05 -1 2 -4.5
3.18669e-05 -0.5 1.5 -5.5
0.000305329 -1 2 -5
0.000110806 -0.5 1.5 -6
0.00144249 -1 2 -5.5
0.00010005 -1.5 2.5 -5
0.000279905 -0.5 1.5 -6.5
0.00416675 -1 2 -6
0.000743261 -1.5 2.5 -5.5
0.000530809 -0.5 1.5 -7
0.00786008 -1 2 -6.5
0.00347498 -1.5 2.5 -6
0.000725599 -0.5 1.5 -7.5
0.0104942 -1 2 -7
0.00777301 -1.5 2.5 -6.5
0.000790732 -0.5 1.5 -8
0.0107529 -1 2 -7.5
0.0103975 -1.5 2.5 -7
0.000130176 -2 3 -6.5
0.000716397 -0.5 1.5 -8.5
0.0100152 -1 2 -8
0.0104723 -1.5 2.5 -7.5
0.000325975 -2 3 -7
0.000488333 -0.5 1.5 -9
0.00704503 -1 2 -8.5
0.00979977 -1.5 2.5 -8
0.000358052 -2 3 -7.5
0.000209827 -0.5 1.5 -9.5
0.00325266 -1 2 -9
0.00695018 -1.5 2.5 -8.5
0.000347689 -2 3 -8
3.78293e-05 -0.5 1.5 -10
0.000633088 -1 2 -9.5
0.00302544 -1.5 2.5 -9
0.000307656 -2 3 -8.5
3.19209e-05 -1 2 -10
0.000386305 -1.5 2.5 -9.5
0.000216198 -2 3 -9
8.12668e-05 -2 3 -9.5
3.17443e-05 -0.5 2 -4.5
0.000167559 -0.5 2 -5
8.14243e-05 -1 2.5 -4.5
0.000661635 -0.5 2 -5.5
0.000480573 -1 2.5 -5
0.00159959 -0.5 2 -6
0.00227141 -1 2.5 -5.5
0.00283654 -0.5 2 -6.5
0.00612104 -1 2.5 -6
0.000165466 -1.5 3 -5.5
0.00393979 -0.5 2 -7
0.0105926 -1 2.5 -6.5
0.00126294 -1.5 3 -6
0.00422931 -0.5 2 -7.5
0.0129126 -1 2.5 -7
0.0035712 -1.5 3 -6.5
0.00397542 -0.5 2 -8
0.0129009 -1 2.5 -7.5
0.00469739 -1.5 3 -7
0.00292779 -0.5 2 -8.5
0.0116518 -1 2.5 -8
0.00466684 -1.5 3 -7.5
2.79013e-05 -2 3.5 -7
0.0015232 -0.5 2 -9
0.00795609 -1 2.5 -8.5
0.00434001 -1.5 3 -8
3.43893e-05 -2 3.5 -7.5
0.0004349 -0.5 2 -9.5
0.00349465 -1 2.5 -9
0.00307457 -1.5 3 -8.5
3.37483e-05 -2 3.5 -8
2.85818e-05 -0.5 2 -10
0.000536417 -1 2.5 -9.5
0.00127239 -1.5 3 -9
2.95367e-05 -2 3.5 -8.5
2.29553e-05 -1 2.5 -10
0.000113862 -1.5 3 -9.5
2.54295e-05 -2 3.5 -9
9.98919e-05 -0.5 2.5 -4.5
0.00052563 -0.5 2.5 -5
4.9933e-05 -1 3 -4.5
2.16655e-05 0 2 -6
0.0020237 -0.5 2.5 -5.5
0.000357257 -1 3 -5
4.22148e-05 0 2 -6.5
0.00464967 -0.5 2.5 -6
0.00206687 -1 3 -5.5
0.000107308 0 2 -7
0.00757773 -0.5 2.5 -6.5
0.00603236 -1 3 -6
0.000169057 0 2 -7.5
0.0092146 -0.5 2.5 -7
0.0104547 -1 3 -6.5
0.000126102 -1.5 3.5 -6
0.000205056 0 2 -8
0.00921088 -0.5 2.5 -7.5
0.0120705 -1 3 -7
0.000516754 -1.5 3.5 -6.5
0.000228069 0 2 -8.5
0.00815577 -0.5 2.5 -8
0.0119057 -1 3 -7.5
0.000764952 -1.5 3.5 -7
0.000199503 0 2 -9
0.00544692 -0.5 2.5 -8.5
0.0103233 -1 3 -8
0.000759134 -1.5 3.5 -7.5
0.000116352 0 2 -9.5
0.00244522 -0.5 2.5 -9
0.00653343 -1 3 -8.5
0.000711584 -1.5 3.5 -8
2.86421e-05 0 2 -10
0.000489694 -0.5 2.5 -9.5
0.00247405 -1 3 -9
0.00052541 -1.5 3.5 -8.5
2.71605e-05 -0.5 2.5 -10
0.000213808 -1 3 -9.5
0.000239382 -1.5 3.5 -9
2.41652e-05 -1.5 3.5 -9.5
4.27483e-05 0 2.5 -4.5
2.49388e-05 -0.5 3 -4
0.000171777 0 2.5 -5
0.000149046 -0.5 3 -4.5
0.000398915 0 2.5 -5.5
0.000779153 -0.5 3 -5
0.000759555 0 2.5 -6
0.0028472 -0.5 3 -5.5
8.45665e-05 -1 3.5 -5
0.00123466 0 2.5 -6.5
0.0063997 -0.5 3 -6
0.000728189 -1 3.5 -5.5
0.00164065 0 2.5 -7
0.010194 -0.5 3 -6.5
0.00295009 -1 3.5 -6
0.00180369 0 2.5 -7.5
0.0115035 -0.5 3 -7
0.00535298 -1 3.5 -6.5
0.00168739 0 2.5 -8
0.0113311 -0.5 3 -7.5
0.00576668 -1 3.5 -7
3.51871e-05 -1.5 4 -6.5
0.0013135 0 2.5 -8.5
0.00967212 -0.5 3 -8
0.00561173 -1 3.5 -7.5
6.47413e-05 -1.5 4 -7
0.000777057 0 2.5 -9
0.00610364 -0.5 3 -8.5
0.00460629 -1 3.5 -8
6.62991e-05 -1.5 4 -7.5
0.000285385 0 2.5 -9.5
0.00243963 -0.5 3 -9
0.0026575 -1 3.5 -8.5
6.30274e-05 -1.5 4 -8
3.33368e-05 0 2.5 -10
0.000321586 -0.5 3 -9.5
0.000765563 -1 3.5 -9
3.70702e-05 -1 3.5 -9.5
2.88761e-05 -1.5 4 -9
4.94913e-05 -1.5 4 -8.5
2.56678e-05 0 3 -4
0.000139183 0 3 -4.5
0.000608261 0 3 -5
0.000115711 -0.5 3.5 -4.5
0.00163339 0 3 -5.5
0.000706363 -0.5 3.5 -5
0.0030331 0 3 -6
0.00279732 -0.5 3.5 -5.5
0.00433167 0 3 -6.5
0.00621518 -0.5 3.5 -6
6.71612e-05 -1 4 -5.5
0.00495134 0 3 -7
0.00910756 -0.5 3.5 -6.5
0.000415703 -1 4 -6
0.00486833 0 3 -7.5
0.00953353 -0.5 3.5 -7
0.000902066 -1 4 -6.5
2.05259e-05 0.5 2.5 -8.5
0.00414879 0 3 -8
0.00914187 -0.5 3.5 -7.5
0.000988281 -1 4 -7
4.04548e-05 0.5 2.5 -9
0.00276532 0 3 -8.5
0.00715772 -0.5 3.5 -8
0.0009705 -1 4 -7.5
4.04773e-05 0.5 2.5 -9.5
0.00133102 0 3 -9
0.0040828 -0.5 3.5 -8.5
0.000798737 -1 4 -8
0.000325042 0 3 -9.5
0.00131052 -0.5 3.5 -9
0.000449489 -1 4 -8.5
2.37067e-05 0 3 -10
8.82025e-05 -0.5 3.5 -9.5
0.000116215 -1 4 -9
3.12021e-05 0.5 3 -4.5
3.73093e-05 0 3.5 -4
6.59767e-05 0.5 3 -5
0.000198407 0 3.5 -4.5
8.97904e-05 0.5 3 -5.5
0.000884821 0 3.5 -5
3.08216e-05 -0.5 4 -4.5
0.000109746 0.5 3 -6
0.00256509 0 3.5 -5.5
0.00025928 -0.5 4 -5
0.000152477 0.5 3 -6.5
0.00487003 0 3.5 -6
0.00135893 -0.5 4 -5.5
0.000228855 0.5 3 -7
0.00675757 0 3.5 -6.5
0.00325686 -0.5 4 -6
0.000266895 0.5 3 -7.5
0.00708665 0 3.5 -7
0.00438339 -0.5 4 -6.5
0.000283261 0.5 3 -8
0.00678485 0 3.5 -7.5
0.00439553 -0.5 4 -7
6.40956e-05 -1 4.5 -6.5
0.000285657 0.5 3 -8.5
0.00533348 0 3.5 -8
0.00400949 -0.5 4 -7.5
7.55593e-05 -1 4.5 -7
0.000240681 0.5 3 -9
0.00315788 0 3.5 -8.5
0.00280551 -0.5 4 -8
0.000126214 0.5 3 -9.5
0.0011959 0 3.5 -9
2.98863e-05 0.5 3 -10
0.000157648 0 3.5 -9.5
0.00024752 -0.5 4 -9
4.36175e-05 -1 4.5 -8.5
0.00130847 -0.5 4 -8.5
6.61133e-05 -1 4.5 -8
7.4756e-05 -1 4.5 -7.5
2.42917e-05 -1 4.5 -6
2.85032e-05 0.5 3.5 -4
0.000132673 0.5 3.5 -4.5
3.08712e-05 0 4 -4
0.000366795 0.5 3.5 -5
0.000181389 0 4 -4.5
0.000649842 0.5 3.5 -5.5
0.000845903 0 4 -5
0.000994447 0.5 3.5 -6
0.00234714 0 4 -5.5
2.79608e-05 -0.5 4.5 -5
0.0013284 0.5 3.5 -6.5
0.00422585 0 4 -6
0.000208285 -0.5 4.5 -5.5
0.00149914 0.5 3.5 -7
0.00525903 0 4 -6.5
0.00145869 0.5 3.5 -7.5
0.00525845 0 4 -7
0.000759501 -0.5 4.5 -6.5
0.00125532 0.5 3.5 -8
0.0047312 0 4 -7.5
0.000756657 -0.5 4.5 -7
0.000915778 0.5 3.5 -8.5
0.00330228 0 4 -8
0.000511968 0.5 3.5 -9
0.00166378 0 4 -8.5
0.000442726 -0.5 4.5 -8
0.000160519 0.5 3.5 -9.5
0.000421657 0 4 -9
2.51597e-05 0 4 -9.5
0.000178242 -0.5 4.5 -8.5
0.000674732 -0.5 4.5 -7.5
0.000585696 -0.5 4.5 -6
4.33152e-05 0.5 4 -4
0.000206445 0.5 4 -4.5
0.000688521 0.5 4 -5
7.35125e-05 0 4.5 -4.5
0.00147692 0.5 4 -5.5
0.000429046 0 4.5 -5
0.0023512 0.5 4 -6
0.00121253 0 4.5 -5.5
0.00287835 0.5 4 -6.5
0.00195392 0 4.5 -6
0.00289513 0.5 4 -7
0.00211044 0 4.5 -6.5
3.31181e-05 -0.5 5 -6
4.74016e-05 -0.5 5 -6.5
0.0026207 0.5 4 -7.5
0.00204285 0 4.5 -7
0.00190791 0.5 4 -8
4.21407e-05 1 3.5 -9
0.00106634 0.5 4 -8.5
0.000954621 0 4.5 -8
4.81102e-05 -0.5 5 -7.5
3.41335e-05 1 3.5 -9.5
0.000383797 0.5 4 -9
5.01611e-05 0.5 4 -9.5
4.86206e-05 0 4.5 -9
0.000342055 0 4.5 -8.5
3.67962e-05 -0.5 5 -8
0.00162542 0 4.5 -7.5
4.88726e-05 -0.5 5 -7
2.48126e-05 1 4 -4
6.65245e-05 1 4 -4.5
3.94957e-05 0.5 4.5 -4
0.000102908 1 4 -5
0.00019532 0.5 4.5 -4.5
0.000135832 1 4 -5.5
0.000628899 0.5 4.5 -5
0.000172234 1 4 -6
0.00131958 0.5 4.5 -5.5
7.0039e-05 0 5 -5
0.00022463 1 4 -6.5
0.00195582 0.5 4.5 -6
0.000212674 0 5 -5.5
0.000250847 1 4 -7
0.00208384 0.5 4.5 -6.5
0.000318365 0 5 -6
0.000250793 1 4 -7.5
0.00200663 0.5 4.5 -7
0.000328706 0 5 -6.5
0.000235923 1 4 -8
0.00158782 0.5 4.5 -7.5
0.000197392 1 4 -8.5
0.00095153 0.5 4.5 -8
0.00022868 0 5 -7.5
3.11249e-05 0 5 -8.5
0.000133082 1 4 -9
3.94661e-05 1 4 -9.5
7.41893e-05 0.5 4.5 -9
0.00039275 0.5 4.5 -8.5
0.000119885 0 5 -8
0.000311599 0 5 -7
3.88084e-05 1 4.5 -4
0.00014158 1 4.5 -4.5
0.000316217 1 4.5 -5
9.63337e-05 0.5 5 -4.5
0.000521293 1 4.5 -5.5
0.000299295 0.5 5 -5
0.000690264 1 4.5 -6
0.000537255 0.5 5 -5.5
0.000758987 1 4.5 -6.5
0.000637503 0.5 5 -6
0.000731513 1 4.5 -7
0.000633432 0.5 5 -6.5
0.000605845 1 4.5 -7.5
0.000410415 1 4.5 -8
0.000366055 0.5 5 -7.5
4.85182e-05 0.5 5 -8.5
6.56036e-05 1 4.5 -9
0.000207746 1 4.5 -8.5
0.000177238 0.5 5 -8
0.000552821 0.5 5 -7
2.97549e-05 1 5 -4
0.000121973 1 5 -4.5
0.000290286 1 5 -5
0.000464617 1 5 -5.5
3.76984e-05 0.5 5.5 -5
0.000527282 1 5 -6
6.87897e-05 0.5 5.5 -5.5
7.62998e-05 0.5 5.5 -6.5
0.000519955 1 5 -6.5
2.24475e-05 1.5 4.5 -7.5
5.82535e-05 0.5 5.5 -7
2.66484e-05 1.5 4.5 -8
2.43001e-05 1.5 4.5 -8.5
0.000150946 1 5 -8
2.46822e-05 0.5 5.5 -7.5
5.5229e-05 1 5 -8.5
0.000296315 1 5 -7.5
0.000443629 1 5 -7
7.75946e-05 0.5 5.5 -6
4.47826e-05 1.5 5 -4.5
7.81854e-05 1.5 5 -5
3.67975e-05 1 5.5 -4.5
0.000107404 1.5 5 -5.5
8.20221e-05 1 5.5 -5
0.000123134 1.5 5 -6
0.000121108 1.5 5 -6.5
0.000104257 1.5 5 -7
0.000115333 1 5.5 -6.5
7.30251e-05 1.5 5 -7.5
4.44717e-05 1.5 5 -8
3.79734e-05 1 5.5 -7.5
8.20147e-05 1 5.5 -7
0.00012172 1 5.5 -6
0.000115369 1 5.5 -5.5
2.94329e-05 1.5 5.5 -4.5
5.95314e-05 1.5 5.5 -5
7.67483e-05 1.5 5.5 -5.5
7.7846e-05 1.5 5.5 -6
6.82935e-05 1.5 5.5 -6.5
2.14456e-05 1.5 5.5 -7.5
4.98402e-05 1.5 5.5 -7
