0.143014
4.06935e-05 -7.5 0.5 6
4.99205e-05 -7.5 0.5 5.5
3.9571e-05 -7.5 0.5 5
4.32905e-05 -8 1 5.5
4.12157e-05 -8 1 5
7.69729e-05 -7 0.5 6
7.60397e-05 -7.5 1 6.5
0.000112497 -7 0.5 5.5
0.000332542 -7.5 1 6
2.78932e-05 -8 1.5 6.5
0.000101154 -7 0.5 5
0.000407841 -7.5 1 5.5
0.000359804 -8 1.5 6
4.0365e-05 -7 0.5 4.5
0.000344711 -7.5 1 5
0.000493418 -8 1.5 5.5
8.84215e-05 -7.5 1 4.5
0.000459401 -8 1.5 5
0.000200222 -8.5 2 5.5
0.000106822 -8 1.5 4.5
0.000211003 -8.5 2 5
0.000108075 -8.5 2 4.5
3.77422e-05 -9 2.5 5
3.55453e-05 -9 2.5 4.5
3.24756e-05 -9 2.5 5.5
8.77011e-05 -8.5 2 6
5.19939e-05 -6.5 0.5 6
0.000142901 -7 1 6.5
2.36515e-05 -7.5 1.5 7
9.58547e-05 -6.5 0.5 5.5
0.000490762 -7 1 6
0.000713222 -7.5 1.5 6.5
9.39993e-05 -6.5 0.5 5
0.000663125 -7 1 5.5
0.0020844 -7.5 1.5 6
6.06428e-05 -6.5 0.5 4.5
0.000616498 -7 1 5
0.00235989 -7.5 1.5 5.5
0.00265936 -8 2 6
0.000179999 -8.5 2.5 6.5
2.00625e-05 -6.5 0.5 4
0.000285432 -7 1 4.5
0.0019373 -7.5 1.5 5
0.00287497 -8 2 5.5
4.90386e-05 -9 3 6
0.000627181 -7.5 1.5 4.5
0.00247562 -8 2 5
0.00081017 -8 2 4.5
0.00101781 -8.5 2.5 5
0.000587643 -8.5 2.5 4.5
3.8807e-05 -8.5 2.5 4
0.000135601 -9 3 4.5
5.64068e-05 -9 3 4
0.000154241 -9 3 5
0.000144791 -9 3 5.5
0.00103418 -8.5 2.5 5.5
0.000826362 -8.5 2.5 6
0.00105282 -8 2 6.5
9.76014e-05 -6.5 1 6.5
0.000100349 -7 1.5 7
0.000321379 -6.5 1 6
0.000967322 -7 1.5 6.5
0.00043063 -8 2.5 7
0.000611679 -7.5 2 7
3.74016e-05 -6 0.5 5
0.000535825 -6.5 1 5.5
0.00245308 -7 1.5 6
3.45603e-05 -6 0.5 4.5
0.000531793 -6.5 1 5
0.00286805 -7 1.5 5.5
0.00677924 -7.5 2 6
0.000243693 -8.5 3 6.5
0.00347365 -8 2.5 6.5
0.00034625 -6.5 1 4.5
0.00269182 -7 1.5 5
0.00126014 -8.5 3 6
9.27284e-05 -6.5 1 4
0.00138906 -7 1.5 4.5
0.00630791 -7.5 2 5
4.45364e-05 -9 3.5 6
0.000165259 -7 1.5 4
0.00282208 -7.5 2 4.5
0.00629216 -8 2.5 5
0.000245086 -7.5 2 4
0.00323176 -8 2.5 4.5
0.000447393 -8 2.5 4
0.00155625 -8.5 3 4.5
0.000535474 -8.5 3 4
0.000161056 -9 3.5 4
5.248e-05 -9 3.5 3.5
0.000206609 -9 3.5 4.5
0.000211512 -9 3.5 5
0.00192144 -8.5 3 5
0.000154097 -9 3.5 5.5
0.00192653 -8.5 3 5.5
0.00702376 -8 2.5 5.5
0.00716997 -7.5 2 5.5
0.00670498 -8 2.5 6
7.83112e-05 -6.5 1.5 7
5.07008e-05 -7 2 7.5
2.08518e-05 -6 1 6
0.000529722 -6.5 1.5 6.5
2.03812e-05 -8 3 7.5
0.000785863 -7 2 7
9.49421e-05 -6 1 5.5
0.00136976 -6.5 1.5 6
0.0037503 -7 2 6.5
0.00708856 -7.5 2.5 6.5
0.000191952 -6 1 5
0.00202425 -6.5 1.5 5.5
0.00347987 -8 3 6.5
0.00018381 -6 1 4.5
0.00197169 -6.5 1.5 5
0.00741014 -7 2 5.5
0.000212029 -8.5 3.5 6.5
0.00761987 -8 3 6
0.0119181 -7.5 2.5 6
9.93708e-05 -6 1 4
0.001298 -6.5 1.5 4.5
0.00668167 -7 2 5
0.00111178 -8.5 3.5 6
0.000442842 -6.5 1.5 4
0.00402562 -7 2 4.5
0.0114541 -7.5 2.5 5
2.90258e-05 -9 4 6
0.0019107 -8.5 3.5 5.5
0.000972204 -7 2 4
0.00695301 -7.5 2.5 4.5
0.000123161 -9 4 5.5
0.00183847 -7.5 2.5 4
0.00619646 -8 3 4.5
2.07639e-05 -7.5 2.5 3.5
0.00225146 -8 3 4
0.000122178 -8 3 3.5
0.00123685 -8.5 3.5 4
0.000254991 -8.5 3.5 3.5
0.000111735 -9 4 3.5
2.15892e-05 -9 4 3
0.000188999 -9 4 4
0.000198475 -9 4 4.5
0.0019952 -8.5 3.5 4.5
0.000197408 -9 4 5
0.00199221 -8.5 3.5 5
0.00847813 -8 3 5
0.00868844 -8 3 5.5
0.0126165 -7.5 2.5 5.5
0.00679515 -7 2 6
0.000495282 -8 3 7
0.00194424 -7.5 2.5 7
0.000172618 -7.5 2.5 7.5
3.74505e-05 -6.5 2 7.5
0.000362056 -6.5 2 7
0.0020573 -7 2.5 7
5.2569e-05 -6 1.5 6
2.18086e-05 -8 3.5 7.5
0.000255231 -6 1.5 5.5
0.0033823 -6.5 2 6
0.0004068 -8 3.5 7
0.00681953 -7 2.5 6.5
0.00199699 -7.5 3 7
0.0114087 -7 2.5 6
0.000559995 -6 1.5 5
0.00462468 -6.5 2 5.5
2.7516e-05 -5.5 1 4
0.000586211 -6 1.5 4.5
0.00449208 -6.5 2 5
0.00011755 -8.5 4 6.5
0.0122898 -7 2.5 5.5
0.0127509 -7.5 3 6
0.000355389 -6 1.5 4
0.00321266 -6.5 2 4.5
0.000734401 -8.5 4 6
0.0113058 -7 2.5 5
0.0140137 -7.5 3 5.5
0.00694978 -8 3.5 6
0.000100857 -6 1.5 3.5
0.00134896 -6.5 2 4
0.00732013 -7 2.5 4.5
0.00168275 -8.5 4 5.5
0.0134032 -7.5 3 5
0.00834551 -8 3.5 5.5
0.000166596 -6.5 2 3.5
0.00292552 -7 2.5 4
5.81958e-05 -9 4.5 5.5
0.00971484 -7.5 3 4.5
0.0018587 -8.5 4 5
0.000285519 -7 2.5 3.5
0.00440489 -7.5 3 4
0.000144662 -9 4.5 5
0.00066209 -7.5 3 3.5
0.00355221 -8 3.5 4
0.000924982 -8 3.5 3.5
4.19874e-05 -8 3.5 3
0.000596643 -8.5 4 3.5
8.43331e-05 -8.5 4 3
4.9727e-05 -9 4.5 3
0.000108506 -9 4.5 3.5
0.000155967 -9 4.5 4
0.00131458 -8.5 4 4
0.000161134 -9 4.5 4.5
0.00181571 -8.5 4 4.5
0.00656412 -8 3.5 4.5
0.00821687 -8 3.5 5
0.00291588 -8 3.5 6.5
0.00718672 -7.5 3 6.5
0.00153201 -6.5 2 6.5
0.000235264 -7.5 3 7.5
0.000147848 -6.5 2.5 7.5
0.000213805 -7.5 3.5 7.5
0.000955737 -6.5 2.5 7
0.000131488 -6 2 6
0.00312112 -6.5 2.5 6.5
0.0017328 -7.5 3.5 7
0.00216291 -7 3 7
0.000571239 -6 2 5.5
0.000210395 -8 4 7
0.00586612 -6.5 2.5 6
4.26283e-05 -5.5 1.5 4.5
0.00114165 -6 2 5
0.00733765 -6.5 2.5 5.5
0.00161358 -8 4 6.5
0.012293 -7 3 6
9.71293e-05 -5.5 1.5 4
0.00113947 -6 2 4.5
0.00706765 -6.5 2.5 5
0.00462213 -8 4 6
0.0135555 -7 3 5.5
0.0117386 -7.5 3.5 6
5.81673e-05 -5.5 1.5 3.5
0.000808864 -6 2 4
0.0053364 -6.5 2.5 4.5
0.000180188 -8.5 4.5 6
0.0126425 -7.5 3.5 5
0.000286083 -6 2 3.5
0.00257656 -6.5 2.5 4
0.000719377 -8.5 4.5 5.5
0.00940991 -7 3 4.5
2.10494e-05 -6 2 3
0.000593619 -6.5 2.5 3.5
0.00462016 -7 3 4
0.00110345 -8.5 4.5 5
0.00945884 -7.5 3.5 4.5
0.00628349 -8 4 5
2.30696e-05 -6.5 2.5 3
0.0011545 -7 3 3.5
3.60748e-05 -9 5 5
0.00519003 -7.5 3.5 4
0.00108978 -8.5 4.5 4.5
4.95069e-05 -7 3 3
0.00177749 -7.5 3.5 3.5
6.71495e-05 -9 5 4.5
0.000152646 -7.5 3.5 3
6.91008e-05 -9 5 4
0.00143525 -8 4 3.5
6.34428e-05 -9 5 3.5
0.000300013 -8 4 3
2.55106e-05 -8.5 4.5 2.5
3.86928e-05 -9 5 3
0.000196752 -8.5 4.5 3
0.000528158 -8.5 4.5 3.5
0.000917047 -8.5 4.5 4
0.00328215 -8 4 4
0.00538245 -8 4 4.5
0.00631859 -8 4 5.5
0.0129171 -7 3 5
0.0131754 -7.5 3.5 5.5
0.00641589 -7.5 3.5 6.5
3.64881e-05 -7 3.5 8
2.69412e-05 -6.5 3 8
0.000313076 -7 3.5 7.5
0.000232978 -6.5 3 7.5
3.52153e-05 -6 2.5 6.5
0.000139836 -7.5 4 7.5
0.000474193 -6 2.5 6
0.00107906 -7.5 4 7
0.00415727 -6.5 3 6.5
0.00117549 -6 2.5 5.5
0.00405517 -7.5 4 6.5
0.0073793 -6.5 3 6
0.00647314 -7 3.5 6.5
5.13301e-05 -5.5 2 4.5
0.00180375 -6 2.5 5
0.000154519 -8 4.5 6.5
0.00859214 -6.5 3 5.5
0.0126853 -7 3.5 5.5
0.000156723 -5.5 2 4
0.00177001 -6 2.5 4.5
0.0011072 -8 4.5 6
0.00897363 -7.5 4 5.5
0.00012 -5.5 2 3.5
0.00130626 -6 2.5 4
0.0062055 -6.5 3 4.5
0.00229453 -8 4.5 5.5
0.00865464 -7.5 4 5
0.0121144 -7 3.5 5
3.59576e-05 -5.5 2 3
0.000532144 -6 2.5 3.5
0.0034471 -6.5 3 4
0.00263543 -8 4.5 5
8.4714e-05 -6 2.5 3
0.0011869 -6.5 3 3.5
9.09871e-05 -8.5 5 5
0.00248672 -8 4.5 4.5
0.000124619 -6.5 3 3
0.00183533 -7 3.5 3.5
0.000197942 -8.5 5 4.5
0.000299206 -7 3.5 3
0.000261756 -8.5 5 4
0.000231241 -8.5 5 3.5
0.000531625 -7.5 4 3
4.24627e-05 -7.5 4 2.5
8.3111e-05 -8 4.5 2.5
4.82e-05 -8.5 5 2.5
0.000130764 -8.5 5 3
0.000420731 -8 4.5 3
0.00105609 -8 4.5 3.5
0.00187361 -7.5 4 3.5
0.0018758 -8 4.5 4
0.00416044 -7.5 4 4
0.00492269 -7 3.5 4
0.00680541 -7.5 4 4.5
0.00901293 -7 3.5 4.5
0.00821918 -6.5 3 5
0.00767363 -7.5 4 6
5.88778e-05 -6 3 7
0.000267449 -6.5 3.5 7.5
2.65215e-05 -7.5 4.5 7.5
0.000343051 -6 3 6.5
0.00018054 -7.5 4.5 7
0.0011411 -6 3 6
0.00416237 -6.5 3.5 6.5
0.00142819 -7 4 7
0.00709149 -6.5 3.5 6
0.000900523 -7.5 4.5 6.5
7.25744e-05 -5.5 2.5 4.5
0.00239087 -6 3 5
0.0022774 -7.5 4.5 6
0.0081025 -6.5 3.5 5.5
0.00754549 -7 4 6
0.0077287 -6.5 3.5 5
0.000215617 -5.5 2.5 4
0.00215907 -6 3 4.5
0.00323755 -7.5 4.5 5.5
0.00847847 -7 4 5.5
0.000194335 -5.5 2.5 3.5
0.00147192 -6 3 4
0.00581118 -6.5 3.5 4.5
0.00618376 -7 4 4.5
7.27492e-05 -5.5 2.5 3
0.000715528 -6 3 3.5
0.000144413 -8 5 5
0.00278337 -7.5 4.5 4.5
0.000172891 -6 3 3
0.00137412 -6.5 3.5 3.5
0.000288347 -8 5 4.5
0.000323892 -6.5 3.5 3
0.000369448 -8 5 4
3.55086e-05 -6.5 3.5 2.5
0.00051866 -7 4 3
0.00031722 -8 5 3.5
7.00633e-05 -7 4 2.5
0.000126368 -7.5 4.5 2.5
7.63516e-05 -8 5 2.5
0.000195722 -8 5 3
0.000467895 -7.5 4.5 3
0.00113485 -7.5 4.5 3.5
0.00168083 -7 4 3.5
0.00198094 -7.5 4.5 4
0.00371826 -7 4 4
0.00328692 -6.5 3.5 4
0.00322197 -7.5 4.5 5
0.00808289 -7 4 5
0.00196644 -6 3 5.5
0.00428354 -7 4 6.5
0.00152227 -6.5 3.5 7
0.000247785 -7 4 7.5
4.93934e-05 -6 3.5 7.5
9.90178e-05 -7 4.5 7.5
0.000742837 -6 3.5 6.5
0.000500954 -7 4.5 7
0.00125214 -6.5 4 7
0.0017294 -6 3.5 6
0.00148956 -7 4.5 6.5
0.00247176 -6 3.5 5.5
0.00254933 -7 4.5 6
0.00510493 -6.5 4 6
0.00014446 -5.5 3 4.5
0.00307447 -7 4.5 5.5
0.00247024 -6 3.5 5
0.000228411 -5.5 3 4
0.00208425 -6 3.5 4.5
7.51741e-05 -7.5 5 5.5
0.000191117 -5.5 3 3.5
0.00133414 -6 3.5 4
0.00376295 -6.5 4 4.5
8.61279e-05 -5.5 3 3
0.000637922 -6 3.5 3.5
0.00220334 -6.5 4 4
0.00240327 -7 4.5 4.5
0.000212466 -6 3.5 3
0.00102974 -6.5 4 3.5
0.00160588 -7 4.5 4
3.15808e-05 -6 3.5 2.5
0.000293569 -7.5 5 3.5
0.000358665 -6.5 4 3
0.000894352 -7 4.5 3.5
7.00085e-05 -6.5 4 2.5
0.000113395 -7 4.5 2.5
2.08208e-05 -7.5 5 2
7.42394e-05 -7.5 5 2.5
0.000181539 -7.5 5 3
0.000381323 -7 4.5 3
0.000350831 -7.5 5 4
0.000331931 -7.5 5 4.5
0.000227069 -7.5 5 5
0.00296265 -7 4.5 5
0.00511933 -6.5 4 5
9.23572e-05 -6 4 7.5
0.000129237 -6.5 4.5 7.5
0.000602478 -6.5 4.5 7
0.00046454 -6 4 7
0.00141001 -6.5 4.5 6.5
0.00114858 -6 4 6.5
0.00210894 -6.5 4.5 6
2.01656e-05 -7 5 6
0.000129363 -5.5 3.5 5
0.00218207 -6.5 4.5 5.5
0.00203805 -6 4 5.5
0.000223454 -5.5 3.5 4.5
0.000185349 -7 5 5.5
0.00021462 -5.5 3.5 4
0.000269213 -7 5 5
0.00142645 -6 4 4.5
0.000142466 -5.5 3.5 3.5
0.000293426 -7 5 4.5
0.000819381 -6 4 4
0.00142973 -6.5 4.5 4.5
6.46969e-05 -5.5 3.5 3
0.000260238 -7 5 4
0.000387049 -6 4 3.5
2.06015e-05 -5.5 3.5 2.5
0.000146047 -6 4 3
0.00018953 -7 5 3.5
0.000449542 -6.5 4.5 3.5
4.09732e-05 -6 4 2.5
6.07396e-05 -6.5 4.5 2.5
4.6734e-05 -7 5 2.5
0.00010964 -7 5 3
0.000195122 -6.5 4.5 3
0.00087203 -6.5 4.5 4
0.00196246 -6.5 4.5 5
0.00193306 -6 4 5
7.79173e-05 -6 4.5 7.5
3.56213e-05 -6.5 5 7
0.000116635 -6.5 5 6.5
7.74165e-05 -5.5 4 6
0.000835025 -6 4.5 6.5
0.000228364 -6.5 5 6
0.000261238 -5.5 4 5
0.000270324 -6.5 5 5.5
0.00109259 -6 4.5 5.5
0.000234592 -5.5 4 4.5
0.000255775 -6.5 5 5
0.000908187 -6 4.5 5
0.000212945 -6.5 5 4.5
7.18007e-05 -5.5 4 3.5
0.000150232 -6.5 5 4
0.000321155 -6 4.5 4
2.75248e-05 -5.5 4 3
8.80599e-05 -6.5 5 3.5
5.54001e-05 -6 4.5 3
4.17937e-05 -6.5 5 3
2.17416e-05 -6 4.5 2.5
0.000145804 -6 4.5 3.5
0.000154762 -5.5 4 4
3.41007e-05 -6 5 7.5
0.00023251 -6 5 6.5
0.000251888 -6 5 5.5
0.000285434 -5.5 4.5 5.5
0.000192835 -6 5 5
0.00024058 -5.5 4.5 5
6.95514e-05 -5.5 4.5 4
0.000120155 -6 5 4.5
2.73705e-05 -5.5 4.5 3.5
6.14515e-05 -6 5 4
2.67516e-05 -6 5 3.5
5.43487e-05 -5.5 5 7
0.000114934 -5.5 5 6.5
0.00014406 -5.5 5 6
0.000135121 -5.5 5 5.5
4.5048e-05 -5.5 5 4.5
2.2462e-05 -5.5 5 4
2.21685e-05 -5 5 5.5
9.18594e-05 -5.5 5 5
0.000151667 -5.5 4.5 4.5
0.000271852 -6 5 6
0.000273829 -5.5 4.5 6
0.000176415 -5.5 4.5 6.5
0.000121969 -6 5 7
5.81692e-05 -5.5 4.5 7
0.000598995 -6 4.5 4.5
0.000196908 -5.5 4 5.5
0.00111333 -6 4.5 6
0.000380739 -6 4.5 7
0.00175049 -6 4 6
0.00550256 -6.5 4 5.5
0.0032964 -6.5 4 6.5
0.00022567 -6 3.5 7
0.000229252 -6.5 4 7.5
2.92467e-05 -6.5 4 8
3.05762e-05 -7 4 8
3.34086e-05 -6.5 3.5 8
0.0113892 -7 3.5 6
0.00199562 -7 3.5 7
0.00136327 -6.5 3 7
0.00709115 -7 3 6.5
0.00032962 -7 3 7.5
3.50374e-05 -7 3 8
0.000242925 -7 2.5 7.5
0.00376601 -7.5 2 6.5
