0.735549
2.76961e-05 -5 -10 -16.5
2.82453e-05 -5 -10 -16
2.06561e-05 -5 -10 -15.5
2.13585e-05 -5.5 -11 -15
2.45294e-05 -5.5 -11 -15.5
6.26485e-05 -5 -10.5 -15.5
6.07319e-05 -5 -10.5 -17
3.9261e-05 -5 -10.5 -17.5
8.23675e-05 -5 -10.5 -16.5
8.21279e-05 -5 -10.5 -16
3.09893e-05 -5 -10.5 -15
6.37795e-05 -4.5 -10 -15.5
0.000131222 -4.5 -10 -16
0.000125035 -4.5 -10 -18
6.38056e-05 -4.5 -10 -18.5
0.000178858 -4.5 -10 -17.5
0.00020342 -4.5 -10 -17
0.000182484 -4.5 -10 -16.5
2.93783e-05 -5 -11 -14.5
7.37343e-05 -5 -11 -15
3.91572e-05 -5.5 -11.5 -14.5
5.66077e-05 -5.5 -11.5 -15
0.000118655 -5 -11 -15.5
0.000119093 -4.5 -10.5 -15.5
5.02711e-05 -5.5 -11.5 -16
0.000229561 -4.5 -10.5 -16.5
0.000141092 -5 -11 -16
0.000186138 -4.5 -10.5 -17.5
0.000108399 -5 -11 -17
2.70557e-05 -5 -11 -18
0.000121835 -4.5 -10.5 -18
5.77834e-05 -4.5 -10.5 -18.5
6.58402e-05 -5 -11 -17.5
3.40162e-05 -5.5 -11.5 -16.5
0.000232953 -4.5 -10.5 -17
0.000138902 -5 -11 -16.5
6.25023e-05 -5.5 -11.5 -15.5
0.000198963 -4.5 -10.5 -16
4.84574e-05 -4.5 -10.5 -15
7.24407e-05 -4 -10 -15.5
0.000164032 -4 -10 -16
2.3579e-05 -4.5 -9.5 -15.5
0.000250574 -4 -10 -16.5
0.000303254 -4 -10 -17
0.000304056 -4 -10 -17.5
0.00011952 -4.5 -9.5 -17
0.00025849 -4 -10 -18
0.000158942 -4 -10 -18.5
7.79155e-05 -4.5 -9.5 -18
6.62027e-05 -4 -10 -19
4.12846e-05 -4.5 -9.5 -18.5
0.00010877 -4.5 -9.5 -17.5
0.000103423 -4.5 -9.5 -16.5
6.36391e-05 -4.5 -9.5 -16
2.20762e-05 -5 -11.5 -14
2.9539e-05 -4.5 -11 -14.5
2.74078e-05 -6 -12.5 -13.5
4.71235e-05 -5.5 -12 -14
8.91521e-05 -4.5 -11 -15
6.73058e-05 -5 -11.5 -14.5
3.78722e-05 -6 -12.5 -14
7.87169e-05 -5.5 -12 -14.5
0.000121426 -5 -11.5 -15
0.000156511 -4.5 -11 -15.5
7.36253e-05 -4 -10.5 -15.5
4.28547e-05 -6 -12.5 -14.5
9.4777e-05 -5.5 -12 -15
3.69374e-05 -6 -12.5 -15
0.000173076 -5 -11.5 -16
9.98514e-05 -5.5 -12 -15.5
0.000231961 -4 -10.5 -16.5
0.000208531 -4.5 -11 -16
2.56059e-05 -6 -12.5 -15.5
8.80067e-05 -5.5 -12 -16
0.000110429 -5 -11.5 -17
5.83378e-05 -5.5 -12 -16.5
0.00024361 -4 -10.5 -17.5
0.000217762 -4.5 -11 -17
3.01634e-05 -5.5 -12 -17
0.000180264 -4 -10.5 -18
8.70676e-05 -4.5 -11 -18
2.51236e-05 -5 -11.5 -18
3.23758e-05 -4 -10.5 -19
2.24245e-05 -5 -11.5 -18.5
3.74948e-05 -4.5 -11 -18.5
9.48227e-05 -4 -10.5 -18.5
6.11144e-05 -5 -11.5 -17.5
0.00015885 -4.5 -11 -17.5
0.000155216 -5 -11.5 -16.5
0.00026497 -4 -10.5 -17
0.000231216 -4.5 -11 -16.5
0.000155829 -5 -11.5 -15.5
0.000155524 -4 -10.5 -16
2.43718e-05 -4 -10.5 -15
4.55961e-05 -3.5 -10 -16
3.38111e-05 -4 -9.5 -15.5
9.92723e-05 -3.5 -10 -16.5
0.000111989 -4 -9.5 -16
0.000160184 -3.5 -10 -17
0.000227448 -4 -9.5 -16.5
0.000193329 -3.5 -10 -17.5
4.17373e-05 -4.5 -9 -17
0.000305116 -4 -9.5 -17
0.000183158 -3.5 -10 -18
0.000136448 -3.5 -10 -18.5
6.89835e-05 -3.5 -10 -19
0.000203438 -4 -9.5 -18.5
2.80391e-05 -4.5 -9 -18
2.76363e-05 -4 -9.5 -19.5
0.000101848 -4 -9.5 -19
0.00028481 -4 -9.5 -18
3.94624e-05 -4.5 -9 -17.5
0.000317634 -4 -9.5 -17.5
3.50891e-05 -4.5 -9 -16.5
2.3737e-05 -6.5 -13.5 -12.5
3.27206e-05 -6 -13 -13
4.37534e-05 -5.5 -12.5 -13.5
5.13242e-05 -5 -12 -14
3.0318e-05 -6.5 -13.5 -13
5.42733e-05 -6 -13 -13.5
7.87457e-05 -5.5 -12.5 -14
9.7835e-05 -5 -12 -14.5
8.7571e-05 -4.5 -11.5 -15
2.17461e-05 -4 -11 -15
3.28363e-05 -6.5 -13.5 -13.5
6.49326e-05 -6 -13 -14
0.00010463 -5.5 -12.5 -14.5
0.000135828 -5 -12 -15
2.72069e-05 -3.5 -10.5 -16
2.96649e-05 -6.5 -13.5 -14
7.00097e-05 -6 -13 -14.5
0.000116411 -5.5 -12.5 -15
0.000190353 -4.5 -11.5 -16
0.000158127 -5 -12 -15.5
5.2329e-05 -3.5 -10.5 -16.5
0.000115526 -4 -11 -16
2.25408e-05 -6.5 -13.5 -14.5
0.000112443 -5.5 -12.5 -15.5
0.000167155 -5 -12 -16
5.94516e-05 -6 -13 -15
4.07389e-05 -6 -13 -15.5
8.8654e-05 -5.5 -12.5 -16
8.39392e-05 -3.5 -10.5 -17.5
0.000165521 -4.5 -11.5 -17
0.000135487 -5 -12 -16.5
0.000163996 -4 -11 -17
7.18577e-05 -3.5 -10.5 -18
5.49009e-05 -5.5 -12.5 -16.5
8.90154e-05 -5 -12 -17
2.58058e-05 -6 -13 -16
8.80629e-05 -4 -11 -18
2.62152e-05 -5.5 -12.5 -17
4.68199e-05 -4.5 -11.5 -18
3.96272e-05 -4 -11 -18.5
4.29015e-05 -5 -12 -17.5
4.69817e-05 -3.5 -10.5 -18.5
0.000105148 -4.5 -11.5 -17.5
0.000142293 -4 -11 -17.5
0.000201984 -4.5 -11.5 -16.5
6.95373e-05 -3.5 -10.5 -17
0.000155064 -4 -11 -16.5
0.000151753 -4.5 -11.5 -15.5
6.1007e-05 -4 -11 -15.5
3.93631e-05 -4.5 -11.5 -14.5
6.07025e-05 -3.5 -9.5 -16
0.000145282 -3.5 -9.5 -16.5
5.46737e-05 -4 -9 -16
0.000254727 -3.5 -9.5 -17
0.000141207 -4 -9 -16.5
0.000328173 -3.5 -9.5 -17.5
0.000327242 -3.5 -9.5 -18
0.000258285 -3.5 -9.5 -18.5
0.000148029 -3.5 -9.5 -19
5.32531e-05 -3.5 -9.5 -19.5
3.66591e-05 -4 -9 -19.5
0.000112124 -4 -9 -19
0.000208507 -4 -9 -18.5
0.000275778 -4 -9 -18
0.000291294 -4 -9 -17.5
2.72907e-05 -6.5 -14 -12
3.21548e-05 -6 -13.5 -12.5
3.54596e-05 -5.5 -13 -13
2.47799e-05 -5 -12.5 -13.5
2.6339e-05 -7 -14.5 -12
4.18636e-05 -6.5 -14 -12.5
5.67643e-05 -6 -13.5 -13
6.6245e-05 -5.5 -13 -13.5
5.41464e-05 -5 -12.5 -14
2.55786e-05 -7 -14.5 -12.5
4.76612e-05 -6.5 -14 -13
7.05837e-05 -6 -13.5 -13.5
8.95867e-05 -5.5 -13 -14
9.69829e-05 -5 -12.5 -14.5
4.78822e-05 -6.5 -14 -13.5
7.63095e-05 -6 -13.5 -14
0.000105491 -5.5 -13 -14.5
3.73161e-05 -4 -11.5 -15.5
0.000127203 -5 -12.5 -15
7.11581e-05 -4.5 -12 -15
4.1072e-05 -6.5 -14 -14
7.19149e-05 -6 -13.5 -14.5
0.000141826 -5 -12.5 -15.5
0.000124947 -4.5 -12 -16
0.00011282 -5.5 -13 -15
6.08323e-05 -4 -11.5 -16
2.91865e-05 -6.5 -14 -14.5
5.87798e-05 -6 -13.5 -15
9.66872e-05 -5.5 -13 -15.5
0.000130219 -5 -12.5 -16
7.58551e-05 -4 -11.5 -17
3.82767e-05 -6 -13.5 -15.5
9.22823e-05 -5 -12.5 -16.5
9.31195e-05 -4.5 -12 -17
6.9398e-05 -5.5 -13 -16
3.8616e-05 -5.5 -13 -16.5
5.29495e-05 -5 -12.5 -17
3.13686e-05 -4 -11.5 -18
2.08156e-05 -5 -12.5 -17.5
4.94456e-05 -4.5 -12 -17.5
5.79875e-05 -4 -11.5 -17.5
0.000128019 -4.5 -12 -16.5
7.56731e-05 -4 -11.5 -16.5
0.000110912 -4.5 -12 -15.5
3.5446e-05 -4.5 -12 -14.5
0.000232414 -4 -9 -17
6.08168e-05 -3.5 -9 -16
3.9018e-05 -3 -9.5 -17
0.000164553 -3.5 -9 -16.5
6.08819e-05 -3 -9.5 -17.5
0.000291183 -3.5 -9 -17
7.19621e-05 -3 -9.5 -18
0.00039703 -3.5 -9 -17.5
7.37943e-05 -3 -9.5 -18.5
0.000418125 -3.5 -9 -18
4.96638e-05 -3 -9.5 -19
0.000363253 -3.5 -9 -18.5
2.16246e-05 -3 -9.5 -19.5
0.000243325 -3.5 -9 -19
2.61947e-05 -4 -8.5 -19.5
0.000101905 -3.5 -9 -19.5
2.0422e-05 -3.5 -9 -20
8.0506e-05 -4 -8.5 -19
0.000137012 -4 -8.5 -18.5
0.000167561 -4 -8.5 -18
2.631e-05 -7 -15 -11.5
3.90967e-05 -6.5 -14.5 -12
4.72639e-05 -6 -14 -12.5
3.94876e-05 -5.5 -13.5 -13
2.44691e-05 -5 -13 -13.5
3.08484e-05 -7 -15 -12
4.62148e-05 -6.5 -14.5 -12.5
6.2101e-05 -6 -14 -13
6.42841e-05 -5.5 -13.5 -13.5
4.87547e-05 -5 -13 -14
2.75852e-05 -7 -15 -12.5
4.93009e-05 -6.5 -14.5 -13
6.96522e-05 -6 -14 -13.5
8.30384e-05 -5.5 -13.5 -14
7.45341e-05 -5 -13 -14.5
2.65191e-05 -4.5 -12.5 -14.5
2.0849e-05 -7 -15 -13
4.63178e-05 -6.5 -14.5 -13.5
7.17893e-05 -6 -14 -14
9.20555e-05 -5.5 -13.5 -14.5
3.62516e-05 -6.5 -14.5 -14
6.0562e-05 -6 -14 -14.5
8.61714e-05 -5.5 -13.5 -15
9.47205e-05 -5 -13 -15.5
6.12959e-05 -4.5 -12.5 -15.5
2.1297e-05 -6.5 -14.5 -14.5
4.58017e-05 -6 -14 -15
6.30279e-05 -5.5 -13.5 -15.5
5.28589e-05 -4.5 -12.5 -16.5
2.82196e-05 -6 -14 -15.5
3.71632e-05 -5.5 -13.5 -16
4.52202e-05 -5 -13 -16.5
3.50278e-05 -4.5 -12.5 -17
2.21136e-05 -4.5 -12.5 -17.5
2.13056e-05 -4 -12 -17.5
7.38284e-05 -5 -13 -16
6.49424e-05 -4.5 -12.5 -16
8.78386e-05 -5 -13 -15
4.53846e-05 -4.5 -12.5 -15
0.00017174 -4 -8.5 -17.5
0.000134194 -4 -8.5 -17
6.97566e-05 -4 -8.5 -16.5
3.03276e-05 -3 -9 -16.5
2.76527e-05 -3.5 -8.5 -16
8.78761e-05 -3 -9 -17
0.000117729 -3.5 -8.5 -16.5
0.000150622 -3 -9 -17.5
0.000269659 -3.5 -8.5 -17
0.000188753 -3 -9 -18
0.000207129 -3 -9 -18.5
0.000447192 -3.5 -8.5 -18
6.56855e-05 -4 -8 -17.5
0.000164196 -3 -9 -19
8.82718e-05 -3 -9 -19.5
2.59195e-05 -3 -9 -20
0.000149142 -3.5 -8.5 -19.5
3.82684e-05 -3.5 -8.5 -20
2.08436e-05 -6.5 -15 -11.5
2.32564e-05 -6 -14.5 -12
2.59913e-05 -7 -15.5 -11.5
3.7901e-05 -6.5 -15 -12
4.54955e-05 -6 -14.5 -12.5
3.86358e-05 -5.5 -14 -13
3.19559e-05 -4 -8 -19
0.00030153 -3.5 -8.5 -19
4.25216e-05 -6.5 -15 -12.5
5.47892e-05 -6 -14.5 -13
2.85997e-05 -7 -15.5 -12
5.4355e-05 -5.5 -14 -13.5
2.43757e-05 -7 -15.5 -12.5
4.13487e-05 -6.5 -15 -13
5.80779e-05 -6 -14.5 -13.5
5.92204e-05 -5.5 -14 -14
3.06834e-05 -5 -13.5 -14
3.48171e-05 -6.5 -15 -13.5
6.21077e-05 -5.5 -14 -14.5
2.48497e-05 -6.5 -15 -14
4.91749e-05 -5.5 -14 -15
3.65527e-05 -6 -14.5 -14.5
4.1679e-05 -5 -13.5 -15
2.11294e-05 -6 -14.5 -15
3.16828e-05 -5.5 -14 -15.5
3.52868e-05 -5 -13.5 -15.5
5.11354e-05 -6 -14.5 -14
3.88407e-05 -5 -13.5 -14.5
4.79954e-05 -4 -8 -18.5
0.000400312 -3.5 -8.5 -18.5
6.1443e-05 -4 -8 -18
0.000408484 -3.5 -8.5 -17.5
4.7185e-05 -4 -8 -17
4.43712e-05 -3 -8.5 -16.5
0.000149381 -3 -8.5 -17
5.85474e-05 -3.5 -8 -16.5
0.000275462 -3 -8.5 -17.5
0.000367555 -3 -8.5 -18
0.000401407 -3 -8.5 -18.5
0.000402926 -3.5 -8 -18
0.000342044 -3 -8.5 -19
0.000189675 -3 -8.5 -19.5
5.77869e-05 -3 -8.5 -20
0.000168056 -3.5 -8 -19.5
5.20472e-05 -3.5 -8 -20
2.05805e-05 -7 -16 -11.5
3.23633e-05 -6 -15 -12.5
3.13982e-05 -6.5 -15.5 -12
3.03227e-05 -6.5 -15.5 -12.5
2.44098e-05 -7 -16 -12
3.58318e-05 -6 -15 -13
3.2291e-05 -6 -15 -13.5
2.50318e-05 -5.5 -14.5 -14
2.06784e-05 -6 -15 -14
2.04765e-05 -5.5 -14.5 -14.5
2.00172e-05 -6.5 -15.5 -14.5
0.000312297 -3.5 -8 -19
0.000401386 -3.5 -8 -18.5
0.000316146 -3.5 -8 -17.5
0.000171888 -3.5 -8 -17
5.0132e-05 -3 -8 -16.5
0.000180438 -3 -8 -17
3.54882e-05 -2.5 -8.5 -18
0.000363162 -3 -8 -17.5
5.40646e-05 -2.5 -8.5 -18.5
0.000513011 -3 -8 -18
5.87742e-05 -2.5 -8.5 -19
0.000547383 -3 -8 -18.5
0.000258363 -3.5 -7.5 -18
4.65269e-05 -2.5 -8.5 -19.5
0.000494408 -3 -8 -19
0.000307133 -3 -8 -19.5
0.000123101 -3 -8 -20
0.000131379 -3.5 -7.5 -19.5
2.19266e-05 -3 -8 -20.5
4.86171e-05 -3.5 -7.5 -20
0.00020814 -3.5 -7.5 -19
0.000253228 -3.5 -7.5 -18.5
0.000198019 -3.5 -7.5 -17.5
9.433e-05 -3.5 -7.5 -17
2.16839e-05 -3.5 -7.5 -16.5
2.47478e-05 -2.5 -8 -17
3.69569e-05 -3 -7.5 -16.5
7.00849e-05 -2.5 -8 -17.5
0.00016064 -3 -7.5 -17
0.000134844 -2.5 -8 -18
0.000367645 -3 -7.5 -17.5
0.000183088 -2.5 -8 -18.5
0.000189583 -2.5 -8 -19
0.000596133 -3 -7.5 -18.5
0.000164241 -2.5 -8 -19.5
8.3107e-05 -2.5 -8 -20
2.43929e-05 -2.5 -8 -20.5
3.90199e-05 -3 -7.5 -20.5
0.000180356 -3 -7.5 -20
5.264e-05 -3.5 -7 -19.5
0.000384859 -3 -7.5 -19.5
8.41089e-05 -3.5 -7 -19
0.000552439 -3 -7.5 -19
0.000106335 -3.5 -7 -18.5
0.000114 -3.5 -7 -18
0.000543917 -3 -7.5 -18
7.3639e-05 -3.5 -7 -17.5
2.57433e-05 -3.5 -7 -17
4.4813e-05 -2.5 -7.5 -17
0.000141274 -2.5 -7.5 -17.5
0.000305653 -2.5 -7.5 -18
0.000409227 -2.5 -7.5 -18.5
0.000413869 -2.5 -7.5 -19
0.000356074 -2.5 -7.5 -19.5
0.000197973 -2.5 -7.5 -20
5.82036e-05 -2.5 -7.5 -20.5
5.81138e-05 -3 -7 -20.5
0.000208979 -3 -7 -20
0.000408028 -3 -7 -19.5
0.000536592 -3 -7 -19
0.000549864 -3 -7 -18.5
0.000445572 -3 -7 -18
0.000259156 -3 -7 -17.5
8.42249e-05 -3 -7 -17
5.86783e-05 -2.5 -7 -17
0.000212155 -2.5 -7 -17.5
0.000467538 -2.5 -7 -18
0.000638345 -2.5 -7 -18.5
0.00065225 -2.5 -7 -19
0.0005626 -2.5 -7 -19.5
0.000343533 -2.5 -7 -20
2.08753e-05 -2.5 -7 -21
6.19477e-05 -3 -6.5 -20.5
0.000127101 -2.5 -7 -20.5
0.000178072 -3 -6.5 -20
0.000294397 -3 -6.5 -19.5
0.000359373 -3 -6.5 -19
0.000369184 -3 -6.5 -18.5
0.000292166 -3 -6.5 -18
0.000141331 -3 -6.5 -17.5
3.46941e-05 -3 -6.5 -17
5.61288e-05 -2.5 -6.5 -17
5.23671e-05 -2 -7 -18
0.000231111 -2.5 -6.5 -17.5
9.72671e-05 -2 -7 -18.5
0.000509583 -2.5 -6.5 -18
0.000130551 -2 -7 -19
0.00070535 -2.5 -6.5 -18.5
0.000135537 -2 -7 -19.5
0.000725018 -2.5 -6.5 -19
0.000116215 -2 -7 -20
0.000659663 -2.5 -6.5 -19.5
0.000172381 -3 -6 -19
6.43107e-05 -2 -7 -20.5
3.5286e-05 -3 -6 -20.5
4.0784e-05 -2.5 -6.5 -21
0.000202057 -2.5 -6.5 -20.5
8.3722e-05 -3 -6 -20
0.000457443 -2.5 -6.5 -20
0.000146413 -3 -6 -19.5
0.000174498 -3 -6 -18.5
0.000121757 -3 -6 -18
4.5583e-05 -3 -6 -17.5
4.91512e-05 -2 -6.5 -17.5
0.000148063 -2 -6.5 -18
0.000267454 -2 -6.5 -18.5
0.000410206 -2.5 -6 -18
0.000354517 -2 -6.5 -19
0.000366224 -2 -6.5 -19.5
0.000713919 -2.5 -6 -19
2.87509e-05 -3 -5.5 -19
0.000305854 -2 -6.5 -20
0.000171315 -2 -6.5 -20.5
5.05165e-05 -2 -6.5 -21
6.22321e-05 -2.5 -6 -21
0.000248267 -2.5 -6 -20.5
0.000497651 -2.5 -6 -20
2.51246e-05 -3 -5.5 -19.5
0.000668962 -2.5 -6 -19.5
3.11626e-05 -3 -5.5 -18.5
0.000678703 -2.5 -6 -18.5
2.1199e-05 -3 -5.5 -18
0.000142555 -2.5 -6 -17.5
2.56054e-05 -2.5 -6 -17
8.5465e-05 -2 -6 -17.5
0.000266016 -2 -6 -18
0.000496808 -2 -6 -18.5
0.000673379 -2 -6 -19
0.000597669 -2 -6 -20
0.000352125 -2 -6 -20.5
0.000113902 -2 -6 -21
6.67934e-05 -2.5 -5.5 -21
0.000246573 -2.5 -5.5 -20.5
0.000441565 -2.5 -5.5 -20
0.000515904 -2.5 -5.5 -19.5
0.000693968 -2 -6 -19.5
0.000521995 -2.5 -5.5 -19
0.000428314 -2.5 -5.5 -18.5
0.000233238 -2.5 -5.5 -18
6.85245e-05 -2.5 -5.5 -17.5
9.62067e-05 -2 -5.5 -17.5
0.000654736 -2 -5.5 -18.5
3.66824e-05 -1.5 -6 -19.5
0.000930829 -2 -5.5 -19
5.18308e-05 -1.5 -6 -20
5.20606e-05 -1.5 -6 -20.5
3.40784e-05 -1.5 -6 -21
0.000532422 -2 -5.5 -20.5
0.000229879 -2.5 -5 -20
2.23028e-05 -1.5 -6 -21.5
0.000197218 -2 -5.5 -21
2.27937e-05 -2 -5.5 -21.5
3.97829e-05 -2.5 -5 -21
0.000136102 -2.5 -5 -20.5
0.000850708 -2 -5.5 -20
0.000268844 -2.5 -5 -19.5
0.000962895 -2 -5.5 -19.5
0.000271303 -2.5 -5 -19
0.000209425 -2.5 -5 -18.5
0.000101684 -2.5 -5 -18
0.000321169 -2 -5.5 -18
2.39917e-05 -2.5 -5 -17.5
3.64532e-05 -1.5 -5.5 -18
6.58674e-05 -2 -5 -17.5
0.000112181 -1.5 -5.5 -18.5
0.000210815 -1.5 -5.5 -19
0.00027321 -1.5 -5.5 -19.5
0.000994403 -2 -5 -19
4.59867e-05 -2.5 -4.5 -18.5
0.000287332 -1.5 -5.5 -20
0.000252486 -1.5 -5.5 -20.5
0.000140171 -1.5 -5.5 -21
0.00059811 -2 -5 -20.5
5.48782e-05 -2.5 -4.5 -20
3.79828e-05 -1.5 -5.5 -21.5
0.000240028 -2 -5 -21
2.95624e-05 -2 -5 -21.5
3.40317e-05 -2.5 -4.5 -20.5
0.000934195 -2 -5 -20
6.17547e-05 -2.5 -4.5 -19.5
0.00104501 -2 -5 -19.5
6.17224e-05 -2.5 -4.5 -19
0.000672018 -2 -5 -18.5
0.00029602 -2 -5 -18
2.27907e-05 -1.5 -5 -17.5
0.000113859 -1.5 -5 -18
0.000336106 -1.5 -5 -18.5
0.000609802 -1.5 -5 -19
0.000744016 -1.5 -5 -19.5
0.000740659 -1.5 -5 -20
0.000605971 -1.5 -5 -20.5
0.000300139 -1.5 -5 -21
0.000596263 -2 -4.5 -20.5
6.05859e-05 -1.5 -5 -21.5
3.0086e-05 -2 -4.5 -21.5
0.000240417 -2 -4.5 -21
0.000832172 -2 -4.5 -20
0.000864259 -2 -4.5 -19.5
0.000794905 -2 -4.5 -19
0.000481504 -2 -4.5 -18.5
0.000167941 -2 -4.5 -18
3.2388e-05 -2 -4.5 -17.5
4.01179e-05 -1.5 -4.5 -17.5
0.000203137 -1.5 -4.5 -18
0.000609077 -1.5 -4.5 -18.5
0.00127928 -1.5 -4.5 -19.5
0.00124696 -1.5 -4.5 -20
0.00049216 -2 -4 -19.5
8.38325e-05 -1.5 -4.5 -21.5
2.26121e-05 -2 -4 -21.5
0.0001323 -2 -4 -21
0.000469213 -1.5 -4.5 -21
0.000309111 -2 -4 -20.5
0.000967466 -1.5 -4.5 -20.5
0.000449803 -2 -4 -20
0.000469956 -2 -4 -19
0.00108208 -1.5 -4.5 -19
0.000280465 -2 -4 -18.5
9.21107e-05 -2 -4 -18
4.25984e-05 -1.5 -4 -17.5
3.73043e-05 -1 -4.5 -19
0.000101458 -1 -4.5 -19.5
0.000156842 -1 -4.5 -20
0.000166158 -1 -4.5 -20.5
0.00145433 -1.5 -4 -20
0.00013166 -1 -4.5 -21
6.19201e-05 -1 -4.5 -21.5
9.55076e-05 -1.5 -4 -21.5
3.79558e-05 -2 -3.5 -21
0.000534858 -1.5 -4 -21
8.5561e-05 -2 -3.5 -20.5
0.00111782 -1.5 -4 -20.5
0.000128678 -2 -3.5 -20
0.00014325 -2 -3.5 -19.5
0.00150821 -1.5 -4 -19.5
0.000143534 -2 -3.5 -19
0.00129916 -1.5 -4 -19
8.10515e-05 -2 -3.5 -18.5
0.000715814 -1.5 -4 -18.5
2.32025e-05 -2 -3.5 -18
0.000226021 -1.5 -4 -18
4.22072e-05 -1 -4 -18
0.000174829 -1 -4 -18.5
0.000426259 -1 -4 -19
0.000671933 -1 -4 -19.5
0.000703158 -1 -4 -20
0.000627763 -1 -4 -20.5
0.000375594 -1 -4 -21
9.98304e-05 -1.5 -3.5 -21.5
0.000108943 -1 -4 -21.5
0.000485056 -1.5 -3.5 -21
0.000917991 -1.5 -3.5 -20.5
0.00115092 -1.5 -3.5 -20
0.00118848 -1.5 -3.5 -19.5
0.00107893 -1.5 -3.5 -19
0.000607091 -1.5 -3.5 -18.5
0.00016582 -1.5 -3.5 -18
2.83492e-05 -1.5 -3.5 -17.5
0.000114226 -1 -3.5 -18
0.000447287 -1 -3.5 -18.5
0.000993335 -1 -3.5 -19
0.0013348 -1 -3.5 -19.5
0.00132915 -1 -3.5 -20
0.000641476 -1 -3.5 -21
7.5114e-05 -1.5 -3 -21.5
0.000170329 -1 -3.5 -21.5
0.000271864 -1.5 -3 -21
0.000477951 -1.5 -3 -20.5
0.0011349 -1 -3.5 -20.5
0.000580916 -1.5 -3 -20
0.000596334 -1.5 -3 -19.5
0.000487596 -1.5 -3 -19
0.000228798 -1.5 -3 -18.5
5.48971e-05 -1.5 -3 -18
2.37277e-05 -1 -3 -17.5
0.000138107 -1 -3 -18
0.000551772 -1 -3 -18.5
0.00149856 -1 -3 -20
0.000176674 -1.5 -2.5 -19.5
0.00133581 -1 -3 -20.5
0.000828863 -1 -3 -21
2.9632e-05 -1.5 -2.5 -21.5
4.73891e-05 -1 -3 -22
0.000286144 -1 -3 -21.5
9.47552e-05 -1.5 -2.5 -21
0.000148594 -1.5 -2.5 -20.5
0.000173934 -1.5 -2.5 -20
0.00149189 -1 -3 -19.5
0.000133789 -1.5 -2.5 -19
0.00116098 -1 -3 -19
5.86056e-05 -1.5 -2.5 -18.5
2.58569e-05 -0.5 -3 -21.5
0.000956909 -1 -2.5 -21
2.95035e-05 -0.5 -3 -22
5.78613e-05 -1 -2.5 -22
0.000385283 -1 -2.5 -21.5
0.00142734 -1 -2.5 -20.5
0.00154589 -1 -2.5 -20
0.00148242 -1 -2.5 -19.5
0.000989289 -1 -2.5 -19
0.00041317 -1 -2.5 -18.5
9.12375e-05 -1 -2.5 -18
0.000105352 -0.5 -2.5 -19
0.000288706 -0.5 -2.5 -19.5
0.000468852 -0.5 -2.5 -20
0.000603483 -0.5 -2.5 -20.5
0.000589267 -0.5 -2.5 -21
0.000424965 -0.5 -2.5 -21.5
0.00015545 -0.5 -2.5 -22
5.96284e-05 -1 -2 -22
0.000345376 -1 -2 -21.5
0.000705999 -1 -2 -21
0.00093803 -1 -2 -20.5
0.000983511 -1 -2 -20
0.000902477 -1 -2 -19.5
0.000544503 -1 -2 -19
0.000199694 -1 -2 -18.5
2.44165e-05 -0.5 -2.5 -18.5
4.14018e-05 -1 -2 -18
0.000108569 -0.5 -2 -18
0.000511467 -0.5 -2 -18.5
0.00144189 -0.5 -2 -19
0.00255682 -0.5 -2 -19.5
0.00306389 -0.5 -2 -20
0.00297119 -0.5 -2 -20.5
0.000200442 -0.5 -2 -22
9.64684e-05 -1 -1.5 -21.5
0.0011478 -0.5 -2 -21.5
0.000213031 -1 -1.5 -21
0.00233314 -0.5 -2 -21
0.00029259 -1 -1.5 -20.5
0.000310852 -1 -1.5 -20
0.000292678 -1 -1.5 -19.5
0.000181666 -1 -1.5 -19
6.91289e-05 -1 -1.5 -18.5
3.84371e-05 -0.5 -1.5 -17.5
0.000216952 -0.5 -1.5 -18
0.00102367 -0.5 -1.5 -18.5
0.00148621 -0.5 -1.5 -21.5
0.00018467 -0.5 -1.5 -22
0.00334422 -0.5 -1.5 -21
0.00455315 -0.5 -1.5 -20.5
0.00479288 -0.5 -1.5 -20
0.00445404 -0.5 -1.5 -19.5
0.00274643 -0.5 -1.5 -19
0.00426559 -0.5 -1 -19.5
0.00444035 -0.5 -1 -20
0.00413329 -0.5 -1 -20.5
0.00280647 -0.5 -1 -21
8.08678e-05 -0.5 -1 -22
0.00105863 -0.5 -1 -21.5
0.00271715 -0.5 -1 -19
0.00100846 -0.5 -1 -18.5
0.000209287 -0.5 -1 -18
3.68052e-05 -0.5 -1 -17.5
0.000170091 -0.5 -0.5 -21.5
0.000477066 -0.5 -0.5 -21
0.000738993 -0.5 -0.5 -20.5
0.000818912 -0.5 -0.5 -20
0.000808668 -0.5 -0.5 -19.5
0.000531472 -0.5 -0.5 -19
0.000182631 -0.5 -0.5 -18.5
3.41031e-05 -0.5 -0.5 -18
3.26334e-05 -0.5 0 -20.5
3.45378e-05 -0.5 0 -20
3.23546e-05 -0.5 0 -19.5
0.00015763 0 0 -18
0.000748227 0 0 -18.5
0.00363602 0 0 -19.5
0.00410496 0 0 -20
0.00398496 0 0 -20.5
0.00318162 0 0 -21
0.00167531 0 0 -21.5
0.000373781 0 0 -22
0.0021119 0 0 -19
2.93184e-05 0 0 -17.5
0.00272838 0 0.5 -19
0.000291043 0 0.5 -22
0.00175121 0 0.5 -21.5
0.00363511 0 0.5 -21
0.00474518 0 0.5 -20.5
0.00493334 0 0.5 -20
0.00451373 0 0.5 -19.5
0.00100187 0 0.5 -18.5
0.000211267 0 0.5 -18
3.75766e-05 0 0.5 -17.5
2.75588e-05 0.5 0.5 -18
0.000352987 0.5 0.5 -19
0.000591633 0.5 0.5 -19.5
0.000646183 0.5 0.5 -20
0.00198844 0 1 -19.5
5.11164e-05 0.5 0.5 -22
0.000602599 0 1 -21.5
6.25382e-05 0 1 -22
0.000242594 0.5 0.5 -21.5
0.00145021 0 1 -21
0.000479559 0.5 0.5 -21
0.0020032 0 1 -20.5
0.000620145 0.5 0.5 -20.5
0.00211045 0 1 -20
0.00125051 0 1 -19
0.00046944 0 1 -18.5
0.000128291 0.5 0.5 -18.5
9.78763e-05 0 1 -18
9.65912e-05 0.5 1 -18
0.00187793 0.5 1 -19.5
0.000651981 0.5 1 -21.5
0.000105891 0.5 1 -22
2.25939e-05 0 1.5 -21.5
5.85979e-05 0 1.5 -21
0.00137792 0.5 1 -21
7.55204e-05 0 1.5 -20.5
0.00187091 0.5 1 -20.5
7.77334e-05 0 1.5 -20
0.00197609 0.5 1 -20
6.64448e-05 0 1.5 -19.5
3.37668e-05 0 1.5 -19
0.00119201 0.5 1 -19
0.000451547 0.5 1 -18.5
3.06338e-05 0.5 1.5 -17.5
2.50347e-05 1 1 -18.5
0.000177374 0.5 1.5 -18
6.46685e-05 1 1 -19
9.87492e-05 1 1 -19.5
0.000102043 1 1 -20
9.52025e-05 1 1 -20.5
0.00288437 0.5 1.5 -20
7.10725e-05 1 1 -21
0.00267055 0.5 1.5 -20.5
3.38158e-05 1 1 -21.5
0.00181666 0.5 1.5 -21
6.72907e-05 0.5 1.5 -22
0.000711701 0.5 1.5 -21.5
0.00281776 0.5 1.5 -19.5
0.00193462 0.5 1.5 -19
0.000799943 0.5 1.5 -18.5
4.05424e-05 1 1.5 -18
0.000179528 1 1.5 -18.5
0.000428433 1 1.5 -19
0.00078093 0.5 2 -18.5
0.000611163 1 1.5 -19.5
0.00061688 1 1.5 -20
0.000560282 1 1.5 -20.5
0.000382281 1 1.5 -21
2.14092e-05 1 1.5 -22
0.000579585 0.5 2 -21.5
4.22247e-05 0.5 2 -22
0.000160891 1 1.5 -21.5
0.00160541 0.5 2 -21
0.0024191 0.5 2 -20.5
0.00263161 0.5 2 -20
0.00258524 0.5 2 -19.5
0.00181894 0.5 2 -19
0.000181138 0.5 2 -18
3.24249e-05 0.5 2 -17.5
2.11872e-05 1 2 -17.5
0.000112336 1 2 -18
0.00048085 1 2 -18.5
9.92805e-05 0.5 2.5 -18
0.00155346 1 2 -19.5
0.0009344 0.5 2.5 -19
0.00140816 1 2 -20.5
0.000931073 1 2 -21
0.00128502 0.5 2.5 -20.5
0.000353183 1 2 -21.5
3.27979e-05 1 2 -22
2.05841e-05 0.5 2.5 -22
0.000307675 0.5 2.5 -21.5
0.000850699 0.5 2.5 -21
0.00138609 0.5 2.5 -20
0.00155896 1 2 -20
0.00134496 0.5 2.5 -19.5
0.00112374 1 2 -19
0.000409883 0.5 2.5 -18.5
0.000255396 1 2.5 -18
4.38039e-05 1.5 2 -19
6.22061e-05 1.5 2 -19.5
0.00225345 1 2.5 -19
6.29725e-05 1.5 2 -20
5.68638e-05 1.5 2 -20.5
0.00273935 1 2.5 -20
3.91612e-05 1.5 2 -21
0.00234488 1 2.5 -20.5
0.00138612 1 2.5 -21
8.89414e-05 0.5 3 -21.5
0.000402084 1 2.5 -21.5
0.00021468 0.5 3 -21
0.000303987 0.5 3 -20.5
0.00032025 0.5 3 -20
0.000295664 0.5 3 -19.5
0.00277962 1 2.5 -19.5
0.000193215 0.5 3 -19
8.41431e-05 0.5 3 -18.5
0.00108717 1 2.5 -18.5
4.31894e-05 1 2.5 -17.5
4.83283e-05 1.5 2.5 -18
7.35113e-05 1 3 -17.5
0.000210388 1.5 2.5 -18.5
0.000441767 1.5 2.5 -19
0.00120362 1 3 -18.5
0.00053294 1.5 2.5 -19.5
0.000518325 1.5 2.5 -20
0.00266103 1 3 -19.5
0.000432396 1.5 2.5 -20.5
0.000256565 1.5 2.5 -21
8.40282e-05 1.5 2.5 -21.5
0.000332488 1 3 -21.5
0.00126897 1 3 -21
0.0022138 1 3 -20.5
0.00261839 1 3 -20
0.00221445 1 3 -19
0.000393732 1 3 -18
3.79455e-05 1.5 3 -17.5
0.000207154 1.5 3 -18
0.000660635 1.5 3 -18.5
0.00033465 1 3.5 -18
0.00119605 1.5 3 -19
0.00134259 1.5 3 -19.5
0.00166761 1 3.5 -19
0.00105675 1.5 3 -20.5
0.00194743 1 3.5 -20
0.000150325 1.5 3 -21.5
0.000868735 1 3.5 -21
0.000190171 1 3.5 -21.5
0.000592764 1.5 3 -21
0.0016353 1 3.5 -20.5
0.00130083 1.5 3 -20
0.00197015 1 3.5 -19.5
0.000949244 1 3.5 -18.5
6.61515e-05 1 3.5 -17.5
8.40082e-05 1.5 3.5 -17.5
2.24642e-05 2 3 -18.5
0.000443255 1.5 3.5 -18
4.16949e-05 2 3 -19
4.63756e-05 2 3 -19.5
0.00200421 1.5 3.5 -19
0.000405297 1 4 -18.5
4.47001e-05 2 3 -20
3.62428e-05 2 3 -20.5
0.00203658 1.5 3.5 -20
0.000775534 1.5 3.5 -21
8.33768e-05 1 4 -21.5
0.00014284 1.5 3.5 -21.5
0.000418677 1 4 -21
0.00078947 1 4 -20.5
0.00159865 1.5 3.5 -20.5
0.000898957 1 4 -20
0.000875283 1 4 -19.5
0.00210938 1.5 3.5 -19.5
0.000692396 1 4 -19
0.00125871 1.5 3.5 -18.5
0.000153998 1 4 -18
3.17054e-05 1 4 -17.5
2.75551e-05 1.5 4 -17
8.22759e-05 2 3.5 -18
0.000238601 2 3.5 -18.5
0.000386696 2 3.5 -19
0.00184115 1.5 4 -18.5
0.000401462 2 3.5 -19.5
0.000384367 2 3.5 -20
0.00262462 1.5 4 -19.5
0.000280576 2 3.5 -20.5
0.00239551 1.5 4 -20
0.00012263 2 3.5 -21
0.00162749 1.5 4 -20.5
2.17645e-05 2 3.5 -21.5
0.000717067 1.5 4 -21
9.83093e-05 1.5 4 -21.5
3.54464e-05 1 4.5 -21.5
0.000130187 1 4.5 -21
0.000227663 1 4.5 -20.5
0.000252412 1 4.5 -20
0.000235209 1 4.5 -19.5
0.000166482 1 4.5 -19
0.0025752 1.5 4 -19
9.25668e-05 1 4.5 -18.5
3.5192e-05 1 4.5 -18
0.000808027 1.5 4 -18
0.000175496 1.5 4 -17.5
0.000379571 2 4 -18
0.000233723 1.5 4.5 -17.5
0.000867951 2 4 -18.5
0.00115498 2 4 -19
0.00114485 2 4 -19.5
0.00233894 1.5 4.5 -19
0.00100095 2 4 -20
0.000658904 2 4 -20.5
0.00213035 1.5 4.5 -20
0.000271794 2 4 -21
3.06811e-05 2 4 -21.5
0.000518926 1.5 4.5 -21
5.1821e-05 1.5 4.5 -21.5
0.00139081 1.5 4.5 -20.5
0.00237117 1.5 4.5 -19.5
0.0017381 1.5 4.5 -18.5
0.000828577 1.5 4.5 -18
8.53688e-05 2 4 -17.5
4.30927e-05 1.5 4.5 -17
3.60991e-05 2 4.5 -17
0.000199521 2 4.5 -17.5
3.30167e-05 1.5 5 -17
2.37864e-05 2.5 4 -18.5
3.04711e-05 2.5 4 -19
0.00154651 2 4.5 -18.5
0.000599439 1.5 5 -18
2.9798e-05 2.5 4 -19.5
0.00192009 2 4.5 -19
2.49599e-05 2.5 4 -20
0.00166141 2 4.5 -20
0.000314635 2 4.5 -21
2.14927e-05 1.5 5 -21.5
2.31157e-05 2 4.5 -21.5
0.000275799 1.5 5 -21
0.000827459 1.5 5 -20.5
0.00102493 2 4.5 -20.5
0.00130899 1.5 5 -20
0.00147649 1.5 5 -19.5
0.00189464 2 4.5 -19.5
0.00146469 1.5 5 -19
0.00114838 1.5 5 -18.5
0.000757001 2 4.5 -18
0.00017627 1.5 5 -17.5
3.52693e-05 2.5 4.5 -17.5
7.42504e-05 2 5 -17
0.000130583 2.5 4.5 -18
0.000247257 2.5 4.5 -18.5
0.00136986 2 5 -18
8.35282e-05 1.5 5.5 -17.5
0.000258098 2.5 4.5 -19
0.000247089 2.5 4.5 -19.5
0.00255171 2 5 -19
0.00046556 1.5 5.5 -18.5
0.000202204 2.5 4.5 -20
0.00246306 2 5 -19.5
0.000579456 1.5 5.5 -19
0.000114865 2.5 4.5 -20.5
4.02686e-05 2.5 4.5 -21
0.00100452 2 5 -20.5
0.000109239 1.5 5.5 -21
0.000258425 2 5 -21
0.000345716 1.5 5.5 -20.5
0.000543997 1.5 5.5 -20
0.00192237 2 5 -20
0.000590324 1.5 5.5 -19.5
0.00232334 2 5 -18.5
0.0002603 1.5 5.5 -18
0.000432461 2 5 -17.5
3.15072e-05 2.5 5 -17
0.0005802 2.5 5 -18
0.000720778 2 5.5 -17.5
0.000899334 2.5 5 -18.5
0.000915303 2.5 5 -19
0.00229709 2 5.5 -18.5
0.000845083 2.5 5 -19.5
0.00245876 2 5.5 -19
0.000627196 2.5 5 -20
0.000326561 2.5 5 -20.5
0.00175297 2 5.5 -20
7.15647e-05 2.5 5 -21
0.000151183 2 5.5 -21
2.59445e-05 1.5 6 -21
8.86852e-05 1.5 6 -20.5
0.000819785 2 5.5 -20.5
0.000144792 1.5 6 -20
0.000155226 1.5 6 -19.5
0.00235168 2 5.5 -19.5
0.0001474 1.5 6 -19
0.000114214 1.5 6 -18.5
6.58527e-05 1.5 6 -18
0.00156445 2 5.5 -18
2.2004e-05 1.5 6 -17.5
0.000192806 2.5 5 -17.5
0.000181886 2 5.5 -17
3.07474e-05 2 5.5 -16.5
0.000132006 2.5 5.5 -17
3.406e-05 2 6 -16.5
0.000556529 2.5 5.5 -17.5
0.000180681 2 6 -17
0.00121262 2.5 5.5 -18
0.00164279 2.5 5.5 -18.5
0.00127611 2 6 -18
0.0016641 2.5 5.5 -19
0.00158253 2.5 5.5 -19.5
0.00111479 2.5 5.5 -20
0.00182186 2 6 -19.5
6.32896e-05 2.5 5.5 -21
0.000500837 2 6 -20.5
6.7532e-05 2 6 -21
0.000449631 2.5 5.5 -20.5
0.00125878 2 6 -20
0.00188591 2 6 -19
0.00175166 2 6 -18.5
0.000637802 2 6 -17.5
2.10984e-05 2.5 5.5 -16.5
2.09992e-05 3 5.5 -17
5.40003e-05 2.5 6 -16.5
7.7462e-05 3 5.5 -17.5
0.000332864 2.5 6 -17
0.000149214 3 5.5 -18
0.00016562 3 5.5 -18.5
0.00199402 2.5 6 -18
0.000352981 2 6.5 -17.5
0.000158114 3 5.5 -19
0.000140491 3 5.5 -19.5
0.00231953 2.5 6 -19
0.000920174 2 6.5 -18.5
9.51558e-05 3 5.5 -20
0.00187051 2.5 6 -19.5
0.00101873 2 6.5 -19
4.11264e-05 3 5.5 -20.5
0.000404843 2.5 6 -20.5
2.17323e-05 2 6.5 -21
4.14869e-05 2.5 6 -21
0.000214905 2 6.5 -20.5
0.000619982 2 6.5 -20
0.00112425 2.5 6 -20
0.000968496 2 6.5 -19.5
0.00239506 2.5 6 -18.5
0.000688522 2 6.5 -18
0.00106114 2.5 6 -17.5
0.00012619 2 6.5 -17
2.52572e-05 2 6.5 -16.5
2.30596e-05 3 6 -16.5
2.37531e-05 2.5 6.5 -16
0.000131345 3 6 -17
0.000410854 3 6 -17.5
0.000693324 3 6 -18
0.00156655 2.5 6.5 -17.5
0.000740048 3 6 -18.5
0.000698748 3 6 -19
0.00240852 2.5 6.5 -18.5
0.000547052 3 6 -19.5
0.00231145 2.5 6.5 -19
0.000299927 3 6 -20
8.66526e-05 3 6 -20.5
0.000984303 2.5 6.5 -20
2.10625e-05 2.5 6.5 -21
5.55119e-05 2 7 -20.5
0.000262642 2.5 6.5 -20.5
0.000207922 2 7 -20
0.000341639 2 7 -19.5
0.00179485 2.5 6.5 -19.5
0.00037225 2 7 -19
0.000335662 2 7 -18.5
0.00025724 2 7 -18
0.00225974 2.5 6.5 -18
0.000145279 2 7 -17.5
5.97385e-05 2 7 -17
0.000710528 2.5 6.5 -17
0.000171077 2.5 6.5 -16.5
0.000222114 2.5 7 -16.5
0.00106395 3 6.5 -17.5
0.000702555 2.5 7 -17
0.00145894 3 6.5 -18.5
0.0020563 2.5 7 -18
0.00134178 3 6.5 -19
0.000995441 3 6.5 -19.5
0.000471058 3 6.5 -20
0.00142809 2.5 7 -19.5
9.12826e-05 3 6.5 -20.5
0.00011934 2.5 7 -20.5
2.23466e-05 2 7.5 -20
0.0006466 2.5 7 -20
5.90168e-05 2 7.5 -19.5
7.44068e-05 2 7.5 -19
0.00201527 2.5 7 -19
7.10026e-05 2 7.5 -18.5
0.0021657 2.5 7 -18.5
5.08942e-05 2 7.5 -18
3.12794e-05 2 7.5 -17.5
0.00144614 3 6.5 -18
0.00145495 2.5 7 -17.5
0.000487689 3 6.5 -17
0.000114023 3 6.5 -16.5
4.54482e-05 2.5 7 -16
6.20396e-05 3.5 6.5 -17
0.000332972 3 7 -16.5
3.84362e-05 2.5 7.5 -16
0.000115557 3.5 6.5 -17.5
0.00101994 3 7 -17
0.000125641 3.5 6.5 -18
0.000114367 3.5 6.5 -18.5
0.00199069 3 7 -18
0.000968281 2.5 7.5 -17.5
9.53297e-05 3.5 6.5 -19
6.6226e-05 3.5 6.5 -19.5
0.00178706 3 7 -19
0.00138896 2.5 7.5 -18.5
2.14751e-05 3.5 6.5 -20
0.00110649 3 7 -19.5
0.00123006 2.5 7.5 -19
6.56829e-05 3 7 -20.5
0.000296542 2.5 7.5 -20
3.95873e-05 2.5 7.5 -20.5
0.000444086 3 7 -20
0.000790072 2.5 7.5 -19.5
0.00203642 3 7 -18.5
0.00133554 2.5 7.5 -18
0.00173724 3 7 -17.5
0.00050796 2.5 7.5 -17
0.000174494 2.5 7.5 -16.5
5.54482e-05 3 7 -16
0.000130092 3.5 7 -16.5
0.0002029 3 7.5 -16
0.000369596 3.5 7 -17
0.000106203 2.5 8 -16.5
0.000580754 3.5 7 -17.5
0.000599135 3.5 7 -18
0.00222959 3 7.5 -17.5
0.000421946 3.5 7 -19
0.00220929 3 7.5 -18.5
0.000218585 3.5 7 -19.5
0.00174412 3 7.5 -19
7.13837e-05 3.5 7 -20
0.000298698 3 7.5 -20
3.08089e-05 3 7.5 -20.5
8.12071e-05 2.5 8 -20
0.000300552 2.5 8 -19.5
0.000973596 3 7.5 -19.5
0.000524137 2.5 8 -19
0.000613174 2.5 8 -18.5
0.00057315 2.5 8 -18
0.000563045 3.5 7 -18.5
0.00235249 3 7.5 -18
0.000432298 2.5 8 -17.5
0.000254125 2.5 8 -17
0.0016255 3 7.5 -17
0.000792932 3 7.5 -16.5
2.65858e-05 2.5 8 -16
2.57519e-05 3.5 7 -16
2.87243e-05 3 7.5 -15.5
0.000143381 3.5 7.5 -16
7.7817e-05 3 8 -15.5
0.00103066 3.5 7.5 -17
0.000876781 3 8 -16.5
0.00129173 3.5 7.5 -17.5
0.00163389 3 8 -17
0.00113649 3.5 7.5 -18.5
0.00221152 3 8 -18
0.000187678 2.5 8.5 -18.5
0.000832706 3.5 7.5 -19
0.000396557 3.5 7.5 -19.5
9.57873e-05 3.5 7.5 -20
0.000653818 3 8 -19.5
0.000141043 3 8 -20
5.427e-05 2.5 8.5 -19.5
0.000142255 2.5 8.5 -19
0.00141299 3 8 -19
0.00201193 3 8 -18.5
0.000177443 2.5 8.5 -18
0.000141763 2.5 8.5 -17.5
0.00127159 3.5 7.5 -18
0.00212792 3 8 -17.5
9.31199e-05 2.5 8.5 -17
4.76952e-05 2.5 8.5 -16.5
0.000529623 3.5 7.5 -16.5
0.000325975 3 8 -16
2.17512e-05 3.5 7.5 -15.5
2.68101e-05 4 7.5 -16
7.31917e-05 3 8.5 -15.5
8.95653e-05 3.5 8 -15.5
0.000104544 4 7.5 -17
0.00105516 3.5 8 -16.5
0.00028514 3 8.5 -16
0.000103259 4 7.5 -17.5
0.00160916 3.5 8 -17
5.67628e-05 4 7.5 -18.5
0.0018972 3.5 8 -18
0.00154272 3 8.5 -17.5
2.69855e-05 4 7.5 -19
0.00140576 3 8.5 -18.5
0.000384426 3.5 8 -19.5
0.000860725 3 8.5 -19
7.2323e-05 3.5 8 -20
3.58837e-05 3 8.5 -20
0.00030673 3 8.5 -19.5
0.000959218 3.5 8 -19
0.00159136 3.5 8 -18.5
0.00158659 3 8.5 -18
8.58027e-05 4 7.5 -18
0.00187907 3.5 8 -17.5
0.00127382 3 8.5 -17
0.000744001 3 8.5 -16.5
6.79528e-05 4 7.5 -16.5
0.000438698 3.5 8 -16
4.52369e-05 4 8 -15.5
5.69912e-05 3 9 -15.5
0.000172899 4 8 -16
0.000382484 4 8 -16.5
0.000183187 3 9 -16
0.000911694 3.5 8.5 -16
0.000413346 3 9 -16.5
0.000514185 4 8 -17
0.000498828 4 8 -17.5
0.000437693 4 8 -18
0.00226006 3.5 8.5 -17.5
0.000280987 4 8 -18.5
0.00013619 4 8 -19
0.00151854 3.5 8.5 -18.5
4.64971e-05 4 8 -19.5
0.000821293 3.5 8.5 -19
3.1711e-05 3.5 8.5 -20
6.94434e-05 3 9 -19.5
0.000269705 3.5 8.5 -19.5
0.000345072 3 9 -19
0.000670428 3 9 -18.5
0.000810108 3 9 -18
0.0020341 3.5 8.5 -18
0.000789219 3 9 -17.5
0.000662825 3 9 -17
0.00213784 3.5 8.5 -17
0.00166441 3.5 8.5 -16.5
0.000326715 3.5 8.5 -15.5
6.24076e-05 3.5 8.5 -15
3.73913e-05 3.5 9 -14.5
0.000164533 3.5 9 -15
0.000512546 3.5 9 -15.5
3.60272e-05 3 9.5 -15.5
0.00173719 3.5 9 -16.5
9.01018e-05 3 9.5 -16
0.00110987 4 8.5 -17.5
0.00209539 3.5 9 -17
0.000631494 4 8.5 -18.5
0.00185579 3.5 9 -18
0.000287931 3 9.5 -17.5
0.000200061 3 9.5 -18.5
0.00028083 4 8.5 -19
7.15274e-05 4 8.5 -19.5
0.000123797 3.5 9 -19.5
6.09879e-05 3 9.5 -19
0.000548726 3.5 9 -19
0.00121602 3.5 9 -18.5
0.000283438 3 9.5 -18
0.000934648 4 8.5 -18
0.00214319 3.5 9 -17.5
0.000246674 3 9.5 -17
0.000167078 3 9.5 -16.5
0.0011458 4 8.5 -17
0.00099742 4 8.5 -16.5
0.00117134 3.5 9 -16
0.000632151 4 8.5 -16
0.000239993 4 8.5 -15.5
4.94985e-05 4 8.5 -15
4.03769e-05 4 9 -14.5
4.1153e-05 3.5 9.5 -14.5
0.00016462 3.5 9.5 -15
0.000632196 4 9 -15.5
4.40785e-05 4.5 8.5 -15.5
0.000473597 3.5 9.5 -15.5
7.8558e-05 4.5 8.5 -17
0.00156998 4 9 -16.5
0.000994496 3.5 9.5 -16
4.02133e-05 3 10 -16.5
4.9405e-05 4.5 8.5 -17.5
0.00176855 4 9 -17
5.43721e-05 3 10 -17
5.87038e-05 3 10 -17.5
0.0013012 4 9 -18
3.96306e-05 3 10 -18
0.000742388 3.5 9.5 -18.5
2.4324e-05 3.5 9.5 -19.5
5.64265e-05 4 9 -19.5
0.00024739 3.5 9.5 -19
0.000276137 4 9 -19
0.000724459 4 9 -18.5
0.00133466 3.5 9.5 -18
0.00168284 3.5 9.5 -17.5
2.00067e-05 4.5 8.5 -18
0.00170838 4 9 -17.5
0.00166789 3.5 9.5 -17
0.00142072 3.5 9.5 -16.5
9.50104e-05 4.5 8.5 -16.5
0.00113373 4 9 -16
8.13692e-05 4.5 8.5 -16
0.000217645 4 9 -15
3.56441e-05 4 9.5 -14
0.000181559 4 9.5 -14.5
2.73733e-05 4.5 9 -14.5
3.86397e-05 3.5 10 -14.5
0.000132123 3.5 10 -15
0.000257087 4.5 9 -15.5
0.000550805 4 9.5 -15
0.00031507 3.5 10 -15.5
0.000405568 4.5 9 -16
0.000607431 3.5 10 -16
0.000457472 4.5 9 -16.5
0.000825226 3.5 10 -16.5
0.000421871 4.5 9 -17
0.000298047 4.5 9 -17.5
0.000174827 4.5 9 -18
0.0016962 4 9.5 -17.5
8.02548e-05 4.5 9 -18.5
0.000619937 4 9.5 -18.5
0.000635364 3.5 10 -18
0.000194601 4 9.5 -19
2.2079e-05 4 9.5 -19.5
5.07336e-05 3.5 10 -19
0.000281317 3.5 10 -18.5
0.00122605 4 9.5 -18
0.000921848 3.5 10 -17.5
0.000955599 3.5 10 -17
0.00203248 4 9.5 -17
0.00205249 4 9.5 -16.5
0.00172509 4 9.5 -16
0.00114085 4 9.5 -15.5
0.000104364 4.5 9 -15
2.21152e-05 4 10 -13.5
0.000116607 4 10 -14
3.29786e-05 4.5 9.5 -14
0.000363163 4 10 -14.5
2.94807e-05 3.5 10.5 -14.5
0.000862299 4 10 -15
0.000424342 4.5 9.5 -15
7.90573e-05 3.5 10.5 -15
0.00139872 4 10 -15.5
0.000161889 3.5 10.5 -15.5
0.00177915 4 10 -16
0.000267525 3.5 10.5 -16
0.0020099 4 10 -16.5
0.000330411 3.5 10.5 -16.5
0.000369943 3.5 10.5 -17
0.000703359 4.5 9.5 -17.5
0.000334371 3.5 10.5 -17.5
0.00017052 3.5 10.5 -18
0.000168341 4.5 9.5 -18.5
3.31094e-05 3.5 10.5 -18.5
3.91429e-05 4.5 9.5 -19
8.39109e-05 4 10 -19
0.000387514 4 10 -18.5
0.000938507 4 10 -18
0.0004168 4.5 9.5 -18
0.0015187 4 10 -17.5
0.00190693 4 10 -17
0.000935401 4.5 9.5 -17
0.0010367 4.5 9.5 -16.5
0.000970485 4.5 9.5 -16
0.000755776 4.5 9.5 -15.5
0.000153096 4.5 9.5 -14.5
3.37741e-05 4 10.5 -13.5
3.36458e-05 4.5 10 -13.5
0.000360365 4 10.5 -14.5
7.39142e-05 5 9.5 -15
0.000472115 4.5 10 -14.5
0.0012761 4.5 10 -15.5
0.000779439 4 10.5 -15
9.17585e-05 5 9.5 -15.5
3.62242e-05 3.5 11 -15
6.23709e-05 3.5 11 -15.5
5.29024e-05 5 9.5 -16.5
0.00152401 4.5 10 -16
8.44353e-05 3.5 11 -16
0.00168727 4 10.5 -16.5
0.00164332 4.5 10 -16.5
9.26373e-05 3.5 11 -16.5
0.00148937 4 10.5 -17
8.28687e-05 3.5 11 -17
0.00104328 4 10.5 -17.5
4.38272e-05 3.5 11 -17.5
0.000521045 4 10.5 -18
0.00015272 4 10.5 -18.5
3.13819e-05 4.5 10 -19
0.00016752 4.5 10 -18.5
0.000481952 4.5 10 -18
0.000944279 4.5 10 -17.5
0.0013709 4.5 10 -17
0.0015188 4 10.5 -16
0.00119426 4 10.5 -15.5
8.26569e-05 5 9.5 -16
0.000852763 4.5 10 -15
0.000120916 4 10.5 -14
4.4914e-05 5 9.5 -14.5
0.000167881 4.5 10 -14
0.000171548 4.5 10.5 -13.5
3.02295e-05 5 10 -13.5
3.35211e-05 4 11 -13.5
0.000108099 4 11 -14
0.000901844 4.5 10.5 -14.5
0.000223808 5 10 -14.5
0.000267126 4 11 -14.5
0.000529052 4 11 -15
0.000416074 5 10 -15.5
0.0014087 4.5 10.5 -15
0.000774177 4 11 -15.5
0.000411441 5 10 -16
0.000309003 5 10 -16.5
0.000192599 5 10 -17
0.000102106 5 10 -17.5
0.00134228 4.5 10.5 -17
0.000986512 4 11 -16.5
0.00086315 4.5 10.5 -17.5
0.000395413 4.5 10.5 -18
0.000114551 4.5 10.5 -18.5
0.000165256 4 11 -18
0.00045891 4 11 -17.5
3.31269e-05 5 10 -18
0.000788504 4 11 -17
0.00165887 4.5 10.5 -16.5
0.000940438 4 11 -16
0.00185778 4.5 10.5 -16
0.0017511 4.5 10.5 -15.5
0.00034992 5 10 -15
0.00047231 4.5 10.5 -14
0.000100151 5 10 -14
3.22801e-05 4.5 10.5 -13
0.000114938 4.5 11 -13
0.000323428 4.5 11 -13.5
0.000161363 5 10.5 -13.5
2.85527e-05 4 11.5 -13.5
0.000694138 4.5 11 -14
7.27569e-05 4 11.5 -14
0.00116935 4.5 11 -14.5
0.000149297 4 11.5 -14.5
0.00152524 4.5 11 -15
0.000851156 5 10.5 -15
0.000253917 4 11.5 -15
0.00174061 4.5 11 -15.5
0.00034002 4 11.5 -15.5
0.000396161 4 11.5 -16
0.000380219 4 11.5 -16.5
0.000458956 5 10.5 -17
0.00153845 4.5 11 -16.5
0.000251221 4 11.5 -17
0.000238804 5 10.5 -17.5
8.93071e-05 4 11.5 -17.5
8.05282e-05 5 10.5 -18
4.07455e-05 4.5 11 -18.5
0.000218399 4.5 11 -18
0.000602044 4.5 11 -17.5
0.00111724 4.5 11 -17
0.000700908 5 10.5 -16.5
0.00177522 4.5 11 -16
0.000895401 5 10.5 -16
0.000942512 5 10.5 -15.5
0.00065042 5 10.5 -14.5
0.00039134 5 10.5 -14
4.23794e-05 5 10.5 -13
3.60043e-05 4.5 11.5 -12.5
2.92597e-05 5.5 10.5 -13
5.28154e-05 5 11 -12.5
0.000119159 4.5 11.5 -13
6.18581e-05 5.5 10.5 -13.5
0.000316531 4.5 11.5 -13.5
9.03176e-05 5.5 10.5 -14
0.000472268 5 11 -13.5
3.75621e-05 4 12 -14
0.00101298 4.5 11.5 -14.5
9.19067e-05 5.5 10.5 -15
0.00109899 5 11 -14.5
6.36626e-05 4 12 -14.5
6.41034e-05 5.5 10.5 -15.5
0.00132407 4.5 11.5 -15
8.74491e-05 4 12 -15
2.93759e-05 5.5 10.5 -16
0.00152361 4.5 11.5 -15.5
0.00147879 5 11 -15.5
9.82053e-05 4 12 -16
0.00110094 4.5 11.5 -16.5
0.000972917 5 11 -16.5
6.00765e-05 4 12 -16.5
0.000676983 4.5 11.5 -17
0.000284868 4.5 11.5 -17.5
7.01602e-05 4.5 11.5 -18
8.16908e-05 5 11 -18
0.000268903 5 11 -17.5
0.000596942 5 11 -17
0.0014126 4.5 11.5 -16
0.000101766 4 12 -15.5
0.00130178 5 11 -16
0.00133522 5 11 -15
0.00063587 4.5 11.5 -14
0.000100537 5.5 10.5 -14.5
0.000803477 5 11 -14
0.000200038 5 11 -13
5.79966e-05 5 11.5 -12
0.000232916 5 11.5 -12.5
5.40462e-05 5.5 11 -12.5
3.6622e-05 4.5 12 -12.5
0.000519601 5 11.5 -13
0.000105359 4.5 12 -13
0.000870467 5 11.5 -13.5
0.000264421 5.5 11 -13.5
0.000237845 4.5 12 -13.5
0.000448386 4.5 12 -14
0.00150964 5 11.5 -14.5
0.000415937 5.5 11 -14.5
0.000670189 4.5 12 -14.5
0.00083554 4.5 12 -15
0.000325593 5.5 11 -15.5
0.000202359 5.5 11 -16
0.000108562 5.5 11 -16.5
0.00127549 5 11.5 -16
0.000513406 5 11.5 -17
0.000507159 4.5 12 -16.5
4.06116e-05 5.5 11 -17
0.000203718 5 11.5 -17.5
5.20939e-05 5 11.5 -18
5.93999e-05 4.5 12 -17.5
0.000237834 4.5 12 -17
0.000912118 5 11.5 -16.5
0.000760334 4.5 12 -16
0.000912254 4.5 12 -15.5
0.00149894 5 11.5 -15.5
0.001625 5 11.5 -15
0.000404189 5.5 11 -15
0.00125468 5 11.5 -14
0.000369749 5.5 11 -14
3.34914e-05 5 12 -11.5
0.000136785 5 12 -12
2.29319e-05 6 11 -12.5
0.000332367 5 12 -12.5
2.82858e-05 6 11 -13
0.000231792 5.5 11.5 -12.5
3.07469e-05 4.5 12.5 -12.5
0.000621892 5 12 -13
0.000675456 5.5 11.5 -13.5
2.29867e-05 6 11 -13.5
7.09472e-05 4.5 12.5 -13
0.00102384 5 12 -13.5
0.000137054 4.5 12.5 -13.5
0.00131708 5 12 -14
0.000224661 4.5 12.5 -14
0.00148715 5 12 -14.5
0.000302711 4.5 12.5 -14.5
0.00154833 5 12 -15
0.000352675 4.5 12.5 -15
0.000349276 4.5 12.5 -15.5
0.00045706 5.5 11.5 -16
0.000101715 4.5 12.5 -16.5
0.000111537 5.5 11.5 -17
0.000660591 5 12 -16.5
3.4404e-05 5.5 11.5 -17.5
9.4629e-05 5 12 -17.5
0.000310635 5 12 -17
0.000239894 4.5 12.5 -16
0.000260979 5.5 11.5 -16.5
0.0010652 5 12 -16
0.00138959 5 12 -15.5
0.000676547 5.5 11.5 -15.5
0.000834221 5.5 11.5 -15
0.0008821 5.5 11.5 -14.5
0.000823185 5.5 11.5 -14
0.00045135 5.5 11.5 -13
3.85445e-05 5.5 12 -11
0.000134253 5.5 12 -11.5
4.74126e-05 5 12.5 -11.5
0.000301028 5.5 12 -12
0.000132951 5 12.5 -12
0.000549643 5.5 12 -12.5
0.000108152 6 11.5 -12.5
0.000307348 5 12.5 -12.5
0.000563833 5 12.5 -13
0.000139241 6 11.5 -13.5
3.67185e-05 4.5 13 -13
0.00086997 5 12.5 -13.5
0.000109517 6 11.5 -14
0.00105106 5.5 12 -13.5
5.90721e-05 4.5 13 -13.5
0.0012957 5.5 12 -14.5
0.00112208 5 12.5 -14
8.22575e-05 6 11.5 -14.5
7.81355e-05 4.5 13 -14
0.00128042 5 12.5 -14.5
8.93196e-05 4.5 13 -14.5
7.99726e-05 4.5 13 -15
0.000973266 5 12.5 -15.5
0.000893862 5.5 12 -15.5
4.49001e-05 4.5 13 -15.5
0.000326735 5 12.5 -16.5
0.000308181 5.5 12 -16.5
0.000110841 5 12.5 -17
3.32389e-05 5.5 12 -17.5
0.000118475 5.5 12 -17
0.00064568 5 12.5 -16
0.00058695 5.5 12 -16
0.00120114 5 12.5 -15
0.00115519 5.5 12 -15
4.13315e-05 6 11.5 -15
0.0012106 5.5 12 -14
0.000834667 5.5 12 -13
2.10989e-05 6 12 -10.5
4.22304e-05 5.5 12.5 -10.5
0.000136463 5.5 12.5 -11
0.000327175 5.5 12.5 -11.5
4.42663e-05 5 13 -11.5
0.000590686 5.5 12.5 -12
0.000106633 5 13 -12
0.000874755 5.5 12.5 -12.5
0.0003526 6 12 -12.5
0.000217484 5 13 -12.5
0.00113584 5.5 12.5 -13
0.000385297 5 13 -13
0.00132102 5.5 12.5 -13.5
0.000470366 6 12 -13.5
0.000551255 5 13 -13.5
0.00127882 5.5 12.5 -14.5
0.000674661 5 13 -14
0.000336628 6 12 -14.5
0.000737259 5 13 -14.5
0.000110475 6 12 -15.5
0.000422597 5 13 -15.5
4.56421e-05 6 12 -16
0.000817193 5.5 12.5 -15.5
0.000222152 5 13 -16
8.05664e-05 5.5 12.5 -17
6.99681e-05 5 13 -16.5
0.000239505 5.5 12.5 -16.5
0.000502403 5.5 12.5 -16
0.000610269 5 13 -15
0.0011008 5.5 12.5 -15
0.000208924 6 12 -15
0.00140354 5.5 12.5 -14
0.000421731 6 12 -14
4.00504e-05 6 12.5 -10
0.000106376 6 12.5 -10.5
0.000435274 6 12 -13
6.47265e-05 5.5 13 -10.5
0.000214829 6 12.5 -11
3.27565e-05 6.5 12 -11
0.000170005 5.5 13 -11
0.00035584 6 12.5 -11.5
4.76525e-05 6.5 12 -11.5
0.000345385 5.5 13 -11.5
3.30883e-05 5 13.5 -11.5
0.00059143 5.5 13 -12
0.000723068 6 12.5 -12.5
4.30773e-05 6.5 12 -12.5
6.69355e-05 5 13.5 -12
0.00087422 5.5 13 -12.5
0.000117747 5 13.5 -12.5
0.00112391 5.5 13 -13
0.00018043 5 13.5 -13
0.00125189 5.5 13 -13.5
0.000855468 6 12.5 -13.5
0.000231085 5 13.5 -13.5
0.000260186 5 13.5 -14
0.0011206 5.5 13 -14.5
0.000642106 6 12.5 -14.5
0.000250747 5 13.5 -14.5
0.000162815 5 13.5 -15
0.000569352 5.5 13 -15.5
0.000254684 6 12.5 -15.5
4.50211e-05 6 12.5 -16.5
0.000302648 5.5 13 -16
2.05772e-05 5.5 13 -17
0.000115569 5.5 13 -16.5
6.76061e-05 5 13.5 -15.5
0.000123808 6 12.5 -16
0.000867911 5.5 13 -15
0.000433752 6 12.5 -15
0.00129281 5.5 13 -14
0.000789395 6 12.5 -14
0.000821702 6 12.5 -13
6.18481e-05 6 13 -9.5
2.36988e-05 6.5 12.5 -9.5
0.00015782 6 13 -10
4.64767e-05 6.5 12.5 -10
2.39618e-05 5.5 13.5 -10
0.000282568 6 13 -10.5
6.22819e-05 5.5 13.5 -10.5
0.000448122 6 13 -11
0.000149538 5.5 13.5 -11
0.000660286 6 13 -11.5
0.000189014 6.5 12.5 -11.5
0.000305602 5.5 13.5 -11.5
0.000502361 5.5 13.5 -12
0.000200551 6.5 12.5 -12.5
2.50234e-05 5 14 -12
0.000709547 5.5 13.5 -12.5
0.000153773 6.5 12.5 -13
0.00103781 6 13 -12.5
4.26803e-05 5 14 -12.5
0.000877635 5.5 13.5 -13
0.00110062 6 13 -13.5
0.00011243 6.5 12.5 -13.5
5.10673e-05 5 14 -13
0.000973692 5.5 13.5 -13.5
4.93925e-05 5 14 -13.5
0.000915723 5.5 13.5 -14
3.51629e-05 5 14 -14
0.000726295 5.5 13.5 -14.5
0.000729709 6 13 -14.5
0.000488315 5.5 13.5 -15
0.000103323 5.5 13.5 -16
0.000127829 6 13 -16
4.46186e-05 6 13 -16.5
0.000263064 5.5 13.5 -15.5
0.000276701 6 13 -15.5
0.000487706 6 13 -15
0.000971797 6 13 -14
5.53226e-05 6.5 12.5 -14
2.36827e-05 6.5 13 -8.5
5.62193e-05 6.5 13 -9
0.00109065 6 13 -13
0.000885625 6 13 -12
3.95738e-05 6 13.5 -9
0.000105704 6.5 13 -9.5
0.000100487 6 13.5 -9.5
0.000175438 6.5 13 -10
2.15789e-05 7 12.5 -10
0.00020884 6 13.5 -10
0.00027089 6.5 13 -10.5
2.37952e-05 7 12.5 -10.5
2.23418e-05 5.5 14 -10
0.000375212 6 13.5 -10.5
5.06109e-05 5.5 14 -10.5
0.000608353 6 13.5 -11
0.000102985 5.5 14 -11
0.000810246 6 13.5 -11.5
0.000185527 5.5 14 -11.5
0.00096616 6 13.5 -12
0.000291648 5.5 14 -12
0.0010759 6 13.5 -12.5
0.000503076 6.5 13 -12.5
0.000395555 5.5 14 -12.5
0.0011196 6 13.5 -13
0.000459876 5.5 14 -13
0.0010303 6 13.5 -13.5
0.000324583 6.5 13 -13.5
0.000488141 5.5 14 -13.5
0.00039801 5.5 14 -14
0.000107852 6.5 13 -14.5
0.000858432 6 13.5 -14
0.000268987 5.5 14 -14.5
4.71821e-05 6.5 13 -15
0.000136532 5.5 14 -15
0.000397242 6 13.5 -15
3.75176e-05 5.5 14 -15.5
8.22886e-05 6 13.5 -16
0.000206914 6 13.5 -15.5
0.00062653 6 13.5 -14.5
0.000200793 6.5 13 -14
4.071e-05 6.5 13.5 -8
8.76694e-05 6.5 13.5 -8.5
2.88226e-05 7 13 -8.5
0.000161013 6.5 13.5 -9
4.89501e-05 7 13 -9
4.06079e-05 6 14 -9
9.4104e-05 6 14 -9.5
9.34527e-05 7 13 -10
0.000253063 6.5 13.5 -9.5
0.000196038 6 14 -10
0.000103627 7 13 -10.5
0.000375561 6.5 13.5 -10
0.000506035 6.5 13.5 -10.5
7.38404e-05 7 13 -9.5
0.00043454 6.5 13 -13
0.000347144 6 14 -10.5
0.000616103 6.5 13.5 -11
9.40832e-05 7 13 -11
2.95911e-05 5.5 14.5 -10.5
0.000543325 6 14 -11
0.000736571 6.5 13.5 -11.5
7.55816e-05 7 13 -11.5
5.32121e-05 5.5 14.5 -11
0.00074352 6 14 -11.5
8.36976e-05 5.5 14.5 -11.5
0.000896133 6 14 -12
0.000805859 6.5 13.5 -12
0.00011843 5.5 14.5 -12
0.000968647 6 14 -12.5
0.000137803 5.5 14.5 -12.5
0.000956066 6 14 -13
0.00070063 6.5 13.5 -13
0.00014167 5.5 14.5 -13
0.000800776 6 14 -13.5
0.000111717 5.5 14.5 -13.5
0.000606824 6 14 -14
0.00036727 6.5 13.5 -14
6.39764e-05 5.5 14.5 -14
0.000400286 6 14 -14.5
0.000219658 6 14 -15
0.000110332 6.5 13.5 -15
9.04213e-05 6 14 -15.5
4.55679e-05 6.5 13.5 -15.5
2.30457e-05 7 13.5 -7
0.000217392 6.5 13.5 -14.5
4.3225e-05 7 13.5 -7.5
2.75019e-05 6.5 14 -7.5
0.00054311 6.5 13.5 -13.5
7.52043e-05 7 13.5 -8
0.000791823 6.5 13.5 -12.5
6.67851e-05 6.5 14 -8
0.000113384 7 13.5 -8.5
0.000135518 6.5 14 -8.5
0.000159976 7 13.5 -9
0.000246698 6.5 14 -9
3.58508e-05 6 14.5 -9
0.000399701 6.5 14 -9.5
0.000216936 7 13.5 -9.5
7.34703e-05 6 14.5 -9.5
0.000544191 6.5 14 -10
0.000262006 7 13.5 -10
0.000142239 6 14.5 -10
0.000687066 6.5 14 -10.5
0.000250215 6 14.5 -10.5
0.000800395 6.5 14 -11
0.000380608 6 14.5 -11
0.000507774 6 14.5 -11.5
0.00020854 7 13.5 -12
0.000856291 6.5 14 -11.5
0.000591143 6 14.5 -12
0.000126574 7 13.5 -12.5
0.000621025 6 14.5 -12.5
6.51811e-05 7 13.5 -13
0.00083038 6.5 14 -12.5
0.000539232 6.5 14 -13.5
0.000556531 6 14.5 -13
0.000430473 6 14.5 -13.5
0.000147282 6 14.5 -14.5
0.000212842 6.5 14 -14.5
4.02997e-05 6.5 14 -15.5
5.13693e-05 6 14.5 -15
0.000104934 6.5 14 -15
0.00027987 6 14.5 -14
0.000362133 6.5 14 -14
2.87848e-05 7 14 -6.5
6.59807e-05 7 14 -7
2.6476e-05 7.5 13.5 -7
3.90264e-05 7.5 13.5 -7.5
0.000118641 7 14 -7.5
0.000711856 6.5 14 -13
2.84863e-05 6.5 14.5 -7.5
5.12386e-05 7.5 13.5 -8
6.30544e-05 6.5 14.5 -8
6.00651e-05 7.5 13.5 -8.5
0.000175315 7 14 -8
0.00024583 7 14 -8.5
0.000867592 6.5 14 -12
0.000130804 6.5 14.5 -8.5
6.60537e-05 7.5 13.5 -9
0.000239506 6.5 14.5 -9
5.86779e-05 7.5 13.5 -9.5
0.000320496 7 14 -9
0.000392015 7 14 -9.5
0.000378661 6.5 14.5 -9.5
0.000477008 7 14 -10
4.08068e-05 7.5 13.5 -10
4.53945e-05 6 15 -9.5
0.000531996 6.5 14.5 -10
0.000525842 7 14 -10.5
7.84899e-05 6 15 -10
0.000673413 6.5 14.5 -10.5
0.000124255 6 15 -10.5
0.000769861 6.5 14.5 -11
0.000176996 6 15 -11
0.000810439 6.5 14.5 -11.5
0.000492063 7 14 -11.5
0.000221819 6 15 -11.5
0.000817008 6.5 14.5 -12
0.000244043 6 15 -12
0.000736298 6.5 14.5 -12.5
0.000275147 7 14 -12.5
0.000223737 6 15 -12.5
0.000167382 6 15 -13
0.000410087 6.5 14.5 -13.5
9.73578e-05 7 14 -13.5
9.70175e-05 6 15 -13.5
2.82892e-05 6 15 -14
0.000135415 6.5 14.5 -14.5
5.61902e-05 6.5 14.5 -15
3.7251e-05 7.5 14 -6
0.000256078 6.5 14.5 -14
6.53842e-05 7.5 14 -6.5
4.79299e-05 7 14 -14
4.52632e-05 7 14.5 -6.5
0.000585228 6.5 14.5 -13
9.40239e-05 7 14.5 -7
9.2891e-05 7.5 14 -7
0.000177567 7 14 -13
0.000170886 7 14.5 -7.5
0.000118683 7.5 14 -7.5
0.000267938 7 14.5 -8
0.000151457 7.5 14 -8
5.10462e-05 6.5 15 -8
0.000363245 7 14.5 -8.5
0.00017584 7.5 14 -8.5
0.000397029 7 14 -12
0.000100108 6.5 15 -8.5
0.000459996 7 14.5 -9
0.00018819 7.5 14 -9
0.000184082 6.5 15 -9
0.00055057 7 14.5 -9.5
0.000191536 7.5 14 -9.5
0.000291831 6.5 15 -9.5
0.00040915 6.5 15 -10
0.000120508 7.5 14 -10.5
2.12455e-05 6 15.5 -10
0.000516212 6.5 15 -10.5
8.24331e-05 7.5 14 -11
3.61927e-05 6 15.5 -10.5
0.000603139 6.5 15 -11
0.000617281 7 14.5 -11.5
3.70806e-05 7.5 14 -11.5
4.18818e-05 6 15.5 -11
0.000628591 6.5 15 -11.5
4.28938e-05 6 15.5 -11.5
0.000580593 6.5 15 -12
2.54665e-05 6 15.5 -12
0.000480553 6.5 15 -12.5
0.000398032 7 14.5 -12.5
0.00034501 6.5 15 -13
0.000214409 6.5 15 -13.5
0.00016917 7 14.5 -13.5
0.00010479 6.5 15 -14
3.62082e-05 6.5 15 -14.5
3.67917e-05 7 14.5 -14.5
4.79702e-05 7.5 14.5 -5.5
3.48548e-05 8 14 -6
8.8788e-05 7.5 14.5 -6
8.64977e-05 7 14.5 -14
0.000134214 7.5 14.5 -6.5
4.49118e-05 8 14 -6.5
4.38683e-05 7 15 -6.5
0.000181057 7.5 14.5 -7
5.07743e-05 8 14 -7
8.91858e-05 7 15 -7
0.000230419 7.5 14.5 -7.5
5.26036e-05 8 14 -7.5
0.000275337 7 14.5 -13
0.000161217 7 15 -7.5
0.000273484 7.5 14.5 -8
4.33057e-05 8 14 -8
0.000255162 7 15 -8
3.02196e-05 8 14 -8.5
0.000520102 7 14.5 -12
3.26028e-05 6.5 15.5 -8
0.000358415 7 15 -8.5
0.000321394 7.5 14.5 -8.5
5.92197e-05 6.5 15.5 -8.5
0.000460244 7 15 -9
0.000345459 7.5 14.5 -9
9.96232e-05 6.5 15.5 -9
0.0005454 7 15 -9.5
0.000153329 6.5 15.5 -9.5
0.000610432 7 15 -10
0.000209703 6.5 15.5 -10
0.000643136 7 15 -10.5
0.000260794 6.5 15.5 -10.5
0.000290966 6.5 15.5 -11
0.000134401 7.5 14.5 -11.5
0.000620359 7 15 -11
0.000285598 6.5 15.5 -11.5
6.5549e-05 7.5 14.5 -12
0.000234067 6.5 15.5 -12
0.000476718 7 15 -12
0.000168218 6.5 15.5 -12.5
9.58993e-05 6.5 15.5 -13
0.000239523 7 15 -13
3.37104e-05 6.5 15.5 -13.5
6.25079e-05 7 15 -14
4.69625e-05 8 14.5 -5
7.18437e-05 8 14.5 -5.5
0.00013805 7 15 -13.5
5.75571e-05 7.5 15 -5.5
9.6697e-05 8 14.5 -6
0.000104865 7.5 15 -6
0.000175224 7.5 15 -6.5
0.000119158 8 14.5 -6.5
0.000360104 7 15 -12.5
0.000565813 7 15 -11.5
3.46019e-05 7 15.5 -6.5
0.000248244 7.5 15 -7
0.000136228 8 14.5 -7
6.63735e-05 7 15.5 -7
0.0003158 7.5 15 -7.5
0.000142033 8 14.5 -7.5
0.000120674 7 15.5 -7.5
0.000374352 7.5 15 -8
0.000138185 8 14.5 -8
0.000197837 7 15.5 -8
0.000416519 7.5 15 -8.5
0.000112462 8 14.5 -8.5
0.000286109 7 15.5 -8.5
0.000446517 7.5 15 -9
0.000381009 7 15.5 -9
0.000467537 7.5 15 -9.5
3.53984e-05 6.5 16 -9
0.000461793 7 15.5 -9.5
5.00536e-05 6.5 16 -9.5
0.000499782 7 15.5 -10
6.2507e-05 6.5 16 -10
0.000510322 7 15.5 -10.5
6.88077e-05 6.5 16 -10.5
0.000461733 7 15.5 -11
0.00032894 7.5 15 -11
6.07847e-05 6.5 16 -11
0.000401532 7 15.5 -11.5
3.87077e-05 6.5 16 -11.5
0.000315586 7 15.5 -12
0.000148847 7.5 15 -12
4.34578e-05 7.5 15 -13
0.000220691 7 15.5 -12.5
6.03504e-05 7 15.5 -13.5
4.88082e-05 8 15 -4.5
3.79714e-05 8.5 14.5 -5
9.43719e-05 8 15 -5
0.000129355 7 15.5 -13
4.39859e-05 8.5 14.5 -5.5
0.000131967 8 15 -5.5
5.20013e-05 7.5 15.5 -5.5
4.58695e-05 8.5 14.5 -6
0.000166971 8 15 -6
9.66575e-05 7.5 15.5 -6
3.49062e-05 8.5 14.5 -6.5
0.000163505 7.5 15.5 -6.5
0.00019975 8 15 -6.5
0.000228296 8 15 -7
0.000238314 7.5 15.5 -7
8.49021e-05 7.5 15 -12.5
0.00023212 7.5 15 -11.5
3.57377e-05 7 16 -7
0.000309 7.5 15.5 -7.5
0.000247058 8 15 -7.5
6.39101e-05 7 16 -7.5
0.000368578 7.5 15.5 -8
0.000249731 8 15 -8
0.000103878 7 16 -8
0.000153391 7 16 -8.5
0.000190058 8 15 -9
0.000415004 7.5 15.5 -8.5
0.000205104 7 16 -9
0.000138611 8 15 -9.5
0.000440422 7.5 15.5 -9
0.000245186 7 16 -9.5
8.7448e-05 8 15 -10
0.000448232 7.5 15.5 -9.5
0.000259585 7 16 -10
0.000389085 7.5 15.5 -10.5
4.59656e-05 8 15 -10.5
0.000252781 7 16 -10.5
0.000223622 7 16 -11
0.000171336 7 16 -11.5
0.000228397 7.5 15.5 -11.5
0.000113449 7 16 -12
6.07322e-05 7 16 -12.5
9.03759e-05 7.5 15.5 -12.5
4.11752e-05 8.5 15 -4
7.06598e-05 8.5 15 -4.5
5.32979e-05 8 15.5 -4.5
9.65253e-05 8 15.5 -5
8.96154e-05 8.5 15 -5
4.59682e-05 7.5 15.5 -13
0.000103452 8.5 15 -5.5
0.00014912 8 15.5 -5.5
3.48239e-05 7.5 16 -5.5
0.000195254 8 15.5 -6
0.000106666 8.5 15 -6
0.000151809 7.5 15.5 -12
6.68552e-05 7.5 16 -6
0.000239587 8 15.5 -6.5
0.000100623 8.5 15 -6.5
0.00011012 7.5 16 -6.5
8.60852e-05 8.5 15 -7
0.000274331 8 15.5 -7
0.000312441 7.5 15.5 -11
0.000170729 7.5 16 -7
0.000300937 8 15.5 -7.5
6.38918e-05 8.5 15 -7.5
0.000240156 7.5 16 -7.5
3.63223e-05 8.5 15 -8
0.000304783 7.5 16 -8
0.000315612 8 15.5 -8
3.04016e-05 7 16.5 -8
0.000343991 7.5 16 -8.5
0.000309071 8 15.5 -8.5
4.64926e-05 7 16.5 -8.5
0.000359126 7.5 16 -9
5.46153e-05 7 16.5 -9
0.000361326 7.5 16 -9.5
5.61343e-05 7 16.5 -9.5
0.000339364 7.5 16 -10
5.09035e-05 7 16.5 -10
0.000285625 7.5 16 -10.5
0.000111484 8 15.5 -10.5
4.01978e-05 7 16.5 -10.5
0.00021282 7.5 16 -11
2.49676e-05 7 16.5 -11
0.000151572 7.5 16 -11.5
9.49421e-05 7.5 16 -12
2.02714e-05 7.5 16 -13
3.03087e-05 9 15 -4
6.34605e-05 8.5 15.5 -4
3.72469e-05 9 15 -4.5
0.000102251 8.5 15.5 -4.5
4.19502e-05 8 16 -4.5
3.31472e-05 9 15 -5
8.16998e-05 8 16 -5
0.000128632 8.5 15.5 -5
5.1735e-05 7.5 16 -12.5
0.000146708 8.5 15.5 -5.5
0.0001298 8 16 -5.5
0.000180315 8 16 -6
0.000165657 8.5 15.5 -6
2.00054e-05 7.5 16.5 -6
0.000223149 8 16 -6.5
0.000169878 8.5 15.5 -6.5
5.07166e-05 7.5 16.5 -6.5
0.000156366 8.5 15.5 -7
8.09351e-05 7.5 16.5 -7
0.000132894 8.5 15.5 -7.5
0.000261023 8 16 -7
0.000116637 7.5 16.5 -7.5
9.69877e-05 8.5 15.5 -8
0.000286722 8 16 -7.5
0.000295304 8 16 -8
0.000149517 7.5 16.5 -8
0.000297675 8 16 -8.5
5.79408e-05 8.5 15.5 -8.5
0.000175693 7.5 16.5 -8.5
0.000272451 8 16 -9
2.08432e-05 8.5 15.5 -9
0.000193225 7.5 16.5 -9
0.000194743 7.5 16.5 -9.5
0.000165837 7.5 16.5 -10
0.000184771 8 16 -10
0.000127542 7.5 16.5 -10.5
8.4771e-05 7.5 16.5 -11
8.53582e-05 8 16 -11
2.47768e-05 9 15.5 -3.5
5.9448e-05 9 15.5 -4
5.71223e-05 8.5 16 -4
9.90281e-05 8.5 16 -4.5
7.19217e-05 9 15.5 -4.5
4.77669e-05 7.5 16.5 -11.5
0.000129636 8.5 16 -5
7.31328e-05 9 15.5 -5
4.20693e-05 8 16.5 -5
0.000153454 8.5 16 -5.5
6.30884e-05 9 15.5 -5.5
4.6655e-05 8 16 -11.5
7.62408e-05 8 16.5 -5.5
0.000171379 8.5 16 -6
4.69769e-05 9 15.5 -6
0.000113328 8 16.5 -6
0.000188473 8.5 16 -6.5
2.89453e-05 9 15.5 -6.5
0.000157182 8 16.5 -6.5
0.000193037 8.5 16 -7
0.00019019 8 16.5 -7
0.000133866 8 16 -10.5
0.000210643 8 16.5 -7.5
0.000179682 8.5 16 -7.5
2.05264e-05 7.5 17 -7.5
0.000223028 8 16.5 -8
0.00015235 8.5 16 -8
2.361e-05 7.5 17 -8
3.54698e-05 7.5 17 -8.5
7.36737e-05 8.5 16 -9
0.000201065 8 16.5 -9
0.000225961 8 16.5 -8.5
3.90201e-05 7.5 17 -9
0.000173166 8 16.5 -9.5
4.18654e-05 8.5 16 -9.5
3.56595e-05 7.5 17 -9.5
0.000136809 8 16.5 -10
5.53297e-05 8 16.5 -11
2.56688e-05 9 16 -3.5
6.35053e-05 9 16 -4
2.46482e-05 8.5 16.5 -4
6.66305e-05 8.5 16.5 -4.5
8.7412e-05 9 16 -4.5
0.000102841 8.5 16.5 -5
9.657e-05 9 16 -5
0.000130762 8.5 16.5 -5.5
9.63683e-05 9 16 -5.5
2.29915e-05 8 16.5 -11.5
8.07566e-05 9 16 -6
0.000151357 8.5 16.5 -6
9.47644e-05 8 16.5 -10.5
4.00584e-05 8 17 -6
0.00016288 8.5 16.5 -6.5
6.21927e-05 9 16 -6.5
6.11048e-05 8 17 -6.5
0.000169538 8.5 16.5 -7
4.23676e-05 9 16 -7
7.76636e-05 8 17 -7
9.32509e-05 8 17 -7.5
0.000166141 8.5 16.5 -7.5
0.000101875 8 17 -8
0.000100433 8 17 -8.5
8.88892e-05 8 17 -9
3.51419e-05 8.5 16.5 -10
4.78263e-05 8 17 -10
4.10872e-05 9 16.5 -4
2.40183e-05 9.5 16 -4
2.77624e-05 9.5 16 -4.5
7.33469e-05 9 16.5 -4.5
8.88461e-05 9 16.5 -5
2.13121e-05 8 17 -10.5
3.96987e-05 8.5 17 -5
7.05023e-05 8 17 -9.5
6.43817e-05 8.5 17 -5.5
9.3418e-05 9 16.5 -5.5
8.26611e-05 8.5 17 -6
9.10705e-05 9 16.5 -6
9.62139e-05 8.5 17 -6.5
8.29902e-05 9 16.5 -6.5
4.54559e-05 9 16.5 -7.5
0.000101993 8.5 17 -7
6.04766e-05 8.5 17 -9
2.07476e-05 9.5 16.5 -4
2.91179e-05 9.5 16.5 -4.5
2.89666e-05 9.5 16.5 -5
2.66055e-05 9 17 -4.5
4.67324e-05 9 17 -5
5.98184e-05 9 17 -5.5
6.55828e-05 9 17 -6
6.42944e-05 9 17 -6.5
2.11522e-05 8.5 17.5 -7
5.61808e-05 9 17 -7
2.17036e-05 8.5 17.5 -7.5
2.05233e-05 8.5 17.5 -8
2.28736e-05 9 17 -8
4.13003e-05 9 17 -7.5
3.90121e-05 8.5 17 -9.5
8.05852e-05 8.5 17 -8.5
9.20435e-05 8.5 17 -8
0.000101453 8.5 17 -7.5
6.62822e-05 9 16.5 -7
5.92526e-05 8.5 16.5 -9.5
9.04909e-05 8.5 16.5 -9
0.000117682 8.5 16.5 -8.5
0.000145239 8.5 16.5 -8
0.000112555 8.5 16 -8.5
0.000232713 8 16 -9.5
5.90878e-05 8 15.5 -11
0.000173722 8 15.5 -10
0.00023381 8 15.5 -9.5
0.000279957 8 15.5 -9
0.000436745 7.5 15.5 -10
0.000226332 8 15 -8.5
0.000405753 7.5 15 -10.5
0.00045394 7.5 15 -10
4.87685e-05 8 14.5 -9.5
8.0333e-05 8 14.5 -9
0.000213512 7.5 14.5 -11
0.000282485 7.5 14.5 -10.5
0.000330185 7.5 14.5 -10
0.00035307 7.5 14.5 -9.5
0.000676062 7 14.5 -11
0.000657195 7 14.5 -10.5
0.000616105 7 14.5 -10
0.000161194 7.5 14 -10
0.00054016 7 14 -11
0.000270787 7 13.5 -11.5
0.000300742 7 13.5 -11
0.000289474 7 13.5 -10.5
4.65758e-05 7 13 -12
0.000506688 6.5 13 -12
0.000463181 6.5 13 -11.5
0.000376424 6.5 13 -11
0.000213841 6.5 12.5 -12
0.000140325 6.5 12.5 -11
8.96655e-05 6.5 12.5 -10.5
0.000541741 6 12.5 -12
5.28786e-05 6.5 12 -12
0.000243088 6 12 -12
0.000130678 6 12 -11.5
5.7261e-05 6 12 -11
0.000135876 6 11.5 -13
6.18617e-05 6 11.5 -12
2.72046e-05 6 11.5 -11.5
9.60716e-05 5.5 11.5 -12
2.66044e-05 5.5 11.5 -11.5
0.000144186 5.5 11 -13
