0.798307
2.39241e-05 -5 -10.5 -17
3.60494e-05 -5 -10.5 -18
3.12483e-05 -5 -10.5 -18.5
3.32399e-05 -5 -10.5 -17.5
0.000132178 -4.5 -10 -18
0.000139652 -4.5 -10 -19
2.65816e-05 -4.5 -10 -20.5
5.32959e-05 -4.5 -10 -20
9.98467e-05 -4.5 -10 -19.5
0.000152482 -4.5 -10 -18.5
7.76885e-05 -4.5 -10 -17.5
2.66594e-05 -4.5 -10 -17
2.0295e-05 -4.5 -10.5 -16.5
2.76786e-05 -5.5 -11.5 -17
0.000171877 -4.5 -10.5 -17.5
8.06765e-05 -5 -11 -17
0.000114228 -5 -11 -18
2.41545e-05 -5.5 -11.5 -17.5
0.000240081 -4.5 -10.5 -18
5.09734e-05 -5 -11 -19
0.000230558 -4.5 -10.5 -19
2.77223e-05 -4.5 -10.5 -20.5
7.68795e-05 -4.5 -10.5 -20
2.42092e-05 -5 -11 -19.5
0.000158266 -4.5 -10.5 -19.5
9.03231e-05 -5 -11 -18.5
0.000260958 -4.5 -10.5 -18.5
0.000107841 -5 -11 -17.5
2.43492e-05 -5.5 -11.5 -16.5
8.41631e-05 -4.5 -10.5 -17
3.84057e-05 -5 -11 -16.5
3.96614e-05 -4 -10 -17
0.000139531 -4 -10 -17.5
0.000285594 -4 -10 -18
0.000382748 -4 -10 -18.5
4.27583e-05 -4.5 -9.5 -18
4.89009e-05 -4.5 -9.5 -19
0.000399135 -4 -10 -19
0.000230926 -4 -10 -20
3.27037e-05 -4 -10 -21
0.000112852 -4 -10 -20.5
2.0073e-05 -4.5 -9.5 -20
3.94515e-05 -4.5 -9.5 -19.5
0.000335402 -4 -10 -19.5
5.05551e-05 -4.5 -9.5 -18.5
2.26763e-05 -4.5 -9.5 -17.5
4.20063e-05 -5 -11.5 -16
2.66564e-05 -5.5 -12 -15.5
2.14567e-05 -6 -12.5 -15.5
5.41744e-05 -5.5 -12 -16
2.25314e-05 -6 -12.5 -16
0.000167413 -5 -11.5 -17
7.7735e-05 -5.5 -12 -16.5
0.000224389 -4 -10.5 -17.5
0.000163325 -4.5 -11 -17
8.71057e-05 -5.5 -12 -17
0.000347478 -4 -10.5 -18
0.000315168 -4.5 -11 -18
7.5667e-05 -5.5 -12 -17.5
0.000197686 -5 -11.5 -18
0.000392099 -4 -10.5 -19
4.59577e-05 -5.5 -12 -18
0.000255136 -4.5 -11 -19
2.0609e-05 -5.5 -12 -18.5
9.31498e-05 -5 -11.5 -19
0.000183673 -4 -10.5 -20
6.68793e-05 -4.5 -11 -20
7.4277e-05 -4 -10.5 -20.5
3.9639e-05 -5 -11.5 -19.5
0.000156256 -4.5 -11 -19.5
0.00031095 -4 -10.5 -19.5
0.000157125 -5 -11.5 -18.5
0.000328536 -4.5 -11 -18.5
0.000400481 -4 -10.5 -18.5
0.000195217 -5 -11.5 -17.5
0.000263386 -4.5 -11 -17.5
0.000106612 -5 -11.5 -16.5
9.90505e-05 -4 -10.5 -17
6.56876e-05 -4.5 -11 -16.5
2.19967e-05 -3.5 -10 -17
7.96833e-05 -3.5 -10 -17.5
0.000194456 -3.5 -10 -18
0.000328866 -3.5 -10 -18.5
0.000400623 -3.5 -10 -19
0.00028189 -4 -9.5 -18.5
0.000379136 -3.5 -10 -19.5
0.000287907 -3.5 -10 -20
0.000155705 -3.5 -10 -20.5
0.00023608 -4 -9.5 -20
5.36389e-05 -3.5 -10 -21
4.65049e-05 -4 -9.5 -21
0.000130549 -4 -9.5 -20.5
0.000318244 -4 -9.5 -19.5
0.00033276 -4 -9.5 -19
0.000172373 -4 -9.5 -18
6.5808e-05 -4 -9.5 -17.5
2.52802e-05 -6 -13 -14.5
2.98103e-05 -5.5 -12.5 -15
4.46339e-05 -4.5 -11.5 -16
3.75744e-05 -5 -12 -15.5
2.11515e-05 -6.5 -13.5 -14.5
7.72523e-05 -5.5 -12.5 -15.5
0.000104213 -5 -12 -16
4.50793e-05 -6 -13 -15
6.26625e-05 -6 -13 -15.5
0.000123181 -5.5 -12.5 -16
6.74222e-05 -3.5 -10.5 -17.5
0.000240232 -4.5 -11.5 -17
0.000177058 -5 -12 -16.5
0.000116078 -4 -11 -17
0.000145795 -3.5 -10.5 -18
0.000147254 -5.5 -12.5 -16.5
0.000234505 -5 -12 -17
6.82705e-05 -6 -13 -16
0.000330719 -4 -11 -18
5.60477e-05 -6 -13 -16.5
0.000155612 -5.5 -12.5 -17
0.000340076 -4.5 -11.5 -18
4.12693e-05 -6 -13 -17
0.000260636 -3.5 -10.5 -19
0.00023965 -5 -12 -18
0.00013424 -5.5 -12.5 -17.5
0.000333312 -4 -11 -19
2.53777e-05 -6 -13 -17.5
0.00022634 -3.5 -10.5 -19.5
0.000165796 -5 -12 -18.5
0.000221082 -4.5 -11.5 -19
4.45549e-05 -5.5 -12.5 -18.5
0.000156392 -3.5 -10.5 -20
9.10639e-05 -5 -12 -19
0.000108586 -4 -11 -20
3.54565e-05 -5 -12 -19.5
4.21593e-05 -4.5 -11.5 -20
3.19335e-05 -4 -11 -20.5
6.90059e-05 -3.5 -10.5 -20.5
0.000119842 -4.5 -11.5 -19.5
0.000232051 -4 -11 -19.5
8.86219e-05 -5.5 -12.5 -18
0.000314294 -4.5 -11.5 -18.5
0.0003714 -4 -11 -18.5
0.000265185 -5 -12 -17.5
0.000226864 -3.5 -10.5 -18.5
0.000315436 -4.5 -11.5 -17.5
0.000225129 -4 -11 -17.5
0.000134312 -4.5 -11.5 -16.5
2.02306e-05 -3.5 -10.5 -17
4.0477e-05 -4 -11 -16.5
2.29556e-05 -3 -10 -18
7.36294e-05 -3.5 -9.5 -17.5
5.67667e-05 -3 -10 -18.5
0.00020387 -3.5 -9.5 -18
7.7617e-05 -3 -10 -19
0.000359909 -3.5 -9.5 -18.5
8.5338e-05 -3 -10 -19.5
0.00044429 -3.5 -9.5 -19
8.43304e-05 -3 -10 -20
0.000462785 -3.5 -9.5 -19.5
5.05369e-05 -3 -10 -20.5
0.000388618 -3.5 -9.5 -20
0.000110002 -3.5 -9.5 -21
4.64542e-05 -4 -9 -21
0.000108318 -4 -9 -20.5
0.000252411 -3.5 -9.5 -20.5
0.000160577 -4 -9 -20
0.000196671 -4 -9 -19.5
0.000201914 -4 -9 -19
0.000158179 -4 -9 -18.5
7.98099e-05 -4 -9 -18
2.07082e-05 -4 -9 -17.5
2.06507e-05 -7 -14.5 -13
2.99093e-05 -6.5 -14 -13.5
3.13814e-05 -6 -13.5 -14
3.26218e-05 -5.5 -13 -14.5
2.72374e-05 -5 -12.5 -15
2.24437e-05 -7 -14.5 -13.5
4.62751e-05 -6.5 -14 -14
6.99106e-05 -6 -13.5 -14.5
9.12153e-05 -5 -12.5 -15.5
7.73939e-05 -4.5 -12 -16
8.12654e-05 -5.5 -13 -15
5.49975e-05 -6.5 -14 -14.5
0.000102359 -6 -13.5 -15
0.0001339 -5.5 -13 -15.5
0.000172051 -5 -12.5 -16
0.000103797 -4 -11.5 -17
5.28942e-05 -6.5 -14 -15
0.000116904 -6 -13.5 -15.5
0.000239243 -5 -12.5 -16.5
0.000246474 -4.5 -12 -17
0.000180561 -5.5 -13 -16
4.64732e-05 -6.5 -14 -15.5
0.000121559 -6 -13.5 -16
0.00020795 -5.5 -13 -16.5
7.9991e-05 -3.5 -11 -18
0.000271932 -5 -12.5 -17
0.000242423 -4 -11.5 -18
3.16418e-05 -6.5 -14 -16
0.000106812 -6 -13.5 -16.5
0.00031167 -4.5 -12 -18
0.000261586 -5 -12.5 -17.5
0.000128654 -3.5 -11 -19
0.000147171 -5.5 -13 -17.5
7.52658e-05 -6 -13.5 -17
0.000219151 -4 -11.5 -19
0.000102142 -3.5 -11 -19.5
8.9729e-05 -5.5 -13 -18
0.000139616 -5 -12.5 -18.5
0.000155754 -4.5 -12 -19
5.97993e-05 -3.5 -11 -20
4.25815e-05 -5.5 -13 -18.5
4.63777e-05 -4 -11.5 -20
6.32614e-05 -4.5 -12 -19.5
6.68922e-05 -5 -12.5 -19
0.000125655 -4 -11.5 -19.5
4.33644e-05 -6 -13.5 -17.5
0.000252756 -4.5 -12 -18.5
0.000213831 -5 -12.5 -18
0.000265821 -4 -11.5 -18.5
0.000195953 -5.5 -13 -17
0.000115178 -3.5 -11 -18.5
0.000298682 -4.5 -12 -17.5
0.000185019 -4 -11.5 -17.5
4.46915e-05 -3.5 -11 -17.5
0.000163664 -4.5 -12 -16.5
4.0011e-05 -4 -11.5 -16.5
2.08541e-05 -4.5 -12 -15.5
3.98166e-05 -3 -9.5 -18
2.87288e-05 -3.5 -9 -17.5
0.000111278 -3 -9.5 -18.5
0.00012897 -3.5 -9 -18
0.000177453 -3 -9.5 -19
0.000295724 -3.5 -9 -18.5
0.000206708 -3 -9.5 -19.5
0.000443135 -3.5 -9 -19
0.000213364 -3 -9.5 -20
7.94695e-05 -4 -8.5 -19.5
0.000483592 -3.5 -9 -19.5
0.000161702 -3 -9.5 -20.5
8.25472e-05 -3 -9.5 -21
0.000166636 -3.5 -9 -21
4.51469e-05 -4 -8.5 -20.5
4.58241e-05 -3.5 -9 -21.5
2.40783e-05 -4 -8.5 -21
0.000319344 -3.5 -9 -20.5
6.76488e-05 -4 -8.5 -20
0.000421808 -3.5 -9 -20
8.36937e-05 -4 -8.5 -19
5.46359e-05 -4 -8.5 -18.5
2.25836e-05 -4 -8.5 -18
2.1277e-05 -7.5 -15.5 -11.5
2.40994e-05 -7 -15 -12
2.05159e-05 -6.5 -14.5 -12.5
3.78632e-05 -7 -15 -12.5
2.51313e-05 -7.5 -15.5 -12
4.02041e-05 -6.5 -14.5 -13
3.80037e-05 -6 -14 -13.5
2.91973e-05 -5.5 -13.5 -14
2.57438e-05 -7.5 -15.5 -12.5
4.94001e-05 -7 -15 -13
7.05105e-05 -6.5 -14.5 -13.5
7.87585e-05 -6 -14 -14
8.0486e-05 -5.5 -13.5 -14.5
2.11626e-05 -7.5 -15.5 -13
5.26668e-05 -7 -15 -13.5
9.1942e-05 -6.5 -14.5 -14
0.000118001 -6 -14 -14.5
0.000139347 -5.5 -13.5 -15
0.000129878 -5 -13 -15.5
2.98604e-05 -4.5 -12.5 -15.5
4.62234e-05 -7 -15 -14
9.88886e-05 -6.5 -14.5 -14.5
0.000147401 -6 -14 -15
3.24183e-05 -4 -12 -16.5
0.000188361 -5.5 -13.5 -15.5
0.000142033 -4.5 -12.5 -16.5
9.55328e-05 -6.5 -14.5 -15
3.68904e-05 -7 -15 -14.5
0.000163225 -6 -14 -15.5
0.000212406 -5.5 -13.5 -16
0.00023573 -5 -13 -16.5
0.000207088 -4.5 -12.5 -17
6.90073e-05 -4 -12 -17
2.03701e-05 -7 -15 -15
3.38797e-05 -3.5 -11.5 -18
8.20097e-05 -6.5 -14.5 -15.5
0.000151043 -6 -14 -16
0.000206209 -5.5 -13.5 -16.5
5.39701e-05 -6.5 -14.5 -16
0.000116192 -6 -14 -16.5
0.000226257 -5 -13 -17.5
0.000180919 -5.5 -13.5 -17
4.46807e-05 -3.5 -11.5 -18.5
0.000129617 -4 -12 -18
0.000233609 -4.5 -12.5 -17.5
4.72412e-05 -3.5 -11.5 -19
3.07421e-05 -6.5 -14.5 -16.5
7.6789e-05 -6 -14 -17
7.373e-05 -5.5 -13.5 -18
4.24643e-05 -6 -14 -17.5
2.16118e-05 -3.5 -11.5 -19.5
8.66429e-05 -5 -13 -18.5
9.35628e-05 -4 -12 -19
0.000153234 -4.5 -12.5 -18.5
3.51628e-05 -4 -12 -19.5
2.79817e-05 -4.5 -12.5 -19.5
3.19045e-05 -5 -13 -19
3.13477e-05 -5.5 -13.5 -18.5
8.03029e-05 -4.5 -12.5 -19
0.000158875 -5 -13 -18
0.000127775 -5.5 -13.5 -17.5
0.000132547 -4 -12 -18.5
0.000221223 -4.5 -12.5 -18
0.00025649 -5 -13 -17
0.000111828 -4 -12 -17.5
0.000190759 -5 -13 -16
7.55621e-05 -4.5 -12.5 -16
6.06869e-05 -5 -13 -15
5.54969e-05 -3 -9 -18
0.000170198 -3 -9 -18.5
6.13415e-05 -3.5 -8.5 -18
0.000295996 -3 -9 -19
0.000367846 -3 -9 -19.5
0.000390035 -3 -9 -20
0.000404624 -3.5 -8.5 -19.5
0.000330961 -3 -9 -20.5
0.000189667 -3 -9 -21
5.79103e-05 -3 -9 -21.5
0.00019555 -3.5 -8.5 -21
2.19946e-05 -3 -9 -22
6.77429e-05 -3.5 -8.5 -21.5
0.000343515 -3.5 -8.5 -20.5
0.000420388 -3.5 -8.5 -20
2.4051e-05 -8 -16.5 -10
2.37105e-05 -7.5 -16 -10.5
2.79856e-05 -8 -16.5 -10.5
3.60043e-05 -7.5 -16 -11
3.28796e-05 -7 -15.5 -11.5
2.39471e-05 -6.5 -15 -12
0.000323154 -3.5 -8.5 -19
2.87345e-05 -8 -16.5 -11
4.70338e-05 -7.5 -16 -11.5
5.2148e-05 -6.5 -15 -12.5
3.88441e-05 -6 -14.5 -13
5.32792e-05 -7 -15.5 -12
2.46788e-05 -8 -16.5 -11.5
7.26471e-05 -7 -15.5 -12.5
5.08298e-05 -7.5 -16 -12
8.39487e-05 -6.5 -15 -13
8.28162e-05 -6 -14.5 -13.5
5.82587e-05 -5.5 -14 -14
5.04105e-05 -7.5 -16 -12.5
8.28894e-05 -7 -15.5 -13
0.00011023 -6.5 -15 -13.5
0.000113001 -5.5 -14 -14.5
4.07448e-05 -7.5 -16 -13
8.69007e-05 -7 -15.5 -13.5
0.000123736 -6.5 -15 -14
2.70082e-05 -4.5 -13 -15.5
0.000155235 -5.5 -14 -15
0.000154814 -6 -14.5 -14.5
6.2417e-05 -5 -13.5 -15
3.05747e-05 -7.5 -16 -13.5
7.58801e-05 -7 -15.5 -14
0.000166225 -6 -14.5 -15
0.00012902 -6.5 -15 -14.5
0.000186176 -5.5 -14 -15.5
5.9435e-05 -4.5 -13 -16
5.85733e-05 -7 -15.5 -14.5
2.02088e-05 -7.5 -16 -14
0.000113003 -6.5 -15 -15
3.80087e-05 -4 -12.5 -17
0.000158146 -6 -14.5 -15.5
0.000200894 -5.5 -14 -16
0.000198618 -5 -13.5 -16.5
9.68837e-05 -4.5 -13 -16.5
5.03635e-05 -4 -12.5 -17.5
3.76011e-05 -7 -15.5 -15
0.000137355 -6 -14.5 -16
0.000180624 -5.5 -14 -16.5
8.25872e-05 -6.5 -15 -15.5
4.9376e-05 -4 -12.5 -18
0.00013656 -4.5 -13 -17.5
0.000196518 -5 -13.5 -17
5.32413e-05 -6.5 -15 -16
9.89762e-05 -6 -14.5 -16.5
0.000136946 -5.5 -14 -17
6.15742e-05 -4.5 -13 -18.5
9.01752e-05 -5 -13.5 -18
8.34825e-05 -5.5 -14 -17.5
5.88244e-05 -6 -14.5 -17
2.96184e-05 -6.5 -15 -16.5
3.66318e-05 -4 -12.5 -18.5
3.90665e-05 -5.5 -14 -18
2.1047e-05 -4.5 -13 -19
4.11316e-05 -5 -13.5 -18.5
2.742e-05 -6 -14.5 -17.5
0.000107119 -4.5 -13 -18
0.000148798 -5 -13.5 -17.5
0.000126537 -4.5 -13 -17
0.000168735 -5 -13.5 -16
0.000117043 -5 -13.5 -15.5
0.000125537 -6 -14.5 -14
2.77224e-05 -5 -13.5 -14.5
0.000182471 -3.5 -8.5 -18.5
5.83336e-05 -3 -8.5 -18
2.59033e-05 -2.5 -9 -19
0.000195558 -3 -8.5 -18.5
2.13156e-05 -3.5 -8 -18
4.02931e-05 -2.5 -9 -19.5
0.000355362 -3 -8.5 -19
5.04929e-05 -2.5 -9 -20
0.000493078 -3 -8.5 -19.5
5.11164e-05 -2.5 -9 -20.5
0.000524438 -3 -8.5 -20
0.000280176 -3.5 -8 -19.5
2.90657e-05 -2.5 -9 -21
0.000325812 -3 -8.5 -21
0.000257849 -3.5 -8 -20.5
0.000135527 -3 -8.5 -21.5
0.000171574 -3.5 -8 -21
2.46255e-05 -3 -8.5 -22
7.11842e-05 -3.5 -8 -21.5
2.86013e-05 -8.5 -17.5 -9
3.54203e-05 -8 -17 -9.5
3.09132e-05 -7.5 -16.5 -10
0.000481009 -3 -8.5 -20.5
0.000286236 -3.5 -8 -20
2.99093e-05 -8.5 -17.5 -9.5
4.47481e-05 -8 -17 -10
4.86106e-05 -7.5 -16.5 -10.5
4.25267e-05 -7 -16 -11
2.35761e-05 -6.5 -15.5 -11.5
2.54639e-05 -8.5 -17.5 -10
4.74149e-05 -8 -17 -10.5
6.02087e-05 -7.5 -16.5 -11
6.36008e-05 -7 -16 -11.5
2.75336e-05 -6 -15 -12.5
5.41229e-05 -6.5 -15.5 -12
4.41496e-05 -8 -17 -11
6.83996e-05 -7.5 -16.5 -11.5
8.49433e-05 -6.5 -15.5 -12.5
8.33515e-05 -7 -16 -12
5.96206e-05 -6 -15 -13
2.84782e-05 -5.5 -14.5 -13.5
3.7629e-05 -8 -17 -11.5
7.09934e-05 -7.5 -16.5 -12
9.36707e-05 -7 -16 -12.5
0.00010941 -6.5 -15.5 -13
9.96142e-05 -6 -15 -13.5
5.83524e-05 -5.5 -14.5 -14
2.9061e-05 -8 -17 -12
6.45677e-05 -7.5 -16.5 -12.5
9.84699e-05 -7 -16 -13
0.000123841 -6.5 -15.5 -13.5
0.000128908 -6 -15 -14
0.000101387 -5.5 -14.5 -14.5
2.60038e-05 -5 -14 -14.5
5.36697e-05 -7.5 -16.5 -13
9.2542e-05 -7 -16 -13.5
0.000127546 -6.5 -15.5 -14
3.88063e-05 -7.5 -16.5 -13.5
0.000119426 -6.5 -15.5 -14.5
7.70515e-05 -7 -16 -14
0.000153857 -6 -15 -15
3.52671e-05 -4.5 -13.5 -16
8.34843e-05 -5 -14 -15.5
0.000139346 -5.5 -14.5 -15
2.43662e-05 -7.5 -16.5 -14
5.71364e-05 -7 -16 -14.5
4.8279e-05 -4.5 -13.5 -16.5
9.8645e-05 -6.5 -15.5 -15
0.000151332 -5.5 -14.5 -16
6.77407e-05 -6.5 -15.5 -15.5
9.99813e-05 -6 -15 -16
3.63685e-05 -7 -16 -15
5.44093e-05 -4.5 -13.5 -17
0.000116033 -5.5 -14.5 -16.5
0.00011829 -5 -14 -16.5
5.24948e-05 -4.5 -13.5 -17.5
3.85275e-05 -6.5 -15.5 -16
6.15175e-05 -5 -14 -17.5
2.8607e-05 -6 -15 -17
2.0454e-05 -6.5 -15.5 -16.5
2.92256e-05 -4.5 -13.5 -18
7.12797e-05 -5.5 -14.5 -17
2.70735e-05 -5 -14 -18
3.48008e-05 -5.5 -14.5 -17.5
6.04904e-05 -6 -15 -16.5
9.75117e-05 -5 -14 -17
0.00013242 -6 -15 -15.5
0.000108855 -5 -14 -16
0.000159339 -5.5 -14.5 -15.5
0.000148258 -6 -15 -14.5
5.28794e-05 -5 -14 -15
0.000202986 -3.5 -8 -19
9.33677e-05 -3.5 -8 -18.5
2.62998e-05 -2.5 -8.5 -18.5
3.23103e-05 -3 -8 -18
6.37498e-05 -2.5 -8.5 -19
0.000142344 -3 -8 -18.5
0.000116146 -2.5 -8.5 -19.5
0.000346155 -3 -8 -19
0.000155574 -2.5 -8.5 -20
0.000518152 -3 -8 -19.5
0.000162412 -2.5 -8.5 -20.5
0.000569735 -3 -8 -20
0.000135498 -3.5 -7.5 -19.5
0.000134081 -2.5 -8.5 -21
7.33645e-05 -2.5 -8.5 -21.5
0.000426454 -3 -8 -21
0.000133865 -3.5 -7.5 -20.5
0.000209844 -3 -8 -21.5
8.37926e-05 -3.5 -7.5 -21
5.30275e-05 -3 -8 -22
2.72274e-05 -8.5 -18 -8.5
3.8632e-05 -8 -17.5 -9
3.82023e-05 -3.5 -7.5 -21.5
3.23975e-05 -8.5 -18 -9
4.65778e-05 -8 -17.5 -9.5
5.14983e-05 -7.5 -17 -10
3.49663e-05 -7 -16.5 -10.5
0.000551447 -3 -8 -20.5
3.14141e-05 -8.5 -18 -9.5
4.84146e-05 -8 -17.5 -10
6.19727e-05 -7.5 -17 -10.5
5.74613e-05 -7 -16.5 -11
3.50975e-05 -6.5 -16 -11.5
2.59475e-05 -8.5 -18 -10
4.93502e-05 -8 -17.5 -10.5
6.7626e-05 -7.5 -17 -11
7.4743e-05 -7 -16.5 -11.5
3.1426e-05 -6 -15.5 -12.5
5.75841e-05 -6.5 -16 -12
4.3925e-05 -8 -17.5 -11
6.82504e-05 -7.5 -17 -11.5
8.51744e-05 -7 -16.5 -12
8.6023e-05 -6.5 -16 -12.5
5.63374e-05 -6 -15.5 -13
3.68356e-05 -8 -17.5 -11.5
6.87709e-05 -7.5 -17 -12
9.15475e-05 -7 -16.5 -12.5
0.000105132 -6.5 -16 -13
8.51445e-05 -6 -15.5 -13.5
2.88132e-05 -8 -17.5 -12
6.00874e-05 -7.5 -17 -12.5
9.15219e-05 -7 -16.5 -13
0.000113745 -6.5 -16 -13.5
0.000110244 -6 -15.5 -14
3.22588e-05 -5 -14.5 -15
4.66013e-05 -7.5 -17 -13
7.83536e-05 -7 -16.5 -13.5
0.000121316 -6 -15.5 -14.5
0.000111441 -6.5 -16 -14
4.29464e-05 -5 -14.5 -15.5
8.75172e-05 -5.5 -15 -15
3.12596e-05 -7.5 -17 -13.5
6.23331e-05 -7 -16.5 -14
9.23443e-05 -6.5 -16 -14.5
0.000110196 -6 -15.5 -15
4.12207e-05 -7 -16.5 -14.5
8.14956e-05 -6 -15.5 -15.5
7.31663e-05 -5.5 -15 -16
6.79464e-05 -6.5 -16 -15
4.9931e-05 -5 -14.5 -16
3.94057e-05 -6.5 -16 -15.5
2.54721e-05 -7 -16.5 -15
4.84603e-05 -6 -15.5 -16
2.20348e-05 -5 -14.5 -17
2.42814e-05 -6 -15.5 -16.5
4.53058e-05 -5.5 -15 -16.5
4.51611e-05 -5 -14.5 -16.5
9.22408e-05 -5.5 -15 -15.5
7.14227e-05 -5.5 -15 -14.5
4.85132e-05 -5.5 -15 -14
2.61566e-05 -5.5 -15 -13.5
0.000148601 -3.5 -7.5 -20
7.9099e-05 -3.5 -7.5 -19
2.56754e-05 -3.5 -7.5 -18.5
4.10438e-05 -2.5 -8 -18.5
0.00012281 -2.5 -8 -19
7.2974e-05 -3 -7.5 -18.5
0.000252193 -2.5 -8 -19.5
0.000355161 -2.5 -8 -20
0.000365468 -2.5 -8 -20.5
0.000314414 -2.5 -8 -21
0.000555496 -3 -7.5 -20.5
0.000197246 -2.5 -8 -21.5
2.30013e-05 -3.5 -7 -21
6.21896e-05 -2.5 -8 -22
2.4161e-05 -8.5 -18.5 -8.5
3.86556e-05 -8 -18 -9
7.86581e-05 -3 -7.5 -22
3.56235e-05 -7.5 -17.5 -9.5
0.000249319 -3 -7.5 -21.5
2.77181e-05 -8.5 -18.5 -9
4.36588e-05 -8 -18 -9.5
4.91962e-05 -7.5 -17.5 -10
3.67465e-05 -7 -17 -10.5
2.68431e-05 -8.5 -18.5 -9.5
4.4622e-05 -8 -18 -10
5.77913e-05 -7.5 -17.5 -10.5
5.30208e-05 -7 -17 -11
3.93622e-05 -8 -18 -10.5
6.10432e-05 -7.5 -17.5 -11
6.87155e-05 -7 -17 -11.5
3.34571e-05 -6.5 -16.5 -11.5
2.72954e-05 -6 -16 -12.5
5.06929e-05 -6.5 -16.5 -12
3.25164e-05 -8 -18 -11
6.0152e-05 -7.5 -17.5 -11.5
7.5054e-05 -7 -17 -12
6.78088e-05 -6.5 -16.5 -12.5
2.64234e-05 -8 -18 -11.5
5.29729e-05 -7.5 -17.5 -12
7.51153e-05 -7 -17 -12.5
7.59806e-05 -6.5 -16.5 -13
4.28032e-05 -6 -16 -13
2.79254e-05 -5.5 -15.5 -14
2.1402e-05 -8 -18 -12
4.06444e-05 -7.5 -17.5 -12.5
6.2861e-05 -7 -17 -13
7.98236e-05 -6.5 -16.5 -13.5
5.7032e-05 -6 -16 -13.5
3.66765e-05 -5.5 -15.5 -14.5
2.69832e-05 -7.5 -17.5 -13
4.58507e-05 -7 -17 -13.5
6.76744e-05 -6.5 -16.5 -14
3.02526e-05 -7 -17 -14
4.0753e-05 -5.5 -15.5 -15
5.01093e-05 -6.5 -16.5 -14.5
6.53696e-05 -6 -16 -14.5
3.44109e-05 -5.5 -15.5 -15.5
3.06855e-05 -6 -16 -15.5
3.20193e-05 -6.5 -16.5 -15
5.02569e-05 -6 -16 -15
6.44505e-05 -6 -16 -14
0.000457215 -3 -7.5 -21
2.90259e-05 -3.5 -7 -20.5
3.32535e-05 -3.5 -7 -20
0.000555436 -3 -7.5 -20
3.09358e-05 -3.5 -7 -19.5
0.000428523 -3 -7.5 -19.5
0.000231907 -3 -7.5 -19
4.95288e-05 -2.5 -7.5 -18.5
0.000173231 -2.5 -7.5 -19
0.000385149 -2.5 -7.5 -19.5
0.000578513 -2.5 -7.5 -20
0.000612506 -2.5 -7.5 -20.5
0.000549019 -2.5 -7.5 -21
0.000429111 -3 -7 -20.5
0.00035612 -2.5 -7.5 -21.5
0.000133497 -2.5 -7.5 -22
2.06167e-05 -9 -19.5 -8
3.0535e-05 -8 -18.5 -9
3.00975e-05 -7.5 -18 -9.5
8.45643e-05 -3 -7 -22
0.000240673 -3 -7 -21.5
3.27119e-05 -8 -18.5 -9.5
3.60855e-05 -7.5 -18 -10
2.98265e-05 -7 -17.5 -10.5
2.86156e-05 -8 -18.5 -10
3.99955e-05 -7.5 -18 -10.5
3.83421e-05 -7 -17.5 -11
2.02696e-05 -8 -18.5 -10.5
3.65128e-05 -7.5 -18 -11
4.40882e-05 -7 -17.5 -11.5
3.11416e-05 -7.5 -18 -11.5
4.6628e-05 -7 -17.5 -12
2.5192e-05 -7.5 -18 -12
4.09199e-05 -7 -17.5 -12.5
4.17228e-05 -6.5 -17 -13
2.92249e-05 -7 -17.5 -13
2.02969e-05 -6.5 -17 -14
2.14223e-05 -6 -16.5 -15
3.25385e-05 -6.5 -17 -13.5
3.98106e-05 -6.5 -17 -12.5
3.46596e-05 -6.5 -17 -12
0.000376719 -3 -7 -21
0.000421398 -3 -7 -20
0.00029568 -3 -7 -19.5
0.000131981 -3 -7 -19
3.0289e-05 -3 -7 -18.5
4.31852e-05 -2.5 -7 -18.5
3.86713e-05 -2 -7.5 -19.5
0.000184087 -2.5 -7 -19
7.23794e-05 -2 -7.5 -20
0.000431467 -2.5 -7 -19.5
9.72944e-05 -2 -7.5 -20.5
0.000671585 -2.5 -7 -20
0.00010684 -2 -7.5 -21
9.49398e-05 -2 -7.5 -21.5
0.000684808 -2.5 -7 -21
0.000237642 -3 -6.5 -20.5
5.43858e-05 -2 -7.5 -22
0.000477517 -2.5 -7 -21.5
0.000212584 -2.5 -7 -22
2.12099e-05 -7.5 -18.5 -10
3.38008e-05 -2.5 -7 -22.5
2.02381e-05 -6.5 -17.5 -13
5.40934e-05 -3 -6.5 -22
0.000137796 -3 -6.5 -21.5
0.000210674 -3 -6.5 -21
0.000744227 -2.5 -7 -20.5
0.000231488 -3 -6.5 -20
0.000149277 -3 -6.5 -19.5
5.18139e-05 -3 -6.5 -19
3.58821e-05 -2 -7 -19
2.12506e-05 -2.5 -6.5 -18.5
0.000108385 -2 -7 -19.5
0.0001188 -2.5 -6.5 -19
0.00021015 -2 -7 -20
0.00038537 -2.5 -6.5 -19.5
0.000282915 -2 -7 -20.5
0.00030769 -2 -7 -21
6.21155e-05 -3 -6 -20.5
0.000274739 -2 -7 -21.5
0.000153434 -2 -7 -22
0.000514231 -2.5 -6.5 -21.5
4.27429e-05 -2 -7 -22.5
0.000256513 -2.5 -6.5 -22
5.01251e-05 -2.5 -6.5 -22.5
4.20473e-05 -3 -6 -21.5
5.7469e-05 -3 -6 -21
0.00072025 -2.5 -6.5 -21
0.000772805 -2.5 -6.5 -20.5
6.39548e-05 -3 -6 -20
0.000678323 -2.5 -6.5 -20
3.97222e-05 -3 -6 -19.5
6.36391e-05 -2 -6.5 -19
0.000219924 -2 -6.5 -19.5
6.69477e-05 -2.5 -6 -19
0.000433213 -2 -6.5 -20
0.000576847 -2 -6.5 -20.5
0.000607064 -2 -6.5 -21
0.000540343 -2 -6.5 -21.5
0.000307284 -2 -6.5 -22
0.000493882 -2.5 -6 -21.5
8.26767e-05 -2 -6.5 -22.5
0.000261225 -2.5 -6 -22
5.84386e-05 -2.5 -6 -22.5
0.000588037 -2.5 -6 -21
0.000598628 -2.5 -6 -20.5
0.000494818 -2.5 -6 -20
0.000250528 -2.5 -6 -19.5
7.47125e-05 -2 -6 -19
0.000611481 -2 -6 -20
3.04796e-05 -1.5 -6.5 -21
0.000831345 -2 -6 -20.5
3.89542e-05 -1.5 -6.5 -21.5
0.000846205 -2 -6 -21
3.60715e-05 -1.5 -6.5 -22
0.000747872 -2 -6 -21.5
0.000453057 -2 -6 -22
0.000140462 -2 -6 -22.5
5.10781e-05 -2.5 -5.5 -22.5
0.000161517 -2.5 -5.5 -22
0.000272691 -2.5 -5.5 -21.5
0.000337543 -2.5 -5.5 -21
0.000353662 -2.5 -5.5 -20.5
0.000291992 -2.5 -5.5 -20
0.000135543 -2.5 -5.5 -19.5
0.000284201 -2 -6 -19.5
3.07715e-05 -2.5 -5.5 -19
2.52559e-05 -1.5 -6 -19.5
6.18635e-05 -2 -5.5 -19
7.93362e-05 -1.5 -6 -20
0.000154876 -1.5 -6 -20.5
0.000198449 -1.5 -6 -21
0.000877488 -2 -5.5 -20.5
9.43159e-05 -2.5 -5 -20
0.000197242 -1.5 -6 -21.5
0.00089343 -2 -5.5 -21
0.000159451 -1.5 -6 -22
7.76102e-05 -1.5 -6 -22.5
2.1125e-05 -2 -5.5 -23
0.000185457 -2 -5.5 -22.5
5.95208e-05 -2.5 -5 -22
0.000507649 -2 -5.5 -22
9.35173e-05 -2.5 -5 -21.5
0.000804803 -2 -5.5 -21.5
0.000111592 -2.5 -5 -21
0.000120166 -2.5 -5 -20.5
0.00063761 -2 -5.5 -20
3.53003e-05 -2.5 -5 -19.5
0.00028111 -2 -5.5 -19.5
7.12005e-05 -1.5 -5.5 -19.5
3.17387e-05 -2 -5 -19
0.000215492 -1.5 -5.5 -20
0.000415795 -1.5 -5.5 -20.5
0.000505432 -1.5 -5.5 -21
0.000662689 -2 -5 -20.5
0.00049178 -1.5 -5.5 -21.5
0.000698464 -2 -5 -21
0.00037046 -1.5 -5.5 -22
0.000170493 -1.5 -5.5 -22.5
2.36616e-05 -1.5 -5.5 -23
3.43598e-05 -2 -5 -23
0.000206403 -2 -5 -22.5
0.000489737 -2 -5 -22
0.0006623 -2 -5 -21.5
0.00044156 -2 -5 -20
0.000163162 -2 -5 -19.5
2.43711e-05 -1.5 -5 -19
0.000124865 -1.5 -5 -19.5
0.000383371 -1.5 -5 -20
0.000709982 -1.5 -5 -20.5
0.000826029 -1.5 -5 -21
0.00040773 -2 -4.5 -20.5
0.000798824 -1.5 -5 -21.5
0.000611944 -1.5 -5 -22
0.000417037 -2 -4.5 -21.5
0.000291555 -1.5 -5 -22.5
0.000312805 -2 -4.5 -22
5.65015e-05 -1.5 -5 -23
4.24812e-05 -2 -4.5 -23
0.00016325 -2 -4.5 -22.5
0.000441598 -2 -4.5 -21
0.00023214 -2 -4.5 -20
7.56958e-05 -2 -4.5 -19.5
0.000136936 -1.5 -4.5 -19.5
0.000442885 -1.5 -4.5 -20
3.68619e-05 -1 -5 -21
4.93519e-05 -1 -5 -21.5
4.77393e-05 -1 -5 -22
0.000909574 -1.5 -4.5 -21.5
2.90359e-05 -1 -5 -22.5
0.000404592 -1.5 -4.5 -22.5
0.0001067 -1.5 -4.5 -23
8.30494e-05 -2 -4 -22.5
3.17664e-05 -2 -4 -23
0.000143512 -2 -4 -22
0.000735087 -1.5 -4.5 -22
0.00017511 -2 -4 -21.5
0.000179626 -2 -4 -21
0.00093973 -1.5 -4.5 -21
0.000150522 -2 -4 -20.5
0.000809673 -1.5 -4.5 -20.5
7.42762e-05 -2 -4 -20
2.54047e-05 -1.5 -4.5 -19
6.5615e-05 -1 -4.5 -20
0.000151821 -1 -4.5 -20.5
0.000313161 -1.5 -4 -20
0.000215087 -1 -4.5 -21
0.000220762 -1 -4.5 -21.5
0.000207594 -1 -4.5 -22
0.000143416 -1 -4.5 -22.5
5.24378e-05 -1 -4.5 -23
0.000442037 -1.5 -4 -22.5
2.55628e-05 -2 -3.5 -22
0.000161999 -1.5 -4 -23
2.10369e-05 -1.5 -4 -23.5
0.000753177 -1.5 -4 -22
2.97035e-05 -2 -3.5 -21.5
0.000862882 -1.5 -4 -21.5
3.00823e-05 -2 -3.5 -21
0.000860851 -1.5 -4 -21
2.19213e-05 -2 -3.5 -20.5
0.000660622 -1.5 -4 -20.5
7.8627e-05 -1.5 -4 -19.5
3.70547e-05 -1 -4 -19.5
0.000160216 -1 -4 -20
0.000365766 -1 -4 -20.5
0.000534989 -1 -4 -21
0.00052263 -1 -4 -22
0.000371364 -1 -4 -22.5
0.000562506 -1.5 -3.5 -22
0.000165968 -1 -4 -23
3.12934e-05 -1 -4 -23.5
0.000183351 -1.5 -3.5 -23
2.83197e-05 -1.5 -3.5 -23.5
0.000415755 -1.5 -3.5 -22.5
0.000596009 -1.5 -3.5 -21.5
0.000557208 -1 -4 -21.5
0.00057041 -1.5 -3.5 -21
0.000369962 -1.5 -3.5 -20.5
0.000146544 -1.5 -3.5 -20
3.22292e-05 -1.5 -3.5 -19.5
5.05916e-05 -1 -3.5 -19.5
0.000219355 -1 -3.5 -20
0.000874748 -1 -3.5 -21
0.000921986 -1 -3.5 -22
0.000363399 -1.5 -3 -21.5
0.000702993 -1 -3.5 -22.5
0.000341937 -1.5 -3 -22
2.16105e-05 -1.5 -3 -23.5
7.28195e-05 -1 -3.5 -23.5
0.000113984 -1.5 -3 -23
0.000346573 -1 -3.5 -23
0.000244795 -1.5 -3 -22.5
0.000958522 -1 -3.5 -21.5
0.000337184 -1.5 -3 -21
0.000198307 -1.5 -3 -20.5
0.000548931 -1 -3.5 -20.5
7.1106e-05 -1.5 -3 -20
0.000229227 -1 -3 -20
0.000655189 -1 -3 -20.5
0.00114526 -1 -3 -21
0.000106388 -1.5 -2.5 -21.5
0.00105915 -1 -3 -22.5
0.000114737 -1 -3 -23.5
2.64822e-05 -1.5 -2.5 -23
0.000548067 -1 -3 -23
5.98525e-05 -1.5 -2.5 -22.5
9.40405e-05 -1.5 -2.5 -22
0.00131075 -1 -3 -22
0.00133749 -1 -3 -21.5
0.000108092 -1.5 -2.5 -21
5.97358e-05 -1.5 -2.5 -20.5
4.92071e-05 -1 -3 -19.5
2.05497e-05 -0.5 -3 -20.5
8.94733e-05 -0.5 -3 -21
0.000189619 -0.5 -3 -21.5
0.00132304 -1 -2.5 -21
0.000265761 -0.5 -3 -22
0.000267151 -0.5 -3 -22.5
0.000222889 -0.5 -3 -23
0.000103643 -0.5 -3 -23.5
0.000111016 -1 -2.5 -23.5
0.000596386 -1 -2.5 -23
0.00117275 -1 -2.5 -22.5
0.0014797 -1 -2.5 -22
0.00152759 -1 -2.5 -21.5
0.000754595 -1 -2.5 -20.5
0.000246728 -1 -2.5 -20
4.81182e-05 -1 -2.5 -19.5
3.75455e-05 -0.5 -2.5 -19.5
0.000191744 -0.5 -2.5 -20
0.000635584 -0.5 -2.5 -20.5
0.0012983 -0.5 -2.5 -21
0.0017718 -0.5 -2.5 -21.5
0.0017811 -0.5 -2.5 -22
0.00153017 -0.5 -2.5 -22.5
0.000201083 -0.5 -2.5 -23.5
5.38259e-05 -1 -2 -23.5
0.000313834 -1 -2 -23
0.000858327 -0.5 -2.5 -23
0.000657979 -1 -2 -22.5
0.000867935 -1 -2 -22
0.000908563 -1 -2 -21.5
0.000818146 -1 -2 -21
0.000465215 -1 -2 -20.5
0.000158837 -1 -2 -20
3.33322e-05 -1 -2 -19.5
9.90594e-05 -0.5 -2 -19.5
0.000495728 -0.5 -2 -20
0.00154242 -0.5 -2 -20.5
0.000222746 -0.5 -2 -23.5
6.73433e-05 -1 -1.5 -23
0.00124677 -0.5 -2 -23
0.00014312 -1 -1.5 -22.5
0.00248739 -0.5 -2 -22.5
0.00018969 -1 -1.5 -22
0.00316564 -0.5 -2 -22
0.000199471 -1 -1.5 -21.5
0.00327093 -0.5 -2 -21.5
0.000181059 -1 -1.5 -21
0.00281652 -0.5 -2 -21
0.000102903 -1 -1.5 -20.5
3.38967e-05 -1 -1.5 -20
0.00341728 -0.5 -1.5 -21.5
0.00328179 -0.5 -1.5 -22
0.00251488 -0.5 -1.5 -22.5
0.00117917 -0.5 -1.5 -23
0.000162989 -0.5 -1.5 -23.5
0.00304386 -0.5 -1.5 -21
0.00169731 -0.5 -1.5 -20.5
0.000546076 -0.5 -1.5 -20
0.000108485 -0.5 -1.5 -19.5
4.12186e-05 -0.5 -1 -19.5
0.000213874 -0.5 -1 -20
0.000689195 -0.5 -1 -20.5
0.00118672 -0.5 -1 -21
4.53904e-05 -0.5 -1 -23.5
0.000356914 -0.5 -1 -23
0.000833775 -0.5 -1 -22.5
0.00117809 -0.5 -1 -22
0.00125818 -0.5 -1 -21.5
2.2262e-05 -0.5 -0.5 -23
5.91419e-05 -0.5 -0.5 -22.5
8.02262e-05 -0.5 -0.5 -22
8.49727e-05 -0.5 -0.5 -21.5
7.82365e-05 -0.5 -0.5 -21
4.25147e-05 -0.5 -0.5 -20.5
9.45467e-05 0 0 -19.5
0.000470826 0 0 -20
0.00161289 0 0 -20.5
0.00323441 0 0 -21
0.00419032 0 0 -21.5
0.00417511 0 0 -22
0.00366378 0 0 -22.5
0.00226973 0 0 -23
0.000744606 0 0 -23.5
3.40814e-05 0 0 -24
0.000535168 0 0.5 -23.5
0.00198955 0 0.5 -23
0.00343425 0 0.5 -22.5
0.00403306 0 0.5 -22
0.00408823 0 0.5 -21.5
0.00328469 0 0.5 -21
0.00169215 0 0.5 -20.5
0.00050876 0 0.5 -20
0.000100813 0 0.5 -19.5
6.85681e-05 0.5 0.5 -20
2.92619e-05 0 1 -19.5
0.000533776 0.5 0.5 -22
0.00116849 0 1 -21.5
8.70055e-05 0 1 -23.5
7.22189e-05 0.5 0.5 -23.5
0.000469437 0 1 -23
0.000259898 0.5 0.5 -23
0.000923538 0 1 -22.5
0.000448965 0.5 0.5 -22.5
0.00114149 0 1 -22
0.000544326 0.5 0.5 -21.5
0.000970532 0 1 -21
0.000440844 0.5 0.5 -21
0.000509096 0 1 -20.5
0.000226613 0.5 0.5 -20.5
0.000152719 0 1 -20
3.61862e-05 0.5 1 -19.5
0.00131065 0.5 1 -21.5
0.00106918 0.5 1 -22.5
0.000168567 0.5 1 -23.5
0.000628225 0.5 1 -23
0.00127926 0.5 1 -22
0.00111032 0.5 1 -21
0.000588921 0.5 1 -20.5
0.000180281 0.5 1 -20
3.25182e-05 1 1 -20.5
0.000300633 0.5 1.5 -20
6.03407e-05 1 1 -21
0.000893336 0.5 1.5 -20.5
6.9387e-05 1 1 -21.5
0.001561 0.5 1.5 -21
6.70592e-05 1 1 -22
5.47292e-05 1 1 -22.5
0.00168701 0.5 1.5 -22
2.94615e-05 1 1 -23
0.000668378 0.5 1.5 -23
0.000138036 0.5 1.5 -23.5
0.00132592 0.5 1.5 -22.5
0.00174605 0.5 1.5 -21.5
6.03798e-05 0.5 1.5 -19.5
6.55693e-05 1 1.5 -20
0.000195332 1 1.5 -20.5
0.000337644 1 1.5 -21
0.00035218 1 1.5 -22
0.00162387 0.5 2 -21.5
0.000271639 1 1.5 -22.5
0.000137583 1 1.5 -23
0.00120639 0.5 2 -22.5
3.12506e-05 1 1.5 -23.5
9.23408e-05 0.5 2 -23.5
0.000581085 0.5 2 -23
0.00156372 0.5 2 -22
0.000368576 1 1.5 -21.5
0.00147193 0.5 2 -21
0.00086315 0.5 2 -20.5
0.000300198 0.5 2 -20
6.15723e-05 0.5 2 -19.5
3.84378e-05 1 2 -19.5
0.000499126 1 2 -20.5
0.000829168 1 2 -21
0.000515828 0.5 2.5 -20.5
0.000888011 1 2 -21.5
0.000847719 1 2 -22
0.000642393 1 2 -22.5
0.000939981 0.5 2.5 -22
5.5094e-05 1 2 -23.5
0.000338012 0.5 2.5 -23
4.85857e-05 0.5 2.5 -23.5
0.000314513 1 2 -23
0.000721193 0.5 2.5 -22.5
0.000973282 0.5 2.5 -21.5
0.000873101 0.5 2.5 -21
0.000186273 0.5 2.5 -20
0.00018018 1 2 -20
3.87705e-05 0.5 2.5 -19.5
0.000373973 1 2.5 -20
2.92198e-05 1.5 2 -21
0.00106136 1 2.5 -20.5
3.12729e-05 1.5 2 -21.5
0.00164904 1 2.5 -21
2.96084e-05 1.5 2 -22
2.03306e-05 1.5 2 -22.5
0.00157478 1 2.5 -22
0.000442852 1 2.5 -23
2.01702e-05 0.5 3 -23.5
4.56226e-05 1 2.5 -23.5
0.000104393 0.5 3 -23
0.000211207 0.5 3 -22.5
0.00108898 1 2.5 -22.5
0.000268883 0.5 3 -22
0.000275996 0.5 3 -21.5
0.00169743 1 2.5 -21.5
0.000235077 0.5 3 -21
0.000135541 0.5 3 -20.5
4.75754e-05 0.5 3 -20
7.56093e-05 1 2.5 -19.5
6.19331e-05 1.5 2.5 -20
0.000121689 1 3 -19.5
0.000178173 1.5 2.5 -20.5
0.00027398 1.5 2.5 -21
0.000278377 1.5 2.5 -21.5
0.000255287 1.5 2.5 -22
0.00169633 1 3 -21.5
0.000173125 1.5 2.5 -22.5
7.34522e-05 1.5 2.5 -23
0.00106059 1 3 -22.5
3.36633e-05 1 3 -23.5
0.000411772 1 3 -23
0.00156442 1 3 -22
0.00165875 1 3 -21
0.00116974 1 3 -20.5
0.000519082 1 3 -20
2.1785e-05 1 3 -19
5.64527e-05 1.5 3 -19.5
2.20183e-05 1 3.5 -19
0.000568907 1.5 3 -20.5
0.000481575 1 3.5 -20
0.000769584 1.5 3 -21.5
0.00142041 1 3.5 -21
0.000677585 1.5 3 -22
0.000435348 1.5 3 -22.5
0.00129027 1 3.5 -22
0.000162713 1.5 3 -23
0.000279171 1 3.5 -23
0.000822719 1 3.5 -22.5
0.00143267 1 3.5 -21.5
0.000773125 1.5 3 -21
0.00104115 1 3.5 -20.5
0.000247838 1.5 3 -20
0.000120825 1 3.5 -19.5
2.1186e-05 1.5 3.5 -19
0.000449265 1.5 3.5 -20
2.22564e-05 2 3 -21
2.17226e-05 2 3 -21.5
0.00124252 1.5 3.5 -21
0.0010805 1.5 3.5 -22
0.000793622 1 4 -21.5
0.000683924 1.5 3.5 -22.5
0.000207936 1.5 3.5 -23
0.000441959 1 4 -22.5
0.000139063 1 4 -23
0.000715556 1 4 -22
0.00123116 1.5 3.5 -21.5
0.000781903 1 4 -21
0.000574797 1 4 -20.5
0.000960161 1.5 3.5 -20.5
0.000270693 1 4 -20
7.1921e-05 1 4 -19.5
0.000113217 1.5 3.5 -19.5
6.94864e-05 2 3.5 -20
0.000224242 1.5 4 -19.5
0.000143756 2 3.5 -20.5
0.000777842 1.5 4 -20
0.000166344 2 3.5 -21
0.00141462 1.5 4 -20.5
0.000161316 2 3.5 -21.5
0.00164194 1.5 4 -21
0.000134126 2 3.5 -22
0.00160147 1.5 4 -21.5
8.16596e-05 2 3.5 -22.5
2.17716e-05 2 3.5 -23
0.000705941 1.5 4 -22.5
0.000242413 1 4.5 -22
4.77854e-05 1 4.5 -23
0.000179568 1.5 4 -23
0.000150656 1 4.5 -22.5
0.00130851 1.5 4 -22
0.000267203 1 4.5 -21.5
0.000257279 1 4.5 -21
0.000182402 1 4.5 -20.5
8.58643e-05 1 4.5 -20
2.25066e-05 1 4.5 -19.5
3.89145e-05 1.5 4 -19
8.99233e-05 2 4 -19.5
6.74504e-05 1.5 4.5 -19
0.000298997 2 4 -20
0.000527657 2 4 -20.5
0.000809433 1.5 4.5 -20
0.00057053 2 4 -21
0.000543373 2 4 -21.5
0.00154881 1.5 4.5 -21
0.000419255 2 4 -22
0.000226518 2 4 -22.5
0.00119786 1.5 4.5 -22
5.24542e-05 2 4 -23
0.000116921 1.5 4.5 -23
0.000610835 1.5 4.5 -22.5
2.35986e-05 1 5 -22
2.46229e-05 1 5 -21.5
0.00150469 1.5 4.5 -21.5
0.00136489 1.5 4.5 -20.5
0.000316319 1.5 4.5 -19.5
4.99039e-05 2 4.5 -19
0.000626997 2 4.5 -20
0.00102673 2 4.5 -21
0.000769532 2 4.5 -22
0.0010639 1.5 5 -21.5
0.00036557 2 4.5 -22.5
5.35139e-05 2 4.5 -23
0.000386767 1.5 5 -22.5
5.83566e-05 1.5 5 -23
0.000841611 1.5 5 -22
0.000982311 2 4.5 -21.5
0.00108378 1.5 5 -21
0.000991571 1.5 5 -20.5
0.000978743 2 4.5 -20.5
0.000642959 1.5 5 -20
0.00027155 1.5 5 -19.5
0.000240685 2 4.5 -19.5
6.35885e-05 1.5 5 -19
2.73683e-05 2.5 4.5 -19.5
0.000100956 2 5 -19
6.59824e-05 2.5 4.5 -20
0.000438302 2 5 -19.5
3.95017e-05 1.5 5.5 -19
8.90375e-05 2.5 4.5 -20.5
8.7532e-05 2.5 4.5 -21
0.00147716 2 5 -20.5
7.81403e-05 2.5 4.5 -21.5
5.76954e-05 2.5 4.5 -22
0.00134822 2 5 -21.5
2.96118e-05 2.5 4.5 -22.5
0.00034858 2 5 -22.5
0.000419461 1.5 5.5 -22
2.08568e-05 1.5 5.5 -23
3.99225e-05 2 5 -23
0.000180666 1.5 5.5 -22.5
0.000851934 2 5 -22
0.000536105 1.5 5.5 -21.5
0.000538761 1.5 5.5 -21
0.00150654 2 5 -21
0.000485328 1.5 5.5 -20.5
0.000319556 1.5 5.5 -20
0.00101822 2 5 -20
0.000147111 1.5 5.5 -19.5
3.18127e-05 2.5 5 -19
3.62022e-05 2 5.5 -18.5
0.000139494 2.5 5 -19.5
0.000218571 2 5.5 -19
0.000319182 2.5 5 -20
0.00041942 2.5 5 -20.5
0.00132025 2 5.5 -20
0.000413113 2.5 5 -21
0.000355906 2.5 5 -21.5
0.00153827 2 5.5 -21
0.000224913 2.5 5 -22
8.31357e-05 2.5 5 -22.5
0.00080552 2 5.5 -22
5.70417e-05 1.5 6 -22.5
0.00027252 2 5.5 -22.5
0.000139276 1.5 6 -22
0.000185332 1.5 6 -21.5
0.00132335 2 5.5 -21.5
0.000187783 1.5 6 -21
0.000165621 1.5 6 -20.5
0.00156198 2 5.5 -20.5
0.000113742 1.5 6 -20
5.68943e-05 1.5 6 -19.5
0.00070824 2 5.5 -19.5
2.17747e-05 2.5 5.5 -18.5
0.000127485 2.5 5.5 -19
0.000433452 2.5 5.5 -19.5
0.000785397 2.5 5.5 -20
0.000708515 2 6 -19.5
0.000844647 2.5 5.5 -21
0.00141622 2 6 -20.5
0.000684432 2.5 5.5 -21.5
0.000405911 2.5 5.5 -22
0.00112826 2 6 -21.5
0.000112322 2.5 5.5 -22.5
0.000154638 2 6 -22.5
0.000617333 2 6 -22
2.03349e-05 1.5 6.5 -21.5
2.37478e-05 1.5 6.5 -21
0.00138835 2 6 -21
0.00088102 2.5 5.5 -20.5
0.00124056 2 6 -20
0.000241502 2 6 -19
5.43549e-05 2 6 -18.5
3.5888e-05 3 5.5 -19.5
0.000287374 2.5 6 -19
4.47945e-05 2 6.5 -18.5
5.58485e-05 3 5.5 -20
0.000741522 2.5 6 -19.5
0.000192733 2 6.5 -19
5.48433e-05 3 5.5 -20.5
4.77728e-05 3 5.5 -21
0.00125401 2.5 6 -20.5
3.45756e-05 3 5.5 -21.5
0.000946491 2.5 6 -21.5
0.0009051 2 6.5 -21
9.27962e-05 2.5 6 -22.5
0.000338939 2 6.5 -22
6.48572e-05 2 6.5 -22.5
0.000447816 2.5 6 -22
0.000683212 2 6.5 -21.5
0.00121571 2.5 6 -21
0.000934563 2 6.5 -20.5
0.000852879 2 6.5 -20
0.00117513 2.5 6 -20
0.000533897 2 6.5 -19.5
5.67332e-05 2.5 6 -18.5
7.92856e-05 3 6 -19
0.000124162 2.5 6.5 -18.5
0.000211724 3 6 -19.5
0.000538233 2.5 6.5 -19
0.000294778 3 6 -20
0.000286121 3 6 -20.5
0.00154393 2.5 6.5 -20
0.000255951 3 6 -21
0.000168835 3 6 -21.5
0.00138963 2.5 6.5 -21
7.10977e-05 3 6 -22
0.000383999 2.5 6.5 -22
5.32621e-05 2.5 6.5 -22.5
0.000133424 2 7 -22
0.000305654 2 7 -21.5
0.000931272 2.5 6.5 -21.5
0.000421717 2 7 -21
0.000434872 2 7 -20.5
0.00155606 2.5 6.5 -20.5
0.00038788 2 7 -20
0.000259206 2 7 -19.5
0.00116432 2.5 6.5 -19.5
0.000107415 2 7 -19
2.73478e-05 2 7 -18.5
7.19515e-05 3 6.5 -18.5
5.1892e-05 2.5 7 -18
0.000305452 3 6.5 -19
0.000603879 3 6.5 -19.5
0.000717618 3 6.5 -20
0.00122917 2.5 7 -19.5
0.000688328 3 6.5 -20.5
0.00058232 3 6.5 -21
0.00150306 2.5 7 -20.5
0.000370171 3 6.5 -21.5
0.000134641 3 6.5 -22
0.00077578 2.5 7 -21.5
2.10365e-05 2 7.5 -22
0.000250772 2.5 7 -22
9.24101e-05 2 7.5 -21.5
0.000140069 2 7.5 -21
0.00128599 2.5 7 -21
0.000146826 2 7.5 -20.5
0.000127338 2 7.5 -20
0.00151035 2.5 7 -20
8.97771e-05 2 7.5 -19.5
4.43881e-05 2 7.5 -19
0.00073835 2.5 7 -19
0.000266787 2.5 7 -18.5
4.20778e-05 3 7 -18
2.18368e-05 3.5 6.5 -19
3.39301e-05 3.5 6.5 -19.5
0.000629441 3 7 -19
0.000267526 2.5 7.5 -18.5
2.64584e-05 3.5 6.5 -20
0.0010225 3 7 -19.5
0.000650189 2.5 7.5 -19
0.00114493 3 7 -20.5
0.00118671 2.5 7.5 -20
0.000481446 3 7 -21.5
0.000976079 2.5 7.5 -21
0.000127458 3 7 -22
0.000111036 2.5 7.5 -22
0.000497484 2.5 7.5 -21.5
0.000921811 3 7 -21
0.00121783 2.5 7.5 -20.5
0.00114726 3 7 -20
0.00101865 2.5 7.5 -19.5
0.00022499 3 7 -18.5
6.76718e-05 2.5 7.5 -18
0.000142235 3.5 7 -19
0.000465264 3 7.5 -18.5
0.000195138 3.5 7 -19.5
0.00102504 3 7.5 -19
0.000175116 3.5 7 -20
0.000160405 3.5 7 -20.5
0.00153193 3 7.5 -20
0.000109272 3.5 7 -21
5.26962e-05 3.5 7 -21.5
0.000919747 3 7.5 -21
8.20801e-05 3 7.5 -22
0.0002167 2.5 8 -21.5
2.8398e-05 2.5 8 -22
0.000433133 3 7.5 -21.5
0.000521573 2.5 8 -21
0.000708118 2.5 8 -20.5
0.00132785 3 7.5 -20.5
0.000694409 2.5 8 -20
0.000607512 2.5 8 -19.5
0.00148058 3 7.5 -19.5
0.000407626 2.5 8 -19
0.000192456 2.5 8 -18.5
5.53653e-05 2.5 8 -18
5.44142e-05 3.5 7 -18.5
0.000111975 3 7.5 -18
0.000230617 3.5 7.5 -18.5
0.000298957 3 8 -18
0.000101415 2.5 8.5 -18.5
0.000481681 3.5 7.5 -19
0.000590791 3.5 7.5 -19.5
0.000562172 3.5 7.5 -20
0.00153648 3 8 -19.5
0.000464513 3.5 7.5 -20.5
0.000291677 3.5 7.5 -21
0.00127806 3 8 -20.5
0.000292308 2.5 8.5 -20
0.000118899 3.5 7.5 -21.5
0.000302803 3 8 -21.5
3.19138e-05 3 8 -22
4.91684e-05 2.5 8.5 -21.5
0.000192735 2.5 8.5 -21
0.000817651 3 8 -21
0.000291493 2.5 8.5 -20.5
0.00152913 3 8 -20
0.000258823 2.5 8.5 -19.5
0.000191205 2.5 8.5 -19
0.00131585 3 8 -19
0.000798376 3 8 -18.5
3.65043e-05 2.5 8.5 -18
5.62131e-05 3.5 7.5 -18
5.4961e-05 3 8 -17.5
0.00022535 3.5 8 -18
0.000108265 3 8.5 -17.5
0.00077927 3 8.5 -18.5
0.00103698 3.5 8 -19.5
0.00124205 3 8.5 -19
8.26086e-05 2.5 9 -19.5
0.000982047 3.5 8 -20
9.08711e-05 2.5 9 -20
0.000784402 3.5 8 -20.5
0.000124736 3.5 8 -21.5
0.000561974 3 8.5 -21
7.71209e-05 2.5 9 -20.5
0.000146419 3 8.5 -21.5
2.40298e-05 2.5 9 -21
0.000431506 3.5 8 -21
0.00106123 3 8.5 -20.5
0.0013726 3 8.5 -20
0.00141175 3 8.5 -19.5
6.78012e-05 2.5 9 -19
4.17326e-05 2.5 9 -18.5
0.000950998 3.5 8 -19
0.000594152 3.5 8 -18.5
0.000353403 3 8.5 -18
4.21098e-05 3.5 8 -17.5
2.2579e-05 3 8.5 -17
4.56353e-05 4 8 -18
0.000147859 3.5 8.5 -17.5
9.73681e-05 4 8 -18.5
0.000122933 4 8 -19
0.0010048 3.5 8.5 -18.5
0.000114839 4 8 -19.5
0.00129306 3.5 8.5 -19
0.000101864 4 8 -20
7.25899e-05 4 8 -20.5
0.000903305 3 9 -20
2.86614e-05 4 8 -21
0.000407752 3.5 8.5 -21
3.30135e-05 3 9 -21.5
9.4474e-05 3.5 8.5 -21.5
0.000268476 3 9 -21
0.000635567 3 9 -20.5
0.000854905 3.5 8.5 -20.5
0.00125277 3.5 8.5 -20
0.000978985 3 9 -19.5
0.00135975 3.5 8.5 -19.5
0.000890338 3 9 -19
0.000613686 3 9 -18.5
0.000303842 3 9 -18
0.000502185 3.5 8.5 -18
9.78338e-05 3 9 -17.5
2.25273e-05 3 9 -17
2.30503e-05 3.5 8.5 -17
7.15548e-05 4 8.5 -17.5
9.07621e-05 3.5 9 -17
0.000399094 4 8.5 -18.5
0.000874695 3.5 9 -18
7.20086e-05 3 9.5 -17.5
0.000327588 3 9.5 -18.5
0.000467285 4 8.5 -19
0.000445171 4 8.5 -19.5
0.000350985 4 8.5 -20
0.000199164 4 8.5 -20.5
0.00123349 3.5 9 -20
7.22285e-05 4 8.5 -21
0.000760648 3.5 9 -20.5
4.05076e-05 3.5 9 -21.5
6.37301e-05 3 9.5 -21
0.000283493 3.5 9 -21
0.000255961 3 9.5 -20.5
0.000427352 3 9.5 -20
0.000494927 3 9.5 -19.5
0.00148897 3.5 9 -19.5
0.000455147 3 9.5 -19
0.00154739 3.5 9 -19
0.00137101 3.5 9 -18.5
0.000188993 3 9.5 -18
0.000220294 4 8.5 -18
0.000369651 3.5 9 -17.5
2.01591e-05 3 9.5 -17
7.13604e-05 4 9 -17
4.41646e-05 3 10 -17.5
0.000617128 4 9 -18
9.09957e-05 3 10 -18
0.00136282 3.5 9.5 -18.5
0.000134417 3 10 -18.5
0.000176814 3 10 -19
0.000182815 3 10 -19.5
0.000638534 4 9 -20
0.000133587 3 10 -20
0.00033256 4 9 -20.5
0.000138463 3.5 9.5 -21
4.50194e-05 3 10 -20.5
9.94518e-05 4 9 -21
0.000523634 3.5 9.5 -20.5
0.00103054 3.5 9.5 -20
0.00137401 3.5 9.5 -19.5
0.000822455 4 9 -19.5
0.00148573 3.5 9.5 -19
0.00090312 4 9 -19
0.000855753 4 9 -18.5
0.00102991 3.5 9.5 -18
0.00055738 3.5 9.5 -17.5
0.000285534 4 9 -17.5
0.000201916 3.5 9.5 -17
4.70968e-05 3.5 9.5 -16.5
5.7133e-05 3.5 10 -16.5
2.22744e-05 4.5 9 -17
5.29712e-05 4.5 9 -17.5
8.20317e-05 4.5 9 -18
0.000614686 4 9.5 -17.5
9.12601e-05 4.5 9 -18.5
2.86205e-05 3 10.5 -18
8.13183e-05 4.5 9 -19
0.00123465 4 9.5 -18.5
0.000872012 3.5 10 -18
3.97131e-05 3 10.5 -18.5
6.07588e-05 4.5 9 -19.5
0.00130665 4 9.5 -19
2.93766e-05 4.5 9 -20
4.67079e-05 3 10.5 -19
0.00103324 3.5 10 -19.5
3.03828e-05 3 10.5 -19.5
0.000654516 3.5 10 -20
7.86202e-05 4 9.5 -21
3.26717e-05 3.5 10 -21
0.000245561 3.5 10 -20.5
0.000318626 4 9.5 -20.5
0.000710937 4 9.5 -20
0.00110703 4 9.5 -19.5
0.00117182 3.5 10 -19
0.00108767 3.5 10 -18.5
0.000994658 4 9.5 -18
0.000514114 3.5 10 -17.5
0.000206375 3.5 10 -17
0.000256548 4 9.5 -17
5.35013e-05 4 9.5 -16.5
3.16949e-05 4 10 -16
0.00018743 4 10 -16.5
5.34387e-05 3.5 10.5 -16.5
0.000165727 3.5 10.5 -17
0.000253119 4.5 9.5 -17.5
0.000349476 3.5 10.5 -17.5
0.000550499 3.5 10.5 -18
0.000376289 4.5 9.5 -18.5
0.00064768 3.5 10.5 -18.5
0.000337861 4.5 9.5 -19
0.000224813 4.5 9.5 -19.5
0.000110791 4.5 9.5 -20
0.00105201 4 10 -19.5
3.89548e-05 4.5 9.5 -20.5
0.000611016 4 10 -20
0.000219691 4 10 -20.5
3.35714e-05 4 10 -21
5.05462e-05 3.5 10.5 -20.5
0.000263701 3.5 10.5 -20
0.000535707 3.5 10.5 -19.5
0.000678974 3.5 10.5 -19
0.00135339 4 10 -19
0.00153312 4 10 -18.5
0.00140167 4 10 -18
0.000351909 4.5 9.5 -18
0.0010265 4 10 -17.5
0.000546996 4 10 -17
0.000117859 4.5 9.5 -17
3.28061e-05 4.5 9.5 -16.5
3.10126e-05 4.5 10 -16
0.000424802 4 10.5 -16.5
0.000156614 4.5 10 -16.5
4.10758e-05 3.5 11 -16.5
0.000844673 4 10.5 -17
0.000100846 3.5 11 -17
0.00123879 4 10.5 -17.5
0.000183804 3.5 11 -17.5
0.00141942 4 10.5 -18
0.00148938 4 10.5 -18.5
0.000248885 3.5 11 -18
0.000461538 4.5 10 -19.5
0.00125962 4 10.5 -19
0.000172925 3.5 11 -19.5
0.000212888 4.5 10 -20
4.32363e-05 3.5 11 -20
6.19617e-05 4.5 10 -20.5
0.000102868 4 10.5 -20.5
0.000406176 4 10.5 -20
0.000856065 4 10.5 -19.5
0.000268939 3.5 11 -19
0.000276054 3.5 11 -18.5
0.000658268 4.5 10 -19
0.000786441 4.5 10 -18.5
0.000771528 4.5 10 -18
0.000654532 4.5 10 -17.5
0.000402121 4.5 10 -17
0.000117314 4 10.5 -16
4.22032e-05 4 11 -15.5
4.12573e-05 5 10 -16.5
6.43111e-05 5 10 -17
7.58219e-05 5 10 -17.5
2.48969e-05 3.5 11.5 -16.5
0.000777282 4.5 10.5 -17
0.000428899 4 11 -16.5
0.00107216 4.5 10.5 -17.5
4.88765e-05 3.5 11.5 -17
4.45334e-05 5 10 -18.5
7.57464e-05 3.5 11.5 -17.5
0.00121665 4.5 10.5 -18
8.68663e-05 3.5 11.5 -18
0.00117708 4.5 10.5 -18.5
8.52514e-05 3.5 11.5 -18.5
0.000881763 4.5 10.5 -19
5.41813e-05 3.5 11.5 -19
0.000528401 4 11 -19.5
0.000177418 4 11 -20
2.08222e-05 4 11 -20.5
5.00323e-05 4.5 10.5 -20.5
0.000207011 4.5 10.5 -20
0.000506806 4.5 10.5 -19.5
0.000948634 4 11 -19
0.00123941 4 11 -18.5
0.00128128 4 11 -18
0.0010848 4 11 -17.5
6.63151e-05 5 10 -18
0.00078478 4 11 -17
0.00041807 4.5 10.5 -16.5
0.0001716 4 11 -16
0.000156125 4.5 10.5 -16
2.69433e-05 4.5 10.5 -15.5
0.000132215 4.5 11 -15.5
4.62405e-05 4 11.5 -15.5
0.000150504 4 11.5 -16
0.000350352 4 11.5 -16.5
0.000280156 5 10.5 -17
0.000806837 4.5 11 -16.5
0.000576086 4 11.5 -17
0.000319118 5 10.5 -17.5
0.000747985 4 11.5 -17.5
0.000315763 5 10.5 -18
0.000853244 4 11.5 -18
0.000215865 5 10.5 -18.5
0.000727248 4 11.5 -18.5
0.000125525 5 10.5 -19
5.88335e-05 5 10.5 -19.5
0.000431915 4.5 11 -19.5
0.000141269 4.5 11 -20
2.59239e-05 4 11.5 -20
0.000194469 4 11.5 -19.5
0.00047665 4 11.5 -19
0.000834625 4.5 11 -19
0.00117328 4.5 11 -18.5
0.00138117 4.5 11 -18
0.00145107 4.5 11 -17.5
0.00123756 4.5 11 -17
0.000188546 5 10.5 -16.5
0.000405747 4.5 11 -16
8.53579e-05 5 10.5 -16
2.37272e-05 5 10.5 -15.5
9.63807e-05 4.5 11.5 -15
0.000367011 4.5 11.5 -15.5
0.000122864 5 11 -15.5
0.000106337 4 12 -16
0.00112628 4.5 11.5 -16.5
0.000533401 5 11 -16.5
0.000206538 4 12 -16.5
0.00137842 4.5 11.5 -17
0.000303804 4 12 -17
0.00146099 4.5 11.5 -17.5
0.0013338 4.5 11.5 -18
0.000367979 4 12 -17.5
0.00105534 4.5 11.5 -18.5
0.000116056 5 11 -19.5
0.000639989 4.5 11.5 -19
2.84894e-05 5 11 -20
6.10652e-05 4.5 11.5 -20
0.000262826 4.5 11.5 -19.5
0.000133024 4 12 -19
0.000284841 4 12 -18.5
0.000278043 5 11 -19
0.000397912 4 12 -18
0.000465526 5 11 -18.5
0.000650391 5 11 -18
0.000734988 5 11 -17.5
0.000685701 5 11 -17
0.000737174 4.5 11.5 -16
4.20402e-05 4 12 -15.5
0.00031808 5 11 -16
2.55861e-05 5 11 -15
2.75896e-05 5 11.5 -14.5
4.00434e-05 4.5 12 -14.5
0.000170408 4.5 12 -15
4.21186e-05 5.5 11 -15.5
6.26216e-05 5.5 11 -16
2.97947e-05 4 12.5 -15.5
7.15382e-05 5.5 11 -16.5
0.000675103 5 11.5 -16
6.00308e-05 4 12.5 -16
0.00112074 5 11.5 -17
0.00105285 4.5 12 -16.5
5.96171e-05 5.5 11 -17
9.49278e-05 4 12.5 -16.5
0.000123242 4 12.5 -17
0.00116803 5 11.5 -17.5
0.000136692 4 12.5 -17.5
0.000925925 5 11.5 -18
0.000110725 4 12.5 -18
0.000621723 5 11.5 -18.5
4.18972e-05 4 12.5 -18.5
0.000316747 5 11.5 -19
9.84574e-05 4.5 12 -19.5
2.09545e-05 5 11.5 -20
0.000113561 5 11.5 -19.5
0.000349618 4.5 12 -19
0.000729785 4.5 12 -18.5
0.00109353 4.5 12 -18
0.00132703 4.5 12 -17.5
0.00127276 4.5 12 -17
4.05297e-05 5.5 11 -17.5
0.000967505 5 11.5 -16.5
0.000720078 4.5 12 -16
0.000398225 4.5 12 -15.5
0.00036278 5 11.5 -15.5
0.000141278 5 11.5 -15
2.29192e-05 5 12 -14
0.000145774 5 12 -14.5
5.41196e-05 4.5 12.5 -14.5
0.000388058 5 12 -15
0.000157706 4.5 12.5 -15
0.000346659 4.5 12.5 -15.5
0.000258114 5.5 11.5 -16
0.000787778 4.5 12.5 -16.5
0.000292344 5.5 11.5 -17
0.00136841 5 12 -16.5
2.06563e-05 4 13 -16.5
0.000913618 4.5 12.5 -17
0.000214699 5.5 11.5 -17.5
0.000125659 5.5 11.5 -18
0.00061505 4.5 12.5 -18
5.91042e-05 5.5 11.5 -18.5
0.000323492 4.5 12.5 -18.5
7.45489e-05 5 12 -19.5
0.000102676 4.5 12.5 -19
0.000255508 5 12 -19
0.00057045 5 12 -18.5
0.000914539 5 12 -18
0.000841503 4.5 12.5 -17.5
0.00120799 5 12 -17.5
0.00135447 5 12 -17
0.000578515 4.5 12.5 -16
0.000297325 5.5 11.5 -16.5
0.00112381 5 12 -16
0.000735535 5 12 -15.5
0.000179579 5.5 11.5 -15.5
8.93957e-05 5.5 11.5 -15
2.85673e-05 5.5 11.5 -14.5
0.000143525 5.5 12 -14.5
0.000127318 5 12.5 -14
0.000389193 5 12.5 -14.5
5.02508e-05 4.5 13 -14.5
0.000118618 4.5 13 -15
0.00106433 5 12.5 -15.5
0.000504205 5.5 12 -15.5
0.000221164 4.5 13 -15.5
0.000326524 4.5 13 -16
0.00140445 5 12.5 -16.5
0.00070052 5.5 12 -16.5
0.000417174 4.5 13 -16.5
0.00133073 5 12.5 -17
0.000462531 4.5 13 -17
0.000755923 5 12.5 -18
0.000353914 4.5 13 -17.5
4.86245e-05 5.5 12 -19
0.000388632 5 12.5 -18.5
0.000134565 5 12.5 -19
2.15496e-05 5 12.5 -19.5
5.79252e-05 4.5 13 -18.5
0.000202203 4.5 13 -18
0.000145108 5.5 12 -18.5
0.000279883 5.5 12 -18
0.0011188 5 12.5 -17.5
0.000454648 5.5 12 -17.5
0.000631149 5.5 12 -17
0.00131961 5 12.5 -16
0.000643208 5.5 12 -16
0.000725489 5 12.5 -15
0.000321293 5.5 12 -15
4.14157e-05 5.5 12 -14
6.06726e-05 5.5 12.5 -13.5
6.65469e-05 5 13 -13.5
0.000405758 5.5 12.5 -14.5
0.000207319 5 13 -14
5.67146e-05 6 12 -14.5
0.000422433 5 13 -14.5
3.71002e-05 4.5 13.5 -14.5
7.75518e-05 6 12 -15.5
7.00494e-05 4.5 13.5 -15
0.00101111 5 13 -15.5
6.23802e-05 6 12 -16
0.000922977 5.5 12.5 -15.5
0.000109216 4.5 13.5 -15.5
0.0012307 5 13 -16
3.95356e-05 6 12 -16.5
0.000143243 4.5 13.5 -16
0.000161804 4.5 13.5 -16.5
0.00111967 5 13 -17
0.000912172 5.5 12.5 -17
0.000139856 4.5 13.5 -17
6.42e-05 4.5 13.5 -17.5
0.000373289 5.5 12.5 -18
0.000163373 5.5 12.5 -18.5
4.92571e-05 5.5 12.5 -19
3.53647e-05 5 13 -19
0.000173535 5 13 -18.5
0.000453709 5 13 -18
0.000805342 5 13 -17.5
0.000643139 5.5 12.5 -17.5
0.00129102 5 13 -16.5
0.00111452 5.5 12.5 -16.5
0.00106417 5.5 12.5 -16
0.000715081 5 13 -15
0.000673566 5.5 12.5 -15
7.4578e-05 6 12 -15
0.000198187 5.5 12.5 -14
2.87821e-05 6 12 -14
7.85545e-05 5.5 13 -13
2.49197e-05 5 13.5 -13
0.000240083 5.5 13 -13.5
5.60123e-05 6 12.5 -13.5
7.52313e-05 5 13.5 -13.5
0.000189511 5 13.5 -14
0.000786145 5.5 13 -14.5
0.00021891 6 12.5 -14.5
0.000372688 5 13.5 -14.5
0.000590491 5 13.5 -15
0.00129636 5.5 13 -15.5
0.000308928 6 12.5 -15.5
3.00301e-05 4.5 14 -15
3.67139e-05 4.5 14 -15.5
0.000892587 5 13.5 -16
0.000208982 6 12.5 -16.5
0.00127631 5.5 13 -16
3.27269e-05 4.5 14 -16
0.000848533 5 13.5 -16.5
0.000121621 6 12.5 -17
5.4103e-05 6 12.5 -17.5
0.000606077 5.5 13 -17.5
0.000655912 5 13.5 -17
0.000153795 5 13.5 -18
2.64124e-05 5 13.5 -18.5
2.88181e-05 5.5 13 -19
0.000119178 5.5 13 -18.5
0.000319917 5.5 13 -18
0.000382092 5 13.5 -17.5
0.000910859 5.5 13 -17
0.00116346 5.5 13 -16.5
0.000787758 5 13.5 -15.5
0.000283024 6 12.5 -16
0.00111549 5.5 13 -15
0.000282769 6 12.5 -15
0.000478078 5.5 13 -14
0.000132174 6 12.5 -14
2.02069e-05 6 12.5 -13
7.55753e-05 5.5 13.5 -12.5
3.23123e-05 6 13 -12.5
0.000229027 5.5 13.5 -13
0.000232924 6 13 -13.5
2.03888e-05 6.5 12.5 -13.5
2.71907e-05 5 14 -13
0.000484298 5.5 13.5 -13.5
6.76732e-05 5 14 -13.5
0.000797485 5.5 13.5 -14
0.000139219 5 14 -14
0.00106431 5.5 13.5 -14.5
0.00056089 6 13 -14.5
0.000238501 5 14 -14.5
0.00125217 5.5 13.5 -15
0.000347406 5 14 -15
0.000429748 5 14 -15.5
0.00125163 5.5 13.5 -16
0.000603524 6 13 -16
0.000458338 5 14 -16
0.00107407 5.5 13.5 -16.5
0.000356718 5 14 -16.5
0.000217688 5 14 -17
0.000145669 6 13 -17.5
0.00075804 5.5 13.5 -17
7.3664e-05 5 14 -17.5
0.000183304 5.5 13.5 -18
5.58604e-05 6 13 -18
5.18509e-05 5.5 13.5 -18.5
0.000429715 5.5 13.5 -17.5
0.000269404 6 13 -17
0.000431294 6 13 -16.5
0.00132079 5.5 13.5 -15.5
0.000690815 6 13 -15.5
0.00065488 6 13 -15
0.000406161 6 13 -14
2.32796e-05 6.5 12.5 -14
0.000102416 6 13 -13
5.97558e-05 6 13.5 -12
4.22419e-05 5.5 14 -12
0.000169559 6 13.5 -12.5
3.02229e-05 6.5 13 -12.5
0.000116959 5.5 14 -12.5
0.000342066 6 13.5 -13
0.000268898 5.5 14 -13
0.000544473 6 13.5 -13.5
9.55424e-05 6.5 13 -13.5
2.35154e-05 5 14.5 -13
0.000489941 5.5 14 -13.5
4.68603e-05 5 14.5 -13.5
0.000764165 5.5 14 -14
9.28606e-05 6.5 13 -14.5
0.000757152 6 13.5 -14
7.99716e-05 5 14.5 -14
0.00100229 5.5 14 -14.5
7.22444e-05 6.5 13 -15
0.000117314 5 14.5 -14.5
0.00116105 5.5 14 -15
4.44211e-05 6.5 13 -15.5
0.00105986 6 13.5 -15
0.000146639 5 14.5 -15
0.0012018 5.5 14 -15.5
0.000159533 5 14.5 -15.5
0.00103786 5.5 14 -16
0.000850123 6 13.5 -16
0.000130805 5 14.5 -16
0.000763152 5.5 14 -16.5
5.70555e-05 5 14.5 -16.5
0.00045791 5.5 14 -17
0.000371229 6 13.5 -17
0.000205241 5.5 14 -17.5
6.01189e-05 5.5 14 -18
6.41311e-05 6 13.5 -18
0.000183174 6 13.5 -17.5
0.000608287 6 13.5 -16.5
0.00103998 6 13.5 -15.5
0.000951601 6 13.5 -14.5
0.000110849 6.5 13 -14
5.97705e-05 6.5 13 -13
2.84544e-05 6.5 13.5 -11.5
9.11268e-05 6 14 -11.5
0.000242655 6 14 -12
6.71548e-05 6.5 13.5 -12
4.87385e-05 5.5 14.5 -12
0.000434018 6 14 -12.5
0.000113572 5.5 14.5 -12.5
0.000667101 6 14 -13
0.000232644 6.5 13.5 -13
0.000237929 5.5 14.5 -13
0.000925354 6 14 -13.5
0.000417364 5.5 14.5 -13.5
0.00114675 6 14 -14
0.000344873 6.5 13.5 -14
0.000600397 5.5 14.5 -14
0.00123461 6 14 -14.5
3.14569e-05 5 15 -14
0.000753661 5.5 14.5 -14.5
0.00116455 6 14 -15
0.000302771 6.5 13.5 -15
3.648e-05 5 15 -14.5
2.66463e-05 5 15 -15
0.000756215 5.5 14.5 -15.5
0.000114772 6.5 13.5 -16
0.00105718 6 14 -15.5
4.79607e-05 6.5 13.5 -16.5
0.000345108 5.5 14.5 -16.5
0.000568314 6 14 -16.5
0.000151412 5.5 14.5 -17
0.00013876 6 14 -17.5
3.33258e-05 5.5 14.5 -17.5
4.18792e-05 6 14 -18
0.0003198 6 14 -17
0.000581859 5.5 14.5 -16
0.000835984 6 14 -16
0.00082375 5.5 14.5 -15
0.00020339 6.5 13.5 -15.5
0.000349267 6.5 13.5 -14.5
0.000310396 6.5 13.5 -13.5
0.000142679 6.5 13.5 -12.5
2.37867e-05 6.5 14 -10.5
2.10695e-05 6 14.5 -10.5
6.63609e-05 6.5 14 -11
8.32351e-05 6 14.5 -11
0.0002002 6 14.5 -11.5
3.37112e-05 7 13.5 -12
0.000144546 6.5 14 -11.5
0.000371578 6 14.5 -12
4.03673e-05 7 13.5 -12.5
4.50475e-05 5.5 15 -12
0.000605524 6 14.5 -12.5
3.8587e-05 7 13.5 -13
0.000411193 6.5 14 -12.5
9.14563e-05 5.5 15 -12.5
0.000669261 6.5 14 -13.5
0.00088841 6 14.5 -13
2.66004e-05 7 13.5 -13.5
0.000160669 5.5 15 -13
0.00107111 6 14.5 -13.5
0.000245508 5.5 15 -13.5
0.000335551 5.5 15 -14
0.00122089 6 14.5 -14.5
0.000684875 6.5 14 -14.5
0.000391626 5.5 15 -14.5
0.000387357 5.5 15 -15
0.000945016 6 14.5 -15.5
0.000397661 6.5 14 -15.5
0.000285999 5.5 15 -15.5
0.000165177 5.5 15 -16
0.000391576 6 14.5 -16.5
0.00013639 6.5 14 -16.5
0.000183042 6 14.5 -17
5.80765e-05 6 14.5 -17.5
5.01053e-05 5.5 15 -16.5
5.65975e-05 6.5 14 -17
0.000666825 6 14.5 -16
0.000247443 6.5 14 -16
0.00111871 6 14.5 -15
0.000575585 6.5 14 -15
0.00117172 6 14.5 -14
0.000714613 6.5 14 -14
0.000560938 6.5 14 -13
0.000259479 6.5 14 -12
4.48228e-05 6.5 14.5 -10
3.22184e-05 7 14 -10.5
0.000118601 6.5 14.5 -10.5
4.16332e-05 6 15 -10.5
0.000239188 6.5 14.5 -11
9.57281e-05 6 15 -11
0.000394132 6.5 14.5 -11.5
9.99008e-05 7 14 -11.5
0.000197857 6 15 -11.5
0.000579684 6.5 14.5 -12
0.000357525 6 15 -12
0.000761341 6.5 14.5 -12.5
0.000166575 7 14 -12.5
3.22224e-05 5.5 15.5 -12
0.000567961 6 15 -12.5
5.49637e-05 5.5 15.5 -12.5
0.000796251 6 15 -13
0.000989846 6.5 14.5 -13.5
0.00013467 7 14 -13.5
8.22759e-05 5.5 15.5 -13
0.000981018 6 15 -13.5
0.000109886 5.5 15.5 -13.5
0.00106639 6 15 -14
0.000939786 6.5 14.5 -14.5
5.3488e-05 7 14 -14.5
0.000127536 5.5 15.5 -14
0.00102746 6 15 -14.5
0.000122671 5.5 15.5 -14.5
0.000865364 6 15 -15
7.86755e-05 5.5 15.5 -15
0.000620583 6 15 -15.5
0.000529481 6.5 14.5 -15.5
2.12951e-05 5.5 15.5 -15.5
0.000375366 6 15 -16
4.71847e-05 6 15 -17
6.28933e-05 6.5 14.5 -17
0.000168743 6 15 -16.5
0.000167529 6.5 14.5 -16.5
0.000327404 6.5 14.5 -16
0.000746414 6.5 14.5 -15
0.00104001 6.5 14.5 -14
9.45301e-05 7 14 -14
0.000884391 6.5 14.5 -13
0.000162301 7 14 -13
0.000143253 7 14 -12
2.26955e-05 7 14.5 -9
2.07479e-05 6.5 15 -9
4.48313e-05 7 14.5 -9.5
6.1944e-05 6.5 15 -9.5
0.000145622 6.5 15 -10
0.000292379 6.5 15 -10.5
2.0402e-05 7.5 14 -11
4.1845e-05 6 15.5 -10.5
0.000499447 6.5 15 -11
0.000321462 7 14.5 -11.5
8.72019e-05 6 15.5 -11
0.000697432 6.5 15 -11.5
0.000164106 6 15.5 -11.5
0.000886603 6.5 15 -12
0.000282919 6 15.5 -12
0.00104776 6.5 15 -12.5
0.000436173 7 14.5 -12.5
0.000427666 6 15.5 -12.5
0.00112871 6.5 15 -13
0.000566448 6 15.5 -13
0.00111977 6.5 15 -13.5
0.000395382 7 14.5 -13.5
0.000656542 6 15.5 -13.5
0.00103638 6.5 15 -14
0.000683872 6 15.5 -14
0.00090907 6.5 15 -14.5
0.000196582 7 14.5 -14.5
0.000569161 6 15.5 -14.5
0.000411686 6 15.5 -15
4.31176e-05 7 14.5 -15.5
0.00070146 6.5 15 -15
0.000234648 6 15.5 -15.5
9.92331e-05 6 15.5 -16
0.000269534 6.5 15 -16
3.62254e-05 6.5 15 -17
0.000119542 6.5 15 -16.5
0.000471475 6.5 15 -15.5
0.00010427 7 14.5 -15
0.000312616 7 14.5 -14
0.000448109 7 14.5 -13
2.38344e-05 7 15 -8
0.000397665 7 14.5 -12
5.1629e-05 7 15 -8.5
0.000106664 7 15 -9
2.68422e-05 7.5 14.5 -9
3.81256e-05 6.5 15.5 -9
0.000180912 7 15 -9.5
8.64053e-05 6.5 15.5 -9.5
0.000279278 7 15 -10
0.000182103 6.5 15.5 -10
0.000393189 7 15 -10.5
0.000325837 6.5 15.5 -10.5
3.50664e-05 6 16 -10.5
0.000501315 6.5 15.5 -11
7.91842e-05 7.5 14.5 -11.5
0.000504002 7 15 -11
6.286e-05 6 16 -11
0.000697731 6.5 15.5 -11.5
6.28931e-05 7.5 14.5 -12
0.000106487 6 16 -11.5
0.000894715 6.5 15.5 -12
4.02865e-05 7.5 14.5 -12.5
0.000745665 7 15 -12
0.000162904 6 16 -12
0.00103523 6.5 15.5 -12.5
0.000220309 6 16 -12.5
0.0010883 6.5 15.5 -13
0.000764296 7 15 -13
0.000269012 6 16 -13
0.00104451 6.5 15.5 -13.5
0.000291033 6 16 -13.5
0.000923091 6.5 15.5 -14
0.000536903 7 15 -14
0.000247532 6 16 -14
0.000727582 6.5 15.5 -14.5
0.000159942 6 16 -14.5
0.00050614 6.5 15.5 -15
0.000219229 7 15 -15
6.92857e-05 6 16 -15
0.000295938 6.5 15.5 -15.5
0.00014124 6.5 15.5 -16
5.04076e-05 7 15 -16
4.7865e-05 6.5 15.5 -16.5
0.000119072 7 15 -15.5
0.000366065 7 15 -14.5
0.000682026 7 15 -13.5
0.000789202 7 15 -12.5
0.000639554 7 15 -11.5
2.40989e-05 7.5 15 -7
3.56944e-05 7.5 15 -7.5
3.34794e-05 7 15.5 -7.5
5.41723e-05 7.5 15 -8
7.57326e-05 7 15.5 -8
8.33949e-05 7.5 15 -8.5
0.000149696 7 15.5 -8.5
0.000121359 7.5 15 -9
0.000265775 7 15.5 -9
0.00017139 7.5 15 -9.5
3.95815e-05 6.5 16 -9
0.000418115 7 15.5 -9.5
8.38033e-05 6.5 16 -9.5
0.000549834 7 15.5 -10
0.000165208 6.5 16 -10
0.000696938 7 15.5 -10.5
0.000291145 6.5 16 -10.5
0.000853511 7 15.5 -11
0.000287027 7.5 15 -11
0.000440407 6.5 16 -11
0.000948803 7 15.5 -11.5
3.44804e-05 6 16.5 -11
0.00060358 6.5 16 -11.5
0.000984492 7 15.5 -12
0.000240365 7.5 15 -12
4.98661e-05 6 16.5 -11.5
0.000750698 6.5 16 -12
6.44029e-05 6 16.5 -12
0.000844638 6.5 16 -12.5
0.000119858 7.5 15 -13
0.00100177 7 15.5 -12.5
7.37149e-05 6 16.5 -12.5
0.000876121 6.5 16 -13
6.37183e-05 7.5 15 -13.5
6.76319e-05 6 16.5 -13
0.000759307 6.5 16 -13.5
0.000772218 7 15.5 -13.5
4.58902e-05 6 16.5 -13.5
0.000597238 6.5 16 -14
0.000401553 7 15.5 -14.5
0.000407328 6.5 16 -14.5
0.000235949 6.5 16 -15
0.000104167 6.5 16 -15.5
0.000126229 7 15.5 -15.5
2.24788e-05 6.5 16 -16
5.13042e-05 7 15.5 -16
0.000244992 7 15.5 -15
0.000586066 7 15.5 -14
0.000928693 7 15.5 -13
2.19231e-05 7.5 15.5 -5.5
3.44862e-05 7.5 15.5 -6
5.73315e-05 7.5 15.5 -6.5
2.35291e-05 8 15 -6.5
2.80498e-05 8 15 -7
9.02442e-05 7.5 15.5 -7
0.000187339 7.5 15 -12.5
0.000274205 7.5 15 -11.5
2.2918e-05 7 16 -7
0.000137727 7.5 15.5 -7.5
3.53332e-05 8 15 -7.5
4.66407e-05 7 16 -7.5
0.000191866 7.5 15.5 -8
4.57181e-05 8 15 -8
9.48221e-05 7 16 -8
0.000181791 7 16 -8.5
6.39285e-05 8 15 -9
0.00026286 7.5 15.5 -8.5
0.000297426 7 16 -9
6.31712e-05 8 15 -9.5
0.000338891 7.5 15.5 -9
3.56679e-05 6.5 16.5 -9
0.000445941 7 16 -9.5
5.58573e-05 8 15 -10
0.000411603 7.5 15.5 -9.5
6.69369e-05 6.5 16.5 -9.5
0.000639785 7 16 -10
0.000570416 7.5 15.5 -10.5
4.04441e-05 8 15 -10.5
0.000117125 6.5 16.5 -10
0.000831638 7 16 -10.5
0.000188242 6.5 16.5 -10.5
0.000923085 7 16 -11
0.000280362 6.5 16.5 -11
0.000978714 7 16 -11.5
0.000566405 7.5 15.5 -11.5
0.000368677 6.5 16.5 -11.5
0.00100703 7 16 -12
0.000433732 6.5 16.5 -12
0.00096214 7 16 -12.5
0.000412441 7.5 15.5 -12.5
0.000462796 6.5 16.5 -12.5
0.000840665 7 16 -13
0.000422029 6.5 16.5 -13
0.000679473 7 16 -13.5
0.000176988 7.5 15.5 -13.5
0.000323899 6.5 16.5 -13.5
0.000209365 6.5 16.5 -14
3.92155e-05 7.5 15.5 -14.5
0.000498551 7 16 -14
2.23258e-05 6.5 16.5 -15
0.000181237 7 16 -15
2.86188e-05 7 16 -16
8.2137e-05 7 16 -15.5
0.000101498 6.5 16.5 -14.5
0.00032331 7 16 -14.5
8.93246e-05 7.5 15.5 -14
3.03888e-05 8 15.5 -4
4.36033e-05 8 15.5 -4.5
5.82836e-05 8 15.5 -5
0.000285428 7.5 15.5 -13
7.34485e-05 8 15.5 -5.5
3.19742e-05 7.5 16 -5.5
8.53925e-05 8 15.5 -6
0.00050987 7.5 15.5 -12
5.96651e-05 7.5 16 -6
0.000101376 8 15.5 -6.5
0.000109248 7.5 16 -6.5
0.000119704 8 15.5 -7
0.000592531 7.5 15.5 -11
0.000183017 7.5 16 -7
0.000142025 8 15.5 -7.5
2.34295e-05 7 16.5 -7
0.000283696 7.5 16 -7.5
4.62761e-05 7 16.5 -7.5
0.000402165 7.5 16 -8
0.000175989 8 15.5 -8
9.03126e-05 7 16.5 -8
0.000495614 7.5 16 -8.5
0.000204307 8 15.5 -8.5
0.000164614 7 16.5 -8.5
0.000604332 7.5 16 -9
0.000274422 7 16.5 -9
0.000709675 7.5 16 -9.5
0.000414625 7 16.5 -9.5
0.000776301 7.5 16 -10
4.05268e-05 6.5 17 -9.5
0.000581153 7 16.5 -10
0.000807583 7.5 16 -10.5
0.000157257 8 15.5 -10.5
6.22984e-05 6.5 17 -10
0.000740407 7 16.5 -10.5
0.000851801 7.5 16 -11
8.98264e-05 6.5 17 -10.5
0.000851669 7 16.5 -11
0.000809026 7.5 16 -11.5
6.10377e-05 8 15.5 -11.5
0.00011892 6.5 17 -11
0.000888624 7 16.5 -11.5
0.000135644 6.5 17 -11.5
0.00086487 7 16.5 -12
0.000718636 7.5 16 -12
0.000142707 6.5 17 -12
0.000760506 7 16.5 -12.5
0.000125624 6.5 17 -12.5
0.000620643 7 16.5 -13
0.000429864 7.5 16 -13
7.93427e-05 6.5 17 -13
3.50158e-05 6.5 17 -13.5
0.00030248 7 16.5 -14
0.000165222 7.5 16 -14
7.28465e-05 7 16.5 -15
3.69963e-05 7.5 16 -15
2.2965e-05 9 15 -1
2.13577e-05 9 15 -1.5
0.000168522 7 16.5 -14.5
3.43612e-05 8.5 15.5 -2
4.66032e-05 8.5 15.5 -2.5
8.48427e-05 7.5 16 -14.5
5.8299e-05 8.5 15.5 -3
0.000461969 7 16.5 -13.5
6.5056e-05 8.5 15.5 -3.5
2.85777e-05 8 16 -3.5
6.61596e-05 8.5 15.5 -4
0.0002821 7.5 16 -13.5
5.09833e-05 8 16 -4
6.75405e-05 8.5 15.5 -4.5
8.44294e-05 8 16 -4.5
0.000120632 8 16 -5
6.84672e-05 8.5 15.5 -5
0.00058661 7.5 16 -12.5
7.05509e-05 8.5 15.5 -5.5
0.000161181 8 16 -5.5
3.24669e-05 7.5 16.5 -5.5
0.000209993 8 16 -6
7.47135e-05 8.5 15.5 -6
5.9865e-05 7.5 16.5 -6
0.000252788 8 16 -6.5
7.63783e-05 8.5 15.5 -6.5
0.000108469 7.5 16.5 -6.5
7.44747e-05 8.5 15.5 -7
0.000188692 7.5 16.5 -7
6.87715e-05 8.5 15.5 -7.5
0.000301301 8 16 -7
0.000293406 7.5 16.5 -7.5
6.14396e-05 8.5 15.5 -8
0.00034894 8 16 -7.5
0.000395539 8 16 -8
3.87552e-05 7 17 -7.5
0.000427753 7.5 16.5 -8
0.000451771 8 16 -8.5
4.78788e-05 8.5 15.5 -8.5
6.86093e-05 7 17 -8
0.000592391 7.5 16.5 -8.5
0.000478647 8 16 -9
2.96632e-05 8.5 15.5 -9
0.000117054 7 17 -8.5
0.000735423 7.5 16.5 -9
0.000192591 7 17 -9
0.000822795 7.5 16.5 -9.5
0.000298207 7 17 -9.5
0.000887311 7.5 16.5 -10
0.000447107 8 16 -10
0.000403945 7 17 -10
0.000910477 7.5 16.5 -10.5
0.000494178 7 17 -10.5
0.00085423 7.5 16.5 -11
0.000307549 8 16 -11
0.000545511 7 17 -11
0.000558779 7 17 -11.5
0.000119658 8 16 -12
0.000503439 7 17 -12
5.80615e-05 8 16 -12.5
0.000706496 7.5 16.5 -12
0.000414535 7 17 -12.5
0.000303055 7 17 -13
0.00041086 7.5 16.5 -13
9.37246e-05 7 17 -14
0.000156169 7.5 16.5 -14
2.99802e-05 7.5 16.5 -15
2.86927e-05 9.5 15 1
3.44172e-05 9.5 15 0.5
3.27533e-05 9.5 15 0
2.28931e-05 7 17 -14.5
3.1144e-05 9 15.5 0
2.74293e-05 9.5 15 -0.5
4.8294e-05 9 15.5 -0.5
2.08071e-05 9.5 15 -1
6.34875e-05 9 15.5 -1
7.53499e-05 9 15.5 -1.5
7.55033e-05 7.5 16.5 -14.5
0.000187176 7 17 -13.5
2.53765e-05 8.5 16 -1.5
7.77201e-05 9 15.5 -2
4.50339e-05 8.5 16 -2
7.69888e-05 9 15.5 -2.5
7.03241e-05 8.5 16 -2.5
6.93889e-05 9 15.5 -3
0.000269572 7.5 16.5 -13.5
9.9917e-05 8.5 16 -3
5.97681e-05 9 15.5 -3.5
0.000132612 8.5 16 -3.5
0.0005647 7.5 16.5 -12.5
5.27288e-05 9 15.5 -4
2.714e-05 8 16.5 -3.5
0.000160854 8.5 16 -4
4.63851e-05 8 16.5 -4
0.00017787 8.5 16 -4.5
4.51495e-05 9 15.5 -4.5
0.000806921 7.5 16.5 -11.5
7.94076e-05 8 16.5 -4.5
0.000190984 8.5 16 -5
3.87687e-05 9 15.5 -5
0.000137031 8 16.5 -5
0.000199308 8.5 16 -5.5
3.23228e-05 9 15.5 -5.5
0.000207805 8 16 -11.5
0.000218021 8 16.5 -5.5
0.000208071 8.5 16 -6
2.28523e-05 9 15.5 -6
2.8914e-05 7.5 17 -5.5
0.000315137 8 16.5 -6
0.000223883 8.5 16 -6.5
5.2861e-05 7.5 17 -6
0.000423311 8 16.5 -6.5
0.000228919 8.5 16 -7
9.63542e-05 7.5 17 -6.5
0.000499818 8 16.5 -7
0.000390134 8 16 -10.5
0.000167699 7.5 17 -7
0.00057369 8 16.5 -7.5
0.000221563 8.5 16 -7.5
0.000267376 7.5 17 -7.5
0.000639981 8 16.5 -8
0.000206311 8.5 16 -8
0.000392374 7.5 17 -8
3.96556e-05 7 17.5 -8
0.00053882 7.5 17 -8.5
0.000126345 8.5 16 -9
0.000705698 8 16.5 -9
0.000680616 8 16.5 -8.5
6.37527e-05 7 17.5 -8.5
0.000679838 7.5 17 -9
0.000731123 8 16.5 -9.5
7.88613e-05 8.5 16 -9.5
9.86191e-05 7 17.5 -9
0.000772671 7.5 17 -9.5
0.000696575 8 16.5 -10
3.94369e-05 8.5 16 -10
0.000139927 7 17.5 -9.5
0.000815982 7.5 17 -10
0.000179935 7 17.5 -10
0.000829117 7.5 17 -10.5
0.000201566 7 17.5 -10.5
0.000779265 7.5 17 -11
0.000505476 8 16.5 -11
0.000209782 7 17.5 -11
0.000697606 7.5 17 -11.5
0.000185464 7 17.5 -11.5
0.000564687 7.5 17 -12
0.000235451 8 16.5 -12
0.000141294 7 17.5 -12
0.000416415 7.5 17 -12.5
8.65452e-05 7 17.5 -12.5
0.000284369 7.5 17 -13
7.49105e-05 8 16.5 -13
3.79077e-05 7 17.5 -13
8.47407e-05 7.5 17 -14
3.66313e-05 10 15 1.5
3.75097e-05 10 15 1
5.13273e-05 9.5 15.5 1
3.02043e-05 10 15 0.5
7.62002e-05 9.5 15.5 0.5
3.48398e-05 7.5 17 -14.5
8.9595e-05 9.5 15.5 0
3.29309e-05 9 16 0
9.093e-05 9.5 15.5 -0.5
5.81988e-05 9 16 -0.5
8.49283e-05 9.5 15.5 -1
8.95511e-05 9 16 -1
7.41512e-05 9.5 15.5 -1.5
0.000173274 7.5 17 -13.5
0.000124677 9 16 -1.5
6.48777e-05 9.5 15.5 -2
0.000152161 9 16 -2
3.81749e-05 8.5 16.5 -2
5.16726e-05 9.5 15.5 -2.5
0.000159757 9 16 -2.5
6.68011e-05 8.5 16.5 -2.5
3.69335e-05 9.5 15.5 -3
0.000162151 9 16 -3
3.3509e-05 8 16.5 -13.5
0.00011356 8.5 16.5 -3
2.23314e-05 9.5 15.5 -3.5
0.000172263 8.5 16.5 -3.5
0.000159521 9 16 -3.5
0.000154452 9 16 -4
0.000145271 8 16.5 -12.5
0.000235704 8.5 16.5 -4
3.98946e-05 8 17 -4
0.000294977 8.5 16.5 -4.5
0.000152169 9 16 -4.5
7.15704e-05 8 17 -4.5
0.000329848 8.5 16.5 -5
0.00013854 9 16 -5
0.000126958 8 17 -5
0.000368727 8.5 16.5 -5.5
0.000121537 9 16 -5.5
0.000358083 8 16.5 -11.5
0.000206868 8 17 -5.5
0.000100394 9 16 -6
0.000398408 8.5 16.5 -6
0.000618755 8 16.5 -10.5
0.000303711 8 17 -6
0.000416061 8.5 16.5 -6.5
7.47683e-05 9 16 -6.5
3.74174e-05 7.5 17.5 -6
0.000412648 8 17 -6.5
0.000443597 8.5 16.5 -7
5.13162e-05 9 16 -7
6.49344e-05 7.5 17.5 -6.5
0.000527031 8 17 -7
0.000110309 7.5 17.5 -7
0.000635805 8 17 -7.5
0.000451033 8.5 16.5 -7.5
0.000179715 7.5 17.5 -7.5
0.000711353 8 17 -8
0.000272307 7.5 17.5 -8
0.000761127 8 17 -8.5
0.000370776 7.5 17.5 -8.5
0.000773187 8 17 -9
0.000467171 7.5 17.5 -9
2.01813e-05 7 18 -9
0.000543313 7.5 17.5 -9.5
0.000162509 8.5 16.5 -10
2.9317e-05 7 18 -9.5
0.000577613 7.5 17.5 -10
8.52899e-05 8.5 16.5 -10.5
0.000718475 8 17 -10
3.14263e-05 7 18 -10
0.000569549 7.5 17.5 -10.5
0.000528877 8 17 -11
3.39358e-05 8.5 16.5 -11
2.17636e-05 7 18 -10.5
0.000509295 7.5 17.5 -11
0.000422146 7.5 17.5 -11.5
0.000313266 7.5 17.5 -12
0.00030122 8 17 -12
0.000207303 7.5 17.5 -12.5
0.000119747 7.5 17.5 -13
0.00011569 8 17 -13
5.42083e-05 7.5 17.5 -13.5
3.96743e-05 10 15.5 2
2.11811e-05 10.5 15 1.5
7.77388e-05 10 15.5 1.5
9.20326e-05 10 15.5 1
5.25035e-05 9.5 16 1
9.24636e-05 10 15.5 0.5
8.74896e-05 9.5 16 0.5
8.16904e-05 10 15.5 0
0.000123464 9.5 16 0
6.63867e-05 10 15.5 -0.5
0.000150545 9.5 16 -0.5
4.81612e-05 9 16.5 -0.5
4.73136e-05 10 15.5 -1
0.000159372 9.5 16 -1
8.49031e-05 9 16.5 -1
2.94594e-05 10 15.5 -1.5
0.000160188 9.5 16 -1.5
5.63581e-05 8 17 -13.5
0.00013256 9 16.5 -1.5
0.000149536 9.5 16 -2
0.000185834 9 16.5 -2
0.000137189 9.5 16 -2.5
3.11583e-05 8.5 17 -2
0.000233602 9 16.5 -2.5
0.000196454 8 17 -12.5
5.56433e-05 8.5 17 -2.5
0.000261297 9 16.5 -3
0.000116348 9.5 16 -3
9.56585e-05 8.5 17 -3
0.000282616 9 16.5 -3.5
9.19909e-05 9.5 16 -3.5
0.000152307 8.5 17 -3.5
0.000291267 9 16.5 -4
6.74547e-05 9.5 16 -4
0.00041701 8 17 -11.5
0.000224276 8.5 17 -4
4.50842e-05 9.5 16 -4.5
2.0475e-05 8 17.5 -4
0.000310356 8.5 17 -4.5
2.49438e-05 9.5 16 -5
0.000290733 9 16.5 -4.5
0.000294547 9 16.5 -5
0.000640351 8 17 -10.5
5.22712e-05 8 17.5 -4.5
0.00041115 8.5 17 -5
0.000750515 8 17 -9.5
9.25205e-05 8 17.5 -5
0.00048881 8.5 17 -5.5
0.000282646 9 16.5 -5.5
0.000158023 8 17.5 -5.5
0.000547018 8.5 17 -6
0.000256641 9 16.5 -6
0.00024607 8 17.5 -6
0.000588304 8.5 17 -6.5
0.000218898 9 16.5 -6.5
0.000350125 8 17.5 -6.5
3.357e-05 7.5 18 -6.5
0.000469106 8 17.5 -7
0.000113493 9 16.5 -7.5
0.000605689 8.5 17 -7
5.49549e-05 7.5 18 -7
0.000580395 8 17.5 -7.5
6.59909e-05 9 16.5 -8
8.49012e-05 7.5 18 -7.5
0.000655245 8 17.5 -8
3.08512e-05 9 16.5 -8.5
0.000120725 7.5 18 -8
0.000700963 8 17.5 -8.5
0.00016047 7.5 18 -8.5
0.000717185 8 17.5 -9
0.000508218 8.5 17 -9
0.000197757 7.5 18 -9
0.000690796 8 17.5 -9.5
0.000226811 7.5 18 -9.5
0.000622582 8 17.5 -10
0.000282342 8.5 17 -10
0.000236884 7.5 18 -10
0.000214133 7.5 18 -10.5
0.00011045 8.5 17 -11
0.00053899 8 17.5 -10.5
0.000170719 7.5 18 -11
5.09958e-05 8.5 17 -11.5
0.000118061 7.5 18 -11.5
0.000345202 8 17.5 -11.5
6.65971e-05 7.5 18 -12
2.22506e-05 7.5 18 -12.5
0.000149922 8 17.5 -12.5
3.44049e-05 8 17.5 -13.5
5.62135e-05 10.5 15.5 2
3.96468e-05 10 16 2
6.80319e-05 10.5 15.5 1.5
8.89878e-05 10 16 1.5
6.65537e-05 10.5 15.5 1
0.000122276 10 16 1
3.4603e-05 9.5 16.5 1
4.86177e-05 10.5 15.5 0.5
0.000139223 10 16 0.5
7.48694e-05 9.5 16.5 0.5
2.72966e-05 10.5 15.5 0
0.000143317 10 16 0
0.000123302 9.5 16.5 0
0.000137804 10 16 -0.5
8.03358e-05 8 17.5 -13
0.000173863 9.5 16.5 -0.5
2.93687e-05 9 17 -0.5
0.000122091 10 16 -1
0.000210589 9.5 16.5 -1
6.09581e-05 9 17 -1
9.7899e-05 10 16 -1.5
0.000233829 9.5 16.5 -1.5
0.000106997 9 17 -1.5
0.000240742 9.5 16.5 -2
7.04475e-05 10 16 -2
0.000241627 8 17.5 -12
0.000167552 9 17 -2
4.31413e-05 10 16 -2.5
0.000237069 9.5 16.5 -2.5
0.000235042 9 17 -2.5
2.17262e-05 10 16 -3
0.000446935 8 17.5 -11
3.55045e-05 8.5 17.5 -2.5
0.000305466 9 17 -3
0.000232405 9.5 16.5 -3
6.38547e-05 8.5 17.5 -3
0.000359334 9 17 -3.5
0.000210985 9.5 16.5 -3.5
0.000111805 8.5 17.5 -3.5
0.000400926 9 17 -4
0.000180752 9.5 16.5 -4
0.000184186 8.5 17.5 -4
0.000144538 9.5 16.5 -4.5
0.000277386 8.5 17.5 -4.5
0.000104047 9.5 16.5 -5
0.000428812 9 17 -4.5
0.00043822 9 17 -5
0.000186369 8.5 17 -10.5
2.86839e-05 8 18 -4.5
0.000377365 8.5 17.5 -5
0.000445333 9 17 -5.5
6.57639e-05 9.5 16.5 -5.5
5.16993e-05 8 18 -5
0.000473053 8.5 17.5 -5.5
0.000434367 9 17 -6
3.31949e-05 9.5 16.5 -6
8.62599e-05 8 18 -5.5
0.000541814 8.5 17.5 -6
0.000141327 8 18 -6
0.000593169 8.5 17.5 -6.5
0.000391575 9 17 -6.5
0.000217328 8 18 -6.5
0.000621977 8.5 17.5 -7
0.000339659 9 17 -7
0.000298663 8 18 -7
0.000626725 8.5 17.5 -7.5
0.000377191 8 18 -7.5
0.000622239 8.5 17.5 -8
0.00044267 8 18 -8
2.1116e-05 7.5 18.5 -8
0.000488153 8 18 -8.5
6.18458e-05 9 17 -9
2.38716e-05 7.5 18.5 -8.5
0.000498738 8 18 -9
3.11279e-05 7.5 18.5 -9
0.000460191 8 18 -9.5
0.00045106 8.5 17.5 -9.5
2.59311e-05 7.5 18.5 -9.5
0.000403146 8 18 -10
2.14691e-05 7.5 18.5 -10
0.000334914 8 18 -10.5
0.000259826 8.5 17.5 -10.5
0.000260063 8 18 -11
0.000182487 8 18 -11.5
0.000103466 8.5 17.5 -11.5
0.000113019 8 18 -12
6.0061e-05 8 18 -12.5
2.12303e-05 10.5 16 2.5
2.38355e-05 11 15.5 2
7.17518e-05 10.5 16 2
2.18539e-05 10 16.5 2
2.12965e-05 11 15.5 1.5
9.92552e-05 10.5 16 1.5
7.09855e-05 10 16.5 1.5
0.000106094 10.5 16 1
0.000121516 10 16.5 1
0.000100885 10.5 16 0.5
0.000158148 10 16.5 0.5
4.54047e-05 9.5 17 0.5
7.74933e-05 10.5 16 0
0.000180042 10 16.5 0
8.94735e-05 9.5 17 0
5.16946e-05 10.5 16 -0.5
0.000191608 10 16.5 -0.5
0.000147353 9.5 17 -0.5
2.73869e-05 10.5 16 -1
0.000208928 9.5 17 -1
0.000194433 10 16.5 -1
0.000183574 10 16.5 -1.5
3.21532e-05 9 17.5 -1
0.000257021 9.5 17 -1.5
6.66138e-05 9 17.5 -1.5
0.00029219 9.5 17 -2
0.000154514 10 16.5 -2
5.48285e-05 8.5 17.5 -12
0.000121287 9 17.5 -2
0.000314764 9.5 17 -2.5
0.000119676 10 16.5 -2.5
0.000192246 9 17.5 -2.5
7.91919e-05 10 16.5 -3
0.000267962 9 17.5 -3
4.23874e-05 10 16.5 -3.5
0.000321234 9.5 17 -3
0.000325987 9.5 17 -3.5
0.000172668 8.5 17.5 -11
3.33241e-05 8.5 18 -3
0.00034293 9 17.5 -3.5
0.000357445 8.5 17.5 -10
6.18421e-05 8.5 18 -3.5
0.000403471 9 17.5 -4
0.000315183 9.5 17 -4
0.000110035 8.5 18 -4
0.000453098 9 17.5 -4.5
0.00028391 9.5 17 -4.5
0.00018124 8.5 18 -4.5
0.000488275 9 17.5 -5
0.000239835 9.5 17 -5
0.000266191 8.5 18 -5
0.000358721 8.5 18 -5.5
0.000114827 9.5 17 -6
0.000502779 9 17.5 -5.5
0.000179485 9.5 17 -5.5
0.000514304 9 17.5 -6
0.000532322 8.5 17.5 -9
0.000594187 8.5 17.5 -8.5
3.37015e-05 8 18.5 -5.5
0.000449688 8.5 18 -6
0.000511545 9 17.5 -6.5
5.93521e-05 9.5 17 -6.5
5.49303e-05 8 18.5 -6
0.000515003 8.5 18 -6.5
0.000470022 9 17.5 -7
8.10781e-05 8 18.5 -6.5
0.0005506 8.5 18 -7
0.000113433 8 18.5 -7
0.000564062 8.5 18 -7.5
0.00014665 8 18.5 -7.5
0.000547944 8.5 18 -8
0.000318852 9 17.5 -8
0.000174548 8 18.5 -8
0.000503339 8.5 18 -8.5
0.000186714 8 18.5 -8.5
0.000453076 8.5 18 -9
0.000142033 9 17.5 -9
0.000179751 8 18.5 -9
0.000160639 8 18.5 -9.5
3.49249e-05 9 17.5 -10
0.000134587 8 18.5 -10
0.000306284 8.5 18 -10
9.99468e-05 8 18.5 -10.5
0.000151866 8.5 18 -11
6.10554e-05 8 18.5 -11
2.25886e-05 8 18.5 -11.5
4.77017e-05 8.5 18 -12
4.3265e-05 11 16 2
6.42702e-05 10.5 16.5 2
4.7516e-05 11 16 1.5
0.000106266 10.5 16.5 1.5
3.14093e-05 10 17 1.5
3.3375e-05 11 16 1
8.10779e-05 10 17 1
0.000125246 10.5 16.5 1
0.000132466 10.5 16.5 0.5
0.000138318 10 17 0.5
0.000184487 10 17 0
0.000129974 10.5 16.5 0
4.42388e-05 9.5 17.5 0
0.000105397 10.5 16.5 -0.5
0.000214445 10 17 -0.5
9.01875e-05 9.5 17.5 -0.5
0.000230877 10 17 -1
7.4301e-05 10.5 16.5 -1
0.000153658 9.5 17.5 -1
4.24363e-05 10.5 16.5 -1.5
9.22397e-05 8.5 18 -11.5
0.000237839 10 17 -1.5
0.000221874 9.5 17.5 -1.5
2.6684e-05 9 18 -1.5
0.000278478 9.5 17.5 -2
0.000237195 10 17 -2
6.12596e-05 9 18 -2
0.000321878 9.5 17.5 -2.5
0.000209959 10 17 -2.5
0.000223825 8.5 18 -10.5
0.000109952 9 18 -2.5
0.000173814 10 17 -3
0.000178212 9 18 -3
0.000128178 10 17 -3.5
0.000354885 9.5 17.5 -3
0.000386144 8.5 18 -9.5
0.000371461 9.5 17.5 -3.5
0.000258621 9 18 -3.5
0.000380296 9.5 17.5 -4
8.27166e-05 10 17 -4
2.00539e-05 8.5 18.5 -3.5
0.000343074 9 18 -4
0.000380134 9.5 17.5 -4.5
4.34066e-05 10 17 -4.5
4.67334e-05 8.5 18.5 -4
0.000407018 9 18 -4.5
7.68697e-05 8.5 18.5 -4.5
0.000451798 9 18 -5
0.000341395 9.5 17.5 -5
0.000120705 8.5 18.5 -5
0.00048054 9 18 -5.5
0.000290794 9.5 17.5 -5.5
0.000179576 8.5 18.5 -5.5
0.000488333 9 18 -6
0.000242267 8.5 18.5 -6
0.000297258 8.5 18.5 -6.5
0.000103685 9.5 17.5 -7
0.000487041 9 18 -6.5
0.000341171 8.5 18.5 -7
5.05356e-05 9.5 17.5 -7.5
0.000459939 9 18 -7
0.000354359 8.5 18.5 -7.5
0.00034153 8.5 18.5 -8
0.00031332 8.5 18.5 -8.5
0.000274725 8.5 18.5 -9
0.000201304 9 18 -9
0.000224801 8.5 18.5 -9.5
0.000169662 8.5 18.5 -10
8.34111e-05 9 18 -10
0.000115626 8.5 18.5 -10.5
3.54777e-05 8.5 18.5 -11.5
2.10848e-05 10.5 17 2
4.93044e-05 11 16.5 2
7.32172e-05 10.5 17 1.5
6.12969e-05 11 16.5 1.5
0.000117655 10.5 17 1
6.01426e-05 11 16.5 1
2.95583e-05 10 17.5 1
4.10139e-05 11 16.5 0.5
0.000143316 10.5 17 0.5
7.83017e-05 10 17.5 0.5
2.02765e-05 11 16.5 0
0.000135877 10 17.5 0
0.000153674 10.5 17 0
6.7222e-05 8.5 18.5 -11
0.000186895 10 17.5 -0.5
0.000153674 10.5 17 -0.5
3.21448e-05 9.5 18 -0.5
0.000224809 10 17.5 -1
0.000134245 10.5 17 -1
8.02316e-05 9.5 18 -1
0.000102961 10.5 17 -1.5
0.000247956 10 17.5 -1.5
0.000138987 9.5 18 -1.5
0.000261967 10 17.5 -2
6.70502e-05 10.5 17 -2
0.000208131 9.5 18 -2
3.47883e-05 10.5 17 -2.5
4.24064e-05 9 18 -10.5
0.000270319 9.5 18 -2.5
0.000267018 10 17.5 -2.5
3.95558e-05 9 18.5 -2.5
0.000317529 9.5 18 -3
0.000248612 10 17.5 -3
7.33929e-05 9 18.5 -3
0.000350503 9.5 18 -3.5
0.000215246 10 17.5 -3.5
0.000127267 9 18.5 -3.5
0.000194078 9 18.5 -4
0.000113148 10 17.5 -4.5
0.000365509 9.5 18 -4
0.000259178 9 18.5 -4.5
5.99463e-05 10 17.5 -5
0.000373175 9.5 18 -4.5
0.000168591 10 17.5 -4
0.000137228 9 18 -9.5
0.000316716 9 18.5 -5
0.000373446 9.5 18 -5
2.21261e-05 8.5 19 -5
0.000353831 9 18.5 -5.5
0.000349837 9.5 18 -5.5
4.32935e-05 8.5 19 -5.5
0.000373042 9 18.5 -6
6.48369e-05 8.5 19 -6
0.000377191 9 18.5 -6.5
8.81291e-05 8.5 19 -6.5
0.000353229 9 18.5 -7
0.000172627 9.5 18 -7
0.000103409 8.5 19 -7
0.000108137 8.5 19 -7.5
5.51778e-05 9.5 18 -8
0.000102721 8.5 19 -8
9.15828e-05 8.5 19 -8.5
0.000231029 9 18.5 -8.5
7.63367e-05 8.5 19 -9
5.54947e-05 8.5 19 -9.5
0.000122736 9 18.5 -9.5
3.20202e-05 8.5 19 -10
4.16259e-05 9 18.5 -10.5
2.3538e-05 11 17 2
2.24723e-05 10.5 17.5 1.5
5.80945e-05 11 17 1.5
7.03887e-05 10.5 17.5 1
6.96357e-05 11 17 1
6.80051e-05 11 17 0.5
0.000111814 10.5 17.5 0.5
0.00014239 10.5 17.5 0
5.09161e-05 11 17 0
6.3365e-05 10 18 0
3.05549e-05 11 17 -0.5
0.00011381 10 18 -0.5
0.000160691 10.5 17.5 -0.5
0.000166767 10 18 -1
0.000163651 10.5 17.5 -1
0.000208883 10 18 -1.5
0.000146872 10.5 17.5 -1.5
5.2008e-05 9.5 18.5 -1.5
0.000118279 10.5 17.5 -2
7.76649e-05 9 18.5 -10
0.000237339 10 18 -2
0.000174996 9 18.5 -9
9.39318e-05 9.5 18.5 -2
0.00025518 10 18 -2.5
8.20583e-05 10.5 17.5 -2.5
0.000147482 9.5 18.5 -2.5
0.000264197 10 18 -3
4.66333e-05 10.5 17.5 -3
0.000203369 9.5 18.5 -3
0.000252556 10 18 -3.5
0.00024971 9.5 18.5 -3.5
0.000284372 9 18.5 -8
0.000324749 9 18.5 -7.5
3.12034e-05 9 19 -3.5
0.00028466 9.5 18.5 -4
0.000218493 10 18 -4
6.04942e-05 9 19 -4
0.000303584 9.5 18.5 -4.5
0.000172034 10 18 -4.5
8.91874e-05 9 19 -4.5
0.000308846 9.5 18.5 -5
0.000118367 9 19 -5
0.000153499 9 19 -5.5
4.05853e-05 10 18 -6
0.000309633 9.5 18.5 -5.5
0.000182811 9 19 -6
0.000281854 9.5 18.5 -6
0.00018977 9 19 -6.5
0.000188485 9 19 -7
0.000171913 9 19 -7.5
5.52946e-05 9.5 18.5 -8.5
2.01464e-05 9.5 18.5 -9
0.000113361 9 19 -8.5
5.35372e-05 9 19 -9.5
2.42587e-05 11 17.5 1.5
5.59515e-05 11 17.5 1
5.22004e-05 10.5 18 0.5
6.98276e-05 11 17.5 0.5
9.06923e-05 10.5 18 0
7.08126e-05 11 17.5 0
0.000122308 10.5 18 -0.5
5.50784e-05 11 17.5 -0.5
3.24695e-05 9 19 -10
8.22065e-05 9 19 -9
3.5178e-05 10 18.5 -0.5
0.000145468 10.5 18 -1
3.4915e-05 11 17.5 -1
7.48294e-05 10 18.5 -1
0.000153774 10.5 18 -1.5
0.000120223 10 18.5 -1.5
0.000146071 9 19 -8
0.000158825 10 18.5 -2
0.000146366 10.5 18 -2
0.000187412 10 18.5 -2.5
0.000120368 10.5 18 -2.5
4.09228e-05 9.5 19 -2.5
6.88702e-05 9.5 19 -3
5.19502e-05 10.5 18 -3.5
0.000203536 10 18.5 -3
8.67498e-05 10.5 18 -3
0.000213287 10 18.5 -3.5
0.000104572 9.5 19 -3.5
0.000207418 10 18.5 -4
2.01126e-05 10.5 18 -4
0.000142517 9.5 19 -4
0.000167216 9.5 19 -4.5
0.00018807 10 18.5 -4.5
0.000182238 9.5 19 -5
0.000161798 10 18.5 -5
0.000186192 9.5 19 -5.5
0.000176417 9.5 19 -6
8.10189e-05 10 18.5 -6
2.89753e-05 9 19.5 -6
0.000166229 9.5 19 -6.5
4.35675e-05 10 18.5 -6.5
3.14087e-05 9 19.5 -6.5
3.18165e-05 9 19.5 -7
2.91617e-05 9 19.5 -7.5
4.63915e-05 9.5 19 -8.5
3.95989e-05 11 18 0.5
2.18939e-05 10.5 18.5 0
5.76902e-05 11 18 0
5.64655e-05 10.5 18.5 -0.5
6.22238e-05 11 18 -0.5
5.2636e-05 11 18 -1
8.72432e-05 10.5 18.5 -1
2.13914e-05 9.5 19 -9
0.000109709 10.5 18.5 -1.5
3.53995e-05 11 18 -1.5
2.48243e-05 10 19 -1.5
0.000120656 10.5 18.5 -2
5.50815e-05 10 19 -2
8.15605e-05 10 19 -2.5
0.000119891 10.5 18.5 -2.5
7.76212e-05 9.5 19 -8
0.000110724 9.5 19 -7.5
0.000143655 9.5 19 -7
0.000104382 10 19 -3
0.000103671 10.5 18.5 -3
0.00012197 10 19 -3.5
7.77131e-05 10.5 18.5 -3.5
2.07521e-05 9.5 19.5 -4
2.63646e-05 10.5 18.5 -4.5
0.000133627 10 19 -4
3.18723e-05 9.5 19.5 -4.5
0.000137877 10 19 -4.5
4.45837e-05 9.5 19.5 -5
0.000126269 10 19 -5
5.39613e-05 9.5 19.5 -5.5
5.89457e-05 9.5 19.5 -6
5.92407e-05 9.5 19.5 -6.5
4.98595e-05 9.5 19.5 -7
3.62032e-05 9.5 19.5 -7.5
3.5471e-05 11 18.5 -0.5
4.27718e-05 11 18.5 -1
4.12842e-05 11 18.5 -1.5
3.02932e-05 11 18.5 -2
3.51444e-05 10.5 19 -1.5
5.37676e-05 10.5 19 -2
2.04334e-05 9.5 19.5 -8
6.65285e-05 10.5 19 -2.5
6.99229e-05 10.5 19 -3
2.84663e-05 10 19.5 -3.5
6.49086e-05 10.5 19 -3.5
3.81172e-05 10 19.5 -4
5.31226e-05 10.5 19 -4
4.40919e-05 10 19.5 -4.5
4.49538e-05 10 19.5 -5
2.10963e-05 10.5 19.5 -4
3.03183e-05 10 19.5 -6.5
3.93396e-05 10 19.5 -6
4.40463e-05 10 19.5 -5.5
3.76556e-05 10.5 19 -4.5
3.31357e-05 10 19 -7
5.36724e-05 10 19 -6.5
7.91377e-05 10 19 -6
0.000105783 10 19 -5.5
4.92246e-05 10.5 18.5 -4
0.000122275 10 18.5 -5.5
9.42155e-05 9.5 18.5 -8
0.000142496 9.5 18.5 -7.5
0.000191675 9.5 18.5 -7
0.000238743 9.5 18.5 -6.5
8.26636e-05 10 18 -5.5
0.000124335 10 18 -5
0.000106653 9.5 18 -7.5
0.000248492 9.5 18 -6.5
0.000309466 9.5 18 -6
0.000277289 9 18 -8.5
0.000344737 9 18 -8
0.000407558 9 18 -7.5
0.00016522 9.5 17.5 -6.5
0.000230434 9.5 17.5 -6
7.97893e-05 9 17.5 -9.5
0.000219457 9 17.5 -8.5
0.000408042 9 17.5 -7.5
0.000130267 9 17 -8.5
0.000202598 9 17 -8
0.000274494 9 17 -7.5
0.000399832 8.5 17 -9.5
0.000581879 8.5 17 -8.5
0.0006205 8.5 17 -8
0.00061259 8.5 17 -7.5
0.000167121 9 16.5 -7
0.000249664 8.5 16.5 -9.5
0.000325162 8.5 16.5 -9
0.000384999 8.5 16.5 -8.5
0.000424979 8.5 16.5 -8
2.83145e-05 9 16 -7.5
0.00017377 8.5 16 -8.5
0.000483914 8 16 -9.5
0.000107792 8 15.5 -11
0.000197813 8 15.5 -10
0.000223612 8 15.5 -9.5
0.000218677 8 15.5 -9
0.000502688 7.5 15.5 -10
5.69494e-05 8 15 -8.5
0.000267027 7.5 15 -10.5
0.000225675 7.5 15 -10
9.22845e-05 7.5 14.5 -11
8.26781e-05 7.5 14.5 -10.5
6.06891e-05 7.5 14.5 -10
4.12648e-05 7.5 14.5 -9.5
0.000227415 7 14.5 -11
0.000144823 7 14.5 -10.5
8.5104e-05 7 14.5 -10
5.8274e-05 7 14 -11
2.10165e-05 7 13.5 -11.5
