0.785077
3.97213e-05 -5 -10.5 -17
4.34837e-05 -5 -10.5 -18
3.15961e-05 -5 -10.5 -18.5
4.63959e-05 -5 -10.5 -17.5
2.39219e-05 -5 -10.5 -16.5
0.000167254 -4.5 -10 -18
0.000129503 -4.5 -10 -19
3.09001e-05 -4.5 -10 -20
7.95801e-05 -4.5 -10 -19.5
0.000167075 -4.5 -10 -18.5
0.000131432 -4.5 -10 -17.5
7.03221e-05 -4.5 -10 -17
2.0684e-05 -4.5 -10 -16.5
2.79729e-05 -5.5 -11.5 -16
6.38074e-05 -4.5 -10.5 -16.5
3.24942e-05 -5 -11 -16
3.29836e-05 -5.5 -11.5 -17
0.000234375 -4.5 -10.5 -17.5
0.000113131 -5 -11 -17
0.00011188 -5 -11 -18
2.36259e-05 -5.5 -11.5 -17.5
0.000278996 -4.5 -10.5 -18
3.91625e-05 -5 -11 -19
0.000193876 -4.5 -10.5 -19
3.41749e-05 -4.5 -10.5 -20
0.000103785 -4.5 -10.5 -19.5
7.58886e-05 -5 -11 -18.5
0.000262288 -4.5 -10.5 -18.5
0.000125836 -5 -11 -17.5
3.40119e-05 -5.5 -11.5 -16.5
0.000147461 -4.5 -10.5 -17
7.60094e-05 -5 -11 -16.5
2.44056e-05 -4 -10 -16.5
0.000107655 -4 -10 -17
0.00024131 -4 -10 -17.5
2.05538e-05 -4.5 -9.5 -17
0.000369113 -4 -10 -18
0.000409106 -4 -10 -18.5
6.71889e-05 -4.5 -9.5 -18
5.21576e-05 -4.5 -9.5 -19
0.000363655 -4 -10 -19
0.000143085 -4 -10 -20
4.9295e-05 -4 -10 -20.5
3.61222e-05 -4.5 -9.5 -19.5
0.00027216 -4 -10 -19.5
6.83675e-05 -4.5 -9.5 -18.5
4.60378e-05 -4.5 -9.5 -17.5
2.28152e-05 -5.5 -12 -15
2.42844e-05 -6 -12.5 -15
9.02206e-05 -5 -11.5 -16
5.34808e-05 -5.5 -12 -15.5
6.87913e-05 -4 -10.5 -16.5
4.68596e-05 -4.5 -11 -16
2.82865e-05 -6 -12.5 -15.5
8.09842e-05 -5.5 -12 -16
2.67096e-05 -6 -12.5 -16
0.000195093 -5 -11.5 -17
9.49447e-05 -5.5 -12 -16.5
0.000296122 -4 -10.5 -17.5
0.00024005 -4.5 -11 -17
8.73643e-05 -5.5 -12 -17
0.000369932 -4 -10.5 -18
0.000320538 -4.5 -11 -18
6.04433e-05 -5.5 -12 -17.5
0.000177902 -5 -11.5 -18
0.000339424 -4 -10.5 -19
3.78542e-05 -5.5 -12 -18
0.00018893 -4.5 -11 -19
5.87632e-05 -5 -11.5 -19
9.36384e-05 -4 -10.5 -20
2.86734e-05 -4.5 -11 -20
9.04427e-05 -4.5 -11 -19.5
0.000223784 -4 -10.5 -19.5
0.000117433 -5 -11.5 -18.5
0.000272811 -4.5 -11 -18.5
0.000395484 -4 -10.5 -18.5
0.00021021 -5 -11.5 -17.5
0.000303642 -4.5 -11 -17.5
0.000153336 -5 -11.5 -16.5
0.000174202 -4 -10.5 -17
0.000132366 -4.5 -11 -16.5
3.16162e-05 -5 -11.5 -15.5
4.81223e-05 -3.5 -10 -17
0.000141909 -3.5 -10 -17.5
4.8703e-05 -4 -9.5 -17
0.000261176 -3.5 -10 -18
0.000360704 -3.5 -10 -18.5
0.000382606 -3.5 -10 -19
0.000343329 -4 -9.5 -18.5
0.000312882 -3.5 -10 -19.5
0.000179318 -3.5 -10 -20
6.79607e-05 -3.5 -10 -20.5
0.00016398 -4 -9.5 -20
2.37615e-05 -3.5 -10 -21
6.3654e-05 -4 -9.5 -20.5
0.000280016 -4 -9.5 -19.5
0.000359319 -4 -9.5 -19
0.000267603 -4 -9.5 -18
0.000142767 -4 -9.5 -17.5
2.19836e-05 -6 -13 -14
2.5452e-05 -5.5 -12.5 -14.5
2.64273e-05 -5 -12 -15
2.40289e-05 -6.5 -13.5 -14
4.42763e-05 -6 -13 -14.5
6.75424e-05 -5.5 -12.5 -15
0.000106288 -4.5 -11.5 -16
8.47933e-05 -5 -12 -15.5
2.31752e-05 -4 -11 -16
2.59852e-05 -6.5 -13.5 -14.5
0.000113073 -5.5 -12.5 -15.5
0.000159265 -5 -12 -16
6.67597e-05 -6 -13 -15
7.54658e-05 -6 -13 -15.5
0.000145622 -5.5 -12.5 -16
0.000100186 -3.5 -10.5 -17.5
0.000276756 -4.5 -11.5 -17
0.000221247 -5 -12 -16.5
0.000168699 -4 -11 -17
0.0001697 -3.5 -10.5 -18
0.000159094 -5.5 -12.5 -16.5
0.000247465 -5 -12 -17
6.72318e-05 -6 -13 -16
0.000332898 -4 -11 -18
4.90186e-05 -6 -13 -16.5
0.00014402 -5.5 -12.5 -17
0.000308369 -4.5 -11.5 -18
3.35014e-05 -6 -13 -17
0.000224144 -3.5 -10.5 -19
0.000180511 -5 -12 -18
0.000102534 -5.5 -12.5 -17.5
0.000251658 -4 -11 -19
0.000165133 -3.5 -10.5 -19.5
0.000112423 -5 -12 -18.5
0.000145971 -4.5 -11.5 -19
2.08752e-05 -5.5 -12.5 -18.5
8.46951e-05 -3.5 -10.5 -20
5.11217e-05 -5 -12 -19
4.79818e-05 -4 -11 -20
5.71278e-05 -4.5 -11.5 -19.5
0.000136198 -4 -11 -19.5
5.97182e-05 -5.5 -12.5 -18
0.000244892 -4.5 -11.5 -18.5
0.000328323 -4 -11 -18.5
0.000238133 -5 -12 -17.5
0.000220662 -3.5 -10.5 -18.5
0.000308335 -4.5 -11.5 -17.5
0.000275901 -4 -11 -17.5
0.000197621 -4.5 -11.5 -16.5
3.92367e-05 -3.5 -10.5 -17
7.68503e-05 -4 -11 -16.5
2.93897e-05 -4.5 -11.5 -15.5
4.61448e-05 -3.5 -9.5 -17
3.15692e-05 -3 -10 -18
0.000153082 -3.5 -9.5 -17.5
6.14598e-05 -3 -10 -18.5
0.000302243 -3.5 -9.5 -18
7.31442e-05 -3 -10 -19
0.000421685 -3.5 -9.5 -18.5
7.04594e-05 -3 -10 -19.5
0.000469089 -3.5 -9.5 -19
5.11379e-05 -3 -10 -20
0.00041792 -3.5 -9.5 -19.5
0.000286371 -3.5 -9.5 -20
3.9316e-05 -3.5 -9.5 -21
6.35502e-05 -4 -9 -20.5
0.000138009 -3.5 -9.5 -20.5
0.000134528 -4 -9 -20
0.000196597 -4 -9 -19.5
0.00022979 -4 -9 -19
0.000218753 -4 -9 -18.5
0.000158554 -4 -9 -18
6.72537e-05 -4 -9 -17.5
2.23369e-05 -7 -14.5 -12.5
2.66059e-05 -6.5 -14 -13
2.70156e-05 -6 -13.5 -13.5
2.31863e-05 -5.5 -13 -14
2.6085e-05 -7 -14.5 -13
4.53541e-05 -6.5 -14 -13.5
6.00604e-05 -6 -13.5 -14
6.93302e-05 -5.5 -13 -14.5
7.53346e-05 -5 -12.5 -15
2.65105e-05 -7 -14.5 -13.5
5.87168e-05 -6.5 -14 -14
9.50215e-05 -6 -13.5 -14.5
0.000144443 -5 -12.5 -15.5
0.000115216 -4.5 -12 -16
0.000124777 -5.5 -13 -15
2.32497e-05 -4 -11.5 -16
6.2384e-05 -6.5 -14 -14.5
0.000117642 -6 -13.5 -15
0.0001676 -5.5 -13 -15.5
0.00020439 -5 -12.5 -16
2.65871e-05 -3.5 -11 -17
0.000132545 -4 -11.5 -17
5.20007e-05 -6.5 -14 -15
0.000125918 -6 -13.5 -15.5
0.000238123 -5 -12.5 -16.5
0.000259604 -4.5 -12 -17
0.000188566 -5.5 -13 -16
4.05725e-05 -6.5 -14 -15.5
0.000110026 -6 -13.5 -16
0.000188177 -5.5 -13 -16.5
8.02645e-05 -3.5 -11 -18
0.000248537 -5 -12.5 -17
0.000215106 -4 -11.5 -18
2.59659e-05 -6.5 -14 -16
8.13312e-05 -6 -13.5 -16.5
0.000246928 -4.5 -12 -18
0.000215979 -5 -12.5 -17.5
9.53775e-05 -3.5 -11 -19
9.98651e-05 -5.5 -13 -17.5
5.06871e-05 -6 -13.5 -17
0.000131484 -4 -11.5 -19
5.52653e-05 -3.5 -11 -19.5
5.44714e-05 -5.5 -13 -18
7.84147e-05 -5 -12.5 -18.5
8.37679e-05 -4.5 -12 -19
2.42668e-05 -5.5 -13 -18.5
2.65633e-05 -4.5 -12 -19.5
2.67917e-05 -5 -12.5 -19
5.02234e-05 -4 -11.5 -19.5
2.51357e-05 -6 -13.5 -17.5
0.000170005 -4.5 -12 -18.5
0.000149661 -5 -12.5 -18
0.0001924 -4 -11.5 -18.5
0.000149606 -5.5 -13 -17
9.81634e-05 -3.5 -11 -18.5
0.00028212 -4.5 -12 -17.5
0.000192851 -4 -11.5 -17.5
5.63304e-05 -3.5 -11 -17.5
0.000196286 -4.5 -12 -16.5
6.74726e-05 -4 -11.5 -16.5
5.15202e-05 -4.5 -12 -15.5
2.27576e-05 -3 -9.5 -17.5
6.56004e-05 -3 -9.5 -18
9.53755e-05 -3.5 -9 -17.5
0.000143114 -3 -9.5 -18.5
0.000263912 -3.5 -9 -18
0.000180497 -3 -9.5 -19
0.00042063 -3.5 -9 -18.5
0.000185517 -3 -9.5 -19.5
0.00049058 -3.5 -9 -19
0.000163889 -3 -9.5 -20
9.24412e-05 -4 -8.5 -19.5
0.000455939 -3.5 -9 -19.5
9.10823e-05 -3 -9.5 -20.5
2.60332e-05 -3 -9.5 -21
7.47567e-05 -3.5 -9 -21
3.15809e-05 -4 -8.5 -20.5
0.000201674 -3.5 -9 -20.5
5.97076e-05 -4 -8.5 -20
0.000354568 -3.5 -9 -20
0.000105842 -4 -8.5 -19
9.74724e-05 -4 -8.5 -18.5
5.47641e-05 -4 -8.5 -18
2.0804e-05 -7.5 -15.5 -11
2.25378e-05 -7 -15 -11.5
2.54655e-05 -7.5 -15.5 -11.5
3.51944e-05 -7 -15 -12
3.37885e-05 -6.5 -14.5 -12.5
2.79549e-05 -6 -14 -13
2.08269e-05 -5.5 -13.5 -13.5
4.84151e-05 -7 -15 -12.5
2.77906e-05 -7.5 -15.5 -12
6.00887e-05 -6.5 -14.5 -13
6.70174e-05 -6 -14 -13.5
6.46684e-05 -5.5 -13.5 -14
4.17128e-05 -5 -13 -14.5
2.77697e-05 -7.5 -15.5 -12.5
5.33303e-05 -7 -15 -13
8.57573e-05 -6.5 -14.5 -13.5
0.00010762 -6 -14 -14
0.0001183 -5.5 -13.5 -14.5
2.04698e-05 -7.5 -15.5 -13
5.237e-05 -7 -15 -13.5
9.6777e-05 -6.5 -14.5 -14
0.000136878 -6 -14 -14.5
0.000161638 -5.5 -13.5 -15
0.00014984 -5 -13 -15.5
4.93443e-05 -4.5 -12.5 -15.5
4.15702e-05 -7 -15 -14
9.99265e-05 -6.5 -14.5 -14.5
0.000148584 -6 -14 -15
4.45117e-05 -4 -12 -16.5
0.00018463 -5.5 -13.5 -15.5
0.000157589 -4.5 -12.5 -16.5
8.5588e-05 -6.5 -14.5 -15
3.04218e-05 -7 -15 -14.5
0.000142692 -6 -14 -15.5
0.000190853 -5.5 -13.5 -16
0.000220229 -5 -13 -16.5
0.000185561 -4.5 -12.5 -17
7.59859e-05 -4 -12 -17
6.29262e-05 -6.5 -14.5 -15.5
0.000113807 -6 -14 -16
0.000168333 -5.5 -13.5 -16.5
3.77352e-05 -6.5 -14.5 -16
7.88544e-05 -6 -14 -16.5
0.000157658 -5 -13 -17.5
0.000124311 -5.5 -13.5 -17
2.51532e-05 -3.5 -11.5 -18.5
0.000104351 -4 -12 -18
0.000189855 -4.5 -12.5 -17.5
4.54633e-05 -6 -14 -17
3.31518e-05 -5.5 -13.5 -18
4.29593e-05 -5 -13 -18.5
4.67226e-05 -4 -12 -19
8.19723e-05 -4.5 -12.5 -18.5
2.91635e-05 -4.5 -12.5 -19
9.34542e-05 -5 -13 -18
7.34234e-05 -5.5 -13.5 -17.5
8.07999e-05 -4 -12 -18.5
0.000145388 -4.5 -12.5 -18
0.000213213 -5 -13 -17
9.86227e-05 -4 -12 -17.5
0.000198986 -5 -13 -16
0.000101385 -4.5 -12.5 -16
9.17792e-05 -5 -13 -15
3.05004e-05 -3 -9 -17.5
0.000106962 -3 -9 -18
0.000247505 -3 -9 -18.5
0.000157728 -3.5 -8.5 -18
0.000335484 -3 -9 -19
0.000358782 -3 -9 -19.5
0.000324998 -3 -9 -20
0.000436377 -3.5 -8.5 -19.5
0.000211257 -3 -9 -20.5
8.60677e-05 -3 -9 -21
0.000103433 -3.5 -8.5 -21
2.12689e-05 -3.5 -8.5 -21.5
0.000236878 -3.5 -8.5 -20.5
0.00037512 -3.5 -8.5 -20
2.58282e-05 -8 -16.5 -10
2.92928e-05 -7.5 -16 -10.5
2.70151e-05 -7 -15.5 -11
2.89443e-05 -8 -16.5 -10.5
4.15752e-05 -7.5 -16 -11
4.60157e-05 -7 -15.5 -11.5
4.01729e-05 -6.5 -15 -12
2.60816e-05 -6 -14.5 -12.5
2.31865e-05 -4 -8 -19
0.000409319 -3.5 -8.5 -19
2.8221e-05 -8 -16.5 -11
4.66841e-05 -7.5 -16 -11.5
6.91472e-05 -6.5 -15 -12.5
6.31557e-05 -6 -14.5 -13
6.04767e-05 -7 -15.5 -12
3.8626e-05 -5.5 -14 -13.5
2.14905e-05 -8 -16.5 -11.5
7.46125e-05 -7 -15.5 -12.5
4.94189e-05 -7.5 -16 -12
9.47733e-05 -6.5 -15 -13
0.00010119 -6 -14.5 -13.5
7.55758e-05 -5.5 -14 -14
4.47656e-05 -7.5 -16 -12.5
7.86959e-05 -7 -15.5 -13
0.000107405 -6.5 -15 -13.5
0.000121732 -5.5 -14 -14.5
3.38133e-05 -7.5 -16 -13
7.178e-05 -7 -15.5 -13.5
0.00011329 -6.5 -15 -14
3.74915e-05 -4.5 -13 -15.5
0.000157043 -5.5 -14 -15
0.000142219 -6 -14.5 -14.5
8.33745e-05 -5 -13.5 -15
5.94541e-05 -7 -15.5 -14
0.000147027 -6 -14.5 -15
0.000104993 -6.5 -15 -14.5
0.000171173 -5.5 -14 -15.5
6.68002e-05 -4.5 -13 -16
4.07561e-05 -7 -15.5 -14.5
8.517e-05 -6.5 -15 -15
3.37221e-05 -4 -12.5 -17
0.000125271 -6 -14.5 -15.5
0.00016416 -5.5 -14 -16
0.000162476 -5 -13.5 -16.5
9.10864e-05 -4.5 -13 -16.5
3.70318e-05 -4 -12.5 -17.5
2.47061e-05 -7 -15.5 -15
9.38411e-05 -6 -14.5 -16
0.000124157 -5.5 -14 -16.5
5.88729e-05 -6.5 -15 -15.5
2.48744e-05 -4 -12.5 -18
9.14762e-05 -4.5 -13 -17.5
0.000130542 -5 -13.5 -17
3.29129e-05 -6.5 -15 -16
5.66067e-05 -6 -14.5 -16.5
7.67965e-05 -5.5 -14 -17
2.4123e-05 -4.5 -13 -18.5
3.83271e-05 -5 -13.5 -18
3.56498e-05 -5.5 -14 -17.5
2.8038e-05 -6 -14.5 -17
5.94596e-05 -4.5 -13 -18
8.25685e-05 -5 -13.5 -17.5
0.000100263 -4.5 -13 -17
0.000151465 -5 -13.5 -16
0.000124498 -5 -13.5 -15.5
0.000128545 -6 -14.5 -14
4.16127e-05 -5 -13.5 -14.5
2.11582e-05 -4 -8 -18.5
0.000303815 -3.5 -8.5 -18.5
4.3129e-05 -3.5 -8.5 -17.5
3.28845e-05 -3 -8.5 -17.5
0.000124569 -3 -8.5 -18
2.7757e-05 -2.5 -9 -19
0.000306379 -3 -8.5 -18.5
7.41373e-05 -3.5 -8 -18
3.64925e-05 -2.5 -9 -19.5
0.000460127 -3 -8.5 -19
3.82601e-05 -2.5 -9 -20
0.00051218 -3 -8.5 -19.5
2.45555e-05 -2.5 -9 -20.5
0.00047961 -3 -8.5 -20
0.000307553 -3.5 -8 -19.5
0.000179292 -3 -8.5 -21
0.000216777 -3.5 -8 -20.5
4.00062e-05 -3 -8.5 -21.5
0.000106878 -3.5 -8 -21
2.48039e-05 -3.5 -8 -21.5
3.00493e-05 -8 -17 -9.5
3.25905e-05 -7.5 -16.5 -10
0.000357637 -3 -8.5 -20.5
0.000283861 -3.5 -8 -20
3.80344e-05 -8 -17 -10
4.89694e-05 -7.5 -16.5 -10.5
5.10104e-05 -7 -16 -11
3.57926e-05 -6.5 -15.5 -11.5
3.93633e-05 -8 -17 -10.5
5.46267e-05 -7.5 -16.5 -11
6.634e-05 -7 -16 -11.5
3.89072e-05 -6 -15 -12.5
6.16195e-05 -6.5 -15.5 -12
3.37652e-05 -8 -17 -11
5.8021e-05 -7.5 -16.5 -11.5
8.37059e-05 -6.5 -15.5 -12.5
7.48267e-05 -7 -16 -12
6.62155e-05 -6 -15 -13
3.83212e-05 -5.5 -14.5 -13.5
2.58304e-05 -8 -17 -11.5
5.42093e-05 -7.5 -16.5 -12
7.65379e-05 -7 -16 -12.5
9.73414e-05 -6.5 -15.5 -13
0.00010027 -6 -15 -13.5
6.8741e-05 -5.5 -14.5 -14
4.5818e-05 -7.5 -16.5 -12.5
7.83385e-05 -7 -16 -13
0.000105238 -6.5 -15.5 -13.5
0.000120989 -6 -15 -14
9.91766e-05 -5.5 -14.5 -14.5
3.38613e-05 -5 -14 -14.5
3.39823e-05 -7.5 -16.5 -13
6.88453e-05 -7 -16 -13.5
0.000105856 -6.5 -15.5 -14
2.38689e-05 -7.5 -16.5 -13.5
8.87302e-05 -6.5 -15.5 -14.5
5.33158e-05 -7 -16 -14
0.000119823 -6 -15 -15
3.2125e-05 -4.5 -13.5 -16
7.65019e-05 -5 -14 -15.5
0.000117519 -5.5 -14.5 -15
3.46215e-05 -7 -16 -14.5
3.68618e-05 -4.5 -13.5 -16.5
6.47675e-05 -6.5 -15.5 -15
9.92489e-05 -5.5 -14.5 -16
4.04888e-05 -6.5 -15.5 -15.5
5.68311e-05 -6 -15 -16
3.127e-05 -4.5 -13.5 -17
6.24992e-05 -5.5 -14.5 -16.5
7.69902e-05 -5 -14 -16.5
2.33082e-05 -6.5 -15.5 -16
2.96772e-05 -5.5 -14.5 -17
2.86451e-05 -6 -15 -16.5
5.0649e-05 -5 -14 -17
9.07347e-05 -6 -15 -15.5
8.33717e-05 -5 -14 -16
0.000126269 -5.5 -14.5 -15.5
0.000129603 -6 -15 -14.5
5.82305e-05 -5 -14 -15
0.000288023 -3.5 -8 -19
0.000193304 -3.5 -8 -18.5
4.64848e-05 -2.5 -8.5 -18.5
0.000111692 -3 -8 -18
8.62666e-05 -2.5 -8.5 -19
0.000298055 -3 -8 -18.5
2.01275e-05 -3.5 -7.5 -18
0.000119688 -2.5 -8.5 -19.5
0.000485265 -3 -8 -19
0.00013732 -2.5 -8.5 -20
0.00055626 -3 -8 -19.5
0.000126428 -2.5 -8.5 -20.5
0.000546077 -3 -8 -20
0.000164865 -3.5 -7.5 -19.5
7.82801e-05 -2.5 -8.5 -21
0.000274392 -3 -8 -21
0.000117987 -3.5 -7.5 -20.5
8.96447e-05 -3 -8 -21.5
5.89696e-05 -3.5 -7.5 -21
3.34213e-05 -8 -17.5 -9.5
4.34975e-05 -7.5 -17 -10
3.51959e-05 -7 -16.5 -10.5
0.00046018 -3 -8 -20.5
3.62857e-05 -8 -17.5 -10
5.02111e-05 -7.5 -17 -10.5
5.38171e-05 -7 -16.5 -11
3.79934e-05 -6.5 -16 -11.5
3.61645e-05 -8 -17.5 -10.5
5.32559e-05 -7.5 -17 -11
6.5676e-05 -7 -16.5 -11.5
3.64679e-05 -6 -15.5 -12.5
5.75184e-05 -6.5 -16 -12
2.9444e-05 -8 -17.5 -11
5.15713e-05 -7.5 -17 -11.5
7.06725e-05 -7 -16.5 -12
7.72308e-05 -6.5 -16 -12.5
5.77385e-05 -6 -15.5 -13
2.23019e-05 -8 -17.5 -11.5
4.59956e-05 -7.5 -17 -12
7.20108e-05 -7 -16.5 -12.5
8.54601e-05 -6.5 -16 -13
7.73352e-05 -6 -15.5 -13.5
3.68314e-05 -7.5 -17 -12.5
6.41013e-05 -7 -16.5 -13
8.62771e-05 -6.5 -16 -13.5
8.56703e-05 -6 -15.5 -14
2.64115e-05 -5 -14.5 -15
2.7124e-05 -7.5 -17 -13
4.98855e-05 -7 -16.5 -13.5
8.6863e-05 -6 -15.5 -14.5
7.29961e-05 -6.5 -16 -14
2.96879e-05 -5 -14.5 -15.5
6.61383e-05 -5.5 -15 -15
3.2186e-05 -7 -16.5 -14
5.41441e-05 -6.5 -16 -14.5
6.86587e-05 -6 -15.5 -15
4.55017e-05 -6 -15.5 -15.5
4.22052e-05 -5.5 -15 -16
3.46774e-05 -6.5 -16 -15
2.5529e-05 -5 -14.5 -16
2.68828e-05 -6 -15.5 -16
2.31198e-05 -5.5 -15 -16.5
6.29068e-05 -5.5 -15 -15.5
6.01919e-05 -5.5 -15 -14.5
4.76474e-05 -5.5 -15 -14
3.06333e-05 -5.5 -15 -13.5
0.00015658 -3.5 -7.5 -20
0.000137286 -3.5 -7.5 -19
7.30916e-05 -3.5 -7.5 -18.5
2.46156e-05 -2.5 -8 -18
8.67397e-05 -2.5 -8 -18.5
0.000183372 -2.5 -8 -19
0.000189678 -3 -7.5 -18.5
0.000286121 -2.5 -8 -19.5
0.000326589 -2.5 -8 -20
0.000305593 -2.5 -8 -20.5
0.000204355 -2.5 -8 -21
0.000490084 -3 -7.5 -20.5
9.04319e-05 -2.5 -8 -21.5
2.19681e-05 -3 -7.5 -22
2.13675e-05 -7.5 -17.5 -9.5
0.000130684 -3 -7.5 -21.5
2.46933e-05 -8 -18 -9.5
3.79535e-05 -7.5 -17.5 -10
3.35036e-05 -7 -17 -10.5
2.60892e-05 -8 -18 -10
4.11538e-05 -7.5 -17.5 -10.5
4.63936e-05 -7 -17 -11
2.31202e-05 -8 -18 -10.5
4.05703e-05 -7.5 -17.5 -11
5.27271e-05 -7 -17 -11.5
3.37866e-05 -6.5 -16.5 -11.5
4.4668e-05 -6.5 -16.5 -12
2.04715e-05 -8 -18 -11
3.48376e-05 -7.5 -17.5 -11.5
5.20877e-05 -7 -17 -12
5.36842e-05 -6.5 -16.5 -12.5
2.70971e-05 -7.5 -17.5 -12
4.61287e-05 -7 -17 -12.5
5.67234e-05 -6.5 -16.5 -13
3.62369e-05 -6 -16 -13
2.15825e-05 -8.5 -18.5 -11.5
3.45721e-05 -7 -17 -13
4.77315e-05 -6.5 -16.5 -13.5
4.15123e-05 -6 -16 -13.5
2.45211e-05 -7 -17 -13.5
3.33541e-05 -6.5 -16.5 -14
3.1613e-05 -6 -16 -14.5
2.02956e-05 -7.5 -17.5 -14
2.31334e-05 -5.5 -15.5 -15.5
2.1254e-05 -6 -16 -15.5
2.08735e-05 -6 -16 -15
3.95925e-05 -6 -16 -14
0.000318713 -3 -7.5 -21
3.38902e-05 -3.5 -7 -20.5
3.75547e-05 -3.5 -7 -20
0.00055127 -3 -7.5 -20
4.08884e-05 -3.5 -7 -19.5
0.000543243 -3 -7.5 -19.5
3.19722e-05 -3.5 -7 -19
0.000396124 -3 -7.5 -19
4.82939e-05 -3 -7.5 -18
3.06298e-05 -2.5 -7.5 -18
0.000122997 -2.5 -7.5 -18.5
0.000287015 -2.5 -7.5 -19
0.000480896 -2.5 -7.5 -19.5
0.000567667 -2.5 -7.5 -20
0.000545985 -2.5 -7.5 -20.5
0.000404208 -2.5 -7.5 -21
0.000433969 -3 -7 -20.5
0.000194109 -2.5 -7.5 -21.5
3.92981e-05 -2.5 -7.5 -22
2.94241e-05 -3 -7 -22
0.000139367 -3 -7 -21.5
2.02861e-05 -7.5 -18 -10
2.18064e-05 -7.5 -18 -10.5
2.03641e-05 -7 -17.5 -11
2.09915e-05 -7.5 -18 -11
2.06777e-05 -7 -17.5 -11.5
2.05902e-05 -8 -18.5 -11.5
2.00807e-05 -6.5 -17 -12.5
0.000315755 -3 -7 -21
0.00044912 -3 -7 -20
0.000400554 -3 -7 -19.5
0.000250196 -3 -7 -19
0.000100345 -3 -7 -18.5
2.01824e-05 -3 -7 -18
2.72881e-05 -2.5 -7 -18
2.26967e-05 -2 -7.5 -19
0.000128687 -2.5 -7 -18.5
4.73741e-05 -2 -7.5 -19.5
0.000333097 -2.5 -7 -19
7.09188e-05 -2 -7.5 -20
0.000575281 -2.5 -7 -19.5
8.12024e-05 -2 -7.5 -20.5
0.000721743 -2.5 -7 -20
7.88216e-05 -2 -7.5 -21
5.56591e-05 -2 -7.5 -21.5
0.00056173 -2.5 -7 -21
0.00024778 -3 -6.5 -20.5
2.0679e-05 -2 -7.5 -22
0.000300618 -2.5 -7 -21.5
7.86208e-05 -2.5 -7 -22
2.01054e-05 -7 -18 -10.5
2.14707e-05 -7 -18 -11
2.1392e-05 -3 -6.5 -22
9.48778e-05 -3 -6.5 -21.5
0.000188334 -3 -6.5 -21
0.000709422 -2.5 -7 -20.5
0.000263416 -3 -6.5 -20
0.00022644 -3 -6.5 -19.5
0.000123997 -3 -6.5 -19
3.55247e-05 -3 -6.5 -18.5
6.68189e-05 -2 -7 -19
7.35572e-05 -2.5 -6.5 -18.5
0.000146564 -2 -7 -19.5
0.000276389 -2.5 -6.5 -19
0.000228323 -2 -7 -20
0.000577896 -2.5 -6.5 -19.5
3.43322e-05 -3 -6 -19
0.000257083 -2 -7 -20.5
0.000253834 -2 -7 -21
7.9479e-05 -3 -6 -20.5
0.000179443 -2 -7 -21.5
7.32667e-05 -2 -7 -22
0.000364086 -2.5 -6.5 -21.5
0.000118467 -2.5 -6.5 -22
3.38313e-05 -3 -6 -21.5
6.18706e-05 -3 -6 -21
0.000616447 -2.5 -6.5 -21
0.000765401 -2.5 -6.5 -20.5
8.55025e-05 -3 -6 -20
0.000765738 -2.5 -6.5 -20
7.12283e-05 -3 -6 -19.5
3.12571e-05 -2 -6.5 -18.5
0.000137264 -2 -6.5 -19
0.000326676 -2 -6.5 -19.5
0.000175067 -2.5 -6 -19
0.000507399 -2 -6.5 -20
0.000560546 -2 -6.5 -20.5
0.000544263 -2 -6.5 -21
0.000388049 -2 -6.5 -21.5
0.000153752 -2 -6.5 -22
0.000377567 -2.5 -6 -21.5
2.09506e-05 -2 -6.5 -22.5
0.000131309 -2.5 -6 -22
0.000601942 -2.5 -6 -21
0.000652981 -2.5 -6 -20.5
0.000628996 -2.5 -6 -20
0.000427049 -2.5 -6 -19.5
3.80349e-05 -2.5 -6 -18.5
4.00938e-05 -2 -6 -18.5
0.000185487 -2 -6 -19
0.000785184 -2 -6 -20
0.000869981 -2 -6 -20.5
2.0483e-05 -1.5 -6.5 -21.5
0.00082277 -2 -6 -21
0.000595426 -2 -6 -21.5
0.000252386 -2 -6 -22
3.55164e-05 -2 -6 -22.5
0.000100896 -2.5 -5.5 -22
0.000238652 -2.5 -5.5 -21.5
0.000361983 -2.5 -5.5 -21
0.000407982 -2.5 -5.5 -20.5
0.000403445 -2.5 -5.5 -20
0.000268911 -2.5 -5.5 -19.5
0.000490761 -2 -6 -19.5
9.91532e-05 -2.5 -5.5 -19
3.56103e-05 -2 -5.5 -18.5
4.31251e-05 -1.5 -6 -19.5
0.00018776 -2 -5.5 -19
0.000101959 -1.5 -6 -20
0.000161126 -1.5 -6 -20.5
0.000178341 -1.5 -6 -21
0.00096082 -2 -5.5 -20.5
0.0001648 -2.5 -5 -20
0.000164334 -1.5 -6 -21.5
0.000909705 -2 -5.5 -21
0.000107128 -1.5 -6 -22
3.27615e-05 -1.5 -6 -22.5
5.69629e-05 -2 -5.5 -22.5
4.31271e-05 -2.5 -5 -22
0.000317903 -2 -5.5 -22
9.38407e-05 -2.5 -5 -21.5
0.000672206 -2 -5.5 -21.5
0.000147159 -2.5 -5 -21
0.000166077 -2.5 -5 -20.5
0.000869607 -2 -5.5 -20
9.68562e-05 -2.5 -5 -19.5
0.000531723 -2 -5.5 -19.5
2.81114e-05 -2.5 -5 -19
4.05517e-05 -1.5 -5.5 -19
0.000147028 -1.5 -5.5 -19.5
0.000114772 -2 -5 -19
0.000320524 -1.5 -5.5 -20
0.000476968 -1.5 -5.5 -20.5
0.00049889 -1.5 -5.5 -21
0.000821724 -2 -5 -20.5
2.05244e-05 -2.5 -4.5 -20
0.000439368 -1.5 -5.5 -21.5
0.000802583 -2 -5 -21
0.000252215 -1.5 -5.5 -22
6.91612e-05 -1.5 -5.5 -22.5
6.97054e-05 -2 -5 -22.5
0.000334132 -2 -5 -22
0.000653349 -2 -5 -21.5
2.05081e-05 -2.5 -4.5 -20.5
0.000761094 -2 -5 -20
0.000404853 -2 -5 -19.5
2.00455e-05 -2 -5 -18.5
7.67556e-05 -1.5 -5 -19
0.000285114 -1.5 -5 -19.5
0.000609673 -1.5 -5 -20
0.000863667 -1.5 -5 -20.5
0.000874849 -1.5 -5 -21
0.000525188 -2 -4.5 -20.5
0.000761421 -1.5 -5 -21.5
0.000433437 -1.5 -5 -22
0.000420342 -2 -4.5 -21.5
0.000119083 -1.5 -5 -22.5
0.000239353 -2 -4.5 -22
7.12592e-05 -2 -4.5 -22.5
0.000509944 -2 -4.5 -21
0.000427418 -2 -4.5 -20
0.00021293 -2 -4.5 -19.5
5.62319e-05 -2 -4.5 -19
0.000349811 -1.5 -4.5 -19.5
0.000753076 -1.5 -4.5 -20
7.45314e-05 -2 -4 -19.5
3.61525e-05 -1 -5 -21
4.30113e-05 -1 -5 -21.5
3.67134e-05 -1 -5 -22
0.000903326 -1.5 -4.5 -21.5
0.000188523 -1.5 -4.5 -22.5
4.48746e-05 -2 -4 -22.5
0.000113523 -2 -4 -22
0.000560018 -1.5 -4.5 -22
0.000185086 -2 -4 -21.5
0.000215219 -2 -4 -21
0.00102475 -1.5 -4.5 -21
0.000219411 -2 -4 -20.5
0.00102062 -1.5 -4.5 -20.5
0.000168778 -2 -4 -20
8.80162e-05 -1.5 -4.5 -19
3.79327e-05 -1 -4.5 -19.5
0.00012141 -1 -4.5 -20
0.000209189 -1 -4.5 -20.5
0.00068344 -1.5 -4 -20
0.000235268 -1 -4.5 -21
0.000226631 -1 -4.5 -21.5
0.000176266 -1 -4.5 -22
8.28403e-05 -1 -4.5 -22.5
0.000235042 -1.5 -4 -22.5
2.05966e-05 -2 -3.5 -22
4.03739e-05 -1.5 -4 -23
0.00059025 -1.5 -4 -22
3.30012e-05 -2 -3.5 -21.5
0.000902726 -1.5 -4 -21.5
3.61457e-05 -2 -3.5 -21
0.000991708 -1.5 -4 -21
3.56639e-05 -2 -3.5 -20.5
0.000977234 -1.5 -4 -20.5
2.3581e-05 -2 -3.5 -20
0.000279851 -1.5 -4 -19.5
5.93894e-05 -1.5 -4 -19
2.11474e-05 -1 -4 -19
0.000112233 -1 -4 -19.5
0.000322306 -1 -4 -20
0.00053591 -1 -4 -20.5
0.000589634 -1 -4 -21
0.00043693 -1 -4 -22
0.000212336 -1 -4 -22.5
0.000478357 -1.5 -3.5 -22
5.16417e-05 -1 -4 -23
5.44671e-05 -1.5 -3.5 -23
0.000248489 -1.5 -3.5 -22.5
0.000608866 -1.5 -3.5 -21.5
0.00056928 -1 -4 -21.5
0.000630266 -1.5 -3.5 -21
0.000573191 -1.5 -3.5 -20.5
0.000334323 -1.5 -3.5 -20
0.000112927 -1.5 -3.5 -19.5
2.18278e-05 -1.5 -3.5 -19
3.23822e-05 -1 -3.5 -19
0.000161302 -1 -3.5 -19.5
0.000467944 -1 -3.5 -20
0.000966477 -1 -3.5 -21
0.000772611 -1 -3.5 -22
0.000359847 -1.5 -3 -21.5
0.000429895 -1 -3.5 -22.5
0.000294106 -1.5 -3 -22
5.01639e-05 -1.5 -3 -23
0.000120103 -1 -3.5 -23
0.000157906 -1.5 -3 -22.5
0.000946072 -1 -3.5 -21.5
0.000368282 -1.5 -3 -21
0.000303006 -1.5 -3 -20.5
0.000824874 -1 -3.5 -20.5
0.000157497 -1.5 -3 -20
4.76626e-05 -1.5 -3 -19.5
0.000496813 -1 -3 -20
0.000977226 -1 -3 -20.5
0.00126792 -1 -3 -21
0.000116022 -1.5 -2.5 -21.5
0.000686424 -1 -3 -22.5
0.000222092 -1 -3 -23
4.24622e-05 -1.5 -2.5 -22.5
8.89337e-05 -1.5 -2.5 -22
0.00111371 -1 -3 -22
0.00126982 -1 -3 -21.5
0.000120181 -1.5 -2.5 -21
9.07947e-05 -1.5 -2.5 -20.5
4.14235e-05 -1.5 -2.5 -20
0.000156879 -1 -3 -19.5
3.02622e-05 -1 -3 -19
6.91949e-05 -0.5 -3 -21
0.000128211 -0.5 -3 -21.5
0.00148409 -1 -2.5 -21
0.000180608 -0.5 -3 -22
0.00017522 -0.5 -3 -22.5
0.000123966 -0.5 -3 -23
3.84039e-05 -0.5 -3 -23.5
0.000251184 -1 -2.5 -23
0.000787676 -1 -2.5 -22.5
0.00128367 -1 -2.5 -22
0.00147523 -1 -2.5 -21.5
0.00112977 -1 -2.5 -20.5
0.000524967 -1 -2.5 -20
0.000131676 -1 -2.5 -19.5
2.56573e-05 -1 -2.5 -19
8.86147e-05 -0.5 -2.5 -19.5
0.000363943 -0.5 -2.5 -20
0.000867606 -0.5 -2.5 -20.5
0.00140739 -0.5 -2.5 -21
0.00158569 -0.5 -2.5 -21.5
0.0014926 -0.5 -2.5 -22
0.00104235 -0.5 -2.5 -22.5
2.6829e-05 -0.5 -2.5 -23.5
0.000138433 -1 -2 -23
0.000397433 -0.5 -2.5 -23
0.00047785 -1 -2 -22.5
0.000813433 -1 -2 -22
0.000950562 -1 -2 -21.5
0.000961601 -1 -2 -21
0.000739438 -1 -2 -20.5
0.000357483 -1 -2 -20
9.92583e-05 -1 -2 -19.5
5.69275e-05 -0.5 -2 -19
0.000301555 -0.5 -2 -19.5
0.00115458 -0.5 -2 -20
0.00249097 -0.5 -2 -20.5
2.70811e-05 -1 -1.5 -23
0.000543345 -0.5 -2 -23
0.000107751 -1 -1.5 -22.5
0.00180073 -0.5 -2 -22.5
0.000186166 -1 -1.5 -22
0.00298808 -0.5 -2 -22
0.000222194 -1 -1.5 -21.5
0.00339937 -0.5 -2 -21.5
0.000227018 -1 -1.5 -21
0.00338775 -0.5 -2 -21
0.000179657 -1 -1.5 -20.5
8.73079e-05 -1 -1.5 -20
2.35514e-05 -1 -1.5 -19.5
0.00379287 -0.5 -1.5 -21.5
0.00324949 -0.5 -1.5 -22
0.00188811 -0.5 -1.5 -22.5
0.000490371 -0.5 -1.5 -23
0.00382939 -0.5 -1.5 -21
0.00293433 -0.5 -1.5 -20.5
0.00138526 -0.5 -1.5 -20
0.000360218 -0.5 -1.5 -19.5
6.82062e-05 -0.5 -1.5 -19
0.000175118 -0.5 -1 -19.5
0.000704702 -0.5 -1 -20
0.00147601 -0.5 -1 -20.5
0.00178578 -0.5 -1 -21
0.000163768 -0.5 -1 -23
0.000739869 -0.5 -1 -22.5
0.00139861 -0.5 -1 -22
0.00173229 -0.5 -1 -21.5
3.26255e-05 -0.5 -1 -19
6.12859e-05 -0.5 -0.5 -22.5
0.000111829 -0.5 -0.5 -22
0.000137172 -0.5 -0.5 -21.5
0.000141276 -0.5 -0.5 -21
0.000113257 -0.5 -0.5 -20.5
5.04692e-05 -0.5 -0.5 -20
0.000285732 0 0 -19.5
0.0011665 0 0 -20
0.00271783 0 0 -20.5
0.00402622 0 0 -21
0.0041746 0 0 -21.5
0.00390292 0 0 -22
0.0027494 0 0 -22.5
0.00117085 0 0 -23
0.000135223 0 0 -23.5
5.54914e-05 0 0 -19
6.14136e-05 0 0.5 -19
6.92447e-05 0 0.5 -23.5
0.000971704 0 0.5 -23
0.00258912 0 0.5 -22.5
0.00388374 0 0.5 -22
0.00423396 0 0.5 -21.5
0.00415432 0 0.5 -21
0.00292143 0 0.5 -20.5
0.00129678 0 0.5 -20
0.000323444 0 0.5 -19.5
4.33514e-05 0.5 0.5 -19.5
0.000172006 0.5 0.5 -20
0.000107082 0 1 -19.5
0.000509396 0.5 0.5 -22
0.00132326 0 1 -21.5
0.000209125 0 1 -23
0.00013118 0.5 0.5 -23
0.000711769 0 1 -22.5
0.000339349 0.5 0.5 -22.5
0.00117843 0 1 -22
0.000560059 0.5 0.5 -21.5
0.00131519 0 1 -21
0.000552668 0.5 0.5 -21
0.000958479 0 1 -20.5
0.000389049 0.5 0.5 -20.5
0.000433054 0 1 -20
0.000119724 0.5 1 -19.5
0.00140572 0.5 1 -21.5
0.000838725 0.5 1 -22.5
2.30433e-05 0.5 1 -23.5
0.000316225 0.5 1 -23
0.00125868 0.5 1 -22
0.00140407 0.5 1 -21
0.00103877 0.5 1 -20.5
0.00047319 0.5 1 -20
2.35699e-05 0.5 1 -19
2.66451e-05 1 1 -20
5.79106e-05 1 1 -20.5
0.000759884 0.5 1.5 -20
7.62212e-05 1 1 -21
0.0015346 0.5 1.5 -20.5
7.5493e-05 1 1 -21.5
0.00193603 0.5 1.5 -21
6.61872e-05 1 1 -22
4.22496e-05 1 1 -22.5
0.00164471 0.5 1.5 -22
0.000291011 0.5 1.5 -23
0.000971037 0.5 1.5 -22.5
0.00191352 0.5 1.5 -21.5
0.000209026 0.5 1.5 -19.5
3.9261e-05 0.5 1.5 -19
4.62988e-05 1 1.5 -19.5
0.000168297 1 1.5 -20
0.000336856 1 1.5 -20.5
0.000413509 1 1.5 -21
0.000340769 1 1.5 -22
0.0017753 0.5 2 -21.5
0.000202245 1 1.5 -22.5
6.31896e-05 1 1.5 -23
0.000862026 0.5 2 -22.5
0.000220133 0.5 2 -23
0.00150773 0.5 2 -22
0.000404188 1 1.5 -21.5
0.00180168 0.5 2 -21
0.00145703 0.5 2 -20.5
0.00073999 0.5 2 -20
0.000211526 0.5 2 -19.5
4.02388e-05 0.5 2 -19
0.000130316 1 2 -19.5
2.46713e-05 0.5 2.5 -19
0.000847244 1 2 -20.5
0.00100821 1 2 -21
0.000841517 0.5 2.5 -20.5
0.000984508 1 2 -21.5
0.000821639 1 2 -22
0.000469701 1 2 -22.5
0.000887313 0.5 2.5 -22
0.000119927 0.5 2.5 -23
0.000130396 1 2 -23
0.000498074 0.5 2.5 -22.5
0.00104321 0.5 2.5 -21.5
0.00105311 0.5 2.5 -21
0.00043264 0.5 2.5 -20
0.000437939 1 2 -20
0.000129149 0.5 2.5 -19.5
2.5923e-05 1 2 -19
5.00419e-05 1 2.5 -19
3.08575e-05 1.5 2 -20.5
0.000944991 1 2.5 -20
3.66771e-05 1.5 2 -21
0.0017194 1 2.5 -20.5
3.57254e-05 1.5 2 -21.5
0.0019022 1 2.5 -21
2.95758e-05 1.5 2 -22
0.00142192 1 2.5 -22
0.000130534 1 2.5 -23
4.26278e-05 0.5 3 -23
0.000145524 0.5 3 -22.5
0.000708615 1 2.5 -22.5
0.000249119 0.5 3 -22
0.00028563 0.5 3 -21.5
0.00183074 1 2.5 -21.5
0.000283425 0.5 3 -21
0.000213736 0.5 3 -20.5
0.000107477 0.5 3 -20
3.09513e-05 0.5 3 -19.5
0.000271303 1 2.5 -19.5
4.61375e-05 1.5 2.5 -19.5
0.000163062 1.5 2.5 -20
0.000397876 1 3 -19.5
0.000296165 1.5 2.5 -20.5
0.000321777 1.5 2.5 -21
0.000307172 1.5 2.5 -21.5
0.000234814 1.5 2.5 -22
0.00180827 1 3 -21.5
0.000117911 1.5 2.5 -22.5
2.30739e-05 1.5 2.5 -23
0.000665759 1 3 -22.5
0.000107293 1 3 -23
0.00138292 1 3 -22
0.0018838 1 3 -21
0.00172442 1 3 -20.5
0.00105955 1 3 -20
8.18027e-05 1 3 -19
3.79553e-05 1.5 3 -19
0.000192785 1.5 3 -19.5
7.9795e-05 1 3.5 -19
0.000846634 1.5 3 -20.5
0.000943622 1 3.5 -20
0.000821378 1.5 3 -21.5
0.0015629 1 3.5 -21
0.000589558 1.5 3 -22
0.000273635 1.5 3 -22.5
0.00107612 1 3.5 -22
4.22155e-05 1.5 3 -23
5.70415e-05 1 3.5 -23
0.000469025 1 3.5 -22.5
0.00148246 1 3.5 -21.5
0.000880204 1.5 3 -21
0.00147478 1 3.5 -20.5
0.000534115 1.5 3 -20
0.000370078 1 3.5 -19.5
7.96455e-05 1.5 3.5 -19
2.60593e-05 2 3 -20.5
0.00090414 1.5 3.5 -20
2.64295e-05 2 3 -21
2.34716e-05 2 3 -21.5
0.00137999 1.5 3.5 -21
0.000925166 1.5 3.5 -22
0.000795859 1 4 -21.5
0.00037801 1.5 3.5 -22.5
3.64864e-05 1.5 3.5 -23
0.00023433 1 4 -22.5
2.6692e-05 1 4 -23
0.000572527 1 4 -22
0.00128916 1.5 3.5 -21.5
0.000833866 1 4 -21
0.000770785 1 4 -20.5
0.00134582 1.5 3.5 -20.5
0.000488477 1 4 -20
0.000192276 1 4 -19.5
0.000362949 1.5 3.5 -19.5
4.35561e-05 1 4 -19
2.64009e-05 1.5 4 -18.5
6.15386e-05 2 3.5 -19.5
0.000148923 2 3.5 -20
0.000670627 1.5 4 -19.5
0.000200393 2 3.5 -20.5
0.00137608 1.5 4 -20
0.00019765 2 3.5 -21
0.00177979 1.5 4 -20.5
0.000178267 2 3.5 -21.5
0.00177761 1.5 4 -21
0.000119729 2 3.5 -22
0.00157464 1.5 4 -21.5
5.06542e-05 2 3.5 -22.5
0.000347194 1.5 4 -22.5
0.000187905 1 4.5 -22
2.58926e-05 1.5 4 -23
8.13992e-05 1 4.5 -22.5
0.000977952 1.5 4 -22
0.000257645 1 4.5 -21.5
0.000267508 1 4.5 -21
0.00023269 1 4.5 -20.5
0.000142162 1 4.5 -20
5.66911e-05 1 4.5 -19.5
0.000160413 1.5 4 -19
6.73359e-05 2 4 -19
0.000272443 2 4 -19.5
0.000240596 1.5 4.5 -19
0.000550163 2 4 -20
0.000656197 2 4 -20.5
0.00133529 1.5 4.5 -20
0.000639372 2 4 -21
0.000538355 2 4 -21.5
0.00166021 1.5 4.5 -21
0.000328397 2 4 -22
0.000117044 2 4 -22.5
0.000858449 1.5 4.5 -22
0.000249992 1.5 4.5 -22.5
0.00144136 1.5 4.5 -21.5
0.00166871 1.5 4.5 -20.5
0.000717013 1.5 4.5 -19.5
4.57835e-05 1.5 4.5 -18.5
3.52192e-05 2 4.5 -18.5
0.00018751 2 4.5 -19
0.00103248 2 4.5 -20
0.00113824 2 4.5 -21
0.000545836 2 4.5 -22
0.000988017 1.5 5 -21.5
0.00013103 2 4.5 -22.5
0.000130771 1.5 5 -22.5
0.000553425 1.5 5 -22
0.000966433 2 4.5 -21.5
0.00114085 1.5 5 -21
0.00115158 1.5 5 -20.5
0.00116625 2 4.5 -20.5
0.000975984 1.5 5 -20
0.000571469 1.5 5 -19.5
0.000576836 2 4.5 -19.5
0.000208141 1.5 5 -19
4.29251e-05 1.5 5 -18.5
2.3833e-05 2.5 4.5 -19
6.98116e-05 2.5 4.5 -19.5
0.000357297 2 5 -19
2.58776e-05 1.5 5.5 -18.5
0.000106413 2.5 4.5 -20
0.000975718 2 5 -19.5
0.000113238 1.5 5.5 -19
0.000108523 2.5 4.5 -20.5
0.000100946 2.5 4.5 -21
0.00170733 2 5 -20.5
7.98931e-05 2.5 4.5 -21.5
4.64001e-05 2.5 4.5 -22
0.00113355 2 5 -21.5
0.000104231 2 5 -22.5
0.000255831 1.5 5.5 -22
5.52236e-05 1.5 5.5 -22.5
0.000532336 2 5 -22
0.000480912 1.5 5.5 -21.5
0.000553246 1.5 5.5 -21
0.00160638 2 5 -21
0.000549857 1.5 5.5 -20.5
0.000462752 1.5 5.5 -20
0.00160885 2 5 -20
0.00028176 1.5 5.5 -19.5
7.05271e-05 2 5 -18.5
2.4058e-05 2.5 5 -18.5
0.000121682 2.5 5 -19
0.000158375 2 5.5 -18.5
0.000330716 2.5 5 -19.5
0.000612652 2 5.5 -19
0.000488728 2.5 5 -20
0.000492179 2.5 5 -20.5
0.00170609 2 5.5 -20
0.000446659 2.5 5 -21
0.00031118 2.5 5 -21.5
0.00158529 2 5.5 -21
0.000139967 2.5 5 -22
2.12918e-05 2.5 5 -22.5
0.000442245 2 5.5 -22
5.76655e-05 2 5.5 -22.5
8.15208e-05 1.5 6 -22
0.000155836 1.5 6 -21.5
0.00106866 2 5.5 -21.5
0.00018489 1.5 6 -21
0.000182366 1.5 6 -20.5
0.0017223 2 5.5 -20.5
0.000151025 1.5 6 -20
9.6674e-05 1.5 6 -19.5
0.00129195 2 5.5 -19.5
4.31552e-05 1.5 6 -19
2.47048e-05 2 5.5 -18
9.51244e-05 2.5 5.5 -18.5
3.69673e-05 2 6 -18
0.000387062 2.5 5.5 -19
0.000821962 2.5 5.5 -19.5
0.00102347 2.5 5.5 -20
0.00120967 2 6 -19.5
0.000864527 2.5 5.5 -21
0.00154381 2 6 -20.5
0.000569463 2.5 5.5 -21.5
0.000203805 2.5 5.5 -22
0.000830365 2 6 -21.5
2.15231e-05 2 6 -22.5
0.000279117 2 6 -22
0.00135139 2 6 -21
0.00100026 2.5 5.5 -20.5
0.00153983 2 6 -20
0.000593054 2 6 -19
0.000173825 2 6 -18.5
3.93063e-05 2.5 6 -18
3.58822e-05 3 5.5 -19
6.80889e-05 3 5.5 -19.5
0.000723648 2.5 6 -19
0.000136504 2 6.5 -18.5
7.13472e-05 3 5.5 -20
0.00123296 2.5 6 -19.5
0.000414654 2 6.5 -19
6.52268e-05 3 5.5 -20.5
4.93937e-05 3 5.5 -21
0.00140636 2.5 6 -20.5
3.38026e-05 3 5.5 -21.5
0.000656868 2.5 6 -21.5
0.000813652 2 6.5 -21
0.000123545 2 6.5 -22
0.000184628 2.5 6 -22
0.000457625 2 6.5 -21.5
0.00119404 2.5 6 -21
0.000979654 2 6.5 -20.5
0.000983364 2 6.5 -20
0.0014251 2.5 6 -20
0.000794779 2 6.5 -19.5
0.000228368 2.5 6 -18.5
2.89981e-05 2 6.5 -18
6.73361e-05 3 6 -18.5
0.000214252 3 6 -19
0.000461718 2.5 6.5 -18.5
0.000353965 3 6 -19.5
0.00115838 2.5 6.5 -19
0.000357845 3 6 -20
0.000337505 3 6 -20.5
0.00173113 2.5 6.5 -20
0.000244799 3 6 -21
0.000116613 3 6 -21.5
0.00118994 2.5 6.5 -21
2.8859e-05 3 6 -22
0.000116787 2.5 6.5 -22
3.66144e-05 2 7 -22
0.000182917 2 7 -21.5
0.000586744 2.5 6.5 -21.5
0.000353342 2 7 -21
0.000429741 2 7 -20.5
0.00162227 2.5 6.5 -20.5
0.000419752 2 7 -20
0.000341367 2 7 -19.5
0.00164482 2.5 6.5 -19.5
0.000195856 2 7 -19
7.6872e-05 2 7 -18.5
9.18263e-05 2.5 6.5 -18
0.000277791 3 6.5 -18.5
0.00021351 2.5 7 -18
0.000636716 3 6.5 -19
0.000842307 3 6.5 -19.5
0.00082878 3 6.5 -20
0.00160113 2.5 7 -19.5
0.000738212 3 6.5 -20.5
0.000513126 3 6.5 -21
0.00150725 2.5 7 -20.5
0.000226573 3 6.5 -21.5
3.01413e-05 3 6.5 -22
0.000407742 2.5 7 -21.5
5.28003e-05 2.5 7 -22
3.51496e-05 2 7.5 -21.5
0.000103849 2 7.5 -21
0.00101584 2.5 7 -21
0.000133436 2 7.5 -20.5
0.000129342 2 7.5 -20
0.00165628 2.5 7 -20
0.000104494 2 7.5 -19.5
6.70192e-05 2 7.5 -19
0.00120551 2.5 7 -19
3.15037e-05 2 7.5 -18.5
0.000660597 2.5 7 -18.5
5.62815e-05 3 6.5 -18
4.15981e-05 2.5 7 -17.5
2.36227e-05 3.5 6.5 -18.5
0.000184021 3 7 -18
4.51765e-05 2.5 7.5 -17.5
4.31112e-05 3.5 6.5 -19
4.53861e-05 3.5 6.5 -19.5
0.00107643 3 7 -19
0.000580775 2.5 7.5 -18.5
3.60833e-05 3.5 6.5 -20
0.00130809 3 7 -19.5
0.000991572 2.5 7.5 -19
2.35011e-05 3.5 6.5 -20.5
0.00115383 3 7 -20.5
0.00126622 2.5 7.5 -20
0.000226603 3 7 -21.5
0.000667664 2.5 7.5 -21
2.07975e-05 3 7 -22
0.000201107 2.5 7.5 -21.5
0.000682631 3 7 -21
0.00113152 2.5 7.5 -20.5
0.00130656 3 7 -20
0.00122547 2.5 7.5 -19.5
0.000590743 3 7 -18.5
0.00021171 2.5 7.5 -18
3.16767e-05 3 7 -17.5
5.02617e-05 3.5 7 -18
8.7484e-05 3 7.5 -17.5
0.000256665 3.5 7 -19
0.0010014 3 7.5 -18.5
0.000246919 3.5 7 -19.5
0.00158446 3 7.5 -19
0.000225464 3.5 7 -20
0.000160929 3.5 7 -20.5
0.00159011 3 7.5 -20
8.26553e-05 3.5 7 -21
2.23451e-05 3.5 7 -21.5
0.000620617 3 7.5 -21
5.75106e-05 2.5 8 -21.5
0.000167706 3 7.5 -21.5
0.000300921 2.5 8 -21
0.000596922 2.5 8 -20.5
0.00114974 3 7.5 -20.5
0.000704419 2.5 8 -20
0.000675065 2.5 8 -19.5
0.00171248 3 7.5 -19.5
0.000571086 2.5 8 -19
0.000351198 2.5 8 -18.5
0.00015073 2.5 8 -18
0.000153411 3.5 7 -18.5
0.00040837 3 7.5 -18
3.60328e-05 2.5 8 -17.5
4.94254e-05 3.5 7.5 -17.5
4.45923e-05 3 8 -17
0.000515087 3.5 7.5 -18.5
0.000731764 3 8 -18
0.000161215 2.5 8.5 -18.5
0.000702538 3.5 7.5 -19
0.000686133 3.5 7.5 -19.5
0.000603935 3.5 7.5 -20
0.00169072 3 8 -19.5
0.000415116 3.5 7.5 -20.5
0.000195845 3.5 7.5 -21
0.00103359 3 8 -20.5
0.0002732 2.5 8.5 -20
3.55131e-05 3.5 7.5 -21.5
7.87549e-05 3 8 -21.5
7.60711e-05 2.5 8.5 -21
0.000456481 3 8 -21
0.000213452 2.5 8.5 -20.5
0.00151943 3 8 -20
0.00026708 2.5 8.5 -19.5
0.000234732 2.5 8.5 -19
0.00163674 3 8 -19
0.0013143 3 8 -18.5
7.71204e-05 2.5 8.5 -18
2.30771e-05 2.5 8.5 -17.5
0.000221585 3.5 7.5 -18
0.000252515 3 8 -17.5
3.59334e-05 3.5 8 -17
2.74898e-05 4 7.5 -18.5
0.000581053 3.5 8 -18
0.00029782 3 8.5 -17.5
0.00117667 3 8.5 -18.5
2.94946e-05 2.5 9 -18
0.0011753 3.5 8 -19.5
0.00146321 3 8.5 -19
7.61138e-05 2.5 9 -19.5
0.00100268 3.5 8 -20
6.52961e-05 2.5 9 -20
0.000601165 3.5 8 -20.5
2.88588e-05 3.5 8 -21.5
0.000243131 3 8.5 -21
2.3803e-05 2.5 9 -20.5
2.09844e-05 3 8.5 -21.5
0.000212386 3.5 8 -21
0.000726906 3 8.5 -20.5
0.00123592 3 8.5 -20
0.00148243 3 8.5 -19.5
7.00598e-05 2.5 9 -19
5.44999e-05 2.5 9 -18.5
0.0011908 3.5 8 -19
0.00100746 3.5 8 -18.5
0.00070956 3 8.5 -18
0.000204736 3.5 8 -17.5
8.62313e-05 3 8.5 -17
5.25604e-05 4 8 -17.5
0.000121324 4 8 -18
0.000480494 3.5 8.5 -17.5
0.000166745 4 8 -18.5
0.000160002 4 8 -19
0.00146998 3.5 8.5 -18.5
0.000144857 4 8 -19.5
0.00156627 3.5 8.5 -19
0.000107222 4 8 -20
5.46179e-05 4 8 -20.5
0.000714276 3 9 -20
0.00017018 3.5 8.5 -21
7.19019e-05 3 9 -21
0.000350585 3 9 -20.5
0.000572485 3.5 8.5 -20.5
0.00106396 3.5 8.5 -20
0.000952841 3 9 -19.5
0.00144865 3.5 8.5 -19.5
0.00097727 3 9 -19
0.000809728 3 9 -18.5
0.000536857 3 9 -18
0.00102458 3.5 8.5 -18
0.000244164 3 9 -17.5
7.7486e-05 3 9 -17
0.000128203 3.5 8.5 -17
2.04166e-05 3.5 8.5 -16.5
8.07249e-05 3.5 9 -16.5
0.000241731 4 8.5 -17.5
0.000367153 3.5 9 -17
0.00057741 4 8.5 -18.5
0.00141319 3.5 9 -18
0.000153423 3 9.5 -17.5
0.000388027 3 9.5 -18.5
0.000563456 4 8.5 -19
0.000467764 4 8.5 -19.5
0.000291403 4 8.5 -20
0.000128885 4 8.5 -20.5
0.000969316 3.5 9 -20
2.3406e-05 4 8.5 -21
0.000417868 3.5 9 -20.5
8.58525e-05 3.5 9 -21
8.83467e-05 3 9.5 -20.5
0.000283171 3 9.5 -20
0.000436978 3 9.5 -19.5
0.00142579 3.5 9 -19.5
0.000470068 3 9.5 -19
0.00164083 3.5 9 -19
0.00168434 3.5 9 -18.5
0.000279104 3 9.5 -18
0.000461894 4 8.5 -18
0.000895058 3.5 9 -17.5
5.65952e-05 3 9.5 -17
7.06004e-05 4 8.5 -17
6.6411e-05 4 9 -16.5
3.94224e-05 3.5 9.5 -16
0.000291079 4 9 -17
3.38368e-05 3 10 -17
7.47443e-05 3 10 -17.5
0.000971196 4 9 -18
0.000110795 3 10 -18
0.0015833 3.5 9.5 -18.5
0.000142497 3 10 -18.5
0.000167079 3 10 -19
0.000133844 3 10 -19.5
0.000467829 4 9 -20
5.10267e-05 3 10 -20
0.000164512 4 9 -20.5
2.34707e-05 4 9 -21
0.000214958 3.5 9.5 -20.5
0.000680016 3.5 9.5 -20
0.00119734 3.5 9.5 -19.5
0.000810455 4 9 -19.5
0.00150997 3.5 9.5 -19
0.000992014 4 9 -19
0.00106708 4 9 -18.5
0.0013913 3.5 9.5 -18
0.000939535 3.5 9.5 -17.5
0.000664864 4 9 -17.5
0.000480354 3.5 9.5 -17
0.000169521 3.5 9.5 -16.5
4.26344e-05 3.5 10 -16
2.49771e-05 4.5 9 -16.5
0.000163196 3.5 10 -16.5
6.6811e-05 4.5 9 -17
0.000111131 4.5 9 -17.5
0.000123448 4.5 9 -18
0.00109878 4 9.5 -17.5
0.000114128 4.5 9 -18.5
9.45432e-05 4.5 9 -19
0.00146056 4 9.5 -18.5
0.00107268 3.5 10 -18
2.33633e-05 3 10.5 -18.5
5.80391e-05 4.5 9 -19.5
0.00128843 4 9.5 -19
2.11737e-05 3 10.5 -19
0.000761248 3.5 10 -19.5
0.000327278 3.5 10 -20
6.22919e-05 3.5 10 -20.5
0.000131593 4 9.5 -20.5
0.00045104 4 9.5 -20
0.000892705 4 9.5 -19.5
0.0010773 3.5 10 -19
0.00116199 3.5 10 -18.5
0.00135238 4 9.5 -18
0.000801615 3.5 10 -17.5
0.000430397 3.5 10 -17
0.000652496 4 9.5 -17
0.000243137 4 9.5 -16.5
4.5967e-05 4 9.5 -16
3.17864e-05 4 10 -15.5
0.00018873 4 10 -16
4.01069e-05 3.5 10.5 -16
0.000559613 4 10 -16.5
0.000125859 3.5 10.5 -16.5
0.000280028 3.5 10.5 -17
0.000442335 4.5 9.5 -17.5
0.000481041 3.5 10.5 -17.5
0.000595691 3.5 10.5 -18
0.000444142 4.5 9.5 -18.5
0.00063052 3.5 10.5 -18.5
0.000325741 4.5 9.5 -19
0.000177088 4.5 9.5 -19.5
6.65685e-05 4.5 9.5 -20
0.000766843 4 10 -19.5
0.000315167 4 10 -20
6.68744e-05 4 10 -20.5
7.94053e-05 3.5 10.5 -20
0.000306866 3.5 10.5 -19.5
0.0005381 3.5 10.5 -19
0.00124626 4 10 -19
0.0015596 4 10 -18.5
0.00165118 4 10 -18
0.000481095 4.5 9.5 -18
0.00150617 4 10 -17.5
0.00109527 4 10 -17
0.000301367 4.5 9.5 -17
0.00012818 4.5 9.5 -16.5
3.28044e-05 4.5 9.5 -16
3.1634e-05 4.5 10 -15.5
0.000163585 4.5 10 -16
3.07e-05 3.5 11 -16
0.000790114 4 10.5 -16.5
0.00044779 4.5 10 -16.5
7.56106e-05 3.5 11 -16.5
0.00124859 4 10.5 -17
0.000141532 3.5 11 -17
0.00150425 4 10.5 -17.5
0.000212343 3.5 11 -17.5
0.00159302 4 10.5 -18
0.00142473 4 10.5 -18.5
0.000246636 3.5 11 -18
0.000312791 4.5 10 -19.5
0.00101869 4 10.5 -19
4.69245e-05 3.5 11 -19.5
0.00010375 4.5 10 -20
0.000151516 4 10.5 -20
0.000521026 4 10.5 -19.5
0.000165846 3.5 11 -19
0.000238636 3.5 11 -18.5
0.00061122 4.5 10 -19
0.000824707 4.5 10 -18.5
0.000944891 4.5 10 -18
0.000924094 4.5 10 -17.5
0.000766887 4.5 10 -17
0.000356163 4 10.5 -16
0.000112263 4 10.5 -15.5
3.33542e-05 4 11 -15
2.58414e-05 4.5 10.5 -15
0.000125401 4 11 -15.5
5.22754e-05 5 10 -16
8.78984e-05 5 10 -16.5
0.000105289 5 10 -17
0.000103229 5 10 -17.5
3.5583e-05 3.5 11.5 -16.5
0.0011883 4.5 10.5 -17
0.000710439 4 11 -16.5
0.0013631 4.5 10.5 -17.5
5.51578e-05 3.5 11.5 -17
4.78059e-05 5 10 -18.5
7.0385e-05 3.5 11.5 -17.5
0.00134803 4.5 10.5 -18
7.0447e-05 3.5 11.5 -18
0.00106978 4.5 10.5 -18.5
3.93566e-05 3.5 11.5 -18.5
0.000650034 4.5 10.5 -19
0.000231518 4 11 -19.5
3.52457e-05 4 11 -20
8.403e-05 4.5 10.5 -20
0.000298965 4.5 10.5 -19.5
0.000623327 4 11 -19
0.00104208 4 11 -18.5
0.00129494 4 11 -18
0.00124855 4 11 -17.5
8.27177e-05 5 10 -18
0.00105881 4 11 -17
0.000847732 4.5 10.5 -16.5
0.000352895 4 11 -16
0.000469115 4.5 10.5 -16
0.000162434 4.5 10.5 -15.5
0.000142406 4.5 11 -15
2.54992e-05 5 10.5 -15
3.53613e-05 4 11.5 -15
0.000428027 4.5 11 -15.5
0.000112498 4 11.5 -15.5
0.000266398 4 11.5 -16
0.000491521 4 11.5 -16.5
0.000426081 5 10.5 -17
0.00132356 4.5 11 -16.5
0.00068154 4 11.5 -17
0.000428853 5 10.5 -17.5
0.000784039 4 11.5 -17.5
0.000323987 5 10.5 -18
0.000730392 4 11.5 -18
0.000193218 5 10.5 -18.5
0.00050478 4 11.5 -18.5
8.89397e-05 5 10.5 -19
3.16041e-05 5 10.5 -19.5
0.000199477 4.5 11 -19.5
4.00155e-05 4.5 11 -20
4.0436e-05 4 11.5 -19.5
0.000225775 4 11.5 -19
0.000547242 4.5 11 -19
0.000987965 4.5 11 -18.5
0.00133034 4.5 11 -18
0.00158313 4.5 11 -17.5
0.00155934 4.5 11 -17
0.00036606 5 10.5 -16.5
0.000858123 4.5 11 -16
0.000235361 5 10.5 -16
9.99364e-05 5 10.5 -15.5
9.92942e-05 4.5 11.5 -14.5
2.95036e-05 5 11 -14.5
0.000315244 4.5 11.5 -15
3.13626e-05 4 12 -15
0.000694466 4.5 11.5 -15.5
0.000364624 5 11 -15.5
0.000154824 4 12 -16
0.00140216 4.5 11.5 -16.5
0.000821273 5 11 -16.5
0.000245839 4 12 -16.5
0.00154935 4.5 11.5 -17
0.000303728 4 12 -17
0.00148355 4.5 11.5 -17.5
0.00117804 4.5 11.5 -18
0.000337181 4 12 -17.5
0.000747871 4.5 11.5 -18.5
5.21234e-05 5 11 -19.5
0.000336437 4.5 11.5 -19
8.58989e-05 4.5 11.5 -19.5
2.1069e-05 4 12 -19
0.000128554 4 12 -18.5
0.000173345 5 11 -19
0.000268078 4 12 -18
0.000389807 5 11 -18.5
0.000630669 5 11 -18
0.000821669 5 11 -17.5
0.000886634 5 11 -17
0.00112103 4.5 11.5 -16
7.89785e-05 4 12 -15.5
0.000633792 5 11 -16
0.000135591 5 11 -15
3.65532e-05 4.5 12 -14
0.00016436 5 11.5 -14.5
2.32307e-05 5.5 11 -14.5
0.000131185 4.5 12 -14.5
0.00032819 4.5 12 -15
9.21213e-05 5.5 11 -15.5
2.13998e-05 4 12.5 -15
0.000102992 5.5 11 -16
4.34009e-05 4 12.5 -15.5
9.65519e-05 5.5 11 -16.5
0.00105412 5 11.5 -16
7.07584e-05 4 12.5 -16
0.00132645 5 11.5 -17
0.00122845 4.5 12 -16.5
7.63746e-05 5.5 11 -17
9.0893e-05 4 12.5 -16.5
9.74209e-05 4 12.5 -17
0.00110409 5 11.5 -17.5
7.94934e-05 4 12.5 -17.5
0.000763237 5 11.5 -18
3.10903e-05 4 12.5 -18
0.000405958 5 11.5 -18.5
0.000165608 5 11.5 -19
4.26853e-05 5 11.5 -19.5
0.000125966 4.5 12 -19
0.000407406 4.5 12 -18.5
0.000799334 4.5 12 -18
0.00115607 4.5 12 -17.5
0.00135469 4.5 12 -17
4.4114e-05 5.5 11 -17.5
0.0012398 5 11.5 -16.5
0.000990949 4.5 12 -16
0.0006527 4.5 12 -15.5
0.000736657 5 11.5 -15.5
0.000421463 5 11.5 -15
5.693e-05 5.5 11 -15
3.37444e-05 5 11.5 -14
3.31177e-05 5 12 -13.5
0.00017737 5 12 -14
4.25638e-05 4.5 12.5 -14
0.000434143 5 12 -14.5
0.000120563 4.5 12.5 -14.5
0.000793883 5 12 -15
0.00026949 4.5 12.5 -15
0.000484411 4.5 12.5 -15.5
0.000402219 5.5 11.5 -16
0.000809935 4.5 12.5 -16.5
0.000322974 5.5 11.5 -17
0.00150194 5 12 -16.5
0.000817754 4.5 12.5 -17
0.000195816 5.5 11.5 -17.5
9.87148e-05 5.5 11.5 -18
0.000340428 4.5 12.5 -18
3.92292e-05 5.5 11.5 -18.5
0.000117581 4.5 12.5 -18.5
0.000103067 5 12 -19
0.000326376 5 12 -18.5
0.0006741 5 12 -18
0.0006089 4.5 12.5 -17.5
0.00105297 5 12 -17.5
0.00132641 5 12 -17
0.000692951 4.5 12.5 -16
0.000398921 5.5 11.5 -16.5
0.00144114 5 12 -16
0.00120091 5 12 -15.5
0.000350451 5.5 11.5 -15.5
0.000235452 5.5 11.5 -15
0.000114835 5.5 11.5 -14.5
3.6069e-05 5.5 11.5 -14
2.82046e-05 5 12.5 -13
0.00014114 5 12.5 -13.5
5.63511e-05 5.5 12 -13.5
0.000386283 5.5 12 -14.5
0.000354306 5 12.5 -14
2.3079e-05 6 11.5 -14.5
3.86938e-05 4.5 13 -14
0.00068899 5 12.5 -14.5
8.92181e-05 4.5 13 -14.5
0.000166906 4.5 13 -15
0.00131401 5 12.5 -15.5
0.000777047 5.5 12 -15.5
0.000257456 4.5 13 -15.5
0.000333021 4.5 13 -16
0.00143232 5 12.5 -16.5
0.000786777 5.5 12 -16.5
0.000379012 4.5 13 -16.5
0.00120744 5 12.5 -17
0.000315215 4.5 13 -17
0.000456513 5 12.5 -18
0.000183484 4.5 13 -17.5
0.00017018 5 12.5 -18.5
3.48546e-05 5 12.5 -19
5.91113e-05 4.5 13 -18
8.02258e-05 5.5 12 -18.5
0.000207324 5.5 12 -18
0.000842103 5 12.5 -17.5
0.000400747 5.5 12 -17.5
0.000617087 5.5 12 -17
0.00144424 5 12.5 -16
0.000842702 5.5 12 -16
0.00105795 5 12.5 -15
0.000612199 5.5 12 -15
2.16713e-05 6 11.5 -15
0.000177123 5.5 12 -14
8.2952e-05 5.5 12.5 -13
5.97515e-05 5 13 -13
0.000245868 5.5 12.5 -13.5
4.0034e-05 6 12 -13.5
0.000161712 5 13 -13.5
0.000758252 5.5 12.5 -14.5
0.000359659 5 13 -14
0.000116751 6 12 -14.5
2.71016e-05 4.5 13.5 -14
0.000649808 5 13 -14.5
5.12726e-05 4.5 13.5 -14.5
0.000102265 6 12 -15.5
8.01846e-05 4.5 13.5 -15
0.00117488 5 13 -15.5
8.19929e-05 6 12 -16
0.00117122 5.5 12.5 -15.5
0.000103345 4.5 13.5 -15.5
0.00129823 5 13 -16
4.39342e-05 6 12 -16.5
0.000115214 4.5 13.5 -16
0.000101471 4.5 13.5 -16.5
0.000840264 5 13 -17
0.000773601 5.5 12.5 -17
4.15609e-05 4.5 13.5 -17
0.000213327 5.5 12.5 -18
7.38624e-05 5.5 12.5 -18.5
4.91696e-05 5 13 -18.5
0.000201335 5 13 -18
0.000491528 5 13 -17.5
0.000458474 5.5 12.5 -17.5
0.00113374 5 13 -16.5
0.00106397 5.5 12.5 -16.5
0.00124886 5.5 12.5 -16
0.00094571 5 13 -15
0.00100621 5.5 12.5 -15
0.000123593 6 12 -15
0.000490323 5.5 12.5 -14
8.35552e-05 6 12 -14
2.81791e-05 6 12.5 -12.5
0.00010555 5.5 13 -12.5
2.17303e-05 5 13.5 -12.5
0.000301836 5.5 13 -13
6.08681e-05 5 13.5 -13
0.00056063 5.5 13 -13.5
0.000179831 6 12.5 -13.5
0.000146314 5 13.5 -13.5
0.000294269 5 13.5 -14
0.00118597 5.5 13 -14.5
0.000387084 6 12.5 -14.5
0.000489458 5 13.5 -14.5
0.000674232 5 13.5 -15
0.00138221 5.5 13 -15.5
0.000396042 6 12.5 -15.5
0.000790042 5 13.5 -16
0.000193537 6 12.5 -16.5
0.001248 5.5 13 -16
0.000606385 5 13.5 -16.5
9.72219e-05 6 12.5 -17
4.01149e-05 6 12.5 -17.5
0.000381615 5.5 13 -17.5
0.000366457 5 13.5 -17
2.65153e-05 5 13.5 -18
4.04867e-05 5.5 13 -18.5
0.000154632 5.5 13 -18
0.000155488 5 13.5 -17.5
0.00069615 5.5 13 -17
0.00101612 5.5 13 -16.5
0.00078055 5 13.5 -15.5
0.000319036 6 12.5 -16
0.00134734 5.5 13 -15
0.000426289 6 12.5 -15
0.000859796 5.5 13 -14
0.000293955 6 12.5 -14
8.04146e-05 6 12.5 -13
8.8177e-05 5.5 13.5 -12
0.000229231 5.5 13.5 -12.5
3.19983e-05 6.5 12.5 -13
0.00015019 6 13 -12.5
2.17682e-05 5 14 -12.5
0.000440283 5.5 13.5 -13
0.000499471 6 13 -13.5
3.79672e-05 6.5 12.5 -13.5
5.15599e-05 5 14 -13
0.000727589 5.5 13.5 -13.5
0.000103844 5 14 -13.5
0.00105162 5.5 13.5 -14
0.000177644 5 14 -14
0.00123618 5.5 13.5 -14.5
0.000789278 6 13 -14.5
0.000258303 5 14 -14.5
0.00134103 5.5 13.5 -15
0.000326854 5 14 -15
0.0003627 5 14 -15.5
0.00112122 5.5 13.5 -16
0.00058477 6 13 -16
0.00029481 5 14 -16
0.000807104 5.5 13.5 -16.5
0.000176841 5 14 -16.5
5.93115e-05 5 14 -17
8.99157e-05 6 13 -17.5
0.000477418 5.5 13.5 -17
6.28242e-05 5.5 13.5 -18
2.69468e-05 6 13 -18
0.000214565 5.5 13.5 -17.5
0.000210814 6 13 -17
0.000383892 6 13 -16.5
0.00130512 5.5 13.5 -15.5
0.000749944 6 13 -15.5
0.000830545 6 13 -15
0.000681585 6 13 -14
3.21791e-05 6.5 12.5 -14
0.000298693 6 13 -13
5.44075e-05 6 13 -12
2.40462e-05 6 13.5 -11
9.28416e-05 6 13.5 -11.5
3.89677e-05 5.5 14 -11.5
0.000222649 6 13.5 -12
0.000100942 5.5 14 -12
0.000415545 6 13.5 -12.5
9.31777e-05 6.5 13 -12.5
0.000225214 5.5 14 -12.5
0.000651944 6 13.5 -13
0.000416759 5.5 14 -13
0.000872037 6 13.5 -13.5
0.000164729 6.5 13 -13.5
3.34978e-05 5 14.5 -13
0.000664947 5.5 14 -13.5
5.6509e-05 5 14.5 -13.5
0.000915002 5.5 14 -14
0.000124978 6.5 13 -14.5
0.00102925 6 13.5 -14
8.22633e-05 5 14.5 -14
0.00109471 5.5 14 -14.5
9.62141e-05 6.5 13 -15
9.92696e-05 5 14.5 -14.5
0.00116942 5.5 14 -15
4.70438e-05 6.5 13 -15.5
0.0011463 6 13.5 -15
0.000106183 5 14.5 -15
0.00100678 5.5 14 -15.5
8.26106e-05 5 14.5 -15.5
0.000755438 5.5 14 -16
0.000707954 6 13.5 -16
2.40144e-05 5 14.5 -16
0.000462465 5.5 14 -16.5
0.000214481 5.5 14 -17
0.000223449 6 13.5 -17
6.22725e-05 5.5 14 -17.5
8.70719e-05 6 13.5 -17.5
0.000438259 6 13.5 -16.5
0.000966358 6 13.5 -15.5
0.00115435 6 13.5 -14.5
0.000159334 6.5 13 -14
2.10449e-05 6.5 13.5 -10.5
0.000140093 6.5 13 -13
3.10878e-05 6 14 -10.5
4.89479e-05 6.5 13.5 -11
0.000108991 6 14 -11
0.000108626 6.5 13.5 -11.5
0.000274086 6 14 -11.5
4.06199e-05 5.5 14.5 -11.5
0.000515724 6 14 -12
0.00020272 6.5 13.5 -12
9.1964e-05 5.5 14.5 -12
0.000756902 6 14 -12.5
0.000181387 5.5 14.5 -12.5
0.000990551 6 14 -13
0.000412548 6.5 13.5 -13
0.000319173 5.5 14.5 -13
0.00117891 6 14 -13.5
0.000480046 5.5 14.5 -13.5
0.00127078 6 14 -14
0.000471323 6.5 13.5 -14
0.000618924 5.5 14.5 -14
0.00122582 6 14 -14.5
0.000695739 5.5 14.5 -14.5
0.00111577 6 14 -15
0.00030699 6.5 13.5 -15
0.000501389 5.5 14.5 -15.5
9.06754e-05 6.5 13.5 -16
0.000897854 6 14 -15.5
3.83824e-05 6.5 13.5 -16.5
0.000134202 5.5 14.5 -16.5
0.000360679 6 14 -16.5
3.05513e-05 5.5 14.5 -17
5.10191e-05 6 14 -17.5
0.000164544 6 14 -17
0.000304327 5.5 14.5 -16
0.000622707 6 14 -16
0.000662589 5.5 14.5 -15
0.000184277 6.5 13.5 -15.5
0.00041424 6.5 13.5 -14.5
0.000460571 6.5 13.5 -13.5
0.000315375 6.5 13.5 -12.5
4.25843e-05 6.5 14 -10
2.20519e-05 6 14.5 -10
0.000109497 6.5 14 -10.5
7.0364e-05 6 14.5 -10.5
0.000212343 6.5 14 -11
0.000174085 6 14.5 -11
0.000336294 6 14.5 -11.5
6.71061e-05 7 13.5 -12
0.000342947 6.5 14 -11.5
3.46919e-05 5.5 15 -11.5
0.00053382 6 14.5 -12
6.42234e-05 7 13.5 -12.5
6.60311e-05 5.5 15 -12
0.000767575 6 14.5 -12.5
5.21697e-05 7 13.5 -13
0.000663267 6.5 14 -12.5
0.000114549 5.5 15 -12.5
0.000847557 6.5 14 -13.5
0.00100747 6 14.5 -13
3.03411e-05 7 13.5 -13.5
0.000177136 5.5 15 -13
0.00116003 6 14.5 -13.5
0.000237901 5.5 15 -13.5
0.000275253 5.5 15 -14
0.00112564 6 14.5 -14.5
0.000722179 6.5 14 -14.5
0.000283204 5.5 15 -14.5
0.000209799 5.5 15 -15
0.000671107 6 14.5 -15.5
0.000347151 6.5 14 -15.5
0.000110604 5.5 15 -15.5
2.54672e-05 5.5 15 -16
0.000199236 6 14.5 -16.5
8.89325e-05 6.5 14 -16.5
6.96895e-05 6 14.5 -17
3.28625e-05 6.5 14 -17
0.000408384 6 14.5 -16
0.000191983 6.5 14 -16
0.000936513 6 14.5 -15
0.000540388 6.5 14 -15
0.00121632 6 14.5 -14
0.000818387 6.5 14 -14
0.000797585 6.5 14 -13
0.000491415 6.5 14 -12
2.56931e-05 6.5 14.5 -9
3.14132e-05 7 14 -9.5
7.72053e-05 6.5 14.5 -9.5
5.82493e-05 7 14 -10
0.000175525 6.5 14.5 -10
0.000103936 7 14 -10.5
3.1395e-05 6 15 -10
0.000311246 6.5 14.5 -10.5
7.4377e-05 6 15 -10.5
0.000469822 6.5 14.5 -11
0.000162317 6 15 -11
0.000666584 6.5 14.5 -11.5
0.000214896 7 14 -11.5
0.000303979 6 15 -11.5
0.00087063 6.5 14.5 -12
0.000480175 6 15 -12
0.00101494 6.5 14.5 -12.5
0.000245349 7 14 -12.5
3.66671e-05 5.5 15.5 -12
0.000673615 6 15 -12.5
5.42812e-05 5.5 15.5 -12.5
0.000848617 6 15 -13
0.00110048 6.5 14.5 -13.5
0.000170047 7 14 -13.5
6.7438e-05 5.5 15.5 -13
0.000939303 6 15 -13.5
7.42819e-05 5.5 15.5 -13.5
0.00095468 6 15 -14
0.000804969 6.5 14.5 -14.5
5.22035e-05 7 14 -14.5
6.06116e-05 5.5 15.5 -14
0.000784033 6 15 -14.5
3.19851e-05 5.5 15.5 -14.5
0.000569798 6 15 -15
0.000348823 6 15 -15.5
0.000363771 6.5 14.5 -15.5
0.000161727 6 15 -16
2.38024e-05 6.5 14.5 -17
4.783e-05 6 15 -16.5
8.38501e-05 6.5 14.5 -16.5
0.000194657 6.5 14.5 -16
0.000577644 6.5 14.5 -15
0.00100982 6.5 14.5 -14
0.00010688 7 14 -14
0.00106283 6.5 14.5 -13
0.00021905 7 14 -13
2.14981e-05 7 14.5 -8
4.12522e-05 7 14.5 -8.5
0.000241309 7 14 -12
2.33383e-05 6.5 15 -8.5
8.46699e-05 7 14.5 -9
6.44918e-05 6.5 15 -9
0.000145608 7 14.5 -9.5
2.33792e-05 7.5 14 -9.5
0.000143441 6.5 15 -9.5
0.000267854 6.5 15 -10
3.90055e-05 7.5 14 -10.5
3.02985e-05 6 15.5 -10
0.000444726 6.5 15 -10.5
3.63735e-05 7.5 14 -11
6.4978e-05 6 15.5 -10.5
0.000677447 6.5 15 -11
0.000520954 7 14.5 -11.5
2.60089e-05 7.5 14 -11.5
0.000122006 6 15.5 -11
0.000881878 6.5 15 -11.5
0.000205584 6 15.5 -11.5
0.00101827 6.5 15 -12
0.000318318 6 15.5 -12
0.00108987 6.5 15 -12.5
0.000566922 7 14.5 -12.5
0.000424215 6 15.5 -12.5
0.00112689 6.5 15 -13
0.000492339 6 15.5 -13
0.00106088 6.5 15 -13.5
0.000413243 7 14.5 -13.5
0.000518336 6 15.5 -13.5
0.000911007 6.5 15 -14
0.000449527 6 15.5 -14
0.000702184 6.5 15 -14.5
0.000166641 7 14.5 -14.5
0.000322433 6 15.5 -14.5
0.000183458 6 15.5 -15
3.28978e-05 7 14.5 -15.5
0.000480521 6.5 15 -15
6.7105e-05 6 15.5 -15.5
0.000134342 6.5 15 -16
4.65909e-05 6.5 15 -16.5
0.000282551 6.5 15 -15.5
7.82379e-05 7 14.5 -15
0.000278108 7 14.5 -14
2.06683e-05 7 15 -7
2.37921e-05 7.5 14.5 -7.5
0.000513966 7 14.5 -13
4.30535e-05 7 15 -7.5
3.37898e-05 7.5 14.5 -8
8.27676e-05 7 15 -8
0.000561016 7 14.5 -12
0.00014988 7 15 -8.5
5.01083e-05 7.5 14.5 -8.5
3.24757e-05 6.5 15.5 -8.5
0.000244974 7 15 -9
7.78579e-05 7.5 14.5 -9
6.85007e-05 6.5 15.5 -9
0.000354891 7 15 -9.5
0.000137843 6.5 15.5 -9.5
0.000488067 7 15 -10
0.000257379 6.5 15.5 -10
0.000617016 7 15 -10.5
0.000425022 6.5 15.5 -10.5
4.29965e-05 6 16 -10.5
0.000627482 6.5 15.5 -11
0.000121314 7.5 14.5 -11.5
0.000719891 7 15 -11
7.02135e-05 6 16 -11
0.000816461 6.5 15.5 -11.5
7.85741e-05 7.5 14.5 -12
0.000105574 6 16 -11.5
0.000956964 6.5 15.5 -12
4.39005e-05 7.5 14.5 -12.5
0.00089538 7 15 -12
0.000143589 6 16 -12
0.00100498 6.5 15.5 -12.5
0.000165594 6 16 -12.5
0.000988382 6.5 15.5 -13
0.000775347 7 15 -13
0.000172043 6 16 -13
0.000854534 6.5 15.5 -13.5
0.00014612 6 16 -13.5
0.00067231 6.5 15.5 -14
0.000447023 7 15 -14
8.69216e-05 6 16 -14
0.000472226 6.5 15.5 -14.5
2.74694e-05 6 16 -14.5
0.000281311 6.5 15.5 -15
0.000154654 7 15 -15
0.000129238 6.5 15.5 -15.5
4.18232e-05 6.5 15.5 -16
2.09152e-05 7 15 -16
7.13979e-05 7 15 -15.5
0.000281241 7 15 -14.5
0.00062569 7 15 -13.5
2.06058e-05 7.5 15 -5.5
3.04963e-05 7.5 15 -6
4.73268e-05 7.5 15 -6.5
0.000871072 7 15 -12.5
0.000825857 7 15 -11.5
7.59607e-05 7.5 15 -7
3.42787e-05 7 15.5 -7
0.000106349 7.5 15 -7.5
7.05284e-05 7 15.5 -7.5
0.00014505 7.5 15 -8
2.36897e-05 8 14.5 -8
0.000137252 7 15.5 -8
0.000190986 7.5 15 -8.5
2.75008e-05 8 14.5 -8.5
0.000241844 7 15.5 -8.5
0.000245047 7.5 15 -9
3.04839e-05 6.5 16 -8.5
0.000388918 7 15.5 -9
0.000316495 7.5 15 -9.5
6.03806e-05 6.5 16 -9
0.000573647 7 15.5 -9.5
0.000112528 6.5 16 -9.5
0.000722405 7 15.5 -10
0.00020123 6.5 16 -10
0.000856499 7 15.5 -10.5
0.00032977 6.5 16 -10.5
0.000956967 7 15.5 -11
0.000391347 7.5 15 -11
0.000464935 6.5 16 -11
0.000999404 7 15.5 -11.5
0.000587027 6.5 16 -11.5
0.000949905 7 15.5 -12
0.000287772 7.5 15 -12
2.68083e-05 6 16.5 -11.5
0.000661291 6.5 16 -12
2.18166e-05 6 16.5 -12
0.000685401 6.5 16 -12.5
0.000108612 7.5 15 -13
0.000903862 7 15.5 -12.5
0.000616459 6.5 16 -13
4.89421e-05 7.5 15 -13.5
0.000489489 6.5 16 -13.5
0.000615497 7 15.5 -13.5
0.000334349 6.5 16 -14
0.000271417 7 15.5 -14.5
0.000188641 6.5 16 -14.5
7.76001e-05 6.5 16 -15
6.12579e-05 7 15.5 -15.5
0.000145217 7 15.5 -15
2.21564e-05 8 15 -4
0.000434542 7 15.5 -14
3.05863e-05 8 15 -4.5
3.83531e-05 8 15 -5
0.000782889 7 15.5 -13
2.15276e-05 7.5 15.5 -5
4.50298e-05 8 15 -5.5
4.21086e-05 7.5 15.5 -5.5
5.26576e-05 8 15 -6
7.78895e-05 7.5 15.5 -6
0.000124688 7.5 15.5 -6.5
6.1863e-05 8 15 -6.5
7.43507e-05 8 15 -7
0.000182954 7.5 15.5 -7
0.000195506 7.5 15 -12.5
0.000352243 7.5 15 -11.5
3.53136e-05 7 16 -7
0.000252263 7.5 15.5 -7.5
9.23035e-05 8 15 -7.5
6.91263e-05 7 16 -7.5
0.000326299 7.5 15.5 -8
0.00010651 8 15 -8
0.000131194 7 16 -8
0.00023821 7 16 -8.5
0.000121544 8 15 -9
0.000412613 7.5 15.5 -8.5
0.000381333 7 16 -9
0.00010385 8 15 -9.5
0.000497141 7.5 15.5 -9
4.26781e-05 6.5 16.5 -9
0.000548665 7 16 -9.5
7.71112e-05 8 15 -10
0.000569643 7.5 15.5 -9.5
7.32228e-05 6.5 16.5 -9.5
0.000711256 7 16 -10
0.000692994 7.5 15.5 -10.5
4.98753e-05 8 15 -10.5
0.000118568 6.5 16.5 -10
0.00084749 7 16 -10.5
0.000175557 6.5 16.5 -10.5
0.000926255 7 16 -11
0.000234011 6.5 16.5 -11
0.000951986 7 16 -11.5
0.000615838 7.5 15.5 -11.5
0.000275348 6.5 16.5 -11.5
0.000903553 7 16 -12
0.000291944 6.5 16.5 -12
0.000814836 7 16 -12.5
0.000358418 7.5 15.5 -12.5
0.000263785 6.5 16.5 -12.5
0.000650768 7 16 -13
0.000202226 6.5 16.5 -13
0.000470489 7 16 -13.5
0.000144672 7.5 15.5 -13.5
0.000122051 6.5 16.5 -13.5
5.1876e-05 6.5 16.5 -14
0.000310629 7 16 -14
8.06652e-05 7 16 -15
0.000177701 7 16 -14.5
2.70793e-05 8.5 15 -3
3.19683e-05 8.5 15 -3.5
3.08051e-05 8 15.5 -3.5
3.55238e-05 8.5 15 -4
6.84106e-05 7.5 15.5 -14
4.9424e-05 8 15.5 -4
3.58202e-05 8.5 15 -4.5
7.26223e-05 8 15.5 -4.5
0.000102571 8 15.5 -5
3.57826e-05 8.5 15 -5
0.000237122 7.5 15.5 -13
3.64191e-05 8.5 15 -5.5
2.40211e-05 7.5 16 -5
0.000132795 8 15.5 -5.5
4.31809e-05 7.5 16 -5.5
0.000161187 8 15.5 -6
3.59784e-05 8.5 15 -6
0.000502416 7.5 15.5 -12
7.83264e-05 7.5 16 -6
0.000191564 8 15.5 -6.5
3.55595e-05 8.5 15 -6.5
0.000142831 7.5 16 -6.5
3.35643e-05 8.5 15 -7
0.000218667 8 15.5 -7
0.000679176 7.5 15.5 -11
0.00023874 7.5 16 -7
0.000249544 8 15.5 -7.5
2.89731e-05 8.5 15 -7.5
3.16661e-05 7 16.5 -7
0.000358255 7.5 16 -7.5
2.0819e-05 8.5 15 -8
5.83869e-05 7 16.5 -7.5
0.000499498 7.5 16 -8
0.00028593 8 15.5 -8
0.000107587 7 16.5 -8
0.000610136 7.5 16 -8.5
0.00030753 8 15.5 -8.5
0.000191679 7 16.5 -8.5
0.000715369 7.5 16 -9
0.000308345 7 16.5 -9
0.000799634 7.5 16 -9.5
0.000436879 7 16.5 -9.5
0.000840211 7.5 16 -10
3.1147e-05 6.5 17 -9.5
0.000571709 7 16.5 -10
0.000846408 7.5 16 -10.5
0.000196498 8 15.5 -10.5
4.81873e-05 6.5 17 -10
0.00068393 7 16.5 -10.5
0.000825207 7.5 16 -11
6.15119e-05 6.5 17 -10.5
0.000746012 7 16.5 -11
0.000745997 7.5 16 -11.5
6.93785e-05 8 15.5 -11.5
6.95947e-05 6.5 17 -11
0.00073462 7 16.5 -11.5
6.16529e-05 6.5 17 -11.5
0.00066399 7 16.5 -12
0.000615796 7.5 16 -12
4.55995e-05 6.5 17 -12
0.000540076 7 16.5 -12.5
0.000393016 7 16.5 -13
0.000333556 7.5 16 -13
0.000138325 7 16.5 -14
0.000116915 7.5 16 -14
2.5915e-05 9 15 -1.5
5.98261e-05 7 16.5 -14.5
2.73809e-05 9 15 -2
3.31149e-05 8.5 15.5 -2
2.76048e-05 9 15 -2.5
5.27244e-05 8.5 15.5 -2.5
5.53058e-05 7.5 16 -14.5
2.71437e-05 9 15 -3
7.70587e-05 8.5 15.5 -3
0.000252349 7 16.5 -13.5
2.68808e-05 9 15 -3.5
9.92709e-05 8.5 15.5 -3.5
3.03918e-05 8 16 -3.5
2.37072e-05 9 15 -4
0.000109049 8.5 15.5 -4
0.000212142 7.5 16 -13.5
5.60256e-05 8 16 -4
0.000116326 8.5 15.5 -4.5
0.000100604 8 16 -4.5
0.000158987 8 16 -5
0.000120768 8.5 15.5 -5
0.00047357 7.5 16 -12.5
0.000126778 8.5 15.5 -5.5
0.000228545 8 16 -5.5
4.02004e-05 7.5 16.5 -5.5
0.000296024 8 16 -6
0.000134859 8.5 15.5 -6
7.33868e-05 7.5 16.5 -6
0.000345968 8 16 -6.5
0.000136688 8.5 15.5 -6.5
0.000133484 7.5 16.5 -6.5
0.000130084 8.5 15.5 -7
0.000226319 7.5 16.5 -7
0.000116516 8.5 15.5 -7.5
0.000406259 8 16 -7
0.000342943 7.5 16.5 -7.5
9.10192e-05 8.5 15.5 -8
0.000459105 8 16 -7.5
0.00049416 8 16 -8
4.05203e-05 7 17 -7.5
0.00047554 7.5 16.5 -8
0.000541987 8 16 -8.5
6.24672e-05 8.5 15.5 -8.5
6.91137e-05 7 17 -8
0.00060561 7.5 16.5 -8.5
0.000559892 8 16 -9
3.83308e-05 8.5 15.5 -9
0.00011145 7 17 -8.5
0.000714692 7.5 16.5 -9
0.000167897 7 17 -9
0.000790952 7.5 16.5 -9.5
0.000239909 7 17 -9.5
0.000824813 7.5 16.5 -10
0.000485022 8 16 -10
0.000311278 7 17 -10
0.000825236 7.5 16.5 -10.5
0.000362019 7 17 -10.5
0.000750326 7.5 16.5 -11
0.00029301 8 16 -11
0.000378802 7 17 -11
0.000337132 7 17 -11.5
0.00010364 8 16 -12
0.000274581 7 17 -12
4.53628e-05 8 16 -12.5
0.000556507 7.5 16.5 -12
0.000192536 7 17 -12.5
0.000110134 7 17 -13
0.000285585 7.5 16.5 -13
8.80866e-05 7.5 16.5 -14
2.0299e-05 9.5 15 -0.5
3.22604e-05 9 15.5 -0.5
5.51488e-05 9 15.5 -1
7.33149e-05 9 15.5 -1.5
3.70362e-05 7.5 16.5 -14.5
4.29831e-05 7 17 -13.5
8.68078e-05 9 15.5 -2
4.02758e-05 8.5 16 -2
9.3625e-05 9 15.5 -2.5
7.14139e-05 8.5 16 -2.5
9.56947e-05 9 15.5 -3
0.000171471 7.5 16.5 -13.5
0.000111931 8.5 16 -3
9.37514e-05 9 15.5 -3.5
0.000156825 8.5 16 -3.5
0.000421678 7.5 16.5 -12.5
9.02767e-05 9 15.5 -4
2.83585e-05 8 16.5 -3.5
0.00019483 8.5 16 -4
5.17151e-05 8 16.5 -4
0.000222677 8.5 16 -4.5
7.82571e-05 9 15.5 -4.5
0.000672501 7.5 16.5 -11.5
9.14014e-05 8 16.5 -4.5
0.000250444 8.5 16 -5
6.57015e-05 9 15.5 -5
0.000150306 8 16.5 -5
0.000271243 8.5 16 -5.5
5.35403e-05 9 15.5 -5.5
0.000189328 8 16 -11.5
0.000227089 8 16.5 -5.5
0.000286308 8.5 16 -6
3.92515e-05 9 15.5 -6
3.04443e-05 7.5 17 -5.5
0.000325568 8 16.5 -6
0.000301341 8.5 16 -6.5
2.43535e-05 9 15.5 -6.5
5.52646e-05 7.5 17 -6
0.000442934 8 16.5 -6.5
0.000305403 8.5 16 -7
9.93593e-05 7.5 17 -6.5
0.000534128 8 16.5 -7
0.000402427 8 16 -10.5
0.000170914 7.5 17 -7
0.00060714 8 16.5 -7.5
0.000288572 8.5 16 -7.5
0.000268158 7.5 17 -7.5
0.000659447 8 16.5 -8
0.000259854 8.5 16 -8
0.000376963 7.5 17 -8
3.07411e-05 7 17.5 -8
0.000492756 7.5 17 -8.5
0.000147025 8.5 16 -9
0.000692615 8 16.5 -9
0.000684175 8 16.5 -8.5
4.70366e-05 7 17.5 -8.5
0.000596833 7.5 17 -9
0.000682827 8 16.5 -9.5
8.97862e-05 8.5 16 -9.5
6.39024e-05 7 17.5 -9
0.000664234 7.5 17 -9.5
0.000629108 8 16.5 -10
4.31744e-05 8.5 16 -10
8.0442e-05 7 17.5 -9.5
0.000683591 7.5 17 -10
9.10427e-05 7 17.5 -10
0.00064353 7.5 17 -10.5
9.43284e-05 7 17.5 -10.5
0.000564259 7.5 17 -11
0.000420726 8 16.5 -11
7.76293e-05 7 17.5 -11
0.000475013 7.5 17 -11.5
5.14248e-05 7 17.5 -11.5
0.000367709 7.5 17 -12
0.000195718 8 16.5 -12
2.03924e-05 7 17.5 -12
0.000254572 7.5 17 -12.5
0.000152468 7.5 17 -13
5.9166e-05 8 16.5 -13
2.94913e-05 7.5 17 -14
2.67562e-05 9.5 15.5 0.5
6.14133e-05 9.5 15.5 0
7.72545e-05 9.5 15.5 -0.5
3.67155e-05 9 16 -0.5
8.02108e-05 9.5 15.5 -1
6.74772e-05 9 16 -1
7.92441e-05 9.5 15.5 -1.5
7.57333e-05 7.5 17 -13.5
0.000103881 9 16 -1.5
7.47865e-05 9.5 15.5 -2
0.000143331 9 16 -2
3.34523e-05 8.5 16.5 -2
6.51904e-05 9.5 15.5 -2.5
0.000168524 9 16 -2.5
5.98659e-05 8.5 16.5 -2.5
5.22449e-05 9.5 15.5 -3
0.000185682 9 16 -3
0.000102877 8.5 16.5 -3
3.71984e-05 9.5 15.5 -3.5
0.000159989 8.5 16.5 -3.5
2.20433e-05 9.5 15.5 -4
0.000190648 9 16 -3.5
0.000190023 9 16 -4
0.000116039 8 16.5 -12.5
0.000230223 8.5 16.5 -4
3.80757e-05 8 17 -4
0.000305373 8.5 16.5 -4.5
0.000191828 9 16 -4.5
6.91722e-05 8 17 -4.5
0.000360181 8.5 16.5 -5
0.00018091 9 16 -5
0.000123709 8 17 -5
0.000406144 8.5 16.5 -5.5
0.000161279 9 16 -5.5
0.00029933 8 16.5 -11.5
0.000201587 8 17 -5.5
0.000133148 9 16 -6
0.00044029 8.5 16.5 -6
0.000535781 8 16.5 -10.5
0.000297506 8 17 -6
0.000462331 8.5 16.5 -6.5
9.8659e-05 9 16 -6.5
3.2434e-05 7.5 17.5 -6
0.000408667 8 17 -6.5
0.000483894 8.5 16.5 -7
6.44321e-05 9 16 -7
5.64754e-05 7.5 17.5 -6.5
0.000515903 8 17 -7
9.19193e-05 7.5 17.5 -7
0.000590751 8 17 -7.5
0.000485719 8.5 16.5 -7.5
0.000141279 7.5 17.5 -7.5
0.000644571 8 17 -8
0.000207489 7.5 17.5 -8
0.000672093 8 17 -8.5
0.000277281 7.5 17.5 -8.5
0.000676404 8 17 -9
0.000331762 7.5 17.5 -9
0.000357309 7.5 17.5 -9.5
0.000140643 8.5 16.5 -10
0.0003529 7.5 17.5 -10
6.82628e-05 8.5 16.5 -10.5
0.000593575 8 17 -10
0.000322839 7.5 17.5 -10.5
0.000393276 8 17 -11
0.00027888 7.5 17.5 -11
0.000208318 7.5 17.5 -11.5
0.000133834 7.5 17.5 -12
0.000191869 8 17 -12
6.78763e-05 7.5 17.5 -12.5
2.05647e-05 7.5 17.5 -13
5.79107e-05 8 17 -13
2.19224e-05 10 15.5 1
4.83524e-05 10 15.5 0.5
3.56529e-05 9.5 16 0.5
5.93076e-05 10 15.5 0
7.74104e-05 9.5 16 0
6.01237e-05 10 15.5 -0.5
0.000112902 9.5 16 -0.5
2.19278e-05 9 16.5 -0.5
4.82325e-05 10 15.5 -1
0.000134059 9.5 16 -1
5.74433e-05 9 16.5 -1
3.27516e-05 10 15.5 -1.5
0.000144608 9.5 16 -1.5
2.18343e-05 8 17 -13.5
9.94499e-05 9 16.5 -1.5
0.000146584 9.5 16 -2
0.000152524 9 16.5 -2
0.000147029 9.5 16 -2.5
0.000206707 9 16.5 -2.5
0.000115015 8 17 -12.5
4.39268e-05 8.5 17 -2.5
0.000249272 9 16.5 -3
0.00013367 9.5 16 -3
8.12049e-05 8.5 17 -3
0.000280424 9 16.5 -3.5
0.000112241 9.5 16 -3.5
0.000137823 8.5 17 -3.5
0.000296966 9 16.5 -4
8.62934e-05 9.5 16 -4
0.000286431 8 17 -11.5
0.000207577 8.5 17 -4
5.75779e-05 9.5 16 -4.5
0.000283491 8.5 17 -4.5
3.15084e-05 9.5 16 -5
0.000302935 9 16.5 -4.5
0.000313779 9 16.5 -5
0.000502938 8 17 -10.5
4.18092e-05 8 17.5 -4.5
0.000361248 8.5 17 -5
0.000643573 8 17 -9.5
7.37318e-05 8 17.5 -5
0.000430694 8.5 17 -5.5
0.000306087 9 16.5 -5.5
0.000127283 8 17.5 -5.5
0.000490316 8.5 17 -6
0.00028118 9 16.5 -6
0.000204251 8 17.5 -6
0.000529048 8.5 17 -6.5
0.00024582 9 16.5 -6.5
0.000291858 8 17.5 -6.5
0.00038472 8 17.5 -7
0.000127926 9 16.5 -7.5
0.000541878 8.5 17 -7
3.08252e-05 7.5 18 -7
0.00047012 8 17.5 -7.5
6.70345e-05 9 16.5 -8
5.09726e-05 7.5 18 -7.5
0.000528838 8 17.5 -8
6.75202e-05 7.5 18 -8
0.000548816 8 17.5 -8.5
8.33817e-05 7.5 18 -8.5
0.000540105 8 17.5 -9
0.000431023 8.5 17 -9
9.133e-05 7.5 18 -9
0.000502216 8 17.5 -9.5
8.29922e-05 7.5 18 -9.5
0.000442512 8 17.5 -10
0.00024037 8.5 17 -10
6.92482e-05 7.5 18 -10
5.38063e-05 7.5 18 -10.5
8.94083e-05 8.5 17 -11
0.000354353 8 17.5 -10.5
3.69495e-05 7.5 18 -11
4.10642e-05 8.5 17 -11.5
0.000186607 8 17.5 -11.5
6.10443e-05 8 17.5 -12.5
2.93787e-05 10 16 1
2.23576e-05 10.5 15.5 0.5
7.63996e-05 10 16 0.5
2.212e-05 9.5 16.5 0.5
2.04658e-05 10.5 15.5 0
0.000101184 10 16 0
6.70224e-05 9.5 16.5 0
0.000106751 10 16 -0.5
2.32371e-05 8 17.5 -13
0.000111462 9.5 16.5 -0.5
0.000106671 10 16 -1
0.000153748 9.5 16.5 -1
3.75273e-05 9 17 -1
9.12247e-05 10 16 -1.5
0.000183998 9.5 16.5 -1.5
7.35276e-05 9 17 -1.5
0.000205882 9.5 16.5 -2
7.18534e-05 10 16 -2
0.000117858 8 17.5 -12
0.000123289 9 17 -2
4.81179e-05 10 16 -2.5
0.000215334 9.5 16.5 -2.5
0.000183337 9 17 -2.5
2.57577e-05 10 16 -3
0.000262169 8 17.5 -11
0.000243363 9 17 -3
0.000221273 9.5 16.5 -3
4.61955e-05 8.5 17.5 -3
0.000296035 9 17 -3.5
0.000215939 9.5 16.5 -3.5
8.4564e-05 8.5 17.5 -3.5
0.000341402 9 17 -4
0.000187721 9.5 16.5 -4
0.000142593 8.5 17.5 -4
0.000153171 9.5 16.5 -4.5
0.000216336 8.5 17.5 -4.5
0.000110242 9.5 16.5 -5
0.000373167 9 17 -4.5
0.000389717 9 17 -5
0.00015332 8.5 17 -10.5
0.000301929 8.5 17.5 -5
0.000404407 9 17 -5.5
7.07639e-05 9.5 16.5 -5.5
3.03925e-05 8 18 -5
0.000387992 8.5 17.5 -5.5
0.000408195 9 17 -6
3.67789e-05 9.5 16.5 -6
5.78237e-05 8 18 -5.5
0.000448471 8.5 17.5 -6
9.14977e-05 8 18 -6
0.000491822 8.5 17.5 -6.5
0.000369025 9 17 -6.5
0.000135871 8 18 -6.5
0.000517057 8.5 17.5 -7
0.000310813 9 17 -7
0.000186779 8 18 -7
0.000523086 8.5 17.5 -7.5
0.000239005 8 18 -7.5
0.000504501 8.5 17.5 -8
0.00027367 8 18 -8
0.000286951 8 18 -8.5
5.30024e-05 9 17 -9
0.000291634 8 18 -9
0.000256356 8 18 -9.5
0.000328233 8.5 17.5 -9.5
0.000207082 8 18 -10
0.000154375 8 18 -10.5
0.000174294 8.5 17.5 -10.5
0.000105827 8 18 -11
6.21398e-05 8 18 -11.5
6.06579e-05 8.5 17.5 -11.5
3.09371e-05 10.5 16 1
2.61685e-05 10 16.5 1
5.53115e-05 10.5 16 0.5
7.92047e-05 10 16.5 0.5
5.78672e-05 10.5 16 0
0.000115407 10 16.5 0
3.29798e-05 9.5 17 0
4.50031e-05 10.5 16 -0.5
0.00013446 10 16.5 -0.5
8.04917e-05 9.5 17 -0.5
2.62757e-05 10.5 16 -1
0.00013095 9.5 17 -1
0.000144445 10 16.5 -1
0.000148645 10 16.5 -1.5
0.000179724 9.5 17 -1.5
3.37848e-05 9 17.5 -1.5
0.000217567 9.5 17 -2
0.000134886 10 16.5 -2
2.17658e-05 8.5 17.5 -12
7.00698e-05 9 17.5 -2
0.000246597 9.5 17 -2.5
0.000110369 10 16.5 -2.5
0.000123933 9 17.5 -2.5
7.81558e-05 10 16.5 -3
0.000192028 9 17.5 -3
4.523e-05 10 16.5 -3.5
0.000262798 9.5 17 -3
0.000272853 9.5 17 -3.5
0.000113656 8.5 17.5 -11
0.000260942 9 17.5 -3.5
0.000244538 8.5 17.5 -10
3.72906e-05 8.5 18 -3.5
0.0003154 9 17.5 -4
0.00027373 9.5 17 -4
6.44724e-05 8.5 18 -4
0.000358519 9 17.5 -4.5
0.000247724 9.5 17 -4.5
0.000106994 8.5 18 -4.5
0.000387987 9 17.5 -5
0.000215415 9.5 17 -5
0.000166732 8.5 18 -5
0.000237837 8.5 18 -5.5
0.000115081 9.5 17 -6
0.000399974 9 17.5 -5.5
0.000170024 9.5 17 -5.5
0.000408121 9 17.5 -6
0.0004082 8.5 17.5 -9
0.000470084 8.5 17.5 -8.5
0.000303694 8.5 18 -6
0.000398838 9 17.5 -6.5
6.02945e-05 9.5 17 -6.5
0.000354505 8.5 18 -6.5
0.000370433 9 17.5 -7
2.42391e-05 8 18.5 -6.5
0.000379965 8.5 18 -7
4.12236e-05 8 18.5 -7
0.000387166 8.5 18 -7.5
4.97173e-05 8 18.5 -7.5
0.000373747 8.5 18 -8
0.000259534 9 17.5 -8
5.57543e-05 8 18.5 -8
0.000340603 8.5 18 -8.5
5.96803e-05 8 18.5 -8.5
0.00028261 8.5 18 -9
0.000115444 9 17.5 -9
5.46137e-05 8 18.5 -9
3.50177e-05 8 18.5 -9.5
0.00017564 8.5 18 -10
7.50191e-05 8.5 18 -11
3.25795e-05 10.5 16.5 1
6.99076e-05 10.5 16.5 0.5
4.1192e-05 10 17 0.5
9.2006e-05 10 17 0
8.00619e-05 10.5 16.5 0
7.87581e-05 10.5 16.5 -0.5
0.000130929 10 17 -0.5
3.33041e-05 9.5 17.5 -0.5
0.000154812 10 17 -1
6.02716e-05 10.5 16.5 -1
7.53752e-05 9.5 17.5 -1
3.76822e-05 10.5 16.5 -1.5
3.75926e-05 8.5 18 -11.5
0.000168972 10 17 -1.5
0.000128135 9.5 17.5 -1.5
0.000182441 9.5 17.5 -2
0.000177246 10 17 -2
2.11355e-05 9 18 -2
0.000223674 9.5 17.5 -2.5
0.000170309 10 17 -2.5
0.000121691 8.5 18 -10.5
5.61619e-05 9 18 -2.5
0.000145654 10 17 -3
9.99631e-05 9 18 -3
0.000112202 10 17 -3.5
0.000253864 9.5 17.5 -3
0.000230223 8.5 18 -9.5
0.000272183 9.5 17.5 -3.5
0.000156993 9 18 -3.5
0.000290446 9.5 17.5 -4
7.39084e-05 10 17 -4
0.000216853 9 18 -4
0.000297116 9.5 17.5 -4.5
3.98044e-05 10 17 -4.5
0.00027182 9 18 -4.5
2.2444e-05 8.5 18.5 -4.5
0.000313234 9 18 -5
0.000277895 9.5 17.5 -5
5.37561e-05 8.5 18.5 -5
0.000338839 9 18 -5.5
0.000239112 9.5 17.5 -5.5
8.49042e-05 8.5 18.5 -5.5
0.000346398 9 18 -6
0.000114338 8.5 18.5 -6
0.000138435 8.5 18.5 -6.5
8.25723e-05 9.5 17.5 -7
0.000340969 9 18 -6.5
0.000159313 8.5 18.5 -7
4.03329e-05 9.5 17.5 -7.5
0.000328659 9 18 -7
0.000174041 8.5 18.5 -7.5
0.000175188 8.5 18.5 -8
0.000153633 8.5 18.5 -8.5
0.000123207 8.5 18.5 -9
0.000132899 9 18 -9
9.10714e-05 8.5 18.5 -9.5
6.03642e-05 8.5 18.5 -10
4.90394e-05 9 18 -10
2.52101e-05 8.5 18.5 -10.5
5.10848e-05 10.5 17 0.5
4.0514e-05 10 17.5 0
8.166e-05 10.5 17 0
8.66695e-05 10 17.5 -0.5
9.1978e-05 10.5 17 -0.5
0.000125489 10 17.5 -1
9.04215e-05 10.5 17 -1
7.43462e-05 10.5 17 -1.5
0.000154469 10 17.5 -1.5
5.44268e-05 9.5 18 -1.5
0.000173075 10 17.5 -2
5.3399e-05 10.5 17 -2
9.86265e-05 9.5 18 -2
3.08517e-05 10.5 17 -2.5
0.000150248 9.5 18 -2.5
0.000183374 10 17.5 -2.5
0.000193516 9.5 18 -3
0.000181938 10 17.5 -3
2.37433e-05 9 18.5 -3
0.000228308 9.5 18 -3.5
0.000159872 10 17.5 -3.5
5.45703e-05 9 18.5 -3.5
8.28964e-05 9 18.5 -4
9.00265e-05 10 17.5 -4.5
0.000249338 9.5 18 -4
0.00011861 9 18.5 -4.5
5.24338e-05 10 17.5 -5
0.000257515 9.5 18 -4.5
0.000127036 10 17.5 -4
8.6475e-05 9 18 -9.5
0.000162183 9 18.5 -5
0.000258941 9.5 18 -5
0.000192047 9 18.5 -5.5
0.000235938 9.5 18 -5.5
0.000206841 9 18.5 -6
0.000212282 9 18.5 -6.5
0.000203659 9 18.5 -7
0.000128693 9.5 18 -7
2.0556e-05 8.5 19 -7.5
4.62918e-05 9.5 18 -8
0.0001276 9 18.5 -8.5
5.53008e-05 9 18.5 -9.5
4.67309e-05 10.5 17.5 0
2.13117e-05 11 17 0
2.22283e-05 10 18 -0.5
7.76067e-05 10.5 17.5 -0.5
6.07135e-05 10 18 -1
9.06891e-05 10.5 17.5 -1
9.66011e-05 10 18 -1.5
9.17511e-05 10.5 17.5 -1.5
7.88046e-05 10.5 17.5 -2
2.96187e-05 9 18.5 -10
0.000126769 10 18 -2
9.15426e-05 9 18.5 -9
2.29308e-05 9.5 18.5 -2
0.000147504 10 18 -2.5
5.84862e-05 10.5 17.5 -2.5
5.27666e-05 9.5 18.5 -2.5
0.000161679 10 18 -3
3.58622e-05 10.5 17.5 -3
8.82793e-05 9.5 18.5 -3
0.000162862 10 18 -3.5
0.000123937 9.5 18.5 -3.5
0.000156816 9 18.5 -8
0.000181927 9 18.5 -7.5
0.000148656 9.5 18.5 -4
0.000150529 10 18 -4
0.000165 9.5 18.5 -4.5
0.000124589 10 18 -4.5
0.000171873 9.5 18.5 -5
3.30517e-05 9 19 -5
4.51655e-05 9 19 -5.5
2.09066e-05 10 18 -6
0.000174397 9.5 18.5 -5.5
5.36236e-05 9 19 -6
0.000165576 9.5 18.5 -6
5.99268e-05 9 19 -6.5
5.96512e-05 9 19 -7
5.45853e-05 9 19 -7.5
3.33643e-05 9.5 18.5 -8.5
3.49693e-05 9 19 -8.5
2.72684e-05 10.5 18 -0.5
2.1286e-05 11 17.5 -0.5
5.55885e-05 10.5 18 -1
7.17234e-05 10.5 18 -1.5
2.17798e-05 10 18.5 -1.5
4.78992e-05 9 19 -8
4.96509e-05 10 18.5 -2
7.6108e-05 10.5 18 -2
7.71526e-05 10 18.5 -2.5
7.13027e-05 10.5 18 -2.5
3.74704e-05 10.5 18 -3.5
9.8505e-05 10 18.5 -3
5.55903e-05 10.5 18 -3
0.000112818 10 18.5 -3.5
2.22707e-05 9.5 19 -3.5
0.000116514 10 18.5 -4
4.00333e-05 9.5 19 -4
5.44612e-05 9.5 19 -4.5
0.000104874 10 18.5 -4.5
6.46157e-05 9.5 19 -5
8.6148e-05 10 18.5 -5
6.93536e-05 9.5 19 -5.5
6.847e-05 9.5 19 -6
4.42491e-05 10 18.5 -6
5.9088e-05 9.5 19 -6.5
2.19026e-05 10.5 18.5 -1.5
3.75714e-05 10.5 18.5 -2
4.74121e-05 10.5 18.5 -2.5
2.82074e-05 9.5 19 -8
4.00866e-05 9.5 19 -7.5
5.09765e-05 9.5 19 -7
2.12311e-05 10 19 -3
4.90833e-05 10.5 18.5 -3
3.27157e-05 10 19 -3.5
3.92529e-05 10.5 18.5 -3.5
4.01623e-05 10 19 -4
4.37998e-05 10 19 -4.5
4.48028e-05 10 19 -5
2.95136e-05 10 19 -6
3.85288e-05 10 19 -5.5
2.78996e-05 10.5 18.5 -4
6.60175e-05 10 18.5 -5.5
5.3069e-05 9.5 18.5 -8
8.24837e-05 9.5 18.5 -7.5
0.000114791 9.5 18.5 -7
0.000143538 9.5 18.5 -6.5
5.33512e-05 10 18 -5.5
8.87065e-05 10 18 -5
8.53833e-05 9.5 18 -7.5
0.000172655 9.5 18 -6.5
0.000208859 9.5 18 -6
0.000185536 9 18 -8.5
0.000243196 9 18 -8
0.000294155 9 18 -7.5
0.000126957 9.5 17.5 -6.5
0.000181162 9.5 17.5 -6
5.7674e-05 9 17.5 -9.5
0.000186302 9 17.5 -8.5
0.000322719 9 17.5 -7.5
0.000106427 9 17 -8.5
0.000170374 9 17 -8
0.000242351 9 17 -7.5
0.000341243 8.5 17 -9.5
0.000499976 8.5 17 -8.5
0.000547201 8.5 17 -8
0.000556132 8.5 17 -7.5
0.000192381 9 16.5 -7
0.000222841 8.5 16.5 -9.5
0.000311352 8.5 16.5 -9
0.000386739 8.5 16.5 -8.5
0.000440615 8.5 16.5 -8
3.4825e-05 9 16 -7.5
0.000207166 8.5 16 -8.5
0.00053486 8 16 -9.5
0.000129561 8 15.5 -11
0.000261207 8 15.5 -10
0.00030305 8 15.5 -9.5
0.00031632 8 15.5 -9
0.000656504 7.5 15.5 -10
0.000116356 8 15 -8.5
0.00039507 7.5 15 -10.5
0.000372544 7.5 15 -10
2.40003e-05 8 14.5 -9.5
2.92885e-05 8 14.5 -9
0.000151139 7.5 14.5 -11
0.000156115 7.5 14.5 -10.5
0.000138942 7.5 14.5 -10
0.000109219 7.5 14.5 -9.5
0.00042604 7 14.5 -11
0.000314892 7 14.5 -10.5
0.000225935 7 14.5 -10
3.30037e-05 7.5 14 -10
0.000162562 7 14 -11
5.62481e-05 7 13.5 -11.5
3.75884e-05 7 13.5 -11
2.14929e-05 7 13.5 -10.5
4.80316e-05 6.5 13 -12
2.26292e-05 6.5 13 -11.5
