0.378019
2.69608e-05 -3.5 -1.5 -8.5
3.87445e-05 -3.5 -1.5 -9
4.32064e-05 -3.5 -1.5 -9.5
3.8255e-05 -3.5 -1.5 -10
2.10337e-05 -3.5 -1 -8
2.77271e-05 -3 -1.5 -9
3.36608e-05 -3.5 -1 -8.5
4.55445e-05 -3 -1.5 -9.5
4.42537e-05 -3.5 -1 -9
5.64948e-05 -3 -1.5 -10
4.47939e-05 -3.5 -1 -9.5
3.34752e-05 -3 -1.5 -10.5
3.92686e-05 -3.5 -1 -10
2.11396e-05 -3 -1 -7.5
6.16845e-05 -3 -1 -8
0.000139143 -3 -1 -8.5
0.000199431 -3 -1 -9
2.56818e-05 -3.5 -0.5 -8.5
0.000197721 -3 -1 -9.5
3.04579e-05 -3.5 -0.5 -9
2.06212e-05 -2.5 -1.5 -10.5
0.000148211 -3 -1 -10
3.02807e-05 -3.5 -0.5 -9.5
6.3927e-05 -3 -1 -10.5
3.11445e-05 -3.5 -0.5 -10
7.00405e-05 -3 -0.5 -7.5
2.15411e-05 -2.5 -1 -8.5
0.000175287 -3 -0.5 -8
6.95485e-05 -2.5 -1 -9
0.000280403 -3 -0.5 -8.5
0.000132579 -2.5 -1 -9.5
0.000299241 -3 -0.5 -9
0.000135859 -2.5 -1 -10
0.000284725 -3 -0.5 -9.5
8.50399e-05 -2.5 -1 -10.5
0.000191525 -3 -0.5 -10
6.62416e-05 -3 -0.5 -10.5
6.9093e-05 -2.5 -0.5 -7.5
0.000233865 -2.5 -0.5 -8
6.41853e-05 -3 0 -7.5
0.000471628 -2.5 -0.5 -8.5
0.000159427 -3 0 -8
0.000635195 -2.5 -0.5 -9
0.000243157 -3 0 -8.5
3.25264e-05 -2 -1 -10
0.000600578 -2.5 -0.5 -9.5
0.000250941 -3 0 -9
3.53479e-05 -2 -1 -10.5
0.000398732 -2.5 -0.5 -10
0.000243761 -3 0 -9.5
0.000138431 -2.5 -0.5 -10.5
0.000172618 -3 0 -10
6.39441e-05 -3 0 -10.5
2.76989e-05 -2.5 0 -6.5
0.000143407 -2.5 0 -7
0.000491648 -2.5 0 -7.5
8.14505e-05 -2 -0.5 -8.5
0.000997175 -2.5 0 -8
2.70154e-05 -3 0.5 -7.5
0.000199983 -2 -0.5 -9
0.00137251 -2.5 0 -8.5
7.72846e-05 -3 0.5 -8
0.000317405 -2 -0.5 -9.5
0.00139043 -2.5 0 -9
0.000115001 -3 0.5 -8.5
0.000281622 -2 -0.5 -10
0.00115722 -2.5 0 -9.5
0.000114862 -3 0.5 -9
0.000134105 -2 -0.5 -10.5
0.000593222 -2.5 0 -10
0.000111429 -3 0.5 -9.5
2.18541e-05 -2 -0.5 -11
0.000127998 -2.5 0 -10.5
0.000100184 -3 0.5 -10
5.71398e-05 -3 0.5 -10.5
4.88168e-05 -2 0 -7
3.2059e-05 -2.5 0.5 -6.5
0.000269782 -2 0 -7.5
0.000190406 -2.5 0.5 -7
0.000797802 -2 0 -8
0.000641837 -2.5 0.5 -7.5
0.00135321 -2 0 -8.5
0.00122627 -2.5 0.5 -8
2.59973e-05 -1.5 -0.5 -9.5
0.00150098 -2 0 -9
0.00144275 -2.5 0.5 -8.5
5.27765e-05 -1.5 -0.5 -10
0.00130803 -2 0 -9.5
0.00142816 -2.5 0.5 -9
2.71718e-05 -3 1 -8.5
4.82853e-05 -1.5 -0.5 -10.5
0.000759654 -2 0 -10
0.00117966 -2.5 0.5 -9.5
2.62289e-05 -3 1 -9
0.000209625 -2 0 -10.5
0.000597738 -2.5 0.5 -10
2.4429e-05 -3 1 -9.5
0.000108888 -2.5 0.5 -10.5
2.79085e-05 -3 1 -10
3.68831e-05 -3 1 -10.5
3.01832e-05 -2 0.5 -6
0.000166781 -2 0.5 -6.5
0.000737703 -2 0.5 -7
7.46347e-05 -1.5 0 -8
0.00193416 -2 0.5 -7.5
7.03078e-05 -2.5 1 -7
0.000262592 -1.5 0 -8.5
0.00326472 -2 0.5 -8
0.000346642 -2.5 1 -7.5
0.000456636 -1.5 0 -9
0.00376487 -2 0.5 -8.5
0.000706077 -2.5 1 -8
0.000528181 -1.5 0 -9.5
0.00362229 -2 0.5 -9
0.000791051 -2.5 1 -8.5
0.000399186 -1.5 0 -10
0.00265913 -2 0.5 -9.5
0.000785358 -2.5 1 -9
0.000157895 -1.5 0 -10.5
0.00117189 -2 0.5 -10
0.000733486 -2.5 1 -9.5
0.000180143 -2 0.5 -10.5
0.000424764 -2.5 1 -10
8.39287e-05 -2.5 1 -10.5
3.95126e-05 -1.5 0.5 -6.5
4.30706e-05 -2 1 -6
0.000283188 -1.5 0.5 -7
0.000271615 -2 1 -6.5
2.04143e-05 -1 0 -8
0.00106843 -1.5 0.5 -7.5
0.00130421 -2 1 -7
2.68245e-05 -1 0 -8.5
0.00212448 -1.5 0.5 -8
0.00309953 -2 1 -7.5
3.12367e-05 -1 0 -9
0.00280603 -1.5 0.5 -8.5
0.00459728 -2 1 -8
6.52779e-05 -2.5 1.5 -7.5
3.69459e-05 -1 0 -9.5
0.00278964 -1.5 0.5 -9
0.00477505 -2 1 -8.5
0.000189155 -2.5 1.5 -8
4.87498e-05 -1 0 -10
0.00216979 -1.5 0.5 -9.5
0.00452326 -2 1 -9
0.000210557 -2.5 1.5 -8.5
3.47948e-05 -1 0 -10.5
0.00106622 -1.5 0.5 -10
0.0031359 -2 1 -9.5
0.000204954 -2.5 1.5 -9
0.000226023 -1.5 0.5 -10.5
0.00125945 -2 1 -10
0.000199435 -2.5 1.5 -9.5
0.000132962 -2 1 -10.5
0.000177513 -2.5 1.5 -10
6.13178e-05 -2.5 1.5 -10.5
2.26441e-05 -1.5 1 -5.5
0.000128529 -1.5 1 -6
0.000670414 -1.5 1 -6.5
6.83673e-05 -1 0.5 -7.5
0.00221917 -1.5 1 -7
0.000105962 -2 1.5 -6.5
0.000260957 -1 0.5 -8
0.00460359 -1.5 1 -7.5
0.000878444 -2 1.5 -7
0.000458779 -1 0.5 -8.5
0.00655482 -1.5 1 -8
0.00239379 -2 1.5 -7.5
0.00060293 -1 0.5 -9
0.00681784 -1.5 1 -8.5
0.00340661 -2 1.5 -8
0.000585817 -1 0.5 -9.5
0.00625827 -1.5 1 -9
0.00344618 -2 1.5 -8.5
2.38039e-05 -2.5 2 -8
0.000398497 -1 0.5 -10
0.00414848 -1.5 1 -9.5
0.00333016 -2 1.5 -9
3.0251e-05 -2.5 2 -8.5
0.000142162 -1 0.5 -10.5
0.00162834 -1.5 1 -10
0.00241554 -2 1.5 -9.5
2.93892e-05 -2.5 2 -9
0.000196893 -1.5 1 -10.5
0.000948312 -2 1.5 -10
2.50812e-05 -2.5 2 -9.5
8.71027e-05 -2 1.5 -10.5
2.48312e-05 -2.5 2 -10
3.58492e-05 -2.5 2 -10.5
4.29128e-05 -1 1 -6
3.53457e-05 -1.5 1.5 -5.5
0.00026147 -1 1 -6.5
0.00023146 -1.5 1.5 -6
0.00103571 -1 1 -7
0.00133714 -1.5 1.5 -6.5
2.23289e-05 -0.5 0.5 -8
0.0023378 -1 1 -7.5
0.00418239 -1.5 1.5 -7
2.49552e-05 -0.5 0.5 -8.5
0.00355268 -1 1 -8
0.00767746 -1.5 1.5 -7.5
0.00013674 -2 2 -7
2.30936e-05 -0.5 0.5 -9
0.00390983 -1 1 -8.5
0.0093459 -1.5 1.5 -8
0.000688227 -2 2 -7.5
0.00366963 -1 1 -9
0.00934863 -1.5 1.5 -8.5
0.00108223 -2 2 -8
2.30484e-05 -0.5 0.5 -10
0.00255821 -1 1 -9.5
0.00824125 -1.5 1.5 -9
0.00108252 -2 2 -8.5
0.00113427 -1 1 -10
0.00514658 -1.5 1.5 -9.5
0.00105599 -2 2 -9
0.000200326 -1 1 -10.5
0.00176744 -1.5 1.5 -10
0.000941851 -2 2 -9.5
0.00015492 -1.5 1.5 -10.5
0.000445681 -2 2 -10
3.63753e-05 -2 2 -10.5
6.64868e-05 -1 1.5 -5.5
0.000361769 -1 1.5 -6
4.4795e-05 -0.5 1 -7
0.0016281 -1 1.5 -6.5
0.000124973 -1.5 2 -6
0.000126781 -0.5 1 -7.5
0.00431877 -1 1.5 -7
0.00100514 -1.5 2 -6.5
0.000272496 -0.5 1 -8
0.0075381 -1 1.5 -7.5
0.00374847 -1.5 2 -7
0.000386733 -0.5 1 -8.5
0.00922405 -1 1.5 -8
0.00720367 -1.5 2 -7.5
0.000440947 -0.5 1 -9
0.00923533 -1 1.5 -8.5
0.00836668 -1.5 2 -8
7.9641e-05 -2 2.5 -7.5
0.000405762 -0.5 1 -9.5
0.00801352 -1 1.5 -9
0.00834878 -1.5 2 -8.5
0.000166406 -2 2.5 -8
0.000267792 -0.5 1 -10
0.00491402 -1 1.5 -9.5
0.0073913 -1.5 2 -9
0.000167037 -2 2.5 -8.5
9.81071e-05 -0.5 1 -10.5
0.00171469 -1 1.5 -10
0.00445707 -1.5 2 -9.5
0.000158537 -2 2.5 -9
0.000187771 -1 1.5 -10.5
0.00129581 -1.5 2 -10
0.000138248 -2 2.5 -9.5
8.48291e-05 -1.5 2 -10.5
0.000101589 -2 2.5 -10
2.2805e-05 -2 2.5 -10.5
2.66019e-05 -0.5 1.5 -5.5
0.000142693 -0.5 1.5 -6
0.000124263 -1 2 -5.5
0.000558657 -0.5 1.5 -6.5
0.000725368 -1 2 -6
0.00137323 -0.5 1.5 -7
0.00308982 -1 2 -6.5
0.00245044 -0.5 1.5 -7.5
0.00724183 -1 2 -7
0.000144188 -1.5 2.5 -6.5
0.00328119 -0.5 1.5 -8
0.0113082 -1 2 -7.5
0.00136351 -1.5 2.5 -7
0.00339453 -0.5 1.5 -8.5
0.0124888 -1 2 -8
0.00313511 -1.5 2.5 -7.5
0.00305141 -0.5 1.5 -9
0.0122183 -1 2 -8.5
0.0035396 -1.5 2.5 -8
0.00203057 -0.5 1.5 -9.5
0.00998996 -1 2 -9
0.00351158 -1.5 2.5 -8.5
0.000885069 -0.5 1.5 -10
0.00581619 -1 2 -9.5
0.00316491 -1.5 2.5 -9
0.000164961 -0.5 1.5 -10.5
0.00180768 -1 2 -10
0.00196918 -1.5 2.5 -9.5
0.000148069 -1 2 -10.5
0.00052672 -1.5 2.5 -10
3.17037e-05 -1.5 2.5 -10.5
2.49944e-05 -0.5 2 -5
0.000140402 -0.5 2 -5.5
0.000748528 -0.5 2 -6
8.35081e-05 -1 2.5 -5.5
0.00252275 -0.5 2 -6.5
0.000582321 -1 2.5 -6
2.03203e-05 0 1.5 -7.5
0.0053481 -0.5 2 -7
0.00311077 -1 2.5 -6.5
7.20951e-05 0 1.5 -8
0.0081627 -0.5 2 -7.5
0.00756045 -1 2.5 -7
0.000109796 0 1.5 -8.5
0.0091362 -0.5 2 -8
0.0114088 -1 2.5 -7.5
0.000123963 -1.5 3 -7
0.000134759 0 1.5 -9
0.00894645 -0.5 2 -8.5
0.0120735 -1 2.5 -8
0.000457621 -1.5 3 -7.5
0.000145872 0 1.5 -9.5
0.00728499 -0.5 2 -9
0.0117383 -1 2.5 -8.5
0.000550749 -1.5 3 -8
0.00011716 0 1.5 -10
0.00421788 -0.5 2 -9.5
0.00933775 -1 2.5 -9
0.000545327 -1.5 3 -8.5
5.24724e-05 0 1.5 -10.5
0.00142392 -0.5 2 -10
0.0050372 -1 2.5 -9.5
0.000500929 -1.5 3 -9
0.000153565 -0.5 2 -10.5
0.00120313 -1 2.5 -10
0.000350318 -1.5 3 -9.5
6.21154e-05 -1 2.5 -10.5
0.000119138 -1.5 3 -10
4.33978e-05 0 2 -5.5
4.4669e-05 -0.5 2.5 -5
0.000155606 0 2 -6
0.000257972 -0.5 2.5 -5.5
0.000390211 0 2 -6.5
0.00133173 -0.5 2.5 -6
0.000776155 0 2 -7
0.00413346 -0.5 2.5 -6.5
0.000112923 -1 3 -6
0.00125433 0 2 -7.5
0.00831793 -0.5 2.5 -7
0.00124352 -1 3 -6.5
0.00161194 0 2 -8
0.0117824 -0.5 2.5 -7.5
0.00399747 -1 3 -7
0.00164317 0 2 -8.5
0.0123503 -0.5 2.5 -8
0.00609325 -1 3 -7.5
0.00147844 0 2 -9
0.0119461 -0.5 2.5 -8.5
0.00623252 -1 3 -8
3.62138e-05 -1.5 3.5 -7.5
0.00103976 0 2 -9.5
0.00926284 -0.5 2.5 -9
0.00597455 -1 3 -8.5
5.18955e-05 -1.5 3.5 -8
0.000502444 0 2 -10
0.00504784 -0.5 2.5 -9.5
0.00454554 -1 3 -9
5.19815e-05 -1.5 3.5 -8.5
0.00012323 0 2 -10.5
0.00141568 -0.5 2.5 -10
0.0022482 -1 3 -9.5
4.8761e-05 -1.5 3.5 -9
0.000104242 -0.5 2.5 -10.5
2.7188e-05 -1 3 -10.5
0.000372492 -1 3 -10
3.68496e-05 -1.5 3.5 -9.5
4.04274e-05 0 2.5 -5
0.000219451 0 2.5 -5.5
3.6431e-05 -0.5 3 -5
0.000897798 0 2.5 -6
0.000234851 -0.5 3 -5.5
0.00224371 0 2.5 -6.5
0.00139844 -0.5 3 -6
0.00396587 0 2.5 -7
0.00450339 -0.5 3 -6.5
0.00539642 0 2.5 -7.5
0.0088396 -0.5 3 -7
9.24321e-05 -1 3.5 -6.5
0.00577681 0 2.5 -8
0.0117029 -0.5 3 -7.5
0.000599771 -1 3.5 -7
0.00550858 0 2.5 -8.5
0.0119111 -0.5 3 -8
0.00107905 -1 3.5 -7.5
2.34893e-05 0.5 2 -9.5
0.00426692 0 2.5 -9
0.0110919 -0.5 3 -8.5
0.0010961 -1 3.5 -8
3.30608e-05 0.5 2 -10
0.00248008 0 2.5 -9.5
0.00802255 -0.5 3 -9
0.0010854 -1 3.5 -8.5
2.29738e-05 0.5 2 -10.5
0.000914011 0 2.5 -10
0.00390153 -0.5 3 -9.5
0.000853523 -1 3.5 -9
0.000111497 0 2.5 -10.5
4.66905e-05 -0.5 3 -10.5
6.54952e-05 -1 3.5 -10
0.000771718 -0.5 3 -10
0.000423501 -1 3.5 -9.5
2.86654e-05 0.5 2.5 -5.5
7.33065e-05 0 3 -5
5.55858e-05 0.5 2.5 -6
0.000380288 0 3 -5.5
8.22847e-05 0.5 2.5 -6.5
0.00161518 0 3 -6
6.74616e-05 -0.5 3.5 -5.5
0.000119451 0.5 2.5 -7
0.0041451 0 3 -6.5
0.00061044 -0.5 3.5 -6
0.000212029 0.5 2.5 -7.5
0.0071875 0 3 -7
0.00274757 -0.5 3.5 -6.5
0.000300933 0.5 2.5 -8
0.0090803 0 3 -7.5
0.00564026 -0.5 3.5 -7
0.000331716 0.5 2.5 -8.5
0.00922898 0 3 -8
0.00668352 -0.5 3.5 -7.5
4.08572e-05 -1 4 -7
0.000344177 0.5 2.5 -9
0.00850933 0 3 -8.5
0.0066563 -0.5 3.5 -8
9.19982e-05 -1 4 -7.5
0.000300701 0.5 2.5 -9.5
0.00616779 0 3 -9
0.00587708 -0.5 3.5 -8.5
9.72972e-05 -1 4 -8
0.000203121 0.5 2.5 -10
0.00316784 0 3 -9.5
0.00383682 -0.5 3.5 -9
9.59367e-05 -1 4 -8.5
7.36672e-05 0.5 2.5 -10.5
0.000858596 0 3 -10
6.08344e-05 0 3 -10.5
0.000158021 -0.5 3.5 -10
4.86017e-05 -1 4 -9.5
0.00150984 -0.5 3.5 -9.5
7.89782e-05 -1 4 -9
5.21519e-05 0.5 3 -5
0.000225837 0.5 3 -5.5
7.52452e-05 0 3.5 -5
0.000566574 0.5 3 -6
0.000412855 0 3.5 -5.5
0.000984175 0.5 3 -6.5
0.00178298 0 3.5 -6
0.00150964 0.5 3 -7
0.00437356 0 3.5 -6.5
4.32809e-05 -0.5 4 -6
0.00195255 0.5 3 -7.5
0.00726388 0 3.5 -7
0.000480662 -0.5 4 -6.5
0.00204722 0.5 3 -8
0.00839276 0 3.5 -7.5
0.00119057 -0.5 4 -7
0.00193572 0.5 3 -8.5
0.00832678 0 3.5 -8
0.00138553 -0.5 4 -7.5
0.0015609 0.5 3 -9
0.00725308 0 3.5 -8.5
0.00138383 -0.5 4 -8
0.000999111 0.5 3 -9.5
0.00476964 0 3.5 -9
0.000434426 0.5 3 -10
7.82743e-05 0.5 3 -10.5
0.000347615 0 3.5 -10
2.41683e-05 0 3.5 -10.5
2.05442e-05 -0.5 4 -10
0.000229358 -0.5 4 -9.5
0.00210478 0 3.5 -9.5
0.000736478 -0.5 4 -9
0.00120814 -0.5 4 -8.5
9.10323e-05 0.5 3.5 -5
0.000449064 0.5 3.5 -5.5
2.82059e-05 0 4 -5
0.00133864 0.5 3.5 -6
0.000202152 0 4 -5.5
0.00268522 0.5 3.5 -6.5
0.00115554 0 4 -6
0.0040502 0.5 3.5 -7
0.00283897 0 4 -6.5
0.00465752 0.5 3.5 -7.5
0.00429596 0 4 -7
2.89743e-05 -0.5 4.5 -6.5
2.00182e-05 1 3 -8.5
0.00461926 0.5 3.5 -8
0.00453404 0 4 -7.5
8.85757e-05 -0.5 4.5 -7
2.50758e-05 1 3 -9
0.00402215 0.5 3.5 -8.5
0.00438789 0 4 -8
4.2695e-05 1 3 -9.5
0.00276561 0.5 3.5 -9
0.00343122 0 4 -8.5
0.000110456 -0.5 4.5 -8
5.2776e-05 1 3 -10
0.00138275 0.5 3.5 -9.5
0.00195011 0 4 -9
2.58471e-05 1 3 -10.5
0.00038773 0.5 3.5 -10
3.68639e-05 0.5 3.5 -10.5
6.1235e-05 0 4 -10
2.86412e-05 -0.5 4.5 -9.5
0.00058581 0 4 -9.5
6.77938e-05 -0.5 4.5 -9
0.000103544 -0.5 4.5 -8.5
0.000110047 -0.5 4.5 -7.5
4.18966e-05 1 3.5 -5
2.05001e-05 0.5 4 -4.5
9.43456e-05 1 3.5 -5.5
0.000104986 0.5 4 -5
0.000149315 1 3.5 -6
0.000500814 0.5 4 -5.5
0.000202891 1 3.5 -6.5
0.00148071 0.5 4 -6
2.38804e-05 0 4.5 -5.5
0.000276665 1 3.5 -7
0.00302448 0.5 4 -6.5
0.000248342 0 4.5 -6
0.000360282 1 3.5 -7.5
0.00428359 0.5 4 -7
0.000703552 0 4.5 -6.5
0.00038927 1 3.5 -8
0.00449529 0.5 4 -7.5
0.000993077 0 4.5 -7
0.000382306 1 3.5 -8.5
0.00432457 0.5 4 -8
0.000351794 1 3.5 -9
0.00337802 0.5 4 -8.5
0.000949762 0 4.5 -8
0.000279467 1 3.5 -9.5
0.00197736 0.5 4 -9
0.000146289 1 3.5 -10
6.23351e-05 0 4.5 -9.5
3.746e-05 1 3.5 -10.5
0.00011076 0.5 4 -10
0.000758841 0.5 4 -9.5
0.000311599 0 4.5 -9
0.000675569 0 4.5 -8.5
0.00101009 0 4.5 -7.5
2.15067e-05 1 4 -4.5
0.000101758 1 4 -5
0.00032318 1 4 -5.5
6.11043e-05 0.5 4.5 -5
0.000686053 1 4 -6
0.000347602 0.5 4.5 -5.5
0.0010751 1 4 -6.5
0.000978319 0.5 4.5 -6
0.0014113 1 4 -7
0.00174502 0.5 4.5 -6.5
0.00151097 1 4 -7.5
0.00209218 0.5 4.5 -7
4.75146e-05 0 5 -6.5
0.00145346 1 4 -8
0.00209482 0.5 4.5 -7.5
0.00120513 1 4 -8.5
0.00185109 0.5 4.5 -8
7.3709e-05 0 5 -7.5
5.84223e-05 0 5 -8.5
0.000816313 1 4 -9
0.000400133 1 4 -9.5
0.000110589 1 4 -10
0.000127858 0.5 4.5 -9.5
0.000590091 0.5 4.5 -9
0.00124844 0.5 4.5 -8.5
7.6389e-05 0 5 -8
7.12495e-05 0 5 -7
2.33851e-05 1 4.5 -4.5
0.000114792 1 4.5 -5
0.000396429 1 4.5 -5.5
0.000888766 1 4.5 -6
8.44967e-05 0.5 5 -5.5
0.00140678 1 4.5 -6.5
0.000252738 0.5 5 -6
0.00162902 1 4.5 -7
0.000407123 0.5 5 -6.5
2.02973e-05 1.5 4 -8
0.0016205 1 4.5 -7.5
3.32679e-05 1.5 4 -8.5
0.00140611 1 4.5 -8
0.00042859 0.5 5 -7.5
5.00047e-05 1.5 4 -9
0.000190184 0.5 5 -8.5
5.4161e-05 1.5 4 -9.5
5.70785e-05 0.5 5 -9
2.95247e-05 1.5 4 -10
2.40955e-05 1 4.5 -10
0.000167298 1 4.5 -9.5
0.000493733 1 4.5 -9
0.000961048 1 4.5 -8.5
0.000334863 0.5 5 -8
0.000435102 0.5 5 -7
6.12352e-05 1.5 4.5 -5
0.000123941 1.5 4.5 -5.5
7.59188e-05 1 5 -5
0.000188366 1.5 4.5 -6
0.000244683 1 5 -5.5
0.000263146 1.5 4.5 -6.5
0.000474179 1 5 -6
0.000312661 1.5 4.5 -7
2.23711e-05 0.5 5.5 -6.5
0.00063834 1 5 -6.5
0.000314482 1.5 4.5 -7.5
2.43215e-05 0.5 5.5 -7
0.000290456 1.5 4.5 -8
0.000226159 1.5 4.5 -8.5
0.000493227 1 5 -8
2.4436e-05 0.5 5.5 -7.5
0.000145369 1.5 4.5 -9
0.000291286 1 5 -8.5
0.00010948 1 5 -9
2.10165e-05 1.5 4.5 -10
6.79076e-05 1.5 4.5 -9.5
0.000638294 1 5 -7.5
0.000665793 1 5 -7
7.5234e-05 1.5 5 -5
0.000186691 1.5 5 -5.5
0.000312381 1.5 5 -6
0.000387485 1.5 5 -6.5
0.000395243 1.5 5 -7
0.000112401 1 5.5 -6.5
0.000364258 1.5 5 -7.5
0.000270945 1.5 5 -8
9.76921e-05 1 5.5 -7.5
0.000165725 1.5 5 -8.5
2.12521e-05 1 5.5 -9
7.09919e-05 1.5 5 -9
5.2859e-05 1 5.5 -8
0.000113833 1 5.5 -7
9.14558e-05 1 5.5 -6
4.70362e-05 1 5.5 -5.5
2.37826e-05 2 5 -5.5
2.94635e-05 1.5 5.5 -5
3.27021e-05 2 5 -6
7.48383e-05 1.5 5.5 -5.5
4.19558e-05 2 5 -6.5
0.00011912 1.5 5.5 -6
4.28894e-05 2 5 -7
0.00013797 1.5 5.5 -6.5
3.67288e-05 2 5 -7.5
3.06746e-05 2 5 -8
0.000118459 1.5 5.5 -7.5
2.20941e-05 2 5 -8.5
7.41518e-05 1.5 5.5 -8
2.84518e-05 1.5 5.5 -8.5
2.09879e-05 1.5 5.5 -9
0.000138949 1.5 5.5 -7
3.58107e-05 2 5.5 -5.5
5.22353e-05 2 5.5 -6
5.62755e-05 2 5.5 -6.5
2.37933e-05 2 5.5 -8
4.07818e-05 2 5.5 -7.5
5.33792e-05 2 5.5 -7
