0.788865
3.47759e-05 -5 -10.5 -17
4.2157e-05 -5 -10.5 -18
3.21533e-05 -5 -10.5 -18.5
4.28082e-05 -5 -10.5 -17.5
0.000158393 -4.5 -10 -18
0.000132957 -4.5 -10 -19
3.81252e-05 -4.5 -10 -20
8.68873e-05 -4.5 -10 -19.5
0.000165769 -4.5 -10 -18.5
0.000115987 -4.5 -10 -17.5
5.65836e-05 -4.5 -10 -17
2.46373e-05 -5.5 -11.5 -16
4.95469e-05 -4.5 -10.5 -16.5
2.48493e-05 -5 -11 -16
3.1943e-05 -5.5 -11.5 -17
0.000219696 -4.5 -10.5 -17.5
0.000104853 -5 -11 -17
0.000114777 -5 -11 -18
2.63351e-05 -5.5 -11.5 -17.5
0.000266295 -4.5 -10.5 -18
4.32059e-05 -5 -11 -19
0.000207654 -4.5 -10.5 -19
4.53287e-05 -4.5 -10.5 -20
0.000120454 -4.5 -10.5 -19.5
7.99823e-05 -5 -11 -18.5
0.000268134 -4.5 -10.5 -18.5
0.000122313 -5 -11 -17.5
3.06981e-05 -5.5 -11.5 -16.5
0.000129232 -4.5 -10.5 -17
6.5596e-05 -5 -11 -16.5
8.51585e-05 -4 -10 -17
0.000210885 -4 -10 -17.5
0.000354101 -4 -10 -18
0.000407871 -4 -10 -18.5
6.042e-05 -4.5 -9.5 -18
5.21814e-05 -4.5 -9.5 -19
0.000376276 -4 -10 -19
0.000169606 -4 -10 -20
6.51285e-05 -4 -10 -20.5
3.71353e-05 -4.5 -9.5 -19.5
0.000291924 -4 -10 -19.5
6.35704e-05 -4.5 -9.5 -18.5
3.81476e-05 -4.5 -9.5 -17.5
2.17538e-05 -6 -12.5 -15
7.62693e-05 -5 -11.5 -16
4.38252e-05 -5.5 -12 -15.5
5.17424e-05 -4 -10.5 -16.5
3.32272e-05 -4.5 -11 -16
2.53781e-05 -6 -12.5 -15.5
7.48477e-05 -5.5 -12 -16
2.62021e-05 -6 -12.5 -16
0.000189714 -5 -11.5 -17
9.06433e-05 -5.5 -12 -16.5
0.000278656 -4 -10.5 -17.5
0.000217283 -4.5 -11 -17
8.79698e-05 -5.5 -12 -17
0.000364588 -4 -10.5 -18
0.000326365 -4.5 -11 -18
6.71291e-05 -5.5 -12 -17.5
0.000187278 -5 -11.5 -18
0.000357066 -4 -10.5 -19
4.05918e-05 -5.5 -12 -18
0.000207404 -4.5 -11 -19
6.84189e-05 -5 -11.5 -19
0.000114629 -4 -10.5 -20
3.71506e-05 -4.5 -11 -20
3.22649e-05 -4 -10.5 -20.5
2.58621e-05 -5 -11.5 -19.5
0.000109794 -4.5 -11 -19.5
0.00025181 -4 -10.5 -19.5
0.000129524 -5 -11.5 -18.5
0.000291496 -4.5 -11 -18.5
0.00040238 -4 -10.5 -18.5
0.000206524 -5 -11.5 -17.5
0.000298981 -4.5 -11 -17.5
0.000140677 -5 -11.5 -16.5
0.000153583 -4 -10.5 -17
0.000112405 -4.5 -11 -16.5
2.33869e-05 -5 -11.5 -15.5
3.92985e-05 -3.5 -10 -17
0.000123248 -3.5 -10 -17.5
3.36305e-05 -4 -9.5 -17
0.000245179 -3.5 -10 -18
0.000356155 -3.5 -10 -18.5
0.000393192 -3.5 -10 -19
0.000326635 -4 -9.5 -18.5
0.000334682 -3.5 -10 -19.5
0.000210458 -3.5 -10 -20
8.99883e-05 -3.5 -10 -20.5
0.000186853 -4 -9.5 -20
2.74286e-05 -3.5 -10 -21
7.92284e-05 -4 -9.5 -20.5
0.000294711 -4 -9.5 -19.5
0.000360295 -4 -9.5 -19
0.00024167 -4 -9.5 -18
0.000118426 -4 -9.5 -17.5
2.21289e-05 -6.5 -13.5 -14
3.8116e-05 -6 -13 -14.5
5.64197e-05 -5.5 -12.5 -15
8.81431e-05 -4.5 -11.5 -16
6.99512e-05 -5 -12 -15.5
2.4521e-05 -6.5 -13.5 -14.5
0.000103803 -5.5 -12.5 -15.5
0.000144656 -5 -12 -16
6.22118e-05 -6 -13 -15
7.21257e-05 -6 -13 -15.5
0.000141274 -5.5 -12.5 -16
9.1867e-05 -3.5 -10.5 -17.5
0.000271459 -4.5 -11.5 -17
0.000211347 -5 -12 -16.5
0.000153136 -4 -11 -17
0.000165801 -3.5 -10.5 -18
0.000157536 -5.5 -12.5 -16.5
0.000246653 -5 -12 -17
6.8094e-05 -6 -13 -16
0.000334237 -4 -11 -18
5.27968e-05 -6 -13 -16.5
0.000148654 -5.5 -12.5 -17
0.000322031 -4.5 -11.5 -18
3.59972e-05 -6 -13 -17
0.000237919 -3.5 -10.5 -19
0.000196838 -5 -12 -18
0.000112593 -5.5 -12.5 -17.5
0.000279026 -4 -11 -19
0.000185178 -3.5 -10.5 -19.5
0.000127374 -5 -12 -18.5
0.000168232 -4.5 -11.5 -19
2.96214e-05 -5.5 -12.5 -18.5
0.000104554 -3.5 -10.5 -20
6.1979e-05 -5 -12 -19
6.16631e-05 -4 -11 -20
2.79869e-05 -3.5 -10.5 -20.5
7.03214e-05 -4.5 -11.5 -19.5
0.000164433 -4 -11 -19.5
6.82065e-05 -5.5 -12.5 -18
0.000266168 -4.5 -11.5 -18.5
0.00034767 -4 -11 -18.5
0.000251379 -5 -12 -17.5
0.000225999 -3.5 -10.5 -18.5
0.000310798 -4.5 -11.5 -17.5
0.000266432 -4 -11 -17.5
0.000183193 -4.5 -11.5 -16.5
3.30834e-05 -3.5 -10.5 -17
6.65539e-05 -4 -11 -16.5
3.43918e-05 -3.5 -9.5 -17
2.95373e-05 -3 -10 -18
0.000128245 -3.5 -9.5 -17.5
6.16135e-05 -3 -10 -18.5
0.000278014 -3.5 -9.5 -18
7.49159e-05 -3 -10 -19
0.000404905 -3.5 -9.5 -18.5
7.4956e-05 -3 -10 -19.5
0.000467446 -3.5 -9.5 -19
6.17332e-05 -3 -10 -20
0.000433341 -3.5 -9.5 -19.5
2.43163e-05 -3 -10 -20.5
0.000319181 -3.5 -9.5 -20
5.42409e-05 -3.5 -9.5 -21
2.08847e-05 -4 -9 -21
7.73336e-05 -4 -9 -20.5
0.000168254 -3.5 -9.5 -20.5
0.00014269 -4 -9 -20
0.000199067 -4 -9 -19.5
0.00022333 -4 -9 -19
0.000204235 -4 -9 -18.5
0.000134698 -4 -9 -18
5.01267e-05 -4 -9 -17.5
2.05227e-05 -7 -14.5 -12.5
2.27377e-05 -6.5 -14 -13
2.21972e-05 -6 -13.5 -13.5
2.46549e-05 -7 -14.5 -13
4.02393e-05 -6.5 -14 -13.5
5.21191e-05 -6 -13.5 -14
5.91996e-05 -5.5 -13 -14.5
5.98791e-05 -5 -12.5 -15
2.53461e-05 -7 -14.5 -13.5
5.60812e-05 -6.5 -14 -14
8.84257e-05 -6 -13.5 -14.5
0.000130933 -5 -12.5 -15.5
0.00010563 -4.5 -12 -16
0.000113698 -5.5 -13 -15
6.07531e-05 -6.5 -14 -14.5
0.000115203 -6 -13.5 -15
0.000159808 -5.5 -13 -15.5
0.000198889 -5 -12.5 -16
2.39238e-05 -3.5 -11 -17
0.000126015 -4 -11.5 -17
5.25222e-05 -6.5 -14 -15
0.000124352 -6 -13.5 -15.5
0.000242902 -5 -12.5 -16.5
0.000260741 -4.5 -12 -17
0.000187859 -5.5 -13 -16
4.26463e-05 -6.5 -14 -15.5
0.000114266 -6 -13.5 -16
0.000197339 -5.5 -13 -16.5
8.29073e-05 -3.5 -11 -18
0.00025564 -5 -12.5 -17
0.00022414 -4 -11.5 -18
2.73343e-05 -6.5 -14 -16
8.99313e-05 -6 -13.5 -16.5
0.000268203 -4.5 -12 -18
0.00023242 -5 -12.5 -17.5
0.000106892 -3.5 -11 -19
0.000112629 -5.5 -13 -17.5
5.7842e-05 -6 -13.5 -17
0.00015437 -4 -11.5 -19
6.95317e-05 -3.5 -11 -19.5
6.43961e-05 -5.5 -13 -18
9.50259e-05 -5 -12.5 -18.5
0.000103413 -4.5 -12 -19
2.5881e-05 -3.5 -11 -20
2.6578e-05 -5.5 -13 -18.5
3.50317e-05 -4.5 -12 -19.5
3.77215e-05 -5 -12.5 -19
6.91391e-05 -4 -11.5 -19.5
3.10402e-05 -6 -13.5 -17.5
0.00019399 -4.5 -12 -18.5
0.000166694 -5 -12.5 -18
0.000213518 -4 -11.5 -18.5
0.000163653 -5.5 -13 -17
0.000104186 -3.5 -11 -18.5
0.000288026 -4.5 -12 -17.5
0.000195121 -4 -11.5 -17.5
5.39698e-05 -3.5 -11 -17.5
0.000185648 -4.5 -12 -16.5
5.94293e-05 -4 -11.5 -16.5
4.27185e-05 -4.5 -12 -15.5
5.79779e-05 -3 -9.5 -18
7.13168e-05 -3.5 -9 -17.5
0.000136856 -3 -9.5 -18.5
0.00022089 -3.5 -9 -18
0.00018119 -3 -9.5 -19
0.000392652 -3.5 -9 -18.5
0.000193814 -3 -9.5 -19.5
0.000482056 -3.5 -9 -19
0.000178952 -3 -9.5 -20
8.95652e-05 -4 -8.5 -19.5
0.000467948 -3.5 -9 -19.5
0.000109952 -3 -9.5 -20.5
3.89469e-05 -3 -9.5 -21
9.8173e-05 -3.5 -9 -21
3.64265e-05 -4 -8.5 -20.5
0.000234869 -3.5 -9 -20.5
6.24824e-05 -4 -8.5 -20
0.000379117 -3.5 -9 -20
0.000100188 -4 -8.5 -19
8.62623e-05 -4 -8.5 -18.5
4.31204e-05 -4 -8.5 -18
2.45035e-05 -7.5 -15.5 -11.5
3.18449e-05 -7 -15 -12
2.95763e-05 -6.5 -14.5 -12.5
2.33341e-05 -6 -14 -13
4.65431e-05 -7 -15 -12.5
2.72866e-05 -7.5 -15.5 -12
5.54872e-05 -6.5 -14.5 -13
5.95349e-05 -6 -14 -13.5
5.36001e-05 -5.5 -13.5 -14
3.54505e-05 -5 -13 -14.5
2.81708e-05 -7.5 -15.5 -12.5
5.23723e-05 -7 -15 -13
8.15769e-05 -6.5 -14.5 -13.5
0.00010068 -6 -14 -14
0.000109846 -5.5 -13.5 -14.5
2.33495e-05 -7.5 -15.5 -13
5.34375e-05 -7 -15 -13.5
9.6463e-05 -6.5 -14.5 -14
0.000135097 -6 -14 -14.5
0.000158763 -5.5 -13.5 -15
0.000144817 -5 -13 -15.5
4.26906e-05 -4.5 -12.5 -15.5
4.31881e-05 -7 -15 -14
0.000101635 -6.5 -14.5 -14.5
0.000150113 -6 -14 -15
4.1472e-05 -4 -12 -16.5
0.000188408 -5.5 -13.5 -15.5
0.00015479 -4.5 -12.5 -16.5
8.98688e-05 -6.5 -14.5 -15
3.17114e-05 -7 -15 -14.5
0.000151466 -6 -14 -15.5
0.000197811 -5.5 -13.5 -16
0.000225886 -5 -13 -16.5
0.000194019 -4.5 -12.5 -17
7.49694e-05 -4 -12 -17
2.05791e-05 -3.5 -11.5 -18
6.82676e-05 -6.5 -14.5 -15.5
0.000124449 -6 -14 -16
0.000181479 -5.5 -13.5 -16.5
4.18081e-05 -6.5 -14.5 -16
8.88698e-05 -6 -14 -16.5
0.000177738 -5 -13 -17.5
0.000140542 -5.5 -13.5 -17
3.35528e-05 -3.5 -11.5 -18.5
0.000113423 -4 -12 -18
0.000207646 -4.5 -12.5 -17.5
2.56776e-05 -3.5 -11.5 -19
5.33482e-05 -6 -14 -17
4.40785e-05 -5.5 -13.5 -18
2.52516e-05 -6 -14 -17.5
5.16913e-05 -5 -13 -18.5
5.87101e-05 -4 -12 -19
0.000100927 -4.5 -12.5 -18.5
2.00389e-05 -5.5 -13.5 -18.5
4.24594e-05 -4.5 -12.5 -19
0.000112065 -5 -13 -18
8.88708e-05 -5.5 -13.5 -17.5
9.41116e-05 -4 -12 -18.5
0.000165836 -4.5 -12.5 -18
0.000229046 -5 -13 -17
0.000103531 -4 -12 -17.5
0.000198162 -5 -13 -16
9.52593e-05 -4.5 -12.5 -16
8.41777e-05 -5 -13 -15
2.33651e-05 -3 -9 -17.5
9.04346e-05 -3 -9 -18
0.000225958 -3 -9 -18.5
0.000125156 -3.5 -8.5 -18
0.000329333 -3 -9 -19
0.000365574 -3 -9 -19.5
0.000347463 -3 -9 -20
0.000430362 -3.5 -8.5 -19.5
0.000245225 -3 -9 -20.5
0.000111773 -3 -9 -21
0.000126439 -3.5 -8.5 -21
3.0522e-05 -3.5 -8.5 -21.5
0.00027054 -3.5 -8.5 -20.5
0.000392643 -3.5 -8.5 -20
2.55009e-05 -8 -16.5 -10
2.80836e-05 -7.5 -16 -10.5
2.49762e-05 -7 -15.5 -11
2.87361e-05 -8 -16.5 -10.5
4.11582e-05 -7.5 -16 -11
4.30742e-05 -7 -15.5 -11.5
3.42475e-05 -6.5 -15 -12
2.20365e-05 -6 -14.5 -12.5
2.17641e-05 -4 -8 -19
0.000389582 -3.5 -8.5 -19
2.75835e-05 -8 -16.5 -11
4.77139e-05 -7.5 -16 -11.5
6.46302e-05 -6.5 -15 -12.5
5.73056e-05 -6 -14.5 -13
5.93214e-05 -7 -15.5 -12
3.46763e-05 -5.5 -14 -13.5
2.20394e-05 -8 -16.5 -11.5
7.58449e-05 -7 -15.5 -12.5
5.06352e-05 -7.5 -16 -12
9.37742e-05 -6.5 -15 -13
9.8551e-05 -6 -14.5 -13.5
7.18012e-05 -5.5 -14 -14
4.75111e-05 -7.5 -16 -12.5
8.15379e-05 -7 -15.5 -13
0.000111077 -6.5 -15 -13.5
0.000119914 -5.5 -14 -14.5
3.56985e-05 -7.5 -16 -13
7.67851e-05 -7 -15.5 -13.5
0.000118161 -6.5 -15 -14
3.49229e-05 -4.5 -13 -15.5
0.000158002 -5.5 -14 -15
0.000147507 -6 -14.5 -14.5
7.85207e-05 -5 -13.5 -15
2.43509e-05 -7.5 -16 -13.5
6.44969e-05 -7 -15.5 -14
0.000152192 -6 -14.5 -15
0.00011278 -6.5 -15 -14.5
0.000176026 -5.5 -14 -15.5
6.55934e-05 -4.5 -13 -16
4.62245e-05 -7 -15.5 -14.5
9.23881e-05 -6.5 -15 -15
3.57661e-05 -4 -12.5 -17
0.000135501 -6 -14.5 -15.5
0.00017662 -5.5 -14 -16
0.000175199 -5 -13.5 -16.5
9.52265e-05 -4.5 -13 -16.5
4.11719e-05 -4 -12.5 -17.5
2.91229e-05 -7 -15.5 -15
0.000105319 -6 -14.5 -16
0.000139715 -5.5 -14 -16.5
6.5408e-05 -6.5 -15 -15.5
3.19176e-05 -4 -12.5 -18
0.000107405 -4.5 -13 -17.5
0.000150905 -5 -13.5 -17
3.76005e-05 -6.5 -15 -16
6.76608e-05 -6 -14.5 -16.5
9.26939e-05 -5.5 -14 -17
3.20222e-05 -4.5 -13 -18.5
5.15742e-05 -5 -13.5 -18
4.65994e-05 -5.5 -14 -17.5
3.52232e-05 -6 -14.5 -17
2.13283e-05 -5 -13.5 -18.5
7.41464e-05 -4.5 -13 -18
0.000100186 -5 -13.5 -17.5
0.00010732 -4.5 -13 -17
0.000159969 -5 -13.5 -16
0.000122882 -5 -13.5 -15.5
0.000129618 -6 -14.5 -14
3.75395e-05 -5 -13.5 -14.5
0.000268093 -3.5 -8.5 -18.5
2.91982e-05 -3.5 -8.5 -17.5
2.42242e-05 -3 -8.5 -17.5
0.000103046 -3 -8.5 -18
2.84384e-05 -2.5 -9 -19
0.000273343 -3 -8.5 -18.5
5.44576e-05 -3.5 -8 -18
3.81226e-05 -2.5 -9 -19.5
0.000436056 -3 -8.5 -19
4.29235e-05 -2.5 -9 -20
0.000510211 -3 -8.5 -19.5
3.279e-05 -2.5 -9 -20.5
0.000497307 -3 -8.5 -20
0.000301626 -3.5 -8 -19.5
0.000220014 -3 -8.5 -21
0.000231502 -3.5 -8 -20.5
6.1495e-05 -3 -8.5 -21.5
0.000126387 -3.5 -8 -21
3.53854e-05 -3.5 -8 -21.5
3.32905e-05 -8 -17 -9.5
3.28177e-05 -7.5 -16.5 -10
0.000396495 -3 -8.5 -20.5
0.000287027 -3.5 -8 -20
2.07779e-05 -8.5 -17.5 -9.5
4.06952e-05 -8 -17 -10
4.99192e-05 -7.5 -16.5 -10.5
4.96003e-05 -7 -16 -11
3.14233e-05 -6.5 -15.5 -11.5
4.22516e-05 -8 -17 -10.5
5.73447e-05 -7.5 -16.5 -11
6.68806e-05 -7 -16 -11.5
3.63303e-05 -6 -15 -12.5
6.03567e-05 -6.5 -15.5 -12
3.72118e-05 -8 -17 -11
6.17051e-05 -7.5 -16.5 -11.5
8.55738e-05 -6.5 -15.5 -12.5
7.77359e-05 -7 -16 -12
6.46174e-05 -6 -15 -13
3.53488e-05 -5.5 -14.5 -13.5
2.88017e-05 -8 -17 -11.5
5.98684e-05 -7.5 -16.5 -12
8.1231e-05 -7 -16 -12.5
0.000101323 -6.5 -15.5 -13
0.00010015 -6 -15 -13.5
6.63373e-05 -5.5 -14.5 -14
5.06364e-05 -7.5 -16.5 -12.5
8.33935e-05 -7 -16 -13
0.000111034 -6.5 -15.5 -13.5
0.000125048 -6 -15 -14
0.000100458 -5.5 -14.5 -14.5
3.23472e-05 -5 -14 -14.5
3.91419e-05 -7.5 -16.5 -13
7.57694e-05 -7 -16 -13.5
0.000114034 -6.5 -15.5 -14
2.78338e-05 -7.5 -16.5 -13.5
9.73402e-05 -6.5 -15.5 -14.5
6.05335e-05 -7 -16 -14
0.000130977 -6 -15 -15
3.39651e-05 -4.5 -13.5 -16
7.96797e-05 -5 -14 -15.5
0.000126413 -5.5 -14.5 -15
4.07869e-05 -7 -16 -14.5
4.10817e-05 -4.5 -13.5 -16.5
7.51973e-05 -6.5 -15.5 -15
0.000113843 -5.5 -14.5 -16
4.8768e-05 -6.5 -15.5 -15.5
6.77283e-05 -6 -15 -16
2.44406e-05 -7 -16 -15
3.89488e-05 -4.5 -13.5 -17
7.57913e-05 -5.5 -14.5 -16.5
9.05609e-05 -5 -14 -16.5
2.10423e-05 -4.5 -13.5 -17.5
2.50121e-05 -6.5 -15.5 -16
2.75744e-05 -5 -14 -17.5
4.01246e-05 -5.5 -14.5 -17
3.71214e-05 -6 -15 -16.5
6.14811e-05 -5 -14 -17
0.000101854 -6 -15 -15.5
9.09051e-05 -5 -14 -16
0.000136505 -5.5 -14.5 -15.5
0.000135921 -6 -15 -14.5
5.74997e-05 -5 -14 -15
0.000266723 -3.5 -8 -19
0.000163025 -3.5 -8 -18.5
4.04252e-05 -2.5 -8.5 -18.5
8.20269e-05 -3 -8 -18
8.0518e-05 -2.5 -8.5 -19
0.000252123 -3 -8 -18.5
0.000120231 -2.5 -8.5 -19.5
0.000450234 -3 -8 -19
0.000142669 -2.5 -8.5 -20
0.000550946 -3 -8 -19.5
0.000138317 -2.5 -8.5 -20.5
0.000554374 -3 -8 -20
0.000159116 -3.5 -7.5 -19.5
9.33047e-05 -2.5 -8.5 -21
2.83314e-05 -2.5 -8.5 -21.5
0.000318252 -3 -8 -21
0.000125224 -3.5 -7.5 -20.5
0.00011986 -3 -8 -21.5
6.54359e-05 -3.5 -7.5 -21
2.65171e-05 -8 -17.5 -9
2.15839e-05 -3.5 -7.5 -21.5
3.79945e-05 -8 -17.5 -9.5
4.63248e-05 -7.5 -17 -10
3.57612e-05 -7 -16.5 -10.5
0.000493634 -3 -8 -20.5
2.06105e-05 -8.5 -18 -9.5
4.00953e-05 -8 -17.5 -10
5.39425e-05 -7.5 -17 -10.5
5.55836e-05 -7 -16.5 -11
3.78942e-05 -6.5 -16 -11.5
4.00954e-05 -8 -17.5 -10.5
5.69415e-05 -7.5 -17 -11
6.76928e-05 -7 -16.5 -11.5
3.54152e-05 -6 -15.5 -12.5
5.84549e-05 -6.5 -16 -12
3.35434e-05 -8 -17.5 -11
5.73686e-05 -7.5 -17 -11.5
7.5054e-05 -7 -16.5 -12
8.04856e-05 -6.5 -16 -12.5
5.82324e-05 -6 -15.5 -13
2.53055e-05 -8 -17.5 -11.5
5.29186e-05 -7.5 -17 -12
7.77979e-05 -7 -16.5 -12.5
9.16136e-05 -6.5 -16 -13
8.05882e-05 -6 -15.5 -13.5
4.40185e-05 -7.5 -17 -12.5
7.21849e-05 -7 -16.5 -13
9.55829e-05 -6.5 -16 -13.5
9.20391e-05 -6 -15.5 -14
2.97932e-05 -5 -14.5 -15
3.23306e-05 -7.5 -17 -13
5.72637e-05 -7 -16.5 -13.5
9.75522e-05 -6 -15.5 -14.5
8.49982e-05 -6.5 -16 -14
3.4964e-05 -5 -14.5 -15.5
7.21403e-05 -5.5 -15 -15
3.84273e-05 -7 -16.5 -14
6.53928e-05 -6.5 -16 -14.5
8.07887e-05 -6 -15.5 -15
2.10488e-05 -7 -16.5 -14.5
5.62947e-05 -6 -15.5 -15.5
4.84391e-05 -5.5 -15 -16
4.29962e-05 -6.5 -16 -15
3.33067e-05 -5 -14.5 -16
2.48296e-05 -6.5 -16 -15.5
3.04631e-05 -6 -15.5 -16
2.1432e-05 -6.5 -16 -16.5
2.69414e-05 -5.5 -15 -16.5
7.0549e-05 -5.5 -15 -15.5
6.4339e-05 -5.5 -15 -14.5
4.85401e-05 -5.5 -15 -14
3.01574e-05 -5.5 -15 -13.5
0.000154487 -3.5 -7.5 -20
0.000119862 -3.5 -7.5 -19
5.56507e-05 -3.5 -7.5 -18.5
7.24097e-05 -2.5 -8 -18.5
0.000165879 -2.5 -8 -19
0.000149663 -3 -7.5 -18.5
0.00028131 -2.5 -8 -19.5
0.000336606 -2.5 -8 -20
0.000325337 -2.5 -8 -20.5
0.000236581 -2.5 -8 -21
0.00051813 -3 -7.5 -20.5
0.000118482 -2.5 -8 -21.5
2.29494e-05 -2.5 -8 -22
2.45914e-05 -8 -18 -9
3.3751e-05 -3 -7.5 -22
2.90576e-05 -7.5 -17.5 -9.5
0.000162488 -3 -7.5 -21.5
3.08699e-05 -8 -18 -9.5
4.15016e-05 -7.5 -17.5 -10
3.51792e-05 -7 -17 -10.5
2.01303e-05 -9 -19 -9
3.18768e-05 -8 -18 -10
4.523e-05 -7.5 -17.5 -10.5
4.92631e-05 -7 -17 -11
2.83107e-05 -8 -18 -10.5
4.59865e-05 -7.5 -17.5 -11
5.71907e-05 -7 -17 -11.5
3.39333e-05 -6.5 -16.5 -11.5
2.40771e-05 -6 -16 -12.5
4.67219e-05 -6.5 -16.5 -12
2.38181e-05 -8 -18 -11
4.01748e-05 -7.5 -17.5 -11.5
5.92796e-05 -7 -17 -12
5.77408e-05 -6.5 -16.5 -12.5
3.2262e-05 -7.5 -17.5 -12
5.47402e-05 -7 -17 -12.5
6.16501e-05 -6.5 -16.5 -13
3.96246e-05 -6 -16 -13
2.48446e-05 -7.5 -17.5 -12.5
4.31255e-05 -7 -17 -13
5.53976e-05 -6.5 -16.5 -13.5
4.58662e-05 -6 -16 -13.5
2.49434e-05 -5.5 -15.5 -14.5
2.96164e-05 -7 -17 -13.5
4.0358e-05 -6.5 -16.5 -14
2.64581e-05 -5.5 -15.5 -15
2.11813e-05 -6.5 -16.5 -14.5
4.20818e-05 -6 -16 -14.5
2.68288e-05 -5.5 -15.5 -15.5
2.2892e-05 -6 -16 -15.5
3.08789e-05 -6 -16 -15
4.78331e-05 -6 -16 -14
0.000358369 -3 -7.5 -21
3.28951e-05 -3.5 -7 -20.5
3.60047e-05 -3.5 -7 -20
0.000555935 -3 -7.5 -20
3.86117e-05 -3.5 -7 -19.5
0.000520638 -3 -7.5 -19.5
2.73015e-05 -3.5 -7 -19
0.000346092 -3 -7.5 -19
3.30134e-05 -3 -7.5 -18
2.28017e-05 -2.5 -7.5 -18
9.7067e-05 -2.5 -7.5 -18.5
0.0002545 -2.5 -7.5 -19
0.000459272 -2.5 -7.5 -19.5
0.000577613 -2.5 -7.5 -20
0.000568866 -2.5 -7.5 -20.5
0.000450976 -2.5 -7.5 -21
0.0004341 -3 -7 -20.5
0.000237995 -2.5 -7.5 -21.5
5.88959e-05 -2.5 -7.5 -22
4.06096e-05 -3 -7 -22
0.000168515 -3 -7 -21.5
2.03582e-05 -8.5 -19 -9
2.675e-05 -7.5 -18 -10
2.04636e-05 -8.5 -19 -9.5
2.88251e-05 -7.5 -18 -10.5
2.55714e-05 -7 -17.5 -11
2.65295e-05 -7.5 -18 -11
2.80643e-05 -7 -17.5 -11.5
2.56274e-05 -7 -17.5 -12
2.00031e-05 -7 -17.5 -12.5
2.53047e-05 -6.5 -17 -13
2.81104e-05 -6.5 -17 -12.5
2.06423e-05 -6.5 -17 -12
0.000342459 -3 -7 -21
0.000445354 -3 -7 -20
0.000373367 -3 -7 -19.5
0.000213864 -3 -7 -19
7.47904e-05 -3 -7 -18.5
2.05757e-05 -2 -7.5 -19
9.76768e-05 -2.5 -7 -18.5
4.54553e-05 -2 -7.5 -19.5
0.000288716 -2.5 -7 -19
7.24575e-05 -2 -7.5 -20
0.00053432 -2.5 -7 -19.5
8.66888e-05 -2 -7.5 -20.5
0.000718865 -2.5 -7 -20
8.72217e-05 -2 -7.5 -21
6.65904e-05 -2 -7.5 -21.5
0.000604233 -2.5 -7 -21
0.000247258 -3 -6.5 -20.5
2.77194e-05 -2 -7.5 -22
0.000352602 -2.5 -7 -21.5
0.000110313 -2.5 -7 -22
3.00411e-05 -3 -6.5 -22
0.000108813 -3 -6.5 -21.5
0.000197021 -3 -6.5 -21
0.000725726 -2.5 -7 -20.5
0.00025765 -3 -6.5 -20
0.00020511 -3 -6.5 -19.5
0.000100167 -3 -6.5 -19
2.39885e-05 -3 -6.5 -18.5
5.74027e-05 -2 -7 -19
5.13079e-05 -2.5 -6.5 -18.5
0.00013641 -2 -7 -19.5
0.000223868 -2.5 -6.5 -19
0.000226148 -2 -7 -20
0.000528209 -2.5 -6.5 -19.5
2.69346e-05 -3 -6 -19
0.00026715 -2 -7 -20.5
0.000271179 -2 -7 -21
7.46812e-05 -3 -6 -20.5
0.000208437 -2 -7 -21.5
9.41562e-05 -2 -7 -22
0.00041042 -2.5 -6.5 -21.5
0.00015544 -2.5 -6.5 -22
3.69747e-05 -3 -6 -21.5
6.23436e-05 -3 -6 -21
0.000651952 -2.5 -6.5 -21
0.000772911 -2.5 -6.5 -20.5
7.97515e-05 -3 -6 -20
0.000752227 -2.5 -6.5 -20
6.14176e-05 -3 -6 -19.5
2.42017e-05 -2 -6.5 -18.5
0.000114026 -2 -6.5 -19
0.000297433 -2 -6.5 -19.5
0.000137649 -2.5 -6 -19
0.000491376 -2 -6.5 -20
0.000570493 -2 -6.5 -20.5
0.000567248 -2 -6.5 -21
0.000436641 -2 -6.5 -21.5
0.000193379 -2 -6.5 -22
0.000418425 -2.5 -6 -21.5
3.19786e-05 -2 -6.5 -22.5
0.000167141 -2.5 -6 -22
0.000611206 -2.5 -6 -21
0.000638934 -2.5 -6 -20.5
0.000598167 -2.5 -6 -20
0.000376204 -2.5 -6 -19.5
2.73802e-05 -2.5 -6 -18.5
3.00847e-05 -2 -6 -18.5
0.000145393 -2 -6 -19
0.000745809 -2 -6 -20
0.0008692 -2 -6 -20.5
2.58326e-05 -1.5 -6.5 -21.5
0.000840148 -2 -6 -21
2.09381e-05 -1.5 -6.5 -22
0.000647602 -2 -6 -21.5
0.000309069 -2 -6 -22
5.61123e-05 -2 -6 -22.5
0.000119584 -2.5 -5.5 -22
0.000252634 -2.5 -5.5 -21.5
0.000360378 -2.5 -5.5 -21
0.000394639 -2.5 -5.5 -20.5
0.000377924 -2.5 -5.5 -20
0.000228585 -2.5 -5.5 -19.5
0.000431752 -2 -6 -19.5
7.41105e-05 -2.5 -5.5 -19
2.48874e-05 -2 -5.5 -18.5
3.83283e-05 -1.5 -6 -19.5
0.000142339 -2 -5.5 -19
9.74825e-05 -1.5 -6 -20
0.000162243 -1.5 -6 -20.5
0.000186344 -1.5 -6 -21
0.000948169 -2 -5.5 -20.5
0.000146938 -2.5 -5 -20
0.000175942 -1.5 -6 -21.5
0.000918237 -2 -5.5 -21
0.000122549 -1.5 -6 -22
4.4433e-05 -1.5 -6 -22.5
8.61951e-05 -2 -5.5 -22.5
4.83033e-05 -2.5 -5 -22
0.000374992 -2 -5.5 -22
9.68323e-05 -2.5 -5 -21.5
0.000718876 -2 -5.5 -21.5
0.000138703 -2.5 -5 -21
0.000152596 -2.5 -5 -20.5
0.000817723 -2 -5.5 -20
7.55069e-05 -2.5 -5 -19.5
0.000456906 -2 -5.5 -19.5
3.08122e-05 -1.5 -5.5 -19
0.000122848 -1.5 -5.5 -19.5
8.06756e-05 -2 -5 -19
0.000292635 -1.5 -5.5 -20
0.000467782 -1.5 -5.5 -20.5
0.000504818 -1.5 -5.5 -21
0.000779966 -2 -5 -20.5
0.000462388 -1.5 -5.5 -21.5
0.000772116 -2 -5 -21
0.000288061 -1.5 -5.5 -22
9.38773e-05 -1.5 -5.5 -22.5
0.000101214 -2 -5 -22.5
0.000385148 -2 -5 -22
0.000672617 -2 -5 -21.5
0.000669456 -2 -5 -20
0.000322399 -2 -5 -19.5
5.59827e-05 -1.5 -5 -19
0.000232406 -1.5 -5 -19.5
0.000543034 -1.5 -5 -20
0.00083055 -1.5 -5 -20.5
0.000863729 -1.5 -5 -21
0.000496401 -2 -4.5 -20.5
0.000785384 -1.5 -5 -21.5
0.000490641 -1.5 -5 -22
0.000424508 -2 -4.5 -21.5
0.000163642 -1.5 -5 -22.5
0.00026444 -2 -4.5 -22
9.79478e-05 -2 -4.5 -22.5
0.000490859 -2 -4.5 -21
0.000367136 -2 -4.5 -20
0.000164515 -2 -4.5 -19.5
3.83079e-05 -2 -4.5 -19
0.000278148 -1.5 -4.5 -19.5
0.000662925 -1.5 -4.5 -20
5.26132e-05 -2 -4 -19.5
3.70882e-05 -1 -5 -21
4.55181e-05 -1 -5 -21.5
4.06471e-05 -1 -5 -22
0.000915945 -1.5 -4.5 -21.5
0.000247742 -1.5 -4.5 -22.5
3.07808e-05 -1.5 -4.5 -23
5.66079e-05 -2 -4 -22.5
0.000123507 -2 -4 -22
0.000619337 -1.5 -4.5 -22
0.000185069 -2 -4 -21.5
0.00020444 -2 -4 -21
0.00100017 -1.5 -4.5 -21
0.000202838 -2 -4 -20.5
0.000971616 -1.5 -4.5 -20.5
0.000138847 -2 -4 -20
6.23079e-05 -1.5 -4.5 -19
2.91506e-05 -1 -4.5 -19.5
0.000104712 -1 -4.5 -20
0.000194684 -1 -4.5 -20.5
0.000565305 -1.5 -4 -20
0.00023146 -1 -4.5 -21
0.000226673 -1 -4.5 -21.5
0.000188355 -1 -4.5 -22
0.000100163 -1 -4.5 -22.5
2.01793e-05 -1 -4.5 -23
0.000293397 -1.5 -4 -22.5
2.30676e-05 -2 -3.5 -22
6.46115e-05 -1.5 -4 -23
0.000648621 -1.5 -4 -22
3.21872e-05 -2 -3.5 -21.5
0.000903875 -1.5 -4 -21.5
3.40906e-05 -2 -3.5 -21
0.000954519 -1.5 -4 -21
3.20063e-05 -2 -3.5 -20.5
0.00090368 -1.5 -4 -20.5
0.000201882 -1.5 -4 -19.5
3.91039e-05 -1.5 -4 -19
8.38497e-05 -1 -4 -19.5
0.000270069 -1 -4 -20
0.0004903 -1 -4 -20.5
0.000578576 -1 -4 -21
0.00046854 -1 -4 -22
0.000258788 -1 -4 -22.5
0.000509876 -1.5 -3.5 -22
7.61996e-05 -1 -4 -23
8.37592e-05 -1.5 -3.5 -23
0.000297886 -1.5 -3.5 -22.5
0.000606112 -1.5 -3.5 -21.5
0.000568512 -1 -4 -21.5
0.000617162 -1.5 -3.5 -21
0.000516263 -1.5 -3.5 -20.5
0.000270236 -1.5 -3.5 -20
7.9606e-05 -1.5 -3.5 -19.5
2.2601e-05 -1 -3.5 -19
0.000118141 -1 -3.5 -19.5
0.000386293 -1 -3.5 -20
0.000952273 -1 -3.5 -21
0.00082746 -1 -3.5 -22
0.000362004 -1.5 -3 -21.5
0.00050873 -1 -3.5 -22.5
0.000312002 -1.5 -3 -22
2.07331e-05 -1 -3.5 -23.5
6.68967e-05 -1.5 -3 -23
0.000175163 -1 -3.5 -23
0.000183929 -1.5 -3 -22.5
0.000950652 -1 -3.5 -21.5
0.000364233 -1.5 -3 -21
0.000272787 -1.5 -3 -20.5
0.000747236 -1 -3.5 -20.5
0.000128338 -1.5 -3 -20
3.41355e-05 -1.5 -3 -19.5
0.000408876 -1 -3 -20
0.0008871 -1 -3 -20.5
0.00125346 -1 -3 -21
0.000114197 -1.5 -2.5 -21.5
0.000794753 -1 -3 -22.5
3.12511e-05 -1 -3 -23.5
0.000304032 -1 -3 -23
4.81977e-05 -1.5 -2.5 -22.5
9.20099e-05 -1.5 -2.5 -22
0.00118476 -1 -3 -22
0.00128786 -1 -3 -21.5
0.000118102 -1.5 -2.5 -21
8.18411e-05 -1.5 -2.5 -20.5
3.37041e-05 -1.5 -2.5 -20
0.000112833 -1 -3 -19.5
2.13645e-05 -1 -3 -19
7.65725e-05 -0.5 -3 -21
0.000146378 -0.5 -3 -21.5
0.00146307 -1 -2.5 -21
0.000203111 -0.5 -3 -22
0.000198934 -0.5 -3 -22.5
0.000148166 -0.5 -3 -23
5.21231e-05 -0.5 -3 -23.5
2.51739e-05 -1 -2.5 -23.5
0.000339427 -1 -2.5 -23
0.000901614 -1 -2.5 -22.5
0.00135818 -1 -2.5 -22
0.00149094 -1 -2.5 -21.5
0.00102612 -1 -2.5 -20.5
0.000432829 -1 -2.5 -20
9.90754e-05 -1 -2.5 -19.5
7.02783e-05 -0.5 -2.5 -19.5
0.000311755 -0.5 -2.5 -20
0.000809624 -0.5 -2.5 -20.5
0.00139614 -0.5 -2.5 -21
0.00165648 -0.5 -2.5 -21.5
0.00158965 -0.5 -2.5 -22
0.00118652 -0.5 -2.5 -22.5
5.6082e-05 -0.5 -2.5 -23.5
0.000185017 -1 -2 -23
0.000515493 -0.5 -2.5 -23
0.000535651 -1 -2 -22.5
0.00084312 -1 -2 -22
0.000942997 -1 -2 -21.5
0.000936054 -1 -2 -21
0.000662519 -1 -2 -20.5
0.000292421 -1 -2 -20
7.3289e-05 -1 -2 -19.5
4.06488e-05 -0.5 -2 -19
0.000221005 -0.5 -2 -19.5
0.000934904 -0.5 -2 -20
0.00222226 -0.5 -2 -20.5
4.28855e-05 -0.5 -2 -23.5
3.80243e-05 -1 -1.5 -23
0.000732206 -0.5 -2 -23
0.000119763 -1 -1.5 -22.5
0.0020232 -0.5 -2 -22.5
0.000190192 -1 -1.5 -22
0.00309007 -0.5 -2 -22
0.000216418 -1 -1.5 -21.5
0.00337442 -0.5 -2 -21.5
0.000216578 -1 -1.5 -21
0.00328159 -0.5 -2 -21
0.000156422 -1 -1.5 -20.5
6.85758e-05 -1 -1.5 -20
0.00369433 -0.5 -1.5 -21.5
0.00331831 -0.5 -1.5 -22
0.00210051 -0.5 -1.5 -22.5
0.000681045 -0.5 -1.5 -23
2.33482e-05 -0.5 -1.5 -23.5
0.00365709 -0.5 -1.5 -21
0.0025676 -0.5 -1.5 -20.5
0.00109402 -0.5 -1.5 -20
0.000256933 -0.5 -1.5 -19.5
4.75018e-05 -0.5 -1.5 -19
0.000116268 -0.5 -1 -19.5
0.000518948 -0.5 -1 -20
0.00121982 -0.5 -1 -20.5
0.00161947 -0.5 -1 -21
0.000224086 -0.5 -1 -23
0.000790367 -0.5 -1 -22.5
0.00135726 -0.5 -1 -22
0.00159664 -0.5 -1 -21.5
2.17378e-05 -0.5 -1 -19
6.23819e-05 -0.5 -0.5 -22.5
0.000103413 -0.5 -0.5 -22
0.000120407 -0.5 -0.5 -21.5
0.000121596 -0.5 -0.5 -21
8.78802e-05 -0.5 -0.5 -20.5
3.4387e-05 -0.5 -0.5 -20
0.00020861 0 0 -19.5
0.000924725 0 0 -20
0.00239143 0 0 -20.5
0.0038692 0 0 -21
0.00419227 0 0 -21.5
0.00401422 0 0 -22
0.00304915 0 0 -22.5
0.00147234 0 0 -23
0.000250442 0 0 -23.5
3.98996e-05 0 0 -19
4.31911e-05 0 0.5 -19
0.000148648 0 0.5 -23.5
0.00125196 0 0.5 -23
0.00287338 0 0.5 -22.5
0.0039695 0 0.5 -22
0.00419825 0 0.5 -21.5
0.00397432 0 0.5 -21
0.00255401 0 0.5 -20.5
0.00102059 0 0.5 -20
0.000232338 0 0.5 -19.5
3.14893e-05 0.5 0.5 -19.5
0.000135815 0.5 0.5 -20
7.42173e-05 0 1 -19.5
0.000522261 0.5 0.5 -22
0.00127872 0 1 -21.5
2.34286e-05 0.5 0.5 -23.5
0.000282056 0 1 -23
0.000166597 0.5 0.5 -23
0.000787803 0 1 -22.5
0.000375388 0.5 0.5 -22.5
0.00118615 0 1 -22
0.000556055 0.5 0.5 -21.5
0.00123455 0 1 -21
0.000530317 0.5 0.5 -21
0.000819067 0 1 -20.5
0.000340559 0.5 0.5 -20.5
0.000331649 0 1 -20
8.51727e-05 0.5 1 -19.5
0.00137737 0.5 1 -21.5
0.000917245 0.5 1 -22.5
4.82658e-05 0.5 1 -23.5
0.000404186 0.5 1 -23
0.00128132 0.5 1 -22
0.0013414 0.5 1 -21
0.000902765 0.5 1 -20.5
0.000369199 0.5 1 -20
2.07211e-05 1 1 -20
5.0216e-05 1 1 -20.5
0.000600445 0.5 1.5 -20
7.28172e-05 1 1 -21
0.00134358 0.5 1.5 -20.5
7.37565e-05 1 1 -21.5
0.00185384 0.5 1.5 -21
6.73967e-05 1 1 -22
4.65591e-05 1 1 -22.5
0.00168485 0.5 1.5 -22
0.000394989 0.5 1.5 -23
3.02599e-05 0.5 1.5 -23.5
0.00108741 0.5 1.5 -22.5
0.00186757 0.5 1.5 -21.5
0.000146885 0.5 1.5 -19.5
2.7145e-05 0.5 1.5 -19
3.24108e-05 1 1.5 -19.5
0.000132611 1 1.5 -20
0.000294853 1 1.5 -20.5
0.000397213 1 1.5 -21
0.000349195 1 1.5 -22
0.00173578 0.5 2 -21.5
0.000225131 1 1.5 -22.5
8.38195e-05 1 1.5 -23
0.000974824 0.5 2 -22.5
0.000316432 0.5 2 -23
0.00155019 0.5 2 -22
0.00039538 1 1.5 -21.5
0.00173003 0.5 2 -21
0.00128189 0.5 2 -20.5
0.000589285 0.5 2 -20
0.00014909 0.5 2 -19.5
2.77427e-05 0.5 2 -19
9.22961e-05 1 2 -19.5
0.000743956 1 2 -20.5
0.000968986 1 2 -21
0.000746743 0.5 2.5 -20.5
0.00096048 1 2 -21.5
0.000842262 1 2 -22
0.000527091 1 2 -22.5
0.00091941 0.5 2.5 -22
0.000176775 0.5 2.5 -23
0.000182047 1 2 -23
0.000569001 0.5 2.5 -22.5
0.00102506 0.5 2.5 -21.5
0.00101576 0.5 2.5 -21
0.000349952 0.5 2.5 -20
0.000349278 1 2 -20
9.22221e-05 0.5 2.5 -19.5
3.42001e-05 1 2.5 -19
2.67468e-05 1.5 2 -20.5
0.00075085 1 2.5 -20
3.49128e-05 1.5 2 -21
0.00154338 1 2.5 -20.5
3.45748e-05 1.5 2 -21.5
0.0018472 1 2.5 -21
3.00536e-05 1.5 2 -22
0.00149149 1 2.5 -22
0.000202365 1 2.5 -23
5.86954e-05 0.5 3 -23
0.000165934 0.5 3 -22.5
0.000829033 1 2.5 -22.5
0.000259119 0.5 3 -22
0.000283499 0.5 3 -21.5
0.00180374 1 2.5 -21.5
0.000273673 0.5 3 -21
0.000191389 0.5 3 -20.5
8.79797e-05 0.5 3 -20
2.22302e-05 0.5 3 -19.5
0.000188535 1 2.5 -19.5
3.232e-05 1.5 2.5 -19.5
0.000128252 1.5 2.5 -20
0.000292027 1 3 -19.5
0.000264384 1.5 2.5 -20.5
0.000310266 1.5 2.5 -21
0.000300577 1.5 2.5 -21.5
0.000245034 1.5 2.5 -22
0.00178826 1 3 -21.5
0.000135685 1.5 2.5 -22.5
3.58085e-05 1.5 2.5 -23
0.000788698 1 3 -22.5
0.000175897 1 3 -23
0.00146071 1 3 -22
0.00183357 1 3 -21
0.00157275 1 3 -20.5
0.000888774 1 3 -20
5.59587e-05 1 3 -19
2.6123e-05 1.5 3 -19
0.000138937 1.5 3 -19.5
5.54894e-05 1 3.5 -19
0.000777241 1.5 3 -20.5
0.000797921 1 3.5 -20
0.000813572 1.5 3 -21.5
0.00152988 1 3.5 -21
0.000625598 1.5 3 -22
0.0003234 1.5 3 -22.5
0.00115871 1 3.5 -22
6.86949e-05 1.5 3 -23
0.000101871 1 3.5 -23
0.000574185 1 3.5 -22.5
0.00148084 1 3.5 -21.5
0.000851641 1.5 3 -21
0.00136896 1 3.5 -20.5
0.000441324 1.5 3 -20
0.000277933 1 3.5 -19.5
5.39597e-05 1.5 3.5 -19
2.39214e-05 2 3 -20.5
0.000760061 1.5 3.5 -20
2.51827e-05 2 3 -21
2.3325e-05 2 3 -21.5
0.00134243 1.5 3.5 -21
0.000990244 1.5 3.5 -22
0.000802313 1 4 -21.5
0.000469721 1.5 3.5 -22.5
6.87424e-05 1.5 3.5 -23
0.000293602 1 4 -22.5
4.78782e-05 1 4 -23
0.000624573 1 4 -22
0.00128334 1.5 3.5 -21.5
0.000824494 1 4 -21
0.000723012 1 4 -20.5
0.00125587 1.5 3.5 -20.5
0.000422545 1 4 -20
0.000149381 1 4 -19.5
0.00026815 1.5 3.5 -19.5
3.11541e-05 1 4 -19
4.52746e-05 2 3.5 -19.5
0.000122446 2 3.5 -20
0.00051273 1.5 4 -19.5
0.000187459 2 3.5 -20.5
0.00120058 1.5 4 -20
0.000188433 2 3.5 -21
0.0017022 1.5 4 -20.5
0.000175325 2 3.5 -21.5
0.00173938 1.5 4 -21
0.000126672 2 3.5 -22
0.0016074 1.5 4 -21.5
5.97877e-05 2 3.5 -22.5
0.000448797 1.5 4 -22.5
0.000206428 1 4.5 -22
5.10031e-05 1.5 4 -23
0.000100724 1 4.5 -22.5
0.00108681 1.5 4 -22
0.000262589 1 4.5 -21.5
0.000267057 1 4.5 -21
0.000220263 1 4.5 -20.5
0.000125877 1 4.5 -20
4.46785e-05 1 4.5 -19.5
0.000107334 1.5 4 -19
4.38231e-05 2 4 -19
0.000207498 2 4 -19.5
0.000170828 1.5 4.5 -19
0.000475986 2 4 -20
0.000628219 2 4 -20.5
0.00118155 1.5 4.5 -20
0.000621429 2 4 -21
0.00054733 2 4 -21.5
0.00163007 1.5 4.5 -21
0.000359508 2 4 -22
0.000149062 2 4 -22.5
0.000967929 1.5 4.5 -22
2.38387e-05 1.5 4.5 -23
0.00034533 1.5 4.5 -22.5
0.00148562 1.5 4.5 -21.5
0.00160493 1.5 4.5 -20.5
0.000584134 1.5 4.5 -19.5
3.08342e-05 1.5 4.5 -18.5
2.32872e-05 2 4.5 -18.5
0.000131292 2 4.5 -19
0.00091591 2 4.5 -20
0.00110913 2 4.5 -21
0.00062361 2 4.5 -22
0.00102943 1.5 5 -21.5
0.000192333 2 4.5 -22.5
0.000193993 1.5 5 -22.5
0.00064348 1.5 5 -22
0.000983229 2 4.5 -21.5
0.00112697 1.5 5 -21
0.00111904 1.5 5 -20.5
0.00112378 2 4.5 -20.5
0.000882457 1.5 5 -20
0.000473827 1.5 5 -19.5
0.000463685 2 4.5 -19.5
0.000153195 1.5 5 -19
2.93411e-05 1.5 5 -18.5
5.56741e-05 2.5 4.5 -19.5
0.000257278 2 5 -19
9.5915e-05 2.5 4.5 -20
0.000796109 2 5 -19.5
8.63849e-05 1.5 5.5 -19
0.000102629 2.5 4.5 -20.5
9.75273e-05 2.5 4.5 -21
0.00165217 2 5 -20.5
8.00754e-05 2.5 4.5 -21.5
5.09517e-05 2.5 4.5 -22
0.00122131 2 5 -21.5
0.000162179 2 5 -22.5
0.000304693 1.5 5.5 -22
8.44125e-05 1.5 5.5 -22.5
0.000626495 2 5 -22
0.000507074 1.5 5.5 -21.5
0.000550568 1.5 5.5 -21
0.00159304 2 5 -21
0.000537218 1.5 5.5 -20.5
0.000424462 1.5 5.5 -20
0.00145411 2 5 -20
0.000239626 1.5 5.5 -19.5
4.6703e-05 2 5 -18.5
8.51969e-05 2.5 5 -19
0.000106087 2 5.5 -18.5
0.000266906 2.5 5 -19.5
0.00047428 2 5.5 -19
0.000448105 2.5 5 -20
0.000470699 2.5 5 -20.5
0.00162201 2 5.5 -20
0.000442202 2.5 5 -21
0.000329321 2.5 5 -21.5
0.00158762 2 5.5 -21
0.000166617 2.5 5 -22
3.57008e-05 2.5 5 -22.5
0.000550082 2 5.5 -22
2.17445e-05 1.5 6 -22.5
9.96231e-05 2 5.5 -22.5
9.79314e-05 1.5 6 -22
0.000167847 1.5 6 -21.5
0.00116407 2 5.5 -21.5
0.000186609 1.5 6 -21
0.000179623 1.5 6 -20.5
0.00167686 2 5.5 -20.5
0.000141863 1.5 6 -20
8.50052e-05 1.5 6 -19.5
0.00111633 2 5.5 -19.5
3.38817e-05 1.5 6 -19
6.33182e-05 2.5 5.5 -18.5
2.59013e-05 2 6 -18
0.000293519 2.5 5.5 -19
0.000704177 2.5 5.5 -19.5
0.00096989 2.5 5.5 -20
0.00106553 2 6 -19.5
0.000870083 2.5 5.5 -21
0.00150972 2 6 -20.5
0.000609799 2.5 5.5 -21.5
0.000263432 2.5 5.5 -22
0.000928725 2 6 -21.5
3.4322e-05 2.5 5.5 -22.5
4.23057e-05 2 6 -22.5
0.000370626 2 6 -22
0.00138795 2 6 -21
0.000967574 2.5 5.5 -20.5
0.00147349 2 6 -20
0.000470688 2 6 -19
0.000124998 2 6 -18.5
2.56257e-05 2.5 6 -18
2.6873e-05 3 5.5 -19
5.89202e-05 3 5.5 -19.5
0.000575776 2.5 6 -19
9.98268e-05 2 6.5 -18.5
6.73845e-05 3 5.5 -20
0.00109548 2.5 6 -19.5
0.000344609 2 6.5 -19
6.27941e-05 3 5.5 -20.5
4.93235e-05 3 5.5 -21
0.00136425 2.5 6 -20.5
3.49441e-05 3 5.5 -21.5
0.000755384 2.5 6 -21.5
0.00085669 2 6.5 -21
2.1622e-05 2.5 6 -22.5
0.000178465 2 6.5 -22
0.000254604 2.5 6 -22
0.000527783 2 6.5 -21.5
0.00123178 2.5 6 -21
0.000972252 2 6.5 -20.5
0.000958659 2 6.5 -20
0.00136919 2.5 6 -20
0.000726923 2 6.5 -19.5
0.000156539 2.5 6 -18.5
2.09095e-05 2 6.5 -18
4.60302e-05 3 6 -18.5
0.000168134 3 6 -19
0.000330526 2.5 6.5 -18.5
0.000316688 3 6 -19.5
0.000970647 2.5 6.5 -19
0.000339109 3 6 -20
0.000324292 3 6 -20.5
0.00168625 2.5 6.5 -20
0.000253519 3 6 -21
0.000133477 3 6 -21.5
0.00125782 2.5 6.5 -21
4.17411e-05 3 6 -22
0.000179534 2.5 6.5 -22
5.79727e-05 2 7 -22
0.000219616 2 7 -21.5
0.000694934 2.5 6.5 -21.5
0.000379499 2 7 -21
0.000434454 2 7 -20.5
0.00162152 2.5 6.5 -20.5
0.00041516 2 7 -20
0.000321708 2 7 -19.5
0.00152765 2.5 6.5 -19.5
0.000169888 2 7 -19
5.90544e-05 2 7 -18.5
5.77278e-05 2.5 6.5 -18
0.000198386 3 6.5 -18.5
0.000149371 2.5 7 -18
0.000535658 3 6.5 -19
0.000785116 3 6.5 -19.5
0.000796052 3 6.5 -20
0.00150841 2.5 7 -19.5
0.000732492 3 6.5 -20.5
0.000541694 3 6.5 -21
0.00152849 2.5 7 -20.5
0.000275256 3 6.5 -21.5
5.21783e-05 3 6.5 -22
0.000511349 2.5 7 -21.5
9.02752e-05 2.5 7 -22
5.07225e-05 2 7.5 -21.5
0.000116657 2 7.5 -21
0.00111505 2.5 7 -21
0.000138353 2 7.5 -20.5
0.000129708 2 7.5 -20
0.00162109 2.5 7 -20
0.000101152 2 7.5 -19.5
6.09531e-05 2 7.5 -19
0.00106852 2.5 7 -19
2.58295e-05 2 7.5 -18.5
0.000530127 2.5 7 -18.5
3.44962e-05 3 6.5 -18
2.59431e-05 2.5 7 -17.5
0.000124557 3 7 -18
3.20871e-05 2.5 7.5 -17.5
3.64876e-05 3.5 6.5 -19
4.24502e-05 3.5 6.5 -19.5
0.000943201 3 7 -19
0.000483959 2.5 7.5 -18.5
3.31851e-05 3.5 6.5 -20
0.00124102 3 7 -19.5
0.000893763 2.5 7.5 -19
2.2622e-05 3.5 6.5 -20.5
0.00118304 3 7 -20.5
0.00124846 2.5 7.5 -20
0.000290273 3 7 -21.5
0.000768069 2.5 7.5 -21
3.94887e-05 3 7 -22
2.80321e-05 2.5 7.5 -22
0.000277599 2.5 7.5 -21.5
0.000764308 3 7 -21
0.00117761 2.5 7.5 -20.5
0.00126054 3 7 -20
0.00118077 2.5 7.5 -19.5
0.000467854 3 7 -18.5
0.000153874 2.5 7.5 -18
2.02834e-05 3 7 -17.5
3.37467e-05 3.5 7 -18
5.46545e-05 3 7.5 -17.5
0.000225847 3.5 7 -19
0.000829102 3 7.5 -18.5
0.000232337 3.5 7 -19.5
0.00144193 3 7.5 -19
0.000210829 3.5 7 -20
0.000164498 3.5 7 -20.5
0.00159279 3 7.5 -20
9.15499e-05 3.5 7 -21
3.20583e-05 3.5 7 -21.5
0.00071803 3 7.5 -21
9.37231e-05 2.5 8 -21.5
0.000236077 3 7.5 -21.5
0.000364703 2.5 8 -21
0.000641787 2.5 8 -20.5
0.00120599 3 7.5 -20.5
0.000708649 2.5 8 -20
0.000663195 2.5 8 -19.5
0.00166328 3 7.5 -19.5
0.000530841 2.5 8 -19
0.000301122 2.5 8 -18.5
0.00011811 2.5 8 -18
0.000117997 3.5 7 -18.5
0.000295902 3 7.5 -18
2.58197e-05 2.5 8 -17.5
3.06263e-05 3.5 7.5 -17.5
2.62118e-05 3 8 -17
0.000424931 3.5 7.5 -18.5
0.000591832 3 8 -18
0.000143654 2.5 8.5 -18.5
0.00065198 3.5 7.5 -19
0.000661376 3.5 7.5 -19.5
0.000599423 3.5 7.5 -20
0.00165433 3 8 -19.5
0.000435942 3.5 7.5 -20.5
0.000228645 3.5 7.5 -21
0.00112648 3 8 -20.5
0.000282655 2.5 8.5 -20
5.41325e-05 3.5 7.5 -21.5
0.000128205 3 8 -21.5
0.000108057 2.5 8.5 -21
0.000558978 3 8 -21
0.000242395 2.5 8.5 -20.5
0.00154618 3 8 -20
0.00026737 2.5 8.5 -19.5
0.000226328 2.5 8.5 -19
0.00156139 3 8 -19
0.00116753 3 8 -18.5
6.50179e-05 2.5 8.5 -18
0.000156908 3.5 7.5 -18
0.000169723 3 8 -17.5
2.17551e-05 3.5 8 -17
2.31483e-05 4 7.5 -18.5
0.000461604 3.5 8 -18
0.000232861 3 8.5 -17.5
0.00107495 3 8.5 -18.5
2.62912e-05 2.5 9 -18
0.00113586 3.5 8 -19.5
0.00141198 3 8.5 -19
7.90422e-05 2.5 9 -19.5
0.00101709 3.5 8 -20
7.54714e-05 2.5 9 -20
0.000668172 3.5 8 -20.5
4.88421e-05 3.5 8 -21.5
0.000325273 3 8.5 -21
3.85972e-05 2.5 9 -20.5
4.13121e-05 3 8.5 -21.5
0.000272323 3.5 8 -21
0.00083533 3 8.5 -20.5
0.00129623 3 8.5 -20
0.00147466 3 8.5 -19.5
7.0498e-05 2.5 9 -19
5.18843e-05 2.5 9 -18.5
0.0011324 3.5 8 -19
0.000891559 3.5 8 -18.5
0.000590572 3 8.5 -18
0.000137635 3.5 8 -17.5
5.96525e-05 3 8.5 -17
3.64261e-05 4 8 -17.5
9.49332e-05 4 8 -18
0.000357889 3.5 8.5 -17.5
0.000147402 4 8 -18.5
0.000148334 4 8 -19
0.00134368 3.5 8.5 -18.5
0.000135818 4 8 -19.5
0.00149761 3.5 8.5 -19
0.000109467 4 8 -20
6.06814e-05 4 8 -20.5
0.000781535 3 9 -20
0.000229168 3.5 8.5 -21
2.39806e-05 3.5 8.5 -21.5
0.000117038 3 9 -21
0.000430521 3 9 -20.5
0.000657321 3.5 8.5 -20.5
0.00113942 3.5 8.5 -20
0.000970691 3 9 -19.5
0.00144598 3.5 8.5 -19.5
0.00095914 3 9 -19
0.000759321 3 9 -18.5
0.000470263 3 9 -18
0.000861417 3.5 8.5 -18
0.00019189 3 9 -17.5
5.59367e-05 3 9 -17
8.04331e-05 3.5 8.5 -17
4.93752e-05 3.5 9 -16.5
0.000177026 4 8.5 -17.5
0.000258641 3.5 9 -17
0.000530837 4 8.5 -18.5
0.00127597 3.5 9 -18
0.000126894 3 9.5 -17.5
0.000373815 3 9.5 -18.5
0.000541348 4 8.5 -19
0.000470123 4 8.5 -19.5
0.000312698 4 8.5 -20
0.000150619 4 8.5 -20.5
0.00106029 3.5 9 -20
3.75578e-05 4 8.5 -21
0.000517866 3.5 9 -20.5
0.000131165 3.5 9 -21
0.000134687 3 9.5 -20.5
0.00032925 3 9.5 -20
0.000461146 3 9.5 -19.5
0.00145351 3.5 9 -19.5
0.000470202 3 9.5 -19
0.00163546 3.5 9 -19
0.00161434 3.5 9 -18.5
0.000256597 3 9.5 -18
0.000387895 4 8.5 -18
0.00073067 3.5 9 -17.5
4.32596e-05 3 9.5 -17
4.52417e-05 4 8.5 -17
3.96626e-05 4 9 -16.5
2.50692e-05 3.5 9.5 -16
0.000206929 4 9 -17
2.75306e-05 3 10 -17
6.66884e-05 3 10 -17.5
0.000876223 4 9 -18
0.000106879 3 10 -18
0.00153931 3.5 9.5 -18.5
0.00014184 3 10 -18.5
0.000172426 3 10 -19
0.00015139 3 10 -19.5
0.000525536 4 9 -20
7.3935e-05 3 10 -20
0.000209809 4 9 -20.5
3.91457e-05 3.5 9.5 -21
3.90722e-05 4 9 -21
0.000290569 3.5 9.5 -20.5
0.000788393 3.5 9.5 -20
0.00127371 3.5 9.5 -19.5
0.000824261 4 9 -19.5
0.00151827 3.5 9.5 -19
0.000975487 4 9 -19
0.00101721 4 9 -18.5
0.00128593 3.5 9.5 -18
0.000822829 3.5 9.5 -17.5
0.000545045 4 9 -17.5
0.000390121 3.5 9.5 -17
0.000122595 3.5 9.5 -16.5
3.00942e-05 3.5 10 -16
0.000122635 3.5 10 -16.5
4.98543e-05 4.5 9 -17
9.17457e-05 4.5 9 -17.5
0.000112131 4.5 9 -18
0.000958403 4 9.5 -17.5
0.000107308 4.5 9 -18.5
9.06516e-05 4.5 9 -19
0.00140337 4 9.5 -18.5
0.00103206 3.5 10 -18
2.90302e-05 3 10.5 -18.5
6.10716e-05 4.5 9 -19.5
0.00130798 4 9.5 -19
2.95343e-05 3 10.5 -19
0.000855293 3.5 10 -19.5
0.000418058 3.5 10 -20
2.19925e-05 4 9.5 -21
0.000101923 3.5 10 -20.5
0.000177298 4 9.5 -20.5
0.000522987 4 9.5 -20
0.000977998 4 9.5 -19.5
0.00111914 3.5 10 -19
0.00115095 3.5 10 -18.5
0.00126057 4 9.5 -18
0.000716803 3.5 10 -17.5
0.000360971 3.5 10 -17
0.000518926 4 9.5 -17
0.000167779 4 9.5 -16.5
2.61599e-05 4 9.5 -16
0.000123094 4 10 -16
2.91917e-05 3.5 10.5 -16
0.000427756 4 10 -16.5
0.000102116 3.5 10.5 -16.5
0.000245117 3.5 10.5 -17
0.000387664 4.5 9.5 -17.5
0.000450273 3.5 10.5 -17.5
0.000589282 3.5 10.5 -18
0.000429815 4.5 9.5 -18.5
0.000643971 3.5 10.5 -18.5
0.000332489 4.5 9.5 -19
0.000193919 4.5 9.5 -19.5
7.86809e-05 4.5 9.5 -20
0.000856702 4 10 -19.5
0.000399279 4 10 -20
9.92791e-05 4 10 -20.5
0.000125077 3.5 10.5 -20
0.000375509 3.5 10.5 -19.5
0.00058576 3.5 10.5 -19
0.00128958 4 10 -19
0.00157901 4 10 -18.5
0.00159261 4 10 -18
0.000446351 4.5 9.5 -18
0.00139553 4 10 -17.5
0.000918646 4 10 -17
0.0002378 4.5 9.5 -17
8.98788e-05 4.5 9.5 -16.5
2.03814e-05 4.5 9.5 -16
0.000107732 4.5 10 -16
2.43376e-05 3.5 11 -16
0.000679502 4 10.5 -16.5
0.000346985 4.5 10 -16.5
6.53864e-05 3.5 11 -16.5
0.00114628 4 10.5 -17
0.000130925 3.5 11 -17
0.00142749 4 10.5 -17.5
0.000209262 3.5 11 -17.5
0.00155947 4 10.5 -18
0.00146066 4 10.5 -18.5
0.000247878 3.5 11 -18
0.000359009 4.5 10 -19.5
0.00110914 4 10.5 -19
7.6571e-05 3.5 11 -19.5
0.00013193 4.5 10 -20
2.32125e-05 4.5 10 -20.5
2.9785e-05 4 10.5 -20.5
0.000211257 4 10.5 -20
0.00061762 4 10.5 -19.5
0.000199362 3.5 11 -19
0.000255531 3.5 11 -18.5
0.000637592 4.5 10 -19
0.000824219 4.5 10 -18.5
0.000902856 4.5 10 -18
0.000851642 4.5 10 -17.5
0.000656881 4.5 10 -17
0.000276998 4 10.5 -16
7.29607e-05 4 10.5 -15.5
2.10389e-05 4 11 -15
9.68115e-05 4 11 -15.5
3.84704e-05 5 10 -16
7.27624e-05 5 10 -16.5
9.3137e-05 5 10 -17
9.43067e-05 5 10 -17.5
3.29761e-05 3.5 11.5 -16.5
0.00107983 4.5 10.5 -17
0.000631581 4 11 -16.5
0.00127065 4.5 10.5 -17.5
5.47817e-05 3.5 11.5 -17
4.77118e-05 5 10 -18.5
7.30798e-05 3.5 11.5 -17.5
0.00134401 4.5 10.5 -18
7.80153e-05 3.5 11.5 -18
0.00111281 4.5 10.5 -18.5
5.50801e-05 3.5 11.5 -18.5
0.000729142 4.5 10.5 -19
0.000308288 4 11 -19.5
6.51307e-05 4 11 -20
0.000112504 4.5 10.5 -20
0.000354539 4.5 10.5 -19.5
0.000725494 4 11 -19
0.00111159 4 11 -18.5
0.00131659 4 11 -18
0.0012077 4 11 -17.5
7.76309e-05 5 10 -18
0.000990254 4 11 -17
0.000713947 4.5 10.5 -16.5
0.000288511 4 11 -16
0.00036076 4.5 10.5 -16
0.000107175 4.5 10.5 -15.5
9.00077e-05 4.5 11 -15
2.62241e-05 4 11.5 -15
0.000322519 4.5 11 -15.5
8.98177e-05 4 11.5 -15.5
0.000232258 4 11.5 -16
0.000453083 4 11.5 -16.5
0.000384623 5 10.5 -17
0.00118131 4.5 11 -16.5
0.000664855 4 11.5 -17
0.000399834 5 10.5 -17.5
0.000780794 4 11.5 -17.5
0.00032887 5 10.5 -18
0.000783265 4 11.5 -18
0.000202335 5 10.5 -18.5
0.000576092 4 11.5 -18.5
0.000100825 5 10.5 -19
3.97943e-05 5 10.5 -19.5
0.00026158 4.5 11 -19.5
6.05992e-05 4.5 11 -20
7.43765e-05 4 11.5 -19.5
0.000292582 4 11.5 -19
0.000632546 4.5 11 -19
0.00105637 4.5 11 -18.5
0.00134923 4.5 11 -18
0.00157344 4.5 11 -17.5
0.00148811 4.5 11 -17
0.000311379 5 10.5 -16.5
0.000717037 4.5 11 -16
0.000183008 5 10.5 -16
6.94573e-05 5 10.5 -15.5
5.8264e-05 4.5 11.5 -14.5
0.000241983 4.5 11.5 -15
2.46354e-05 4 12 -15
0.000594992 4.5 11.5 -15.5
0.000279489 5 11 -15.5
0.00014263 4 12 -16
0.00134571 4.5 11.5 -16.5
0.000748576 5 11 -16.5
0.000237282 4 12 -16.5
0.00149487 4.5 11.5 -17
0.000311375 4 12 -17
0.00151126 4.5 11.5 -17.5
0.0012459 4.5 11.5 -18
0.000356689 4 12 -17.5
0.000844958 4.5 11.5 -18.5
6.89519e-05 5 11 -19.5
0.000417653 4.5 11.5 -19
0.000124261 4.5 11.5 -19.5
4.5737e-05 4 12 -19
0.00017517 4 12 -18.5
0.000202688 5 11 -19
0.000307534 4 12 -18
0.000423157 5 11 -18.5
0.000641552 5 11 -18
0.000811175 5 11 -17.5
0.000834114 5 11 -17
0.00101463 4.5 11.5 -16
6.75484e-05 4 12 -15.5
0.000535819 5 11 -16
8.79376e-05 5 11 -15
2.1167e-05 4.5 12 -14
0.000109888 5 11.5 -14.5
0.000101603 4.5 12 -14.5
0.000277409 4.5 12 -15
7.47874e-05 5.5 11 -15.5
9.01764e-05 5.5 11 -16
3.99715e-05 4 12.5 -15.5
8.98132e-05 5.5 11 -16.5
0.000942661 5 11.5 -16
6.87468e-05 4 12.5 -16
0.0012985 5 11.5 -17
0.00119009 4.5 12 -16.5
7.21352e-05 5.5 11 -17
9.44133e-05 4 12.5 -16.5
0.000106921 4 12.5 -17
0.00113876 5 11.5 -17.5
0.000102096 4 12.5 -17.5
0.000823184 5 11.5 -18
5.04782e-05 4 12.5 -18
0.0004688 5 11.5 -18.5
0.000201961 5 11.5 -19
2.3935e-05 4.5 12 -19.5
5.87052e-05 5 11.5 -19.5
0.000177666 4.5 12 -19
0.000497594 4.5 12 -18.5
0.000894148 4.5 12 -18
0.00121777 4.5 12 -17.5
0.00135777 4.5 12 -17
4.34811e-05 5.5 11 -17.5
0.00117254 5 11.5 -16.5
0.000920557 4.5 12 -16
0.00057736 4.5 12 -15.5
0.000618685 5 11.5 -15.5
0.000326176 5 11.5 -15
4.21931e-05 5.5 11 -15
0.000116689 5 12 -14
3.30548e-05 4.5 12.5 -14
0.000334512 5 12 -14.5
9.7695e-05 4.5 12.5 -14.5
0.000669811 5 12 -15
0.000235319 4.5 12.5 -15
0.000451854 4.5 12.5 -15.5
0.000355582 5.5 11.5 -16
0.000808051 4.5 12.5 -16.5
0.000325851 5.5 11.5 -17
0.00148281 5 12 -16.5
0.000867821 4.5 12.5 -17
0.000204046 5.5 11.5 -17.5
0.000107318 5.5 11.5 -18
0.000415252 4.5 12.5 -18
4.53877e-05 5.5 11.5 -18.5
0.000165373 4.5 12.5 -18.5
2.33557e-05 5 12 -19.5
2.3753e-05 4.5 12.5 -19
0.000139805 5 12 -19
0.000392206 5 12 -18.5
0.000755606 5 12 -18
0.000680495 4.5 12.5 -17.5
0.00110852 5 12 -17.5
0.00133766 5 12 -17
0.000668128 4.5 12.5 -16
0.000370907 5.5 11.5 -16.5
0.0013741 5 12 -16
0.0010618 5 12 -15.5
0.00029863 5.5 11.5 -15.5
0.000186407 5.5 11.5 -15
8.14061e-05 5.5 11.5 -14.5
2.29191e-05 5.5 11.5 -14
9.27301e-05 5 12.5 -13.5
3.34194e-05 5.5 12 -13.5
0.000303294 5.5 12 -14.5
0.000284324 5 12.5 -14
3.13342e-05 4.5 13 -14
0.000600296 5 12.5 -14.5
7.73919e-05 4.5 13 -14.5
0.000153851 4.5 13 -15
0.0012674 5 12.5 -15.5
0.00070935 5.5 12 -15.5
0.000251065 4.5 13 -15.5
0.000338968 4.5 13 -16
0.00145021 5 12.5 -16.5
0.000769219 5.5 12 -16.5
0.000394957 4.5 13 -16.5
0.00126257 5 12.5 -17
0.000362415 4.5 13 -17
0.000538652 5 12.5 -18
0.000233249 4.5 13 -17.5
2.68572e-05 5.5 12 -19
0.000225044 5 12.5 -18.5
5.83942e-05 5 12.5 -19
8.96659e-05 4.5 13 -18
9.61026e-05 5.5 12 -18.5
0.000233871 5.5 12 -18
0.000929913 5 12.5 -17.5
0.000418089 5.5 12 -17.5
0.000627625 5.5 12 -17
0.00139988 5 12.5 -16
0.00078756 5.5 12 -16
0.000969255 5 12.5 -15
0.000524975 5.5 12 -15
2.02854e-05 6 11.5 -15
0.00012241 5.5 12 -14
5.00937e-05 5.5 12.5 -13
4.27756e-05 5 13 -13
0.000178819 5.5 12.5 -13.5
2.88752e-05 6 12 -13.5
0.000132149 5 13 -13.5
0.0006493 5.5 12.5 -14.5
0.000310716 5 13 -14
9.72437e-05 6 12 -14.5
2.39128e-05 4.5 13.5 -14
0.000583357 5 13 -14.5
4.77677e-05 4.5 13.5 -14.5
9.55741e-05 6 12 -15.5
7.84027e-05 4.5 13.5 -15
0.0011476 5 13 -15.5
7.60348e-05 6 12 -16
0.00111404 5.5 12.5 -15.5
0.000107714 4.5 13.5 -15.5
0.00128971 5 13 -16
4.20252e-05 6 12 -16.5
0.000126104 4.5 13.5 -16
0.000124831 4.5 13.5 -16.5
0.000936844 5 13 -17
0.000824216 5.5 12.5 -17
6.54835e-05 4.5 13.5 -17
0.000254425 5.5 12.5 -18
9.36938e-05 5.5 12.5 -18.5
7.51781e-05 5 13 -18.5
0.000266245 5 13 -18
0.000580906 5 13 -17.5
0.000518249 5.5 12.5 -17.5
0.00119734 5 13 -16.5
0.00109247 5.5 12.5 -16.5
0.00122192 5.5 12.5 -16
0.000889235 5 13 -15
0.000910002 5.5 12.5 -15
0.000108314 6 12 -15
0.000395272 5.5 12.5 -14
6.28305e-05 6 12 -14
6.21073e-05 5.5 13 -12.5
0.000224527 5.5 13 -13
4.86895e-05 5 13.5 -13
0.000453175 5.5 13 -13.5
0.000135963 6 12.5 -13.5
0.000123584 5 13.5 -13.5
0.000264014 5 13.5 -14
0.00107946 5.5 13 -14.5
0.000340338 6 12.5 -14.5
0.000464728 5 13.5 -14.5
0.00065597 5 13.5 -15
0.00137904 5.5 13 -15.5
0.000371216 6 12.5 -15.5
0.000850328 5 13.5 -16
0.000199882 6 12.5 -16.5
0.00125958 5.5 13 -16
0.000678897 5 13.5 -16.5
0.000104381 6 12.5 -17
4.41966e-05 6 12.5 -17.5
0.000445663 5.5 13 -17.5
0.000443248 5 13.5 -17
5.42104e-05 5 13.5 -18
5.85209e-05 5.5 13 -18.5
0.000195695 5.5 13 -18
0.000209427 5 13.5 -17.5
0.000769648 5.5 13 -17
0.00106814 5.5 13 -16.5
0.00078934 5 13.5 -15.5
0.000324565 6 12.5 -16
0.00129844 5.5 13 -15
0.000381051 6 12.5 -15
0.000749524 5.5 13 -14
0.000244488 6 12.5 -14
5.26974e-05 6 12.5 -13
5.73783e-05 5.5 13.5 -12
0.000182519 5.5 13.5 -12.5
2.55514e-05 6.5 12.5 -13
0.000104502 6 13 -12.5
0.000379934 5.5 13.5 -13
0.000414025 6 13 -13.5
3.19664e-05 6.5 12.5 -13.5
4.41755e-05 5 14 -13
0.000664121 5.5 13.5 -13.5
9.38949e-05 5 14 -13.5
0.000991738 5.5 13.5 -14
0.000169004 5 14 -14
0.00120499 5.5 13.5 -14.5
0.000735984 6 13 -14.5
0.000257729 5 14 -14.5
0.0013023 5.5 13.5 -15
0.000339136 5 14 -15
0.000385965 5 14 -15.5
0.00118005 5.5 13.5 -16
0.000596776 6 13 -16
0.000348641 5 14 -16
0.00089121 5.5 13.5 -16.5
0.000227509 5 14 -16.5
9.14985e-05 5 14 -17
0.000107985 6 13 -17.5
0.000557233 5.5 13.5 -17
9.03856e-05 5.5 13.5 -18
3.54896e-05 6 13 -18
0.000271894 5.5 13.5 -17.5
0.000231439 6 13 -17
0.000400385 6 13 -16.5
0.00133772 5.5 13.5 -15.5
0.000736183 6 13 -15.5
0.000787391 6 13 -15
0.000601812 6 13 -14
2.98303e-05 6.5 12.5 -14
0.000228635 6 13 -13
3.34114e-05 6 13 -12
5.6255e-05 6 13.5 -11.5
2.80051e-05 5.5 14 -11.5
0.00016416 6 13.5 -12
8.31189e-05 5.5 14 -12
0.000336789 6 13.5 -12.5
6.97094e-05 6.5 13 -12.5
0.00018863 5.5 14 -12.5
0.000557859 6 13.5 -13
0.000372788 5.5 14 -13
0.000779974 6 13.5 -13.5
0.000143214 6.5 13 -13.5
3.10027e-05 5 14.5 -13
0.000622082 5.5 14 -13.5
5.48472e-05 5 14.5 -13.5
0.000883493 5.5 14 -14
0.000116575 6.5 13 -14.5
0.000959261 6 13.5 -14
8.2564e-05 5 14.5 -14
0.00108965 5.5 14 -14.5
9.11183e-05 6.5 13 -15
0.000107263 5 14.5 -14.5
0.00118563 5.5 14 -15
4.54495e-05 6.5 13 -15.5
0.00114618 6 13.5 -15
0.000123362 5 14.5 -15
0.00107288 5.5 14 -15.5
0.000109688 5 14.5 -15.5
0.000849546 5.5 14 -16
0.000758926 6 13.5 -16
5.03536e-05 5 14.5 -16
0.000546677 5.5 14 -16.5
0.000276361 5.5 14 -17
0.000263279 6 13.5 -17
9.43082e-05 5.5 14 -17.5
3.31425e-05 6 13.5 -18
0.000107962 6 13.5 -17.5
0.00049321 6 13.5 -16.5
0.000999578 6 13.5 -15.5
0.00109233 6 13.5 -14.5
0.000143558 6.5 13 -14
0.00011671 6.5 13 -13
3.2091e-05 6.5 13.5 -11
7.50263e-05 6 14 -11
7.78519e-05 6.5 13.5 -11.5
0.00021344 6 14 -11.5
3.37626e-05 5.5 14.5 -11.5
0.000439393 6 14 -12
0.000154684 6.5 13.5 -12
7.86422e-05 5.5 14.5 -12
0.000675105 6 14 -12.5
0.000163718 5.5 14.5 -12.5
0.000914499 6 14 -13
0.000357268 6.5 13.5 -13
0.000299588 5.5 14.5 -13
0.00113248 6 14 -13.5
0.00046674 5.5 14.5 -13.5
0.00124245 6 14 -14
0.000441294 6.5 13.5 -14
0.00062548 5.5 14.5 -14
0.00124697 6 14 -14.5
0.000717851 5.5 14.5 -14.5
0.0011405 6 14 -15
0.000316649 6.5 13.5 -15
0.000574634 5.5 14.5 -15.5
9.75886e-05 6.5 13.5 -16
0.00095442 6 14 -15.5
4.11063e-05 6.5 13.5 -16.5
0.000187284 5.5 14.5 -16.5
0.000418974 6 14 -16.5
5.44739e-05 5.5 14.5 -17
6.96856e-05 6 14 -17.5
0.000202383 6 14 -17
0.000373857 5.5 14.5 -16
0.000693958 6 14 -16
0.000732792 5.5 14.5 -15
0.000191152 6.5 13.5 -15.5
0.000398515 6.5 13.5 -14.5
0.000418874 6.5 13.5 -13.5
0.000262897 6.5 13.5 -12.5
2.63724e-05 6.5 14 -10
7.66972e-05 6.5 14 -10.5
5.51244e-05 6 14.5 -10.5
0.00016041 6.5 14 -11
0.000147506 6 14.5 -11
0.000299501 6 14.5 -11.5
5.47396e-05 7 13.5 -12
0.000280497 6.5 14 -11.5
3.03451e-05 5.5 15 -11.5
0.000484316 6 14.5 -12
5.78299e-05 7 13.5 -12.5
6.02378e-05 5.5 15 -12
0.000717639 6 14.5 -12.5
4.83327e-05 7 13.5 -13
0.000596366 6.5 14 -12.5
0.000109458 5.5 15 -12.5
0.00079584 6.5 14 -13.5
0.000974063 6 14.5 -13
2.90795e-05 7 13.5 -13.5
0.000175568 5.5 15 -13
0.00113907 6 14.5 -13.5
0.000242943 5.5 15 -13.5
0.000296849 5.5 15 -14
0.00116553 6 14.5 -14.5
0.000714838 6.5 14 -14.5
0.000321705 5.5 15 -14.5
0.000261572 5.5 15 -15
0.000751443 6 14.5 -15.5
0.000369951 6.5 14 -15.5
0.000158313 5.5 15 -15.5
5.42054e-05 5.5 15 -16
0.000250024 6 14.5 -16.5
0.00010445 6.5 14 -16.5
9.41731e-05 6 14.5 -17
3.91897e-05 6.5 14 -17
0.000480372 6 14.5 -16
0.000212403 6.5 14 -16
0.00100986 6 14.5 -15
0.00055702 6.5 14 -15
0.00121341 6 14.5 -14
0.000800219 6.5 14 -14
0.000738861 6.5 14 -13
0.000422256 6.5 14 -12
2.2048e-05 7 14 -9.5
5.25607e-05 6.5 14.5 -9.5
4.06046e-05 7 14 -10
0.000126595 6.5 14.5 -10
7.63842e-05 7 14 -10.5
2.67516e-05 6 15 -10
0.000248757 6.5 14.5 -10.5
6.52716e-05 6 15 -10.5
0.000398621 6.5 14.5 -11
0.000142481 6 15 -11
0.000586429 6.5 14.5 -11.5
0.000175159 7 14 -11.5
0.00027502 6 15 -11.5
0.000784229 6.5 14.5 -12
0.000445221 6 15 -12
0.000946696 6.5 14.5 -12.5
0.000222228 7 14 -12.5
3.61345e-05 5.5 15.5 -12
0.000647629 6 15 -12.5
5.5311e-05 5.5 15.5 -12.5
0.000839373 6 15 -13
0.00109142 6.5 14.5 -13.5
0.000160143 7 14 -13.5
7.49487e-05 5.5 15.5 -13
0.000969546 6 15 -13.5
8.76536e-05 5.5 15.5 -13.5
0.00101067 6 15 -14
0.000859274 6.5 14.5 -14.5
5.46856e-05 7 14 -14.5
8.41177e-05 5.5 15.5 -14
0.00086226 6 15 -14.5
5.80215e-05 5.5 15.5 -14.5
0.000657146 6 15 -15
0.000420545 6 15 -15.5
0.000410547 6.5 14.5 -15.5
0.000214433 6 15 -16
3.74106e-05 6.5 14.5 -17
7.97333e-05 6 15 -16.5
0.000104997 6.5 14.5 -16.5
0.000227805 6.5 14.5 -16
0.000634338 6.5 14.5 -15
0.00102861 6.5 14.5 -14
0.000105918 7 14 -14
0.00102589 6.5 14.5 -13
0.000202924 7 14 -13
2.83149e-05 7 14.5 -8.5
0.00020822 7 14 -12
6.01504e-05 7 14.5 -9
5.0253e-05 6.5 15 -9
0.000111545 7 14.5 -9.5
0.000119766 6.5 15 -9.5
0.00023508 6.5 15 -10
3.14023e-05 7.5 14 -10.5
2.6761e-05 6 15.5 -10
0.000406081 6.5 15 -10.5
3.20904e-05 7.5 14 -11
5.88068e-05 6 15.5 -10.5
0.000635623 6.5 15 -11
0.000461628 7 14.5 -11.5
2.35728e-05 7.5 14 -11.5
0.000113308 6 15.5 -11
0.000840111 6.5 15 -11.5
0.000196827 6 15.5 -11.5
0.000994689 6.5 15 -12
0.000315681 6 15.5 -12
0.00109815 6.5 15 -12.5
0.000538109 7 14.5 -12.5
0.000434727 6 15.5 -12.5
0.00114946 6.5 15 -13
0.000526157 6 15.5 -13
0.00108706 6.5 15 -13.5
0.000418573 7 14.5 -13.5
0.000570928 6 15.5 -13.5
0.000964618 6.5 15 -14
0.000522293 6 15.5 -14
0.000767403 6.5 15 -14.5
0.000176838 7 14.5 -14.5
0.000390198 6 15.5 -14.5
0.000240326 6 15.5 -15
3.71061e-05 7 14.5 -15.5
0.000544945 6.5 15 -15
0.000109377 6 15.5 -15.5
2.15863e-05 6 15.5 -16
0.000166862 6.5 15 -16
6.27423e-05 6.5 15 -16.5
0.000332866 6.5 15 -15.5
8.6584e-05 7 14.5 -15
0.000291885 7 14.5 -14
0.000501992 7 14.5 -13
2.96313e-05 7 15 -7.5
2.48181e-05 7.5 14.5 -8
5.99947e-05 7 15 -8
0.000514 7 14.5 -12
0.000115373 7 15 -8.5
3.795e-05 7.5 14.5 -8.5
2.81736e-05 6.5 15.5 -8.5
0.000203581 7 15 -9
5.73449e-05 7.5 14.5 -9
5.94373e-05 6.5 15.5 -9
0.000303602 7 15 -9.5
0.000120569 6.5 15.5 -9.5
0.00042735 7 15 -10
0.000234904 6.5 15.5 -10
0.000552456 7 15 -10.5
0.000400471 6.5 15.5 -10.5
4.14177e-05 6 16 -10.5
0.000602175 6.5 15.5 -11
0.000109152 7.5 14.5 -11.5
0.00066499 7 15 -11
6.99966e-05 6 16 -11
0.000794923 6.5 15.5 -11.5
7.25131e-05 7.5 14.5 -12
0.000109082 6 16 -11.5
0.000956081 6.5 15.5 -12
4.33674e-05 7.5 14.5 -12.5
0.000853336 7 15 -12
0.000152795 6 16 -12
0.00101775 6.5 15.5 -12.5
0.000186506 6 16 -12.5
0.00104035 6.5 15.5 -13
0.000792301 7 15 -13
0.000205237 6 16 -13
0.000924905 6.5 15.5 -13.5
0.000188504 6 16 -13.5
0.00074852 6.5 15.5 -14
0.000476813 7 15 -14
0.000124629 6 16 -14
0.00054142 6.5 15.5 -14.5
5.764e-05 6 16 -14.5
0.000338497 6.5 15.5 -15
0.000172413 7 15 -15
0.000174094 6.5 15.5 -15.5
6.73988e-05 6.5 15.5 -16
3.3441e-05 7 15 -16
8.32573e-05 7 15 -15.5
0.000305801 7 15 -14.5
0.000656926 7 15 -13.5
2.2251e-05 7.5 15 -6
3.58963e-05 7.5 15 -6.5
0.00086854 7 15 -12.5
0.000786062 7 15 -11.5
5.86536e-05 7.5 15 -7
2.94326e-05 7 15.5 -7
8.16955e-05 7.5 15 -7.5
5.99379e-05 7 15.5 -7.5
0.000113876 7.5 15 -8
0.000120204 7 15.5 -8
0.000155478 7.5 15 -8.5
2.21319e-05 8 14.5 -8.5
0.000218907 7 15.5 -8.5
0.000206796 7.5 15 -9
2.73308e-05 6.5 16 -8.5
0.000359092 7 15.5 -9
0.000275287 7.5 15 -9.5
5.45164e-05 6.5 16 -9
0.000536113 7 15.5 -9.5
0.000105229 6.5 16 -9.5
0.000685926 7 15.5 -10
0.000194232 6.5 16 -10
0.000828973 7 15.5 -10.5
0.000326217 6.5 16 -10.5
0.000945502 7 15.5 -11
0.000368272 7.5 15 -11
0.000466339 6.5 16 -11
0.000999752 7 15.5 -11.5
2.62898e-05 6 16.5 -11
0.000600082 6.5 16 -11.5
0.000967735 7 15.5 -12
0.000278128 7.5 15 -12
3.58061e-05 6 16.5 -11.5
0.000701018 6.5 16 -12
3.5444e-05 6 16.5 -12
0.000738657 6.5 16 -12.5
0.000113811 7.5 15 -13
0.000935706 7 15.5 -12.5
2.99567e-05 6 16.5 -12.5
0.00069472 6.5 16 -13
5.29817e-05 7.5 15 -13.5
0.000569222 6.5 16 -13.5
0.000658659 7 15.5 -13.5
0.000406551 6.5 16 -14
0.000303054 7 15.5 -14.5
0.000245455 6.5 16 -14.5
0.000114116 6.5 16 -15
2.46884e-05 6.5 16 -15.5
7.51557e-05 7 15.5 -15.5
2.35108e-05 7 15.5 -16
0.000167846 7 15.5 -15
0.000474233 7 15.5 -14
2.42376e-05 8 15 -4.5
2.95614e-05 8 15 -5
0.000828919 7 15.5 -13
3.45305e-05 8 15 -5.5
3.8389e-05 7.5 15.5 -5.5
3.97813e-05 8 15 -6
6.65623e-05 7.5 15.5 -6
0.000101622 7.5 15.5 -6.5
4.75172e-05 8 15 -6.5
5.80606e-05 8 15 -7
0.000154292 7.5 15.5 -7
0.000196714 7.5 15 -12.5
0.000336525 7.5 15 -11.5
3.20105e-05 7 16 -7
0.000219202 7.5 15.5 -7.5
7.2611e-05 8 15 -7.5
6.18942e-05 7 16 -7.5
0.000287449 7.5 15.5 -8
8.63459e-05 8 15 -8
0.00011998 7 16 -8
0.000222613 7 16 -8.5
0.000104935 8 15 -9
0.000370192 7.5 15.5 -8.5
0.000360339 7 16 -9
9.255e-05 8 15 -9.5
0.000454765 7.5 15.5 -9
4.1215e-05 6.5 16.5 -9
0.000523344 7 16 -9.5
7.06349e-05 8 15 -10
0.000530365 7.5 15.5 -9.5
7.22741e-05 6.5 16.5 -9.5
0.000687352 7 16 -10
0.000658746 7.5 15.5 -10.5
4.75546e-05 8 15 -10.5
0.000120593 6.5 16.5 -10
0.000842157 7 16 -10.5
0.000181724 6.5 16.5 -10.5
0.000934778 7 16 -11
0.000248204 6.5 16.5 -11
0.000969228 7 16 -11.5
0.000604549 7.5 15.5 -11.5
0.000306212 6.5 16.5 -11.5
0.000937169 7 16 -12
0.000333049 6.5 16.5 -12
0.000857503 7 16 -12.5
0.000374909 7.5 15.5 -12.5
0.000319886 6.5 16.5 -12.5
0.000700428 7 16 -13
0.000261094 6.5 16.5 -13
0.000530339 7 16 -13.5
0.000153409 7.5 15.5 -13.5
0.000178579 6.5 16.5 -13.5
9.0934e-05 6.5 16.5 -14
2.7744e-05 7.5 15.5 -14.5
0.000362317 7 16 -14
9.86314e-05 7 16 -15
3.50732e-05 7 16 -15.5
2.21527e-05 6.5 16.5 -14.5
0.000213637 7 16 -14.5
2.43963e-05 8.5 15 -3
2.74198e-05 8.5 15 -3.5
2.81684e-05 8 15.5 -3.5
2.86958e-05 8.5 15 -4
7.02388e-05 7.5 15.5 -14
4.33829e-05 8 15.5 -4
2.80962e-05 8.5 15 -4.5
6.3792e-05 8 15.5 -4.5
9.01551e-05 8 15.5 -5
2.78885e-05 8.5 15 -5
0.000250175 7.5 15.5 -13
2.85346e-05 8.5 15 -5.5
2.22375e-05 7.5 16 -5
0.000116535 8 15.5 -5.5
3.95461e-05 7.5 16 -5.5
0.000140367 8 15.5 -6
2.86931e-05 8.5 15 -6
0.000506541 7.5 15.5 -12
7.32375e-05 7.5 16 -6
0.000165668 8 15.5 -6.5
2.89961e-05 8.5 15 -6.5
0.000136964 7.5 16 -6.5
2.8271e-05 8.5 15 -7
0.000190209 8 15.5 -7
0.000661247 7.5 15.5 -11
0.000226231 7.5 16 -7
0.000217705 8 15.5 -7.5
2.5742e-05 8.5 15 -7.5
2.94696e-05 7 16.5 -7
0.000340841 7.5 16 -7.5
5.54603e-05 7 16.5 -7.5
0.000479336 7.5 16 -8
0.000254238 8 15.5 -8
0.000104576 7 16.5 -8
0.000591457 7.5 16 -8.5
0.000280913 8 15.5 -8.5
0.000189745 7 16.5 -8.5
0.000702214 7.5 16 -9
0.000307453 7 16.5 -9
0.000795721 7.5 16 -9.5
0.000439171 7 16.5 -9.5
0.000841996 7.5 16 -10
3.65868e-05 6.5 17 -9.5
0.000585186 7 16.5 -10
0.000846559 7.5 16 -10.5
0.000183892 8 15.5 -10.5
5.4275e-05 6.5 17 -10
0.000716431 7 16.5 -10.5
0.000845849 7.5 16 -11
7.22909e-05 6.5 17 -10.5
0.000783841 7 16.5 -11
0.000773954 7.5 16 -11.5
6.59468e-05 8 15.5 -11.5
8.4304e-05 6.5 17 -11
0.000793885 7 16.5 -11.5
8.58759e-05 6.5 17 -11.5
0.000729727 7 16.5 -12
0.000647338 7.5 16 -12
7.00882e-05 6.5 17 -12
0.000606701 7 16.5 -12.5
4.05172e-05 6.5 17 -12.5
0.000454218 7 16.5 -13
0.000362908 7.5 16 -13
0.000180455 7 16.5 -14
0.000128476 7.5 16 -14
2.04047e-05 7 16.5 -15
2.00091e-05 9 15 -1
2.54583e-05 9 15 -1.5
8.23493e-05 7 16.5 -14.5
2.5277e-05 9 15 -2
3.43308e-05 8.5 15.5 -2
2.49637e-05 9 15 -2.5
5.27686e-05 8.5 15.5 -2.5
6.05273e-05 7.5 16 -14.5
2.38993e-05 9 15 -3
7.38219e-05 8.5 15.5 -3
0.00030632 7 16.5 -13.5
2.31846e-05 9 15 -3.5
9.10127e-05 8.5 15.5 -3.5
3.00425e-05 8 16 -3.5
9.73467e-05 8.5 15.5 -4
0.000230527 7.5 16 -13.5
5.56499e-05 8 16 -4
0.000102469 8.5 15.5 -4.5
9.79393e-05 8 16 -4.5
0.000152988 8 16 -5
0.000105887 8.5 15.5 -5
0.000506216 7.5 16 -12.5
0.000110867 8.5 15.5 -5.5
0.000214741 8 16 -5.5
3.80306e-05 7.5 16.5 -5.5
0.000271604 8 16 -6
0.000117485 8.5 15.5 -6
7.00349e-05 7.5 16.5 -6
0.000322518 8 16 -6.5
0.000119131 8.5 15.5 -6.5
0.000128717 7.5 16.5 -6.5
0.000114379 8.5 15.5 -7
0.000219571 7.5 16.5 -7
0.000103503 8.5 15.5 -7.5
0.000380908 8 16 -7
0.000333064 7.5 16.5 -7.5
8.29197e-05 8.5 15.5 -8
0.000431056 8 16 -7.5
0.000469312 8 16 -8
4.05983e-05 7 17 -7.5
0.000464907 7.5 16.5 -8
0.000523223 8 16 -8.5
5.92195e-05 8.5 15.5 -8.5
6.96664e-05 7 17 -8
0.000598879 7.5 16.5 -8.5
0.000546138 8 16 -9
3.70064e-05 8.5 15.5 -9
0.000114529 7 17 -8.5
0.000724262 7.5 16.5 -9
0.000178297 7 17 -9
0.000804953 7.5 16.5 -9.5
0.00026366 7 17 -9.5
0.000845045 7.5 16.5 -10
0.000484368 8 16 -10
0.000347214 7 17 -10
0.000851352 7.5 16.5 -10.5
0.000409387 7 17 -10.5
0.000795532 7.5 16.5 -11
0.0003021 8 16 -11
0.000432619 7 17 -11
0.000402636 7 17 -11.5
0.000106789 8 16 -12
0.00033826 7 17 -12
4.80404e-05 8 16 -12.5
0.000605865 7.5 16.5 -12
0.000244378 7 17 -12.5
0.000155102 7 17 -13
0.000322693 7.5 16.5 -13
2.00225e-05 7 17 -14
0.000107713 7.5 16.5 -14
2.14426e-05 9.5 15 0
2.34828e-05 9.5 15 -0.5
3.95024e-05 9 15.5 -0.5
2.13314e-05 9.5 15 -1
5.85079e-05 9 15.5 -1
7.52682e-05 9 15.5 -1.5
4.63512e-05 7.5 16.5 -14.5
7.67955e-05 7 17 -13.5
8.64414e-05 9 15.5 -2
4.31313e-05 8.5 16 -2
9.02377e-05 9 15.5 -2.5
7.33561e-05 8.5 16 -2.5
9.0585e-05 9 15.5 -3
0.000200162 7.5 16.5 -13.5
0.000110974 8.5 16 -3
8.62219e-05 9 15.5 -3.5
0.000151546 8.5 16 -3.5
0.000464517 7.5 16.5 -12.5
7.97497e-05 9 15.5 -4
2.85022e-05 8 16.5 -3.5
0.000186733 8.5 16 -4
5.12762e-05 8 16.5 -4
0.000213233 8.5 16 -4.5
6.81622e-05 9 15.5 -4.5
0.000725131 7.5 16.5 -11.5
8.91978e-05 8 16.5 -4.5
0.000237957 8.5 16 -5
5.77789e-05 9 15.5 -5
0.000146528 8 16.5 -5
0.000254508 8.5 16 -5.5
4.73544e-05 9 15.5 -5.5
0.000195416 8 16 -11.5
0.000224761 8 16.5 -5.5
0.000266291 8.5 16 -6
3.4781e-05 9 15.5 -6
3.04947e-05 7.5 17 -5.5
0.000329313 8 16.5 -6
0.000282267 8.5 16 -6.5
2.20903e-05 9 15.5 -6.5
5.53973e-05 7.5 17 -6
0.000445027 8 16.5 -6.5
0.000287519 8.5 16 -7
0.000100093 7.5 17 -6.5
0.000533774 8 16.5 -7
0.000407256 8 16 -10.5
0.000173959 7.5 17 -7
0.000608931 8 16.5 -7.5
0.000272553 8.5 16 -7.5
0.000273533 7.5 17 -7.5
0.000666579 8 16.5 -8
0.000244277 8.5 16 -8
0.000385727 7.5 17 -8
3.4854e-05 7 17.5 -8
0.000512119 7.5 17 -8.5
0.000143168 8.5 16 -9
0.000703444 8 16.5 -9
0.000696324 8 16.5 -8.5
5.17134e-05 7 17.5 -8.5
0.000631519 7.5 17 -9
0.000709301 8 16.5 -9.5
8.89284e-05 8.5 16 -9.5
7.2941e-05 7 17.5 -9
0.000709978 7.5 17 -9.5
0.000658327 8 16.5 -10
4.35843e-05 8.5 16 -10
9.66796e-05 7 17.5 -9.5
0.000734246 7.5 17 -10
0.000117447 7 17.5 -10
0.000705677 7.5 17 -10.5
0.000128036 7 17.5 -10.5
0.000628655 7.5 17 -11
0.000452552 8 16.5 -11
0.000112464 7 17.5 -11
0.000542608 7.5 17 -11.5
8.04964e-05 7 17.5 -11.5
0.000430284 7.5 17 -12
0.000214437 8 16.5 -12
4.70448e-05 7 17.5 -12
0.00030539 7.5 17 -12.5
0.00018988 7.5 17 -13
6.69351e-05 8 16.5 -13
4.58491e-05 7.5 17 -14
4.73663e-05 9.5 15.5 0.5
7.38668e-05 9.5 15.5 0
8.27253e-05 9.5 15.5 -0.5
4.42141e-05 9 16 -0.5
8.37072e-05 9.5 15.5 -1
7.47536e-05 9 16 -1
7.96165e-05 9.5 15.5 -1.5
0.000103088 7.5 17 -13.5
0.000111952 9 16 -1.5
7.31501e-05 9.5 15.5 -2
0.00014993 9 16 -2
3.51062e-05 8.5 16.5 -2
6.24239e-05 9.5 15.5 -2.5
0.000171039 9 16 -2.5
6.24189e-05 8.5 16.5 -2.5
4.88012e-05 9.5 15.5 -3
0.000182251 9 16 -3
0.000106526 8.5 16.5 -3
3.39763e-05 9.5 15.5 -3.5
0.000165577 8.5 16.5 -3.5
2.00335e-05 9.5 15.5 -4
0.000184008 9 16 -3.5
0.000181712 9 16 -4
0.000129069 8 16.5 -12.5
0.00023663 8.5 16.5 -4
3.92676e-05 8 17 -4
0.000309875 8.5 16.5 -4.5
0.000183075 9 16 -4.5
7.11119e-05 8 17 -4.5
0.000360114 8.5 16.5 -5
0.000171314 9 16 -5
0.000126589 8 17 -5
0.000401499 8.5 16.5 -5.5
0.000152142 9 16 -5.5
0.000326062 8 16.5 -11.5
0.000206399 8 17 -5.5
0.000125793 9 16 -6
0.000435062 8.5 16.5 -6
0.000567465 8 16.5 -10.5
0.000304919 8 17 -6
0.000455072 8.5 16.5 -6.5
9.33122e-05 9 16 -6.5
3.49731e-05 7.5 17.5 -6
0.000417662 8 17 -6.5
0.0004762 8.5 16.5 -7
6.13062e-05 9 16 -7
5.9793e-05 7.5 17.5 -6.5
0.000525436 8 17 -7
9.77789e-05 7.5 17.5 -7
0.00060694 8 17 -7.5
0.000480078 8.5 16.5 -7.5
0.000155346 7.5 17.5 -7.5
0.000666647 8 17 -8
0.000231958 7.5 17.5 -8
0.000698923 8 17 -8.5
0.000309099 7.5 17.5 -8.5
0.000705108 8 17 -9
0.000372515 7.5 17.5 -9
0.000406395 7.5 17.5 -9.5
0.000148751 8.5 16.5 -10
0.000419212 7.5 17.5 -10
7.36937e-05 8.5 16.5 -10.5
0.000635642 8 17 -10
0.000397757 7.5 17.5 -10.5
0.00043421 8 17 -11
0.000343406 7.5 17.5 -11
0.000264918 7.5 17.5 -11.5
0.000180897 7.5 17.5 -12
0.000219919 8 17 -12
0.000104013 7.5 17.5 -12.5
4.87855e-05 7.5 17.5 -13
7.16124e-05 8 17 -13
4.79894e-05 10 15.5 1
6.64608e-05 10 15.5 0.5
5.48461e-05 9.5 16 0.5
6.86591e-05 10 15.5 0
9.24473e-05 9.5 16 0
6.4688e-05 10 15.5 -0.5
0.000125212 9.5 16 -0.5
3.29824e-05 9 16.5 -0.5
4.8468e-05 10 15.5 -1
0.000143897 9.5 16 -1
6.64925e-05 9 16.5 -1
3.25053e-05 10 15.5 -1.5
0.000150595 9.5 16 -1.5
3.55746e-05 8 17 -13.5
0.000111078 9 16.5 -1.5
0.00014981 9.5 16 -2
0.000165057 9 16.5 -2
0.000148405 9.5 16 -2.5
2.01748e-05 8.5 17 -2
0.000219255 9 16.5 -2.5
0.000135392 8 17 -12.5
4.86489e-05 8.5 17 -2.5
0.000258153 9 16.5 -3
0.00013136 9.5 16 -3
8.77083e-05 8.5 17 -3
0.000283809 9 16.5 -3.5
0.000108481 9.5 16 -3.5
0.000144659 8.5 17 -3.5
0.000298697 9 16.5 -4
8.21322e-05 9.5 16 -4
0.00032197 8 17 -11.5
0.000214933 8.5 17 -4
5.41091e-05 9.5 16 -4.5
0.000292433 8.5 17 -4.5
2.97754e-05 9.5 16 -5
0.000305005 9 16.5 -4.5
0.000314814 9 16.5 -5
0.000545897 8 17 -10.5
4.50352e-05 8 17.5 -4.5
0.000375175 8.5 17 -5
0.000682514 8 17 -9.5
7.97976e-05 8 17.5 -5
0.000453989 8.5 17 -5.5
0.000305245 9 16.5 -5.5
0.000139372 8 17.5 -5.5
0.000515375 8.5 17 -6
0.000280156 9 16.5 -6
0.000221313 8 17.5 -6
0.000554593 8.5 17 -6.5
0.000243221 9 16.5 -6.5
0.000314174 8 17.5 -6.5
0.000415067 8 17.5 -7
0.0001241 9 16.5 -7.5
0.000570503 8.5 17 -7
4.04236e-05 7.5 18 -7
0.000509265 8 17.5 -7.5
6.56769e-05 9 16.5 -8
5.99244e-05 7.5 18 -7.5
0.000573807 8 17.5 -8
2.01647e-05 9 16.5 -8.5
8.32722e-05 7.5 18 -8
0.000596899 8 17.5 -8.5
0.000106673 7.5 18 -8.5
0.000598262 8 17.5 -9
0.000458011 8.5 17 -9
0.000118078 7.5 18 -9
0.000559754 8 17.5 -9.5
0.000118346 7.5 18 -9.5
0.000496769 8 17.5 -10
0.000254686 8.5 17 -10
0.000109489 7.5 18 -10
9.4882e-05 7.5 18 -10.5
9.35278e-05 8.5 17 -11
0.000400539 8 17.5 -10.5
6.81743e-05 7.5 18 -11
4.39828e-05 8.5 17 -11.5
3.24752e-05 7.5 18 -11.5
0.000229631 8 17.5 -11.5
8.43578e-05 8 17.5 -12.5
3.20819e-05 10.5 15.5 1
6.50828e-05 10 16 1
3.43306e-05 10.5 15.5 0.5
0.000101011 10 16 0.5
4.00702e-05 9.5 16.5 0.5
2.60268e-05 10.5 15.5 0
0.000115054 10 16 0
8.29288e-05 9.5 16.5 0
0.000117043 10 16 -0.5
4.07696e-05 8 17.5 -13
0.000129528 9.5 16.5 -0.5
0.000113702 10 16 -1
0.000171875 9.5 16.5 -1
4.54705e-05 9 17 -1
9.50284e-05 10 16 -1.5
0.000200799 9.5 16.5 -1.5
8.38957e-05 9 17 -1.5
0.000219545 9.5 16.5 -2
7.31588e-05 10 16 -2
0.000150682 8 17.5 -12
0.000136151 9 17 -2
4.75361e-05 10 16 -2.5
0.00022593 9.5 16.5 -2.5
0.000198798 9 17 -2.5
2.49615e-05 10 16 -3
0.000312168 8 17.5 -11
2.02213e-05 8.5 17.5 -2.5
0.0002621 9 17 -3
0.000230469 9.5 16.5 -3
5.27662e-05 8.5 17.5 -3
0.000318838 9 17 -3.5
0.000217378 9.5 16.5 -3.5
9.38041e-05 8.5 17.5 -3.5
0.000362978 9 17 -4
0.000187672 9.5 16.5 -4
0.000155536 8.5 17.5 -4
0.000151933 9.5 16.5 -4.5
0.000235585 8.5 17.5 -4.5
0.000109465 9.5 16.5 -5
0.000393343 9 17 -4.5
0.000410403 9 17 -5
0.000159799 8.5 17 -10.5
0.000327252 8.5 17.5 -5
0.000423623 9 17 -5.5
7.04069e-05 9.5 16.5 -5.5
3.91291e-05 8 18 -5
0.000416967 8.5 17.5 -5.5
0.000424709 9 17 -6
3.6627e-05 9.5 16.5 -6
6.65962e-05 8 18 -5.5
0.000480334 8.5 17.5 -6
0.000105493 8 18 -6
0.000527523 8.5 17.5 -6.5
0.000377816 9 17 -6.5
0.000158589 8 18 -6.5
0.000554071 8.5 17.5 -7
0.000323135 9 17 -7
0.000222823 8 18 -7
0.000559388 8.5 17.5 -7.5
0.000280345 8 18 -7.5
0.000543157 8.5 17.5 -8
0.000320498 8 18 -8
0.000344708 8 18 -8.5
5.70053e-05 9 17 -9
0.000350323 8 18 -9
0.000309492 8 18 -9.5
0.000360092 8.5 17.5 -9.5
0.000257819 8 18 -10
0.000198957 8 18 -10.5
0.000201788 8.5 17.5 -10.5
0.000142847 8 18 -11
8.59317e-05 8 18 -11.5
7.06249e-05 8.5 17.5 -11.5
3.83275e-05 8 18 -12
2.37704e-05 10.5 16 1.5
6.10674e-05 10.5 16 1
5.98996e-05 10 16.5 1
7.1628e-05 10.5 16 0.5
0.000106176 10 16.5 0.5
6.74632e-05 10.5 16 0
0.000135088 10 16.5 0
5.11119e-05 9.5 17 0
4.72906e-05 10.5 16 -0.5
0.000151128 10 16.5 -0.5
9.94578e-05 9.5 17 -0.5
2.68733e-05 10.5 16 -1
0.000154143 9.5 17 -1
0.000159959 10 16.5 -1
0.000161203 10 16.5 -1.5
0.000203649 9.5 17 -1.5
4.31694e-05 9 17.5 -1.5
0.00024103 9.5 17 -2
0.000142297 10 16.5 -2
3.63613e-05 8.5 17.5 -12
8.46105e-05 9 17.5 -2
0.000268149 9.5 17 -2.5
0.00011486 10 16.5 -2.5
0.000144558 9 17.5 -2.5
8.00374e-05 10 16.5 -3
0.000217134 9 17.5 -3
4.52984e-05 10 16.5 -3.5
0.000282924 9.5 17 -3
0.000290811 9.5 17 -3.5
0.000127863 8.5 17.5 -11
0.000288416 9 17.5 -3.5
0.000276434 8.5 17.5 -10
4.34947e-05 8.5 18 -3.5
0.000343752 9 17.5 -4
0.000289455 9.5 17 -4
7.55939e-05 8.5 18 -4
0.000387123 9 17.5 -4.5
0.000261059 9.5 17 -4.5
0.000127929 8.5 18 -4.5
0.000416158 9 17.5 -5
0.000226344 9.5 17 -5
0.000199125 8.5 18 -5
0.000274899 8.5 18 -5.5
0.000117473 9.5 17 -6
0.000427318 9 17.5 -5.5
0.000176987 9.5 17 -5.5
0.000438654 9 17.5 -6
0.000444755 8.5 17.5 -9
0.000509132 8.5 17.5 -8.5
0.000346241 8.5 18 -6
0.000437568 9 17.5 -6.5
6.04661e-05 9.5 17 -6.5
2.26397e-05 8 18.5 -6
0.000402499 8.5 18 -6.5
0.00040341 9 17.5 -7
4.41867e-05 8 18.5 -6.5
0.000432126 8.5 18 -7
5.96474e-05 8 18.5 -7
0.000440872 8.5 18 -7.5
7.39952e-05 8 18.5 -7.5
0.000424271 8.5 18 -8
0.000280786 9 17.5 -8
8.6032e-05 8 18.5 -8
0.000385052 8.5 18 -8.5
9.30512e-05 8 18.5 -8.5
0.000328708 8.5 18 -9
0.000120053 9 17.5 -9
8.36284e-05 8 18.5 -9
6.09221e-05 8 18.5 -9.5
2.04029e-05 9 17.5 -10
4.05798e-05 8 18.5 -10
0.00021189 8.5 18 -10
2.39267e-05 8 18.5 -10.5
9.35467e-05 8.5 18 -11
2.28903e-05 10.5 16.5 1.5
2.05875e-05 10 17 1
6.92841e-05 10.5 16.5 1
9.0641e-05 10.5 16.5 0.5
7.07144e-05 10 17 0.5
0.000119932 10 17 0
9.54498e-05 10.5 16.5 0
8.77738e-05 10.5 16.5 -0.5
0.000155298 10 17 -0.5
4.92172e-05 9.5 17.5 -0.5
0.000176821 10 17 -1
6.49964e-05 10.5 16.5 -1
9.60066e-05 9.5 17.5 -1
3.9484e-05 10.5 16.5 -1.5
4.75722e-05 8.5 18 -11.5
0.000190922 10 17 -1.5
0.000155614 9.5 17.5 -1.5
0.000210559 9.5 17.5 -2
0.000197219 10 17 -2
3.58777e-05 9 18 -2
0.000251837 9.5 17.5 -2.5
0.000182814 10 17 -2.5
0.000150701 8.5 18 -10.5
7.16378e-05 9 18 -2.5
0.000155193 10 17 -3
0.000122093 9 18 -3
0.000117662 10 17 -3.5
0.000281552 9.5 17.5 -3
0.000272522 8.5 18 -9.5
0.000301112 9.5 17.5 -3.5
0.000184728 9 18 -3.5
0.000319806 9.5 17.5 -4
7.7054e-05 10 17 -4
0.00025141 9 18 -4
0.000323921 9.5 17.5 -4.5
4.15066e-05 10 17 -4.5
0.000312497 9 18 -4.5
4.32146e-05 8.5 18.5 -4.5
0.000355404 9 18 -5
0.000299205 9.5 17.5 -5
7.40203e-05 8.5 18.5 -5
0.000381524 9 18 -5.5
0.000254916 9.5 17.5 -5.5
0.00010864 8.5 18.5 -5.5
0.000389094 9 18 -6
0.000143174 8.5 18.5 -6
0.000178206 8.5 18.5 -6.5
8.88935e-05 9.5 17.5 -7
0.000384962 9 18 -6.5
0.000208518 8.5 18.5 -7
4.34643e-05 9.5 17.5 -7.5
0.000369901 9 18 -7
0.00022366 8.5 18.5 -7.5
0.000221059 8.5 18.5 -8
0.000192341 8.5 18.5 -8.5
0.000159366 8.5 18.5 -9
0.000151413 9 18 -9
0.00012314 8.5 18.5 -9.5
8.57939e-05 8.5 18.5 -10
5.62946e-05 9 18 -10
5.34728e-05 8.5 18.5 -10.5
3.98913e-05 10.5 17 1
2.44634e-05 11 16.5 1
2.71076e-05 11 16.5 0.5
8.12075e-05 10.5 17 0.5
2.14196e-05 10 17.5 0.5
6.79314e-05 10 17.5 0
0.000103793 10.5 17 0
2.19988e-05 8.5 18.5 -11
0.000114695 10 17.5 -0.5
0.000109852 10.5 17 -0.5
0.000153555 10 17.5 -1
0.000103481 10.5 17 -1
3.37248e-05 9.5 18 -1
8.40124e-05 10.5 17 -1.5
0.000181491 10 17.5 -1.5
7.54315e-05 9.5 18 -1.5
0.000198663 10 17.5 -2
5.85345e-05 10.5 17 -2
0.000127909 9.5 18 -2
3.23487e-05 10.5 17 -2.5
2.13278e-05 9 18 -10.5
0.000184602 9.5 18 -2.5
0.000207989 10 17.5 -2.5
0.000229564 9.5 18 -3
0.000201621 10 17.5 -3
4.07787e-05 9 18.5 -3
0.00026414 9.5 18 -3.5
0.000175905 10 17.5 -3.5
6.88014e-05 9 18.5 -3.5
0.000105576 9 18.5 -4
9.82575e-05 10 17.5 -4.5
0.000283683 9.5 18 -4
0.000156301 9 18.5 -4.5
5.55823e-05 10 17.5 -5
0.000290737 9.5 18 -4.5
0.000140236 10 17.5 -4
9.83626e-05 9 18 -9.5
0.000205657 9 18.5 -5
0.000290247 9.5 18 -5
0.000235002 9 18.5 -5.5
0.00026563 9.5 18 -5.5
0.000251601 9 18.5 -6
0.000257057 9 18.5 -6.5
2.20932e-05 8.5 19 -6.5
0.000245983 9 18.5 -7
0.000145162 9.5 18 -7
3.44433e-05 8.5 19 -7
3.98154e-05 8.5 19 -7.5
4.76661e-05 9.5 18 -8
3.51237e-05 8.5 19 -8
2.44504e-05 8.5 19 -8.5
0.000154641 9 18.5 -8.5
7.27063e-05 9 18.5 -9.5
2.01419e-05 11 17 1
3.3268e-05 11 17 0.5
3.85534e-05 10.5 17.5 0.5
7.68069e-05 10.5 17.5 0
3.24753e-05 11 17 0
4.69525e-05 10 18 -0.5
0.000101229 10.5 17.5 -0.5
8.82145e-05 10 18 -1
0.000110487 10.5 17.5 -1
0.000126669 10 18 -1.5
0.000109126 10.5 17.5 -1.5
9.08662e-05 10.5 17.5 -2
4.06117e-05 9 18.5 -10
0.000157576 10 18 -2
0.000111711 9 18.5 -9
4.16952e-05 9.5 18.5 -2
0.000177911 10 18 -2.5
6.5722e-05 10.5 17.5 -2.5
7.68241e-05 9.5 18.5 -2.5
0.000189812 10 18 -3
3.90495e-05 10.5 17.5 -3
0.000119653 9.5 18.5 -3
0.00018959 10 18 -3.5
0.000155719 9.5 18.5 -3.5
0.000192352 9 18.5 -8
0.000219709 9 18.5 -7.5
0.000182284 9.5 18.5 -4
0.000171286 10 18 -4
0.000201117 9.5 18.5 -4.5
0.000138556 10 18 -4.5
3.18363e-05 9 19 -4.5
0.000208733 9.5 18.5 -5
5.37497e-05 9 19 -5
6.94032e-05 9 19 -5.5
3.20766e-05 10 18 -6
0.000211996 9.5 18.5 -5.5
8.33165e-05 9 19 -6
0.00019907 9.5 18.5 -6
9.13939e-05 9 19 -6.5
9.2187e-05 9 19 -7
8.57756e-05 9 19 -7.5
4.02211e-05 9.5 18.5 -8.5
5.42148e-05 9 19 -8.5
2.008e-05 11 17.5 0.5
2.20734e-05 10.5 18 0
3.28462e-05 11 17.5 0
5.48284e-05 10.5 18 -0.5
3.28533e-05 11 17.5 -0.5
3.32494e-05 9 19 -9
7.97919e-05 10.5 18 -1
2.07364e-05 11 17.5 -1
9.37642e-05 10.5 18 -1.5
4.61674e-05 10 18.5 -1.5
7.44357e-05 9 19 -8
7.8508e-05 10 18.5 -2
9.65053e-05 10.5 18 -2
0.000107692 10 18.5 -2.5
8.62256e-05 10.5 18 -2.5
2.02923e-05 9.5 19 -3
4.22507e-05 10.5 18 -3.5
0.000128766 10 18.5 -3
6.59388e-05 10.5 18 -3
0.000139651 10 18.5 -3.5
4.30801e-05 9.5 19 -3.5
0.000140495 10 18.5 -4
6.37837e-05 9.5 19 -4
8.04158e-05 9.5 19 -4.5
0.00012516 10 18.5 -4.5
9.29835e-05 9.5 19 -5
0.000105193 10 18.5 -5
9.8084e-05 9.5 19 -5.5
9.50327e-05 9.5 19 -6
5.14363e-05 10 18.5 -6
8.51948e-05 9.5 19 -6.5
2.8705e-05 10 18.5 -6.5
2.22265e-05 11 18 -0.5
2.64736e-05 11 18 -1
2.15158e-05 10.5 18.5 -1
4.34394e-05 10.5 18.5 -1.5
6.14655e-05 10.5 18.5 -2
2.28655e-05 10 19 -2.5
6.72147e-05 10.5 18.5 -2.5
4.10617e-05 9.5 19 -8
6.10112e-05 9.5 19 -7.5
7.56558e-05 9.5 19 -7
4.05935e-05 10 19 -3
6.49026e-05 10.5 18.5 -3
5.37189e-05 10 19 -3.5
5.22685e-05 10.5 18.5 -3.5
6.17482e-05 10 19 -4
6.65471e-05 10 19 -4.5
6.63757e-05 10 19 -5
2.04248e-05 10.5 19 -2.5
2.4449e-05 10.5 19 -3
2.70841e-05 10.5 19 -3.5
2.06957e-05 10.5 19 -4
2.85167e-05 10 19 -6.5
4.1615e-05 10 19 -6
5.61096e-05 10 19 -5.5
3.51149e-05 10.5 18.5 -4
8.14609e-05 10 18.5 -5.5
6.75232e-05 9.5 18.5 -8
9.90731e-05 9.5 18.5 -7.5
0.000135778 9.5 18.5 -7
0.000171916 9.5 18.5 -6.5
5.90435e-05 10 18 -5.5
9.61528e-05 10 18 -5
9.42388e-05 9.5 18 -7.5
0.000196243 9.5 18 -6.5
0.000238193 9.5 18 -6
0.000208357 9 18 -8.5
0.000270927 9 18 -8
0.000329033 9 18 -7.5
0.000138152 9.5 17.5 -6.5
0.000194195 9.5 17.5 -6
6.14065e-05 9 17.5 -9.5
0.000198294 9 17.5 -8.5
0.000351383 9 17.5 -7.5
0.000112331 9 17 -8.5
0.000179417 9 17 -8
0.000254537 9 17 -7.5
0.0003639 8.5 17 -9.5
0.000528823 8.5 17 -8.5
0.000572905 8.5 17 -8
0.000580609 8.5 17 -7.5
0.000186879 9 16.5 -7
0.000232755 8.5 16.5 -9.5
0.000318515 8.5 16.5 -9
0.000390678 8.5 16.5 -8.5
0.000441589 8.5 16.5 -8
3.34038e-05 9 16 -7.5
0.000197253 8.5 16 -8.5
0.00053021 8 16 -9.5
0.000123629 8 15.5 -11
0.000243737 8 15.5 -10
0.000282669 8 15.5 -9.5
0.000291945 8 15.5 -9
0.000618645 7.5 15.5 -10
9.83931e-05 8 15 -8.5
0.000356842 7.5 15 -10.5
0.000330601 7.5 15 -10
2.10639e-05 8 14.5 -9.5
2.46533e-05 8 14.5 -9
0.000137052 7.5 14.5 -11
0.00013265 7.5 14.5 -10.5
0.00011584 7.5 14.5 -10
8.7209e-05 7.5 14.5 -9.5
0.00036762 7 14.5 -11
0.000260023 7 14.5 -10.5
0.000178779 7 14.5 -10
2.56617e-05 7.5 14 -10
0.000127359 7 14 -11
4.29804e-05 7 13.5 -11.5
2.70463e-05 7 13.5 -11
3.3422e-05 6.5 13 -12
