0.315234
2.49403e-05 -4 0.5 -5.5
5.00936e-05 -4 0.5 -6
7.15247e-05 -4 0.5 -6.5
2.30751e-05 -3.5 0 -7.5
7.32184e-05 -4 0.5 -7
5.61202e-05 -4 0.5 -7.5
2.80143e-05 -4 0.5 -8
3.07575e-05 -3.5 0.5 -5.5
7.63692e-05 -3.5 0.5 -6
4.70404e-05 -4 1 -5.5
0.000121107 -3.5 0.5 -6.5
8.48551e-05 -4 1 -6
0.000137993 -3.5 0.5 -7
0.000113698 -4 1 -6.5
9.78477e-05 -3.5 0.5 -7.5
0.000121272 -4 1 -7
3.87571e-05 -3.5 0.5 -8
0.00010089 -4 1 -7.5
3.95857e-05 -4 1 -8
5.75837e-05 -3.5 1 -4.5
0.000216118 -3.5 1 -5
0.00044404 -3.5 1 -5.5
6.57923e-05 -3 0.5 -6.5
0.000600296 -3.5 1 -6
4.81993e-05 -4 1.5 -5.5
0.000113826 -3 0.5 -7
0.000601005 -3.5 1 -6.5
8.38284e-05 -4 1.5 -6
8.87637e-05 -3 0.5 -7.5
0.000449552 -3.5 1 -7
0.000108959 -4 1.5 -6.5
3.45041e-05 -3 0.5 -8
0.00021329 -3.5 1 -7.5
0.000114751 -4 1.5 -7
4.35203e-05 -3.5 1 -8
0.000111558 -4 1.5 -7.5
5.52753e-05 -4 1.5 -8
6.7282e-05 -3 1 -4.5
0.000282753 -3 1 -5
9.7812e-05 -3.5 1.5 -4.5
0.000620057 -3 1 -5.5
0.000361333 -3.5 1.5 -5
3.50199e-05 -2.5 0.5 -6.5
0.000870208 -3 1 -6
0.000693575 -3.5 1.5 -5.5
5.90172e-05 -2.5 0.5 -7
0.000838163 -3 1 -6.5
0.000857826 -3.5 1.5 -6
2.97242e-05 -4 2 -5.5
5.37827e-05 -2.5 0.5 -7.5
0.000598738 -3 1 -7
0.000872084 -3.5 1.5 -6.5
4.98471e-05 -4 2 -6
0.000252379 -3 1 -7.5
0.00071745 -3.5 1.5 -7
5.94603e-05 -4 2 -6.5
4.60527e-05 -3 1 -8
0.000317495 -3.5 1.5 -7.5
6.47044e-05 -4 2 -7
5.04925e-05 -3.5 1.5 -8
7.66483e-05 -4 2 -7.5
5.67313e-05 -4 2 -8
3.85949e-05 -3 1.5 -3.5
0.00025709 -3 1.5 -4
0.000123868 -2.5 1 -5
0.00101058 -3 1.5 -4.5
0.000383871 -2.5 1 -5.5
0.00212464 -3 1.5 -5
8.03556e-05 -3.5 2 -4.5
0.000607774 -2.5 1 -6
0.00289483 -3 1.5 -5.5
0.000312403 -3.5 2 -5
0.000626088 -2.5 1 -6.5
0.00295172 -3 1.5 -6
0.000576836 -3.5 2 -5.5
0.00047816 -2.5 1 -7
0.00253327 -3 1.5 -6.5
0.000723152 -3.5 2 -6
0.000205185 -2.5 1 -7.5
0.00143244 -3 1.5 -7
0.000755327 -3.5 2 -6.5
3.85896e-05 -2.5 1 -8
0.000433495 -3 1.5 -7.5
0.000699224 -3.5 2 -7
4.95963e-05 -3 1.5 -8
0.00035412 -3.5 2 -7.5
5.80541e-05 -3.5 2 -8
2.35896e-05 -4 2.5 -7.5
3.4579e-05 -4 2.5 -8
6.47608e-05 -2.5 1.5 -3.5
0.000374541 -2.5 1.5 -4
4.01741e-05 -3 2 -3.5
2.72914e-05 -2 1 -5
0.00131603 -2.5 1.5 -4.5
0.000331926 -3 2 -4
0.000127589 -2 1 -5.5
0.00254244 -2.5 1.5 -5
0.00147518 -3 2 -4.5
0.000216227 -2 1 -6
0.0032911 -2.5 1.5 -5.5
0.00300395 -3 2 -5
2.08358e-05 -3.5 2.5 -4.5
0.000253091 -2 1 -6.5
0.00328795 -2.5 1.5 -6
0.00385226 -3 2 -5.5
0.000130657 -3.5 2.5 -5
0.000213093 -2 1 -7
0.0026813 -2.5 1.5 -6.5
0.00389373 -3 2 -6
0.000270086 -3.5 2.5 -5.5
0.000101707 -2 1 -7.5
0.00145418 -2.5 1.5 -7
0.00347265 -3 2 -6.5
0.00034321 -3.5 2.5 -6
2.47436e-05 -2 1 -8
0.000424532 -2.5 1.5 -7.5
0.00203049 -3 2 -7
0.000364882 -3.5 2.5 -6.5
4.28209e-05 -2.5 1.5 -8
0.000563193 -3 2 -7.5
0.0003826 -3.5 2.5 -7
5.81108e-05 -3 2 -8
0.000299797 -3.5 2.5 -7.5
5.98755e-05 -3.5 2.5 -8
2.96411e-05 -2 1.5 -3.5
5.47616e-05 -2.5 2 -3
0.000250177 -2 1.5 -4
0.00039906 -2.5 2 -3.5
2.62899e-05 -1.5 1 -5
0.000928028 -2 1.5 -4.5
0.00188364 -2.5 2 -4
3.96295e-05 -1.5 1 -5.5
0.00181802 -2 1.5 -5
0.00444147 -2.5 2 -4.5
0.000180201 -3 2.5 -4
4.82211e-05 -1.5 1 -6
0.00235103 -2 1.5 -5.5
0.00686645 -2.5 2 -5
0.00106001 -3 2.5 -4.5
4.99623e-05 -1.5 1 -6.5
0.00234588 -2 1.5 -6
0.00754449 -2.5 2 -5.5
0.00250577 -3 2.5 -5
4.5525e-05 -1.5 1 -7
0.00187773 -2 1.5 -6.5
0.00729165 -2.5 2 -6
0.00321697 -3 2.5 -5.5
3.44191e-05 -1.5 1 -7.5
0.000997609 -2 1.5 -7
0.0055081 -2.5 2 -6.5
0.00328243 -3 2.5 -6
5.31786e-05 -3.5 3 -5.5
0.000298166 -2 1.5 -7.5
0.00271938 -2.5 2 -7
0.0031232 -3 2.5 -6.5
7.26456e-05 -3.5 3 -6
3.15816e-05 -2 1.5 -8
0.000634652 -2.5 2 -7.5
0.00197004 -3 2.5 -7
7.3091e-05 -3.5 3 -6.5
5.35476e-05 -2.5 2 -8
0.000573764 -3 2.5 -7.5
7.89504e-05 -3.5 3 -7
5.53232e-05 -3 2.5 -8
0.000106494 -3.5 3 -7.5
5.92247e-05 -3.5 3 -8
9.85821e-05 -2 2 -3
6.17709e-05 -1.5 1.5 -4
0.000564081 -2 2 -3.5
5.05903e-05 -2.5 2.5 -3
0.000233449 -1.5 1.5 -4.5
0.0020682 -2 2 -4
0.000442287 -2.5 2.5 -3.5
0.000493436 -1.5 1.5 -5
0.00446942 -2 2 -4.5
0.00242466 -2.5 2.5 -4
0.000709778 -1.5 1.5 -5.5
0.0066196 -2 2 -5
0.00598854 -2.5 2.5 -4.5
3.35573e-05 -3 3 -4
0.000750654 -1.5 1.5 -6
0.00713727 -2 2 -5.5
0.00890842 -2.5 2.5 -5
0.000324784 -3 3 -4.5
0.000654704 -1.5 1.5 -6.5
0.00681376 -2 2 -6
0.00939718 -2.5 2.5 -5.5
0.000980934 -3 3 -5
0.000395015 -1.5 1.5 -7
0.00495494 -2 2 -6.5
0.00907871 -2.5 2.5 -6
0.00133585 -3 3 -5.5
0.000143679 -1.5 1.5 -7.5
0.00236012 -2 2 -7
0.00688508 -2.5 2.5 -6.5
0.00138816 -3 3 -6
2.17181e-05 -1.5 1.5 -8
0.000545357 -2 2 -7.5
0.00339476 -2.5 2.5 -7
0.00142616 -3 3 -6.5
4.61004e-05 -2 2 -8
0.000731271 -2.5 2.5 -7.5
0.00117131 -3 3 -7
5.33316e-05 -2.5 2.5 -8
0.000393628 -3 3 -7.5
4.15674e-05 -3 3 -8
6.88859e-05 -1.5 2 -3
3.72405e-05 -2 2.5 -2.5
0.000382433 -1.5 2 -3.5
0.000267589 -2 2.5 -3
0.00122331 -1.5 2 -4
0.00148143 -2 2.5 -3.5
3.95534e-05 -1 1.5 -5
0.00244898 -1.5 2 -4.5
0.00456514 -2 2.5 -4
0.000206419 -2.5 3 -3.5
5.80517e-05 -1 1.5 -5.5
0.00357903 -1.5 2 -5
0.00861381 -2 2.5 -4.5
0.00167298 -2.5 3 -4
6.57949e-05 -1 1.5 -6
0.003923 -1.5 2 -5.5
0.0113398 -2 2.5 -5
0.00494942 -2.5 3 -4.5
6.65938e-05 -1 1.5 -6.5
0.00371041 -1.5 2 -6
0.0115731 -2 2.5 -5.5
0.00756955 -2.5 3 -5
2.27838e-05 -3 3.5 -4.5
5.65837e-05 -1 1.5 -7
0.00268314 -1.5 2 -6.5
0.0107472 -2 2.5 -6
0.0078888 -2.5 3 -5.5
0.000142474 -3 3.5 -5
2.9137e-05 -1 1.5 -7.5
0.00132447 -1.5 2 -7
0.00755238 -2 2.5 -6.5
0.00772193 -2.5 3 -6
0.000239483 -3 3.5 -5.5
0.000358411 -1.5 2 -7.5
0.00353476 -2 2.5 -7
0.00608314 -2.5 3 -6.5
0.000238381 -3 3.5 -6
3.16896e-05 -1.5 2 -8
0.000721943 -2 2.5 -7.5
0.00304418 -2.5 3 -7
0.000234723 -3 3.5 -6.5
5.20653e-05 -2 2.5 -8
0.00058543 -2.5 3 -7.5
0.000242995 -3 3.5 -7
3.74064e-05 -2.5 3 -8
0.000170799 -3 3.5 -7.5
2.09311e-05 -3 3.5 -8
5.1081e-05 -1.5 2.5 -2.5
4.58842e-05 -1 2 -3.5
0.000308206 -1.5 2.5 -3
3.33723e-05 -2 3 -2.5
0.000120951 -1 2 -4
0.00144959 -1.5 2.5 -3.5
0.000274499 -2 3 -3
0.000268185 -1 2 -4.5
0.00384618 -1.5 2.5 -4
0.00178814 -2 3 -3.5
0.000477338 -1 2 -5
0.00681738 -1.5 2.5 -4.5
0.00569576 -2 3 -4
2.77246e-05 -2.5 3.5 -3.5
0.000657273 -1 2 -5.5
0.00887453 -1.5 2.5 -5
0.0104371 -2 3 -4.5
0.000328201 -2.5 3.5 -4
0.000726599 -1 2 -6
0.00905939 -1.5 2.5 -5.5
0.0129526 -2 3 -5
0.00176565 -2.5 3.5 -4.5
0.000650489 -1 2 -6.5
0.00828984 -1.5 2.5 -6
0.0129935 -2 3 -5.5
0.00309445 -2.5 3.5 -5
0.000411404 -1 2 -7
0.00565766 -1.5 2.5 -6.5
0.0118575 -2 3 -6
0.0031919 -2.5 3.5 -5.5
0.000159057 -1 2 -7.5
0.00261119 -1.5 2.5 -7
0.0081893 -2 3 -6.5
0.00315579 -2.5 3.5 -6
2.05575e-05 -3 4 -5.5
2.69664e-05 -1 2 -8
0.000569672 -1.5 2.5 -7.5
0.0037748 -2 3 -7
0.00265096 -2.5 3.5 -6.5
2.15581e-05 -3 4 -6
4.85714e-05 -1.5 2.5 -8
0.000714525 -2 3 -7.5
0.00141297 -2.5 3.5 -7
2.02488e-05 -3 4 -6.5
4.01005e-05 -2 3 -8
0.000259198 -2.5 3.5 -7.5
2.13068e-05 -3 4 -7.5
3.04965e-05 -1 2.5 -2.5
0.000156354 -1 2.5 -3
0.000101171 -1.5 3 -2.5
0.000480162 -1 2.5 -3.5
0.000590281 -1.5 3 -3
0.00106012 -1 2.5 -4
0.00251191 -1.5 3 -3.5
0.00011091 -2 3.5 -3
0.00189198 -1 2.5 -4.5
0.00615369 -1.5 3 -4
0.00102073 -2 3.5 -3.5
0.00266119 -1 2.5 -5
0.0103609 -1.5 3 -4.5
0.00441524 -2 3.5 -4
2.21663e-05 -0.5 2 -6
0.00303625 -1 2.5 -5.5
0.0123427 -1.5 3 -5
0.00883677 -2 3.5 -4.5
2.33172e-05 -0.5 2 -6.5
0.00287158 -1 2.5 -6
0.012289 -1.5 3 -5.5
0.0105937 -2 3.5 -5
0.000161583 -2.5 4 -4.5
3.46734e-05 -0.5 2 -7
0.0021491 -1 2.5 -6.5
0.0108836 -1.5 3 -6
0.0105024 -2 3.5 -5.5
0.000427176 -2.5 4 -5
2.27021e-05 -0.5 2 -7.5
0.0011511 -1 2.5 -7
0.00724287 -1.5 3 -6.5
0.00930266 -2 3.5 -6
0.000465347 -2.5 4 -5.5
0.000361771 -1 2.5 -7.5
0.00325738 -1.5 3 -7
0.00617834 -2 3.5 -6.5
0.000455342 -2.5 4 -6
3.84118e-05 -1 2.5 -8
0.000642916 -1.5 3 -7.5
0.00263365 -2 3.5 -7
0.000416165 -2.5 4 -6.5
4.21778e-05 -1.5 3 -8
0.000365495 -2 3.5 -7.5
6.75834e-05 -2.5 4 -7.5
0.000264669 -2.5 4 -7
9.75857e-05 -1 3 -2.5
0.000509126 -1 3 -3
9.53129e-05 -1.5 3.5 -2.5
0.00163576 -1 3 -3.5
0.000620745 -1.5 3.5 -3
2.38537e-05 -0.5 2.5 -4.5
0.00343221 -1 3 -4
0.00276368 -1.5 3.5 -3.5
5.40108e-05 -0.5 2.5 -5
0.00534311 -1 3 -4.5
0.00671259 -1.5 3.5 -4
0.000131157 -2 4 -3.5
0.000105679 -0.5 2.5 -5.5
0.00655675 -1 3 -5
0.0108796 -1.5 3.5 -4.5
0.00120622 -2 4 -4
0.000159417 -0.5 2.5 -6
0.00658876 -1 3 -5.5
0.0123397 -1.5 3.5 -5
0.00320426 -2 4 -4.5
0.000221029 -0.5 2.5 -6.5
0.00578363 -1 3 -6
0.0121627 -1.5 3.5 -5.5
0.00384289 -2 4 -5
0.000203027 -0.5 2.5 -7
0.00389899 -1 3 -6.5
0.0104491 -1.5 3.5 -6
0.00378862 -2 4 -5.5
2.7521e-05 -2.5 4.5 -5
0.000117363 -0.5 2.5 -7.5
0.00188092 -1 3 -7
0.00670467 -1.5 3.5 -6.5
0.00327328 -2 4 -6
3.51626e-05 -2.5 4.5 -5.5
3.00474e-05 -0.5 2.5 -8
0.000492955 -1 3 -7.5
0.00282151 -1.5 3.5 -7
0.00208005 -2 4 -6.5
3.47368e-05 -2.5 4.5 -6
3.42395e-05 -1 3 -8
0.000437316 -1.5 3.5 -7.5
0.000791982 -2 4 -7
2.45489e-05 -1.5 3.5 -8
8.47769e-05 -2 4 -7.5
2.66369e-05 -2.5 4.5 -7
3.24663e-05 -2.5 4.5 -6.5
2.9375e-05 -0.5 3 -2.5
2.49659e-05 -1 3.5 -2
8.18792e-05 -0.5 3 -3
0.000149541 -1 3.5 -2.5
0.000153054 -0.5 3 -3.5
0.000761349 -1 3.5 -3
3.04903e-05 -1.5 4 -2.5
0.000259497 -0.5 3 -4
0.00259132 -1 3.5 -3.5
0.000284069 -1.5 4 -3
0.00045125 -0.5 3 -4.5
0.00540989 -1 3.5 -4
0.00183245 -1.5 4 -3.5
0.000715541 -0.5 3 -5
0.00806711 -1 3.5 -4.5
0.00499741 -1.5 4 -4
0.0008705 -0.5 3 -5.5
0.00896078 -1 3.5 -5
0.00773258 -1.5 4 -4.5
8.35112e-05 -2 4.5 -4
0.000926068 -0.5 3 -6
0.00876885 -1 3.5 -5.5
0.00814134 -1.5 4 -5
0.00036697 -2 4.5 -4.5
0.000826073 -0.5 3 -6.5
0.00728829 -1 3.5 -6
0.00778122 -1.5 4 -5.5
0.000503494 -2 4.5 -5
0.000570189 -0.5 3 -7
0.00463941 -1 3.5 -6.5
0.00603714 -1.5 4 -6
0.000509144 -2 4.5 -5.5
0.000250812 -0.5 3 -7.5
0.00207446 -1 3.5 -7
0.00347888 -1.5 4 -6.5
0.000470548 -2 4.5 -6
4.42005e-05 -0.5 3 -8
0.000436529 -1 3.5 -7.5
0.00123794 -1.5 4 -7
2.47468e-05 -1 3.5 -8
0.000117612 -1.5 4 -7.5
0.000105229 -2 4.5 -7
0.000296251 -2 4.5 -6.5
2.17792e-05 -0.5 3.5 -2
0.000113228 -0.5 3.5 -2.5
2.1719e-05 -1 4 -2
0.000381595 -0.5 3.5 -3
0.000142559 -1 4 -2.5
0.000798648 -0.5 3.5 -3.5
0.000764588 -1 4 -3
0.0013568 -0.5 3.5 -4
0.00257121 -1 4 -3.5
3.52555e-05 -1.5 4.5 -3
0.00199195 -0.5 3.5 -4.5
0.005373 -1 4 -4
0.000406342 -1.5 4.5 -3.5
0.0024358 -0.5 3.5 -5
0.00772629 -1 4 -4.5
0.00158586 -1.5 4.5 -4
0.00243778 -0.5 3.5 -5.5
0.00804462 -1 4 -5
0.00246541 -1.5 4.5 -4.5
0.00216811 -0.5 3.5 -6
0.00762828 -1 4 -5.5
0.00250388 -1.5 4.5 -5
3.31016e-05 0 3 -7
0.00156429 -0.5 3.5 -6.5
0.00582032 -1 4 -6
0.00227729 -1.5 4.5 -5.5
2.63832e-05 -2 5 -5
3.78935e-05 0 3 -7.5
0.000866288 -0.5 3.5 -7
0.00334324 -1 4 -6.5
0.000305596 -0.5 3.5 -7.5
0.00123496 -1 4 -7
0.000765579 -1.5 4.5 -6.5
2.99706e-05 -0.5 3.5 -8
0.000152276 -1 4 -7.5
0.000199542 -1.5 4.5 -7
2.01213e-05 -2 5 -6.5
2.79788e-05 -2 5 -6
0.00155499 -1.5 4.5 -6
2.81278e-05 -2 5 -5.5
2.84941e-05 -0.5 4 -2
0.000157715 -0.5 4 -2.5
0.000655457 -0.5 4 -3
5.8383e-05 -1 4.5 -2.5
0.00158971 -0.5 4 -3.5
0.000432779 -1 4.5 -3
2.04275e-05 0 3.5 -4.5
0.00273192 -0.5 4 -4
0.0016093 -1 4.5 -3.5
3.93136e-05 0 3.5 -5
0.00364825 -0.5 4 -4.5
0.00316756 -1 4.5 -4
2.39846e-05 -1.5 5 -3.5
5.74345e-05 0 3.5 -5.5
0.00386227 -0.5 4 -5
0.00391365 -1 4.5 -4.5
7.01289e-05 0 3.5 -6
0.00366648 -0.5 4 -5.5
0.00386135 -1 4.5 -5
0.000272395 -1.5 5 -4.5
0.000104423 0 3.5 -6.5
0.00287404 -0.5 4 -6
0.00330964 -1 4.5 -5.5
0.000283203 -1.5 5 -5
0.000126513 0 3.5 -7
0.00178783 -0.5 4 -6.5
9.0918e-05 0 3.5 -7.5
0.000811558 -0.5 4 -7
0.0010219 -1 4.5 -6.5
2.68842e-05 0 3.5 -8
0.000189185 -0.5 4 -7.5
0.000262521 -1 4.5 -7
8.5109e-05 -1.5 5 -6.5
2.69893e-05 -1 4.5 -7.5
0.00018566 -1.5 5 -6
0.00216048 -1 4.5 -6
0.000268653 -1.5 5 -5.5
0.000155567 -1.5 5 -4
6.53631e-05 0 4 -2.5
2.62064e-05 -0.5 4.5 -2
0.000110621 0 4 -3
0.000147677 -0.5 4.5 -2.5
0.000146675 0 4 -3.5
0.000617689 -0.5 4.5 -3
0.000185243 0 4 -4
0.00158413 -0.5 4.5 -3.5
9.48506e-05 -1 5 -3
0.000271683 0 4 -4.5
0.00270931 -0.5 4.5 -4
0.000452077 -1 5 -3.5
0.000347131 0 4 -5
0.00325044 -0.5 4.5 -4.5
0.00081999 -1 5 -4
0.000366205 0 4 -5.5
0.00320183 -0.5 4.5 -5
0.000355321 0 4 -6
0.00272594 -0.5 4.5 -5.5
0.000837149 -1 5 -5
0.000313041 0 4 -6.5
0.000361765 -1 5 -6
0.000231 0 4 -7
0.000878875 -0.5 4.5 -6.5
0.000103064 0 4 -7.5
0.000265146 -0.5 4.5 -7
0.000142681 -1 5 -6.5
2.14117e-05 0 4 -8
3.67625e-05 -0.5 4.5 -7.5
2.09368e-05 -1 5 -7
0.00179426 -0.5 4.5 -6
0.000638769 -1 5 -5.5
0.000870426 -1 5 -4.5
2.63601e-05 0 4.5 -2
0.000120957 0 4.5 -2.5
0.000306101 0 4.5 -3
7.64456e-05 -0.5 5 -2.5
0.000509121 0 4.5 -3.5
0.00034286 -0.5 5 -3
0.000722891 0 4.5 -4
0.000779218 -0.5 5 -3.5
0.000895917 0 4.5 -4.5
0.00109266 -0.5 5 -4
0.000908236 0 4.5 -5
0.00111217 -0.5 5 -4.5
5.79758e-05 -1 5.5 -4
0.00082496 0 4.5 -5.5
0.00101525 -0.5 5 -5
6.6388e-05 -1 5.5 -4.5
0.000616634 0 4.5 -6
0.000723875 -0.5 5 -5.5
0.000367454 0 4.5 -6.5
0.000392063 -0.5 5 -6
4.97363e-05 -1 5.5 -5.5
0.000148959 -0.5 5 -6.5
0.000159736 0 4.5 -7
4.25191e-05 0 4.5 -7.5
3.3672e-05 -0.5 5 -7
6.585e-05 -1 5.5 -5
2.51299e-05 -1 5.5 -3.5
2.02928e-05 0 5 -2
0.000102013 0 5 -2.5
0.000302766 0 5 -3
0.000560892 0 5 -3.5
6.23212e-05 -0.5 5.5 -3
0.000744333 0 5 -4
0.00013754 -0.5 5.5 -3.5
0.000759439 0 5 -4.5
0.000162879 -0.5 5.5 -4
2.17294e-05 0.5 4.5 -5.5
0.000690255 0 5 -5
0.000160966 -0.5 5.5 -4.5
2.75015e-05 0.5 4.5 -6
0.000491527 0 5 -5.5
0.000134028 -0.5 5.5 -5
3.36859e-05 0.5 4.5 -6.5
0.000273271 0 5 -6
8.55351e-05 -0.5 5.5 -5.5
3.08586e-05 0.5 4.5 -7
0.000108871 0 5 -6.5
2.46504e-05 0 5 -7
3.03136e-05 -0.5 5.5 -6
3.82378e-05 0.5 5 -2.5
6.15665e-05 0.5 5 -3
3.48231e-05 0 5.5 -2.5
8.47203e-05 0.5 5 -3.5
0.000105744 0 5.5 -3
0.000109978 0.5 5 -4
0.000170886 0 5.5 -3.5
0.000122262 0.5 5 -4.5
0.000183225 0 5.5 -4
0.000116079 0.5 5 -5
0.000174788 0 5.5 -4.5
9.58418e-05 0.5 5 -5.5
6.50542e-05 0.5 5 -6
3.29328e-05 0.5 5 -6.5
2.47836e-05 0 5.5 -6
7.94727e-05 0 5.5 -5.5
0.00013621 0 5.5 -5
2.72906e-05 0.5 5.5 -2.5
6.59979e-05 0.5 5.5 -3
9.95426e-05 0.5 5.5 -3.5
0.000105454 0.5 5.5 -4
9.77269e-05 0.5 5.5 -4.5
6.84769e-05 0.5 5.5 -5
3.29472e-05 0.5 5.5 -5.5
