0.209971
2.92745e-05 -5.5 1.5 1
3.21538e-05 -5.5 1.5 0.5
3.02629e-05 -5.5 1.5 0
2.64247e-05 -6 2 0.5
2.76503e-05 -6 2 0
2.47279e-05 -6 2 -0.5
4.61197e-05 -5 1.5 1.5
7.92287e-05 -5 1.5 1
5.74518e-05 -5.5 2 1.5
8.31249e-05 -5 1.5 0.5
0.000161594 -5.5 2 1
6.06507e-05 -5 1.5 0
0.00019326 -5.5 2 0.5
5.10047e-05 -6 2.5 1
2.36981e-05 -5 1.5 -0.5
0.000163914 -5.5 2 0
0.000140156 -6 2.5 0.5
5.80774e-05 -5.5 2 -0.5
0.000162964 -6 2.5 0
2.9005e-05 -6.5 3 0.5
0.000129632 -6 2.5 -0.5
6.93127e-05 -6.5 3 0
2.9143e-05 -6 2.5 -1
8.16288e-05 -6.5 3 -0.5
6.52108e-05 -6.5 3 -1
5.01879e-05 -4.5 1.5 1.5
5.83531e-05 -5 2 2
8.54888e-05 -4.5 1.5 1
0.000255115 -5 2 1.5
9.08404e-05 -4.5 1.5 0.5
0.00044498 -5 2 1
0.000262934 -5.5 2.5 1.5
7.35137e-05 -4.5 1.5 0
0.000476008 -5 2 0.5
0.000767104 -5.5 2.5 1
3.24398e-05 -4.5 1.5 -0.5
0.000371088 -5 2 0
0.00093889 -5.5 2.5 0.5
0.000277105 -6 3 1
0.000125048 -5 2 -0.5
0.000857919 -5.5 2.5 0
0.000592221 -6 3 0.5
2.05341e-05 -6.5 3.5 1
3.24585e-05 -5 2 -1
0.000372177 -5.5 2.5 -0.5
0.000697552 -6 3 0
0.000102022 -6.5 3.5 0.5
4.74949e-05 -5.5 2.5 -1
0.000599562 -6 3 -0.5
0.000166639 -6.5 3.5 0
0.000182927 -6 3 -1
0.000192267 -6.5 3.5 -0.5
2.53013e-05 -6 3 -1.5
0.000206544 -6.5 3.5 -1
9.21113e-05 -6.5 3.5 -1.5
3.4032e-05 -6.5 3.5 -2
2.16364e-05 -7 4 -1.5
3.03145e-05 -7 4 -2
2.67511e-05 -4 1.5 1.5
9.01115e-05 -4.5 2 2
5.42369e-05 -4 1.5 1
0.000291384 -4.5 2 1.5
0.000272378 -5 2.5 2
6.23587e-05 -4 1.5 0.5
0.000487266 -4.5 2 1
0.001163 -5 2.5 1.5
8.0213e-05 -5.5 3 2
5.43902e-05 -4 1.5 0
0.000521389 -4.5 2 0.5
0.00196317 -5 2.5 1
0.00131506 -5.5 3 1.5
2.57703e-05 -4 1.5 -0.5
0.000444261 -4.5 2 0
0.00208941 -5 2.5 0.5
0.00281514 -5.5 3 1
0.00021315 -6 3.5 1.5
0.000196629 -4.5 2 -0.5
0.00174767 -5 2.5 0
0.00320115 -5.5 3 0.5
0.000911111 -6 3.5 1
3.38507e-05 -4.5 2 -1
0.00074192 -5 2.5 -0.5
0.00304315 -5.5 3 0
0.00137629 -6 3.5 0.5
0.000103713 -5 2.5 -1
0.00164875 -5.5 3 -0.5
0.00155328 -6 3.5 0
8.28883e-05 -6.5 4 0.5
0.000349471 -5.5 3 -1
0.00153832 -6 3.5 -0.5
0.00016399 -6.5 4 0
5.07486e-05 -5.5 3 -1.5
0.000788735 -6 3.5 -1
0.000205859 -6.5 4 -0.5
0.000158131 -6 3.5 -1.5
0.000228024 -6.5 4 -1
4.79457e-05 -6 3.5 -2
0.000221402 -6.5 4 -1.5
6.91273e-05 -6.5 4 -2
2.20937e-05 -6.5 4 -2.5
2.06651e-05 -7 4.5 -2.5
6.3832e-05 -4 2 2
6.0416e-05 -4.5 2.5 2.5
0.000188509 -4 2 1.5
0.000452563 -4.5 2.5 2
8.95162e-05 -5 3 2.5
0.000334341 -4 2 1
0.00132412 -4.5 2.5 1.5
0.00135249 -5 3 2
2.55707e-05 -5.5 3.5 2.5
0.000383039 -4 2 0.5
0.00208745 -4.5 2.5 1
0.00392295 -5 3 1.5
0.000909311 -5.5 3.5 2
0.000341702 -4 2 0
0.00220272 -4.5 2.5 0.5
0.00573353 -5 3 1
0.00370832 -5.5 3.5 1.5
0.000190085 -4 2 -0.5
0.0019025 -4.5 2.5 0
0.00596514 -5 3 0.5
0.00586634 -5.5 3.5 1
0.00013106 -6 4 1.5
4.88557e-05 -4 2 -1
0.000971483 -4.5 2.5 -0.5
0.00532587 -5 3 0
0.00629863 -5.5 3.5 0.5
0.000751571 -6 4 1
0.000198201 -4.5 2.5 -1
0.00283039 -5 3 -0.5
0.00616356 -5.5 3.5 0
0.00135014 -6 4 0.5
3.4579e-05 -4.5 2.5 -1.5
0.00067466 -5 3 -1
0.00430606 -5.5 3.5 -0.5
0.00165195 -6 4 0
3.53021e-05 -6.5 4.5 0.5
8.22573e-05 -5 3 -1.5
0.0016156 -5.5 3.5 -1
0.0017649 -6 4 -0.5
0.000102378 -6.5 4.5 0
0.000281533 -5.5 3.5 -1.5
0.00146102 -6 4 -1
0.000136961 -6.5 4.5 -0.5
5.33525e-05 -5.5 3.5 -2
0.000561409 -6 4 -1.5
0.00015739 -6.5 4.5 -1
9.88096e-05 -6 4 -2
0.00018013 -6.5 4.5 -1.5
2.18131e-05 -6 4 -2.5
0.000106652 -6.5 4.5 -2
2.67741e-05 -6.5 4.5 -2.5
6.07149e-05 -4 2.5 2.5
2.17886e-05 -4.5 3 3
0.000336554 -4 2.5 2
0.00031335 -4.5 3 2.5
2.18419e-05 -5 3.5 3
5.86486e-05 -3.5 2 1
0.000855031 -4 2.5 1.5
0.00178274 -4.5 3 2
0.000636749 -5 3.5 2.5
0.000111173 -3.5 2 0.5
0.00139098 -4 2.5 1
0.00415074 -4.5 3 1.5
0.00376443 -5 3.5 2
0.000124851 -3.5 2 0
0.00153601 -4 2.5 0.5
0.00583907 -4.5 3 1
0.0080127 -5 3.5 1.5
0.000570022 -5.5 4 2
0.000103473 -3.5 2 -0.5
0.00139105 -4 2.5 0
0.00604651 -4.5 3 0.5
0.0105972 -5 3.5 1
0.00323342 -5.5 4 1.5
4.19015e-05 -3.5 2 -1
0.000823928 -4 2.5 -0.5
0.00534121 -4.5 3 0
0.0108304 -5 3.5 0.5
0.00595258 -5.5 4 1
2.32078e-05 -6 4.5 1.5
0.000278921 -4 2.5 -1
0.00311427 -4.5 3 -0.5
0.00995359 -5 3.5 0
0.00677488 -5.5 4 0.5
0.000378495 -6 4.5 1
3.2092e-05 -4 2.5 -1.5
0.000960653 -4.5 3 -1
0.00649625 -5 3.5 -0.5
0.00684539 -5.5 4 0
0.000928797 -6 4.5 0.5
0.000119837 -4.5 3 -1.5
0.00253926 -5 3.5 -1
0.00579972 -5.5 4 -0.5
0.00120071 -6 4.5 0
2.1622e-05 -4.5 3 -2
0.000419247 -5 3.5 -1.5
0.00318219 -5.5 4 -1
0.00134984 -6 4.5 -0.5
3.27798e-05 -6.5 5 0
7.67478e-05 -5 3.5 -2
0.000954825 -5.5 4 -1.5
0.00130454 -6 4.5 -1
6.11239e-05 -6.5 5 -0.5
0.000153071 -5.5 4 -2
0.000710871 -6 4.5 -1.5
6.68437e-05 -6.5 5 -1
3.52918e-05 -5.5 4 -2.5
0.000184366 -6 4.5 -2
7.40309e-05 -6.5 5 -1.5
2.76948e-05 -6 4.5 -2.5
7.11718e-05 -6.5 5 -2
2.59971e-05 -6.5 5 -2.5
3.15872e-05 -4 3 3
2.96366e-05 -3.5 2.5 2
0.000297414 -4 3 2.5
0.000127923 -4.5 3.5 3
8.8147e-05 -3.5 2.5 1.5
0.00119087 -4 3 2
0.00109695 -4.5 3.5 2.5
3.25463e-05 -5 4 3
0.000234851 -3.5 2.5 1
0.00254124 -4 3 1.5
0.00412644 -4.5 3.5 2
0.000639375 -5 4 2.5
0.000426641 -3.5 2.5 0.5
0.00376527 -4 3 1
0.00818104 -4.5 3.5 1.5
0.00401757 -5 4 2
0.000499188 -3.5 2.5 0
0.00404502 -4 3 0.5
0.0106423 -4.5 3.5 1
0.00883788 -5 4 1.5
0.000418409 -3.5 2.5 -0.5
0.0036936 -4 3 0
0.010859 -4.5 3.5 0.5
0.0119524 -5 4 1
0.00205248 -5.5 4.5 1.5
0.00021208 -3.5 2.5 -1
0.00240818 -4 3 -0.5
0.0098404 -4.5 3.5 0
0.0122792 -5 4 0.5
0.0046442 -5.5 4.5 1
4.84137e-05 -3.5 2.5 -1.5
0.000962783 -4 3 -1
0.00641267 -4.5 3.5 -0.5
0.0116715 -5 4 0
0.00555571 -5.5 4.5 0.5
0.000154802 -4 3 -1.5
0.00273572 -4.5 3.5 -1
0.00847957 -5 4 -0.5
0.00567364 -5.5 4.5 0
0.00040061 -6 5 0.5
3.18617e-05 -4 3 -2
0.000543754 -4.5 3.5 -1.5
0.0044052 -5 4 -1
0.00509967 -5.5 4.5 -0.5
0.000612262 -6 5 0
7.37912e-05 -4.5 3.5 -2
0.0013279 -5 4 -1.5
0.00323019 -5.5 4.5 -1
0.00069322 -6 5 -0.5
0.000194951 -5 4 -2
0.00135239 -5.5 4.5 -1.5
0.000675229 -6 5 -1
4.06944e-05 -5 4 -2.5
0.000284763 -5.5 4.5 -2
0.000435696 -6 5 -1.5
4.46827e-05 -5.5 4.5 -2.5
0.000175549 -6 5 -2
2.62712e-05 -6 5 -2.5
7.95248e-05 -6 5 1
0.000149715 -5.5 4.5 2
3.2406e-05 -3.5 3 2.5
0.000134976 -4 3.5 3
9.17261e-05 -3.5 3 2
0.000885173 -4 3.5 2.5
0.000220081 -4.5 4 3
0.000276466 -3.5 3 1.5
0.00273805 -4 3.5 2
0.00155579 -4.5 4 2.5
0.000673128 -3.5 3 1
0.00515781 -4 3.5 1.5
0.00508937 -4.5 4 2
2.80392e-05 -3 2.5 0
0.00109222 -3.5 3 0.5
0.00709453 -4 3.5 1
0.00967866 -4.5 4 1.5
0.00293307 -5 4.5 2
7.82181e-05 -3 2.5 -0.5
0.00128437 -3.5 3 0
0.00739294 -4 3.5 0.5
0.012486 -4.5 4 1
0.00745433 -5 4.5 1.5
7.15479e-05 -3 2.5 -1
0.00110286 -3.5 3 -0.5
0.00674108 -4 3.5 0
0.0127099 -4.5 4 0.5
0.010583 -5 4.5 1
2.82347e-05 -3 2.5 -1.5
0.00062244 -3.5 3 -1
0.00463337 -4 3.5 -0.5
0.0118063 -4.5 4 0
0.0109658 -5 4.5 0.5
0.00239023 -5.5 5 1
0.000183677 -3.5 3 -1.5
0.00221688 -4 3.5 -1
0.00835794 -4.5 4 -0.5
0.0104584 -5 4.5 0
0.00313489 -5.5 5 0.5
2.30316e-05 -3.5 3 -2
0.000559476 -4 3.5 -1.5
0.00428441 -4.5 4 -1
0.00783252 -5 4.5 -0.5
0.00321861 -5.5 5 0
7.07375e-05 -4 3.5 -2
0.00134099 -4.5 4 -1.5
0.0044528 -5 4.5 -1
0.00282922 -5.5 5 -0.5
0.000203143 -4.5 4 -2
0.0017609 -5 4.5 -1.5
0.00181413 -5.5 5 -1
3.95825e-05 -4.5 4 -2.5
0.000363923 -5 4.5 -2
0.000911155 -5.5 5 -1.5
5.40681e-05 -5 4.5 -2.5
0.000309178 -5.5 5 -2
4.5303e-05 -5.5 5 -2.5
3.92077e-05 -6 5.5 -2
8.09514e-05 -6 5.5 -1.5
0.000127056 -6 5.5 -1
0.000127483 -6 5.5 -0.5
0.000100515 -6 5.5 0
0.000651357 -5.5 5 1.5
0.000342388 -5 4.5 2.5
3.42982e-05 -3.5 3.5 3
2.97383e-05 -4 4 3.5
9.82249e-05 -3.5 3.5 2.5
0.000248355 -4 4 3
0.000282929 -3.5 3.5 2
0.00145857 -4 4 2.5
0.000165393 -4.5 4.5 3
0.000798293 -3.5 3.5 1.5
0.00409642 -4 4 2
0.00131347 -4.5 4.5 2.5
0.00157119 -3.5 3.5 1
0.00732317 -4 4 1.5
0.00456197 -4.5 4.5 2
6.53886e-05 -5 5 2.5
6.27729e-05 -3 3 0
0.00221259 -3.5 3.5 0.5
0.00940003 -4 4 1
0.00883332 -4.5 4.5 1.5
0.00127001 -5 5 2
0.000188127 -3 3 -0.5
0.00234309 -3.5 3.5 0
0.00955184 -4 4 0.5
0.011538 -4.5 4.5 1
0.000187181 -3 3 -1
0.00200487 -3.5 3.5 -0.5
0.00855373 -4 4 0
0.0117377 -4.5 4.5 0.5
0.000103728 -3 3 -1.5
0.00121815 -3.5 3.5 -1
0.00595719 -4 4 -0.5
0.0108675 -4.5 4.5 0
2.56996e-05 -3 3 -2
0.000449356 -3.5 3.5 -1.5
0.00312845 -4 4 -1
0.00785761 -4.5 4.5 -0.5
0.00620005 -5 5 0
6.47495e-05 -3.5 3.5 -2
0.00109915 -4 4 -1.5
0.0043263 -4.5 4.5 -1
0.000172196 -4 4 -2
0.00167892 -4.5 4.5 -1.5
0.00248621 -5 5 -1
2.8271e-05 -4 4 -2.5
0.000355152 -4.5 4.5 -2
0.00113544 -5 5 -1.5
5.31299e-05 -4.5 4.5 -2.5
0.000380113 -5 5 -2
5.85121e-05 -5 5 -2.5
3.08495e-05 -5.5 5.5 -2.5
8.29044e-05 -5.5 5.5 -2
0.000190013 -5.5 5.5 -1.5
0.000388538 -5.5 5.5 -1
0.000645961 -5.5 5.5 -0.5
0.00440134 -5 5 -0.5
0.000750488 -5.5 5.5 0
0.000708851 -5.5 5.5 0.5
0.00674462 -5 5 0.5
0.000350193 -5.5 5.5 1
0.0065576 -5 5 1
0.00441824 -5 5 1.5
0.000115347 -3.5 4 3
3.27532e-05 -4 4.5 3.5
0.000354281 -3.5 4 2.5
0.000256029 -4 4.5 3
0.000916028 -3.5 4 2
0.0014434 -4 4.5 2.5
7.06533e-05 -4.5 5 3
0.00192064 -3.5 4 1.5
0.00423129 -4 4.5 2
0.00080447 -4.5 5 2.5
0.00296541 -3.5 4 1
0.00751364 -4 4.5 1.5
0.000136451 -3 3.5 0
0.00348867 -3.5 4 0.5
0.009414 -4 4.5 1
0.00616631 -4.5 5 1.5
0.000105546 -5 5.5 2
0.00031151 -3 3.5 -0.5
0.00330193 -3.5 4 0
0.00949784 -4 4.5 0.5
0.00758928 -4.5 5 1
0.00104237 -5 5.5 1.5
0.000319901 -3 3.5 -1
0.00257734 -3.5 4 -0.5
0.00838178 -4 4.5 0
0.000206161 -3 3.5 -1.5
0.0015589 -3.5 4 -1
0.0057383 -4 4.5 -0.5
0.00654353 -4.5 5 0
5.79185e-05 -3 3.5 -2
0.000660561 -3.5 4 -1.5
0.00307516 -4 4.5 -1
0.0044372 -4.5 5 -0.5
0.000144901 -3.5 4 -2
0.00121729 -4 4.5 -1.5
0.00240549 -4.5 5 -1
0.00027908 -4 4.5 -2
0.00104981 -4.5 5 -1.5
4.73006e-05 -4 4.5 -2.5
0.000345114 -4.5 5 -2
5.83031e-05 -4.5 5 -2.5
3.65879e-05 -5 5.5 -2.5
9.83219e-05 -5 5.5 -2
0.000244318 -5 5.5 -1.5
0.000548681 -5 5.5 -1
0.00104093 -5 5.5 -0.5
0.0016241 -5 5.5 0
0.00189715 -5 5.5 0.5
0.00755513 -4.5 5 0.5
0.00182949 -5 5.5 1
0.00319769 -4.5 5 2
3.14814e-05 -3.5 4.5 3.5
0.000209028 -3.5 4.5 3
2.49091e-05 -4 5 3.5
0.000719645 -3.5 4.5 2.5
0.000200614 -4 5 3
0.0015911 -3.5 4.5 2
0.00112515 -4 5 2.5
2.78024e-05 -3 4 1
0.00281235 -3.5 4.5 1.5
0.00329716 -4 5 2
0.000165391 -3 4 0.5
0.00383832 -3.5 4.5 1
0.00578362 -4 5 1.5
0.00119626 -4.5 5.5 2
0.00663296 -4 5 1
0.000308554 -3 4 0
0.00397819 -3.5 4.5 0.5
0.000427038 -3 4 -0.5
0.00359332 -3.5 4.5 0
0.00648922 -4 5 0.5
0.00252951 -4.5 5.5 1
2.52539e-05 -2.5 3.5 -1.5
0.00039101 -3 4 -1
0.00257817 -3.5 4.5 -0.5
0.005213 -4 5 0
0.00236775 -4.5 5.5 0.5
0.00024823 -3 4 -1.5
0.00146122 -3.5 4.5 -1
8.97605e-05 -3 4 -2
0.000636342 -3.5 4.5 -1.5
0.00165598 -4 5 -1
0.000171851 -3.5 4.5 -2
0.000687322 -4 5 -1.5
0.000536246 -4.5 5.5 -1
2.83446e-05 -3.5 4.5 -2.5
0.000232725 -4 5 -2
0.000227555 -4.5 5.5 -1.5
4.8843e-05 -4 5 -2.5
3.20128e-05 -4.5 5.5 -2.5
8.7303e-05 -4.5 5.5 -2
0.0010742 -4.5 5.5 -0.5
0.00327376 -4 5 -0.5
0.00177113 -4.5 5.5 0
0.00227894 -4.5 5.5 1.5
0.000205175 -4.5 5.5 2.5
2.89283e-05 -3.5 5 3.5
0.000212481 -3.5 5 3
0.00086048 -3.5 5 2.5
9.89834e-05 -4 5.5 3
6.08218e-05 -3 4.5 1.5
0.00188815 -3.5 5 2
0.000239529 -3 4.5 1
0.00289952 -3.5 5 1.5
0.0015486 -4 5.5 2
0.000394958 -3 4.5 0.5
0.00334038 -3.5 5 1
0.000497064 -3 4.5 0
0.00320219 -3.5 5 0.5
0.00243962 -4 5.5 1
0.000479719 -3 4.5 -0.5
0.00249009 -3.5 5 0
6.32106e-05 -4.5 6 0.5
2.60549e-05 -2.5 4 -1.5
0.000371024 -3 4.5 -1
0.00153474 -3.5 5 -0.5
6.81902e-05 -4.5 6 0
0.00150946 -4 5.5 0
2.04199e-05 -2.5 4 -2
0.000204496 -3 4.5 -1.5
4.29098e-05 -4.5 6 -0.5
7.85256e-05 -3 4.5 -2
0.0003096 -3.5 5 -1.5
0.0001046 -3.5 5 -2
2.72987e-05 -3.5 5 -2.5
2.18186e-05 -4 5.5 -2.5
4.88861e-05 -4 5.5 -2
0.00014432 -4 5.5 -1.5
0.000370766 -4 5.5 -1
0.000759888 -3.5 5 -1
0.000820305 -4 5.5 -0.5
0.00219647 -4 5.5 0.5
0.00234105 -4 5.5 1.5
0.000616114 -4 5.5 2.5
5.95269e-05 -3 5 3
9.83653e-05 -3 5 2.5
0.000142498 -3.5 5.5 3
0.000162185 -3 5 2
0.000609172 -3.5 5.5 2.5
3.72524e-05 -4 6 2.5
0.000333089 -3 5 1.5
0.00128374 -3.5 5.5 2
0.000158498 -4 6 2
0.000516618 -3 5 1
0.000582377 -3 5 0.5
0.0016145 -3.5 5.5 1
0.000206714 -4 6 1.5
0.00132106 -3.5 5.5 0.5
0.000146652 -4 6 0.5
0.000371205 -3 5 -0.5
8.63604e-05 -4 6 0
0.000831248 -3.5 5.5 0
0.000197744 -3 5 -1
4.41435e-05 -4 6 -0.5
0.00041414 -3.5 5.5 -0.5
8.43335e-05 -3 5 -1.5
5.69094e-05 -3.5 5.5 -1.5
2.88209e-05 -3 5 -2
0.000172185 -3.5 5.5 -1
0.00052855 -3 5 0
0.000203925 -4 6 1
0.00162693 -3.5 5.5 1.5
8.8022e-05 -3 5.5 3
0.000223547 -3 5.5 2.5
0.000394636 -3 5.5 2
0.000169592 -3.5 6 2.5
0.000531108 -3 5.5 1.5
0.000536793 -3 5.5 1
0.000271792 -3.5 6 1.5
2.19483e-05 -2.5 5 0
2.44377e-05 -2.5 5 -0.5
0.000287347 -3 5.5 0
0.000147909 -3.5 6 0.5
2.13629e-05 -2.5 5 -1
0.000135058 -3 5.5 -0.5
4.68072e-05 -3 5.5 -1
2.51113e-05 -3.5 6 -0.5
7.40758e-05 -3.5 6 0
0.000449818 -3 5.5 0.5
0.000228165 -3.5 6 1
4.16325e-05 -3 6 3
0.000131396 -3 6 2.5
0.000200894 -3 6 2
2.99946e-05 -2.5 5.5 1
0.000202491 -3 6 1.5
3.57338e-05 -2.5 5.5 0.5
0.000162241 -3 6 1
3.84688e-05 -2.5 5.5 0
2.05101e-05 -2.5 5.5 -0.5
3.65307e-05 -3 6 0
9.26137e-05 -3 6 0.5
2.36928e-05 -2.5 6 2.5
4.68152e-05 -2.5 6 2
5.30501e-05 -2.5 6 1.5
2.64056e-05 -2.5 6 0.5
4.55672e-05 -2.5 6 1
0.000267554 -3.5 6 2
4.62194e-05 -3.5 6 3
