inf -24 -20 29
inf -24 -20 28
inf -24 -20 27
inf -24 -20 24
inf -24 -20 23
inf -24 -20 22
inf -24 -20 21
inf -24 -21 29
inf -24 -21 27
inf -24 -21 26
inf -24 -21 25
inf -24 -21 23
inf -24 -21 22
inf -24 -21 20
inf -24 -22 23
inf -24 -23 24
inf -24 -23 23
inf -24 -24 29
inf -24 -24 28
inf -24 -24 27
inf -24 -24 26
inf -24 -24 24
inf -24 -24 23
inf -24 -24 22
inf -24 -24 21
inf -24 -24 20
inf -24 -24 19
inf -24 -25 24
inf -24 -25 23
inf -24 -26 29
inf -24 -26 28
inf -24 -26 27
inf -24 -26 26
inf -24 -27 25
inf -24 -27 22
inf -24 -27 21
inf -24 -27 20
inf -24 -27 19
inf -24 -28 27
inf -24 -28 26
inf -24 -28 23
inf -24 -28 22
inf -24 -28 21
inf -24 -28 20
inf -24 -29 29
inf -24 -29 28
inf -24 -29 27
inf -24 -29 26
inf -24 -29 25
inf -24 -29 23
inf -24 -29 22
inf -24 -29 20
inf -24 -29 19
inf -25 -20 21
inf -25 -20 20
inf -25 -20 19
inf -25 -21 29
inf -25 -21 28
inf -25 -21 27
inf -25 -21 26
inf -25 -21 25
inf -25 -21 24
inf -25 -21 23
inf -25 -21 22
inf -25 -21 21
inf -25 -22 29
inf -25 -22 28
inf -25 -22 27
inf -25 -22 26
inf -25 -22 24
inf -25 -22 23
inf -25 -22 22
inf -25 -22 21
inf -25 -22 20
inf -25 -22 19
inf -25 -23 24
inf -25 -23 23
inf -25 -24 26
inf -25 -24 25
inf -25 -24 22
inf -25 -24 21
inf -25 -25 28
inf -25 -25 27
inf -25 -26 26
inf -25 -27 27
inf -25 -28 28
inf -25 -29 29
inf -25 -29 28
inf -25 -29 27
inf -25 -29 26
inf -25 -29 24
inf -25 -29 23
inf -25 -29 22
inf -25 -29 21
inf -25 -29 20
inf -25 -29 19
inf -25 -30 29
inf -25 -30 28
inf -25 -30 27
inf -25 -30 26
inf -25 -30 25
inf -25 -30 24
inf -25 -30 23
inf -25 -30 22
inf -25 -30 21
inf -25 -30 20
inf -25 -30 19
inf -26 -21 21
inf -26 -21 20
inf -26 -21 19
inf -26 -22 21
inf -26 -22 20
inf -26 -22 19
inf -24 -25 28
inf -26 -23 29
inf -26 -23 27
inf -24 -25 27
inf -26 -23 26
inf -26 -23 21
inf -26 -23 20
inf -26 -23 19
inf -24 -30 19
inf -26 -24 28
inf -24 -30 20
inf -26 -24 27
inf -26 -24 26
inf -26 -24 21
inf -26 -24 20
inf -26 -24 19
inf -26 -25 29
inf -26 -25 28
inf -26 -25 27
inf -26 -25 24
inf -26 -25 23
inf -26 -25 22
inf -26 -25 21
inf -26 -26 29
inf -26 -26 28
inf -26 -26 27
inf -26 -26 26
inf -26 -26 25
inf -25 -26 28
inf -26 -26 24
inf -25 -26 27
inf -26 -26 23
inf -26 -26 22
inf -25 -26 29
inf -26 -26 21
inf -26 -26 20
inf -24 -24 25
inf -26 -26 19
inf -26 -27 29
inf -26 -27 28
inf -26 -27 27
inf -26 -27 26
inf -26 -27 25
inf -25 -27 28
inf -26 -27 24
inf -26 -27 23
inf -25 -27 26
inf -26 -27 22
inf -25 -27 29
inf -26 -27 21
inf -24 -29 21
inf -26 -27 20
inf -26 -27 19
inf -26 -28 29
inf -26 -28 26
inf -26 -28 25
inf -26 -28 24
inf -25 -28 27
inf -26 -28 23
inf -25 -28 26
inf -26 -28 22
inf -25 -28 29
inf -26 -28 21
inf -26 -28 20
inf -26 -28 19
inf -26 -29 27
inf -26 -29 25
inf -26 -29 24
inf -26 -29 23
inf -26 -29 22
inf -25 -23 27
inf -26 -30 25
inf -25 -23 28
inf -26 -30 24
inf -25 -23 29
inf -26 -30 23
inf -26 -30 22
inf -27 -20 19
inf -27 -21 29
inf -27 -21 28
inf -27 -21 26
inf -27 -21 21
inf -27 -21 20
inf -27 -21 19
inf -27 -22 29
inf -27 -22 28
inf -27 -22 27
inf -27 -22 21
inf -27 -22 20
inf -27 -22 19
inf -27 -23 28
inf -26 -29 28
inf -27 -23 27
inf -26 -29 29
inf -27 -23 26
inf -27 -23 21
inf -27 -23 20
inf -27 -23 19
inf -26 -20 21
inf -27 -24 29
inf -26 -20 19
inf -26 -30 28
inf -27 -24 27
inf -26 -20 20
inf -26 -30 29
inf -27 -24 26
inf -27 -24 21
inf -27 -24 20
inf -27 -24 19
inf -27 -25 29
inf -27 -25 28
inf -27 -25 27
inf -27 -25 26
inf -27 -25 25
inf -27 -25 24
inf -27 -25 22
inf -27 -25 21
inf -27 -26 29
inf -27 -26 28
inf -27 -26 27
inf -27 -26 26
inf -27 -26 25
inf -27 -26 24
inf -27 -26 23
inf -27 -26 22
inf -27 -26 21
inf -27 -26 20
inf -27 -26 19
inf -27 -27 29
inf -27 -27 26
inf -27 -27 20
inf -27 -27 19
inf -27 -28 29
inf -27 -28 28
inf -27 -28 27
inf -27 -28 26
inf -27 -28 25
inf -27 -28 24
inf -27 -28 23
inf -27 -28 22
inf -27 -28 20
inf -27 -28 19
inf -27 -29 29
inf -27 -29 28
inf -24 -22 25
inf -27 -29 27
inf -24 -22 27
inf -27 -29 25
inf -24 -22 28
inf -27 -29 24
inf -27 -30 29
inf -24 -23 27
inf -27 -30 25
inf -24 -23 29
inf -27 -30 23
inf -27 -30 22
inf -24 -22 24
inf -28 -20 29
inf -28 -20 28
inf -28 -20 27
inf -28 -21 29
inf -26 -30 19
inf -28 -21 28
inf -26 -30 20
inf -28 -21 27
inf -26 -30 21
inf -28 -21 26
inf -25 -23 22
inf -28 -21 25
inf -25 -23 21
inf -28 -21 24
inf -25 -23 20
inf -28 -21 23
inf -25 -23 19
inf -28 -21 22
inf -25 -23 26
inf -26 -30 26
inf -28 -21 21
inf -25 -23 25
inf -26 -30 27
inf -28 -21 20
inf -28 -21 19
inf -25 -24 20
inf -28 -22 29
inf -25 -24 19
inf -28 -22 28
inf -28 -22 27
inf -31 -27 29
inf -28 -25 26
inf -31 -28 28
inf -24 -25 29
inf -26 -23 24
inf -31 -28 27
inf -24 -25 26
inf -26 -23 23
inf -31 -28 24
inf -24 -25 25
inf -26 -23 28
inf -31 -28 23
inf -33 -29 28
inf -26 -23 25
inf -31 -28 22
inf -26 -23 22
inf -31 -28 21
inf -31 -29 29
inf -34 -29 23
inf -29 -30 28
inf -24 -30 28
inf -31 -29 26
inf -24 -30 27
inf -31 -29 25
inf -24 -30 22
inf -26 -24 29
inf -31 -29 24
inf -33 -30 25
inf -30 -27 29
inf -24 -30 21
inf -26 -24 22
inf -31 -29 23
inf -29 -27 19
inf -24 -30 24
inf -26 -24 23
inf -31 -29 22
inf -24 -30 23
inf -26 -24 24
inf -31 -29 21
inf -31 -30 29
inf -31 -30 28
inf -25 -28 24
inf -32 -23 22
inf -31 -30 27
inf -32 -23 21
inf -31 -30 26
inf -31 -30 25
inf -26 -25 20
inf -31 -30 22
inf -32 -20 29
inf -32 -20 22
inf -32 -20 20
inf -32 -21 29
inf -24 -27 28
inf -27 -27 22
inf -30 -20 26
inf -32 -21 28
inf -34 -29 19
inf -34 -20 19
inf -24 -27 27
inf -27 -27 21
inf -30 -20 19
inf -25 -26 21
inf -32 -21 27
inf -24 -27 26
inf -30 -20 20
inf -25 -26 20
inf -32 -21 26
inf -24 -25 22
inf -31 -28 20
inf -34 -20 21
inf -30 -20 21
inf -25 -26 19
inf -32 -21 25
inf -24 -25 21
inf -31 -28 19
inf -34 -20 20
inf -30 -20 22
inf -32 -21 24
inf -34 -20 23
inf -25 -26 25
inf -32 -21 23
inf -34 -20 22
inf -25 -26 24
inf -32 -21 22
inf -34 -20 25
inf -25 -26 23
inf -32 -21 21
inf -34 -20 24
inf -30 -21 21
inf -30 -21 22
inf -25 -27 22
inf -32 -22 20
inf -32 -24 27
inf -31 -25 28
inf -32 -24 26
inf -28 -23 29
inf -32 -24 24
inf -31 -25 29
inf -32 -25 29
inf -32 -25 28
inf -32 -25 27
inf -32 -25 26
inf -32 -25 25
inf -29 -27 20
inf -32 -25 24
inf -32 -26 29
inf -29 -25 27
inf -25 -29 25
inf -32 -26 28
inf -27 -21 23
inf -32 -26 23
inf -33 -29 27
inf -28 -30 24
inf -32 -26 22
inf -28 -30 25
inf -32 -26 20
inf -28 -30 27
inf -25 -22 25
inf -32 -27 29
inf -33 -25 27
inf -29 -26 27
inf -24 -23 28
inf -27 -30 24
inf -28 -27 29
inf -32 -27 23
inf -28 -27 23
inf -27 -22 22
inf -32 -27 22
inf -33 -30 26
inf -28 -27 24
inf -32 -27 20
inf -28 -27 22
inf -32 -28 29
inf -29 -27 24
inf -32 -28 28
inf -30 -27 24
inf -32 -28 27
inf -26 -29 21
inf -28 -24 28
inf -34 -20 28
inf -30 -27 25
inf -29 -20 24
inf -27 -23 23
inf -32 -28 24
inf -29 -20 21
inf -27 -23 24
inf -32 -28 23
inf -29 -20 20
inf -27 -23 29
inf -32 -28 22
inf -34 -29 25
inf -27 -23 22
inf -32 -28 21
inf -34 -29 24
inf -29 -20 22
inf -24 -30 25
inf -31 -29 27
inf -32 -28 19
inf -32 -29 29
inf -29 -28 24
inf -26 -20 29
inf -32 -29 28
inf -28 -29 26
inf -24 -27 23
inf -28 -28 19
inf -26 -20 28
inf -32 -29 27
inf -28 -29 27
inf -26 -20 27
inf -32 -29 26
inf -28 -29 24
inf -26 -20 26
inf -27 -24 24
inf -32 -29 25
inf -26 -20 23
inf -27 -24 23
inf -32 -29 22
inf -28 -28 25
inf -26 -20 22
inf -27 -24 28
inf -32 -29 21
inf -34 -30 24
inf -31 -26 29
inf -28 -28 28
inf -33 -26 26
inf -32 -30 28
inf -32 -30 27
inf -32 -30 26
inf -33 -21 20
inf -25 -20 28
inf -30 -29 23
inf -32 -30 25
inf -33 -21 19
inf -25 -20 29
inf -30 -29 24
inf -32 -30 24
inf -34 -23 28
inf -27 -25 19
inf -32 -30 23
inf -27 -25 20
inf -32 -30 22
inf -32 -30 21
inf -32 -30 29
inf -33 -21 29
inf -33 -22 29
inf -25 -26 22
inf -32 -21 20
inf -24 -25 20
inf -31 -28 26
inf -34 -20 27
inf -33 -22 28
inf -32 -21 19
inf -24 -25 19
inf -31 -28 25
inf -34 -20 26
inf -33 -22 27
inf -28 -26 19
inf -33 -22 25
inf -33 -22 24
inf -33 -22 23
inf -33 -22 22
inf -25 -25 25
inf -30 -30 21
inf -33 -22 21
inf -25 -25 26
inf -30 -30 22
inf -33 -22 20
inf -30 -30 23
inf -33 -22 19
inf -30 -30 24
inf -32 -22 22
inf -31 -22 23
inf -25 -27 23
inf -32 -22 21
inf -31 -22 24
inf -31 -22 20
inf -31 -27 28
inf -27 -21 27
inf -32 -26 27
inf -28 -25 25
inf -34 -23 22
inf -30 -22 25
inf -25 -20 25
inf -30 -29 28
inf -34 -30 29
inf -28 -28 21
inf -27 -22 25
inf -32 -27 27
inf -28 -26 27
inf -34 -24 26
inf -30 -30 26
inf -34 -25 20
inf -28 -23 23
inf -27 -22 26
inf -32 -27 26
inf -28 -26 26
inf -24 -26 22
inf -33 -23 20
inf -34 -24 25
inf -27 -22 24
inf -32 -27 24
inf -29 -20 25
inf -31 -24 29
inf -28 -26 28
inf -31 -21 25
inf -34 -22 22
inf -34 -24 23
inf -25 -25 29
inf -30 -30 25
inf -34 -25 19
inf -28 -23 22
inf -33 -26 28
inf -28 -25 22
inf -30 -21 25
inf -31 -21 22
inf -34 -22 25
inf -32 -29 19
inf -25 -25 24
inf -34 -25 26
inf -31 -22 22
inf -34 -24 22
inf -30 -21 20
inf -34 -25 23
inf -27 -20 22
inf -34 -24 27
inf -34 -24 21
inf -24 -26 23
inf -33 -23 21
inf -34 -24 20
inf -30 -21 26
inf -31 -21 21
inf -34 -22 26
inf -33 -23 22
inf -34 -24 19
inf -31 -21 20
inf -34 -22 27
inf -32 -27 21
inf -33 -30 19
inf -28 -27 27
inf -30 -26 24
inf -28 -27 21
inf -34 -25 24
inf -25 -25 20
inf -30 -30 28
inf -34 -25 22
inf -34 -24 24
inf -31 -28 29
inf -29 -28 29
inf -28 -25 21
inf -25 -25 19
inf -30 -30 27
inf -34 -25 21
inf -27 -20 20
inf -34 -24 29
inf -27 -22 23
inf -32 -27 25
inf -34 -26 29
inf -31 -27 22
inf -34 -26 28
inf -34 -23 21
inf -33 -30 29
inf -30 -22 28
inf -33 -21 26
inf -32 -30 20
inf -25 -20 22
inf -30 -29 25
inf -34 -30 22
inf -28 -28 22
inf -34 -23 24
inf -26 -25 19
inf -31 -30 23
inf -34 -29 21
inf -32 -28 25
inf -31 -24 28
inf -29 -20 26
inf -26 -22 26
inf -29 -30 26
inf -32 -22 29
inf -30 -24 21
inf -31 -30 19
inf -25 -28 19
inf -32 -23 29
inf -30 -22 22
inf -26 -22 24
inf -31 -27 24
inf -29 -30 20
inf -29 -25 19
inf -34 -26 24
inf -32 -22 27
inf -30 -24 19
inf -32 -24 23
inf -28 -23 26
inf -34 -27 27
inf -31 -30 21
inf -34 -23 25
inf -33 -28 20
inf -29 -22 28
inf -32 -30 19
inf -33 -21 25
inf -25 -20 23
inf -30 -29 26
inf -34 -30 21
inf -25 -25 21
inf -34 -25 27
inf -33 -28 23
inf -34 -23 26
inf -30 -22 29
inf -34 -30 19
inf -32 -29 20
inf -25 -25 23
inf -34 -25 25
inf -33 -29 29
inf -33 -28 21
inf -34 -30 20
inf -25 -25 22
inf -34 -25 28
inf -33 -28 22
inf -34 -29 27
inf -30 -20 27
inf -34 -23 23
inf -32 -25 21
inf -34 -21 29
inf -26 -29 19
inf -28 -24 26
inf -34 -28 29
inf -34 -30 23
inf -31 -26 28
inf -28 -28 27
inf -34 -23 20
inf -30 -22 27
inf -34 -29 26
inf -31 -22 19
inf -32 -26 19
inf -32 -22 24
inf -30 -24 24
inf -28 -24 22
inf -33 -21 28
inf -34 -23 19
inf -32 -25 22
inf -25 -27 25
inf -32 -22 19
inf -30 -24 27
inf -28 -24 27
inf -34 -28 26
inf -32 -24 19
inf -31 -20 19
inf -34 -21 26
inf -31 -30 24
inf -34 -29 20
inf -24 -21 24
inf -33 -28 29
inf -27 -27 24
inf -30 -20 24
inf -34 -26 23
inf -32 -22 28
inf -30 -24 20
inf -34 -29 22
inf -31 -30 20
inf -30 -22 21
inf -26 -22 23
inf -31 -27 21
inf -26 -22 25
inf -31 -27 27
inf -29 -30 23
inf -29 -25 20
inf -34 -26 25
inf -28 -23 25
inf -34 -27 26
inf -33 -21 22
inf -25 -20 26
inf -34 -22 28
inf -30 -29 21
inf -34 -30 26
inf -32 -24 28
inf -33 -28 28
inf -24 -28 24
inf -29 -22 20
inf -26 -28 27
inf -33 -24 28
inf -34 -29 29
inf -25 -27 21
inf -32 -22 23
inf -30 -24 23
inf -28 -24 23
inf -33 -27 29
inf -28 -26 21
inf -33 -21 27
inf -34 -21 28
inf -33 -28 19
inf -29 -22 29
inf -27 -30 28
inf -34 -23 29
inf -34 -22 24
inf -32 -25 23
inf -25 -27 24
inf -32 -22 26
inf -30 -24 26
inf -28 -24 24
inf -34 -28 27
inf -31 -20 20
inf -34 -21 21
inf -33 -21 21
inf -25 -20 27
inf -34 -22 29
inf -30 -29 22
inf -34 -30 27
inf -28 -28 23
inf -26 -28 28
inf -33 -24 29
inf -25 -20 24
inf -30 -29 27
inf -34 -30 28
inf -28 -28 24
inf -34 -28 22
inf -27 -21 22
inf -32 -26 24
inf -25 -27 20
inf -30 -24 22
inf -34 -28 23
inf -34 -28 24
inf -27 -21 24
inf -32 -26 26
inf -28 -25 28
inf -32 -25 20
inf -34 -28 28
inf -34 -28 25
inf -27 -21 25
inf -32 -26 25
inf -28 -25 27
inf -31 -20 26
inf -34 -21 23
inf -32 -23 28
inf -30 -22 23
inf -34 -27 19
inf -31 -27 20
inf -26 -22 22
inf -31 -27 26
inf -29 -30 22
inf -34 -26 27
inf -34 -27 22
inf -34 -27 23
inf -34 -27 24
inf -34 -27 25
inf -26 -22 27
inf -29 -30 21
inf -31 -27 25
inf -26 -22 29
inf -29 -30 27
inf -34 -29 28
inf -29 -30 29
inf -24 -30 26
inf -26 -24 25
inf -31 -29 28
inf -32 -28 20
inf -32 -24 20
inf -28 -23 27
inf -34 -27 28
inf -32 -24 21
inf -28 -23 28
inf -34 -27 29
inf -32 -26 21
inf -28 -30 20
inf -30 -25 26
inf -28 -30 26
inf -34 -21 19
inf -32 -20 27
inf -34 -28 20
inf -30 -23 22
inf -33 -26 20
inf -24 -26 25
inf -33 -23 19
inf -31 -25 27
inf -29 -23 27
inf -32 -20 28
inf -33 -26 23
inf -29 -23 26
inf -32 -27 28
inf -33 -25 24
inf -29 -26 28
inf -24 -29 24
inf -33 -27 28
inf -28 -26 22
inf -26 -29 20
inf -28 -24 29
inf -34 -20 29
inf -30 -27 26
inf -29 -20 23
inf -26 -20 24
inf -27 -24 22
inf -32 -29 23
inf -28 -28 26
inf -26 -20 25
inf -27 -24 25
inf -32 -29 24
inf -33 -30 21
inf -29 -27 26
inf -33 -30 22
inf -32 -24 25
inf -25 -28 25
inf -32 -23 19
inf -33 -25 19
inf -31 -24 22
inf -29 -26 19
inf -34 -23 27
inf -33 -30 23
inf -29 -27 28
inf -32 -23 27
inf -30 -22 24
inf -34 -27 20
inf -33 -25 22
inf -31 -24 27
inf -33 -30 24
inf -29 -27 25
inf -33 -30 27
inf -33 -30 28
inf -30 -27 28
inf -27 -23 25
inf -32 -28 26
inf -29 -20 19
inf -33 -29 21
inf -33 -29 22
inf -33 -29 23
inf -33 -29 24
inf -29 -25 28
inf -30 -30 29
inf -33 -29 25
inf -33 -29 26
inf -33 -28 24
inf -33 -28 25
inf -29 -22 19
inf -33 -28 26
inf -31 -26 19
inf -32 -24 29
inf -33 -28 27
inf -24 -28 25
inf -33 -26 29
inf -29 -22 21
inf -31 -20 22
inf -34 -21 27
inf -33 -23 27
inf -31 -25 19
inf -27 -20 29
inf -33 -27 19
inf -29 -28 19
inf -33 -24 25
inf -31 -20 21
inf -34 -21 24
inf -33 -23 28
inf -31 -25 20
inf -33 -27 20
inf -26 -21 27
inf -33 -20 21
inf -29 -29 27
inf -29 -28 20
inf -33 -24 24
inf -32 -24 22
inf -34 -21 25
inf -33 -23 29
inf -31 -25 21
inf -27 -20 27
inf -33 -27 21
inf -26 -21 26
inf -33 -20 22
inf -29 -29 20
inf -31 -26 24
inf -26 -21 28
inf -33 -20 20
inf -29 -29 26
inf -27 -20 28
inf -33 -27 22
inf -26 -21 29
inf -33 -20 19
inf -29 -29 25
inf -27 -20 25
inf -33 -27 23
inf -29 -29 24
inf -28 -29 28
inf -27 -20 26
inf -33 -27 24
inf -28 -29 29
inf -27 -20 23
inf -33 -27 25
inf -29 -28 25
inf -34 -28 19
inf -30 -23 25
inf -32 -20 19
inf -33 -26 19
inf -33 -23 24
inf -31 -25 24
inf -29 -23 22
inf -27 -20 24
inf -33 -27 26
inf -29 -28 26
inf -27 -20 21
inf -34 -24 28
inf -33 -27 27
inf -29 -28 27
inf -34 -28 21
inf -31 -29 20
inf -30 -23 23
inf -33 -26 21
inf -24 -26 24
inf -33 -23 26
inf -31 -25 26
inf -29 -23 24
inf -32 -20 25
inf -33 -26 22
inf -30 -28 29
inf -29 -23 29
inf -32 -20 23
inf -33 -26 24
inf -32 -20 26
inf -33 -26 25
inf -29 -23 28
inf -32 -20 21
inf -32 -20 24
inf -33 -26 27
inf -33 -25 20
inf -32 -23 24
inf -33 -25 21
inf -34 -27 21
inf -33 -25 23
inf -31 -24 26
inf -25 -28 23
inf -32 -23 25
inf -25 -28 22
inf -32 -23 20
inf -34 -30 25
inf -33 -25 25
inf -29 -26 25
inf -25 -28 21
inf -32 -23 23
inf -30 -22 20
inf -33 -25 26
inf -25 -28 20
inf -32 -23 26
inf -26 -25 25
inf -33 -25 28
inf -33 -24 20
inf -33 -24 21
inf -33 -24 22
inf -28 -29 25
inf -33 -24 23
inf -33 -24 26
inf -26 -25 26
inf -33 -25 29
inf -33 -24 27
inf -30 -29 29
inf -26 -21 22
inf -33 -20 26
inf -31 -26 20
inf -26 -21 24
inf -33 -20 24
inf -31 -26 26
inf -29 -29 22
inf -33 -20 27
inf -31 -26 21
inf -33 -20 28
inf -31 -26 22
inf -26 -21 23
inf -33 -20 25
inf -29 -29 23
inf -31 -26 27
inf -26 -21 25
inf -33 -20 23
inf -31 -26 25
inf -29 -29 21
inf -24 -26 20
inf -31 -25 22
inf -24 -26 21
inf -33 -23 23
inf -31 -25 23
inf -29 -23 23
inf -24 -26 19
inf -33 -23 25
inf -31 -25 25
inf -29 -23 25
inf -30 -22 19
inf -31 -24 19
inf -31 -24 20
inf -31 -24 21
inf -31 -24 23
inf -31 -24 24
inf -31 -24 25
inf -29 -26 20
inf -32 -27 19
inf -31 -23 19
inf -31 -23 20
inf -31 -23 21
inf -31 -23 22
inf -31 -23 23
inf -31 -23 24
inf -31 -23 25
inf -31 -23 26
inf -31 -23 27
inf -31 -23 28
inf -31 -23 29
inf -31 -22 21
inf -31 -22 25
inf -31 -22 26
inf -31 -22 27
inf -31 -22 28
inf -31 -22 29
inf -34 -22 20
inf -32 -25 19
inf -31 -21 19
inf -31 -21 23
inf -34 -22 23
inf -31 -21 24
inf -31 -21 27
inf -34 -22 19
inf -31 -21 28
inf -31 -21 29
inf -34 -25 29
inf -30 -30 19
inf -34 -21 22
inf -31 -20 23
inf -30 -29 19
inf -31 -20 24
inf -30 -29 20
inf -34 -21 20
inf -31 -20 25
inf -31 -20 27
inf -31 -20 28
inf -31 -20 29
inf -30 -30 20
inf -24 -20 25
inf -30 -28 19
inf -24 -20 26
inf -30 -28 20
inf -30 -28 23
inf -28 -29 20
inf -30 -28 24
inf -33 -24 19
inf -28 -29 21
inf -24 -27 24
inf -28 -28 20
inf -30 -28 25
inf -28 -29 19
inf -30 -28 26
inf -30 -28 27
inf -30 -28 21
inf -28 -29 22
inf -30 -28 28
inf -30 -28 22
inf -28 -29 23
inf -34 -26 26
inf -30 -27 19
inf -34 -26 19
inf -30 -27 20
inf -29 -20 29
inf -34 -26 20
inf -30 -27 21
inf -29 -20 28
inf -34 -26 21
inf -30 -27 22
inf -29 -20 27
inf -34 -26 22
inf -30 -27 23
inf -30 -27 27
inf -30 -26 19
inf -28 -27 20
inf -30 -26 20
inf -30 -26 26
inf -28 -27 25
inf -30 -26 21
inf -33 -22 26
inf -28 -26 20
inf -30 -26 22
inf -30 -26 23
inf -33 -30 20
inf -28 -27 26
inf -30 -26 27
inf -30 -26 25
inf -28 -27 28
inf -24 -21 28
inf -30 -25 19
inf -30 -25 20
inf -28 -30 19
inf -30 -25 21
inf -33 -29 19
inf -30 -25 22
inf -30 -25 24
inf -28 -30 22
inf -33 -21 23
inf -28 -25 19
inf -30 -25 23
inf -33 -29 20
inf -28 -30 23
inf -30 -25 25
inf -30 -25 27
inf -28 -30 21
inf -33 -21 24
inf -28 -25 20
inf -25 -27 19
inf -32 -22 25
inf -30 -24 25
inf -28 -24 25
inf -30 -24 28
inf -24 -22 19
inf -28 -20 26
inf -30 -25 29
inf -29 -24 24
inf -30 -24 29
inf -24 -22 20
inf -28 -20 25
inf -30 -25 28
inf -29 -24 25
inf -30 -23 19
inf -24 -28 29
inf -29 -22 25
inf -24 -30 29
inf -30 -23 20
inf -24 -28 28
inf -29 -22 24
inf -30 -23 21
inf -31 -29 19
inf -30 -23 24
inf -30 -23 26
inf -30 -23 27
inf -30 -23 28
inf -30 -23 29
inf -30 -22 26
inf -31 -27 19
inf -30 -21 19
inf -30 -21 23
inf -30 -21 24
inf -30 -21 27
inf -30 -21 28
inf -30 -21 29
inf -27 -27 25
inf -30 -20 23
inf -27 -27 28
inf -30 -20 28
inf -27 -27 27
inf -30 -20 29
inf -31 -27 23
inf -29 -30 19
inf -26 -22 28
inf -29 -30 24
inf -29 -30 25
inf -24 -22 29
inf -27 -29 23
inf -28 -30 29
inf -33 -20 29
inf -31 -26 23
inf -29 -29 19
inf -29 -29 28
inf -28 -26 23
inf -29 -29 29
inf -28 -26 24
inf -29 -28 21
inf -29 -28 22
inf -29 -28 23
inf -29 -28 28
inf -29 -27 21
inf -29 -27 22
inf -29 -27 23
inf -29 -27 27
inf -29 -27 29
inf -29 -26 21
inf -29 -26 22
inf -29 -26 23
inf -29 -26 24
inf -29 -26 26
inf -31 -21 26
inf -34 -22 21
inf -29 -26 29
inf -29 -25 21
inf -29 -25 22
inf -29 -25 23
inf -29 -25 24
inf -29 -25 25
inf -29 -25 26
inf -29 -25 29
inf -24 -21 19
inf -24 -22 26
inf -27 -29 26
inf -29 -24 19
inf -29 -24 20
inf -24 -21 21
inf -29 -24 21
inf -24 -22 21
inf -28 -20 24
inf -29 -24 22
inf -24 -22 22
inf -28 -20 23
inf -29 -24 23
inf -27 -29 19
inf -28 -20 20
inf -29 -24 26
inf -28 -20 19
inf -29 -24 27
inf -27 -29 21
inf -28 -20 22
inf -29 -24 28
inf -27 -29 20
inf -28 -20 21
inf -29 -24 29
inf -29 -23 19
inf -24 -20 20
inf -29 -23 20
inf -24 -20 19
inf -29 -23 21
inf -29 -22 22
inf -29 -22 23
inf -29 -22 26
inf -24 -28 19
inf -29 -22 27
inf -29 -21 19
inf -24 -23 25
inf -27 -30 27
inf -29 -21 20
inf -24 -23 26
inf -27 -30 26
inf -29 -21 21
inf -24 -23 19
inf -29 -21 22
inf -24 -23 20
inf -29 -21 23
inf -24 -23 21
inf -29 -21 24
inf -24 -23 22
inf -29 -21 25
inf -27 -30 21
inf -29 -21 26
inf -27 -30 20
inf -29 -21 27
inf -27 -30 19
inf -30 -26 29
inf -29 -21 28
inf -30 -26 28
inf -29 -21 29
inf -27 -29 22
inf -28 -30 28
inf -24 -27 29
inf -27 -27 23
inf -30 -20 25
inf -28 -28 29
inf -28 -27 19
inf -28 -26 25
inf -27 -25 23
inf -28 -26 29
inf -28 -25 23
inf -28 -25 24
inf -27 -28 21
inf -28 -25 29
inf -26 -29 26
inf -28 -24 19
inf -25 -21 20
inf -28 -24 20
inf -25 -21 19
inf -28 -24 21
inf -28 -23 19
inf -28 -23 20
inf -28 -23 21
inf -28 -23 24
inf -28 -22 19
inf -25 -24 27
inf -28 -22 20
inf -25 -24 28
inf -28 -22 21
inf -28 -22 22
inf -28 -22 23
inf -25 -24 23
inf -28 -22 24
inf -25 -24 24
inf -28 -22 25
inf -25 -24 29
inf -28 -22 26
