0.6
2.10271e-05 0 0 -13.5
5.98257e-05 -0.5 0 -13.5
0.00011598 0 0 -14
0.000389758 -0.5 0 -14
0.000441567 0 0 -14.5
8.47467e-05 -0.5 -0.5 -13.5
0.00177945 -0.5 0 -14.5
0.000486044 -0.5 -0.5 -14
0.000993039 0 0 -15
7.97819e-05 0 0.5 -13.5
0.00420083 -0.5 0 -15
0.000454657 0 0.5 -14
0.00157136 0 0 -15.5
0.00195976 -0.5 -0.5 -14.5
0.00621951 -0.5 0 -15.5
0.0017642 0 0.5 -14.5
0.00181161 0 0 -16
0.00444882 -0.5 -0.5 -15
4.69739e-05 -0.5 0.5 -14
0.00391675 0 0.5 -15
0.00650738 -0.5 0 -16
0.00686811 -0.5 -0.5 -15.5
0.00178881 0 0 -16.5
0.000345623 -0.5 0.5 -14.5
0.00629253 -0.5 0 -16.5
0.00594046 0 0.5 -15.5
3.93639e-05 -0.5 -1 -13.5
0.00155448 0 0 -17
0.00756749 -0.5 -0.5 -16
2.43458e-05 -1 0 -15.5
0.0011195 -0.5 0.5 -15
2.6497e-05 0.5 0.5 -14
8.43913e-05 0 1 -13.5
0.00499343 -0.5 0 -17
0.00647975 0 0.5 -16
0.000106142 -1 -0.5 -14.5
0.00020869 -0.5 -1 -14
0.00741066 -0.5 -0.5 -16.5
0.000999014 0 0 -17.5
2.73428e-05 -1 0 -16
0.00168306 -0.5 0.5 -15.5
9.24966e-05 0.5 0.5 -14.5
0.000496724 0 1 -14
0.00264769 -0.5 0 -17.5
0.00634731 0 0.5 -16.5
0.000341156 -1 -0.5 -15
0.000807553 -0.5 -1 -14.5
2.80806e-05 -1 0 -16.5
0.00622035 -0.5 -0.5 -17
0.000415039 0 0 -18
0.00170938 -0.5 0.5 -16
0.00019853 0.5 0.5 -15
0.00200587 0 1 -14.5
0.000605989 -0.5 0 -18
0.00533732 0 0.5 -17
0.000468042 -1 -0.5 -15.5
0.00193483 -0.5 -1 -15
2.10975e-05 -1 0 -17
5.94711e-05 0 0 -18.5
0.00369394 -0.5 -0.5 -17.5
0.00163642 -0.5 0.5 -16.5
0.000305645 0.5 0.5 -15.5
0.0044776 0 1 -15
2.45216e-05 -0.5 0 -18.5
0.00323331 0 0.5 -17.5
0.000462437 -1 -0.5 -16
0.00327952 -0.5 -1 -15.5
0.00656398 0 1 -15.5
0.00118613 -0.5 -0.5 -18
0.00125768 -0.5 0.5 -17
0.000343368 0.5 0.5 -16
0.00041523 -1 -0.5 -16.5
0.00115746 0 0.5 -18
0.00422105 -0.5 -1 -16
7.34623e-05 -0.5 -0.5 -18.5
0.000649941 -0.5 0.5 -17.5
0.000336044 0.5 0.5 -16.5
0.00693514 0 1 -16
3.67631e-05 -1 -1 -13.5
0.000101298 0 0.5 -18.5
0.000292356 -1 -0.5 -17
0.00428264 -0.5 -1 -16.5
5.39305e-05 -0.5 1 -15
3.41392e-05 0.5 1 -13.5
0.00675284 0 1 -16.5
0.000137359 -0.5 0.5 -18
0.000286109 0.5 0.5 -17
0.000256448 -1 -1 -14
0.00386196 -0.5 -1 -17
0.000135757 -1 -0.5 -17.5
0.000117199 -0.5 1 -15.5
0.000186876 0.5 1 -14
0.00126105 -1 -1 -14.5
0.00018242 0.5 0.5 -17.5
0.00552613 0 1 -17
0.00255004 -0.5 -1 -17.5
0.000135176 -0.5 1 -16
0.000671007 0.5 1 -14.5
0.000204641 0 1.5 -14
2.76481e-05 0 1.5 -13.5
7.64573e-05 0.5 0.5 -18
0.00313999 0 1 -17.5
0.00287691 -1 -1 -15
0.00104233 -0.5 -1 -18
0.00013281 -0.5 1 -16.5
0.00143085 0.5 1 -15
0.00103218 0 1.5 -14.5
0.00369382 -1 -1 -15.5
0.000913571 0 1 -18
0.00210598 0.5 1 -15.5
0.000139491 -0.5 -1 -18.5
0.000119876 -0.5 1 -17
0.00250076 0 1.5 -15
4.46867e-05 0 1 -18.5
0.00365734 -1 -1 -16
0.000164626 -0.5 -1.5 -15.5
0.00364749 0 1.5 -15.5
7.09706e-05 -0.5 1 -17.5
0.00223919 0.5 1 -16
2.58897e-05 -0.5 -1.5 -15
0.0033035 -1 -1 -16.5
0.000375924 -0.5 -1.5 -16
2.27553e-05 -0.5 1 -18
0.00217461 0.5 1 -16.5
0.00379506 0 1.5 -16
0.00226831 -1 -1 -17
0.000552928 -0.5 -1.5 -16.5
0.00178886 0.5 1 -17
0.00369426 0 1.5 -16.5
0.000955624 -1 -1 -17.5
0.000662826 -0.5 -1.5 -17
0.00297349 0 1.5 -17
0.00107689 0.5 1 -17.5
8.84701e-05 0.5 1.5 -13.5
0.000113222 -1 -1 -18
0.000613674 -0.5 -1.5 -17.5
0.0003934 0.5 1 -18
0.00153018 0 1.5 -17.5
0.00040992 -0.5 -1.5 -18
0.000489081 0.5 1.5 -14
3.69111e-05 0.5 1 -18.5
0.000343598 0 1.5 -18
0.000140828 -0.5 -1.5 -18.5
0.00169324 0.5 1.5 -14.5
0.00343458 0.5 1.5 -15
6.35227e-05 0 2 -14.5
0.00409358 -1 -1.5 -15
0.00471581 0.5 1.5 -15.5
0.000239588 0 2 -15
0.00485053 0.5 1.5 -16
0.000440907 0 2 -15.5
0.00614015 -1 -1.5 -16
0.00586365 -1 -1.5 -16.5
0.000503911 0 2 -16
0.00465448 0.5 1.5 -16.5
0.0044498 -1 -1.5 -17
0.00370072 0.5 1.5 -17
0.000499579 0 2 -16.5
0.00216579 -1 -1.5 -17.5
0.00211405 0.5 1.5 -17.5
0.000441727 0 2 -17
0.000381752 -1 -1.5 -18
0.000616725 0.5 1.5 -18
0.000261227 0 2 -17.5
3.53721e-05 -0.5 -2 -18
6.88352e-05 0 2 -18
3.64594e-05 0.5 1.5 -18.5
6.94142e-05 -1 -2 -13.5
3.57775e-05 -0.5 -2 -18.5
5.83642e-05 1 1.5 -14
8.37005e-05 -1.5 -1.5 -14.5
0.000377237 -1 -2 -14
0.000182373 1 1.5 -14.5
0.000650915 0.5 2 -14
0.000183292 -1.5 -1.5 -15
0.00139238 -1 -2 -14.5
0.000115056 0.5 2 -13.5
0.000356098 1 1.5 -15
0.00222361 0.5 2 -14.5
0.000227904 -1.5 -1.5 -15.5
0.0030431 -1 -2 -15
0.00589097 -1 -1.5 -15.5
0.00189939 -1 -1.5 -14.5
0.000499678 -1 -1.5 -14
8.53671e-05 -1 -1.5 -13.5
0.000484799 1 1.5 -15.5
0.00438455 0.5 2 -15
0.000225036 -1.5 -1.5 -16
0.00479394 -1 -2 -15.5
0.000496996 1 1.5 -16
0.00575628 0.5 2 -15.5
0.000198109 -1.5 -1.5 -16.5
0.00584098 0.5 2 -16
0.000471538 1 1.5 -16.5
2.13499e-05 0 2.5 -15.5
0.00530577 -1 -2 -16
0.000136198 -1.5 -1.5 -17
0.000371848 1 1.5 -17
0.00555664 0.5 2 -16.5
3.05468e-05 0 2.5 -16
6.27705e-05 -1.5 -1.5 -17.5
0.00416381 0.5 2 -17
0.000227865 1 1.5 -17.5
3.106e-05 0 2.5 -16.5
0.00406895 -1 -2 -17
2.93029e-05 0 2.5 -17
9.16056e-05 1 1.5 -18
0.00208644 0.5 2 -17.5
0.00051905 -1 -2 -18
2.24558e-05 0 2.5 -17.5
0.000460119 0.5 2 -18
2.44874e-05 -1 -2 -18.5
2.52823e-05 0.5 2 -18.5
2.81352e-05 -1.5 -2 -13.5
5.97861e-05 1 2 -13.5
0.000193998 -1.5 -2 -14
0.000312726 1 2 -14
7.97848e-05 0.5 2.5 -13.5
0.000788573 -1.5 -2 -14.5
0.000942735 1 2 -14.5
0.00143078 -1.5 -2 -15
0.000275322 -1 -2.5 -14.5
0.000506511 0.5 2.5 -14
0.00176125 1 2 -15
0.00158265 -1.5 -2 -15.5
0.000784118 -1 -2.5 -15
0.00223044 1 2 -15.5
0.00154375 -1.5 -2 -16
0.00155053 -1 -2.5 -15.5
0.00223302 1 2 -16
0.00128432 -1.5 -2 -16.5
0.0022125 -1 -2.5 -16
0.00206932 1 2 -16.5
0.000809505 -1.5 -2 -17
0.00235745 -1 -2.5 -16.5
0.00427907 0.5 2.5 -16
0.004233 0.5 2.5 -15.5
0.00331131 0.5 2.5 -15
0.00173805 0.5 2.5 -14.5
7.12598e-05 -1 -2.5 -14
0.00153205 1 2 -17
0.000326092 -1.5 -2 -17.5
0.00217889 -1 -2.5 -17
0.0040503 0.5 2.5 -16.5
0.000815496 1 2 -17.5
4.78379e-05 -1.5 -2 -18
0.00142504 -1 -2.5 -17.5
0.00297914 0.5 2.5 -17
0.00212429 -1 -2 -17.5
0.000511826 -1 -2.5 -18
0.000224665 1 2 -18
0.00024166 0.5 2.5 -18
0.00140044 0.5 2.5 -17.5
0.00513945 -1 -2 -16.5
3.96117e-05 -1 -2.5 -18.5
2.03276e-05 1 2.5 -13
8.90495e-05 -1.5 -2.5 -13.5
0.0001319 1 2.5 -13.5
0.000500006 -1.5 -2.5 -14
0.000654783 1 2.5 -14
2.19802e-05 -2 -2 -15
0.00158701 -1.5 -2.5 -14.5
0.00184904 1 2.5 -14.5
0.00290328 -1.5 -2.5 -15
9.81337e-05 0.5 3 -14
2.69055e-05 1.5 2 -15.5
0.00330749 1 2.5 -15
0.00359726 -1.5 -2.5 -15.5
3.09424e-05 1.5 2 -16
0.00400615 1 2.5 -15.5
0.0035784 -1.5 -2.5 -16
2.8895e-05 1.5 2 -16.5
0.00400012 1 2.5 -16
0.00314645 -1.5 -2.5 -16.5
0.00012941 -1 -3 -16
0.00374891 1 2.5 -16.5
2.6362e-05 1.5 2 -17
0.00134365 0.5 3 -16
0.00123296 0.5 3 -15.5
0.000846527 0.5 3 -15
0.00194045 -1.5 -2.5 -17
2.1732e-05 1.5 2 -17.5
0.00276424 1 2.5 -17
0.00070724 -1.5 -2.5 -17.5
0.00129881 1 2.5 -17.5
0.00108648 0.5 3 -17
0.000436087 -1 -3 -17
9.41152e-05 -1.5 -2.5 -18
0.000431942 -1 -3 -17.5
0.000234353 1 2.5 -18
0.000107359 0.5 3 -18
7.52821e-05 -1 -3 -18.5
0.000284415 -1 -3 -18
0.000543653 0.5 3 -17.5
0.0013292 0.5 3 -16.5
0.000271029 -1 -3 -16.5
0.000391431 0.5 3 -14.5
2.25583e-05 1.5 2.5 -13.5
3.44318e-05 1 3 -13
4.56823e-05 -2 -2.5 -14
8.94724e-05 -1.5 -3 -13.5
9.92882e-05 1.5 2.5 -14
0.000224821 1 3 -13.5
0.000145568 -2 -2.5 -14.5
0.000488332 -1.5 -3 -14
0.000254777 1.5 2.5 -14.5
0.00106351 1 3 -14
0.000245541 -2 -2.5 -15
0.00148636 -1.5 -3 -14.5
0.0027225 1 3 -14.5
0.000421556 1.5 2.5 -15
0.000271952 -2 -2.5 -15.5
0.002735 -1.5 -3 -15
0.00442822 1 3 -15
0.000479191 1.5 2.5 -15.5
0.000262005 -2 -2.5 -16
0.00348727 -1.5 -3 -15.5
0.00499651 1 3 -15.5
0.000471707 1.5 2.5 -16
0.00021867 -2 -2.5 -16.5
0.00350577 -1.5 -3 -16
0.0049489 1 3 -16
0.000430411 1.5 2.5 -16.5
0.000124308 -2 -2.5 -17
0.00314583 -1.5 -3 -16.5
0.000130859 0.5 3.5 -15.5
0.00433702 1 3 -16.5
0.000331975 1.5 2.5 -17
3.2288e-05 -2 -2.5 -17.5
0.00206152 -1.5 -3 -17
0.000173292 0.5 3.5 -16
0.000190722 1.5 2.5 -17.5
0.00280501 1 3 -17
0.000824561 -1.5 -3 -17.5
6.29147e-05 1.5 2.5 -18
0.00118976 1 3 -17.5
0.000130395 -1.5 -3 -18
0.000172922 1 3 -18
6.38141e-05 -1 -3.5 -18
0.000105461 0.5 3.5 -17.5
3.26443e-05 0.5 3.5 -18
4.07233e-05 -1 -3.5 -18.5
0.000169491 0.5 3.5 -17
0.000181434 0.5 3.5 -16.5
5.57632e-05 0.5 3.5 -15
3.79015e-05 -2 -3 -13.5
0.000123669 1.5 3 -13.5
2.77185e-05 1 3.5 -13
0.000221574 -2 -3 -14
0.000527578 1.5 3 -14
0.000194625 1 3.5 -13.5
4.91297e-05 -1.5 -3.5 -13.5
0.000609856 -2 -3 -14.5
0.000953649 1 3.5 -14
0.00121577 1.5 3 -14.5
0.000236125 -1.5 -3.5 -14
0.000970271 -2 -3 -15
0.0023369 1 3.5 -14.5
0.00181398 1.5 3 -15
0.000755877 -1.5 -3.5 -14.5
0.00105928 -2 -3 -15.5
0.00156863 -1.5 -3.5 -15
0.00190855 1.5 3 -15.5
0.00363665 1 3.5 -15
0.00102676 -2 -3 -16
0.0023424 -1.5 -3.5 -15.5
0.00402994 1 3.5 -15.5
0.00184553 1.5 3 -16
0.000837273 -2 -3 -16.5
0.00260747 -1.5 -3.5 -16
0.00154938 1.5 3 -16.5
0.00398529 1 3.5 -16
0.000479813 -2 -3 -17
0.00241779 -1.5 -3.5 -16.5
0.00344095 1 3.5 -16.5
0.0010323 1.5 3 -17
0.000144959 -2 -3 -17.5
0.00166289 -1.5 -3.5 -17
0.000478518 1.5 3 -17.5
0.00213499 1 3.5 -17
0.000691232 -1.5 -3.5 -17.5
8.35034e-05 1.5 3 -18
0.000108229 -1.5 -3.5 -18
8.3454e-05 1 3.5 -18
4.59077e-05 1.5 3.5 -13
0.00028381 1.5 3.5 -13.5
0.000119164 -2 -3.5 -13.5
2.41749e-05 2 3 -14.5
0.00106143 1.5 3.5 -14
7.90548e-05 1 4 -13.5
0.00125413 -2 -3.5 -14.5
0.00228177 1.5 3.5 -14.5
3.36589e-05 2 3 -15
0.000371846 1 4 -14
0.00194215 -2 -3.5 -15
3.56915e-05 2 3 -15.5
0.0032902 1.5 3.5 -15
0.00093301 1 4 -14.5
8.10249e-05 -1.5 -4 -14.5
0.00206454 -2 -3.5 -15.5
3.19961e-05 2 3 -16
0.00347573 1.5 3.5 -15.5
0.00153498 1 4 -15
0.000298435 -1.5 -4 -15
0.00201423 -2 -3.5 -16
0.00345028 1.5 3.5 -16
2.74581e-05 2 3 -16.5
0.00181574 1 4 -15.5
0.000674185 -1.5 -4 -15.5
0.00161809 -2 -3.5 -16.5
2.49509e-05 2 3 -17
0.00294087 1.5 3.5 -16.5
0.00182184 1 4 -16
0.000977183 -1.5 -4 -16
0.000911762 -2 -3.5 -17
0.00103161 -1.5 -4 -16.5
0.000535989 -2 -3.5 -14
0.000776732 1 3.5 -17.5
0.00162497 1 4 -16.5
0.0017086 1.5 3.5 -17
0.000265007 -2 -3.5 -17.5
0.0008843 -1.5 -4 -17
0.000559785 1.5 3.5 -17.5
2.09714e-05 -2 -3.5 -18
5.83798e-05 1.5 3.5 -18
0.00010461 -1.5 -4 -18
0.000344532 1 4 -17.5
3.42081e-05 1 4 -18
0.00045778 -1.5 -4 -17.5
0.00100022 1 4 -17
6.3852e-05 2 3.5 -13.5
7.91373e-05 -2.5 -3.5 -14
0.000128011 -2 -4 -13.5
0.000198414 2 3.5 -14
0.000170772 -2.5 -3.5 -14.5
0.000533608 -2 -4 -14
0.000550972 1.5 4 -13.5
0.000218249 -2.5 -3.5 -15
0.00121723 -2 -4 -14.5
0.000367083 2 3.5 -14.5
0.00167768 1.5 4 -14
0.00311231 1.5 4 -14.5
0.000206701 -2.5 -3.5 -15.5
0.00188301 -2 -4 -15
0.000138207 1 4.5 -14.5
0.000464877 2 3.5 -15.5
0.00213314 -2 -4 -15.5
0.00415331 1.5 4 -15.5
0.00208269 -2 -4 -16
0.000453326 2 3.5 -16
0.000280922 1 4.5 -15
9.16753e-05 -2.5 -3.5 -16.5
0.00388897 1.5 4 -16
6.47257e-05 -1.5 -4.5 -16
0.00166569 -2 -4 -16.5
0.000213904 2 3.5 -17
0.00295046 1.5 4 -16.5
0.000442209 1 4.5 -16
3.94394e-05 -2.5 -3.5 -17
0.000362983 2 3.5 -16.5
0.000389184 1 4.5 -15.5
0.000161832 -2.5 -3.5 -16
0.00406111 1.5 4 -15
0.000463653 2 3.5 -15
4.16722e-05 1 4.5 -14
0.000102075 1.5 4 -13
0.000911316 -2 -4 -17
9.63003e-05 2 3.5 -17.5
0.0016267 1.5 4 -17
0.000413041 1 4.5 -16.5
0.000304477 -2 -4 -17.5
0.000461982 1.5 4 -17.5
0.000270887 1 4.5 -17
0.000241073 -1.5 -4.5 -17
3.18121e-05 -2 -4 -18
3.64174e-05 1.5 4 -18
0.000112632 1 4.5 -17.5
8.14313e-05 -1.5 -4.5 -18
0.000203338 -1.5 -4.5 -17.5
0.000152075 -1.5 -4.5 -16.5
6.97572e-05 -2.5 -4 -13.5
9.17622e-05 -2 -4.5 -13.5
0.000277944 -2.5 -4 -14
0.000300543 2 4 -13.5
0.000501386 1.5 4.5 -13.5
0.000363484 -2 -4.5 -14
0.0005517 -2.5 -4 -14.5
0.000814074 2 4 -14
0.00137653 2 4 -14.5
0.000871868 -2 -4.5 -14.5
0.000712966 -2.5 -4 -15
0.00269472 1.5 4.5 -14.5
0.00071263 -2.5 -4 -15.5
0.0014344 -2 -4.5 -15
0.00160698 2 4 -15.5
0.00169908 -2 -4.5 -15.5
0.000628296 -2.5 -4 -16
0.0034066 1.5 4.5 -15
0.00147977 2 4 -16
0.00167138 -2 -4.5 -16
0.00324544 1.5 4.5 -16
0.00135131 -2 -4.5 -16.5
0.000176617 -2.5 -4 -17
0.000603868 2 4 -17
3.00291e-05 -2.5 -4 -17.5
0.000758298 -2 -4.5 -17
0.000177188 2 4 -17.5
0.000268649 1.5 4.5 -17.5
2.93538e-05 1 5 -17
2.33445e-05 1 5 -17.5
3.65149e-05 -2 -4.5 -18
3.67738e-05 -1.5 -5 -18
2.08767e-05 1.5 4.5 -18
4.06213e-05 -1.5 -5 -17.5
0.000253268 -2 -4.5 -17.5
0.00119003 1.5 4.5 -17
0.00238485 1.5 4.5 -16.5
0.00110112 2 4 -16.5
0.000413524 -2.5 -4 -16.5
0.00346844 1.5 4.5 -15.5
0.00162069 2 4 -15
0.00150771 1.5 4.5 -14
9.03738e-05 1.5 4.5 -13
5.75339e-05 2 4 -13
3.44946e-05 -2.5 -4.5 -13
2.27477e-05 2 4.5 -12.5
0.000188241 -2.5 -4.5 -13.5
2.88423e-05 -2 -5 -13.5
2.16577e-05 2.5 4 -14
0.000550844 -2.5 -4.5 -14
0.000660235 2 4.5 -13.5
0.00152513 2 4.5 -14
0.000120414 -2 -5 -14
0.000999051 -2.5 -4.5 -14.5
3.15994e-05 2.5 4 -14.5
0.000318941 -2 -5 -14.5
0.00125156 -2.5 -4.5 -15
0.00136434 1.5 5 -14.5
3.25091e-05 2.5 4 -15.5
0.000632668 -2 -5 -15
0.00127389 -2.5 -4.5 -15.5
0.00173015 1.5 5 -15
0.0028763 2 4.5 -15
0.000856582 -2 -5 -15.5
0.00115204 -2.5 -4.5 -16
3.01612e-05 2.5 4 -16
0.00260585 2 4.5 -16
0.0017851 1.5 5 -15.5
0.000763961 -2.5 -4.5 -16.5
0.00174439 2 4.5 -16.5
0.001686 1.5 5 -16
0.000894054 -2 -5 -16
2.54374e-05 2.5 4 -16.5
0.000781201 2 4.5 -17
0.0012297 1.5 5 -16.5
0.000315435 -2.5 -4.5 -17
5.36692e-05 -2.5 -4.5 -17.5
0.000453212 -2 -5 -17
0.000156811 2 4.5 -17.5
0.000126521 1.5 5 -17.5
0.000164933 -2 -5 -17.5
2.98529e-05 -2 -5 -18
0.000601718 1.5 5 -17
0.000782576 -2 -5 -16.5
0.00288669 2 4.5 -15.5
3.31543e-05 2.5 4 -15
0.00247675 2 4.5 -14.5
0.00077633 1.5 5 -14
0.000260887 1.5 5 -13.5
4.62093e-05 1.5 5 -13
0.000157347 2 4.5 -13
4.30418e-05 2.5 4.5 -13
4.16379e-05 -2.5 -5 -13
3.83757e-05 -3 -4.5 -13.5
0.000362495 2 5 -13
0.000203699 -2.5 -5 -13.5
9.65958e-05 -3 -4.5 -14
0.00035379 2.5 4.5 -14
0.000557376 -2.5 -5 -14
7.32024e-05 1.5 5.5 -13.5
0.00014957 -3 -4.5 -14.5
0.00220471 2 5 -14
0.00101052 -2.5 -5 -14.5
0.000142442 -3 -4.5 -15
0.000206294 1.5 5.5 -14
0.00306663 2 5 -14.5
0.000449575 2.5 4.5 -14.5
2.27507e-05 -2 -5.5 -14.5
0.000363372 1.5 5.5 -14.5
0.00011222 -3 -4.5 -15.5
0.00129104 -2.5 -5 -15
0.00040671 2.5 4.5 -15.5
0.00010105 -2 -5.5 -15
0.00131949 -2.5 -5 -15.5
7.48669e-05 -3 -4.5 -16
0.00313219 2 5 -15.5
0.000223335 -2 -5.5 -15.5
0.00118916 -2.5 -5 -16
0.000314876 2.5 4.5 -16
0.000507134 1.5 5.5 -15
0.00053602 1.5 5.5 -15.5
3.72814e-05 -3 -4.5 -16.5
0.000759917 -2.5 -5 -16.5
0.000286204 -2 -5.5 -16
0.00011132 2.5 4.5 -17
0.00164793 2 5 -16.5
0.000324246 -2.5 -5 -17
3.45115e-05 2.5 4.5 -17.5
0.000663728 2 5 -17
6.55015e-05 -2.5 -5 -17.5
0.000101943 2 5 -17.5
8.721e-05 -2 -5.5 -17.5
0.00020539 1.5 5.5 -17
4.72329e-05 1.5 5.5 -17.5
0.000203457 -2 -5.5 -17
0.000406856 1.5 5.5 -16.5
0.000284489 -2 -5.5 -16.5
0.000519106 1.5 5.5 -16
0.000207094 2.5 4.5 -16.5
0.00259359 2 5 -16
0.00324339 2 5 -15
0.000439239 2.5 4.5 -15
0.00114086 2 5 -13.5
0.000162936 2.5 4.5 -13.5
6.56945e-05 2 5 -12.5
3.72419e-05 2.5 5 -12.5
2.56535e-05 -3 -5 -13
0.000218605 2.5 5 -13
3.1302e-05 -2.5 -5.5 -13
0.000124413 -3 -5 -13.5
0.000332713 2 5.5 -13
0.000156314 -2.5 -5.5 -13.5
0.000281897 -3 -5 -14
0.00104888 2 5.5 -13.5
0.000657422 2.5 5 -13.5
0.000416594 -2.5 -5.5 -14
0.000428809 -3 -5 -14.5
0.000451475 -3 -5 -15
0.000780262 -2.5 -5.5 -14.5
0.00265534 2 5.5 -14.5
0.00136468 2.5 5 -14.5
0.000417434 -3 -5 -15.5
0.00104952 -2.5 -5.5 -15
0.00123366 2.5 5 -15.5
0.00111214 -2.5 -5.5 -15.5
0.000312019 -3 -5 -16
0.00279933 2 5.5 -15
0.00269672 2 5.5 -15.5
0.000954637 2.5 5 -16
4.35355e-05 1.5 6 -15.5
2.49512e-05 -2 -6 -16
0.000594535 2.5 5 -16.5
4.30638e-05 -3 -5 -17
0.000651959 -2.5 -5.5 -16.5
0.000234809 2.5 5 -17
0.00120498 2 5.5 -16.5
5.94165e-05 1.5 6 -16
0.000269371 -2.5 -5.5 -17
3.30456e-05 2.5 5 -17.5
5.07958e-05 2 5.5 -17.5
3.81749e-05 -2 -6 -17.5
4.29259e-05 1.5 6 -17
5.53898e-05 -2.5 -5.5 -17.5
6.15326e-05 -2 -6 -17
0.000413418 2 5.5 -17
5.91157e-05 1.5 6 -16.5
5.48457e-05 -2 -6 -16.5
0.00213086 2 5.5 -16
0.000164233 -3 -5 -16.5
0.00101673 -2.5 -5.5 -16
2.15837e-05 1.5 6 -15
0.00135221 2.5 5 -15
0.00198789 2 5.5 -14
0.00114623 2.5 5 -14
6.09187e-05 2 5.5 -12.5
0.000123308 2.5 5.5 -12.5
7.03567e-05 -3 -5.5 -13
0.000551471 2.5 5.5 -13
0.000243918 -3 -5.5 -13.5
0.000187227 2 6 -13
2.82476e-05 3 5 -13.5
3.50322e-05 2 6 -12.5
4.18367e-05 3 5 -14
6.4731e-05 -2.5 -6 -13.5
0.000180905 -2.5 -6 -14
4.0647e-05 3 5 -14.5
0.0019566 2.5 5.5 -14
0.000679529 -3 -5.5 -14.5
0.000596379 2 6 -13.5
0.000485736 -3 -5.5 -14
0.00108162 2 6 -14
3.66003e-05 3 5 -15
0.000366188 -2.5 -6 -14.5
2.74075e-05 3 5 -15.5
0.000724299 -3 -5.5 -15.5
0.000558848 -2.5 -6 -15
0.00231477 2.5 5.5 -15
0.00142351 2 6 -14.5
0.00208318 2.5 5.5 -15.5
0.000623218 -2.5 -6 -15.5
0.0005468 -3 -5.5 -16
0.00146539 2.5 5.5 -16
0.000284073 -3 -5.5 -16.5
0.000599336 -2.5 -6 -16
0.00120075 2 6 -16
7.84755e-05 -3 -5.5 -17
0.000409992 -2.5 -6 -16.5
0.000223689 2.5 5.5 -17
0.000637665 2 6 -16.5
2.44284e-05 2.5 5.5 -17.5
3.91827e-05 -2.5 -6 -17.5
2.09185e-05 2 6 -17.5
0.000189452 2 6 -17
0.000177762 -2.5 -6 -17
0.00074375 2.5 5.5 -16.5
0.00150633 2 6 -15.5
0.00153808 2 6 -15
0.000762496 -3 -5.5 -15
0.00231843 2.5 5.5 -14.5
0.00123138 2.5 5.5 -13.5
2.06682e-05 -3.5 -5.5 -13
4.25451e-05 3 5.5 -12.5
5.98822e-05 2.5 6 -12
8.70777e-05 -3 -6 -13
5.66482e-05 -3.5 -5.5 -13.5
0.000169053 3 5.5 -13
0.000297097 2.5 6 -12.5
0.000258076 -3 -6 -13.5
9.17998e-05 -3.5 -5.5 -14
0.000357038 3 5.5 -13.5
0.000501184 -3 -6 -14
0.000461635 3 5.5 -14
9.29885e-05 -3.5 -5.5 -14.5
0.00218125 2.5 6 -14
3.82486e-05 -2.5 -6.5 -14
6.97871e-05 -3.5 -5.5 -15
0.000692251 -3 -6 -14.5
0.000428859 3 5.5 -14.5
0.000104202 -2.5 -6.5 -14.5
0.000361669 3 5.5 -15
4.81176e-05 -3.5 -5.5 -15.5
0.000766596 -3 -6 -15
0.00241427 2.5 6 -14.5
0.00238228 2.5 6 -15
0.000173529 -2.5 -6.5 -15
2.43168e-05 -3.5 -5.5 -16
0.000724351 -3 -6 -15.5
0.000261755 3 5.5 -15.5
0.00206545 2.5 6 -15.5
0.000171325 3 5.5 -16
0.000535143 -3 -6 -16
0.000219231 -2.5 -6.5 -15.5
0.00135373 2.5 6 -16
0.000279575 -3 -6 -16.5
3.46244e-05 3 5.5 -17
0.000623919 2.5 6 -16.5
0.000443959 2 6.5 -16
0.000227413 -2.5 -6.5 -16
9.33707e-05 3 5.5 -16.5
0.000534838 2 6.5 -15.5
8.49268e-05 -3 -6 -17
0.000184165 -2.5 -6.5 -16.5
0.000152108 2.5 6 -17
6.42859e-05 2 6.5 -17
9.21011e-05 -2.5 -6.5 -17
2.36777e-05 -2.5 -6.5 -17.5
0.000229061 2 6.5 -16.5
0.000515129 2 6.5 -15
0.000451727 2 6.5 -14.5
0.000318439 2 6.5 -14
0.000180716 2 6.5 -13.5
0.00157101 2.5 6 -13.5
6.3606e-05 2 6.5 -13
0.000853009 2.5 6 -13
6.1754e-05 -3.5 -6 -13
7.04232e-05 -3 -6.5 -13
0.000148027 -3.5 -6 -13.5
0.000549963 3 6 -13
0.000753685 2.5 6.5 -13
0.000206086 -3 -6.5 -13.5
0.00024424 -3.5 -6 -14
0.000412857 -3 -6.5 -14
0.000268842 -3.5 -6 -14.5
0.00189121 2.5 6.5 -14
0.00110132 3 6 -14.5
0.000249406 -3.5 -6 -15
0.000586861 -3 -6.5 -14.5
0.00209592 2.5 6.5 -14.5
3.61815e-05 2 7 -14.5
0.000198216 -3.5 -6 -15.5
0.000654632 -3 -6.5 -15
0.000776651 3 6 -15.5
0.000110583 -3.5 -6 -16
0.000616113 -3 -6.5 -15.5
0.00168047 2.5 6.5 -15.5
3.88068e-05 -2.5 -7 -15.5
3.69335e-05 -3.5 -6 -16.5
0.000436576 -3 -6.5 -16
0.000492941 3 6 -16
0.000991498 2.5 6.5 -16
8.29073e-05 2 7 -15.5
5.17036e-05 -2.5 -7 -16
0.000218218 -3 -6.5 -16.5
0.000207307 3 6 -16.5
3.94184e-05 3 6 -17
6.92367e-05 -3 -6.5 -17
5.27907e-05 -2.5 -7 -16.5
7.31542e-05 2.5 6.5 -17
3.46747e-05 -2.5 -7 -17
4.90538e-05 2 7 -16.5
0.000398352 2.5 6.5 -16.5
7.77974e-05 2 7 -16
6.37411e-05 2 7 -15
0.00206226 2.5 6.5 -15
0.000994458 3 6 -15
0.00111475 3 6 -14
0.00139122 2.5 6.5 -13.5
0.00092917 3 6 -13.5
0.00027317 2.5 6.5 -12.5
0.000204435 3 6 -12.5
5.77494e-05 2.5 6.5 -12
3.78742e-05 3 6 -12
2.4721e-05 3 6.5 -11.5
2.94796e-05 -3.5 -6.5 -12.5
2.2753e-05 3.5 6 -12.5
4.30097e-05 3.5 6 -13
0.000114742 -3.5 -6.5 -13
0.000508089 3 6.5 -12.5
0.000978578 3 6.5 -13
3.31826e-05 -3 -7 -13
0.000237104 -3.5 -6.5 -13.5
0.000428568 2.5 7 -13
5.13148e-05 3.5 6 -13.5
9.61018e-05 -3 -7 -13.5
4.47437e-05 3.5 6 -14
0.00036239 -3.5 -6.5 -14
0.000766183 2.5 7 -13.5
0.00140526 3 6.5 -13.5
0.00015675 2.5 7 -12.5
3.62919e-05 3.5 6 -14.5
0.000214662 -3 -7 -14
0.00103021 2.5 7 -14
0.000433647 -3.5 -6.5 -14.5
0.000328044 -3 -7 -14.5
0.000419654 -3.5 -6.5 -15
0.00155241 3 6.5 -15
0.00115616 2.5 7 -14.5
2.4941e-05 3.5 6 -15
0.00033312 -3.5 -6.5 -15.5
0.000392306 -3 -7 -15
0.00111752 3 6.5 -15.5
0.00116199 2.5 7 -15
0.00018849 -3.5 -6.5 -16
0.000378452 -3 -7 -15.5
0.00058815 3 6.5 -16
0.00095206 2.5 7 -15.5
6.89925e-05 -3.5 -6.5 -16.5
0.000133003 -3 -7 -16.5
3.17419e-05 3 6.5 -17
4.2304e-05 -3 -7 -17
2.73713e-05 2.5 7 -17
0.00018719 2.5 7 -16.5
0.000203117 3 6.5 -16.5
0.000533909 2.5 7 -16
0.000269201 -3 -7 -16
0.00170961 3 6.5 -14.5
0.00168829 3 6.5 -14
3.75279e-05 2.5 7 -12
7.10787e-05 3.5 6.5 -12
0.000185155 3.5 6.5 -12.5
3.88857e-05 -3.5 -7 -12.5
3.30484e-05 -4 -6.5 -13
0.000295639 3 7 -12
0.000671303 3 7 -12.5
0.000122063 -3.5 -7 -13
5.48719e-05 -4 -6.5 -13.5
0.000314002 3.5 6.5 -13
0.000242076 -3.5 -7 -13.5
5.86444e-05 -4 -6.5 -14
0.000389427 3.5 6.5 -13.5
0.00109093 3 7 -13
0.000142136 2.5 7.5 -13
5.7266e-05 2.5 7.5 -12.5
2.88325e-05 -3 -7.5 -13.5
0.000360539 -3.5 -7 -14
4.41143e-05 -4 -6.5 -14.5
0.000287877 3.5 6.5 -14.5
6.5324e-05 -3 -7.5 -14
0.00168352 3 7 -14
3.027e-05 -4 -6.5 -15
0.000432614 -3.5 -7 -14.5
0.000320874 2.5 7.5 -14
0.00168886 3 7 -14.5
0.00011417 -3 -7.5 -14.5
0.000413031 -3.5 -7 -15
0.000151115 -3 -7.5 -15
0.000323464 -3.5 -7 -15.5
0.000134207 3.5 6.5 -15.5
0.0014844 3 7 -15
6.89019e-05 3.5 6.5 -16
0.000182574 -3.5 -7 -16
0.000157507 -3 -7.5 -15.5
0.000981541 3 7 -15.5
0.000417132 2.5 7.5 -15
2.3508e-05 3.5 6.5 -16.5
6.65573e-05 -3.5 -7 -16.5
0.000122838 -3 -7.5 -16
0.000488125 3 7 -16
0.000146535 3 7 -16.5
6.39147e-05 -3 -7.5 -16.5
6.32924e-05 2.5 7.5 -16.5
0.000189184 2.5 7.5 -16
0.00034518 2.5 7.5 -15.5
0.000397661 2.5 7.5 -14.5
0.00020937 3.5 6.5 -15
0.000241609 2.5 7.5 -13.5
0.000356898 3.5 6.5 -14
0.00146957 3 7 -13.5
7.02971e-05 3.5 7 -11.5
0.000239775 3.5 7 -12
3.06996e-05 -4 -7 -12.5
0.000255025 3 7.5 -12
3.1224e-05 -3.5 -7.5 -12.5
7.82136e-05 -4 -7 -13
0.00056657 3 7.5 -12.5
9.98544e-05 -3.5 -7.5 -13
0.000828172 3.5 7 -13.5
0.000960272 3 7.5 -13
0.000204839 -3.5 -7.5 -13.5
0.000150216 -4 -7 -14
0.00012974 -4 -7 -13.5
0.000709683 3.5 7 -13
0.00126883 3 7.5 -13.5
0.000143668 -4 -7 -14.5
0.00029869 -3.5 -7.5 -14
0.0014034 3 7.5 -14
0.000118518 -4 -7 -15
3.68464e-05 2.5 8 -14
0.000360218 -3.5 -7.5 -14.5
2.04073e-05 -3 -8 -14.5
0.000584637 3.5 7 -15
6.7366e-05 -4 -7 -15.5
3.53439e-05 -3 -8 -15
0.000361568 3.5 7 -15.5
0.00111722 3 7.5 -15
5.10235e-05 2.5 8 -14.5
2.41918e-05 -4 -7 -16
6.08871e-05 2.5 8 -15
0.000149788 3.5 7 -16
3.92315e-05 -3 -8 -15.5
0.000682852 3 7.5 -15.5
0.000259738 -3.5 -7.5 -15.5
0.000345725 -3.5 -7.5 -15
3.42069e-05 3.5 7 -16.5
5.02594e-05 -3.5 -7.5 -16.5
3.72114e-05 -3 -8 -16
7.22445e-05 3 7.5 -16.5
3.05237e-05 2.5 8 -16
2.06593e-05 -3 -8 -16.5
0.000306418 3 7.5 -16
5.36922e-05 2.5 8 -15.5
0.000138552 -3.5 -7.5 -16
0.00138659 3 7.5 -14.5
0.00073786 3.5 7 -14.5
0.000817613 3.5 7 -14
0.00048542 3.5 7 -12.5
7.09988e-05 3 7.5 -11.5
2.19766e-05 4 7 -11.5
0.000201795 3.5 7.5 -11.5
0.000477146 3.5 7.5 -12
4.31693e-05 3 8 -11.5
5.53e-05 -4 -7.5 -12.5
5.76234e-05 4 7 -12.5
4.12995e-05 4 7 -12
0.000119253 -4 -7.5 -13
5.98042e-05 4 7 -13
0.000778298 3.5 7.5 -12.5
4.26581e-05 4 7 -13.5
0.000182622 -4 -7.5 -13.5
5.00717e-05 -3.5 -8 -13
0.00099195 3.5 7.5 -13
0.00114035 3.5 7.5 -13.5
0.000111429 -3.5 -8 -13.5
0.00022397 -4 -7.5 -14
3.01239e-05 4 7 -14
0.000168849 -3.5 -8 -14
0.000224387 -4 -7.5 -14.5
0.00114868 3.5 7.5 -14
0.000684204 3 8 -13.5
0.000536654 3 8 -13
0.000325243 3 8 -12.5
0.000185758 -4 -7.5 -15
0.000215215 -3.5 -8 -14.5
0.000212587 -3.5 -8 -15
0.000110737 -4 -7.5 -15.5
0.000720633 3.5 7.5 -15
4.47257e-05 -4 -7.5 -16
0.00015828 -3.5 -8 -15.5
0.000147718 3.5 7.5 -16
2.97084e-05 3.5 7.5 -16.5
0.000135745 3 8 -16
8.17526e-05 -3.5 -8 -16
2.75805e-05 -3.5 -8 -16.5
2.56944e-05 3 8 -16.5
0.000341474 3 8 -15.5
0.00038658 3.5 7.5 -15.5
0.000586978 3 8 -15
0.000741546 3 8 -14.5
0.00102326 3.5 7.5 -14.5
0.000746568 3 8 -14
0.000139986 3 8 -12
5.40765e-05 3.5 7.5 -11
4.14674e-05 4 7.5 -11
0.000116275 4 7.5 -11.5
8.68087e-05 3.5 8 -11
0.000265201 3.5 8 -11.5
0.000207852 4 7.5 -12
2.00437e-05 -4.5 -7.5 -12.5
0.000515734 3.5 8 -12
6.0052e-05 -4 -8 -12.5
3.19987e-05 -4.5 -7.5 -13
0.000781482 3.5 8 -12.5
4.67234e-05 3 8.5 -12
0.000120576 -4 -8 -13
3.57724e-05 -4.5 -7.5 -13.5
0.000108731 3 8.5 -12.5
2.04094e-05 -3.5 -8.5 -13
0.000180278 -4 -8 -13.5
0.000171454 3 8.5 -13
0.00110758 3.5 8 -13.5
2.60206e-05 -4.5 -7.5 -14
3.74285e-05 -3.5 -8.5 -13.5
0.000219797 -4 -8 -14
0.000218496 4 7.5 -14
0.000152453 4 7.5 -14.5
0.000213093 -4 -8 -14.5
6.25125e-05 -3.5 -8.5 -14
0.00109414 3.5 8 -14
0.000249851 3 8.5 -14
0.000212111 3 8.5 -13.5
9.03536e-05 4 7.5 -15
0.000175613 -4 -8 -15
8.26555e-05 -3.5 -8.5 -14.5
4.17045e-05 4 7.5 -15.5
0.00058995 3.5 8 -15
0.00010472 -4 -8 -15.5
0.000194095 3 8.5 -15
8.81258e-05 -3.5 -8.5 -15
4.19421e-05 -4 -8 -16
0.000105489 3.5 8 -16
0.000104925 3 8.5 -15.5
6.96043e-05 -3.5 -8.5 -15.5
3.35552e-05 3 8.5 -16
3.6204e-05 -3.5 -8.5 -16
0.000307107 3.5 8 -15.5
0.000249064 3 8.5 -14.5
0.000914253 3.5 8 -14.5
0.000280409 4 7.5 -13.5
0.000996109 3.5 8 -13
0.000314626 4 7.5 -13
0.000285523 4 7.5 -12.5
3.65875e-05 4 8 -10.5
0.000120286 4 8 -11
0.000250162 4 8 -11.5
0.000207654 3.5 8.5 -11.5
0.000435412 4 8 -12
4.22375e-05 -4.5 -8 -12.5
0.000410931 3.5 8.5 -12
0.000585436 4 8 -12.5
5.02651e-05 -4 -8.5 -12.5
6.923e-05 -4.5 -8 -13
0.00063178 4 8 -13
0.000649829 3.5 8.5 -12.5
0.000104174 -4 -8.5 -13
8.13567e-05 -4.5 -8 -13.5
0.000819337 3.5 8.5 -13
0.000149511 -4 -8.5 -13.5
7.74074e-05 -4.5 -8 -14
0.000868919 3.5 8.5 -13.5
0.00017879 -4 -8.5 -14
6.28465e-05 -4.5 -8 -14.5
2.03856e-05 3 9 -13.5
0.00037397 4 8 -14.5
3.49718e-05 -4.5 -8 -15
0.00016941 -4 -8.5 -14.5
0.000818334 3.5 8.5 -14
2.33288e-05 -3.5 -9 -14.5
0.000216278 4 8 -15
0.000132275 -4 -8.5 -15
2.22006e-05 3 9 -14.5
0.000620991 3.5 8.5 -14.5
2.1764e-05 3 9 -14
8.99404e-05 4 8 -15.5
2.44459e-05 -3.5 -9 -15
7.50616e-05 -4 -8.5 -15.5
2.97241e-05 -4 -8.5 -16
2.20185e-05 4 8 -16
4.74203e-05 3.5 8.5 -16
0.000176179 3.5 8.5 -15.5
0.000378301 3.5 8.5 -15
0.000514345 4 8 -14
0.00059895 4 8 -13.5
7.64717e-05 3.5 8.5 -11
4.5026e-05 4.5 8 -11
3.92316e-05 3.5 9 -11
7.21883e-05 4.5 8 -11.5
0.000374467 4 8.5 -11.5
0.000206968 4 8.5 -11
2.70542e-05 -4.5 -8.5 -12
8.15747e-05 4.5 8 -12
0.00054417 4 8.5 -12
6.04083e-05 -4.5 -8.5 -12.5
0.000202917 3.5 9 -12
0.000647451 4 8.5 -12.5
4.87357e-05 4.5 8 -13
9.21706e-05 -4.5 -8.5 -13
0.000326774 3.5 9 -12.5
2.61654e-05 4.5 8 -13.5
0.000727133 4 8.5 -13
0.000113273 -4.5 -8.5 -13.5
0.000706972 4 8.5 -13.5
0.000407871 3.5 9 -13
5.53445e-05 -4 -9 -13
8.73333e-05 -4 -9 -13.5
0.000112785 -4.5 -8.5 -14
0.000431108 3.5 9 -13.5
0.000580011 4 8.5 -14
9.08372e-05 -4.5 -8.5 -14.5
0.000109454 -4 -9 -14
0.00039428 3.5 9 -14
5.48707e-05 -4.5 -8.5 -15
0.000103593 -4 -9 -14.5
2.3155e-05 -4.5 -8.5 -15.5
7.65073e-05 -4 -9 -15
4.0364e-05 -4 -9 -15.5
8.47448e-05 4 8.5 -15.5
0.000167073 3.5 9 -15
6.50739e-05 3.5 9 -15.5
0.000213736 4 8.5 -15
0.000293814 3.5 9 -14.5
0.000389526 4 8.5 -14.5
2.50105e-05 4 9 -10
8.74596e-05 4 9 -10.5
0.000135092 4.5 8.5 -11
7.21666e-05 4.5 8.5 -10.5
2.28538e-05 4.5 8.5 -10
2.49631e-05 -4 -9 -12.5
7.24026e-05 4.5 8 -12.5
9.31981e-05 3.5 9 -11.5
0.000199922 4.5 8.5 -11.5
3.16311e-05 -4.5 -9 -12
0.000501006 4 9 -12
0.000236106 4.5 8.5 -12
0.000359066 4 9 -11.5
0.000238486 4.5 8.5 -12.5
5.40367e-05 3.5 9.5 -12
2.106e-05 -5 -8.5 -13
0.000200545 4.5 8.5 -13
0.000604748 4 9 -12.5
2.17157e-05 -4 -9.5 -13
0.000145054 4.5 8.5 -13.5
0.000659087 4 9 -13
9.07938e-05 3.5 9.5 -12.5
8.92419e-05 -4.5 -9 -13
0.000112678 3.5 9.5 -13
3.3629e-05 -4 -9.5 -13.5
9.37112e-05 4.5 8.5 -14
0.000621625 4 9 -13.5
0.000122131 3.5 9.5 -13.5
0.000485701 4 9 -14
0.000103112 -4.5 -9 -14
4.37162e-05 -4 -9.5 -14
8.31867e-05 -4.5 -9 -14.5
4.22585e-05 -4 -9.5 -14.5
5.02566e-05 -4.5 -9 -15
0.000154911 4 9 -15
7.71351e-05 3.5 9.5 -14.5
2.38376e-05 -4.5 -9 -15.5
3.52566e-05 3.5 9.5 -15
3.2716e-05 -4 -9.5 -15
5.22125e-05 4 9 -15.5
0.00030444 4 9 -14.5
0.000108027 3.5 9.5 -14
6.1724e-05 4.5 9 -10
0.000138658 4.5 9 -10.5
5.55533e-05 4 9.5 -10.5
0.000218067 4.5 9 -11
0.000142466 4 9.5 -11
2.37656e-05 -5 -9 -12
0.000232368 4 9.5 -11.5
2.61127e-05 -4.5 -9.5 -12
3.62793e-05 -5 -9 -12.5
0.00038135 4.5 9 -12
0.00031916 4.5 9 -11.5
0.000397862 4.5 9 -12.5
0.000343341 4 9.5 -12
5.19595e-05 -4.5 -9.5 -12.5
4.258e-05 -5 -9 -13
0.000366013 4.5 9 -13
0.000430062 4 9.5 -12.5
5.08382e-05 4.5 8.5 -14.5
0.000108573 -4.5 -9 -13.5
7.26951e-05 -4.5 -9.5 -13
0.000454503 4 9.5 -13
3.96113e-05 -5 -9 -13.5
8.48247e-05 -4.5 -9.5 -13.5
3.05804e-05 -5 -9 -14
0.000293024 4.5 9 -13.5
7.80917e-05 -4.5 -9.5 -14
0.00019837 4.5 9 -14
6.10004e-05 -4.5 -9.5 -14.5
4.2023e-05 4.5 9 -15
7.21749e-05 4 9.5 -15
3.72686e-05 -4.5 -9.5 -15
0.000171578 4 9.5 -14.5
0.000107601 4.5 9 -14.5
0.000299313 4 9.5 -14
3.32441e-05 5 9 -10
7.63602e-05 4.5 9.5 -10
0.000147562 4.5 9.5 -10.5
2.34516e-05 4 10 -10.5
0.000240993 4.5 9.5 -11
7.26788e-05 5 9 -11
5.57288e-05 5 9 -10.5
5.1879e-05 4 10 -11
0.000325938 4.5 9.5 -11.5
3.26274e-05 -5 -9.5 -12
8.60732e-05 4 10 -11.5
0.000146893 4 10 -12
4.57532e-05 -5 -9.5 -12.5
3.91647e-05 5 9 -12.5
0.000388738 4.5 9.5 -12.5
0.000371717 4.5 9.5 -12
2.84248e-05 -4.5 -10 -12.5
0.000189215 4 10 -12.5
5.4618e-05 -5 -9.5 -13
0.000364129 4.5 9.5 -13
5.84137e-05 5 9 -12
7.24009e-05 5 9 -11.5
0.000410222 4 9.5 -13.5
4.22399e-05 -4.5 -10 -13
5.35067e-05 -5 -9.5 -13.5
0.000200236 4 10 -13
5.17176e-05 -4.5 -10 -13.5
4.13016e-05 -5 -9.5 -14
0.00017267 4 10 -13.5
5.03159e-05 -4.5 -10 -14
0.000190283 4.5 9.5 -14
0.000117014 4 10 -14
3.5737e-05 -4.5 -10 -14.5
9.73978e-05 4.5 9.5 -14.5
2.40087e-05 -5 -9.5 -14.5
5.47057e-05 4 10 -14.5
3.3566e-05 4.5 9.5 -15
0.000289843 4.5 9.5 -13.5
3.28436e-05 5 9.5 -9.5
6.15522e-05 4.5 10 -10
6.93577e-05 5 9.5 -10
0.000129473 4.5 10 -10.5
0.000118255 5 9.5 -10.5
0.000166742 5 9.5 -11.5
0.000209148 4.5 10 -11
0.000152786 5 9.5 -11
3.27017e-05 -5 -10 -12
0.000156755 5 9.5 -12
4.39085e-05 -5 -10 -12.5
2.55271e-05 4 10.5 -12
0.000321062 4.5 10 -12.5
3.7547e-05 4 10.5 -12.5
4.98278e-05 -5 -10 -13
8.36522e-05 5 9.5 -13
0.000124067 5 9.5 -12.5
4.77975e-05 -5 -10 -13.5
3.50577e-05 4 10.5 -13
5.03398e-05 5 9.5 -13.5
2.34335e-05 5 9.5 -14
2.35643e-05 4 10.5 -13.5
0.000130235 4.5 10 -14
3.8189e-05 -5 -10 -14
5.44087e-05 4.5 10 -14.5
2.22726e-05 -5 -10 -14.5
4.62807e-05 5 10 -9.5
0.000223715 4.5 10 -13.5
9.21556e-05 5 10 -10
6.93188e-05 4.5 10.5 -10.5
0.000132671 5 10 -10.5
3.10629e-05 4.5 10.5 -10
0.000110346 4.5 10.5 -11
0.000212489 5 10 -11.5
2.1324e-05 -5.5 -10 -12
0.000144252 4.5 10.5 -11.5
0.000209727 5 10 -12
0.000185781 5 10 -11
0.000295976 4.5 10 -13
0.000307587 4.5 10 -12
2.6518e-05 -5 -10.5 -12
2.13874e-05 -5.5 -10 -12.5
0.000173672 4.5 10.5 -12
3.71742e-05 -5 -10.5 -12.5
0.000182395 5 10 -12.5
4.12061e-05 -5 -10.5 -13
0.000139914 5 10 -13
0.000158497 4.5 10.5 -13
3.40338e-05 -5 -10.5 -13.5
0.000106397 4.5 10.5 -13.5
8.88422e-05 5 10 -13.5
2.35306e-05 -5 -10.5 -14
4.65061e-05 4.5 10.5 -14
4.18448e-05 5 10 -14
4.33867e-05 5 10.5 -9.5
3.14487e-05 5.5 10 -9.5
8.49678e-05 5 10.5 -10
0.000124383 5 10.5 -10.5
0.000167901 5 10.5 -11
5.1368e-05 5.5 10 -11
5.25027e-05 5.5 10 -10.5
2.62175e-05 4.5 11 -11
2.64955e-05 -5.5 -10.5 -12
3.68486e-05 4.5 11 -11.5
2.5247e-05 5.5 10 -12
0.0001881 5 10.5 -11.5
4.13817e-05 5.5 10 -11.5
4.78472e-05 4.5 11 -12
2.70278e-05 -5.5 -10.5 -12.5
5.23413e-05 4.5 11 -12.5
3.32037e-05 4.5 11 -13
7.20261e-05 5 10.5 -13.5
2.90166e-05 5 10.5 -14
0.000121655 5 10.5 -13
2.60755e-05 -5.5 -10.5 -13
0.000159013 5 10.5 -12.5
2.5455e-05 5 11 -9.5
4.33919e-05 5.5 10.5 -9.5
5.21046e-05 5 11 -10
8.36306e-05 5.5 10.5 -10.5
6.82696e-05 5.5 10.5 -10
8.31783e-05 5 11 -10.5
0.000107881 5 11 -11
9.14739e-05 5.5 10.5 -11
0.000119687 5 11 -11.5
2.35516e-05 -5.5 -11 -12
0.000112038 5 11 -12
2.24033e-05 -5.5 -11 -12.5
9.24263e-05 5 11 -12.5
4.43465e-05 5.5 10.5 -12.5
6.79795e-05 5.5 10.5 -12
8.60183e-05 5.5 10.5 -11.5
6.17171e-05 5 11 -13
2.98187e-05 5 11 -13.5
4.05841e-05 5.5 11 -9.5
6.30921e-05 5.5 11 -10
2.01664e-05 5.5 10.5 -13
2.65234e-05 5 11.5 -10.5
8.67792e-05 5.5 11 -11
7.73097e-05 5.5 11 -10.5
3.44072e-05 5 11.5 -11
3.91786e-05 5 11.5 -11.5
6.64213e-05 5.5 11 -12
8.31336e-05 5.5 11 -11.5
3.09466e-05 5 11.5 -12
2.13834e-05 5.5 11 -13
4.41449e-05 5.5 11 -12.5
2.12093e-05 6 11 -9.5
2.72311e-05 6 11 -10
3.78361e-05 5.5 11.5 -10
2.29906e-05 5.5 11.5 -9.5
4.91157e-05 5.5 11.5 -10.5
5.72803e-05 5.5 11.5 -11
5.41338e-05 5.5 11.5 -11.5
4.08033e-05 5.5 11.5 -12
2.47103e-05 5.5 11.5 -12.5
2.7561e-05 6 11 -10.5
2.51581e-05 6 11.5 -10
2.17927e-05 6 11.5 -11
2.66923e-05 6 11.5 -10.5
0.000178446 5 10.5 -12
4.55338e-05 5.5 10 -10
0.00018404 4.5 10.5 -12.5
0.000273826 4.5 10 -11.5
5.99522e-05 -4.5 -9 -12.5
0.000206374 4 9 -11
9.03245e-05 4 8.5 -10.5
2.36651e-05 4 8.5 -10
7.61994e-05 3 7 -11.5
0.000153779 3 6.5 -12
