2.02504e-005 -3.5 -3 -10
2.09481e-005 -3.5 -3 -10.5
2.31058e-005 -3.5 -2.5 -9
3.42292e-005 -3.5 -2.5 -9.5
2.89466e-005 -3.5 -2.5 -10.5
3.41019e-005 -3.5 -2.5 -10
4.36899e-005 -3 -2.5 -9.5
2.64363e-005 -3.5 -2 -9
6.56867e-005 -3 -2.5 -10
7.14636e-005 -3 -2.5 -10.5
2.09776e-005 -3 -2.5 -11.5
5.10746e-005 -3 -2.5 -11
2.89562e-005 -3.5 -2 -10.5
3.51381e-005 -3.5 -2 -10
3.62725e-005 -3.5 -2 -9.5
4.58983e-005 -3 -2 -8.5
0.000124308 -3 -2 -9
0.000205002 -3 -2 -9.5
0.000229218 -3 -2 -10
2.50917e-005 -3.5 -1.5 -9.5
0.000205031 -3 -2 -10.5
3.24346e-005 -3 -2 -11.5
0.000124372 -3 -2 -11
2.0474e-005 -3.5 -1.5 -10.5
2.32876e-005 -3.5 -1.5 -10
0.000121707 -3 -1.5 -8.5
3.36328e-005 -2.5 -2 -9.5
0.000241078 -3 -1.5 -9
7.16925e-005 -2.5 -2 -10
0.000311838 -3 -1.5 -9.5
9.17973e-005 -2.5 -2 -10.5
0.000306822 -3 -1.5 -10
7.84284e-005 -2.5 -2 -11
4.10593e-005 -2.5 -2 -11.5
3.89556e-005 -3 -1.5 -11.5
0.000147161 -3 -1.5 -11
0.000257939 -3 -1.5 -10.5
3.36291e-005 -3 -1.5 -8
9.10717e-005 -2.5 -1.5 -8.5
4.30786e-005 -3 -1 -8
0.000278593 -2.5 -1.5 -9
0.000495253 -2.5 -1.5 -9.5
0.000608586 -2.5 -1.5 -10
0.000576144 -2.5 -1.5 -10.5
0.000389013 -2.5 -1.5 -11
0.000132728 -2.5 -1.5 -11.5
3.12916e-005 -3 -1 -11.5
0.000116197 -3 -1 -11
0.000209618 -3 -1 -10.5
0.000261731 -3 -1 -10
0.00027378 -3 -1 -9.5
0.000244961 -3 -1 -9
0.000135398 -3 -1 -8.5
2.97233e-005 -2.5 -1 -7.5
0.000154596 -2.5 -1 -8
0.000482962 -2.5 -1 -8.5
2.61653e-005 -2 -1.5 -9.5
0.000936876 -2.5 -1 -9
5.60143e-005 -2 -1.5 -10
0.00125822 -2.5 -1 -9.5
7.44323e-005 -2 -1.5 -10.5
0.0012615 -2.5 -1 -10
7.88439e-005 -2 -1.5 -11
0.0010971 -2.5 -1 -10.5
4.95825e-005 -2 -1.5 -11.5
0.000198006 -2.5 -1 -11.5
5.80415e-005 -3 -0.5 -11
0.000660445 -2.5 -1 -11
0.000101988 -3 -0.5 -10.5
0.000135862 -3 -0.5 -10
0.000146848 -3 -0.5 -9.5
0.000144287 -3 -0.5 -9
9.20067e-005 -3 -0.5 -8.5
3.18313e-005 -3 -0.5 -8
2.26345e-005 -2 -1 -8
0.000118556 -2 -1 -8.5
0.000306302 -2.5 -0.5 -8
0.000387551 -2 -1 -9
0.000759697 -2.5 -0.5 -8.5
0.000727681 -2 -1 -9.5
0.00126826 -2.5 -0.5 -9
0.000928613 -2 -1 -10
0.00143555 -2.5 -0.5 -9.5
0.000892001 -2 -1 -10.5
0.00138977 -2.5 -0.5 -10
0.000627152 -2 -1 -11
0.00114581 -2.5 -0.5 -10.5
0.000236716 -2 -1 -11.5
0.000199628 -2.5 -0.5 -11.5
0.000671187 -2.5 -0.5 -11
3.16297e-005 -3 0 -10.5
4.52096e-005 -3 0 -10
5.27627e-005 -3 0 -9.5
5.38328e-005 -3 0 -9
3.7836e-005 -3 0 -8.5
6.93854e-005 -2.5 -0.5 -7.5
7.42252e-005 -2 -0.5 -7.5
0.000352001 -2 -0.5 -8
0.00103975 -2 -0.5 -8.5
0.00200978 -2 -0.5 -9
0.000669608 -2.5 0 -8.5
2.72747e-005 -1.5 -1 -10
0.00271667 -2 -0.5 -9.5
0.000980087 -2.5 0 -9
3.67404e-005 -1.5 -1 -10.5
0.00275595 -2 -0.5 -10
0.000992156 -2.5 0 -9.5
4.64032e-005 -1.5 -1 -11
0.0024393 -2 -0.5 -10.5
0.00092562 -2.5 0 -10
3.54669e-005 -1.5 -1 -11.5
0.00149249 -2 -0.5 -11
0.00070833 -2.5 0 -10.5
0.000462846 -2 -0.5 -11.5
0.000132009 -2.5 0 -11.5
0.000409237 -2.5 0 -11
0.000291686 -2.5 0 -8
7.03079e-005 -2.5 0 -7.5
2.96433e-005 -1.5 -0.5 -8
0.000285399 -2 0 -7.5
0.000148819 -1.5 -0.5 -8.5
0.00104563 -2 0 -8
0.000465453 -1.5 -0.5 -9
0.00235309 -2 0 -8.5
0.000829579 -1.5 -0.5 -9.5
0.00366915 -2 0 -9
0.00104612 -1.5 -0.5 -10
0.00409754 -2 0 -9.5
0.00100408 -1.5 -0.5 -10.5
0.00396865 -2 0 -10
0.000712949 -1.5 -0.5 -11
0.00326896 -2 0 -10.5
0.000273013 -1.5 -0.5 -11.5
0.00190718 -2 0 -11
2.12259e-005 -1.5 -0.5 -12
5.06367e-005 -2.5 0.5 -11.5
0.000559971 -2 0 -11.5
0.000144975 -2.5 0.5 -11
0.000253049 -2.5 0.5 -10.5
0.00034955 -2.5 0.5 -10
0.000400902 -2.5 0.5 -9.5
0.000410836 -2.5 0.5 -9
0.000321751 -2.5 0.5 -8.5
0.000147857 -2.5 0.5 -8
3.59768e-005 -2.5 0.5 -7.5
5.345e-005 -2 0 -7
2.66893e-005 -1.5 0 -7
0.000153872 -1.5 0 -7.5
0.000648135 -1.5 0 -8
0.000385552 -2 0.5 -7.5
0.00171731 -1.5 0 -8.5
0.00126465 -2 0.5 -8
0.00303481 -1.5 0 -9
0.00260524 -2 0.5 -8.5
0.00387069 -1.5 0 -9.5
0.00370407 -2 0.5 -9
0.00386886 -1.5 0 -10
0.00379368 -2 0.5 -9.5
0.00336437 -1.5 0 -10.5
0.00358794 -2 0.5 -10
0.0020256 -1.5 0 -11
0.00279008 -2 0.5 -10.5
0.00061693 -1.5 0 -11.5
0.00159499 -2 0.5 -11
0.00048105 -2 0.5 -11.5
3.1874e-005 -2.5 1 -11
5.45972e-005 -2.5 1 -10.5
8.01981e-005 -2.5 1 -10
9.79624e-005 -2.5 1 -9.5
0.000102666 -2.5 1 -9
9.10745e-005 -2.5 1 -8.5
4.38318e-005 -2.5 1 -8
7.3803e-005 -2 0.5 -7
2.48793e-005 -1.5 0.5 -6.5
0.000149958 -1.5 0.5 -7
2.63537e-005 -1 0 -8
0.000693997 -1.5 0.5 -7.5
0.000124902 -1 0 -8.5
0.00216992 -1.5 0.5 -8
0.000353283 -1 0 -9
0.00445714 -1.5 0.5 -8.5
0.000819291 -2 1 -8
0.000596679 -1 0 -9.5
0.00662355 -1.5 0.5 -9
0.00159526 -2 1 -8.5
0.000723359 -1 0 -10
0.00716597 -1.5 0.5 -9.5
0.00196118 -2 1 -9
0.000693249 -1 0 -10.5
0.00690625 -1.5 0.5 -10
0.00191895 -2 1 -9.5
0.000491957 -1 0 -11
0.00554988 -1.5 0.5 -10.5
0.00170005 -2 1 -10
0.000187728 -1 0 -11.5
0.00311904 -1.5 0.5 -11
0.00125046 -2 1 -10.5
0.000840656 -1.5 0.5 -11.5
0.000710866 -2 1 -11
0.000233548 -2 1 -11.5
0.000257969 -2 1 -7.5
4.94883e-005 -2 1 -7
5.19205e-005 -1 0.5 -7
0.000253863 -1 0.5 -7.5
0.000271833 -1.5 1 -7
0.000920654 -1 0.5 -8
0.00116983 -1.5 1 -7.5
0.00212377 -1 0.5 -8.5
0.00320993 -1.5 1 -8
0.00343527 -1 0.5 -9
0.00597232 -1.5 1 -8.5
0.00412469 -1 0.5 -9.5
0.00799361 -1.5 1 -9
0.0040602 -1 0.5 -10
0.00811247 -1.5 1 -9.5
0.00341091 -1 0.5 -10.5
0.00764796 -1.5 1 -10
0.00197912 -1 0.5 -11
0.00587775 -1.5 1 -10.5
0.00056228 -1 0.5 -11.5
0.00322977 -1.5 1 -11
0.000844794 -1.5 1 -11.5
5.53935e-005 -2 1.5 -11.5
0.000167659 -2 1.5 -11
0.000303772 -2 1.5 -10.5
0.000437393 -2 1.5 -10
0.000525494 -2 1.5 -9.5
0.000548269 -2 1.5 -9
0.000501533 -2 1.5 -8.5
0.000274369 -2 1.5 -8
8.67572e-005 -2 1.5 -7.5
4.83526e-005 -1.5 1 -6.5
5.42664e-005 -1 1 -6.5
0.000288267 -1 1 -7
0.00119396 -1 1 -7.5
6.19489e-005 -0.5 0.5 -8.5
0.00321397 -1 1 -8
0.00101189 -1.5 1.5 -7.5
0.000148656 -0.5 0.5 -9
0.0060116 -1 1 -8.5
0.00268838 -1.5 1.5 -8
0.000227305 -0.5 0.5 -9.5
0.00826167 -1 1 -9
0.00477242 -1.5 1.5 -8.5
0.00026476 -0.5 0.5 -10
0.00855911 -1 1 -9.5
0.00568309 -1.5 1.5 -9
0.000249539 -0.5 0.5 -10.5
0.00815275 -1 1 -10
0.00558043 -1.5 1.5 -9.5
0.000172048 -0.5 0.5 -11
0.00632089 -1 1 -10.5
0.00499606 -1.5 1.5 -10
6.59053e-005 -0.5 0.5 -11.5
0.00339336 -1 1 -11
0.00366193 -1.5 1.5 -10.5
0.000813831 -1 1 -11.5
0.00197442 -1.5 1.5 -11
0.000518265 -1.5 1.5 -11.5
2.50127e-005 -2 2 -11
5.29407e-005 -2 2 -10.5
7.65692e-005 -2 2 -10
9.50114e-005 -2 2 -9.5
0.000100408 -2 2 -9
9.36433e-005 -2 2 -8.5
5.16888e-005 -2 2 -8
0.00023778 -1.5 1.5 -7
4.25846e-005 -1.5 1.5 -6.5
6.53405e-005 -0.5 1 -7
0.000121227 -1 1.5 -6.5
0.000282111 -0.5 1 -7.5
0.000601186 -1 1.5 -7
0.000825527 -0.5 1 -8
0.00221258 -1 1.5 -7.5
0.00167791 -0.5 1 -8.5
0.00522985 -1 1.5 -8
0.00252228 -0.5 1 -9
0.00881561 -1 1.5 -8.5
0.00107475 -1.5 2 -8
0.00284719 -0.5 1 -9.5
0.0108535 -1 1.5 -9
0.00182114 -1.5 2 -8.5
0.00275815 -0.5 1 -10
0.0108227 -1 1.5 -9.5
0.00196294 -1.5 2 -9
0.00222169 -0.5 1 -10.5
0.00998206 -1 1.5 -10
0.0018883 -1.5 2 -9.5
0.0012099 -0.5 1 -11
0.00736786 -1 1.5 -10.5
0.00158084 -1.5 2 -10
0.000302351 -0.5 1 -11.5
0.00380478 -1 1.5 -11
0.00108757 -1.5 2 -10.5
0.00082762 -1 1.5 -11.5
0.000145286 -1.5 2 -11.5
0.000562647 -1.5 2 -11
0.000397437 -1.5 2 -7.5
8.99326e-005 -1.5 2 -7
9.45001e-005 -0.5 1.5 -6.5
0.000440244 -0.5 1.5 -7
0.00155366 -0.5 1.5 -7.5
0.000636183 -1 2 -7
0.00360135 -0.5 1.5 -8
0.00230121 -1 2 -7.5
0.00611893 -0.5 1.5 -8.5
0.00529784 -1 2 -8
2.059e-005 0 1 -9.5
0.00774599 -0.5 1.5 -9
0.00860684 -1 2 -8.5
2.48845e-005 0 1 -10
0.00779391 -0.5 1.5 -9.5
0.00979557 -1 2 -9
2.5431e-005 0 1 -10.5
0.00725188 -0.5 1.5 -10
0.00960469 -1 2 -9.5
0.00532509 -0.5 1.5 -10.5
0.00849264 -1 2 -10
0.00265559 -0.5 1.5 -11
0.00598357 -1 2 -10.5
0.000520328 -0.5 1.5 -11.5
0.00292928 -1 2 -11
0.000546798 -1 2 -11.5
8.98749e-005 -1.5 2.5 -11
0.000187282 -1.5 2.5 -10.5
0.000282727 -1.5 2.5 -10
0.000351563 -1.5 2.5 -9.5
0.000371753 -1.5 2.5 -9
0.000355837 -1.5 2.5 -8.5
0.000216672 -1.5 2.5 -8
7.7073e-005 -1.5 2.5 -7.5
0.000127475 -1 2 -6.5
5.37136e-005 0 1.5 -7
0.000208491 -0.5 2 -6.5
0.000184976 0 1.5 -7.5
0.000924739 -0.5 2 -7
0.000427987 0 1.5 -8
0.00288742 -0.5 2 -7.5
0.000749411 0 1.5 -8.5
0.00611106 -0.5 2 -8
0.00116333 -1 2.5 -7.5
0.00101648 0 1.5 -9
0.00952459 -0.5 2 -8.5
0.00272795 -1 2.5 -8
0.00105964 0 1.5 -9.5
0.0108336 -0.5 2 -9
0.00422858 -1 2.5 -8.5
0.00100279 0 1.5 -10
0.0106623 -0.5 2 -9.5
0.00445137 -1 2.5 -9
0.000754399 0 1.5 -10.5
0.00949761 -0.5 2 -10
0.00428209 -1 2.5 -9.5
0.000375268 0 1.5 -11
0.00665308 -0.5 2 -10.5
0.00356052 -1 2.5 -10
7.68417e-005 0 1.5 -11.5
0.00314868 -0.5 2 -11
0.000524707 -0.5 2 -11.5
0.000163797 -1 2.5 -11.5
0.00108146 -1 2.5 -11
2.08187e-005 -1.5 3 -10.5
0.00236306 -1 2.5 -10.5
3.27667e-005 -1.5 3 -10
4.14429e-005 -1.5 3 -9.5
4.40517e-005 -1.5 3 -9
4.20169e-005 -1.5 3 -8.5
2.4471e-005 -1.5 3 -8
0.000301578 -1 2.5 -7
5.64746e-005 -1 2.5 -6.5
3.70766e-005 -0.5 2 -6
2.0998e-005 0 2 -6
0.00011254 0 2 -6.5
0.000475682 0 2 -7
0.00136308 0 2 -7.5
0.00108164 -0.5 2.5 -7
0.00274137 0 2 -8
0.00326089 -0.5 2.5 -7.5
0.00419344 0 2 -8.5
0.0066639 -0.5 2.5 -8
0.00479594 0 2 -9
0.00991852 -0.5 2.5 -8.5
0.00472662 0 2 -9.5
0.0106776 -0.5 2.5 -9
0.00418835 0 2 -10
0.0104071 -0.5 2.5 -9.5
0.00285162 0 2 -10.5
0.00890744 -0.5 2.5 -10
0.0012634 0 2 -11
0.00587936 -0.5 2.5 -10.5
0.00018161 0 2 -11.5
0.00250851 -0.5 2.5 -11
2.00155e-005 -1 3 -11.5
0.000288895 -0.5 2.5 -11.5
0.000178171 -1 3 -11
0.000422535 -1 3 -10.5
0.000675233 -1 3 -10
0.000856732 -1 3 -9.5
0.000911335 -1 3 -9
0.0008913 -1 3 -8.5
0.000592254 -1 3 -8
0.000240343 -1 3 -7.5
5.31064e-005 -1 3 -7
0.000246405 -0.5 2.5 -6.5
4.42166e-005 -0.5 2.5 -6
4.93338e-005 0 2.5 -6
2.33667e-005 0.5 2 -7
0.000256394 0 2.5 -6.5
5.43638e-005 0.5 2 -7.5
0.00105764 0 2.5 -7
9.462e-005 0.5 2 -8
0.00290088 0 2.5 -7.5
0.000139233 0.5 2 -8.5
0.00558089 0 2.5 -8
0.00208961 -0.5 3 -7.5
0.000167276 0.5 2 -9
0.0079964 0 2.5 -8.5
0.0043213 -0.5 3 -8
0.000167437 0.5 2 -9.5
0.00849007 0 2.5 -9
0.00607538 -0.5 3 -8.5
0.000149915 0.5 2 -10
0.00825522 0 2.5 -9.5
0.00620565 -0.5 3 -9
9.84999e-005 0.5 2 -10.5
0.00698676 0 2.5 -10
0.00589973 -0.5 3 -9.5
4.4195e-005 0.5 2 -11
0.00451608 0 2.5 -10.5
0.00470839 -0.5 3 -10
0.00183933 0 2.5 -11
0.000186362 0 2.5 -11.5
5.92755e-005 -0.5 3 -11.5
0.00105052 -0.5 3 -11
4.66487e-005 -1 3.5 -10.5
0.00287201 -0.5 3 -10.5
8.14981e-005 -1 3.5 -10
0.000104519 -1 3.5 -9.5
0.000112218 -1 3.5 -9
0.00010959 -1 3.5 -8.5
7.03514e-005 -1 3.5 -8
2.4183e-005 -1 3.5 -7.5
0.000639234 -0.5 3 -7
0.000133623 -0.5 3 -6.5
2.1938e-005 -0.5 3 -6
8.8776e-005 0.5 2.5 -6.5
0.00031041 0.5 2.5 -7
0.000313364 0 3 -6.5
0.000707064 0.5 2.5 -7.5
0.00127072 0 3 -7
0.00121551 0.5 2.5 -8
0.00338253 0 3 -7.5
0.001634 0.5 2.5 -8.5
0.00628153 0 3 -8
0.00169385 0.5 2.5 -9
0.00846178 0 3 -8.5
0.00163038 0.5 2.5 -9.5
0.00864559 0 3 -9
0.00155411 -0.5 3.5 -8.5
0.00133447 0.5 2.5 -10
0.00825192 0 3 -9.5
0.0015563 -0.5 3.5 -9
0.000819518 0.5 2.5 -10.5
0.00659019 0 3 -10
0.000315075 0.5 2.5 -11
0.00393423 0 3 -10.5
2.98546e-005 0.5 2.5 -11.5
0.00134882 0 3 -11
6.19783e-005 0 3 -11.5
0.000181567 -0.5 3.5 -11
0.000603675 -0.5 3.5 -10.5
0.00107656 -0.5 3.5 -10
0.00143257 -0.5 3.5 -9.5
0.00114224 -0.5 3.5 -8
0.00052766 -0.5 3.5 -7.5
0.000140177 -0.5 3.5 -7
2.46211e-005 -0.5 3.5 -6.5
6.02002e-005 0 3 -6
4.89449e-005 0.5 3 -6
0.000244659 0.5 3 -6.5
0.000879515 0.5 3 -7
0.00206851 0.5 3 -7.5
0.000928182 0 3.5 -7
0.00356249 0.5 3 -8
0.00251211 0 3.5 -7.5
0.00456808 0.5 3 -8.5
0.00449789 0 3.5 -8
0.00460807 0.5 3 -9
0.00558857 0 3.5 -8.5
0.00434994 0.5 3 -9.5
0.00556521 0 3.5 -9
0.00339323 0.5 3 -10
0.00510579 0 3.5 -9.5
0.00196704 0.5 3 -10.5
0.000639248 0.5 3 -11
2.36063e-005 0.5 3 -11.5
0.000472412 0 3.5 -11
6.18798e-005 -0.5 4 -10.5
0.00198327 0 3.5 -10.5
0.0001264 -0.5 4 -10
0.0037683 0 3.5 -10
0.000170098 -0.5 4 -9.5
0.000188896 -0.5 4 -9
0.000189287 -0.5 4 -8.5
0.000139412 -0.5 4 -8
6.08281e-005 -0.5 4 -7.5
0.000211656 0 3.5 -6.5
3.66348e-005 0 3.5 -6
4.0704e-005 1 3 -6.5
0.000113295 1 3 -7
0.000317277 0.5 3.5 -6.5
0.000211157 1 3 -7.5
0.00115243 0.5 3.5 -7
0.000305362 1 3 -8
0.0026984 0.5 3.5 -7.5
0.000347324 1 3 -8.5
0.0045217 0.5 3.5 -8
0.000343302 1 3 -9
0.00542088 0.5 3.5 -8.5
0.00144972 0 4 -8
0.000311679 1 3 -9.5
0.00537428 0.5 3.5 -9
0.000230534 1 3 -10
0.00488008 0.5 3.5 -9.5
0.000125135 1 3 -10.5
0.00354206 0.5 3.5 -10
3.76606e-005 1 3 -11
5.80033e-005 0 4 -11
0.000407741 0.5 3.5 -11
0.000442667 0 4 -10.5
0.00181688 0.5 3.5 -10.5
0.000996034 0 4 -10
0.00147476 0 4 -9.5
0.00168642 0 4 -9
0.00171721 0 4 -8.5
0.000800888 0 4 -7.5
0.000269906 0 4 -7
5.16624e-005 0 4 -6.5
6.28738e-005 0.5 3.5 -6
3.61747e-005 1 3.5 -6
0.0001728 1 3.5 -6.5
0.000515612 1 3.5 -7
0.00103401 1 3.5 -7.5
0.000904111 0.5 4 -7
0.00154191 1 3.5 -8
0.00203446 0.5 4 -7.5
0.00168582 1 3.5 -8.5
0.00318005 0.5 4 -8
0.00164833 1 3.5 -9
0.00351326 0.5 4 -8.5
0.00143855 1 3.5 -9.5
0.00099771 1 3.5 -10
0.000489011 1 3.5 -10.5
8.45851e-005 0.5 4 -11
4.15226e-005 0 4.5 -10.5
9.72448e-005 1 3.5 -11
0.000796516 0.5 4 -10.5
0.00011075 0 4.5 -10
0.00191794 0.5 4 -10
0.000168514 0 4.5 -9.5
0.00293883 0.5 4 -9.5
0.000198263 0 4.5 -9
0.00343399 0.5 4 -9
0.000203168 0 4.5 -8.5
0.000176217 0 4.5 -8
9.55694e-005 0 4.5 -7.5
2.75678e-005 0 4.5 -7
0.000247399 0.5 4 -6.5
4.55765e-005 0.5 4 -6
0.000258434 1 4 -6.5
0.000806911 1 4 -7
0.00163203 1 4 -7.5
0.0023575 1 4 -8
0.00248617 1 4 -8.5
0.00240085 1 4 -9
0.00198083 1 4 -9.5
0.000481205 1 4 -10.5
4.17546e-005 1 4 -11
0.000135173 0.5 4.5 -10.5
0.000485994 0.5 4.5 -10
0.00124044 1 4 -10
0.00087028 0.5 4.5 -9.5
0.00110602 0.5 4.5 -9
0.00115537 0.5 4.5 -8.5
0.00110288 0.5 4.5 -8
0.000742578 0.5 4.5 -7.5
0.000322127 0.5 4.5 -7
7.31558e-005 0.5 4.5 -6.5
2.0633e-005 1.5 4 -6
8.42765e-005 1.5 4 -6.5
0.000192822 1.5 4 -7
0.000316729 1.5 4 -7.5
0.000604161 1 4.5 -7
0.000393043 1.5 4 -8
0.00113518 1 4.5 -7.5
0.000391405 1.5 4 -8.5
0.00149385 1 4.5 -8
0.000361976 1.5 4 -9
0.000279238 1.5 4 -9.5
0.000113789 0.5 5 -9
0.0014198 1 4.5 -9
0.000164373 1.5 4 -10
3.82909e-005 0.5 5 -10
5.88788e-005 1.5 4 -10.5
0.000584455 1 4.5 -10
0.000160053 1 4.5 -10.5
8.81634e-005 0.5 5 -9.5
0.00107406 1 4.5 -9.5
0.000119584 0.5 5 -8.5
0.00151487 1 4.5 -8.5
0.00011314 0.5 5 -8
7.12876e-005 0.5 5 -7.5
2.45358e-005 0.5 5 -7
3.47048e-005 1.5 4.5 -6
0.000155894 1.5 4.5 -6.5
0.0003881 1.5 4.5 -7
0.000645537 1.5 4.5 -7.5
0.000765367 1.5 4.5 -8
0.000754913 1.5 4.5 -8.5
0.000670339 1.5 4.5 -9
0.000470698 1.5 4.5 -9.5
0.000233404 1.5 4.5 -10
4.8761e-005 1.5 4.5 -10.5
0.000120341 1 5 -10
0.000287309 1 5 -9.5
0.0004261 1 5 -9
0.000471852 1 5 -8.5
0.000471231 1 5 -8
0.000373407 1 5 -7.5
2.19469e-005 2 4.5 -6.5
4.45273e-005 2 4.5 -7
9.35164e-005 1.5 5 -6.5
5.76142e-005 2 4.5 -7.5
0.000236938 1.5 5 -7
5.62928e-005 2 4.5 -8
0.000386624 1.5 5 -7.5
5.08369e-005 2 4.5 -8.5
2.12605e-005 1 5.5 -8
0.000447714 1.5 5 -8
3.8361e-005 2 4.5 -9
2.22733e-005 2 4.5 -9.5
0.000379331 1.5 5 -9
0.000243992 1.5 5 -9.5
9.56582e-005 1.5 5 -10
2.25622e-005 1 5.5 -8.5
0.000440462 1.5 5 -8.5
4.31581e-005 2 5 -6.5
9.74547e-005 2 5 -7
0.000132099 2 5 -7.5
0.000131825 2 5 -8
8.29505e-005 1.5 5.5 -7.5
0.000119309 2 5 -8.5
0.000106035 1.5 5.5 -8
8.66191e-005 2 5 -9
4.53981e-005 2 5 -9.5
7.97097e-005 1.5 5.5 -9
3.81849e-005 1.5 5.5 -9.5
0.000104439 1.5 5.5 -8.5
3.59497e-005 2 5.5 -7
6.23197e-005 2 5.5 -7.5
6.97602e-005 2 5.5 -8
4.327e-005 2 5.5 -9
6.47647e-005 2 5.5 -8.5
4.09192e-005 1.5 5.5 -7
0.000196451 1 5 -7
5.62092e-005 1 5 -6.5
0.00020366 1 4.5 -6.5
3.911e-005 1 4.5 -6
5.30072e-005 1 4 -6
