2.28977e-005 -8 4 -1
4.79038e-005 -9 3 1
3.2361e-005 -7 5 0
6.60089e-005 -8 4 0
0.000114517 -8 4 1
2.64611e-005 -7 5 -1
0.000124185 -8 4 2
6.36575e-005 -9 3 2
0.000105628 -8 4 3
4.50356e-005 -9 3 4
6.34934e-005 -9 3 3
6.99565e-005 -8 4 4
3.25439e-005 -8 4 5
3.78589e-005 -9 4 -1
7.34404e-005 -10 3 1
0.000391659 -8 5 0
0.000179129 -9 4 0
0.000362243 -9 4 1
0.000156403 -8 5 -1
9.95635e-005 -7 6 0
0.000552157 -8 5 1
0.000422365 -9 4 2
8.72943e-005 -7 6 -1
2.50779e-005 -8 5 -2
7.5142e-005 -7 6 1
0.000584569 -8 5 2
9.87234e-005 -10 3 3
0.000411933 -9 4 3
7.28999e-005 -10 3 4
4.24075e-005 -7 6 -2
5.67358e-005 -7 6 2
0.000514711 -8 5 3
9.83633e-005 -10 3 2
3.31233e-005 -10 3 5
0.000299126 -9 4 4
3.34288e-005 -7 6 3
0.000369807 -8 5 4
0.000153542 -9 4 5
0.000201377 -8 5 5
4.66383e-005 -9 4 6
7.88048e-005 -8 5 6
0.000225318 -10 4 0
3.22146e-005 -10 4 -1
6.90558e-005 -11 3 1
0.000968161 -9 5 0
0.000481139 -10 4 1
0.000275987 -9 5 -1
0.00117807 -8 6 0
0.00159436 -9 5 1
0.000574546 -10 4 2
0.000577237 -8 6 -1
0.00023133 -7 7 0
0.00157334 -8 6 1
9.48537e-005 -11 3 3
0.00177619 -9 5 2
0.00056445 -10 4 3
0.000115722 -8 6 -2
0.000181238 -7 7 -1
0.000243261 -7 7 1
0.00165467 -8 6 2
0.00172816 -9 5 3
0.000415398 -10 4 4
2.98204e-005 -11 3 5
9.49344e-005 -7 7 -2
0.000220925 -7 7 2
0.00150939 -8 6 3
0.00128647 -9 5 4
0.000212147 -10 4 5
0.000172347 -7 7 3
0.00111752 -8 6 4
6.24559e-005 -10 4 6
0.00070743 -9 5 5
9.06206e-005 -7 7 4
0.00064543 -8 6 5
4.33372e-005 -7 7 5
0.00026306 -9 5 6
0.000279594 -8 6 6
6.876e-005 -11 3 4
9.47579e-005 -11 3 2
7.41348e-005 -8 6 7
5.32281e-005 -9 5 7
2.26648e-005 -11 4 -1
2.89415e-005 -12 3 1
0.000451807 -11 4 1
0.00123498 -10 5 0
0.000308318 -10 5 -1
4.54334e-005 -12 3 2
0.00210109 -10 5 1
0.000537965 -11 4 2
0.0012272 -9 6 -1
0.00236747 -8 7 0
4.10614e-005 -12 3 3
0.00422999 -9 6 1
0.002351 -10 5 2
0.000525086 -11 4 3
2.58891e-005 -12 3 4
0.00291584 -9 6 0
0.000138862 -9 6 -2
0.000456239 -7 8 0
0.00306034 -8 7 1
0.00456096 -9 6 2
0.00228711 -10 5 3
0.000376689 -11 4 4
0.00037605 -8 7 -2
0.000555378 -7 8 1
0.00321102 -8 7 2
0.00446145 -9 6 3
0.000289992 -7 8 -1
0.00169418 -10 5 4
0.000183083 -11 4 5
0.00129635 -8 7 -1
0.000130497 -7 8 -2
0.00057258 -7 8 2
0.00344206 -9 6 4
0.000908185 -10 5 5
0.00306795 -8 7 3
2.50591e-005 -7 8 -3
4.80552e-005 -11 4 6
0.000493033 -7 8 3
0.00230894 -8 7 4
0.000319352 -10 5 6
0.000327026 -7 8 4
0.00202035 -9 6 5
0.00135549 -8 7 5
6.10392e-005 -10 5 7
0.000170974 -7 8 5
0.000593068 -8 7 6
0.000858226 -9 6 6
6.73121e-005 -7 8 6
0.000171126 -8 7 7
0.000224295 -9 6 7
0.000205406 -11 4 0
3.26351e-005 -8 7 8
3.867e-005 -9 6 8
0.000266033 -11 5 -1
0.00020714 -12 4 1
0.00116464 -11 5 0
0.00199599 -11 5 1
0.000240386 -12 4 2
2.09269e-005 -11 5 -2
0.00154046 -10 6 -1
0.00549626 -9 7 0
0.00547723 -10 6 1
0.00220579 -11 5 2
0.000227572 -12 4 3
0.00014834 -10 6 -2
0.00287309 -9 7 -1
0.00329693 -8 8 0
0.00733463 -9 7 1
0.00588886 -10 6 2
0.000148829 -12 4 4
0.000694602 -9 7 -2
0.000591004 -7 9 0
0.00191231 -8 8 -1
0.00779783 -9 7 2
0.00575602 -10 6 3
0.00423314 -8 8 1
0.0015003 -11 5 4
6.14328e-005 -12 4 5
2.98661e-005 -9 7 -3
0.000659875 -8 8 -2
0.000781643 -7 9 1
0.000335557 -7 9 -1
0.0021156 -11 5 3
0.00376972 -10 6 0
9.6831e-005 -12 4 0
0.00769313 -9 7 3
0.0044298 -10 6 4
0.000746539 -11 5 5
5.406e-005 -8 8 -3
0.000831824 -7 9 2
0.000127569 -7 9 -2
0.00434842 -8 8 3
0.00255438 -10 6 5
0.00606633 -9 7 4
2.06468e-005 -7 9 -3
0.000226932 -11 5 6
0.000788267 -7 9 3
0.00329796 -8 8 4
0.00359468 -9 7 5
3.86066e-005 -11 5 7
0.00056771 -7 9 4
0.00104577 -10 6 6
0.00188328 -8 8 5
0.00154125 -9 7 6
0.000309313 -7 9 5
0.000776825 -8 8 6
0.000259531 -10 6 7
4.31657e-005 -10 6 8
0.000416115 -9 7 7
0.000119722 -7 9 6
0.000206665 -8 8 7
7.98522e-005 -9 7 8
0.00446125 -8 8 2
2.84211e-005 -7 9 7
3.95427e-005 -8 8 8
0.000141773 -12 5 -1
3.37333e-005 -13 4 1
0.000588613 -12 5 0
0.00367905 -11 6 0
0.0015051 -11 6 -1
0.00689899 -10 7 0
3.73194e-005 -13 4 2
0.00524621 -11 6 1
0.00101915 -12 5 2
3.18264e-005 -13 4 3
0.000136085 -11 6 -2
0.00686354 -9 8 0
0.00911339 -10 7 1
0.00367853 -10 7 -1
0.00557857 -11 6 2
0.000927028 -12 5 3
0.000950089 -12 5 1
0.000934848 -10 7 -2
0.00406318 -9 8 -1
0.00345795 -8 9 0
0.00871558 -9 8 1
0.00966268 -10 7 2
0.00538962 -11 6 3
0.000585754 -12 5 4
3.59808e-005 -10 7 -3
0.00143413 -9 8 -2
0.000416189 -7 10 0
0.00203587 -8 9 -1
0.00916869 -9 8 2
0.00954579 -10 7 3
0.00400926 -11 6 4
0.0044718 -8 9 1
0.000101325 -9 8 -3
0.000745404 -8 9 -2
0.000664144 -7 10 1
0.000187554 -7 10 -1
0.00903801 -9 8 3
0.00474483 -8 9 2
0.00219447 -11 6 5
4.7809e-005 -7 10 -2
5.63295e-005 -12 5 6
0.0075291 -10 7 4
0.000796517 -7 10 2
7.03668e-005 -8 9 -3
0.00466223 -8 9 3
0.00439594 -10 7 5
0.00695992 -9 8 4
0.000810772 -7 10 3
0.000806654 -11 6 6
0.00353011 -8 9 4
0.0018151 -10 7 6
0.00393629 -9 8 5
0.00066443 -7 10 4
0.000172503 -11 6 7
0.00195532 -8 9 5
0.000466885 -10 7 7
0.00158256 -9 8 6
0.000383157 -7 10 5
0.000760478 -8 9 6
2.42322e-005 -11 6 8
8.82668e-005 -10 7 8
0.00040837 -9 8 7
0.000145297 -7 10 6
0.000190654 -8 9 7
7.94863e-005 -9 8 8
3.19552e-005 -7 10 7
3.62139e-005 -8 9 8
3.99291e-005 -13 5 -1
0.001964 -12 6 0
0.000184767 -13 5 1
0.00665749 -11 7 0
0.00263054 -12 6 1
0.000189585 -13 5 2
8.32464e-005 -12 6 -2
0.0081811 -10 8 0
0.00363295 -11 7 -1
0.00862383 -11 7 1
0.00273166 -12 6 2
0.000153268 -13 5 3
0.000961884 -11 7 -2
0.00669146 -9 9 0
0.0101548 -10 8 1
0.00906668 -11 7 2
0.00251929 -12 6 3
8.39983e-005 -13 5 4
3.59163e-005 -11 7 -3
0.0019589 -10 8 -2
0.00228781 -8 10 0
0.00415441 -9 9 -1
0.010606 -10 8 2
0.00890551 -11 7 3
0.00170409 -12 6 4
0.00836212 -9 9 1
2.74226e-005 -13 5 5
0.000192051 -10 8 -3
9.90351e-005 -7 11 0
0.0016738 -9 9 -2
0.00325845 -8 10 1
0.00120868 -8 10 -1
0.00877986 -9 9 2
0.00680735 -11 7 4
0.000814973 -12 6 5
0.0104153 -10 8 3
0.000189566 -9 9 -3
0.000380523 -8 10 -2
0.000224961 -7 11 1
2.39021e-005 -7 11 -1
0.0086093 -9 9 3
0.00369338 -8 10 2
0.00792027 -10 8 4
0.00502769 -10 8 -1
0.000846075 -12 6 -1
0.000231277 -12 6 6
0.000354646 -7 11 2
3.26595e-005 -8 10 -3
0.00372955 -8 10 3
0.00441492 -10 8 5
0.00642729 -9 9 4
3.6515e-005 -12 6 7
0.000413251 -7 11 3
0.00294472 -8 10 4
0.00139061 -11 7 6
0.00174606 -10 8 6
0.00346813 -9 9 5
0.000414248 -7 11 4
0.00156842 -8 10 5
0.000442454 -10 8 7
0.00129927 -9 9 6
0.000321005 -11 7 7
0.000275486 -7 11 5
0.000555486 -8 10 6
8.49629e-005 -10 8 8
0.000320412 -9 9 7
5.58865e-005 -11 7 8
9.7742e-005 -7 11 6
0.000130337 -8 10 7
6.30307e-005 -9 9 8
2.44292e-005 -8 10 8
0.000457287 -13 6 0
0.000229263 -13 6 -1
0.000556486 -13 6 1
3.48102e-005 -13 6 -2
0.00203277 -12 7 -1
0.00757363 -11 8 0
0.00428098 -12 7 1
0.000563394 -13 6 2
0.000626764 -12 7 -2
0.00769495 -10 9 0
0.00907738 -11 8 1
0.00484077 -11 8 -1
0.00441568 -12 7 2
3.04023e-005 -12 7 -3
0.0020037 -11 8 -2
0.00498799 -10 9 -1
0.00942555 -10 9 1
0.00936767 -11 8 2
0.00420025 -12 7 3
0.00437338 -9 10 0
0.000279923 -13 6 4
0.000237865 -11 8 -3
0.00224201 -10 9 -2
0.000717902 -8 11 0
0.00256784 -9 10 -1
0.0098446 -10 9 2
0.00909021 -11 8 3
0.00292257 -12 7 4
0.000109816 -13 6 5
0.0058167 -9 10 1
0.000368951 -10 9 -3
0.00100559 -9 10 -2
0.00125695 -8 11 1
0.00028012 -8 11 -1
0.00633042 -9 10 2
0.0066557 -11 8 4
0.00142384 -12 7 5
2.22347e-005 -13 6 6
0.000125545 -9 10 -3
4.41766e-005 -8 11 -2
0.00961408 -10 9 3
0.00046999 -13 6 3
0.00348758 -12 7 0
0.00629784 -9 10 3
0.00706804 -10 9 4
0.000431449 -12 7 6
0.00354266 -11 8 5
2.59729e-005 -7 12 2
0.00464668 -9 10 4
0.00175121 -8 11 3
0.00128475 -11 8 6
8.29382e-005 -12 7 7
0.00232387 -9 10 5
0.00156595 -8 11 4
0.00135798 -10 9 6
4.84998e-005 -7 12 3
0.0002965 -11 8 7
0.000772396 -9 10 6
0.0008469 -8 11 5
0.000328693 -10 9 7
5.32454e-005 -11 8 8
6.38672e-005 -7 12 4
0.00027161 -8 11 6
6.4018e-005 -10 9 8
0.000182195 -9 10 7
6.15437e-005 -7 12 5
5.8809e-005 -8 11 7
3.56264e-005 -9 10 8
2.60925e-005 -7 12 6
3.85517e-005 -14 6 -1
7.30678e-005 -14 6 1
0.000508364 -13 7 -1
0.00361558 -12 8 0
0.000912819 -13 7 1
7.01336e-005 -14 6 2
0.000195046 -13 7 -2
0.00680289 -11 9 0
0.00411395 -12 8 1
0.00251595 -12 8 -1
0.000926315 -13 7 2
2.1993e-005 -13 7 -3
0.00122666 -12 8 -2
0.00502213 -10 10 0
0.0080039 -11 9 1
0.00419766 -12 8 2
0.00465365 -11 9 -1
0.000821042 -13 7 3
2.2887e-005 -14 6 4
0.000239019 -12 8 -3
0.00225176 -11 9 -2
0.00155266 -9 11 0
0.00313305 -10 10 -1
0.00825329 -11 9 2
0.0039733 -12 8 3
0.000509613 -13 7 4
0.00646895 -10 10 1
3.04112e-005 -8 12 0
0.000449026 -11 9 -3
0.00142922 -10 10 -2
0.00240451 -9 11 1
0.00692815 -10 10 2
0.00271483 -12 8 4
0.000210659 -13 7 5
0.00791344 -11 9 3
0.000279748 -10 10 -3
0.000105235 -8 12 1
0.000195374 -9 11 -2
0.00288 -9 11 2
0.000740519 -9 11 -1
4.86601e-005 -14 6 3
0.000791866 -13 7 0
6.44567e-005 -14 6 0
0.00373744 -10 9 5
0.00547804 -11 9 4
0.00129728 -12 8 5
4.88429e-005 -13 7 6
0.000200982 -8 12 2
0.0029569 -9 11 3
0.00269114 -11 9 5
0.00486268 -10 10 4
0.000266487 -8 12 3
0.00230123 -9 11 4
0.000884161 -11 9 6
0.00236301 -10 10 5
0.00109541 -9 11 5
0.000278839 -8 12 4
0.000760893 -10 10 6
0.000201684 -11 9 7
7.61521e-005 -12 8 7
0.00032165 -9 11 6
0.000184452 -8 12 5
0.00017814 -10 10 7
3.72699e-005 -11 9 8
7.21302e-005 -9 11 7
5.1775e-005 -8 12 6
3.44382e-005 -10 10 8
8.14178e-005 -14 7 -1
0.000759771 -13 8 0
0.0001255 -14 7 1
2.88362e-005 -14 7 -2
0.000568303 -13 8 -1
0.00297549 -12 9 0
0.000836101 -13 8 1
0.000125211 -14 7 2
0.000322268 -13 8 -2
0.00440446 -11 10 0
0.0033272 -12 9 1
0.000848616 -13 8 2
9.9124e-005 -14 7 3
0.000105905 -13 8 -3
0.00128485 -12 9 -2
0.00190305 -10 11 0
0.0053083 -11 10 1
0.00339309 -12 9 2
0.000759783 -13 8 3
0.00294267 -11 10 -1
5.12736e-005 -14 7 4
0.000404529 -12 9 -3
0.000125145 -9 12 0
0.0014582 -11 10 -2
0.00102106 -10 11 -1
0.00551221 -11 10 2
0.00312165 -12 9 3
0.000465634 -13 8 4
0.000365084 -11 10 -3
0.000283497 -9 12 1
0.000370876 -10 11 -2
2.87396e-005 -9 12 -1
0.00318028 -10 11 2
0.00197895 -12 9 4
0.000189023 -13 8 5
0.000434481 -9 12 2
3.86175e-005 -10 11 -3
0.00522083 -11 10 3
0.00275617 -10 11 1
0.00223061 -12 9 -1
0.000112199 -14 7 0
0.00336974 -11 10 4
0.000867979 -12 9 5
0.000491844 -9 12 3
4.39343e-005 -13 8 6
0.0014818 -11 10 5
0.000236347 -12 9 6
0.00105081 -10 11 5
0.000423069 -11 10 6
0.000456544 -9 12 4
4.84198e-005 -12 9 7
0.000222679 -9 12 5
0.000288423 -10 11 6
9.61986e-005 -11 10 7
5.38013e-005 -9 12 6
6.48298e-005 -10 11 7
0.000107716 -14 8 0
8.67682e-005 -14 8 -1
0.00057971 -13 9 0
0.00011483 -14 8 1
4.5121e-005 -14 8 -2
0.00186008 -12 10 0
0.000630024 -13 9 1
0.000462657 -13 9 -1
0.000305427 -13 9 -2
0.00178225 -11 11 0
0.00207223 -12 10 1
0.000639539 -13 9 2
0.00140696 -12 10 -1
9.25491e-005 -14 8 3
0.000147599 -13 9 -3
0.00021529 -10 12 0
0.000848852 -12 10 -2
0.00102581 -11 11 -1
0.00211344 -12 10 2
0.000553515 -13 9 3
4.70989e-005 -14 8 4
0.00237889 -11 11 1
2.17637e-005 -13 9 -4
0.000327597 -12 10 -3
0.000415359 -11 11 -2
0.00039098 -10 12 1
7.68501e-005 -10 12 -1
0.00254766 -11 11 2
0.000320002 -13 9 4
0.0018429 -12 10 3
2.5259e-005 -12 10 -4
0.00052897 -10 12 2
6.71742e-005 -11 11 -3
0.000115086 -14 8 2
0.00104574 -12 10 4
0.000120691 -13 9 5
0.00056921 -10 12 3
0.000395748 -12 10 5
0.00147178 -11 11 4
0.000476418 -10 12 4
0.000544784 -11 11 5
9.76939e-005 -12 10 6
0.00018828 -10 12 5
0.000132079 -11 11 6
2.04391e-005 -12 10 7
3.72203e-005 -10 12 6
2.76598e-005 -11 11 7
7.97884e-005 -14 9 0
0.000339077 -13 10 0
6.83052e-005 -14 9 -1
8.51938e-005 -14 9 1
4.01601e-005 -14 9 -2
0.000820081 -12 11 0
0.000370907 -13 10 1
8.53973e-005 -14 9 2
0.000194231 -13 10 -2
0.000233217 -11 12 0
0.000570268 -12 11 -1
0.000376058 -13 10 2
6.70408e-005 -14 9 3
0.000944691 -12 11 1
0.000114229 -13 10 -3
0.000299289 -12 11 -2
0.000392317 -11 12 1
0.000299056 -13 10 3
3.20728e-005 -14 9 4
0.000966344 -12 11 2
2.83169e-005 -13 10 -4
8.21827e-005 -12 11 -3
2.39596e-005 -11 12 -2
0.000482465 -11 12 2
0.000155387 -13 10 4
0.000781642 -12 11 3
0.000481243 -11 12 3
5.116e-005 -13 10 5
0.000376034 -12 11 4
0.000111025 -12 11 5
0.000274503 -11 12 4
9.66721e-005 -11 12 -1
0.000275339 -13 10 -1
6.68178e-005 -11 12 5
2.38362e-005 -12 11 6
3.89863e-005 -14 10 0
0.000148828 -13 11 0
4.80968e-005 -14 10 1
3.00113e-005 -14 10 -1
2.11338e-005 -14 10 -2
0.000151925 -12 12 0
0.000161163 -13 11 1
4.80176e-005 -14 10 2
0.000118126 -13 11 -1
7.89913e-005 -13 11 -2
8.23926e-005 -12 12 -1
0.000202331 -12 12 1
3.44607e-005 -14 10 3
0.000160582 -13 11 2
4.23653e-005 -13 11 -3
0.000212055 -12 12 2
0.00011163 -13 11 3
0.000157244 -12 12 3
5.08949e-005 -12 12 4
4.85953e-005 -13 11 4
2.74631e-005 -12 12 -2
2.91474e-005 -13 12 0
3.68435e-005 -13 12 1
3.53371e-005 -13 12 2
2.69985e-005 -13 9 6
0.00242803 -11 11 3
0.00234975 -10 11 4
0.00321575 -10 11 3
0.000384448 -12 8 6
0.00682425 -10 10 3
0.00165413 -8 11 2
0.00375059 -11 7 5
0.000128778 -13 5 0
0.000244301 -12 5 5
