0.000583347 0 0 -52
3.52518e-005 0 1 -50
0.00144265 0 0 -53
0.000271093 0 1 -51
0.00242626 0 0 -54
0.00114579 0 1 -52
0.00286877 0 0 -55
0.00276235 0 1 -53
0.0028317 0 0 -56
0.00455131 0 1 -54
0.00252148 0 0 -57
0.00527373 0 1 -55
9.4725e-005 -1 -2 -51
0.00171473 0 0 -58
0.000155584 -1 -1 -56
0.00518891 0 1 -56
0.000460349 -1 -2 -52
8.20155e-005 0 2 -51
0.000166282 -1 -1 -55
0.000162879 -1 -1 -54
0.000110844 -1 -1 -53
4.63416e-005 -1 -1 -52
0.000135213 0 0 -51
0.000736432 0 0 -59
0.000117318 -1 -1 -57
0.000426192 0 2 -52
0.00457203 0 1 -57
8.33508e-005 0 0 -60
6.05166e-005 -1 -1 -58
0.00105039 0 2 -53
0.00107592 -1 -2 -53
0.00305041 0 1 -58
0.00171139 0 2 -54
0.00158877 -1 -2 -54
0.00125633 0 1 -59
0.00193561 0 2 -55
0.000120338 0 1 -60
0.00154927 -1 -2 -56
0.00189709 0 2 -56
2.081e-005 -1 -3 -50
0.00120115 -1 -2 -57
0.00164412 0 2 -57
0.00017956 -1 -3 -51
0.000666753 -1 -2 -58
0.0010641 0 2 -58
3.63657e-005 -2 -2 -53
0.000775362 -1 -3 -52
0.000185204 -1 -2 -59
0.00040968 0 2 -59
5.36234e-005 -2 -2 -54
0.00183093 -1 -3 -53
2.92891e-005 0 2 -60
5.48293e-005 -2 -2 -55
0.00289119 -1 -3 -54
0.000483097 1 2 -55
5.16298e-005 -2 -2 -56
0.00316345 -1 -3 -55
0.000469063 1 2 -56
3.98829e-005 -2 -2 -57
0.00307188 -1 -3 -56
0.00039557 1 2 -57
0.00256478 -1 -3 -57
0.000251803 1 2 -58
6.34751e-005 0 3 -57
0.00156595 -1 -3 -58
9.5791e-005 1 2 -59
4.14278e-005 0 3 -58
2.89312e-005 -2 -3 -51
0.000528271 -1 -3 -59
4.93758e-005 1 3 -51
0.000120285 -2 -3 -52
0.000256707 1 3 -52
0.000148985 -1 -4 -51
7.28356e-005 0 3 -56
7.37411e-005 0 3 -55
4.70314e-005 0 3 -54
0.000449666 1 2 -54
0.0002941 1 2 -53
0.00013181 1 2 -52
3.30334e-005 1 2 -51
0.00163529 -1 -2 -55
0.00027522 -2 -3 -53
0.000653969 1 3 -53
0.000641493 -1 -4 -52
0.000414327 -2 -3 -54
0.00108545 1 3 -54
0.00153645 -1 -4 -53
0.000432568 -2 -3 -55
0.00120416 1 3 -55
0.000411896 -2 -3 -56
0.00116857 1 3 -56
0.000323618 -2 -3 -57
0.000971138 1 3 -57
0.000180981 -2 -3 -58
0.00058861 1 3 -58
5.71456e-005 -2 -3 -59
0.000195896 1 3 -59
2.84794e-005 -1 -4 -60
2.45431e-005 2 3 -52
8.32277e-005 1 4 -51
0.000324127 -2 -4 -52
6.13807e-005 2 3 -53
0.000387094 1 4 -52
0.000747791 -2 -4 -53
9.73671e-005 2 3 -54
0.001164 -2 -4 -54
0.000548292 -1 -5 -53
0.000103854 2 3 -55
0.00125432 -2 -4 -55
0.000967 -1 -5 -54
9.95742e-005 2 3 -56
8.02199e-005 2 3 -57
0.0012667 1 4 -56
0.00121277 -2 -4 -56
0.00123923 -1 -5 -55
4.63602e-005 2 3 -58
0.00102828 1 4 -57
0.00100455 -2 -4 -57
0.000605607 1 4 -58
0.000614918 -2 -4 -58
0.000191952 1 4 -59
0.000213814 -2 -4 -59
0.000346025 -1 -5 -59
0.00013647 2 4 -52
0.000303448 2 4 -53
2.77822e-005 -3 -4 -54
0.000439687 2 4 -54
2.82325e-005 -3 -4 -55
0.000452192 2 4 -55
2.67259e-005 -3 -4 -56
0.000429929 2 4 -56
0.00116728 1 5 -55
0.000338875 2 4 -57
0.00112384 1 5 -56
0.00019238 2 4 -58
0.000908559 1 5 -57
5.62985e-005 2 4 -59
0.000527187 1 5 -58
0.000154952 1 5 -59
2.05479e-005 -1 -6 -60
7.4197e-005 -1 -6 -59
0.000318502 -2 -5 -59
0.000123041 -1 -6 -58
0.000903797 -2 -5 -58
0.000138291 -1 -6 -57
0.00147073 -2 -5 -57
0.000132215 -1 -6 -56
0.00174009 -2 -5 -56
0.000101597 -1 -6 -55
0.00178483 -2 -5 -55
5.5692e-005 -1 -6 -54
0.00112189 1 5 -54
0.00160359 -2 -5 -54
0.000780446 1 5 -53
0.00102155 -2 -5 -53
0.00036276 1 5 -52
0.000449215 -2 -5 -52
8.17791e-005 1 5 -51
0.000108487 -2 -5 -51
2.92716e-005 2 4 -51
3.63889e-005 -1 -5 -60
0.00080577 -1 -5 -58
0.00114673 -1 -5 -57
0.00124733 -1 -5 -56
0.00131486 1 4 -55
0.00126111 1 4 -54
0.000863134 1 4 -53
0.000211481 -1 -5 -52
4.56773e-005 -1 -5 -51
7.82242e-005 -2 -4 -51
0.000535207 -1 -4 -59
0.00148316 -1 -4 -58
0.00235989 -1 -4 -57
0.00275911 -1 -4 -56
0.00282179 -1 -4 -55
0.00249049 -1 -4 -54
6.51017e-005 -3 -5 -52
0.000304482 2 5 -52
0.000143168 -3 -5 -53
0.000216922 -3 -5 -54
0.000907743 2 5 -54
0.000230368 -3 -5 -55
0.000926854 2 5 -55
0.000221374 -3 -5 -56
0.00088168 2 5 -56
0.000179588 -3 -5 -57
0.000693482 2 5 -57
0.000108584 -3 -5 -58
0.0003923 2 5 -58
3.33139e-005 -3 -5 -59
0.000112623 2 5 -59
7.06679e-005 1 6 -59
0.000270818 -2 -6 -59
0.000248595 1 6 -58
0.00076812 -2 -6 -58
0.000427727 1 6 -57
0.0012395 -2 -6 -57
0.000517393 1 6 -56
0.00146076 -2 -6 -56
0.000531678 1 6 -55
0.00149217 -2 -6 -55
0.000495819 1 6 -54
0.00134077 -2 -6 -54
0.000334191 1 6 -53
0.00086501 -2 -6 -53
0.000647444 2 5 -53
0.00015435 1 6 -52
0.000388906 -2 -6 -52
3.5307e-005 1 6 -51
9.14827e-005 -2 -6 -51
6.92816e-005 2 5 -51
3.04014e-005 3 5 -52
0.000168395 -3 -6 -52
6.06822e-005 3 5 -53
0.000567172 2 6 -52
0.000359207 -3 -6 -53
7.70856e-005 3 5 -54
0.00109858 2 6 -53
0.000528861 -3 -6 -54
7.60122e-005 3 5 -55
0.00143705 2 6 -54
0.000555938 -3 -6 -55
6.82679e-005 3 5 -56
0.000533432 -3 -6 -56
4.96728e-005 3 5 -57
0.000429719 -3 -6 -57
2.45249e-005 3 5 -58
0.00100995 2 6 -57
0.00025343 -3 -6 -58
0.00052672 2 6 -58
8.28713e-005 -3 -6 -59
0.00011712 2 6 -59
0.000155455 -2 -7 -59
4.41232e-005 1 7 -58
0.000492751 -2 -7 -58
8.01715e-005 1 7 -57
0.00083818 -2 -7 -57
9.32072e-005 1 7 -56
0.00102495 -2 -7 -56
0.00134751 2 6 -56
9.42466e-005 1 7 -55
0.00105811 -2 -7 -55
0.00144408 2 6 -55
8.00658e-005 1 7 -54
0.000987601 -2 -7 -54
4.87894e-005 1 7 -53
0.000660978 -2 -7 -53
0.000308504 -2 -7 -52
7.30001e-005 -2 -7 -51
0.000161544 2 6 -51
4.20277e-005 -3 -6 -51
4.73033e-005 3 6 -51
2.25497e-005 2 7 -50
0.000165444 3 6 -52
0.000169168 2 7 -51
0.000313439 3 6 -53
0.000549879 2 7 -52
0.000387724 3 6 -54
0.00104013 2 7 -53
0.000382195 3 6 -55
0.00133919 2 7 -54
0.000785887 -3 -7 -54
0.000343272 3 6 -56
0.00134358 2 7 -55
0.000245664 3 6 -57
0.0012476 2 7 -56
0.000119432 3 6 -58
0.00092025 2 7 -57
2.45301e-005 3 6 -59
0.000459613 2 7 -58
8.91824e-005 2 7 -59
6.3531e-005 -2 -8 -59
9.61204e-005 -3 -7 -59
0.000242418 -2 -8 -58
0.000352475 -3 -7 -58
0.00043713 -2 -8 -57
0.000613574 -3 -7 -57
0.000544626 -2 -8 -56
0.000776932 -3 -7 -56
0.00056295 -2 -8 -55
0.000813797 -3 -7 -55
0.000527708 -2 -8 -54
0.000353898 -2 -8 -53
0.000549476 -3 -7 -53
0.000160572 -2 -8 -52
0.000263898 -3 -7 -52
3.51254e-005 -2 -8 -51
6.56156e-005 -3 -7 -51
0.000124257 3 7 -51
3.34326e-005 -4 -7 -52
0.000377967 3 7 -52
0.00013235 2 8 -51
6.15794e-005 -4 -7 -53
0.000674286 3 7 -53
0.000403145 2 8 -52
7.43726e-005 -4 -7 -54
0.000804925 3 7 -54
0.000730598 2 8 -53
7.22573e-005 -4 -7 -55
0.000792034 3 7 -55
0.000916873 2 8 -54
6.38228e-005 -4 -7 -56
0.000709045 3 7 -56
0.000917543 2 8 -55
4.65989e-005 -4 -7 -57
0.000503964 3 7 -57
0.000848473 2 8 -56
2.34952e-005 -4 -7 -58
0.000244201 3 7 -58
4.34741e-005 3 7 -59
5.06848e-005 2 8 -59
7.47985e-005 -3 -8 -59
8.11184e-005 -2 -9 -58
0.000306203 2 8 -58
0.000348753 -3 -8 -58
0.000154229 -2 -9 -57
0.000625199 2 8 -57
0.000705938 -3 -8 -57
0.000192013 -2 -9 -56
0.000975658 -3 -8 -56
0.000197853 -2 -9 -55
0.00106314 -3 -8 -55
0.000181732 -2 -9 -54
0.00106258 -3 -8 -54
0.00012017 -2 -9 -53
0.000830867 -3 -8 -53
5.25514e-005 -2 -9 -52
0.000439241 -3 -8 -52
0.000123325 -3 -8 -51
4.4234e-005 -4 -8 -51
2.86364e-005 4 7 -52
0.000145497 -4 -8 -52
4.65922e-005 4 7 -53
0.000624021 3 8 -52
0.000256491 -4 -8 -53
4.8891e-005 4 7 -54
0.001096 3 8 -53
0.000297995 -4 -8 -54
4.6425e-005 4 7 -55
0.00130499 3 8 -54
0.000289824 -4 -8 -55
3.79821e-005 4 7 -56
0.00128643 3 8 -55
0.00025162 -4 -8 -56
2.38525e-005 4 7 -57
0.00113248 3 8 -56
0.000173863 -4 -8 -57
0.000740151 3 8 -57
7.98909e-005 -4 -8 -58
0.000304832 3 8 -58
3.64211e-005 3 8 -59
2.12129e-005 2 9 -59
4.50966e-005 -3 -9 -59
0.000137718 2 9 -58
0.000298782 -3 -9 -58
2.06993e-005 -2 -10 -57
0.000282133 2 9 -57
0.000658185 -3 -9 -57
3.0571e-005 -2 -10 -56
0.000371677 2 9 -56
0.00093306 -3 -9 -56
3.08521e-005 -2 -10 -55
0.000391029 2 9 -55
0.00102932 -3 -9 -55
2.27418e-005 -2 -10 -54
0.00038382 2 9 -54
0.00103357 -3 -9 -54
0.000301137 2 9 -53
0.000832017 -3 -9 -53
0.000171578 2 9 -52
0.000469142 -3 -9 -52
5.86906e-005 2 9 -51
0.000157243 -3 -9 -51
0.00021732 3 8 -51
3.17982e-005 3 8 -50
5.40223e-005 4 8 -51
0.000112063 -4 -9 -51
0.000156221 4 8 -52
0.000316617 -4 -9 -52
0.000264757 4 8 -53
0.000818213 3 9 -52
0.000528112 -4 -9 -53
0.000290968 4 8 -54
0.00129433 3 9 -53
0.000594173 -4 -9 -54
0.000280634 4 8 -55
0.00140076 3 9 -54
0.000578922 -4 -9 -55
0.000234155 4 8 -56
0.00135892 3 9 -55
0.000495153 -4 -9 -56
0.000145303 4 8 -57
0.00114091 3 9 -56
0.000324967 -4 -9 -57
5.59891e-005 4 8 -58
0.000137062 -4 -9 -58
2.35877e-005 -3 -10 -59
2.46822e-005 3 9 -59
3.06564e-005 2 10 -58
0.000209832 -3 -10 -58
0.000285157 3 9 -58
7.68366e-005 2 10 -57
0.000508683 -3 -10 -57
0.000728238 3 9 -57
0.000100122 2 10 -56
0.000759349 -3 -10 -56
0.000103497 2 10 -55
0.000837779 -3 -10 -55
9.86662e-005 2 10 -54
0.000833019 -3 -10 -54
7.56544e-005 2 10 -53
0.00067638 -3 -10 -53
4.32597e-005 2 10 -52
0.000387647 -3 -10 -52
0.000132631 -3 -10 -51
0.000329181 3 9 -51
5.70781e-005 3 9 -50
0.000179983 4 9 -51
6.10099e-005 3 10 -50
2.85085e-005 -5 -9 -52
0.000435606 4 9 -52
0.000324626 3 10 -51
4.0893e-005 -5 -9 -53
0.000658999 4 9 -53
0.000766537 3 10 -52
3.99523e-005 -5 -9 -54
0.000686884 4 9 -54
0.00116644 3 10 -53
3.5734e-005 -5 -9 -55
0.000654147 4 9 -55
0.00124761 3 10 -54
2.63005e-005 -5 -9 -56
0.000522808 4 9 -56
0.00120896 3 10 -55
0.000313771 4 9 -57
0.00100293 3 10 -56
0.000111535 4 9 -58
0.000611817 3 10 -57
0.00020834 3 10 -58
0.00011661 -3 -11 -58
0.000161348 -4 -10 -58
0.000300484 -3 -11 -57
0.000447524 -4 -10 -57
0.000444188 -3 -11 -56
0.000701735 -4 -10 -56
0.000478175 -3 -11 -55
0.000855521 -4 -10 -55
0.000470002 -3 -11 -54
0.000902294 -4 -10 -54
0.00037131 -3 -11 -53
0.000856195 -4 -10 -53
0.000210305 -3 -11 -52
0.000532405 -4 -10 -52
7.10057e-005 -3 -11 -51
0.000195689 -4 -10 -51
2.91565e-005 -4 -10 -50
3.14397e-005 4 9 -50
5.49717e-005 -5 -10 -51
2.42182e-005 5 9 -52
0.000313574 4 10 -51
0.000144163 -5 -10 -52
3.24524e-005 5 9 -53
0.000697589 4 10 -52
0.000215833 -5 -10 -53
3.19659e-005 5 9 -54
0.00100766 4 10 -53
0.000217323 -5 -10 -54
2.88195e-005 5 9 -55
0.001038 4 10 -54
0.000198607 -5 -10 -55
0.000988693 4 10 -55
0.000143595 -5 -10 -56
0.000791962 4 10 -56
0.000768421 3 11 -55
7.53971e-005 -5 -10 -57
0.00047471 4 10 -57
0.000626477 3 11 -56
0.000140034 4 10 -58
0.000366229 3 11 -57
0.000112354 3 11 -58
4.3924e-005 -3 -12 -58
0.000143887 -4 -11 -58
0.000120992 -3 -12 -57
0.000455505 -4 -11 -57
0.000171487 -3 -12 -56
0.000799218 -4 -11 -56
0.000182232 -3 -12 -55
0.00101654 -4 -11 -55
0.000177132 -3 -12 -54
0.000792813 3 11 -54
0.00107027 -4 -11 -54
0.000137571 -3 -12 -53
0.000750312 3 11 -53
0.00101732 -4 -11 -53
7.71378e-005 -3 -12 -52
0.000518628 3 11 -52
0.00068082 -4 -11 -52
2.413e-005 -3 -12 -51
0.000236543 3 11 -51
0.000285487 -4 -11 -51
4.78232e-005 3 11 -50
4.95436e-005 -4 -11 -50
6.54696e-005 4 10 -50
6.63825e-005 5 10 -51
0.000157028 -5 -11 -51
0.000137923 5 10 -52
0.000499297 4 11 -51
0.000355377 -5 -11 -52
0.000173096 5 10 -53
0.00102157 4 11 -52
0.000495588 -5 -11 -53
0.000168073 5 10 -54
0.0013373 4 11 -53
0.000497814 -5 -11 -54
0.000149067 5 10 -55
2.32208e-005 -3 -13 -53
0.00134201 4 11 -54
0.00045174 -5 -11 -55
0.00010766 5 10 -56
3.43013e-005 -3 -13 -54
0.00124564 4 11 -55
0.000324287 -5 -11 -56
5.86047e-005 5 10 -57
0.000928189 4 11 -56
0.000169248 -5 -11 -57
0.000479351 4 11 -57
4.38255e-005 -5 -11 -58
0.000116415 4 11 -58
3.78441e-005 3 12 -58
0.000105412 -4 -12 -58
2.08101e-005 -3 -13 -57
0.00015534 3 12 -57
0.000407754 -4 -12 -57
3.57405e-005 -3 -13 -56
0.000272435 3 12 -56
0.000737345 -4 -12 -56
3.95351e-005 -3 -13 -55
0.000330078 3 12 -55
0.000942307 -4 -12 -55
0.000336468 3 12 -54
0.000989786 -4 -12 -54
0.000316497 3 12 -53
0.000938105 -4 -12 -53
0.000225488 3 12 -52
0.000639223 -4 -12 -52
0.000108896 3 12 -51
0.000279269 -4 -12 -51
2.39803e-005 3 12 -50
5.19528e-005 -4 -12 -50
0.000122344 4 11 -50
2.88602e-005 -5 -11 -50
5.93297e-005 5 11 -50
0.000227388 5 11 -51
2.10835e-005 -6 -11 -52
0.000429122 5 11 -52
0.000598162 4 12 -51
2.33481e-005 -6 -11 -53
0.000545693 -5 -12 -52
0.000512105 5 11 -53
0.00103853 4 12 -52
2.18182e-005 -6 -11 -54
0.000749692 -5 -12 -53
0.000499117 5 11 -54
0.00130256 4 12 -53
0.000757863 -5 -12 -54
0.000437102 5 11 -55
0.00130171 4 12 -54
0.000703958 -5 -12 -55
0.00030569 5 11 -56
0.00119413 4 12 -55
0.000535523 -5 -12 -56
0.000152159 5 11 -57
0.000863279 4 12 -56
0.000266381 -5 -12 -57
3.16631e-005 5 11 -58
0.000418332 4 12 -57
5.04336e-005 -5 -12 -58
7.4673e-005 4 12 -58
6.55812e-005 -4 -13 -58
3.51873e-005 3 13 -57
0.000283961 -4 -13 -57
8.10172e-005 3 13 -56
0.000536836 -4 -13 -56
9.93463e-005 3 13 -55
0.000667626 -4 -13 -55
0.000101058 3 13 -54
0.000690363 -4 -13 -54
9.39376e-005 3 13 -53
0.000650495 -4 -13 -53
6.77764e-005 3 13 -52
0.000451268 -4 -13 -52
3.26634e-005 3 13 -51
0.00020929 -4 -13 -51
0.000256621 -5 -12 -51
4.21919e-005 -4 -13 -50
0.000205358 4 12 -50
5.40733e-005 -5 -12 -50
2.42408e-005 4 12 -49
0.000162224 5 12 -50
5.58616e-005 -6 -12 -51
0.000457667 5 12 -51
0.000104211 -6 -12 -52
0.000763796 5 12 -52
0.000512799 4 13 -51
0.000115114 -6 -12 -53
0.000874489 5 12 -53
0.000857287 4 13 -52
0.000108553 -6 -12 -54
0.000855752 5 12 -54
9.04554e-005 -6 -12 -55
0.000751028 5 12 -55
6.39248e-005 -6 -12 -56
0.000528672 5 12 -56
2.81819e-005 -6 -12 -57
0.000238965 5 12 -57
0.000665986 4 13 -56
3.16197e-005 5 12 -58
0.000280013 4 13 -57
3.31059e-005 4 13 -58
2.6535e-005 -4 -14 -58
4.37115e-005 -5 -13 -58
0.000147294 -4 -14 -57
0.000259161 -5 -13 -57
0.000282595 -4 -14 -56
0.000562457 -5 -13 -56
0.000343938 -4 -14 -55
0.000975294 4 13 -55
0.000849651 -5 -13 -55
0.00035033 -4 -14 -54
0.00106229 4 13 -54
0.000945998 -5 -13 -54
0.000322668 -4 -14 -53
0.00105331 4 13 -53
0.000946912 -5 -13 -53
0.00021799 -4 -14 -52
0.000736367 -5 -13 -52
0.000101025 -4 -14 -51
0.000372762 -5 -13 -51
2.24097e-005 -4 -14 -50
0.000192051 4 13 -50
9.0434e-005 -5 -13 -50
2.91469e-005 4 13 -49
2.58012e-005 6 12 -50
6.32832e-005 6 12 -51
0.000286206 5 13 -50
0.000167893 -6 -13 -51
9.38002e-005 6 12 -52
0.000693938 5 13 -51
0.000296071 -6 -13 -52
9.38928e-005 6 12 -53
0.00109988 5 13 -52
3.63547e-005 -4 -15 -51
0.000337946 -6 -13 -53
8.66384e-005 6 12 -54
0.00119022 5 13 -53
0.000325533 -6 -13 -54
6.95073e-005 6 12 -55
0.00115286 5 13 -54
0.00027217 -6 -13 -55
4.8278e-005 6 12 -56
0.000957216 5 13 -55
0.000174647 -6 -13 -56
0.000601193 5 13 -56
6.71539e-005 -6 -13 -57
0.00023106 5 13 -57
2.11722e-005 5 13 -58
2.6165e-005 -5 -14 -58
4.14925e-005 -4 -15 -57
0.000136863 4 14 -57
0.000221935 -5 -14 -57
9.80597e-005 -4 -15 -56
0.0003734 4 14 -56
0.00052989 -5 -14 -56
0.000122514 -4 -15 -55
0.000575735 4 14 -55
0.000807752 -5 -14 -55
0.000124509 -4 -15 -54
0.00062815 4 14 -54
0.000912804 -5 -14 -54
0.000112096 -4 -15 -53
0.000612551 4 14 -53
0.000916995 -5 -14 -53
7.62474e-005 -4 -15 -52
0.000502527 4 14 -52
0.000735871 -5 -14 -52
0.000310298 4 14 -51
0.000427092 -5 -14 -51
0.000124367 4 14 -50
0.000141516 -5 -14 -50
2.22662e-005 4 14 -49
4.65872e-005 -6 -13 -50
4.95447e-005 5 13 -49
0.00010475 6 13 -50
0.000243133 6 13 -51
0.000456784 5 14 -50
0.000314189 -6 -14 -51
0.000359469 6 13 -52
0.000925658 5 14 -51
0.000510929 -6 -14 -52
0.000365386 6 13 -53
0.00125889 5 14 -52
0.000573202 -6 -14 -53
0.000340842 6 13 -54
0.00128731 5 14 -53
0.000553252 -6 -14 -54
2.11928e-005 -4 -16 -53
0.000264883 6 13 -55
0.000460509 -6 -14 -55
0.000149799 6 13 -56
2.51605e-005 -4 -16 -54
0.000295283 -6 -14 -56
4.59827e-005 6 13 -57
0.000102181 -6 -14 -57
0.000182053 5 14 -57
3.89722e-005 4 15 -57
0.000146526 -5 -15 -57
0.000149869 4 15 -56
0.000412611 -5 -15 -56
0.000565297 5 14 -56
0.000236246 4 15 -55
0.000658696 -5 -15 -55
0.0009488 5 14 -55
0.000254807 4 15 -54
0.000768882 -5 -15 -54
0.00119972 5 14 -54
0.000248515 4 15 -53
0.000778695 -5 -15 -53
0.000207462 4 15 -52
0.000644182 -5 -15 -52
0.000136327 4 15 -51
0.000374526 -5 -15 -51
6.06668e-005 4 15 -50
0.00013814 -5 -15 -50
0.000112033 -6 -14 -50
0.000103101 5 14 -49
0.00029287 6 14 -50
4.36225e-005 -7 -14 -51
0.000562518 6 14 -51
5.92057e-005 -7 -14 -52
2.05939e-005 4 16 -50
0.000721726 6 14 -52
0.000905635 5 15 -51
5.70136e-005 -7 -14 -53
4.55148e-005 4 16 -51
0.000713242 6 14 -53
0.00117345 5 15 -52
5.13712e-005 -7 -14 -54
0.000635448 6 14 -54
0.00119209 5 15 -53
6.40565e-005 4 16 -52
4.16826e-005 -7 -14 -55
0.000474995 6 14 -55
0.00110849 5 15 -54
2.30356e-005 -7 -14 -56
0.000267252 6 14 -56
0.000838944 5 15 -55
6.75036e-005 6 14 -57
0.000444566 5 15 -56
0.000103246 5 15 -57
7.7168e-005 -5 -16 -57
2.86598e-005 4 16 -56
9.53307e-005 -6 -15 -57
0.000242814 -5 -16 -56
6.70332e-005 4 16 -55
0.000317794 -6 -15 -56
0.000401203 -5 -16 -55
7.55284e-005 4 16 -54
0.000568262 -6 -15 -55
0.000485475 -5 -16 -54
7.47323e-005 4 16 -53
0.000710633 -6 -15 -54
0.000493777 -5 -16 -53
0.000736042 -6 -15 -53
0.000415983 -5 -16 -52
0.000678029 -6 -15 -52
0.000250037 -5 -16 -51
0.000458067 -6 -15 -51
9.92851e-005 -5 -16 -50
0.000497074 5 15 -50
0.000194712 -6 -15 -50
0.000162395 5 15 -49
2.69783e-005 -6 -15 -49
7.18423e-005 6 14 -49
3.36858e-005 7 14 -50
0.00017013 6 15 -49
7.45938e-005 -7 -15 -50
5.65065e-005 7 14 -51
0.000483728 6 15 -50
0.000147541 5 16 -49
0.000160889 -7 -15 -51
6.08262e-005 7 14 -52
0.000838116 6 15 -51
0.000216812 -7 -15 -52
5.69415e-005 7 14 -53
0.00100757 6 15 -52
0.000212711 -7 -15 -53
4.49614e-005 7 14 -54
0.000994581 6 15 -53
0.000190255 -7 -15 -54
2.90448e-005 7 14 -55
0.000915694 6 15 -54
0.000132464 -7 -15 -55
0.000652841 6 15 -55
5.95841e-005 -7 -15 -56
0.000300827 6 15 -56
5.58965e-005 6 15 -57
2.07057e-005 -5 -17 -57
3.87353e-005 5 16 -57
6.7276e-005 -6 -16 -57
0.00010196 -5 -17 -56
0.000267949 5 16 -56
0.000282973 -6 -16 -56
0.00018623 -5 -17 -55
0.00058541 5 16 -55
0.000544751 -6 -16 -55
0.00022496 -5 -17 -54
0.000805047 5 16 -54
0.000710331 -6 -16 -54
0.000224912 -5 -17 -53
0.000861559 5 16 -53
0.000764428 -6 -16 -53
0.000187692 -5 -17 -52
0.000856562 5 16 -52
0.000758944 -6 -16 -52
0.000121331 -5 -17 -51
0.000710963 5 16 -51
0.000589435 -6 -16 -51
5.31964e-005 -5 -17 -50
0.000419633 5 16 -50
0.000293742 -6 -16 -50
6.12043e-005 -6 -16 -49
5.56538e-005 7 15 -49
0.00015154 7 15 -50
0.000305648 6 16 -49
0.00023532 7 15 -51
0.000726652 6 16 -50
0.000346308 -7 -16 -51
0.000242152 7 15 -52
2.20264e-005 -5 -18 -50
0.00114839 6 16 -51
0.000410752 -7 -16 -52
0.000225973 7 15 -53
4.63758e-005 -5 -18 -51
0.00124495 6 16 -52
0.000394672 -7 -16 -53
0.00018601 7 15 -54
6.41565e-005 -5 -18 -52
0.000343792 -7 -16 -54
0.000110618 7 15 -55
0.000239612 -7 -16 -55
4.38485e-005 7 15 -56
0.000624897 6 16 -55
0.000111882 -7 -16 -56
0.000258662 6 16 -56
2.98185e-005 6 16 -57
3.26497e-005 -6 -17 -57
0.000113638 5 17 -56
0.000204743 -6 -17 -56
5.53598e-005 -5 -18 -55
0.000294351 5 17 -55
0.000451256 -6 -17 -55
7.52204e-005 -5 -18 -54
0.000431373 5 17 -54
0.00064161 -6 -17 -54
7.52321e-005 -5 -18 -53
0.000973551 6 16 -54
0.000469933 5 17 -53
0.000712684 -6 -17 -53
0.00120046 6 16 -53
0.000468477 5 17 -52
0.000713926 -6 -17 -52
0.000403137 5 17 -51
0.000579444 -6 -17 -51
0.000247565 5 17 -50
0.000331191 -6 -17 -50
9.30826e-005 5 17 -49
0.000189317 -7 -16 -50
9.99001e-005 -6 -17 -49
4.54868e-005 -7 -16 -49
5.17339e-005 6 16 -48
0.000179903 7 16 -49
2.25373e-005 -8 -16 -50
0.000398362 7 16 -50
0.000469894 6 17 -49
3.35871e-005 -8 -16 -51
0.000555464 7 16 -51
0.000888148 6 17 -50
4.59245e-005 5 18 -49
3.27285e-005 -8 -16 -52
0.000558315 7 16 -52
0.00116272 6 17 -51
2.78897e-005 -8 -16 -53
0.000511632 7 16 -53
0.00121615 6 17 -52
0.000395594 7 16 -54
0.00115914 6 17 -53
0.000235866 7 16 -55
0.000912482 6 17 -54
0.000302765 -7 -17 -55
8.28387e-005 7 16 -56
0.000112568 -7 -17 -56
0.000112525 -6 -18 -56
0.000174172 6 17 -56
9.87856e-005 5 18 -55
0.000304878 -6 -18 -55
0.000529153 6 17 -55
0.000162662 5 18 -54
0.00048451 -6 -18 -54
0.000185401 5 18 -53
0.000485336 -7 -17 -54
0.000552685 -6 -18 -53
0.000185912 5 18 -52
0.000571236 -7 -17 -53
0.000541963 -6 -18 -52
0.000165252 5 18 -51
0.000569854 -7 -17 -52
0.000465271 -6 -18 -51
0.000109378 5 18 -50
0.000504999 -7 -17 -51
0.000287325 -6 -18 -50
0.000306056 -7 -17 -50
9.48861e-005 -6 -18 -49
9.88577e-005 -7 -17 -49
0.000127133 6 17 -48
3.14059e-005 7 16 -48
0.000111218 7 17 -48
3.46901e-005 8 16 -50
0.000386569 7 17 -49
9.25959e-005 -8 -17 -50
3.4522e-005 8 16 -51
0.000700299 7 17 -50
0.00012904 -8 -17 -51
2.78916e-005 8 16 -52
0.000875956 7 17 -51
3.50561e-005 5 19 -50
0.000122182 -8 -17 -52
0.000874511 7 17 -52
0.000113403 -8 -17 -53
5.07873e-005 5 19 -51
0.000811758 7 17 -53
7.56228e-005 -8 -17 -54
5.53076e-005 5 19 -52
0.000614654 7 17 -54
4.38416e-005 -8 -17 -55
5.30336e-005 5 19 -53
0.000315953 7 17 -55
3.19469e-005 5 19 -54
7.91422e-005 7 17 -56
4.29369e-005 -6 -19 -56
7.79383e-005 6 18 -56
9.02902e-005 -7 -18 -56
0.000157896 -6 -19 -55
0.00036604 6 18 -55
0.000276925 -7 -18 -55
0.000277364 -6 -19 -54
0.000726944 6 18 -54
0.000472259 -7 -18 -54
0.000331101 -6 -19 -53
0.000987462 6 18 -53
0.000606634 -7 -18 -53
0.000325613 -6 -19 -52
0.0010629 6 18 -52
0.000677215 -7 -18 -52
0.000288225 -6 -19 -51
0.00103056 6 18 -51
0.000653567 -7 -18 -51
0.000191544 -6 -19 -50
0.00078761 6 18 -50
0.000441639 -7 -18 -50
6.75302e-005 -6 -19 -49
0.00044725 6 18 -49
0.000177845 -7 -18 -49
0.000152178 6 18 -48
3.45719e-005 -8 -17 -49
2.99019e-005 8 17 -48
9.35823e-005 8 17 -49
0.000240579 7 18 -48
0.000144323 8 17 -50
0.000618371 7 18 -49
0.000148868 8 17 -51
3.74485e-005 -6 -20 -49
0.000996704 7 18 -50
0.000293189 -8 -18 -51
0.000137442 8 17 -52
0.00111618 7 18 -51
0.000546251 6 19 -50
0.000283632 -8 -18 -52
0.00011528 8 17 -53
0.000128392 -6 -20 -51
0.000243661 -8 -18 -53
7.82482e-005 8 17 -54
0.00094109 7 18 -53
0.000167067 -8 -18 -54
3.66659e-005 8 17 -55
0.000625168 7 18 -54
8.92969e-005 -8 -18 -55
0.000294068 7 18 -55
5.10277e-005 7 18 -56
4.75044e-005 -7 -19 -56
4.67706e-005 -6 -20 -55
0.00017993 6 19 -55
0.000215282 -7 -19 -55
0.000116903 -6 -20 -54
0.000423472 6 19 -54
0.000422357 -7 -19 -54
0.000145417 -6 -20 -53
0.000637212 6 19 -53
0.000582965 -7 -19 -53
0.000140965 -6 -20 -52
0.000711563 6 19 -52
0.000660752 -7 -19 -52
0.00108945 7 18 -52
0.000692315 6 19 -51
0.000651616 -7 -19 -51
9.25113e-005 -6 -20 -50
0.000520729 -7 -19 -50
0.000329207 6 19 -49
0.000228963 -8 -18 -50
0.000280438 -7 -19 -49
0.00012931 6 19 -48
0.00010516 -8 -18 -49
5.49517e-005 -7 -19 -48
2.30446e-005 7 18 -47
0.000120602 8 18 -48
0.000289117 8 18 -49
0.000431954 7 19 -48
0.000419466 8 18 -50
0.000858312 7 19 -49
8.24721e-005 6 20 -48
0.000429155 8 18 -51
0.00115278 7 19 -50
3.53201e-005 -6 -21 -50
0.000398629 8 18 -52
0.00119051 7 19 -51
4.44427e-005 -6 -21 -51
0.000303516 8 18 -53
0.00110843 7 19 -52
0.000180845 8 18 -54
4.76484e-005 -6 -21 -52
0.000246325 -8 -19 -54
7.08649e-005 8 18 -55
4.48079e-005 -6 -21 -53
0.0001012 -8 -19 -55
2.3528e-005 -6 -21 -54
4.71985e-005 6 20 -55
0.000129079 -7 -20 -55
0.000212279 7 19 -55
0.000183994 6 20 -54
0.00031893 -7 -20 -54
0.00057094 7 19 -54
0.000306743 6 20 -53
0.000496175 -7 -20 -53
0.000910132 7 19 -53
0.000353682 6 20 -52
0.000374981 -8 -19 -53
0.000587831 -7 -20 -52
0.000338089 6 20 -51
0.00043976 -8 -19 -52
0.000597217 -7 -20 -51
0.000267313 6 20 -50
0.000455196 -8 -19 -51
0.000492383 -7 -20 -50
0.00017179 6 20 -49
0.000391848 -8 -19 -50
0.00027362 -7 -20 -49
0.000223572 -8 -19 -49
8.23805e-005 -7 -20 -48
5.25855e-005 -8 -19 -48
0.000101074 7 19 -47
0.000327889 8 19 -48
4.98583e-005 -9 -19 -49
0.000601164 8 19 -49
4.1317e-005 6 21 -48
7.24407e-005 -9 -19 -50
0.000748233 8 19 -50
6.76642e-005 -9 -19 -51
7.30268e-005 6 21 -49
0.000731628 8 19 -51
6.21691e-005 -9 -19 -52
0.000100655 6 21 -50
0.000655755 8 19 -52
4.9822e-005 -9 -19 -53
0.000125119 6 21 -51
0.000501432 8 19 -53
2.99778e-005 -9 -19 -54
0.000130136 6 21 -52
0.000285873 8 19 -54
7.90328e-005 8 19 -55
5.67767e-005 -7 -21 -55
0.000106402 7 20 -55
4.02635e-005 6 21 -54
8.60139e-005 -8 -20 -55
0.00018988 -7 -21 -54
0.000420077 7 20 -54
0.000104996 6 21 -53
0.000241984 -8 -20 -54
0.000329249 -7 -21 -53
0.000774275 7 20 -53
0.000418622 -8 -20 -53
0.000407307 -7 -21 -52
0.00102511 7 20 -52
0.000541822 -8 -20 -52
0.000421793 -7 -21 -51
0.00111751 7 20 -51
0.000566159 -8 -20 -51
0.000371206 -7 -21 -50
0.00109609 7 20 -50
0.000506054 -8 -20 -50
0.000222079 -7 -21 -49
0.000860084 7 20 -49
0.000345174 -8 -20 -49
7.48531e-005 -7 -21 -48
0.00051904 7 20 -48
0.000130248 -8 -20 -48
0.000186594 7 20 -47
8.24821e-005 8 19 -47
5.97858e-005 9 19 -48
0.000226844 8 20 -47
9.68218e-005 9 19 -49
0.000541978 8 20 -48
0.000154195 -9 -20 -49
9.88255e-005 9 19 -50
5.24236e-005 -7 -22 -48
0.000203027 -9 -20 -50
8.56976e-005 9 19 -51
0.000129018 -7 -22 -49
0.000197337 -9 -20 -51
7.22718e-005 9 19 -52
0.00098417 8 20 -51
0.000171315 -9 -20 -52
4.97527e-005 9 19 -53
0.000862209 8 20 -52
0.000114433 -9 -20 -53
2.01439e-005 6 22 -51
0.000589633 8 20 -53
6.01232e-005 -9 -20 -54
0.000279129 8 20 -54
0.000196097 -8 -21 -54
5.99449e-005 8 20 -55
5.25029e-005 -8 -21 -55
2.49689e-005 7 21 -55
8.23068e-005 -7 -22 -54
0.000230538 7 21 -54
0.000170169 -7 -22 -53
0.000543433 7 21 -53
0.000387049 -8 -21 -53
0.000221431 -7 -22 -52
0.000782183 7 21 -52
0.00053847 -8 -21 -52
0.000232882 -7 -22 -51
0.000859656 7 21 -51
0.000597678 -8 -21 -51
0.000214493 -7 -22 -50
0.000835301 7 21 -50
0.000589544 -8 -21 -50
0.000979975 8 20 -50
0.000711076 7 21 -49
0.000464377 -8 -21 -49
0.000841885 8 20 -49
0.000453912 7 21 -48
0.000226497 -8 -21 -48
0.000183583 7 21 -47
6.76506e-005 -9 -20 -48
2.095e-005 -8 -21 -47
2.75457e-005 7 21 -46
0.000100102 9 20 -47
3.1047e-005 7 22 -46
0.000224843 9 20 -48
0.000408386 8 21 -47
0.000174964 -9 -21 -48
0.000314431 9 20 -49
0.000795938 8 21 -48
0.000133547 7 22 -47
0.000305551 -9 -21 -49
0.000309982 9 20 -50
2.87414e-005 -7 -23 -48
0.00109048 8 21 -49
0.000353374 -9 -21 -50
0.000287839 9 20 -51
6.01867e-005 -7 -23 -49
0.00115244 8 21 -50
0.00033677 -9 -21 -51
0.000219135 9 20 -52
8.97441e-005 -7 -23 -50
0.000285047 -9 -21 -52
0.000127411 9 20 -53
0.000192303 -9 -21 -53
0.000482635 -8 -22 -52
4.72527e-005 9 20 -54
8.21179e-005 -9 -21 -54
0.00030887 -8 -22 -53
0.000213132 8 21 -54
0.000124955 -8 -22 -54
2.1175e-005 8 21 -55
2.06875e-005 -8 -22 -55
2.33366e-005 -7 -23 -54
7.64371e-005 7 22 -54
5.67626e-005 -7 -23 -53
0.000270005 7 22 -53
8.6156e-005 -7 -23 -52
0.000529036 8 21 -53
0.000443993 7 22 -52
9.44621e-005 -7 -23 -51
0.000841979 8 21 -52
0.000507102 7 22 -51
0.000560658 -8 -22 -51
0.00105392 8 21 -51
0.000493061 7 22 -50
0.000567734 -8 -22 -50
0.000441218 7 22 -49
0.000468253 -8 -22 -49
0.000303416 7 22 -48
0.000296081 -8 -22 -48
8.3811e-005 -8 -22 -47
2.17404e-005 -9 -21 -47
9.56167e-005 8 21 -46
7.77945e-005 9 21 -46
0.000286543 9 21 -47
0.000250739 8 22 -46
3.33292e-005 -10 -21 -48
2.5112e-005 7 23 -46
0.000505436 9 21 -48
4.46151e-005 -10 -21 -49
7.61427e-005 7 23 -47
0.000284444 -9 -22 -48
0.000611969 9 21 -49
4.27041e-005 -10 -21 -50
0.000426647 -9 -22 -49
0.000150272 7 23 -48
0.000595444 9 21 -50
3.55292e-005 -10 -21 -51
0.000490952 -9 -22 -50
0.000197483 7 23 -49
2.22874e-005 -7 -24 -49
0.000527416 9 21 -51
2.53808e-005 -10 -21 -52
0.000397281 9 21 -52
2.88834e-005 -7 -24 -50
0.000997029 8 22 -51
0.000359401 -9 -22 -52
0.000223573 9 21 -53
2.96242e-005 -7 -24 -51
0.000745505 8 22 -52
0.000197693 -9 -22 -53
6.45223e-005 9 21 -54
0.000404037 8 22 -53
7.31437e-005 -9 -22 -54
0.000198372 -8 -23 -53
0.000112227 8 22 -54
6.07513e-005 -8 -23 -54
8.03586e-005 7 23 -53
0.000181315 7 23 -52
0.000363519 -8 -23 -52
0.000213827 7 23 -51
0.000459339 -8 -23 -51
0.000212021 7 23 -50
0.00046163 -9 -22 -51
0.000469651 -8 -23 -50
0.00111725 8 22 -50
0.000397701 -8 -23 -49
0.0010865 8 22 -49
0.000264939 -8 -23 -48
0.000917791 8 22 -48
9.67095e-005 -8 -23 -47
0.000600872 8 22 -47
0.000105058 -9 -22 -47
4.54603e-005 10 21 -47
0.00023532 9 22 -46
5.2811e-005 -10 -22 -47
2.31069e-005 -9 -23 -46
6.57209e-005 10 21 -48
0.000531931 9 22 -47
6.30816e-005 10 21 -49
0.000777506 9 22 -48
3.56825e-005 7 24 -47
0.000140337 -10 -22 -49
5.1114e-005 10 21 -50
0.000888263 9 22 -49
0.000194793 -8 -24 -48
0.000816263 8 23 -48
0.000140428 -10 -22 -50
5.9597e-005 7 24 -48
3.77757e-005 10 21 -51
0.000902388 9 22 -50
0.000971218 8 23 -49
0.00011317 -10 -22 -51
0.000750204 9 22 -51
0.000971711 8 23 -50
7.03946e-005 7 24 -49
7.36503e-005 -10 -22 -52
0.000500006 9 22 -52
0.00082364 8 23 -51
3.39886e-005 -10 -22 -53
0.000224036 9 22 -53
0.000546969 8 23 -52
0.000171465 -9 -23 -53
5.04969e-005 9 22 -54
0.000233145 8 23 -53
4.80975e-005 -9 -23 -54
2.25489e-005 8 23 -54
9.64775e-005 -8 -24 -53
3.8743e-005 7 24 -52
0.000202534 -8 -24 -52
6.80141e-005 7 24 -51
0.000337757 -9 -23 -52
0.000288613 -8 -24 -51
7.24609e-005 7 24 -50
0.000455494 -9 -23 -51
0.000302543 -8 -24 -50
0.000518126 -9 -23 -50
0.000264643 -8 -24 -49
0.000527457 -9 -23 -49
0.000410613 -9 -23 -48
8.21439e-005 -8 -24 -47
0.000564734 8 23 -47
0.000113016 -10 -22 -48
0.0002094 -9 -23 -47
0.000271151 8 23 -46
6.57048e-005 8 23 -45
2.86879e-005 9 22 -45
9.32604e-005 10 22 -46
0.000131359 9 23 -45
0.000178583 10 22 -47
0.000442677 9 23 -46
6.98487e-005 8 24 -45
0.000228399 10 22 -48
0.000797203 9 23 -47
0.000235864 8 24 -46
0.00023099 10 22 -49
5.28446e-005 -8 -25 -47
0.0010369 9 23 -48
0.000205725 10 22 -50
0.000100075 -8 -25 -48
0.0010636 9 23 -49
0.000590469 8 24 -48
0.000144527 10 22 -51
0.000950795 9 23 -50
0.000129146 -8 -25 -49
0.000677152 8 24 -49
7.54842e-005 10 22 -52
0.000746364 9 23 -51
2.62059e-005 10 22 -53
0.000465075 9 23 -52
5.46381e-005 -10 -23 -53
0.000181593 9 23 -53
7.99955e-005 8 24 -53
2.46901e-005 -9 -24 -54
3.07744e-005 -8 -25 -53
0.000113536 -9 -24 -53
8.06068e-005 -8 -25 -52
0.000290322 8 24 -52
0.000274061 -9 -24 -52
0.00013485 -8 -25 -51
0.000513522 8 24 -51
0.000132936 -10 -23 -52
0.000421495 -9 -24 -51
0.000148082 -8 -25 -50
0.000649088 8 24 -50
0.000206521 -10 -23 -51
0.000499383 -9 -24 -50
0.000256225 -10 -23 -50
0.000520381 -9 -24 -49
0.000271906 -10 -23 -49
0.000452102 -9 -24 -48
0.000429717 8 24 -47
0.000239469 -10 -23 -48
0.00030695 -9 -24 -47
0.000146588 -10 -23 -47
9.87122e-005 -9 -24 -46
2.84281e-005 -10 -23 -46
9.77736e-005 10 23 -45
0.000274291 10 23 -46
5.84107e-005 8 25 -45
2.33864e-005 -11 -23 -47
0.000437928 10 23 -47
2.77487e-005 -11 -23 -48
0.000145859 8 25 -46
0.000510963 10 23 -48
0.000970566 9 24 -47
2.38103e-005 -11 -23 -49
0.000238584 8 25 -47
2.66238e-005 -8 -26 -47
0.000493012 10 23 -49
0.00107788 9 24 -48
0.000322274 8 25 -48
4.03927e-005 -8 -26 -48
0.00040908 10 23 -50
0.00105667 9 24 -49
4.70845e-005 -8 -26 -49
0.000279367 10 23 -51
0.000921364 9 24 -50
0.00036168 8 25 -49
0.000146767 10 23 -52
5.3087e-005 -8 -26 -50
0.00067741 9 24 -51
0.000327936 8 25 -50
3.73588e-005 10 23 -53
4.30866e-005 -8 -26 -51
0.00034744 9 24 -52
9.57987e-005 9 24 -53
5.59979e-005 -9 -25 -53
9.34311e-005 8 25 -52
5.2489e-005 -10 -24 -53
0.000180995 -9 -25 -52
0.000230254 8 25 -51
0.000149896 -10 -24 -52
0.000327988 -9 -25 -51
0.000275918 -10 -24 -51
0.000428519 -9 -25 -50
0.000368744 -10 -24 -50
0.000470407 -9 -25 -49
0.000410457 -10 -24 -49
0.000423319 -9 -25 -48
0.000366663 -10 -24 -48
0.000295044 -9 -25 -47
0.000263328 -10 -24 -47
0.000136163 -9 -25 -46
0.000688354 9 24 -46
0.00010286 -10 -24 -46
0.000338826 9 24 -45
5.67168e-005 9 24 -44
2.20083e-005 11 23 -45
6.81435e-005 10 24 -44
3.70939e-005 11 23 -46
0.000293804 10 24 -45
4.38121e-005 11 23 -47
3.15478e-005 -9 -26 -45
0.000555509 10 24 -46
3.74571e-005 8 26 -45
3.86372e-005 11 23 -48
0.000737518 10 24 -47
0.000124068 -9 -26 -46
7.33712e-005 8 26 -46
9.84933e-005 -11 -24 -48
2.84501e-005 11 23 -49
0.000787838 10 24 -48
0.000103379 8 26 -47
9.28807e-005 -11 -24 -49
0.000737424 10 24 -49
0.000132088 8 26 -48
6.9263e-005 -11 -24 -50
0.00061021 10 24 -50
0.000958665 9 25 -49
4.23152e-005 -11 -24 -51
0.000142708 8 26 -49
0.000382185 10 24 -51
0.000782729 9 25 -50
0.000115404 8 26 -50
0.000156158 10 24 -52
0.000495526 9 25 -51
5.52233e-005 8 26 -51
3.16549e-005 10 24 -53
0.000192919 9 25 -52
3.5233e-005 -10 -25 -53
8.98763e-005 -9 -26 -52
0.000132494 -10 -25 -52
0.000205085 -9 -26 -51
0.000267137 -10 -25 -51
0.000292614 -9 -26 -50
0.000375454 -10 -25 -50
0.000328057 -9 -26 -49
0.000449714 -10 -25 -49
0.000315282 -9 -26 -48
0.00101761 9 25 -48
0.000450063 -10 -25 -48
0.000241174 -9 -26 -47
0.000940431 9 25 -47
0.00038007 -10 -25 -47
0.000693327 9 25 -46
8.4059e-005 -11 -24 -47
0.000211024 -10 -25 -46
0.000394693 9 25 -45
4.45074e-005 -11 -24 -46
5.04108e-005 -10 -25 -45
0.000148757 9 25 -44
3.44344e-005 11 24 -44
3.86522e-005 10 25 -43
3.57131e-005 9 26 -43
9.72227e-005 11 24 -45
0.000227049 10 25 -44
0.000151886 11 24 -46
0.000529057 10 25 -45
0.000153761 9 26 -44
0.000173804 11 24 -47
3.02545e-005 -9 -27 -45
0.000795175 10 25 -46
0.000358546 9 26 -45
0.000163654 11 24 -48
9.00783e-005 -9 -27 -46
0.000928069 10 25 -47
0.000133768 11 24 -49
0.000154252 -9 -27 -47
0.000978184 10 25 -48
3.45859e-005 8 27 -47
8.63631e-005 11 24 -50
0.000854114 10 25 -49
0.000183847 -9 -27 -48
4.14757e-005 8 27 -48
4.18018e-005 11 24 -51
0.000623188 10 25 -50
0.000178007 -9 -27 -49
3.38812e-005 8 27 -49
0.000360903 10 25 -51
3.02068e-005 -11 -25 -52
0.000126198 10 25 -52
2.12133e-005 -10 -26 -53
2.62299e-005 -9 -27 -52
6.00602e-005 9 26 -52
8.83724e-005 -10 -26 -52
8.85651e-005 -9 -27 -51
0.000266826 9 26 -51
0.00021435 -10 -26 -51
0.000149422 -9 -27 -50
0.000535812 9 26 -50
7.8365e-005 -11 -25 -51
0.000346613 -10 -26 -50
0.000714876 9 26 -49
0.00013324 -11 -25 -50
0.00043555 -10 -26 -49
0.000780228 9 26 -48
0.000184164 -11 -25 -49
0.000459008 -10 -26 -48
0.000736774 9 26 -47
0.000212416 -11 -25 -48
0.000430572 -10 -26 -47
0.000593238 9 26 -46
0.000195282 -11 -25 -47
0.000316072 -10 -26 -46
0.000129451 -11 -25 -46
0.000134344 -10 -26 -45
3.95074e-005 -11 -25 -45
3.35839e-005 11 25 -43
0.000144122 11 25 -44
3.74709e-005 9 27 -43
0.000288338 11 25 -45
0.000125621 9 27 -44
0.000390785 11 25 -46
0.00024772 9 27 -45
2.1791e-005 -9 -28 -45
0.000422526 11 25 -47
0.000991518 10 26 -46
0.000381613 9 27 -46
4.75383e-005 -9 -28 -46
0.000384033 11 25 -48
0.00105545 10 26 -47
0.000450648 9 27 -47
6.89106e-005 -9 -28 -47
0.000290962 11 25 -49
0.000984061 10 26 -48
0.000177241 11 25 -50
7.60404e-005 -9 -28 -48
0.000810641 10 26 -49
0.000465174 9 27 -48
8.60191e-005 11 25 -51
6.74013e-005 -9 -28 -49
0.000542546 10 26 -50
0.000396823 9 27 -49
5.06593e-005 -9 -28 -50
0.00025771 10 26 -51
6.26514e-005 10 26 -52
4.35544e-005 -10 -27 -52
8.02178e-005 9 27 -51
3.17375e-005 -11 -26 -52
0.000140549 -10 -27 -51
0.000248648 9 27 -50
0.000100593 -11 -26 -51
0.000268244 -10 -27 -50
0.000192662 -11 -26 -50
0.000373033 -10 -27 -49
0.000276585 -11 -26 -49
0.000427616 -10 -27 -48
0.000318979 -11 -26 -48
0.000410238 -10 -27 -47
0.000307977 -11 -26 -47
0.000329622 -10 -27 -46
0.000249682 -11 -26 -46
0.000188084 -10 -27 -45
0.00077903 10 26 -45
0.000122621 -11 -26 -45
5.5752e-005 -10 -27 -44
0.000439724 10 26 -44
2.33115e-005 -11 -26 -44
0.000156992 10 26 -43
2.40677e-005 12 25 -44
0.000147971 11 26 -43
8.23106e-005 10 27 -42
2.98042e-005 12 25 -45
0.000371726 11 26 -44
0.000296019 10 27 -43
3.16636e-005 9 28 -43
2.78219e-005 12 25 -46
6.96065e-005 -10 -28 -44
0.000578356 11 26 -45
0.000593433 10 27 -44
7.36729e-005 9 28 -44
0.000175062 -10 -28 -45
0.000671994 11 26 -46
0.000127085 9 28 -45
6.61863e-005 -12 -26 -47
0.000688086 11 26 -47
0.000182214 9 28 -46
5.8261e-005 -12 -26 -48
0.000600479 11 26 -48
3.89176e-005 -12 -26 -49
0.000200985 9 28 -47
2.37658e-005 -9 -29 -47
0.000458296 11 26 -49
0.0001977 9 28 -48
2.39537e-005 -9 -29 -48
0.000257928 11 26 -50
0.000670249 10 27 -49
0.000149208 9 28 -49
9.22939e-005 11 26 -51
0.000384491 10 27 -50
5.63759e-005 9 28 -50
0.000128682 10 27 -51
2.17592e-005 -11 -27 -52
6.75968e-005 -10 -28 -51
9.00824e-005 -11 -27 -51
0.000166785 -10 -28 -50
0.000188172 -11 -27 -50
0.000268354 -10 -28 -49
0.000290374 -11 -27 -49
0.000335391 -10 -28 -48
0.000900462 10 27 -48
0.000373643 -11 -27 -48
0.000328276 -10 -28 -47
0.0010095 10 27 -47
0.0003886 -11 -27 -47
0.000283897 -10 -28 -46
0.000973867 10 27 -46
0.000334949 -11 -27 -46
0.000834929 10 27 -45
6.31204e-005 -12 -26 -46
0.000222357 -11 -27 -45
4.2178e-005 -12 -26 -45
8.72359e-005 -11 -27 -44
2.48735e-005 11 26 -42
5.53353e-005 12 26 -43
0.000128962 11 27 -42
0.000120184 10 28 -42
0.000107602 12 26 -44
0.000354442 11 27 -43
0.000294075 10 28 -43
0.000132426 12 26 -45
0.000601697 11 27 -44
0.000127546 12 26 -46
6.43154e-005 -10 -29 -44
0.0008041 11 27 -45
0.00053438 10 28 -44
3.53893e-005 9 29 -44
0.000108662 12 26 -47
0.00013499 -10 -29 -45
0.00090894 11 27 -46
0.000726325 10 28 -45
5.32393e-005 9 29 -45
8.00544e-005 12 26 -48
0.000188689 -10 -29 -46
0.000878699 11 27 -47
6.50129e-005 9 29 -46
4.59451e-005 12 26 -49
0.000210387 -10 -29 -47
0.000711885 11 27 -48
6.63045e-005 9 29 -47
0.000462853 11 27 -49
5.011e-005 9 29 -48
4.05327e-005 -12 -27 -50
0.000240956 11 27 -50
7.08938e-005 11 27 -51
2.005e-005 -11 -28 -52
2.84738e-005 10 28 -51
6.01716e-005 -11 -28 -51
6.958e-005 -10 -29 -50
0.000191173 10 28 -50
0.000151154 -11 -28 -50
0.000139696 -10 -29 -49
0.000447425 10 28 -49
0.000258681 -11 -28 -49
0.00019777 -10 -29 -48
0.00068911 10 28 -48
8.02166e-005 -12 -27 -49
0.000351596 -11 -28 -48
0.000842744 10 28 -47
0.000123462 -12 -27 -48
0.000399895 -11 -28 -47
0.000833195 10 28 -46
0.000155674 -12 -27 -47
0.000389024 -11 -28 -46
0.000154312 -12 -27 -46
0.000321043 -11 -28 -45
0.000120079 -12 -27 -45
0.000172715 -11 -28 -44
5.55461e-005 -12 -27 -44
4.90473e-005 -11 -28 -43
2.3832e-005 10 28 -41
3.16312e-005 10 29 -41
2.13471e-005 -11 -29 -42
0.000200948 12 27 -43
0.000107144 10 29 -42
0.000303712 12 27 -44
0.000120314 -11 -29 -43
0.000240275 10 29 -43
0.000349338 12 27 -45
0.000389452 10 29 -44
4.30225e-005 -10 -30 -44
0.000345008 12 27 -46
0.000502695 10 29 -45
7.12955e-005 -10 -30 -45
0.000273329 12 27 -47
0.000969503 11 28 -46
0.000558831 10 29 -46
9.45584e-005 -10 -30 -46
0.000188793 12 27 -48
0.000852148 11 28 -47
0.000102696 12 27 -49
0.00010127 -10 -30 -47
0.000654824 11 28 -48
0.000521936 10 29 -47
3.81165e-005 12 27 -50
8.31385e-005 -10 -30 -48
0.000398485 11 28 -49
4.68287e-005 -10 -30 -49
0.000162334 11 28 -50
2.74092e-005 11 28 -51
2.80253e-005 -11 -29 -51
4.30472e-005 10 29 -50
9.51997e-005 -11 -29 -50
0.000193833 10 29 -49
5.58685e-005 -12 -28 -50
0.000195485 -11 -29 -49
0.000378188 10 29 -48
0.000121006 -12 -28 -49
0.000295836 -11 -29 -48
0.000194466 -12 -28 -48
0.000372972 -11 -29 -47
0.000243709 -12 -28 -47
0.000376083 -11 -29 -46
0.000253154 -12 -28 -46
0.000330715 -11 -29 -45
0.000986242 11 28 -45
0.000224725 -12 -28 -45
0.000242233 -11 -29 -44
0.000863797 11 28 -44
0.000142895 -12 -28 -44
0.000591341 11 28 -43
4.93907e-005 -12 -28 -43
0.000301655 11 28 -42
8.5089e-005 12 27 -42
9.3769e-005 11 28 -41
0.000244261 11 29 -41
2.38066e-005 13 27 -43
0.000261787 12 28 -42
2.91716e-005 10 30 -41
2.32881e-005 13 27 -44
4.54067e-005 -11 -30 -42
0.000450059 12 28 -43
0.000500656 11 29 -42
7.76617e-005 10 30 -42
0.000125357 -11 -30 -43
0.000145033 10 30 -43
4.76863e-005 -13 -28 -45
0.000227479 -11 -30 -44
0.000208772 10 30 -44
4.39959e-005 -13 -28 -46
2.18591e-005 -10 -31 -44
0.000568529 12 28 -46
0.000300588 -11 -30 -45
0.000256208 10 30 -45
3.32615e-005 -13 -28 -47
2.94894e-005 -10 -31 -45
0.000459598 12 28 -47
0.000280548 10 30 -46
3.36845e-005 -10 -31 -46
0.000303127 12 28 -48
0.000230603 10 30 -47
3.29623e-005 -10 -31 -47
0.000145189 12 28 -49
0.000132117 10 30 -48
4.21216e-005 12 28 -50
0.000257983 11 29 -49
3.04414e-005 10 30 -49
6.74208e-005 11 29 -50
4.0594e-005 -11 -30 -50
5.15318e-005 -12 -29 -50
0.000115513 -11 -30 -49
0.000118268 -12 -29 -49
0.000207232 -11 -30 -48
0.00051498 11 29 -48
0.000200805 -12 -29 -48
0.000290527 -11 -30 -47
0.000756522 11 29 -47
0.000288516 -12 -29 -47
0.000326811 -11 -30 -46
0.000922841 11 29 -46
0.000331086 -12 -29 -46
0.000972721 11 29 -45
0.000304869 -12 -29 -45
0.000613392 12 28 -45
0.000897444 11 29 -44
0.000233017 -12 -29 -44
0.000574311 12 28 -44
0.00074608 11 29 -43
4.04558e-005 -13 -28 -44
0.000126366 -12 -29 -43
2.26351e-005 -13 -28 -43
3.63907e-005 -12 -29 -42
9.34665e-005 12 28 -41
5.90386e-005 11 29 -40
4.05315e-005 13 28 -41
0.00010948 11 30 -40
8.33475e-005 13 28 -42
2.08315e-005 -12 -30 -41
0.00026258 12 29 -41
0.000265285 11 30 -41
0.000106298 13 28 -43
0.000483925 12 29 -42
2.13246e-005 10 31 -41
0.000482043 11 30 -42
4.42533e-005 -11 -31 -42
0.000106902 13 28 -44
4.3241e-005 10 31 -42
0.000687244 11 30 -43
9.27486e-005 13 28 -45
0.000109801 -11 -31 -43
6.73943e-005 10 31 -43
7.07251e-005 13 28 -46
0.000174169 -11 -31 -44
0.000849071 12 29 -45
8.65461e-005 10 31 -44
4.14779e-005 13 28 -47
0.000207998 -11 -31 -45
0.000721163 12 29 -46
0.000872645 11 30 -45
9.72326e-005 10 31 -45
0.00021561 -11 -31 -46
9.47307e-005 10 31 -46
4.20949e-005 -13 -29 -48
0.000302479 12 29 -48
5.25222e-005 10 31 -47
0.000131444 12 29 -49
2.81488e-005 12 29 -50
3.2704e-005 -12 -30 -50
4.29697e-005 -11 -31 -49
0.000105591 11 30 -49
9.39246e-005 -12 -30 -49
0.000105288 -11 -31 -48
0.000312374 11 30 -48
0.000178696 -12 -30 -48
0.000170239 -11 -31 -47
0.000553014 11 30 -47
0.000267714 -12 -30 -47
0.000520776 12 29 -47
0.000759001 11 30 -46
7.53824e-005 -13 -29 -47
0.000323885 -12 -30 -46
0.00010735 -13 -29 -46
0.000339902 -12 -30 -45
0.000825857 11 30 -44
0.000120924 -13 -29 -45
0.000312977 -12 -30 -44
0.000804827 12 29 -44
0.000108925 -13 -29 -44
0.000218097 -12 -30 -43
0.00069295 12 29 -43
7.33743e-005 -13 -29 -43
0.000104299 -12 -30 -42
2.62134e-005 -13 -29 -42
9.40281e-005 12 29 -40
2.0808e-005 11 30 -39
8.11948e-005 12 30 -39
3.20636e-005 11 31 -39
0.000248516 12 30 -40
0.000103529 11 31 -40
7.32377e-005 -12 -31 -41
0.000247607 13 29 -42
0.00048857 12 30 -41
0.000234328 11 31 -41
0.00029597 13 29 -43
0.000181467 -12 -31 -42
0.000388828 11 31 -42
3.58547e-005 -11 -32 -42
0.000304423 13 29 -44
0.00051986 11 31 -43
7.34526e-005 -11 -32 -43
0.000261235 13 29 -45
0.000923177 12 30 -44
0.000595478 11 31 -44
0.000101355 -11 -32 -44
0.000183935 13 29 -46
0.000845787 12 30 -45
0.000586269 11 31 -45
0.000105901 13 29 -47
0.000111638 -11 -32 -45
0.000691765 12 30 -46
4.31779e-005 13 29 -48
0.000103316 -11 -32 -46
0.000471167 12 30 -47
0.00046582 11 31 -46
6.84424e-005 -11 -32 -47
0.000248564 12 30 -48
3.10213e-005 -11 -32 -48
7.89723e-005 12 30 -49
5.39339e-005 -12 -31 -49
0.000113366 11 31 -48
2.61547e-005 -13 -30 -49
0.00012662 -12 -31 -48
0.000285655 11 31 -47
6.4581e-005 -13 -30 -48
0.000214633 -12 -31 -47
0.000119339 -13 -30 -47
0.000291465 -12 -31 -46
0.000173425 -13 -30 -46
0.000327943 -12 -31 -45
0.000202405 -13 -30 -45
0.000312473 -12 -31 -44
0.000193804 -13 -30 -44
0.000269191 -12 -31 -43
0.000904413 12 30 -43
0.000157957 -13 -30 -43
0.000745927 12 30 -42
8.88846e-005 -13 -30 -42
2.44221e-005 -13 -30 -41
0.000155904 13 29 -41
6.42783e-005 13 29 -40
0.000231093 12 31 -39
2.21028e-005 14 29 -41
3.03235e-005 11 32 -39
0.000454882 12 31 -40
2.12958e-005 14 29 -42
3.08688e-005 -12 -32 -40
8.01148e-005 11 32 -40
0.000675886 12 31 -41
9.80758e-005 -12 -32 -41
0.000153175 11 32 -41
0.000846324 12 31 -42
0.000179068 -12 -32 -42
0.000230883 11 32 -42
3.26386e-005 -14 -30 -44
2.15375e-005 -11 -33 -42
0.000256592 -12 -32 -43
0.000527539 13 30 -44
0.000294447 11 32 -43
2.72212e-005 -14 -30 -45
3.44082e-005 -11 -33 -43
0.000434195 13 30 -45
0.000287231 -12 -32 -44
0.000325294 11 32 -44
4.0713e-005 -11 -33 -44
0.000307543 13 30 -46
0.000282192 11 32 -45
4.15402e-005 -11 -33 -45
0.000166285 13 30 -47
0.000188619 11 32 -46
3.01749e-005 -11 -33 -46
6.43807e-005 13 30 -48
0.000335311 12 31 -47
7.80889e-005 11 32 -47
0.000134905 12 31 -48
2.20867e-005 -13 -31 -49
6.69757e-005 -12 -32 -48
6.27895e-005 -13 -31 -48
0.000139161 -12 -32 -47
0.000123685 -13 -31 -47
0.000217266 -12 -32 -46
0.000574725 12 31 -46
0.000197336 -13 -31 -46
0.000274434 -12 -32 -45
0.000784679 12 31 -45
0.000255442 -13 -31 -45
0.000897771 12 31 -44
0.000272308 -13 -31 -44
0.000909106 12 31 -43
0.000240506 -13 -31 -43
0.000551249 13 30 -43
3.47534e-005 -14 -30 -43
0.00016876 -13 -31 -42
0.000503032 13 30 -42
2.75767e-005 -14 -30 -42
8.19968e-005 -13 -31 -41
0.000376291 13 30 -41
0.000218368 13 30 -40
8.32691e-005 13 30 -39
6.26758e-005 12 31 -38
0.000116858 12 32 -38
7.31611e-005 14 30 -40
0.000261699 12 32 -39
9.51989e-005 14 30 -41
7.18331e-005 -13 -32 -40
2.32724e-005 11 33 -39
0.000449118 12 32 -40
3.41483e-005 -12 -33 -40
9.77781e-005 14 30 -42
4.69903e-005 11 33 -40
0.000642708 12 32 -41
9.10537e-005 -12 -33 -41
8.2916e-005 14 30 -43
7.59821e-005 11 33 -41
0.000792303 12 32 -42
6.45352e-005 14 30 -44
0.000152577 -12 -33 -42
0.000791299 13 31 -43
0.000102742 11 33 -42
3.551e-005 14 30 -45
0.000194261 -12 -33 -43
0.000694048 13 31 -44
0.000844432 12 32 -43
0.000119027 11 33 -43
0.000205571 -12 -33 -44
0.000119449 11 33 -44
3.89595e-005 -14 -31 -46
0.000179046 -12 -33 -45
7.83117e-005 11 33 -45
0.000123968 -12 -33 -46
0.000163397 13 31 -47
2.1022e-005 11 33 -46
5.59617e-005 13 31 -48
3.47866e-005 12 32 -48
5.02389e-005 -13 -32 -48
6.34351e-005 -12 -33 -47
0.000166302 12 32 -47
0.000107293 -13 -32 -47
0.000374457 12 32 -46
0.000180866 -13 -32 -46
0.000327981 13 31 -46
0.000594567 12 32 -45
0.000245756 -13 -32 -45
0.000528405 13 31 -45
0.000764959 12 32 -44
6.62195e-005 -14 -31 -45
0.000277767 -13 -32 -44
8.86291e-005 -14 -31 -44
0.000282274 -13 -32 -43
9.2893e-005 -14 -31 -43
0.000249698 -13 -32 -42
0.000739354 13 31 -42
7.99705e-005 -14 -31 -42
0.000161924 -13 -32 -41
0.000616632 13 31 -41
4.68013e-005 -14 -31 -41
0.000433252 13 31 -40
0.000242978 13 31 -39
3.85338e-005 14 30 -39
9.82608e-005 13 31 -38
2.82844e-005 12 32 -37
0.000100301 13 32 -37
0.000253318 13 32 -38
0.000110913 12 33 -38
0.00046247 13 32 -39
5.30914e-005 -13 -33 -39
0.000236259 12 33 -39
0.000143736 -13 -33 -40
0.000266785 14 31 -41
0.000683851 13 32 -40
0.000383026 12 33 -40
3.12198e-005 -12 -34 -40
0.000277182 14 31 -42
0.000218181 -13 -33 -41
0.000826835 13 32 -41
0.000515259 12 33 -41
6.95183e-005 -12 -34 -41
0.000245559 14 31 -43
0.000856116 13 32 -42
0.000262543 -13 -33 -42
2.02937e-005 11 34 -41
0.000590664 12 33 -42
0.000100455 -12 -34 -42
0.000174736 14 31 -44
0.000803975 13 32 -43
0.00027946 -13 -33 -43
2.86189e-005 11 34 -42
0.000602075 12 33 -43
0.000112636 -12 -34 -43
0.00010011 14 31 -45
0.000677375 13 32 -44
2.03053e-005 11 34 -43
0.00050365 12 33 -44
4.29928e-005 14 31 -46
0.000108371 -12 -34 -44
0.000491209 13 32 -45
0.000333016 12 33 -45
8.06547e-005 -12 -34 -45
0.000283059 13 32 -46
4.36349e-005 -12 -34 -46
0.000116486 13 32 -47
0.000156408 12 33 -46
2.07141e-005 13 32 -48
2.50886e-005 -13 -33 -48
3.50138e-005 12 33 -47
6.93443e-005 -13 -33 -47
2.85919e-005 -14 -32 -47
0.000132556 -13 -33 -46
6.23508e-005 -14 -32 -46
0.000203787 -13 -33 -45
0.000105611 -14 -32 -45
0.000261965 -13 -33 -44
0.000143897 -14 -32 -44
0.000164474 -14 -32 -43
0.000154262 -14 -32 -42
0.000117728 -14 -32 -41
6.26707e-005 -14 -32 -40
0.000225788 14 31 -40
0.000149446 14 31 -39
3.87724e-005 12 33 -37
6.93244e-005 14 31 -38
0.000255579 13 33 -37
2.28925e-005 15 31 -39
3.59711e-005 12 34 -37
0.000453284 13 33 -38
2.12507e-005 15 31 -40
2.27185e-005 -13 -34 -38
8.70059e-005 12 34 -38
0.000642902 13 33 -39
8.0299e-005 -13 -34 -39
0.000159513 12 34 -39
0.000791791 13 33 -40
2.7992e-005 -15 -32 -41
0.000148836 -13 -34 -40
0.000242131 12 34 -40
2.70739e-005 -15 -32 -42
0.000841057 13 33 -41
0.000215335 -13 -34 -41
0.000484884 14 32 -42
0.000307744 12 34 -41
2.24348e-005 -15 -32 -43
3.5602e-005 -12 -35 -41
0.000244431 -13 -34 -42
0.000403916 14 32 -43
0.000840274 13 33 -42
0.000336261 12 34 -42
4.29411e-005 -12 -35 -42
0.000287907 14 32 -44
0.000245662 -13 -34 -43
0.000756552 13 33 -43
0.000300334 12 34 -43
4.41403e-005 -12 -35 -43
0.000165881 14 32 -45
0.00020274 -13 -34 -44
0.000217289 12 34 -44
3.4811e-005 -12 -35 -44
7.07261e-005 14 32 -46
0.000103675 12 34 -45
0.000167895 13 33 -46
4.54636e-005 13 33 -47
2.93975e-005 -13 -34 -47
3.04369e-005 -14 -33 -47
7.68231e-005 -13 -34 -46
6.43185e-005 -14 -33 -46
0.000138562 -13 -34 -45
0.000356693 13 33 -45
0.000116143 -14 -33 -45
0.000570502 13 33 -44
0.000174437 -14 -33 -44
0.000218423 -14 -33 -43
0.000221287 -14 -33 -42
0.000194241 -14 -33 -41
0.000506424 14 32 -41
0.00013432 -14 -33 -40
0.000466351 14 32 -40
2.17143e-005 -15 -32 -40
6.50466e-005 -14 -33 -39
0.00035901 14 32 -39
0.000223527 14 32 -38
0.000101134 14 32 -37
8.98517e-005 13 33 -36
2.81787e-005 14 32 -36
4.09188e-005 14 33 -35
0.000133936 14 33 -36
0.000275586 13 34 -37
5.88068e-005 -14 -34 -38
9.61443e-005 15 32 -39
0.000432569 14 33 -38
2.69495e-005 12 35 -37
0.000447015 13 34 -38
3.11361e-005 -13 -35 -38
9.61393e-005 15 32 -40
0.000133357 -14 -34 -39
5.13371e-005 12 35 -38
0.000617633 13 34 -39
7.87829e-005 -13 -35 -39
7.90748e-005 15 32 -41
8.09602e-005 12 35 -39
0.000747387 13 34 -40
5.93825e-005 15 32 -42
0.000131269 -13 -35 -40
0.000110035 12 35 -40
0.000785466 13 34 -41
3.16265e-005 15 32 -43
0.000174588 -13 -35 -41
0.00012878 12 35 -41
0.000721428 13 34 -42
0.000186078 -13 -35 -42
0.000126867 12 35 -42
0.000578203 13 34 -43
0.000168735 -13 -35 -43
8.48846e-005 12 35 -43
0.000121489 -13 -35 -44
0.000167657 14 33 -45
0.000379159 13 34 -44
3.13958e-005 12 35 -44
6.90152e-005 -13 -35 -45
6.58911e-005 14 33 -46
2.70041e-005 -13 -35 -46
5.69883e-005 13 34 -46
5.32542e-005 -14 -34 -46
0.000189228 13 34 -45
0.000103192 -14 -34 -45
0.000163187 -14 -34 -44
0.00032026 14 33 -44
3.43629e-005 -15 -33 -44
0.000213243 -14 -34 -43
0.000496457 14 33 -43
5.57039e-005 -15 -33 -43
0.000237244 -14 -34 -42
0.00063929 14 33 -42
7.19163e-005 -15 -33 -42
0.000232475 -14 -34 -41
0.000727446 14 33 -41
7.6775e-005 -15 -33 -41
0.000203661 -14 -34 -40
0.000691983 14 33 -40
6.65036e-005 -15 -33 -40
0.000589423 14 33 -39
3.83648e-005 -15 -33 -39
7.94506e-005 15 32 -38
0.000268319 14 33 -37
0.000139913 13 34 -36
4.6866e-005 15 32 -37
4.85708e-005 13 34 -35
4.83683e-005 14 34 -34
0.000153288 14 34 -35
0.000302086 14 34 -36
0.000129917 13 35 -36
0.000484997 14 34 -37
4.70767e-005 -14 -35 -37
0.000249032 13 35 -37
0.000670189 14 34 -38
0.000121652 -14 -35 -38
0.000382819 13 35 -38
0.000766991 14 34 -39
2.8015e-005 -13 -36 -38
0.000181036 -14 -35 -39
0.000264437 15 33 -40
0.000500262 13 35 -39
5.85936e-005 -13 -36 -39
0.000227645 15 33 -41
0.000218302 -14 -35 -40
0.000780576 14 34 -40
2.84454e-005 12 36 -39
0.000563297 13 35 -40
9.24261e-005 -13 -36 -40
0.000159364 15 33 -42
0.000737773 14 34 -41
0.000231605 -14 -35 -41
3.28379e-005 12 36 -40
0.000576141 13 35 -41
0.000105435 -13 -36 -41
8.96459e-005 15 33 -43
2.04081e-005 12 36 -41
0.000481242 13 35 -42
0.000103881 -13 -36 -42
3.95567e-005 15 33 -44
0.000326146 13 35 -43
7.91843e-005 -13 -36 -43
0.000277719 14 34 -44
0.000163293 13 35 -44
4.52162e-005 -13 -36 -44
4.55451e-005 13 35 -45
3.08337e-005 -14 -35 -46
3.56043e-005 14 34 -46
6.81345e-005 -14 -35 -45
0.000127514 14 34 -45
2.4517e-005 -15 -34 -45
0.000120468 -14 -35 -44
5.31366e-005 -15 -34 -44
0.000178138 -14 -35 -43
0.00046242 14 34 -43
8.6945e-005 -15 -34 -43
0.000224368 -14 -35 -42
0.000624739 14 34 -42
0.000118849 -15 -34 -42
0.000136524 -15 -34 -41
0.000128503 -15 -34 -40
9.73695e-005 -15 -34 -39
0.000262321 15 33 -39
5.11085e-005 -15 -34 -38
0.000232574 15 33 -38
0.000169339 15 33 -37
5.11848e-005 13 35 -35
9.63391e-005 15 33 -36
3.6139e-005 15 33 -35
4.63476e-005 14 35 -33
0.00014537 14 35 -34
2.30842e-005 16 33 -36
0.000302368 14 35 -35
2.76289e-005 16 33 -37
4.52793e-005 13 36 -35
0.000478347 14 35 -36
2.22659e-005 -14 -36 -36
2.35456e-005 16 33 -38
9.77756e-005 13 36 -36
0.000628637 14 35 -37
7.22728e-005 -14 -36 -37
0.000167707 13 36 -37
0.000735478 14 35 -38
2.43841e-005 -16 -34 -39
0.000127599 -14 -36 -38
0.000242746 13 36 -38
2.43557e-005 -16 -34 -40
0.00077328 14 35 -39
0.000179061 -14 -36 -39
0.000299424 13 36 -39
0.000760453 14 35 -40
3.14887e-005 -13 -37 -39
0.000203552 -14 -36 -40
0.000366823 15 34 -41
0.000320611 13 36 -40
4.03736e-005 -13 -37 -40
0.00020827 -14 -36 -41
0.000257153 15 34 -42
0.000683559 14 35 -41
0.000284347 13 36 -41
4.24188e-005 -13 -37 -41
0.000175467 -14 -36 -42
0.000148842 15 34 -43
0.000516874 14 35 -42
0.000203581 13 36 -42
3.47696e-005 -13 -37 -42
6.59316e-005 15 34 -44
0.000330431 14 35 -43
0.00012253 -14 -36 -43
9.87676e-005 13 36 -43
0.000164525 14 35 -44
5.41316e-005 14 35 -45
3.23491e-005 -14 -36 -45
2.86663e-005 -15 -35 -45
7.13831e-005 -14 -36 -44
5.84054e-005 -15 -35 -44
0.000100189 -15 -35 -43
0.000146333 -15 -35 -42
0.000180757 -15 -35 -41
0.000183369 -15 -35 -40
0.000448184 15 34 -40
0.000161856 -15 -35 -39
0.0004834 15 34 -39
0.000114347 -15 -35 -38
0.000457308 15 34 -38
6.01211e-005 -15 -35 -37
0.000378579 15 34 -37
0.000266418 15 34 -36
0.000150147 15 34 -35
6.11345e-005 15 34 -34
2.76885e-005 15 35 -32
2.40099e-005 14 36 -32
9.66047e-005 15 35 -33
7.74502e-005 14 36 -33
0.000205244 15 35 -34
0.000331547 15 35 -35
0.000303298 14 36 -35
5.95497e-005 -15 -36 -36
0.000108577 16 34 -37
0.000465052 15 35 -36
3.15397e-005 13 37 -35
0.000461123 14 36 -36
3.05984e-005 -14 -37 -36
0.000101746 16 34 -38
0.000119433 -15 -36 -37
0.00058933 15 35 -37
5.49109e-005 13 37 -36
0.000598952 14 36 -37
7.08753e-005 -14 -37 -37
8.08048e-005 16 34 -39
8.21476e-005 13 37 -37
0.000689697 14 36 -38
0.000112789 -14 -37 -38
5.64952e-005 16 34 -40
0.00010996 13 37 -38
0.00071289 14 36 -39
2.8821e-005 16 34 -41
0.000147091 -14 -37 -39
0.000121737 13 37 -39
0.000640122 14 36 -40
0.000157504 -14 -37 -40
0.000114455 13 37 -40
0.000507346 14 36 -41
0.000144741 -14 -37 -41
7.19975e-005 13 37 -41
0.000333806 14 36 -42
0.000105538 -14 -37 -42
0.000150383 15 35 -43
2.35465e-005 13 37 -42
6.17552e-005 -14 -37 -43
6.18099e-005 15 35 -44
0.000170101 14 36 -43
2.6586e-005 -14 -37 -44
5.52194e-005 14 36 -44
4.81779e-005 -15 -36 -44
8.90852e-005 -15 -36 -43
0.000137345 -15 -36 -42
0.000281181 15 35 -42
2.86621e-005 -16 -35 -42
0.000177137 -15 -36 -41
0.000436885 15 35 -41
4.62366e-005 -16 -35 -41
0.000194766 -15 -36 -40
0.000568602 15 35 -40
6.06983e-005 -16 -35 -40
0.000190406 -15 -36 -39
0.000661785 15 35 -39
6.58806e-005 -16 -35 -39
0.000170721 -15 -36 -38
0.000659823 15 35 -38
5.83387e-005 -16 -35 -38
3.5849e-005 -16 -35 -37
9.80577e-005 16 34 -36
0.000172385 14 36 -34
7.00744e-005 16 34 -35
3.74353e-005 16 34 -34
4.13288e-005 15 36 -31
0.000126477 15 36 -32
3.02041e-005 14 37 -32
0.000244501 15 36 -33
7.36934e-005 14 37 -33
0.00038706 15 36 -34
0.000154771 14 37 -34
0.000536424 15 36 -35
5.06728e-005 -15 -37 -35
0.00026508 14 37 -35
0.000662417 15 36 -36
0.000111273 -15 -37 -36
0.000377094 14 37 -36
0.000710329 15 36 -37
2.70117e-005 -14 -38 -36
0.000153924 -15 -37 -37
0.000257075 16 35 -38
0.00046852 14 37 -37
0.000691637 15 36 -38
5.24925e-005 -14 -38 -37
0.000178379 -15 -37 -38
0.000207009 16 35 -39
0.000509507 14 37 -38
7.93893e-005 -14 -38 -38
0.000139755 16 35 -40
0.000188552 -15 -37 -39
0.000656921 15 36 -39
2.03747e-005 13 38 -38
0.000500904 14 37 -39
8.93633e-005 -14 -38 -39
7.46995e-005 16 35 -41
0.000181276 -15 -37 -40
0.000545957 15 36 -40
0.000406926 14 37 -40
8.67248e-005 -14 -38 -40
3.29221e-005 16 35 -42
0.000269548 14 37 -41
6.60134e-005 -14 -38 -41
0.000132553 14 37 -42
3.86879e-005 -14 -38 -42
3.49423e-005 14 37 -43
2.87611e-005 -15 -37 -44
3.30196e-005 15 36 -44
5.87878e-005 -15 -37 -43
0.00011172 15 36 -43
0.000101416 -15 -37 -42
0.000239554 15 36 -42
4.24446e-005 -16 -36 -42
0.000145862 -15 -37 -41
0.000398671 15 36 -41
6.99132e-005 -16 -36 -41
9.67576e-005 -16 -36 -40
0.000114199 -16 -36 -39
0.000109337 -16 -36 -38
8.82599e-005 -16 -36 -37
0.000276383 16 35 -37
5.17975e-005 -16 -36 -36
0.000257901 16 35 -36
0.000212183 16 35 -35
0.00014822 16 35 -34
8.07161e-005 16 35 -33
2.9805e-005 16 35 -32
3.74449e-005 15 37 -30
6.05704e-005 16 36 -31
0.000108566 15 37 -31
0.00013552 16 36 -32
0.000215071 15 37 -32
0.000350977 15 37 -33
2.70254e-005 14 38 -32
2.24671e-005 -16 -37 -34
5.68185e-005 14 38 -33
0.00050032 15 37 -34
2.63664e-005 -15 -38 -34
2.81002e-005 17 35 -36
0.000107603 14 38 -34
0.000610168 15 37 -35
6.89424e-005 -15 -38 -35
0.000168458 14 38 -35
0.000671389 15 37 -36
2.38761e-005 -17 -36 -37
0.000112461 -15 -38 -36
0.000227552 14 38 -36
2.21988e-005 -17 -36 -38
0.000700988 15 37 -37
0.000150679 -15 -38 -37
0.000261537 14 38 -37
0.000663294 15 37 -38
2.76687e-005 -14 -39 -37
0.000164911 -15 -38 -38
0.000325582 16 36 -39
0.000270181 14 38 -38
0.000576904 15 37 -39
3.40107e-005 -14 -39 -38
0.000165394 -15 -38 -39
0.000216775 16 36 -40
0.000226697 14 38 -39
0.000426823 15 37 -40
3.47724e-005 -14 -39 -39
0.000137711 -15 -38 -40
0.000119837 16 36 -41
0.000150798 14 38 -40
2.70592e-005 -14 -39 -40
5.26712e-005 16 36 -42
0.000268098 15 37 -41
9.74566e-005 -15 -38 -41
6.54947e-005 14 38 -41
0.000132982 15 37 -42
5.86493e-005 -15 -38 -42
4.37145e-005 15 37 -43
2.77359e-005 -15 -38 -43
2.44735e-005 -16 -37 -43
4.76771e-005 -16 -37 -42
7.96393e-005 -16 -37 -41
0.000115564 -16 -37 -40
0.000143711 -16 -37 -39
0.000152662 -16 -37 -38
0.00041361 16 36 -38
0.000140492 -16 -37 -37
0.000468536 16 36 -37
0.000106204 -16 -37 -36
0.000459733 16 36 -36
6.3395e-005 -16 -37 -35
0.000421413 16 36 -35
3.50522e-005 17 35 -35
0.000339093 16 36 -34
3.31828e-005 17 35 -34
0.000234403 16 36 -33
2.65537e-005 17 35 -33
3.4463e-005 16 37 -29
0.000100373 16 37 -30
5.06358e-005 15 38 -30
0.000194619 16 37 -31
0.000113945 15 38 -31
0.000309131 16 37 -32
0.000211559 15 38 -32
0.000424564 16 37 -33
2.41137e-005 -16 -38 -33
0.000333933 15 38 -33
0.00051693 16 37 -34
6.75393e-005 -16 -38 -34
0.000129535 17 36 -35
3.45528e-005 14 39 -33
0.000465098 15 38 -34
3.15546e-005 -15 -39 -34
0.000113681 -16 -38 -35
0.000112344 17 36 -36
0.000588545 16 37 -35
5.49703e-005 14 39 -34
0.000569176 15 38 -35
6.60124e-005 -15 -39 -35
8.34415e-005 17 36 -37
7.59968e-005 14 39 -35
0.000615142 15 38 -36
9.66832e-005 -15 -39 -36
5.23141e-005 17 36 -38
9.02963e-005 14 39 -36
0.000604998 15 38 -37
0.000118751 -15 -39 -37
9.37707e-005 14 39 -37
0.000524082 15 38 -38
0.000124805 -15 -39 -38
7.61361e-005 14 39 -38
0.000395926 15 38 -39
0.000109554 -15 -39 -39
3.84919e-005 14 39 -39
0.000251027 15 38 -40
7.86454e-005 -15 -39 -40
0.000118066 16 37 -41
0.000119062 15 38 -41
4.55179e-005 -15 -39 -41
4.78084e-005 16 37 -42
3.2833e-005 15 38 -42
4.01152e-005 -16 -38 -42
6.99968e-005 -16 -38 -41
0.000106428 -16 -38 -40
0.000222312 16 37 -40
0.000138631 -16 -38 -39
0.000351244 16 37 -39
3.64058e-005 -17 -37 -39
0.00015491 -16 -38 -38
0.000478649 16 37 -38
5.13366e-005 -17 -37 -38
0.000152378 -16 -38 -37
0.000578713 16 37 -37
5.9525e-005 -17 -37 -37
0.000143987 -16 -38 -36
0.000617142 16 37 -36
5.4837e-005 -17 -37 -36
3.79467e-005 -17 -37 -35
0.000126037 17 36 -34
0.000110834 17 36 -33
7.97279e-005 17 36 -32
0.000132763 16 38 -29
2.04953e-005 15 39 -29
0.000249375 16 38 -30
4.7869e-005 15 39 -30
0.000364458 16 38 -31
0.000101351 15 39 -31
0.000480877 16 38 -32
0.00017584 15 39 -32
0.000577788 16 38 -33
2.75555e-005 -17 -38 -33
5.78645e-005 -16 -39 -33
0.000265643 15 39 -33
0.000623991 16 38 -34
0.000102977 -16 -39 -34
0.000350062 15 39 -34
0.000631685 16 38 -35
2.65528e-005 -15 -40 -34
0.000130511 -16 -39 -35
0.000245355 17 37 -36
0.000407163 15 39 -35
0.000608258 16 38 -36
4.60044e-005 -15 -40 -35
0.000143916 -16 -39 -36
0.000179603 17 37 -37
0.000423452 15 39 -36
6.30812e-005 -15 -40 -36
0.000149194 -16 -39 -37
0.000115838 17 37 -38
0.00055056 16 38 -37
0.000376549 15 39 -37
6.83149e-005 -15 -40 -37
5.47105e-005 17 37 -39
0.000138125 -16 -39 -38
0.000440056 16 38 -38
0.000287291 15 39 -38
6.25114e-005 -15 -40 -38
0.000173594 15 39 -39
4.47492e-005 -15 -40 -39
0.000179458 16 38 -40
7.87557e-005 15 39 -40
2.51171e-005 -15 -40 -40
7.8483e-005 16 38 -41
2.34014e-005 -16 -39 -42
4.51879e-005 -16 -39 -41
7.53152e-005 -16 -39 -40
3.0562e-005 -17 -38 -40
0.000108608 -16 -39 -39
0.000306875 16 38 -39
5.22947e-005 -17 -38 -39
7.79906e-005 -17 -38 -38
9.52102e-005 -17 -38 -37
9.51637e-005 -17 -38 -36
8.47837e-005 -17 -38 -35
0.000287999 17 37 -35
5.93221e-005 -17 -38 -34
0.000293613 17 37 -34
0.000273968 17 37 -33
0.000225909 17 37 -32
0.00016245 17 37 -31
9.57435e-005 17 37 -30
3.69212e-005 17 38 -27
3.45404e-005 16 39 -27
9.07208e-005 17 38 -28
9.32385e-005 16 39 -28
0.000163164 17 38 -29
0.000174241 16 39 -29
0.00024531 17 38 -30
0.000268376 16 39 -30
3.61561e-005 15 40 -30
0.000380223 16 39 -31
3.41279e-005 -17 -39 -32
6.48825e-005 15 40 -31
0.000491836 16 39 -32
3.15777e-005 -16 -40 -32
0.000108158 15 40 -32
0.000573967 16 39 -33
2.23402e-005 -18 -38 -34
7.10151e-005 -17 -39 -33
3.39516e-005 18 37 -34
6.57355e-005 -16 -40 -33
0.000152349 15 40 -33
0.000604891 16 39 -34
2.48942e-005 -18 -38 -35
0.000100635 -16 -40 -34
0.00018802 15 40 -34
0.000596374 16 39 -35
0.000122587 -16 -40 -35
0.000204533 15 40 -35
0.000541291 16 39 -36
2.22167e-005 -15 -41 -35
0.000129777 -16 -40 -36
0.000262348 17 38 -37
0.000187363 15 40 -36
0.000436627 16 39 -37
2.5502e-005 -15 -41 -36
0.000121947 -16 -40 -37
0.000164383 17 38 -38
0.000136971 15 40 -37
0.000310022 16 39 -38
2.32298e-005 -15 -41 -37
9.82325e-005 -16 -40 -38
8.52303e-005 17 38 -39
7.47441e-005 15 40 -38
0.000185921 16 39 -39
6.81102e-005 -16 -40 -39
3.39153e-005 17 38 -40
8.39616e-005 16 39 -40
4.0266e-005 -16 -40 -40
3.51238e-005 -17 -39 -40
5.79242e-005 -17 -39 -39
8.47443e-005 -17 -39 -38
0.000108718 -17 -39 -37
0.000122939 -17 -39 -36
0.000364305 17 38 -36
0.000119666 -17 -39 -35
0.000437235 17 38 -35
0.000101096 -17 -39 -34
0.000476103 17 38 -34
0.000460988 17 38 -33
4.73686e-005 18 37 -33
0.000413614 17 38 -32
5.3961e-005 18 37 -32
0.000337134 17 38 -31
4.99097e-005 18 37 -31
2.19384e-005 17 39 -25
6.6011e-005 17 39 -26
0.000139531 17 39 -27
3.98667e-005 16 40 -27
0.000222022 17 39 -28
8.93026e-005 16 40 -28
0.000318138 17 39 -29
0.000162008 16 40 -29
0.000415326 17 39 -30
0.000248764 16 40 -30
0.000498335 17 39 -31
3.59338e-005 -17 -40 -31
0.00034651 16 40 -31
2.73019e-005 -18 -39 -32
0.000542224 17 39 -32
7.39287e-005 -17 -40 -32
3.27052e-005 15 41 -31
0.000435565 16 40 -32
0.000558762 17 39 -33
3.20944e-005 -16 -41 -32
0.000105819 -17 -40 -33
0.000121717 18 38 -34
4.64238e-005 15 41 -32
0.000493024 16 40 -33
6.09799e-005 -16 -41 -33
7.82674e-005 18 38 -35
5.64683e-005 15 41 -33
0.0005092 16 40 -34
8.04605e-005 -16 -41 -34
4.39317e-005 18 38 -36
6.07769e-005 15 41 -34
0.000455589 16 40 -35
8.90956e-005 -16 -41 -35
4.9546e-005 15 41 -35
0.000368216 16 40 -36
8.79961e-005 -16 -41 -36
2.3989e-005 15 41 -36
0.000256332 16 40 -37
7.18127e-005 -16 -41 -37
0.000147312 16 40 -38
4.88748e-005 -16 -41 -38
7.73463e-005 17 39 -39
6.15233e-005 16 40 -39
2.7485e-005 -16 -41 -39
2.67775e-005 17 39 -40
3.08047e-005 -17 -40 -40
4.89507e-005 -17 -40 -39
7.4802e-005 -17 -40 -38
0.000158345 17 39 -38
0.000100888 -17 -40 -37
0.000259128 17 39 -37
2.89488e-005 -18 -39 -37
0.000119162 -17 -40 -36
0.000365618 17 39 -36
4.10838e-005 -18 -39 -36
0.000120343 -17 -40 -35
0.000461305 17 39 -35
5.10966e-005 -18 -39 -35
0.000118495 -17 -40 -34
0.000532914 17 39 -34
5.29897e-005 -18 -39 -34
4.37022e-005 -18 -39 -33
0.000149181 18 38 -33
0.000166984 18 38 -32
0.000162118 18 38 -31
0.0001451 18 38 -30
4.57127e-005 18 39 -25
2.50895e-005 17 40 -24
6.60126e-005 17 40 -25
9.14058e-005 18 39 -26
0.000132856 17 40 -26
0.00014496 18 39 -27
0.000224114 17 40 -27
3.56727e-005 16 41 -27
0.000329516 17 40 -28
2.49092e-005 19 38 -29
6.81373e-005 16 41 -28
0.000421037 17 40 -29
0.00011895 16 41 -29
0.000489011 17 40 -30
2.45782e-005 -17 -41 -30
0.000178046 16 41 -30
3.74008e-005 -18 -40 -31
0.000533233 17 40 -31
6.05707e-005 -17 -41 -31
0.000240413 16 41 -31
0.000550693 17 40 -32
6.42852e-005 -18 -40 -32
9.12274e-005 -17 -41 -32
0.000287028 16 41 -32
0.000539772 17 40 -33
2.0988e-005 -16 -42 -32
0.000106074 -17 -41 -33
0.000212252 18 39 -34
0.000306337 16 41 -33
0.000491129 17 40 -34
3.75001e-005 -16 -42 -33
0.000113964 -17 -41 -34
0.000147883 18 39 -35
0.000286218 16 41 -34
0.000411698 17 40 -35
4.44906e-005 -16 -42 -34
0.000111839 -17 -41 -35
9.16738e-005 18 39 -36
0.000225528 16 41 -35
4.35701e-005 -16 -42 -35
4.04973e-005 18 39 -37
0.000311039 17 40 -36
9.6023e-005 -17 -41 -36
0.000149487 16 41 -36
3.57845e-005 -16 -42 -36
7.70028e-005 16 41 -37
2.32697e-005 -16 -42 -37
0.000106214 17 40 -38
3.98873e-005 17 40 -39
3.08598e-005 -17 -41 -39
5.01272e-005 -17 -41 -38
2.10804e-005 -18 -40 -38
7.34904e-005 -17 -41 -37
0.000202149 17 40 -37
3.78244e-005 -18 -40 -37
5.77875e-005 -18 -40 -36
7.40105e-005 -18 -40 -35
8.51923e-005 -18 -40 -34
7.98453e-005 -18 -40 -33
0.000274252 18 39 -33
0.000313639 18 39 -32
0.000325136 18 39 -31
0.000308711 18 39 -30
4.43665e-005 18 40 -23
0.000267358 18 39 -29
9.53296e-005 18 40 -24
3.35456e-005 17 41 -24
0.000155178 18 40 -25
3.71549e-005 19 39 -25
6.75168e-005 17 41 -25
0.000225739 18 40 -26
0.000134481 17 41 -26
0.000296502 18 40 -27
0.000220611 17 41 -27
0.000357535 18 40 -28
0.00031582 17 41 -28
0.000410201 18 40 -29
3.98545e-005 16 42 -28
0.000401891 17 41 -29
4.65002e-005 -18 -41 -30
5.99497e-005 16 42 -29
2.03743e-005 -19 -40 -31
0.000465059 17 41 -30
3.32741e-005 -17 -42 -30
7.56568e-005 -18 -41 -31
8.72656e-005 16 42 -30
0.000492144 17 41 -31
2.42989e-005 -19 -40 -32
4.10584e-005 19 39 -32
6.10991e-005 -17 -42 -31
0.000109751 16 42 -31
0.000497224 17 41 -32
2.35606e-005 -19 -40 -33
9.10162e-005 -18 -41 -32
8.40272e-005 -17 -42 -32
0.000122392 16 42 -32
0.000448107 17 41 -33
9.33354e-005 -17 -42 -33
0.00011409 16 42 -33
0.000374759 17 41 -34
9.17978e-005 -17 -42 -34
0.00018592 18 40 -35
8.19112e-005 16 42 -34
0.000282071 17 41 -35
7.95701e-005 -17 -42 -35
0.00010916 18 40 -36
4.12508e-005 16 42 -35
0.000182177 17 41 -36
6.04633e-005 -17 -42 -36
5.10547e-005 18 40 -37
9.10984e-005 17 41 -37
4.0683e-005 -17 -42 -37
2.9564e-005 17 41 -38
2.37667e-005 -17 -42 -38
2.37612e-005 -18 -41 -38
3.87813e-005 -18 -41 -37
5.71568e-005 -18 -41 -36
7.53398e-005 -18 -41 -35
8.99797e-005 -18 -41 -34
0.00027179 18 40 -34
9.6787e-005 -18 -41 -33
0.000357281 18 40 -33
0.000421348 18 40 -32
0.000458974 18 40 -31
6.23935e-005 19 39 -31
0.0004488 18 40 -30
2.83511e-005 19 40 -22
8.26322e-005 19 39 -30
5.18171e-005 18 41 -22
5.92376e-005 19 40 -23
0.000111054 18 41 -23
0.000190042 18 41 -24
9.70663e-005 19 40 -24
3.07941e-005 17 42 -24
0.000273749 18 41 -25
6.08011e-005 17 42 -25
0.000347069 18 41 -26
0.000116874 17 42 -26
0.000409595 18 41 -27
0.000181301 17 42 -27
0.000451288 18 41 -28
0.000249602 17 42 -28
0.000466718 18 41 -29
4.44769e-005 -18 -42 -29
3.57197e-005 -19 -41 -30
0.000306811 17 42 -29
0.000463784 18 41 -30
7.48905e-005 -18 -42 -30
0.000348232 17 42 -30
0.000458338 18 41 -31
4.68606e-005 -19 -41 -31
2.86828e-005 -17 -43 -30
8.7272e-005 -18 -42 -31
0.000365577 17 42 -31
4.52791e-005 -17 -43 -31
9.05805e-005 -18 -42 -32
6.18774e-005 19 40 -33
0.000414323 18 41 -32
0.000337116 17 42 -32
5.7119e-005 -17 -43 -32
3.32086e-005 19 40 -34
0.000340644 18 41 -33
0.000273854 17 42 -33
5.82947e-005 -17 -43 -33
0.000252882 18 41 -34
0.000196525 17 42 -34
4.96895e-005 -17 -43 -34
0.00011644 17 42 -35
3.69656e-005 -17 -43 -35
5.18303e-005 17 42 -36
2.32223e-005 -17 -43 -36
3.74522e-005 18 41 -37
3.22666e-005 -18 -42 -37
4.79209e-005 -18 -42 -36
9.1216e-005 18 41 -36
6.58892e-005 -18 -42 -35
0.000166331 18 41 -35
8.1722e-005 -18 -42 -34
2.87899e-005 -19 -41 -34
9.18445e-005 -18 -42 -33
4.04247e-005 -19 -41 -33
4.92364e-005 -19 -41 -32
0.00010694 19 40 -32
3.43687e-005 19 41 -20
0.000155343 19 40 -31
0.000193914 19 40 -30
7.36492e-005 19 41 -21
0.000219478 19 40 -29
2.85925e-005 18 42 -21
0.000118967 19 41 -22
2.31969e-005 20 40 -22
6.0364e-005 18 42 -22
0.000172126 19 41 -23
3.85668e-005 20 40 -23
0.000119719 18 42 -23
0.00022458 19 41 -24
0.000191172 18 42 -24
0.000274299 19 41 -25
0.000270704 18 42 -25
4.04207e-005 17 43 -25
0.000346498 18 42 -26
6.79913e-005 17 43 -26
0.000405612 18 42 -27
3.44909e-005 20 40 -28
0.000105757 17 43 -27
0.000438022 18 42 -28
2.79149e-005 -18 -43 -28
4.70965e-005 -19 -42 -29
0.000136234 17 43 -28
0.000449605 18 42 -29
5.61581e-005 -18 -43 -29
0.000160025 17 43 -29
6.54597e-005 -19 -42 -30
0.000437777 18 42 -30
7.34096e-005 -18 -43 -30
0.000172593 17 43 -30
0.000397416 18 42 -31
8.0686e-005 -18 -43 -31
0.00016599 19 41 -32
7.00196e-005 -19 -42 -31
0.000165842 17 43 -31
0.000331579 18 42 -32
2.22321e-005 -17 -44 -31
8.18604e-005 -18 -43 -32
0.000105561 19 41 -33
0.000131409 17 43 -32
0.000252903 18 42 -33
2.41747e-005 -17 -44 -32
7.32284e-005 -18 -43 -33
5.49122e-005 19 41 -34
8.39308e-005 17 43 -33
2.07431e-005 -17 -44 -33
0.000168898 18 42 -34
5.96489e-005 -18 -43 -34
3.63376e-005 17 43 -34
9.27004e-005 18 42 -35
3.81147e-005 18 42 -36
2.87406e-005 -18 -43 -36
4.42125e-005 -18 -43 -35
2.34761e-005 -19 -42 -35
3.6756e-005 -19 -42 -34
5.20495e-005 -19 -42 -33
6.40397e-005 -19 -42 -32
0.000236791 19 41 -31
2.79418e-005 20 41 -19
5.10321e-005 19 42 -19
0.000298451 19 41 -30
4.68108e-005 20 41 -20
9.95079e-005 19 42 -20
0.000338121 19 41 -29
0.000161497 19 42 -21
7.56168e-005 20 41 -21
0.000364662 19 41 -28
2.75248e-005 18 43 -21
0.000225482 19 42 -22
0.000106831 20 41 -22
0.000353932 19 41 -27
5.5697e-005 18 43 -22
0.00028244 19 42 -23
0.000134955 20 41 -23
0.000106995 18 43 -23
0.000335134 19 42 -24
0.000165031 18 43 -24
0.000374576 19 42 -25
0.000232495 18 43 -25
0.000396268 19 42 -26
0.00029665 18 43 -26
0.000403042 19 42 -27
2.2363e-005 17 44 -26
0.00034585 18 43 -27
4.9359e-005 -19 -43 -28
3.57378e-005 17 44 -27
2.3938e-005 -20 -42 -29
0.000364637 18 43 -28
2.81458e-005 -18 -44 -28
6.64114e-005 -19 -43 -29
3.99954e-005 17 44 -28
2.54154e-005 -20 -42 -30
0.000356275 18 43 -29
5.02307e-005 -18 -44 -29
3.96617e-005 17 44 -29
0.000320082 18 43 -30
6.99589e-005 -19 -43 -30
5.87302e-005 -18 -44 -30
3.26338e-005 17 44 -30
0.000260505 18 43 -31
6.12791e-005 -18 -44 -31
0.000170169 19 42 -32
0.000191036 18 43 -32
5.44221e-005 -18 -44 -32
0.00010422 19 42 -33
0.00012102 18 43 -33
4.31355e-005 -18 -44 -33
5.13658e-005 19 42 -34
5.9208e-005 18 43 -34
3.05224e-005 -18 -44 -34
2.43276e-005 -19 -43 -35
3.57721e-005 -19 -43 -34
4.96075e-005 -19 -43 -33
6.22166e-005 -19 -43 -32
4.37945e-005 20 42 -17
7.05537e-005 -19 -43 -31
0.000241596 19 42 -31
7.84231e-005 20 42 -18
0.000309002 19 42 -30
4.36598e-005 20 41 -30
0.000364381 19 42 -29
2.89997e-005 19 43 -18
0.000112795 20 42 -19
2.15697e-005 21 41 -19
7.2824e-005 20 41 -29
0.000395963 19 42 -28
5.83233e-005 19 43 -19
0.000149785 20 42 -20
2.96643e-005 21 41 -20
0.000107337 20 41 -28
0.000107975 19 43 -20
0.000185134 20 42 -21
3.87011e-005 21 41 -21
0.00016465 19 43 -21
0.000220566 20 42 -22
4.08241e-005 21 41 -22
0.000227765 19 43 -22
3.79457e-005 18 44 -22
0.000290207 19 43 -23
2.87123e-005 21 41 -24
0.000254971 20 42 -23
6.39635e-005 18 44 -23
0.000339424 19 43 -24
0.000102849 18 44 -24
0.000372856 19 43 -25
0.000139966 18 44 -25
0.00038743 19 43 -26
0.000173172 18 44 -26
0.000384464 19 43 -27
3.68035e-005 -19 -44 -27
3.59008e-005 -20 -43 -28
0.000193751 18 44 -27
0.000361572 19 43 -28
5.83491e-005 -19 -44 -28
0.000198106 18 44 -28
4.15667e-005 -20 -43 -29
0.000326333 19 43 -29
6.44938e-005 -19 -44 -29
0.000174093 18 44 -29
0.000269608 19 43 -30
2.76738e-005 -18 -45 -29
6.5523e-005 -19 -44 -30
4.02456e-005 20 42 -31
3.69669e-005 -20 -43 -30
0.000139153 18 44 -30
3.16088e-005 -18 -45 -30
0.000201284 19 43 -31
5.97664e-005 -19 -44 -31
9.33632e-005 18 44 -31
2.80138e-005 -18 -45 -31
0.000131599 19 43 -32
4.77681e-005 18 44 -32
2.04149e-005 -18 -45 -32
6.98202e-005 19 43 -33
2.68525e-005 19 43 -34
2.03254e-005 -19 -44 -35
2.77917e-005 -19 -44 -34
3.79033e-005 -19 -44 -33
4.95173e-005 -19 -44 -32
3.66692e-005 21 42 -16
2.83535e-005 -20 -43 -31
5.13781e-005 20 43 -16
5.49473e-005 21 42 -17
8.21942e-005 20 42 -30
9.58325e-005 20 43 -17
7.79549e-005 21 42 -18
0.000146931 20 43 -18
0.000129273 20 42 -29
2.70039e-005 19 44 -18
0.000196866 20 43 -19
9.9304e-005 21 42 -19
0.000178245 20 42 -28
0.000224387 20 42 -27
5.28722e-005 19 44 -19
0.000238106 20 43 -20
0.000115 21 42 -20
9.64856e-005 19 44 -20
0.000275063 20 43 -21
0.00012358 21 42 -21
0.000144957 19 44 -21
0.000303963 20 43 -22
0.000202476 19 44 -22
0.000321061 20 43 -23
0.000257797 19 44 -23
0.000328739 20 43 -24
2.0372e-005 18 45 -23
0.00030004 19 44 -24
3.69996e-005 18 45 -24
0.000319074 19 44 -25
4.71185e-005 18 45 -25
0.000323757 19 44 -26
2.60341e-005 21 42 -27
4.17507e-005 -20 -44 -27
5.52274e-005 18 45 -26
0.000301542 19 44 -27
3.67487e-005 -19 -45 -27
5.34113e-005 18 45 -27
5.02766e-005 -20 -44 -28
0.000266446 19 44 -28
5.05836e-005 -19 -45 -28
4.23378e-005 18 45 -28
0.000217897 19 44 -29
5.06058e-005 -20 -44 -29
5.32268e-005 -19 -45 -29
2.40935e-005 18 45 -29
0.000157352 19 44 -30
4.82214e-005 -19 -45 -30
5.17201e-005 20 43 -31
9.79285e-005 19 44 -31
3.93069e-005 -19 -45 -31
4.98379e-005 19 44 -32
2.9661e-005 -19 -45 -32
2.05396e-005 -19 -45 -33
4.60352e-005 21 43 -14
2.28616e-005 -20 -44 -32
2.00693e-005 22 42 -15
8.34988e-005 21 43 -15
3.25797e-005 -20 -44 -31
4.18826e-005 -20 -44 -30
9.74369e-005 20 43 -30
2.18416e-005 20 44 -15
2.78513e-005 22 42 -16
0.000116891 21 43 -16
0.000152878 20 43 -29
5.48422e-005 20 44 -16
3.38889e-005 22 42 -17
0.000146138 21 43 -17
0.000211533 20 43 -28
9.73207e-005 20 44 -17
3.84709e-005 22 42 -18
0.000170828 21 43 -18
0.000264389 20 43 -27
0.000146389 20 44 -18
3.5106e-005 22 42 -19
0.000196526 20 44 -19
2.76277e-005 22 42 -20
0.000193524 21 43 -19
0.000304797 20 43 -26
4.65505e-005 21 42 -26
3.34111e-005 19 45 -19
0.000242314 20 44 -20
0.000214421 21 43 -20
0.000330395 20 43 -25
5.66101e-005 19 45 -20
0.000277026 20 44 -21
0.000221918 21 43 -21
9.06098e-005 19 45 -21
0.000302524 20 44 -22
0.000121967 19 45 -22
0.000313957 20 44 -23
0.000152021 19 45 -23
0.000315731 20 44 -24
0.000176353 19 45 -24
0.000305816 20 44 -25
0.000185026 19 45 -25
0.000281433 20 44 -26
3.55511e-005 -20 -45 -26
2.09625e-005 -21 -44 -27
0.000182269 19 45 -26
4.63319e-005 -20 -45 -27
0.000155687 19 45 -27
2.29658e-005 -19 -46 -27
0.000119571 19 45 -28
4.84468e-005 -20 -45 -28
3.04142e-005 -19 -46 -28
7.72743e-005 19 45 -29
2.77544e-005 -19 -46 -29
8.0492e-005 20 44 -30
4.6063e-005 -20 -45 -29
3.85549e-005 19 45 -30
2.16508e-005 -19 -46 -30
3.95629e-005 20 44 -31
2.12256e-005 -20 -45 -32
4.84266e-005 22 43 -13
2.77152e-005 -20 -45 -31
3.99518e-005 21 44 -13
6.94735e-005 22 43 -14
3.75161e-005 -20 -45 -30
7.49746e-005 21 44 -14
0.000131705 20 44 -29
8.60772e-005 22 43 -15
0.000123395 21 44 -15
0.000187157 20 44 -28
2.81481e-005 21 43 -28
0.000167265 21 44 -16
0.000101926 22 43 -16
0.000239505 20 44 -27
5.30984e-005 21 43 -27
4.61253e-005 20 45 -16
0.000197794 21 44 -17
0.000109996 22 43 -17
8.02217e-005 20 45 -17
0.000223319 21 44 -18
0.00011208 22 43 -18
8.87007e-005 21 43 -26
0.000119877 20 45 -18
0.000241189 21 44 -19
0.000103404 22 43 -19
0.000166572 20 45 -19
0.000252752 21 44 -20
0.000210111 20 45 -20
0.000260733 21 44 -21
0.000241074 20 45 -21
2.48841e-005 19 46 -21
0.000256098 20 45 -22
3.01346e-005 22 43 -23
3.68132e-005 19 46 -22
0.000260705 20 45 -23
4.72328e-005 19 46 -23
0.000249494 20 45 -24
5.09828e-005 19 46 -24
0.000225858 20 45 -25
2.82301e-005 -21 -45 -26
4.82208e-005 19 46 -25
0.000189946 20 45 -26
3.50807e-005 -20 -46 -26
3.83435e-005 19 46 -26
3.13292e-005 -21 -45 -27
0.000148821 20 45 -27
3.98931e-005 -20 -46 -27
2.08033e-005 19 46 -27
0.000105284 20 45 -28
3.96226e-005 -20 -46 -28
2.56713e-005 -21 -45 -28
6.1422e-005 20 45 -29
3.24048e-005 -20 -46 -29
2.74042e-005 20 45 -30
4.03429e-005 22 44 -11
2.96139e-005 23 43 -12
2.49968e-005 -20 -46 -30
7.86389e-005 22 44 -12
3.77417e-005 23 43 -13
0.00011031 22 44 -13
3.90875e-005 21 45 -13
4.32414e-005 23 43 -14
0.000134455 22 44 -14
4.02533e-005 21 44 -28
7.14453e-005 21 45 -14
4.37154e-005 23 43 -15
0.000153681 22 44 -15
0.000117126 21 45 -15
3.52761e-005 23 43 -16
7.3272e-005 21 44 -27
0.000159077 21 45 -16
2.55484e-005 23 43 -17
0.000166966 22 44 -16
0.00011445 21 44 -26
0.000190325 21 45 -17
0.000179732 22 44 -17
0.000161617 21 44 -25
3.95756e-005 20 46 -17
0.000215081 21 45 -18
0.000182884 22 44 -18
6.50303e-005 20 46 -18
0.000232255 21 45 -19
0.00017031 22 44 -19
8.95046e-005 20 46 -19
0.00024052 21 45 -20
0.000112229 20 46 -20
0.000243086 21 45 -21
0.000129352 20 46 -21
0.000237823 21 45 -22
0.000139953 20 46 -22
0.000218654 21 45 -23
0.000142648 20 46 -23
0.000123522 20 46 -24
9.9656e-005 20 46 -25
3.05637e-005 -21 -46 -26
7.00242e-005 20 46 -26
2.29053e-005 -20 -47 -26
4.23124e-005 20 46 -27
3.10301e-005 -21 -46 -27
2.44505e-005 -20 -47 -27
2.53049e-005 -21 -46 -28
4.2482e-005 23 44 -10
7.05571e-005 23 44 -11
5.0124e-005 22 45 -11
8.67703e-005 23 44 -12
8.52921e-005 22 45 -12
3.31342e-005 21 45 -28
0.000118834 22 45 -13
9.7279e-005 23 44 -13
6.3243e-005 21 45 -27
2.22093e-005 21 46 -13
0.000142978 22 45 -14
0.000101779 23 44 -14
0.000101933 21 45 -26
4.86698e-005 21 46 -14
0.000163037 22 45 -15
9.80091e-005 23 44 -15
0.000145438 21 45 -25
7.8276e-005 21 46 -15
0.000175376 22 45 -16
8.72825e-005 23 44 -16
0.000186244 21 45 -24
3.48223e-005 22 44 -24
0.000108673 21 46 -16
0.000185371 22 45 -17
7.23995e-005 23 44 -17
0.000142525 21 46 -17
5.39905e-005 23 44 -18
0.00016672 21 46 -18
3.48736e-005 23 44 -19
0.000190765 22 45 -18
0.000178606 21 46 -19
0.000182853 21 46 -20
0.000177216 21 46 -21
2.60738e-005 20 47 -21
0.000162265 21 46 -22
2.69207e-005 20 47 -22
0.000139138 21 46 -23
2.1003e-005 20 47 -23
0.000112175 21 46 -24
2.6587e-005 -21 -47 -26
2.56432e-005 -21 -47 -27
2.11868e-005 23 45 -9
3.43144e-005 24 44 -10
6.55675e-005 23 45 -10
2.0594e-005 -21 -47 -28
4.35043e-005 24 44 -11
9.24617e-005 23 45 -11
2.07761e-005 21 46 -27
3.73119e-005 22 46 -11
4.37186e-005 24 44 -12
0.000108229 23 45 -12
4.85349e-005 21 46 -26
6.86614e-005 22 46 -12
3.1573e-005 24 44 -13
8.13146e-005 21 46 -25
0.000119245 23 45 -13
9.76633e-005 22 46 -13
0.000124237 22 46 -14
0.000128552 23 45 -14
0.000142933 22 46 -15
0.000130702 23 45 -15
4.75575e-005 22 45 -24
0.000156449 22 46 -16
0.000120752 23 45 -16
4.14787e-005 21 47 -16
0.000163239 22 46 -17
0.000105414 23 45 -17
5.76229e-005 21 47 -17
0.000164788 22 46 -18
6.8955e-005 21 47 -18
0.000160803 22 46 -19
7.63272e-005 21 47 -19
7.82697e-005 21 47 -20
6.82703e-005 21 47 -21
5.55444e-005 21 47 -22
3.97442e-005 21 47 -23
2.11662e-005 21 47 -24
2.81994e-005 24 45 -9
5.90386e-005 24 45 -10
5.32082e-005 23 46 -10
7.98556e-005 23 46 -11
6.80811e-005 24 45 -11
9.73382e-005 23 46 -12
6.89697e-005 24 45 -12
6.00046e-005 24 45 -13
0.00010934 23 46 -13
3.91814e-005 22 46 -24
4.34237e-005 22 47 -13
4.81428e-005 24 45 -14
0.000118482 23 46 -14
6.02897e-005 22 47 -14
3.39107e-005 24 45 -15
7.46974e-005 22 47 -15
0.000122174 23 46 -15
6.73593e-005 22 46 -23
8.61509e-005 22 47 -16
0.00011589 23 46 -16
9.22563e-005 22 47 -17
0.000103036 23 46 -17
9.35126e-005 22 47 -18
8.57557e-005 22 47 -19
7.41134e-005 22 47 -20
5.84331e-005 22 47 -21
2.16597e-005 24 46 -9
5.09239e-005 24 46 -10
3.14383e-005 23 47 -11
6.35997e-005 24 46 -11
2.1037e-005 22 47 -23
4.84749e-005 23 47 -12
6.64142e-005 24 46 -12
4.02485e-005 22 47 -22
6.18583e-005 23 47 -13
6.3618e-005 24 46 -13
7.00901e-005 23 47 -14
5.41695e-005 24 46 -14
7.41202e-005 23 47 -15
4.10706e-005 24 46 -15
7.5727e-005 23 47 -16
6.96988e-005 23 47 -17
2.81899e-005 24 47 -11
3.7627e-005 24 47 -12
4.04331e-005 24 47 -13
3.88429e-005 24 47 -14
3.1138e-005 24 47 -15
2.03408e-005 24 47 -16
2.78764e-005 23 47 -20
4.31524e-005 23 47 -19
5.85846e-005 23 47 -18
2.75792e-005 24 46 -16
2.02172e-005 23 46 -21
4.05607e-005 23 46 -20
6.31452e-005 23 46 -19
8.4812e-005 23 46 -18
9.65769e-005 22 46 -22
0.000124421 22 46 -21
0.000147079 22 46 -20
3.63227e-005 23 45 -20
5.95138e-005 23 45 -19
8.37111e-005 23 45 -18
7.95015e-005 22 45 -23
0.000113073 22 45 -22
0.000145219 22 45 -21
0.000168705 22 45 -20
0.000184164 22 45 -19
6.32647e-005 22 44 -23
9.3867e-005 22 44 -22
0.000123615 22 44 -21
0.000151138 22 44 -20
0.0002052 21 44 -24
0.000237586 21 44 -23
0.000258303 21 44 -22
5.32196e-005 22 43 -22
7.05246e-005 22 43 -21
8.8809e-005 22 43 -20
0.000129329 21 43 -25
0.000167109 21 43 -24
0.000196569 21 43 -23
0.000215279 21 43 -22
7.08677e-005 21 42 -25
9.30439e-005 21 42 -24
0.000112037 21 42 -23
0.000125963 21 42 -22
0.000257032 20 42 -26
0.000278946 20 42 -25
0.000274528 20 42 -24
3.71494e-005 21 41 -23
0.000136473 20 41 -27
0.00015552 20 41 -26
0.000162075 20 41 -25
0.000153869 20 41 -24
5.02438e-005 20 40 -27
0.000322771 19 41 -26
5.77905e-005 20 40 -26
5.61252e-005 20 40 -25
4.98565e-005 20 40 -24
0.000224421 19 40 -28
0.000213316 19 40 -27
0.000184576 19 40 -26
0.000143244 19 40 -25
9.55819e-005 19 39 -29
9.41637e-005 19 39 -28
8.39624e-005 19 39 -27
6.23559e-005 19 39 -26
0.00020791 18 39 -28
2.30085e-005 19 38 -28
0.000113873 18 38 -29
7.37823e-005 18 38 -28
3.57412e-005 18 38 -27
3.97454e-005 18 37 -30
2.48831e-005 18 37 -29
4.38494e-005 17 37 -29
4.96971e-005 16 38 -28
4.3489e-005 17 36 -31
