0.238286
-3.06052 4.7424 -3.34708 
-3.63891 3.92782 -2.01841 
-3.7014 5.03877 -1.41278 
-3.24444 4.02894 0.307954 
-3.46299 4.30019 -1.31552 
-3.90786 3.31317 -2.7208 
-3.99492 2.6984 -1.47652 
-3.92102 4.61384 -1.06499 
-3.82284 3.77661 -1.98789 
-4.14462 3.35183 -1.17918 
-4.19462 2.89432 0.583782 
-3.99331 2.61154 -1.15433 
-3.16828 5.16227 -2.04736 
-3.02452 5.57811 -0.499728 
-3.49402 3.9159 -0.193151 
-3.42516 3.54566 -1.02939 
-3.85495 4.61696 -2.84248 
-3.64643 3.57214 -1.43747 
-3.92614 4.18609 -2.87279 
-4.4845 3.32762 0.0847987 
-3.93275 2.24368 -3.09346 
-4.06922 2.56826 -2.57426 
-3.50516 4.78716 -0.710319 
-3.16037 5.27002 -1.82662 
-3.78542 5.03184 -1.71585 
-4.25081 3.30254 -0.671664 
-3.48079 4.96828 -2.54777 
-3.30314 4.38391 -0.79011 
-3.76537 4.0251 -2.66391 
-3.63196 3.60011 -2.00677 
-3.49115 5.10598 -0.944278 
-4.09294 3.74959 -2.03755 
-3.89038 4.39738 -2.04671 
-4.54003 2.40269 -1.74925 
-3.40762 4.56437 -2.82589 
-3.77832 3.27512 -1.03018 
-3.45712 5.33043 -1.92019 
-3.32643 5.02242 0.4861 
-3.46553 4.55027 -1.57414 
-3.74035 3.69168 -1.41068 
-3.20445 4.62983 -1.67874 
-4.02522 2.07663 -0.282105 
-3.52569 4.69286 -1.63351 
-3.11171 5.32314 -1.52236 
-4.28028 3.44419 -0.406879 
-3.34743 5.32017 -1.10493 
-3.14568 4.45564 -1.09189 
-3.23918 5.07417 -0.332428 
-3.16318 4.40525 -0.374129 
-3.12664 4.12362 -1.15852 
-3.88702 2.41959 -0.505988 
-2.81958 4.72285 -0.458931 
-3.68931 4.16806 -1.34632 
-4.18187 4.11256 -0.527722 
-3.21001 5.22767 -1.43984 
-4.27063 2.80223 -2.96437 
-4.12627 3.33516 -2.13392 
-3.5153 4.12005 -1.11164 
-3.55634 4.77106 -1.75744 
-3.40967 5.28913 -3.93101 
-3.02934 5.78042 -2.35406 
-3.65786 3.31493 -1.04162 
-4.66975 1.60082 -0.79265 
-3.90019 2.77232 -0.877857 
-3.98492 2.92725 -1.06587 
-3.9195 4.17499 -1.60803 
-4.25423 3.29435 -0.590886 
-3.84615 3.1707 -1.52155 
-3.75564 3.2664 -1.84365 
-3.60482 3.92235 -1.92879 
-3.86669 3.07339 -1.54352 
-3.86237 3.71763 -1.49362 
-3.30882 4.68562 -1.74826 
-3.90249 3.83535 -2.44167 
-2.89612 5.35919 -3.11615 
-3.99659 3.6081 -1.30283 
-4.09877 3.41445 -1.83738 
-3.85739 2.58979 -0.828831 
-3.57077 4.70239 -0.70512 
-3.49938 3.77747 -0.757994 
-3.44393 4.64699 -1.22476 
-3.93585 3.12707 -1.53782 
-3.98027 3.26109 -0.582675 
-3.22518 3.25385 -2.78517 
-3.64556 3.20029 -1.22325 
-3.32649 4.34941 -1.97567 
-3.89442 3.18979 -2.06378 
-3.1885 5.02606 0.0442641 
-3.91955 2.45087 0.418803 
-4.40422 3.32614 -1.20119 
-3.5332 3.32982 -1.01352 
-4.10585 2.84225 -1.94885 
-2.98835 5.3903 -1.79107 
-3.50197 3.74103 -3.78927 
-4.10366 3.37594 -2.07242 
-3.57851 4.23178 -0.993058 
-3.47645 4.39473 -1.0466 
-3.6544 5.40576 -1.97741 
-3.42009 4.19666 -1.30557 
-2.8634 3.99497 -0.445295 
-3.71101 3.46733 -1.4821 
-3.27599 4.46491 -1.3455 
-4.00495 2.88689 -1.57269 
-3.88678 3.14347 -3.53222 
-4.08323 3.88947 -0.534881 
-3.14935 3.2187 -0.98799 
-3.65397 3.24589 -1.71009 
-4.26935 1.00101 -0.254783 
-3.03735 5.22373 -3.00016 
-4.16251 2.63912 -0.916561 
-3.53248 3.29477 -1.5853 
-3.56658 3.53233 -2.39774 
-3.09832 5.17728 -2.32583 
-3.5247 3.67292 -2.27502 
-4.15095 3.77259 -2.49844 
-4.35872 2.82631 -2.38256 
-3.92223 2.92112 -2.96288 
-3.36162 3.97241 -0.979235 
-3.68557 3.83211 0.721734 
-3.584 3.74432 -0.475177 
-4.42674 3.16593 -0.864941 
-3.79688 3.39097 -1.95488 
-4.0007 3.07282 -2.90712 
-3.62744 4.69975 -1.79601 
-3.4868 4.21762 -0.91637 
-3.46417 4.28583 1.15439 
-3.32467 3.9559 -2.59448 
-3.67866 3.46639 -1.14443 
-3.88804 3.39979 -1.24633 
-3.93305 3.35243 -0.4371 
-3.8808 2.54912 -1.51146 
-3.75626 3.6308 -2.36066 
-4.09667 3.92004 -0.635133 
-3.55912 3.31372 0.129492 
-3.32717 4.89563 -0.826542 
-3.85893 3.4922 -1.7304 
-3.77648 3.49403 -1.15311 
-3.70205 3.91513 0.0231636 
-3.95303 3.83644 -3.0243 
-3.79153 3.40592 -2.26538 
-3.41941 5.47808 -2.06007 
-3.7374 3.3541 -2.04059 
-2.57826 5.25803 -2.30861 
-3.84863 2.9969 -1.70039 
-3.52188 4.14544 -0.883072 
-3.85546 4.62979 -3.27028 
-3.86452 3.03622 -0.361499 
-3.19475 4.14401 -1.17004 
-4.13602 3.62309 -2.72415 
-3.94964 4.30761 -1.92537 
-3.7513 2.76425 -1.61834 
-3.67528 3.62505 -0.791355 
-2.40562 7.00072 -2.29474 
-3.22265 5.39837 -3.40814 
-3.2526 5.02139 -2.04665 
-3.72959 3.92869 -1.40192 
-2.54063 5.61354 -3.17903 
-3.17004 4.5104 -0.275986 
-4.2172 2.95839 -1.22065 
-4.35555 1.89214 -0.551768 
-3.43383 3.91146 -1.69114 
-3.34218 4.39583 0.605728 
-4.23488 3.58991 -2.50548 
-3.4921 4.01543 -1.95047 
-3.71727 2.93051 -1.68928 
-2.44041 5.17966 -0.983569 
-3.54472 3.93961 -2.34353 
-3.81598 3.60705 -0.437687 
-4.22851 2.68521 -1.70546 
-3.6677 4.16017 -2.96534 
-3.44828 4.06927 -0.187542 
-3.66346 3.3506 -3.13666 
-4.0452 3.58693 -1.19921 
-3.54371 3.17455 -0.87271 
-3.61015 3.50134 -3.59368 
-3.9917 2.8953 -2.73328 
-3.42302 4.38038 -2.42155 
-3.89431 4.07957 -1.24867 
-3.82642 3.11068 -1.54013 
-4.30094 2.6837 -1.17886 
-4.12228 4.39484 -2.61808 
-3.93115 4.52685 -1.13898 
-3.72757 4.37072 -0.0845968 
-4.14219 2.93568 -1.7972 
-3.16827 4.64944 -1.33893 
-3.75772 3.70274 -2.14008 
-3.4247 4.66469 -3.11422 
-4.28452 1.97189 -1.94618 
-4.03234 4.06263 -1.91214 
-3.37903 4.49598 -0.827712 
-3.39892 5.01391 -2.67816 
-3.49196 3.34682 -1.56127 
-3.38801 4.01663 -0.9888 
-3.23648 3.67571 -1.61288 
-3.17002 4.5005 -3.48709 
-2.6803 6.21999 -0.867016 
-3.75195 3.638 -1.16671 
-3.79539 4.3164 -1.35769 
-3.94554 2.76381 -0.354135 
-3.47321 4.8241 -2.53532 
-4.22579 3.50083 -1.68676 
-3.98493 3.08101 -1.62022 
-3.82324 3.97546 -2.1547 
-2.97912 5.43354 -3.06751 
-3.33377 3.78032 -1.68174 
-3.99266 4.40445 -2.89608 
-3.9664 3.73893 -0.406307 
-3.64858 3.21494 -2.57761 
-3.47951 4.24393 -2.21085 
-3.13123 5.25282 -1.24037 
-3.49142 4.07814 -0.595448 
-4.10794 3.2695 -1.37035 
-3.11355 4.92826 -1.6883 
-4.0127 4.10635 -3.09256 
-3.66119 4.16132 -2.51063 
-3.53943 3.84345 -1.32812 
-3.81235 3.70262 -0.433433 
-3.49537 3.10922 -1.35585 
-4.00897 3.44793 -1.58875 
-3.35722 4.17346 -0.407713 
-3.65481 4.88046 -2.84349 
-3.81668 3.62496 -0.138634 
-3.61959 4.4073 -2.53818 
-3.412 4.87867 -1.97452 
-3.81265 4.33761 -1.39693 
-4.14364 3.8057 -0.118405 
-3.81944 2.81458 -0.701654 
-4.07556 1.67156 -2.37606 
-3.40613 4.98161 -2.68112 
-3.81995 3.80444 -2.1632 
-3.79691 4.03844 -2.53364 
-3.14594 4.33651 -2.18078 
-3.99201 2.71943 -0.0438693 
-3.89856 3.72087 -0.791022 
-4.15221 2.70055 -2.09723 
-4.07625 4.05246 -0.835057 
-3.57547 3.99719 -0.444727 
-3.93828 4.08691 -2.59776 
-4.27481 2.298 -1.52587 
-3.98306 4.26481 -1.753 
-4.01511 1.37125 0.139694 
-2.96871 4.2033 -1.28695 
-4.27641 3.26079 -4.17436 
-4.63618 2.11883 -0.242026 
-3.21628 4.09936 -2.31316 
-3.44836 5.5654 -1.35891 
-3.75825 4.37675 -0.68184 
-2.937 4.68074 -1.58304 
-4.04927 3.52801 -1.70613 
-3.21067 4.87106 -2.42392 
-3.63508 3.39214 -1.13022 
-3.03291 4.85508 -3.08957 
-4.2075 3.22509 -3.45833 
-3.58569 3.80757 -0.828888 
-3.95083 4.40031 -3.89298 
-3.6625 3.51014 -2.04182 
-3.41868 4.1061 -2.69391 
-3.62353 3.73329 -1.62991 
-3.41864 5.40889 -2.81748 
-3.69217 5.56939 -1.62736 
-3.79341 3.95775 -0.438082 
-4.4239 1.69604 1.5199 
-3.45976 3.46042 0.0881722 
-3.85783 4.28827 -1.95046 
-3.81178 4.45986 -2.73922 
-4.99282 2.54045 0.559843 
-3.93331 4.28263 -0.714406 
-3.76623 4.19546 -1.7271 
-3.24062 5.50049 -1.43459 
-3.75247 3.0479 -0.643398 
-3.20431 4.46958 -1.21981 
-3.60007 4.17928 -2.39459 
-2.93338 4.63572 -1.25486 
-3.47293 3.51207 -1.5623 
-3.75381 4.51415 -0.395644 
-3.33329 5.16527 -1.14509 
-4.22038 2.86556 -0.552204 
-4.10821 2.982 -2.72494 
-4.21407 4.31856 -2.38766 
-3.4064 4.40043 -1.17611 
-4.03722 3.19014 -0.034118 
-3.2502 4.49852 -2.35361 
-4.15057 3.27655 -1.1339 
-3.60717 4.1129 -1.3644 
-3.53261 2.92829 -1.47826 
-4.09674 3.3089 -1.40157 
-3.55165 3.59277 -1.45515 
-3.0999 3.13945 -0.324783 
-3.65175 4.54473 -1.46172 
-3.43305 3.58476 -1.77183 
-4.05016 1.85726 0.188244 
-2.99416 5.54388 0.778509 
-4.06093 1.99958 -1.77577 
-2.78014 4.66096 -0.717804 
-3.69627 4.25799 -2.64385 
-3.71034 4.05843 -1.14262 
-3.35621 3.34078 -1.40806 
-3.81628 4.04736 -2.91312 
-4.35244 3.72517 -1.53142 
-3.5752 3.34006 -0.822971 
-3.38981 5.46933 -1.73681 
-3.59143 4.53888 -0.277243 
-3.40792 4.29666 -2.30954 
-3.58678 3.48338 -1.42628 
-3.69176 3.89061 -1.34416 
-3.49753 4.11761 -2.17963 
-3.64501 3.41425 -0.0847028 
-4.12812 3.2801 -1.4784 
-3.75746 3.63275 -2.25657 
-3.72255 3.96532 -1.82276 
-2.97248 4.56522 -0.385605 
-3.95564 3.60134 -2.58038 
-3.34376 4.42305 -2.23131 
-3.75952 4.72292 -2.95134 
-3.5208 3.55519 -0.17341 
-3.86592 3.6815 -0.574949 
-3.68678 2.88795 -1.44889 
-3.63121 2.86149 -0.383507 
-3.69966 4.01901 -2.75206 
-3.3921 4.78544 -1.43113 
-3.98941 2.43639 0.0277824 
-4.24527 3.04105 0.345815 
-3.49801 4.77998 -1.7924 
-3.29082 4.84929 -1.61121 
-3.49024 3.76428 0.0572894 
-4.02626 3.41677 -1.63041 
-3.67418 3.21346 -1.53401 
-4.06374 3.14509 -0.476855 
-3.07584 4.78782 -1.44374 
-2.79369 4.73506 -1.70176 
-3.23686 3.52053 -1.71988 
-4.60698 2.80673 -2.30062 
-3.77422 4.33019 -2.77527 
-3.99533 3.45612 -0.896098 
-3.22287 4.87725 -1.89014 
-4.19352 3.98965 -1.56938 
-3.48568 4.30526 -0.854501 
-4.03339 2.65077 -1.43363 
-3.81356 2.90964 -1.32097 
-3.0957 4.12729 -2.05385 
-4.35498 3.15228 -0.782983 
-3.59364 4.57232 -0.678078 
-3.20532 4.00198 -0.826632 
-3.55981 3.61431 -1.05975 
-3.32318 4.11527 -0.02556 
-4.09304 3.81584 -0.645643 
-3.45876 4.03817 -0.778316 
-3.77201 2.83343 -2.28199 
-3.65797 3.61906 -2.61996 
-3.32422 4.93061 -0.911789 
-3.98306 3.64029 -1.59998 
-3.5134 4.10013 -1.34871 
-3.23206 5.64172 -1.13668 
-4.016 3.7489 -2.58327 
-4.17929 2.29335 -0.0897661 
-3.82414 4.00155 -1.45956 
-3.96481 3.08788 -0.618971 
-3.10968 4.02416 -1.46151 
-4.43013 2.63819 -2.05658 
-3.20436 4.79698 -0.71616 
-3.60532 4.56283 -2.82325 
-3.3693 5.35269 -2.41249 
-3.63468 3.01156 -1.27664 
-3.56978 3.90212 -3.56632 
-3.8946 4.09968 -2.47853 
-3.46891 4.1256 -2.56477 
-3.32664 4.11263 -1.65909 
-3.37944 4.28208 -3.29897 
-3.83377 3.69835 -1.78655 
-3.38139 3.35246 -1.94265 
-3.49554 5.89879 -1.9536 
-3.66681 4.57599 -0.914858 
-3.65272 4.88714 -2.7048 
-4.59267 3.10865 -1.65728 
-4.30498 2.96806 -0.231689 
-2.57463 4.9426 -0.383819 
-3.79826 4.48231 -1.96345 
-3.55896 3.34825 -0.1423 
-3.96868 3.36246 -1.22108 
-4.20097 2.68261 -2.06777 
-3.46542 3.65959 -0.421734 
-3.61139 3.96976 -0.894716 
-2.89353 6.5883 -1.37896 
-4.22054 2.26058 -1.20127 
-3.47824 4.08224 -1.05239 
-3.35228 4.11302 -0.467906 
-3.22738 4.99272 -1.45207 
-2.90629 4.94158 -2.15425 
-3.62923 4.79304 -3.44255 
-3.23768 3.53388 -2.38142 
-3.71595 4.00802 -1.88318 
-3.01758 5.04224 -1.99287 
-3.51319 4.18113 -1.81736 
-4.42578 2.37324 -2.14674 
-3.38985 4.41311 -1.05931 
-3.90217 3.807 -0.6385 
-3.53408 4.22501 -0.636745 
-3.89172 3.63251 -2.33114 
-3.45378 4.20994 -0.873726 
-3.75988 3.46186 -1.6657 
-3.56844 3.43753 -2.42373 
-3.48674 3.70351 -2.67646 
-3.715 3.28758 -0.353964 
-3.84728 3.49283 -0.0842575 
-4.22898 2.54929 -0.433652 
-3.97246 3.06092 -2.76993 
-4.19545 1.54959 -1.52794 
-3.35329 3.74879 -1.52521 
-3.69168 4.05808 -0.636939 
-3.70282 3.66158 -0.506393 
-3.51053 4.36575 -0.611796 
-3.99844 2.69409 -1.55642 
-3.87658 3.70276 -0.165939 
-3.22083 4.0517 0.0735771 
-3.8465 2.62617 -1.72382 
-3.24816 3.62932 0.216244 
-3.84536 3.47654 -1.46514 
-4.46044 3.10999 -0.786292 
-3.56623 3.57513 -1.26624 
-3.47979 3.99693 -1.79661 
-3.11009 4.38581 -2.20374 
-3.52671 3.47069 -0.32908 
-3.65572 4.44799 -0.588554 
-3.74818 5.56157 -1.32465 
-3.4241 4.95604 -3.58132 
-3.11186 4.13241 -0.479343 
-3.99418 2.49049 -1.54965 
-3.3277 4.78657 -0.99476 
-3.43703 2.96686 -1.23361 
-3.67622 4.6719 -0.74579 
-3.53478 4.64985 -2.72728 
-3.11382 4.34056 -1.66929 
-3.2387 4.4669 -0.861041 
-3.75656 2.78115 -1.93663 
-3.79925 3.27503 -0.794344 
-3.72777 2.93278 0.421824 
-3.30843 5.70004 -2.02381 
-3.68359 3.11913 -0.388578 
-3.67823 3.05336 -2.47715 
-3.51665 4.4686 -1.84517 
-4.1723 3.2393 -0.852667 
-4.00748 2.95583 -2.87057 
-3.1872 4.33328 -1.1594 
-3.64929 5.68277 -2.14426 
-4.00781 2.59856 -1.6892 
-3.14304 5.16903 -2.62969 
-3.98775 2.74741 -1.56191 
-4.02342 4.06352 -1.78133 
-3.10394 5.69183 -1.6879 
-3.46257 4.48619 -0.856799 
-3.87992 4.5849 -2.99454 
-3.25547 4.70209 -2.8342 
-3.49503 3.31098 -3.08494 
-3.81433 2.72045 -1.99474 
-2.92007 5.31952 -1.66484 
-3.80725 3.34988 -0.717581 
-3.50407 3.07355 -1.11363 
-4.56016 3.05266 -2.93927 
-3.65482 4.92112 -2.46176 
-4.06163 3.39408 -2.80197 
-4.18237 3.38724 -1.33198 
-3.68569 2.66866 -2.11289 
-4.10936 2.85294 -1.45271 
-3.93358 3.04461 -1.32042 
-3.58542 2.6547 -1.81211 
-2.75136 5.48543 -3.24329 
-3.83494 4.14405 -2.62572 
-3.98437 4.26116 -2.1 
-3.65246 3.92456 -0.514073 
-4.05764 4.08342 -1.32625 
-3.37202 3.89299 -2.6651 
-4.46294 2.52051 -1.03015 
-4.0734 3.43825 -1.09691 
-3.81316 4.6374 -1.01947 
-3.36222 4.29638 -0.681516 
-3.71944 2.76982 -2.69469 
-3.01517 6.14614 -1.3876 
-3.91553 3.50108 -1.02353 
-3.25976 4.13713 -2.37204 
-4.50041 1.05136 0.0740642 
-3.11009 4.01994 -0.244173 
-3.59124 3.3081 -2.08821 
-4.16069 3.45272 -0.792953 
-3.48435 3.88041 -0.593931 
-2.71391 5.54509 -2.81618 
-4.41603 2.56191 0.13887 
-2.76096 5.02719 -2.16188 
-3.03961 3.41499 -0.898324 
-3.48588 3.96579 -2.55524 
-3.58443 4.06094 -2.5002 
-3.15564 5.16837 -1.51274 
-3.00396 4.82258 -2.35655 
-4.40959 1.34779 -0.408378 
-3.78349 3.57075 -1.99746 
-3.7102 4.19652 -1.32662 
-3.89817 2.98497 -2.7258 
-2.82086 5.73432 -0.949271 
-3.5102 4.04882 -2.59831 
-3.56551 3.94284 -2.6369 
-3.82511 3.43201 -0.676398 
-3.21073 5.23713 -1.78273 
-4.03925 3.18093 -1.43052 
-4.02413 3.06472 -1.27216 
-3.73892 3.30284 -1.28524 
-3.54101 5.06802 -1.31578 
-3.52913 4.72852 -1.89322 
-2.59784 4.78494 -0.566185 
-2.89682 5.29572 -1.85796 
-4.36937 2.44181 -2.68021 
-3.62405 4.19654 -1.41206 
-3.59526 3.87337 -1.89914 
-3.81174 2.97223 -1.88509 
-3.51418 4.04732 -2.76123 
-3.65475 3.44735 -1.63284 
-3.47492 4.63916 -3.1948 
-3.20003 4.08895 -1.53036 
-3.13401 4.11825 -1.28102 
-3.63476 4.71883 -2.377 
-3.9871 3.61879 -0.0667556 
-3.98484 3.1399 -2.94374 
-4.06719 4.29366 -1.48536 
-3.63202 4.29743 -3.33576 
-4.30962 2.51642 -1.57964 
-3.49847 3.5228 -1.20552 
-3.83767 3.21866 -1.59191 
-3.71944 3.96119 -0.665096 
-3.90979 3.5607 -2.6773 
-3.36356 4.83246 -1.94108 
-3.95023 3.97083 -1.34828 
-3.69727 3.32355 -1.95743 
-3.22141 4.11745 -0.0895798 
-3.84149 3.60927 -0.0700414 
-3.05199 5.13291 -1.31507 
-3.49758 4.94187 -1.97895 
-3.12207 4.94224 -1.58225 
-3.51225 4.19247 -0.842622 
-3.77791 3.86143 -2.14931 
-3.90198 3.30426 -2.16096 
-3.77404 3.75083 -0.784731 
-3.47694 3.80393 -0.266035 
-3.12235 5.26803 -1.23938 
-3.38509 3.48376 -1.38887 
-3.28649 4.43516 -1.09711 
-4.01321 4.18414 -0.58533 
-3.6853 4.27625 -2.3566 
-3.80766 3.14854 -1.76836 
-4.59799 3.10488 -2.05802 
-3.78665 3.9831 -2.15573 
-3.56328 3.30531 -1.9619 
-3.95939 3.33403 -2.43768 
-4.07136 3.04574 -2.01827 
-4.04119 3.18994 -0.0561659 
-4.28091 3.8018 -0.813554 
-3.7619 5.43013 -0.949703 
-3.1075 3.27462 -1.07179 
-3.44037 4.05991 -1.17791 
-4.02872 3.52977 -1.71935 
-2.97989 3.62179 -3.32586 
-3.61274 3.74687 -2.03542 
-4.20203 1.93055 -2.45408 
-2.25194 6.1528 -1.0563 
-3.1364 5.03654 -2.53383 
-3.90465 3.44012 -2.11097 
-3.89635 4.02869 -1.8937 
-3.72019 3.04531 0.138402 
-2.73506 4.21959 -0.654862 
-3.60306 3.8282 -1.03451 
-2.77892 6.21525 -0.183453 
-3.71874 3.85943 -1.18713 
-3.51688 3.90322 -1.50533 
-3.88864 3.45228 -1.91514 
-3.64891 3.07621 -2.52165 
-3.52807 3.46661 -0.551701 
-3.40397 4.41384 -1.65257 
-3.17886 5.39419 -1.77731 
-3.68538 3.54382 -1.10085 
-3.77215 3.70768 -1.3023 
-3.56009 4.17703 -1.01398 
-4.07107 3.85206 0.27414 
-3.44371 4.1534 -1.34318 
-3.07041 4.28388 -1.86328 
-4.05633 3.03181 -1.60181 
-4.45894 2.26227 -0.881236 
-4.16478 4.09987 -2.51033 
-3.87706 4.83736 -1.48764 
-3.55891 2.81481 -1.22326 
-3.75451 3.82166 -1.41719 
-4.06797 3.85111 -2.06276 
-3.70956 2.02744 -2.2078 
-3.16934 3.48426 -1.94672 
-3.96334 3.53783 -1.51998 
-3.89535 2.88568 -1.26962 
-3.91965 3.40271 -1.04843 
-3.61014 4.93905 -1.43879 
-3.41957 5.44581 -1.85701 
-4.26079 1.88588 -0.341885 
-4.01814 3.81545 -0.529269 
-3.08018 4.49812 -1.59644 
-4.00327 2.64886 -1.86524 
-4.12481 2.47511 -1.21516 
-3.83006 4.32701 -1.36505 
-3.19096 4.39054 -2.33045 
-4.1374 4.26539 -1.49748 
-3.84399 4.48724 -1.86797 
-3.2546 5.10092 0.228828 
-4.51416 1.35217 -1.30848 
-3.71915 4.13374 -1.22231 
-4.25334 2.64681 -2.10073 
-4.05234 3.30245 -1.69833 
-4.12874 2.34644 -1.74328 
-3.52042 3.58284 -1.35878 
-3.45752 3.8319 -2.21467 
-3.14224 4.37472 -0.272546 
-3.47174 3.91557 -1.1318 
-4.03725 3.45233 -2.13494 
-3.52998 4.04216 -2.71557 
-4.05562 3.96583 -3.07179 
-3.18817 3.56307 -0.783696 
-3.31085 2.75094 -1.38216 
-4.37243 2.13427 -1.39501 
-4.5122 1.29425 -1.16689 
-4.02307 3.68376 -1.26797 
-2.75155 5.66493 -0.697215 
-3.6317 3.03765 -1.55619 
-3.49736 4.94679 -2.53563 
-4.20092 2.86852 0.0970514 
-3.52746 5.14671 -1.80393 
-3.7956 3.88363 -1.94983 
-3.12207 4.47539 -1.49427 
-4.10841 2.96119 -0.921751 
-3.33353 5.26434 -1.00268 
-3.77166 2.95872 -1.4642 
-3.9463 4.14771 -1.43189 
-3.30847 3.62318 -1.87975 
-3.86394 4.25693 -0.660942 
-3.43397 3.85709 0.49148 
-3.76824 3.79697 -0.345279 
-4.4056 1.53247 -1.05965 
-3.35647 4.46809 -1.73941 
-3.96289 2.83633 -2.67649 
-3.60775 4.2327 -0.784125 
-4.05231 2.9662 -0.705146 
-3.14073 4.06142 0.195525 
-3.50799 4.41865 0.822403 
-2.94787 5.42844 -2.74927 
-3.35415 4.52721 -1.39617 
-3.67444 3.27399 -3.04896 
-3.90876 3.63219 -0.725379 
-3.63424 4.76213 -1.3544 
-3.46396 4.95545 -1.62605 
-3.50128 4.06921 -3.21978 
-2.51278 4.94614 -2.6471 
-3.77439 2.92523 -1.48992 
-3.67011 4.44293 -0.54254 
-3.50695 3.44308 -2.2715 
-2.9368 4.10426 -1.2236 
-5.04433 2.89491 -2.37859 
-3.85896 4.08167 -1.40986 
-3.91706 4.57646 -1.22492 
-3.65672 3.96368 -0.600615 
-4.17394 3.86778 -0.540208 
-3.75018 4.00066 -1.84723 
-3.35071 3.33721 -0.0703827 
-3.24657 5.11593 -3.38432 
-2.89511 5.17015 -1.73048 
-3.37251 3.90288 -3.78742 
-3.30237 4.89222 -2.48924 
-4.34753 3.92831 -1.79191 
-3.78425 4.29793 -1.98797 
-4.16453 3.86179 -2.34507 
-4.27422 2.99851 -1.89565 
-3.56409 3.92903 -1.59461 
-3.80653 3.36916 -0.952145 
-3.31996 4.93167 -4.48925 
-3.57814 4.46596 -1.78567 
-3.09282 4.49458 -0.765034 
-3.65052 3.92783 -1.80552 
-3.94385 2.73739 -2.0885 
-3.35773 3.41891 -0.982296 
-3.74374 4.11623 -1.26942 
-4.25314 2.52615 -0.721806 
-3.46696 3.98867 -2.19314 
-4.2123 2.142 -1.24293 
-2.80285 4.55445 -2.53065 
-4.01556 1.87682 -2.11364 
-3.93218 3.47642 -1.20603 
-3.03155 4.98235 -1.38811 
-2.93299 5.56448 -1.20588 
-3.35639 5.63388 -0.906984 
-3.53412 3.20902 -1.53452 
-4.09498 3.50761 -0.978836 
-3.683 3.10736 -1.84583 
-4.08697 2.99919 -1.55824 
-3.20502 5.6972 -1.2328 
-4.30945 1.42857 -0.610023 
-3.23759 4.2554 -2.08681 
-3.50717 4.29317 -1.55307 
-3.69443 3.13306 -1.56588 
-3.83539 4.20503 -1.43685 
-3.34119 4.64508 -1.78739 
-3.49363 4.04829 -0.591179 
-3.59303 5.1822 -3.13593 
-3.79889 3.74852 -0.547792 
-3.84627 2.75824 -0.491042 
-3.96508 3.89866 -1.96334 
-3.89393 3.17301 0.5361 
-4.37947 2.08606 0.265701 
-3.87707 3.62682 -1.35763 
-3.39574 3.68458 -2.11254 
-4.02749 2.84178 -1.41272 
-3.85543 3.70106 -0.902481 
-3.29936 4.93156 -0.760675 
-3.52011 5.28164 -2.27171 
-4.18371 1.75507 -1.88753 
-3.87341 2.52029 -1.39353 
-2.50128 5.6348 -0.508145 
-3.71123 4.23733 -0.0761401 
-4.3395 2.28147 0.028654 
-3.57329 3.44409 -0.526932 
-2.23671 5.25455 -1.65945 
-3.88664 3.19968 -1.58286 
-4.27371 3.29906 -0.837898 
-4.41846 3.12297 -0.808924 
-3.76335 4.78289 -0.777689 
-3.71324 2.61411 -1.59023 
-3.32199 4.09489 -2.08965 
-2.89672 4.30884 -2.6023 
-3.3344 4.10417 -1.95798 
-3.83696 4.22551 -1.78711 
-3.66337 3.8637 -0.596709 
-3.86379 4.55483 -2.53006 
-3.76742 3.64958 -2.07161 
-2.61276 4.9698 -2.584 
-3.62649 3.19966 0.0310559 
-3.83192 4.41506 -3.65037 
-3.58808 5.08243 -4.1587 
-3.53412 3.34054 -2.97693 
-2.70965 4.54158 -1.32862 
-3.55206 4.23378 -0.77665 
-3.80345 3.133 -1.08202 
-4.05409 3.08652 -3.78179 
-3.59857 4.30436 -1.58152 
-3.4134 3.8817 -1.07802 
-3.83337 4.35169 0.402813 
-3.39626 4.28734 -1.58826 
-3.73256 4.04222 0.0566827 
-3.38726 4.66788 -3.99081 
-3.41401 4.81456 -1.03623 
-4.0098 2.99354 -1.5295 
-3.44955 4.59567 -0.126359 
-4.29214 2.91416 -2.76947 
-3.91175 3.43101 -2.69961 
-3.9019 4.32097 -2.04265 
-3.32568 4.41001 -1.64072 
-3.37346 3.33856 -2.17142 
-3.89926 4.0816 -1.99955 
-4.18532 3.16939 -1.79007 
-3.54925 3.31642 0.0278012 
-3.08376 4.89007 -0.279487 
-2.95266 5.18561 -2.90057 
-3.72948 2.81785 -0.978381 
-3.21198 4.70953 -1.512 
-4.02442 2.46966 -1.11942 
-3.95406 3.28447 -0.701758 
-3.4115 4.38008 -1.81269 
-3.63469 4.16489 -1.05804 
-3.86842 3.85774 -1.97333 
-3.84655 2.72833 -1.59552 
-3.4273 4.02958 0.734304 
-3.57046 3.02125 -1.49912 
-3.39383 4.04377 -1.37501 
-3.13691 4.43607 -0.902146 
-3.85229 4.659 -2.53403 
-4.33892 2.57347 -0.659984 
-3.5301 3.6498 -0.853986 
-3.80166 2.96993 -0.484778 
-4.31875 3.24403 -0.775859 
-3.22953 5.02466 -3.52417 
-3.93644 2.77679 -1.65554 
-4.21265 2.70561 -1.27659 
-3.83873 2.84353 -1.5535 
-3.84771 3.28545 -1.07296 
-2.32296 4.75267 -0.684782 
-3.38684 4.62542 -2.16685 
-3.26024 4.53286 -1.16477 
-4.15581 3.56871 -1.96245 
-3.92245 3.42657 -0.527108 
-3.86435 3.58319 -1.73197 
-4.31642 3.20593 -1.60653 
-4.01338 3.95386 -1.77288 
-4.44968 1.84085 -0.878241 
-3.76564 3.44223 -0.830961 
-3.98623 3.97189 -1.555 
-3.71502 4.4728 -1.66324 
-3.71053 4.37549 -1.85507 
-4.32333 2.85208 -1.85131 
-3.52413 3.56911 -0.474526 
-3.76646 3.69001 -2.18153 
-3.88123 4.35895 -0.819711 
-3.85013 3.77321 -2.93032 
-3.0215 4.69948 -1.66298 
-4.16656 3.80249 -0.338878 
-3.66621 3.70949 -1.97694 
-3.9981 3.48942 -1.81059 
-3.18394 5.53141 -3.05822 
-3.73945 3.54073 -3.61334 
-3.82957 4.36317 -1.04855 
-3.59399 3.66377 -1.9109 
-3.37284 4.57363 -1.79522 
-3.66687 3.52336 -1.1997 
-3.67361 4.5045 -0.297499 
-4.11732 4.61421 -1.26583 
-3.9143 2.86267 -1.38439 
-3.28061 3.97933 -1.82467 
-3.36796 4.2381 -0.875706 
-3.87355 3.60567 -2.32556 
-3.37466 4.08395 -1.96742 
-4.09845 2.95837 -1.53039 
-3.89683 3.57515 -1.8838 
-3.6809 3.37314 -2.48443 
-3.71762 3.7489 -1.76739 
-3.75953 3.37531 -1.77502 
-3.4835 4.39487 -2.49396 
-4.35248 2.46377 -1.06632 
-3.3349 3.52733 -2.48562 
-4.08712 2.15048 -0.206405 
-4.0278 2.98314 -0.741817 
-3.99254 1.77625 -1.04788 
-3.9901 2.68168 -2.33195 
-3.71453 2.71132 -3.16975 
-2.95584 5.11773 -2.58278 
-4.07004 2.39946 0.201119 
-3.50883 4.20326 0.207914 
-3.78588 3.20854 -1.07607 
-3.46702 3.82813 -1.05786 
-3.51074 3.95981 -1.30429 
-4.08811 3.88932 -3.22326 
-3.36697 3.89736 -1.27258 
-3.23183 3.0724 -0.760634 
-4.19615 3.49546 -2.49092 
-3.52535 3.37922 -2.30042 
-4.61401 3.48598 -1.8864 
-3.86795 1.8478 -1.17131 
-3.46379 3.86595 -1.51201 
-3.68216 4.32224 0.213318 
-3.635 3.68376 -1.87283 
-3.40465 4.85407 -1.42447 
-3.50265 4.54955 -1.41887 
-3.76304 3.63304 -2.42891 
-3.88874 3.60576 -2.77072 
-3.76508 2.77375 -1.14374 
-3.5322 3.51147 -1.13161 
-4.19046 2.8609 -2.1929 
-3.28367 3.99455 -2.97641 
-4.16451 1.10457 -3.07156 
-3.70293 3.2714 -1.19462 
-3.93862 4.02054 -1.0863 
-3.81186 4.02224 -0.864764 
-3.18506 5.77271 -1.06089 
-3.64817 3.09722 0.313101 
-3.85763 3.8077 -2.21867 
-3.83298 3.78721 -1.87264 
-3.70147 3.6131 -1.44762 
-3.89504 4.46113 -1.41649 
-3.533 5.03352 -0.835272 
-3.76948 3.40204 -2.15196 
-3.97885 3.24536 -2.39717 
-4.08179 3.21025 -1.92829 
-3.48062 4.6532 -1.98055 
-3.82777 4.67976 -0.84747 
-3.45632 4.40352 -1.34782 
-3.95331 3.87712 0.27342 
-3.33794 4.2622 -1.55368 
-3.91388 3.13151 -0.776066 
-3.81154 1.66589 -0.906617 
-3.53288 3.63912 -2.9881 
-4.25863 3.51794 -2.64978 
-3.46092 5.10768 -3.45496 
-3.04582 3.44807 -0.00630634 
-3.55416 3.88538 0.0952166 
-3.82112 3.23273 -2.49567 
-3.46216 3.95018 -1.24713 
-3.90347 4.033 -0.576805 
-3.82528 4.23929 -3.44339 
-3.91016 3.186 -1.46707 
-2.994 4.34452 -1.67148 
-3.32642 4.55305 -3.91584 
-3.67249 3.86801 -2.23305 
-3.41117 3.70663 -0.537071 
-3.55041 4.5038 -2.1639 
-3.50477 4.76735 -0.770167 
-3.47512 5.02296 -1.8908 
-2.99844 6.02561 -0.620642 
-4.43418 1.67782 -0.0152871 
-4.21118 3.33849 -0.13378 
-3.76512 4.05955 -2.8199 
-3.46712 3.20319 -1.91413 
-3.5343 4.66093 -1.54671 
-4.28421 3.4791 -1.67063 
-3.36789 2.65084 -1.41875 
-3.58254 3.86665 -1.34217 
-3.79423 3.31826 -1.1333 
-4.05714 3.51825 -1.77811 
-3.36847 4.26241 -0.516611 
-3.08952 5.03952 -0.348988 
-3.92627 3.92887 -1.58673 
-3.86804 3.24686 -1.32523 
-3.87048 3.4076 -2.23716 
-3.83789 3.5513 -0.455061 
-3.78994 4.03289 -0.810049 
-3.93067 2.95124 -0.558218 
-3.54086 4.72553 -2.88141 
-3.07974 5.54904 -2.27775 
-3.99695 4.31332 -0.653038 
-3.20877 4.31876 -3.33088 
-3.92452 4.38219 -1.83018 
-3.99648 2.40666 -0.588464 
-3.49069 4.14625 -0.844841 
-2.85757 5.38079 -2.30198 
-3.93319 3.11091 -1.20897 
-3.41741 4.66585 -2.7983 
-3.4051 4.63371 -1.93728 
-3.53296 4.30095 -2.06487 
-3.78891 3.54094 -0.945695 
-3.39677 3.98223 -2.60193 
-4.62997 2.20043 -0.405862 
-3.51739 4.85867 -1.86584 
-3.93083 3.3525 -0.414648 
-3.83541 2.83016 -2.56094 
-3.61943 5.38259 -2.1331 
-3.48532 4.21862 0.237673 
-2.94658 5.0513 -0.632237 
-3.8796 4.31575 -2.53133 
-4.25505 3.14063 -0.362214 
-3.71742 2.97884 -2.50445 
-3.50111 4.33861 -0.943236 
-3.28561 4.58527 0.0616067 
-3.32782 5.1726 -2.96062 
-3.04817 5.03292 -1.64354 
-4.283 3.17509 -0.934692 
-3.66288 3.9857 -1.23553 
-3.68304 3.76338 -0.179638 
-4.12446 3.23651 -1.3455 
-4.34344 3.25709 -1.60883 
-3.08177 5.38101 -0.812422 
-4.16205 2.9832 -2.43332 
-3.0779 4.37887 -1.2624 
-3.81258 3.05135 -2.51988 
-3.87872 3.80831 0.460477 
-3.16364 3.84321 -0.827355 
-3.57753 3.94594 -0.59595 
-3.61312 4.64958 -1.29552 
-3.80584 3.85032 -2.91906 
-3.74043 3.48455 -1.06669 
-3.66782 3.80878 -1.57074 
-4.47327 3.7752 -1.40724 
-4.20859 3.26278 -2.84538 
-3.68543 3.77227 -2.15029 
-3.47315 4.09158 -1.07623 
-3.33085 3.79088 -1.59664 
-3.47743 5.16826 -1.57332 
-4.37105 2.58898 -1.36747 
-2.81869 5.47472 -2.95708 
-3.40213 3.80725 -1.5751 
-3.20284 3.43302 -1.043 
-3.95976 3.88464 -0.89946 
-3.76719 3.91856 -1.3392 
-3.21267 5.19388 -3.05791 
-3.70208 2.79331 -2.11218 
-3.84424 3.61726 -2.04906 
-4.01807 2.37327 -0.641981 
-3.42556 4.54671 -1.71881 
-3.06515 4.22047 -3.48434 
-4.25327 3.52593 -0.757747 
-3.24626 4.294 -2.03011 
-2.57924 5.43274 -1.13684 
-3.36835 4.0759 -0.712164 
-4.28279 2.72891 1.15902 
-3.70313 3.76307 -1.11387 
-3.03084 4.07112 -1.93887 
-4.39049 1.89555 -1.03891 
-3.15841 4.82478 -1.29332 
-4.03307 3.6377 -1.30526 
-4.15673 2.20262 -0.588566 
-3.79081 3.02014 -0.0167007 
-3.96118 2.68406 -0.840723 
-3.08196 4.53995 -0.0611565 
-3.92033 4.41906 -1.25059 
-3.54256 4.47344 -1.0517 
-3.22673 4.80163 -0.473434 
-3.72607 3.53348 -2.24232 
-4.36135 2.28049 -1.92242 
-3.10079 5.89126 -0.605374 
-4.02475 3.76538 -0.492642 
-3.29547 5.22629 -0.94769 
-4.29996 2.35736 0.0957841 
-3.02295 4.22021 -1.06852 
-3.49463 4.38143 -0.657327 
-3.29251 5.06181 -0.82923 
-3.9104 2.91835 -2.7009 
