0.496627
1.08327 3.47371 -13.975 
0.138127 1.5851 -13.2816 
1.02922 3.55724 -12.7717 
0.860755 3.01934 -11.2682 
0.675846 2.70787 -12.6517 
-0.700525 -0.212009 -13.7284 
-0.94919 -0.604068 -12.6572 
0.596234 2.70359 -12.6738 
-0.123482 1.07551 -13.2988 
-0.525378 0.368431 -12.6881 
-0.489888 0.607624 -11.3267 
-0.936637 -0.544838 -12.407 
1.4699 4.32801 -12.8692 
2.03544 5.3798 -11.2915 
0.542822 2.45045 -11.8022 
0.190353 1.65956 -12.4228 
0.333115 2.06196 -14.0364 
-0.0299002 1.24749 -12.8075 
-0.0750774 1.16985 -14.0506 
-0.499659 0.641488 -11.8585 
-1.61772 -2.23517 -13.4707 
-1.36562 -1.59019 -13.3027 
1.0924 3.61166 -12.1175 
1.5827 4.55939 -12.6421 
0.909067 3.32809 -13.0747 
-0.526335 0.443228 -12.3353 
0.991338 3.4051 -13.5608 
0.932349 3.1972 -12.131 
-0.0150624 1.26216 -13.8233 
-0.102453 1.05759 -13.2344 
1.30713 4.06638 -12.224 
-0.379754 0.600076 -13.3944 
0.280033 1.97994 -13.4288 
-1.65431 -1.94724 -12.6263 
0.697506 2.72697 -13.8002 
-0.271484 0.798058 -12.4906 
1.37765 4.23196 -12.939 
1.53141 4.42145 -10.9467 
0.823509 3.02682 -12.8324 
-0.0097851 1.3239 -12.8305 
1.07684 3.48057 -12.7424 
-1.13125 -0.837307 -11.6082 
0.874721 3.1597 -12.8959 
1.69226 4.76043 -12.3292 
-0.387869 0.764755 -12.1914 
1.55471 4.54149 -12.1796 
1.06313 3.41937 -12.2665 
1.53713 4.43051 -11.5401 
1.09957 3.49049 -11.7062 
0.822119 2.8991 -12.3672 
-0.850387 -0.334292 -11.8926 
1.55762 4.31026 -11.4531 
0.39606 2.18428 -12.7916 
0.134653 1.82549 -12.3647 
1.5528 4.4978 -12.3785 
-1.46534 -1.79601 -13.6327 
-0.739329 -0.178663 -13.345 
0.533075 2.42235 -12.528 
0.891005 3.20651 -13.003 
1.11922 3.68731 -14.5679 
2.03248 5.50534 -12.7328 
-0.154465 1.00524 -12.4774 
-2.02645 -2.49633 -11.5526 
-0.691947 -0.0363879 -12.2701 
-0.684882 -0.0107796 -12.459 
0.170541 1.7661 -13.0906 
-0.516313 0.472226 -12.2768 
-0.499251 0.300648 -12.8344 
-0.422355 0.413267 -13.076 
0.178018 1.66407 -13.2002 
-0.591378 0.108588 -12.8254 
-0.102654 1.16038 -12.9327 
1.02712 3.4124 -12.8546 
-0.237474 0.825442 -13.6651 
1.75001 4.8878 -13.4406 
-0.250527 0.89802 -12.8083 
-0.590258 0.160663 -13.1622 
-0.779884 -0.229452 -12.172 
0.982843 3.40412 -12.1712 
0.349571 2.0328 -12.249 
0.96306 3.31843 -12.5228 
-0.605211 0.101728 -12.8454 
-0.339582 0.752487 -12.2067 
-0.161058 0.757308 -13.6687 
-0.263165 0.759026 -12.5885 
0.724788 2.76178 -13.1005 
-0.638985 -0.0274496 -13.2292 
1.57613 4.47465 -11.2073 
-0.650994 0.172086 -11.2684 
-0.749499 -0.0267702 -12.7309 
-0.045442 1.19576 -12.4252 
-1.04292 -0.818449 -13.0287 
1.81431 4.98659 -12.4159 
-0.208478 0.690516 -14.5543 
-0.675948 -0.0429609 -13.3144 
0.586716 2.56174 -12.4596 
0.776032 2.92921 -12.4346 
1.26453 4.06008 -13.1187 
0.633086 2.60047 -12.6302 
1.00049 3.16909 -11.6714 
-0.16651 0.972896 -12.8432 
0.939291 3.20637 -12.5494 
-0.842436 -0.384703 -12.7946 
-0.994337 -0.940222 -14.2181 
0.0450333 1.60126 -12.309 
0.160744 1.50022 -12.2807 
-0.329538 0.589237 -12.9564 
-2.00178 -2.47058 -10.962 
1.52786 4.44464 -13.525 
-0.987214 -0.571107 -12.2631 
-0.17356 0.892198 -12.8477 
-0.171864 0.864145 -13.4991 
1.50935 4.39842 -13.0371 
-0.00643419 1.2197 -13.4156 
-0.514415 0.28915 -13.7394 
-1.37222 -1.49654 -13.2753 
-1.06647 -1.03151 -13.7413 
0.559582 2.42557 -12.3579 
0.502935 2.45789 -11.173 
0.311163 1.98999 -12.063 
-0.798962 -0.0901277 -12.4488 
-0.385446 0.498887 -13.1931 
-1.00786 -0.874652 -13.7646 
0.772754 2.97404 -13.0863 
0.656774 2.67906 -12.3533 
1.01548 3.41651 -10.6696 
0.329393 1.88319 -13.6085 
-0.078618 1.1685 -12.5827 
-0.307314 0.744331 -12.6987 
-0.210985 1.01605 -12.1078 
-0.976717 -0.701593 -12.6212 
-0.251453 0.752711 -13.5325 
0.0369985 1.58371 -12.393 
0.123725 1.61118 -11.5652 
1.28736 3.95846 -12.0656 
-0.314749 0.686981 -13.0649 
-0.134418 1.08205 -12.6203 
0.434845 2.30624 -11.7273 
-0.403635 0.435817 -14.0996 
-0.433085 0.372243 -13.4201 
1.50503 4.49935 -12.9764 
-0.381424 0.48268 -13.2362 
2.00109 5.25791 -12.5319 
-0.666655 -0.0711331 -12.9104 
0.582681 2.53422 -12.3494 
0.262809 1.8912 -14.3685 
-0.371389 0.662631 -11.9709 
0.784634 2.84414 -12.4103 
-0.666613 -0.068628 -13.8499 
0.184897 1.79512 -13.355 
-0.743101 -0.258344 -12.7707 
0.104119 1.57295 -12.3331 
3.46115 8.18914 -11.0328 
1.45426 4.36463 -13.9549 
1.29231 3.97391 -12.9777 
0.176329 1.72201 -12.8428 
2.26037 5.86882 -13.003 
1.18253 3.66422 -11.6071 
-0.873706 -0.349101 -12.5938 
-1.54844 -1.60705 -11.6602 
0.348346 1.98333 -12.9496 
1.09492 3.53511 -11.0222 
-0.728015 -0.154666 -13.6963 
0.337704 1.9739 -13.1764 
-0.609073 0.0108164 -12.8702 
2.11825 5.34387 -11.3699 
0.169144 1.61009 -13.4978 
0.0540262 1.53218 -12.1108 
-1.196 -1.07769 -12.7941 
0.121618 1.52304 -14.0332 
0.685191 2.73142 -11.766 
-0.541316 0.0324961 -14.0141 
-0.28213 0.853167 -12.7402 
-0.140943 1.00398 -12.3006 
-0.465526 0.154401 -14.3769 
-1.09338 -1.04538 -13.5731 
0.601448 2.52175 -13.5032 
0.187606 1.80867 -12.7988 
-0.531703 0.223397 -12.8286 
-1.12247 -0.839053 -12.4531 
-0.0374183 1.32884 -13.9518 
0.510694 2.5214 -12.7407 
0.724815 2.91985 -11.8052 
-0.968019 -0.631757 -12.9673 
1.16121 3.64195 -12.4379 
-0.154732 0.977728 -13.3827 
0.718098 2.77788 -14.0291 
-1.81032 -2.37095 -12.5313 
-0.0669242 1.27154 -13.3477 
0.954342 3.2726 -12.1877 
1.08066 3.57572 -13.6016 
-0.0987064 1.04098 -12.8277 
0.571147 2.45968 -12.3755 
0.339378 1.89676 -12.8084 
0.768733 2.80513 -14.2028 
2.71675 6.64409 -10.8691 
-0.0126795 1.33338 -12.6438 
0.421472 2.27595 -12.8489 
-0.617748 0.179374 -11.9072 
0.886867 3.17082 -13.5712 
-0.595768 0.201207 -13.1004 
-0.69569 -0.082947 -12.8936 
-0.0054729 1.32571 -13.4518 
1.73981 4.89373 -13.4435 
0.330688 1.9104 -12.9008 
0.0302459 1.42555 -14.1181 
0.0469907 1.57144 -12.1533 
-0.519628 0.115603 -13.5756 
0.480847 2.27804 -13.3719 
1.65244 4.66967 -12.14 
0.600077 2.56395 -12.1107 
-0.599372 0.183252 -12.7927 
1.37432 4.08813 -12.6081 
-0.262433 0.765439 -14.222 
0.210459 1.73465 -13.6822 
0.274035 1.86935 -12.7088 
0.125925 1.68248 -12.1156 
-0.240141 0.749613 -12.6372 
-0.43841 0.478749 -12.9815 
0.792046 2.92023 -11.8837 
0.722273 2.86692 -13.9218 
0.121787 1.68829 -11.8858 
0.433078 2.21404 -13.6903 
1.06051 3.52574 -13.0666 
0.416755 2.27076 -12.8876 
0.0261864 1.6044 -12.007 
-0.566127 0.215007 -12.1499 
-1.97145 -2.8296 -12.6404 
1.0485 3.50695 -13.616 
-0.134442 1.04119 -13.4329 
-0.00751682 1.29506 -13.7366 
0.835697 2.94033 -13.1662 
-0.613659 0.230881 -11.683 
0.00885758 1.44806 -12.4181 
-1.22016 -1.19824 -13.0573 
0.108138 1.7183 -12.5512 
0.504875 2.3961 -12.0354 
-0.107293 1.11608 -13.834 
-1.46249 -1.59636 -12.48 
0.158181 1.75466 -13.2332 
-1.49748 -1.51295 -11.0001 
0.984589 3.18862 -12.3684 
-1.43631 -1.88445 -14.6267 
-1.50573 -1.38976 -11.5733 
0.575631 2.39407 -13.335 
1.63225 4.75629 -12.3861 
0.610013 2.6811 -12.2965 
1.33571 3.93479 -12.4695 
-0.43696 0.486085 -13.0932 
1.16486 3.6892 -13.2964 
-0.097373 1.11432 -12.5494 
1.22873 3.78281 -13.7164 
-1.21371 -1.32594 -14.174 
0.296554 1.94893 -12.3396 
-0.137295 0.985164 -14.8508 
-0.202245 0.848211 -13.2536 
0.348566 1.9552 -13.7251 
0.073396 1.45423 -12.9636 
1.35662 4.19826 -13.6258 
1.40796 4.37735 -12.8121 
0.322118 2.08937 -12.1269 
-1.18861 -0.584745 -10.2912 
0.286089 1.90963 -11.5697 
0.24223 1.8892 -13.3359 
0.26806 1.90525 -13.933 
-1.2426 -0.641308 -11.3068 
0.406012 2.30864 -12.4105 
0.288357 1.96639 -13.1214 
1.7355 4.89838 -12.2951 
-0.34005 0.670095 -12.1552 
1.01371 3.33786 -12.4035 
0.297693 1.91091 -13.5689 
1.33787 3.92686 -12.2129 
0.0391804 1.33176 -12.8431 
0.760037 3.00088 -12.0555 
1.44504 4.30474 -12.2533 
-0.784633 -0.0942243 -12.1089 
-1.12774 -1.08468 -13.5975 
-0.128527 1.16799 -13.7977 
0.81455 2.98588 -12.4986 
-0.315318 0.861865 -11.8067 
0.850537 3.01094 -13.3405 
-0.574199 0.270504 -12.6354 
0.416052 2.19822 -12.7691 
-0.424676 0.360129 -12.6957 
-0.56889 0.242048 -12.8248 
0.0562976 1.40006 -12.7941 
0.236577 1.66207 -11.7499 
0.688732 2.80214 -12.8482 
0.0894949 1.4187 -12.9967 
-1.18548 -0.880077 -11.206 
2.12645 5.45507 -10.2241 
-1.57229 -1.92151 -12.5021 
1.51759 4.22353 -11.6576 
0.230858 1.78727 -13.8034 
0.333521 2.06253 -12.6409 
0.0286714 1.2754 -12.6741 
-0.0917407 1.09578 -14.0283 
-0.497468 0.46529 -13.0782 
-0.0350597 1.24156 -12.295 
1.56118 4.59713 -12.6862 
0.911114 3.2586 -11.8632 
0.566658 2.44092 -13.4126 
-0.0471565 1.19065 -12.7705 
0.187987 1.7363 -12.7818 
0.373617 2.04899 -13.3577 
0.0998532 1.58354 -11.766 
-0.631795 0.111224 -12.874 
-0.230451 0.805257 -13.4565 
0.132962 1.60943 -13.1648 
1.34555 3.92873 -11.5519 
-0.491911 0.272323 -13.7212 
0.730243 2.7792 -13.3058 
0.484146 2.36681 -14.0754 
0.269653 1.88947 -11.7986 
0.0457398 1.52557 -12.2396 
-0.567482 0.108624 -12.6843 
-0.336756 0.652937 -11.9014 
0.0218664 1.31915 -13.8685 
1.07892 3.5506 -12.6306 
-0.790932 -0.125181 -11.5417 
-0.475665 0.63333 -11.5449 
0.940114 3.29259 -12.9934 
1.18346 3.74152 -12.6944 
0.476043 2.31447 -11.6081 
-0.484201 0.382672 -13.006 
-0.335362 0.59465 -12.8247 
-0.45934 0.537778 -12.1198 
1.32416 3.9583 -12.4227 
1.47654 4.18589 -12.4443 
0.205941 1.6054 -12.8878 
-1.57341 -1.84158 -13.1734 
0.193693 1.72565 -13.9391 
-0.275851 0.870318 -12.48 
1.22479 3.81209 -12.8675 
-0.182113 1.09295 -13.1299 
0.731464 2.83829 -12.2956 
-1.00324 -0.7013 -12.6093 
-0.622689 0.0429939 -12.614 
0.732837 2.69714 -13.0657 
-0.735444 0.0283752 -12.3806 
0.874603 3.1829 -12.1833 
0.717839 2.70608 -12.1582 
0.134875 1.5873 -12.4974 
0.826057 2.97853 -11.5664 
-0.0375498 1.42382 -12.3859 
0.566603 2.47856 -12.2417 
-0.850658 -0.542053 -13.2534 
-0.226116 0.762154 -13.6998 
1.30505 3.99702 -12.124 
-0.277838 0.815612 -13.0287 
0.48211 2.30797 -12.7144 
1.87771 5.17893 -11.9788 
-0.432724 0.42123 -13.7716 
-1.0418 -0.583565 -11.5766 
0.145351 1.6851 -12.9275 
-0.459237 0.493746 -12.1879 
0.721334 2.67733 -12.6129 
-1.4821 -1.66489 -12.9639 
1.31669 3.96971 -11.9157 
0.51967 2.39704 -13.9027 
1.40664 4.278 -13.2689 
-0.403107 0.453864 -12.5852 
-0.102778 0.961873 -14.4293 
-0.0350724 1.2682 -13.7336 
0.340942 1.95816 -13.6457 
0.590576 2.47176 -12.8701 
0.425938 2.1033 -14.1788 
-0.151708 1.02863 -13.1395 
-0.0731354 1.04088 -13.0865 
1.77917 5.11771 -12.7932 
0.786916 3.02266 -12.416 
0.751845 2.93298 -13.8087 
-1.16999 -0.909234 -12.9465 
-0.698204 0.1436 -11.9354 
1.88708 4.88204 -11.1143 
0.437507 2.29717 -13.3234 
0.101634 1.55386 -11.7753 
-0.391381 0.593256 -12.6888 
-1.26582 -1.27704 -13.025 
0.342578 2.01481 -11.9722 
0.385217 2.14507 -12.4043 
2.81475 6.99226 -11.2666 
-1.36527 -1.36861 -12.268 
0.542359 2.42986 -12.4653 
0.743247 2.81561 -11.936 
1.36077 4.09452 -12.4792 
1.50287 4.30484 -12.8272 
0.577542 2.52683 -14.3922 
0.111062 1.37786 -13.397 
0.159655 1.66315 -13.2118 
1.50586 4.34658 -12.7465 
0.468101 2.26879 -13.0802 
-1.69262 -2.11871 -12.8618 
0.853032 3.06201 -12.3936 
0.0977687 1.64528 -12.3136 
0.670058 2.7273 -12.1547 
-0.36006 0.559398 -13.5392 
0.682009 2.72115 -12.303 
-0.244818 0.809676 -12.9896 
-0.250841 0.689813 -13.5021 
-0.0216342 1.15644 -13.7115 
-0.0871661 1.20476 -11.976 
0.0172938 1.48364 -11.8413 
-0.982501 -0.486428 -11.9097 
-0.960075 -0.764985 -13.6694 
-1.92487 -2.56177 -12.0465 
0.316165 1.88966 -12.7865 
0.433865 2.28375 -12.2384 
0.16144 1.71561 -12.1283 
0.793621 2.98044 -12.1085 
-0.973364 -0.66227 -12.7089 
0.130428 1.72643 -11.9353 
0.861966 3.01354 -11.4404 
-0.941489 -0.659539 -12.7949 
0.563628 2.40767 -11.3807 
-0.261949 0.8133 -12.8648 
-0.844186 -0.165862 -12.3785 
0.0651476 1.432 -12.6536 
0.358896 2.01967 -13.0513 
0.900531 3.06961 -13.1559 
0.179305 1.69716 -11.9163 
0.752066 2.94631 -12.1616 
1.39954 4.37192 -12.608 
0.88325 3.15117 -14.3629 
0.924445 3.10562 -11.8127 
-1.11519 -0.961369 -12.618 
1.18542 3.74653 -12.2314 
-0.278152 0.655894 -12.5086 
0.876767 3.21818 -12.2736 
0.666745 2.70257 -13.7835 
0.930209 3.13027 -12.7358 
1.03132 3.38342 -12.1347 
-0.802489 -0.411842 -12.997 
-0.240729 0.885184 -12.3223 
-0.19858 1.02434 -11.3457 
1.77186 5.03315 -12.7629 
-0.191473 0.973734 -11.9665 
-0.647471 -0.147134 -13.4602 
0.679564 2.73106 -13.0871 
-0.554178 0.343749 -12.4307 
-1.09396 -1.05661 -13.6889 
0.932607 3.15751 -12.3694 
1.45986 4.48983 -13.1713 
-1.08056 -0.899851 -12.7563 
1.43187 4.25738 -13.3263 
-0.927705 -0.569702 -12.7338 
-0.0321726 1.35134 -13.2472 
1.96204 5.3398 -12.2958 
0.881547 3.14922 -12.2623 
0.25649 1.89351 -14.1642 
0.940375 3.21528 -13.6965 
-0.409633 0.276207 -13.9475 
-0.906549 -0.621855 -13.015 
1.82472 4.97438 -12.283 
-0.177697 1.02571 -12.2814 
-0.22874 0.790806 -12.4534 
-1.52967 -1.85138 -13.7014 
0.815429 3.07586 -13.6105 
-0.793054 -0.375835 -13.8197 
-0.563295 0.287106 -12.8118 
-0.865919 -0.586276 -13.0766 
-0.920939 -0.506221 -12.7041 
-0.616643 0.0947846 -12.6677 
-0.733148 -0.307203 -12.8615 
1.96906 5.32189 -13.346 
0.022909 1.37074 -13.8308 
0.0861487 1.5825 -13.4974 
0.386019 2.17151 -12.125 
0.0469745 1.55722 -12.9193 
0.22788 1.67224 -13.6801 
-1.32014 -1.17977 -12.2739 
-0.390174 0.6392 -12.6389 
0.704459 2.89833 -12.5769 
0.839997 3.02328 -12.0904 
-0.94358 -0.798126 -13.5112 
2.39556 6.18821 -11.7074 
-0.209315 0.976763 -12.5623 
0.559584 2.37329 -13.3999 
-2.02479 -2.38257 -10.7649 
0.873249 2.99607 -11.6405 
-0.304715 0.599025 -13.2343 
-0.379667 0.712788 -12.4428 
0.461574 2.26848 -12.1141 
2.07901 5.51568 -12.9253 
-0.962409 -0.319585 -11.5491 
1.68618 4.64515 -12.6822 
0.397476 1.96527 -12.1764 
0.203639 1.65979 -13.6405 
0.201325 1.68925 -13.6397 
1.54229 4.45744 -12.4162 
1.30946 3.92852 -13.1064 
-1.9085 -2.27538 -11.2403 
-0.247965 0.790674 -13.2599 
0.404324 2.20993 -12.7857 
-0.942545 -0.744701 -13.6114 
2.25991 5.78937 -11.3895 
0.239627 1.74638 -13.6865 
0.102165 1.45841 -13.7297 
-0.123619 1.14839 -12.2693 
1.52207 4.44638 -12.659 
-0.623547 0.104699 -12.799 
-0.661118 0.0337446 -12.6505 
-0.271346 0.769062 -12.6744 
1.1912 3.84571 -12.5751 
0.860541 3.13062 -13.1022 
1.74557 4.61389 -11.3501 
1.80858 4.94248 -12.4325 
-1.74128 -2.31606 -13.2252 
0.457418 2.29244 -12.8131 
0.153947 1.60934 -13.1708 
-0.694733 -0.158733 -13.0286 
0.207104 1.67051 -13.8136 
-0.165505 0.947939 -12.9377 
0.639095 2.6168 -14.1238 
0.690703 2.64388 -12.7068 
0.796754 2.84798 -12.47 
0.688864 2.78876 -13.5535 
0.0133545 1.52562 -11.8902 
-0.951191 -0.758976 -13.8176 
0.163853 1.80631 -13.0644 
0.196175 1.66652 -14.313 
-1.3486 -1.35703 -12.6244 
0.0887964 1.46173 -12.5807 
-0.471895 0.351248 -12.8961 
0.338334 2.09021 -12.2717 
-0.503538 0.225402 -13.7728 
1.06938 3.52696 -13.0167 
0.0440762 1.51383 -12.8853 
-0.354858 0.532803 -13.1617 
0.887544 3.0676 -11.5623 
0.106257 1.66779 -11.8411 
1.61496 4.56285 -12.1829 
1.03773 3.50711 -13.1147 
1.38986 4.1211 -12.5231 
0.630644 2.63342 -12.3096 
-0.0529471 1.20689 -13.4191 
-0.580578 0.09367 -13.333 
0.123969 1.64986 -12.3737 
0.462963 2.27549 -11.8551 
1.67059 4.70451 -12.1259 
0.115767 1.47322 -12.6809 
0.941926 3.21378 -12.3603 
0.299222 2.11375 -12.3437 
0.30579 1.9585 -13.5774 
-0.536383 0.189743 -12.9989 
-1.28395 -1.19916 -13.1936 
0.0311034 1.39397 -13.4416 
-0.260001 0.694516 -13.1353 
-0.667084 -0.0993147 -13.5418 
-0.881561 -0.49113 -13.158 
-0.322778 0.846179 -11.8235 
-0.223437 1.082 -12.5652 
1.34347 4.24747 -12.3447 
0.220031 1.60881 -12.3342 
0.535079 2.39875 -12.5474 
-0.421864 0.511132 -13.0993 
0.262793 1.60308 -14.0433 
0.0193316 1.31579 -13.2691 
-1.9097 -2.67903 -12.8153 
2.9543 6.94717 -10.5968 
1.3445 4.05971 -13.2853 
-0.470186 0.338277 -13.3356 
0.0242822 1.42718 -13.2853 
-0.169124 1.06461 -11.5729 
1.23179 3.60732 -11.7126 
0.263871 1.87896 -12.5062 
2.67573 6.5303 -10.4201 
0.17213 1.71737 -12.6694 
0.306651 1.92673 -12.8388 
-0.406735 0.484977 -13.1954 
-0.614234 -0.0872537 -13.4964 
0.137752 1.60187 -12.087 
0.757846 2.86222 -12.8773 
1.66789 4.74712 -12.5691 
-0.0188983 1.30052 -12.5621 
-0.00239837 1.35576 -12.7608 
0.55682 2.49084 -12.4699 
0.186507 1.93242 -11.6869 
0.576822 2.48738 -12.6746 
0.89745 3.04541 -12.8765 
-0.784056 -0.247235 -12.8695 
-1.45637 -1.43848 -12.0483 
-0.279356 0.81121 -13.8321 
0.724889 2.96049 -12.9705 
-0.478866 0.271425 -12.4874 
0.0743561 1.50981 -12.8544 
-0.287801 0.791201 -13.4303 
-1.37853 -1.67988 -12.8533 
0.197551 1.55724 -13.0381 
-0.321208 0.720989 -12.9441 
-0.691516 -0.0718362 -12.5786 
-0.288945 0.807112 -12.5621 
1.02236 3.50914 -12.7506 
1.50477 4.49134 -12.8191 
-1.43403 -1.37777 -11.541 
0.0404087 1.56932 -12.273 
1.08477 3.45016 -12.6249 
-1.08164 -0.922891 -12.894 
-1.14626 -0.947166 -12.3877 
0.400729 2.24295 -12.8708 
0.819982 2.9226 -13.3038 
0.0836091 1.65497 -13.0982 
0.420167 2.27708 -13.2705 
1.60544 4.55352 -11.079 
-2.23036 -3.03453 -11.6874 
0.368682 2.13897 -12.7079 
-1.34293 -1.42885 -13.0213 
-0.604275 0.127454 -13.025 
-1.36983 -1.47653 -12.6598 
0.0899804 1.46575 -12.7099 
0.182273 1.61397 -13.3613 
1.10387 3.4895 -11.6175 
0.411481 2.14582 -12.5292 
-0.577303 0.14518 -13.3745 
0.196965 1.6546 -13.7841 
-0.407435 0.45544 -14.1838 
0.414699 2.05789 -12.143 
-0.36768 0.413464 -12.5523 
-1.61711 -1.86617 -12.2933 
-2.22672 -3.00083 -11.5739 
-0.208452 0.999202 -12.8043 
2.27242 5.76389 -11.155 
-0.436164 0.363025 -12.7932 
0.96179 3.34538 -13.5659 
-0.62017 0.300729 -11.6614 
1.19466 3.85745 -12.9469 
-0.0126585 1.31051 -13.2775 
1.0472 3.38311 -12.5735 
-0.720531 -0.0325834 -12.3832 
1.53517 4.49061 -12.103 
-0.58453 0.098815 -12.725 
0.162353 1.76448 -12.9643 
0.20097 1.61457 -13.0403 
0.44825 2.3754 -12.3361 
0.643795 2.64696 -11.2354 
0.240918 1.91245 -12.0381 
-1.96199 -2.49448 -11.7182 
0.824586 2.99001 -12.9133 
-1.09938 -1.06086 -13.5118 
0.598823 2.60115 -12.3088 
-0.627414 0.163783 -12.2282 
0.936649 3.136 -11.2975 
1.03611 3.47862 -10.9421 
1.79217 4.97886 -13.154 
0.918834 3.19153 -12.6267 
-0.592817 -0.0720111 -13.9307 
-0.0500931 1.3299 -12.3605 
0.882786 3.21599 -12.7268 
1.12448 3.67859 -12.8011 
0.15683 1.53924 -14.1626 
1.79143 4.80551 -12.9028 
-0.616472 0.0295892 -12.7336 
0.745162 2.93733 -12.1333 
-0.16634 0.863294 -13.3767 
0.941873 3.08468 -12.3177 
-1.90225 -2.42556 -13.1683 
0.186713 1.78839 -12.9087 
0.543246 2.58486 -12.7998 
0.396759 2.19346 -12.1946 
-0.0380146 1.45632 -12.3417 
0.132519 1.6168 -13.1963 
0.246441 1.78226 -11.6476 
1.20702 3.81782 -14.0429 
1.72525 4.75702 -12.3807 
0.0471361 1.23043 -14.5415 
1.09455 3.5688 -13.4083 
-0.403839 0.645638 -13.3162 
0.304209 1.99915 -13.3344 
-0.42404 0.50349 -13.6568 
-1.05287 -0.78305 -13.0573 
0.273663 1.8691 -12.9275 
-0.209036 0.945011 -12.4579 
0.833955 3.00841 -15.0323 
0.636681 2.65971 -13.0728 
1.16891 3.61683 -11.959 
0.16655 1.65893 -13.1228 
-1.02053 -0.834901 -13.082 
0.155101 1.56232 -12.356 
0.328361 2.05934 -12.7549 
-1.08522 -0.722764 -12.0887 
0.29812 1.87229 -13.3542 
-1.45252 -1.55576 -12.2322 
1.2516 3.73351 -13.1837 
-1.70927 -2.2664 -12.6417 
-0.277059 0.82623 -12.6953 
1.51022 4.33592 -12.2817 
2.03566 5.39275 -11.7989 
1.80311 5.05941 -11.9017 
-0.229158 0.775977 -12.7957 
-0.33105 0.780522 -12.5747 
-0.482562 0.259633 -13.0268 
-0.82203 -0.314261 -12.8299 
1.93022 5.28418 -12.0088 
-1.84268 -2.21213 -11.4259 
0.710128 2.69792 -13.1519 
0.599559 2.55652 -12.8637 
-0.416846 0.424398 -12.8332 
0.292446 2.00822 -12.9264 
0.964965 3.28974 -12.9145 
0.577412 2.51688 -12.1101 
0.972873 3.40848 -14.0741 
0.147582 1.71856 -12.2018 
-0.581239 0.209963 -11.9885 
-0.14488 1.0765 -13.3399 
-0.117626 1.25635 -11.3468 
-1.22504 -0.840863 -11.2587 
-0.154524 1.06116 -12.8212 
0.138297 1.50008 -13.2525 
-0.85634 -0.39141 -12.6703 
0.00517658 1.41987 -12.4855 
1.34202 4.06122 -11.9818 
1.24073 3.96517 -13.2916 
-1.86862 -2.50986 -12.3867 
-0.965421 -0.668003 -12.5307 
2.42784 5.95194 -10.7788 
0.641924 2.74031 -11.7997 
-1.12773 -0.690329 -11.4982 
0.0936281 1.526 -12.0814 
2.29297 5.67878 -11.6841 
-0.522716 0.258805 -12.8918 
-0.583763 0.315549 -12.4545 
-0.80945 -0.10889 -12.3946 
0.888792 3.27602 -12.3372 
-0.817124 -0.425292 -12.6981 
0.516771 2.30419 -13.2089 
0.97233 3.15579 -13.3638 
0.533456 2.34675 -13.1105 
0.242263 1.88787 -13.1983 
0.320085 2.03361 -12.1928 
0.334463 2.07672 -13.7964 
-0.18975 0.908102 -13.3253 
1.73073 4.70848 -12.9268 
-0.0184741 1.33657 -11.6495 
0.0404481 1.36531 -14.6346 
0.736334 2.871 -14.9125 
-0.400985 0.314478 -13.8811 
1.42763 4.03371 -12.1453 
0.641809 2.67244 -12.2745 
-0.403773 0.522284 -12.5024 
-1.25619 -1.4991 -14.3344 
0.530698 2.43903 -12.931 
0.438919 2.18488 -12.4623 
0.718719 2.95242 -11.475 
0.677753 2.68611 -12.835 
0.510024 2.47506 -11.7134 
0.622364 2.54403 -14.7066 
1.13633 3.67552 -12.317 
-0.75895 -0.201707 -12.8035 
1.07151 3.53886 -11.6444 
-1.35036 -1.51774 -13.5703 
-0.609324 -0.00867036 -13.7513 
0.21276 1.83599 -13.4266 
0.818959 2.9665 -12.8244 
-0.116766 0.932518 -13.2545 
0.0412586 1.46041 -13.3722 
-0.830346 -0.32406 -13.055 
0.114822 1.58492 -11.6397 
1.51559 4.32142 -11.442 
1.58235 4.52902 -13.386 
-0.555131 0.185784 -12.3353 
1.15184 3.6419 -12.5936 
-1.05257 -0.772926 -12.3259 
-0.328542 0.758463 -12.2923 
0.702638 2.74431 -13.013 
0.484301 2.36144 -12.5408 
-0.0972447 1.1485 -13.3134 
-0.838847 -0.429298 -12.7465 
0.80318 2.97244 -11.0231 
-0.389524 0.446463 -12.7383 
0.528628 2.3653 -12.6817 
1.07788 3.44415 -12.1114 
0.424985 2.27431 -13.7949 
-1.09874 -0.716251 -12.0698 
0.218048 1.76151 -12.3312 
-0.398984 0.574735 -12.0322 
-0.641971 0.213313 -12.4014 
1.13146 3.64484 -14.1686 
-0.88735 -0.509643 -12.8075 
-1.06396 -0.75557 -12.5275 
-0.739669 -0.217285 -12.7575 
-0.324705 0.705472 -12.5392 
1.90176 4.82956 -11.2456 
0.859584 3.07854 -13.252 
1.02564 3.38352 -12.3811 
-0.55091 0.253335 -13.3037 
-0.168584 1.09582 -12.1847 
-0.251684 0.825086 -13.0859 
-0.865382 -0.340329 -12.9524 
-0.104453 1.19103 -13.2215 
-1.73582 -2.00279 -11.8049 
-0.102347 1.16437 -12.3693 
-0.0247764 1.36676 -13.0531 
0.550664 2.52191 -13.0464 
0.447906 2.29229 -13.1981 
-1.18793 -1.04986 -12.9599 
0.2274 1.79207 -12.0327 
-0.179824 0.92336 -13.4135 
0.481863 2.44927 -12.4679 
-0.33947 0.553078 -13.9981 
1.27572 3.8406 -12.5888 
-0.0375665 1.46624 -12.1795 
-0.0424548 1.20128 -13.2366 
-0.446528 0.441357 -13.1489 
1.63564 4.73962 -13.5808 
-0.56103 -0.0225044 -14.4146 
0.483885 2.42993 -12.6224 
-0.00559785 1.2606 -13.1599 
0.883876 3.12498 -12.9522 
-0.0380392 1.24846 -12.6284 
0.82544 3.10944 -11.9321 
0.405611 2.35575 -12.9323 
-0.747633 -0.194759 -12.6521 
0.501955 2.261 -12.9866 
0.765786 2.86791 -12.2564 
-0.363747 0.545926 -13.5255 
0.483616 2.2518 -13.1375 
-0.854255 -0.376362 -12.7965 
-0.31509 0.688548 -13.2025 
-0.408033 0.377084 -13.553 
-0.0157348 1.28648 -13.0993 
-0.330587 0.61744 -13.0519 
0.549227 2.42616 -13.5902 
-1.2871 -1.15 -12.2754 
0.00638736 1.17617 -13.5047 
-1.1048 -0.754658 -11.5907 
-0.605636 0.198066 -12.2556 
-1.49785 -1.68886 -11.9475 
-1.15661 -1.13821 -13.2143 
-1.08839 -1.16218 -13.8059 
1.55707 4.4602 -13.1536 
-0.830291 -0.160147 -11.4178 
0.797855 2.99129 -11.4689 
-0.334584 0.663621 -12.5119 
0.362274 2.04059 -12.4696 
0.38671 2.10247 -12.6805 
-0.530936 0.178275 -14.2761 
0.455719 2.20057 -12.5942 
0.0297562 1.26061 -12.1204 
-0.762071 -0.23941 -13.6504 
-0.235782 0.715711 -13.3913 
-0.974647 -0.514493 -13.2629 
-1.38763 -1.51978 -12.0801 
0.319392 1.93559 -12.8219 
0.767955 2.99532 -11.5466 
-0.0170772 1.25105 -13.1458 
1.12173 3.64733 -12.6187 
0.816525 3.02515 -12.7293 
-0.269092 0.712072 -13.5845 
-0.470195 0.285768 -13.8487 
-0.647276 -0.0100205 -12.4433 
0.0676589 1.43123 -12.5343 
-1.15782 -1.06535 -13.1914 
0.335864 1.87543 -13.8894 
-2.637 -4.27892 -12.5151 
-0.249287 0.809671 -12.5937 
0.140565 1.72934 -12.6872 
0.279208 1.99064 -12.4671 
2.01709 5.44681 -11.8107 
-0.0536251 1.28644 -11.4307 
-0.174886 0.961639 -13.4845 
-0.10128 1.13338 -13.2175 
-0.0444797 1.23423 -12.8366 
0.440212 2.34972 -12.9417 
1.23667 3.93027 -12.1833 
-0.394395 0.457336 -13.3336 
-0.741614 -0.252297 -13.4855 
-0.747949 -0.19227 -13.1574 
0.829886 3.0464 -13.154 
0.753239 3.00983 -12.4438 
0.753551 2.87267 -12.6636 
0.282833 2.0898 -11.6408 
0.709886 2.73492 -12.7792 
-0.424029 0.538642 -12.302 
-1.41199 -1.55288 -11.8281 
-0.169216 0.828867 -13.9482 
-0.837754 -0.401169 -13.7694 
0.989415 3.4032 -14.2571 
0.537244 2.27373 -11.478 
0.525133 2.44108 -11.604 
-0.637589 -0.0824143 -13.5392 
0.426094 2.17128 -12.6149 
0.27181 2.01724 -12.2834 
-0.0532417 1.15968 -14.4551 
-0.526765 0.266749 -12.8091 
1.02715 3.29544 -12.6651 
0.599647 2.47253 -14.6246 
0.0253959 1.34036 -13.4506 
0.396652 2.10606 -12.0401 
0.628639 2.62846 -13.3559 
1.06987 3.56453 -12.17 
1.13078 3.70075 -13.01 
2.37007 6.06025 -11.1255 
-1.60222 -1.60682 -11.214 
-0.352867 0.835793 -11.9539 
-0.0179353 1.2486 -13.9449 
-0.24984 0.687493 -13.0614 
0.856533 3.1232 -12.8357 
-0.65537 0.0926927 -13.09 
-0.491027 0.167797 -12.5634 
0.255503 1.84403 -12.7374 
-0.272435 0.79482 -12.5784 
-0.466239 0.419977 -13.1434 
0.833582 3.01185 -11.966 
1.61303 4.52827 -11.4512 
-0.0148888 1.36666 -13.0518 
-0.419829 0.492046 -12.7168 
-0.492594 0.269417 -13.4121 
-0.00479132 1.41521 -12.1246 
0.313156 2.05714 -12.416 
-0.518823 0.362632 -12.1026 
0.696684 2.77051 -13.9025 
1.81811 5.05851 -12.8303 
0.392364 2.3039 -12.3928 
0.608561 2.45728 -14.1199 
0.280504 1.99961 -13.2755 
-0.954458 -0.521021 -11.9478 
0.612255 2.58639 -12.3036 
1.86893 5.08349 -12.7239 
-0.544374 0.257201 -12.6085 
0.772925 2.89861 -13.7718 
0.88346 3.13637 -13.0768 
0.503271 2.34823 -13.2803 
-0.069832 1.23522 -12.4762 
0.286085 1.81134 -13.6433 
-1.49164 -1.38836 -11.7151 
0.973788 3.37352 -13.0516 
-0.20484 1.02959 -12.0907 
-0.968034 -0.802929 -13.4402 
1.25398 4.02751 -13.2264 
0.828545 3.04591 -11.4305 
1.69424 4.65289 -11.5681 
0.134695 1.63762 -13.7917 
-0.573092 0.373956 -12.0723 
-0.742958 -0.345201 -13.4572 
0.731341 2.84318 -12.3715 
1.19844 3.73517 -11.3889 
1.23202 3.8924 -13.7415 
1.50982 4.35216 -12.4868 
-0.70149 0.062053 -12.4833 
0.300052 1.97122 -12.6912 
0.305436 2.02296 -11.8747 
-0.630634 0.124098 -12.7674 
-0.850419 -0.300447 -12.9751 
1.82459 4.98826 -11.6918 
-1.10243 -0.982059 -13.4048 
1.03633 3.33957 -12.3786 
-0.772759 -0.381957 -13.4958 
0.318001 2.14222 -11.4619 
0.631413 2.50746 -12.153 
0.441854 2.2605 -12.156 
0.823849 3.08116 -12.6819 
-0.237165 0.767721 -13.9967 
-0.0975006 1.15332 -12.5445 
0.105229 1.54063 -12.9404 
-0.528737 0.446257 -13.0281 
-1.03395 -0.864415 -13.7954 
-0.0431575 1.1979 -13.3807 
0.549413 2.44276 -12.4812 
0.354193 1.96227 -12.8335 
1.28237 4.0238 -12.715 
-1.29027 -1.18992 -12.5239 
1.92309 5.22788 -13.1815 
0.313718 1.90016 -12.8454 
0.270434 1.75092 -12.3498 
0.0610882 1.57495 -12.5399 
0.150743 1.68212 -12.808 
1.34067 4.09557 -13.726 
-0.786513 -0.410397 -13.121 
-0.273677 0.751189 -13.3206 
-1.00518 -0.624089 -11.9704 
0.831743 3.03041 -12.9259 
0.6415 2.48234 -14.1777 
-0.388403 0.727444 -12.4562 
0.7405 2.76751 -13.1069 
2.19876 5.57927 -11.4823 
0.669835 2.66516 -12.1423 
-0.526878 0.615616 -10.8946 
0.126241 1.61646 -12.6005 
0.75738 2.72723 -12.947 
-1.69973 -1.97368 -11.9412 
1.30557 3.94544 -12.3479 
-0.257818 0.894228 -12.8251 
-1.20818 -0.988472 -11.8589 
-0.263541 0.884795 -11.7001 
-0.790979 -0.219782 -12.22 
1.28725 3.84116 -11.3674 
0.418864 2.31665 -12.824 
0.783713 2.96982 -12.4667 
1.33195 4.00325 -11.7312 
-0.276517 0.695056 -13.4199 
-1.64641 -2.00778 -12.6902 
2.20256 5.76155 -11.2896 
0.00693706 1.50278 -12.2416 
1.54128 4.48641 -12.0404 
-1.03405 -0.506685 -11.4865 
0.982076 3.20046 -12.2208 
0.809907 3.00892 -12.1342 
1.4351 4.25692 -11.9943 
-0.997852 -0.858896 -13.5669 
