0.691158
3.84546 9.59157 -17.3538 
1.30088 3.42118 -19.1186 
3.70767 9.07301 -16.5329 
3.01448 7.23503 -16.1212 
2.70726 6.75135 -17.587 
-1.05414 -2.48576 -19.6062 
-1.58368 -3.69544 -18.4832 
2.61135 6.5527 -17.6966 
0.60993 1.70885 -19.3715 
-0.386238 -0.749209 -18.9181 
-0.147716 -0.115836 -17.8209 
-1.5119 -3.49516 -18.3166 
4.72752 11.2629 -15.0639 
5.71956 12.6565 -11.8314 
2.31733 5.73546 -17.235 
1.38973 3.57876 -18.3671 
1.91782 5.01652 -19.3868 
0.842624 2.26756 -18.9051 
0.747247 2.07484 -19.9567 
-0.146129 -0.11249 -18.2595 
-3.59229 -8.59386 -17.3184 
-2.82717 -6.77158 -18.0504 
3.74534 9.01548 -15.936 
4.96768 11.6891 -14.4498 
3.44333 8.53729 -17.1256 
-0.326275 -0.581904 -18.636 
3.64282 9.06736 -17.2783 
3.29149 8.00245 -16.5241 
0.88835 2.41848 -19.7275 
0.623154 1.73165 -19.3149 
4.29291 10.2115 -15.2291 
-0.0540018 0.0553038 -19.5213 
1.76384 4.58694 -18.9861 
-3.33965 -7.80823 -16.9387 
2.8354 7.2112 -18.4133 
0.229046 0.756232 -18.766 
4.57134 10.97 -15.384 
4.58605 10.4731 -13.6812 
3.11477 7.72598 -17.3113 
0.921597 2.46799 -18.8991 
3.70834 9.04346 -16.5092 
-1.88646 -4.2939 -17.4376 
3.27141 8.09992 -17.1845 
5.16515 11.9845 -13.8209 
0.0674673 0.389188 -18.5324 
4.85918 11.3522 -14.2515 
3.60127 8.70935 -16.2528 
4.68012 10.8143 -14.0232 
3.62932 8.66142 -15.7482 
2.98602 7.33873 -17.0663 
-1.23482 -2.78247 -18.0261 
4.61386 10.6352 -14.065 
2.01928 5.14386 -18.2862 
1.43623 3.72769 -18.2969 
4.85798 11.3979 -14.4225 
-3.12572 -7.52749 -18.0109 
-1.06251 -2.46824 -19.2895 
2.33308 5.85708 -17.8229 
3.3325 8.25981 -17.2012 
4.1031 10.3172 -17.4824 
6.04406 13.7404 -12.363 
0.516607 1.4579 -18.7144 
-3.97536 -8.94177 -15.2253 
-0.858068 -1.89871 -18.473 
-0.839228 -1.86079 -18.6343 
1.46299 3.82397 -18.8812 
-0.292558 -0.496773 -18.5914 
-0.405428 -0.817643 -19.034 
-0.235398 -0.407358 -19.25 
1.40405 3.67007 -19.0014 
-0.654377 -1.43326 -18.9819 
0.692861 1.91075 -19.0507 
3.61686 8.86597 -16.723 
0.286956 0.903013 -19.7266 
5.48152 12.93 -14.1531 
0.324012 1.00113 -19.0181 
-0.62714 -1.37201 -19.2659 
-1.09303 -2.4654 -18.3127 
3.49048 8.46839 -16.3136 
1.83127 4.63366 -17.9677 
3.4458 8.42644 -16.6631 
-0.676963 -1.48685 -18.9936 
0.116754 0.493644 -18.5413 
0.33632 0.996527 -19.7215 
0.211355 0.705232 -18.8474 
2.83772 7.11364 -17.8301 
-0.824065 -1.87689 -19.2707 
4.70102 10.7611 -13.7069 
-0.629128 -1.28198 -17.7092 
-0.940552 -2.10717 -18.8295 
0.781675 2.1012 -18.608 
-1.87255 -4.43479 -18.6147 
5.44774 12.5448 -13.3481 
0.225091 0.726307 -20.4625 
-0.884937 -2.02421 -19.324 
2.48783 6.21748 -17.6323 
2.95851 7.30417 -17.151 
4.35322 10.5598 -15.8859 
2.5813 6.45065 -17.6887 
3.30499 7.92685 -16.1265 
0.480742 1.37572 -19.0221 
3.34569 8.19665 -16.8081 
-1.30844 -3.03655 -18.7352 
-1.98258 -4.85933 -19.5171 
1.17125 3.07675 -18.3758 
1.23889 3.19025 -18.3209 
0.0068777 0.194497 -19.1593 
-3.84942 -8.54499 -14.9076 
4.96102 11.9159 -15.2089 
-1.58153 -3.63913 -18.1621 
0.41508 1.20396 -19.0361 
0.39873 1.16885 -19.5746 
4.84049 11.5372 -15.0102 
0.862131 2.32857 -19.3995 
-0.455902 -0.966382 -19.7719 
-2.76797 -6.61291 -18.0892 
-2.10432 -5.09943 -19.0377 
2.35573 5.88289 -17.663 
2.23786 5.49139 -16.7792 
1.7478 4.42331 -17.8679 
-1.03229 -2.30979 -18.5668 
-0.130311 -0.145821 -19.3525 
-1.92081 -4.64666 -19.1869 
3.04021 7.6009 -17.6045 
2.6428 6.56176 -17.4013 
3.38354 7.94883 -15.1939 
1.76562 4.57905 -19.133 
0.724295 1.97166 -18.7538 
0.146212 0.555606 -18.9437 
0.454734 1.31776 -18.4226 
-1.68247 -3.93694 -18.3962 
0.217349 0.720881 -19.6236 
1.15142 3.03297 -18.4534 
1.25075 3.20293 -17.7264 
4.18162 9.93101 -15.2677 
0.0935064 0.419002 -19.2472 
0.59581 1.6609 -18.8161 
2.09089 5.21031 -17.3529 
-0.214067 -0.373321 -20.0938 
-0.284841 -0.540038 -19.5288 
4.8921 11.6424 -14.8661 
-0.137441 -0.167563 -19.3873 
5.82693 13.26 -12.6678 
-0.877105 -1.99058 -18.9929 
2.45672 6.12787 -17.5686 
1.71909 4.54655 -19.7899 
0.0187374 0.25181 -18.3502 
2.90885 7.17136 -17.1837 
-0.912918 -2.12805 -19.7555 
1.51073 3.95998 -19.0738 
-1.09687 -2.5276 -18.8023 
1.22309 3.18229 -18.3721 
8.36335 15.8015 -4.56177 
4.8849 11.8819 -15.7063 
4.31057 10.4151 -15.8359 
1.43061 3.71972 -18.6932 
6.54154 14.6629 -11.4471 
3.82227 9.05707 -15.4051 
-1.31078 -3.01323 -18.5709 
-2.88222 -6.58571 -16.6454 
1.82895 4.68471 -18.548 
3.58039 8.43005 -15.2399 
-1.047 -2.45051 -19.5845 
1.81999 4.68492 -18.7413 
-0.746629 -1.6716 -18.9956 
5.79185 12.7753 -11.7508 
1.36449 3.58687 -19.2663 
1.12916 2.95148 -18.2292 
-2.22092 -5.23892 -18.1725 
1.25771 3.35463 -19.7581 
2.6672 6.53664 -16.8907 
-0.683398 -1.57764 -19.9509 
0.253618 0.829271 -18.9701 
0.531126 1.48554 -18.5657 
-0.505851 -1.14362 -20.285 
-2.13497 -5.14936 -18.8771 
2.5503 6.48798 -18.4411 
1.50361 3.90371 -18.6187 
-0.499861 -1.05259 -19.0146 
-1.94091 -4.51808 -18.0977 
0.909507 2.49226 -19.8275 
2.38819 6.03367 -17.9523 
2.84177 6.95659 -16.7495 
-1.6458 -3.87297 -18.7042 
3.87829 9.354 -16.0224 
0.501242 1.43451 -19.4624 
2.91512 7.43569 -18.5215 
-3.78888 -8.80485 -16.2872 
0.821453 2.24903 -19.3574 
3.37226 8.19756 -16.4742 
3.87055 9.58885 -17.0059 
0.612472 1.69106 -18.9822 
2.39389 5.97625 -17.645 
1.7509 4.47344 -18.4813 
3.01256 7.68378 -18.5633 
6.96752 14.3531 -8.51675 
0.921373 2.46182 -18.7454 
2.11695 5.3899 -18.2612 
-0.606781 -1.26277 -18.2385 
3.35689 8.40965 -17.6455 
-0.603328 -1.30326 -19.2209 
-0.920665 -2.09048 -18.9664 
0.939533 2.53755 -19.4049 
5.47448 12.9211 -14.1689 
1.75404 4.49351 -18.5558 
1.07057 2.90015 -19.9068 
1.14905 3.00962 -18.2565 
-0.582399 -1.30157 -19.6123 
2.22149 5.6809 -18.6126 
5.03768 11.6814 -13.8976 
2.48101 6.15361 -17.3492 
-0.610615 -1.31115 -18.966 
4.43054 10.5741 -15.3365 
0.209159 0.708559 -20.1923 
1.51202 3.97094 -19.3427 
1.64788 4.23077 -18.4622 
1.31878 3.40976 -18.1491 
0.232735 0.750182 -18.885 
-0.207281 -0.322043 -19.1756 
2.92472 7.13646 -16.7291 
2.97397 7.57143 -18.3703 
1.31094 3.37852 -17.9634 
2.13512 5.50976 -18.9433 
3.75453 9.22129 -16.7174 
2.10976 5.37733 -18.2987 
1.14367 2.99978 -18.1387 
-0.528203 -1.09087 -18.4521 
-4.28644 -9.92194 -15.657 
3.78683 9.40257 -17.1329 
0.572565 1.6171 -19.4899 
0.920171 2.49732 -19.6459 
3.09969 7.72848 -17.6065 
-0.55922 -1.13305 -18.0642 
1.02344 2.71145 -18.5239 
-2.35595 -5.60463 -18.2796 
1.33552 3.48822 -18.5009 
2.25112 5.61156 -17.4825 
0.664281 1.86046 -19.7997 
-2.8631 -6.69929 -17.3386 
1.4444 3.79007 -19.0086 
-2.69433 -6.05759 -16.2839 
3.36839 8.19963 -16.6307 
-3.25988 -8.03449 -18.6808 
-2.68061 -6.09576 -16.7763 
2.41767 6.13843 -18.4196 
5.1075 11.907 -13.975 
2.58536 6.43476 -17.408 
4.27 10.1923 -15.4736 
-0.202369 -0.311092 -19.268 
4.01235 9.83353 -16.5503 
0.663073 1.8181 -18.7418 
4.20045 10.3339 -16.6254 
-2.53578 -6.20547 -19.045 
1.71447 4.3657 -18.1171 
0.537187 1.55226 -20.6642 
0.348566 1.04636 -19.3799 
1.8465 4.79308 -19.1772 
1.11901 2.95474 -18.9357 
4.61631 11.2356 -15.8879 
4.68261 11.1815 -15.0896 
1.83199 4.64068 -17.8665 
-1.68414 -3.63037 -16.489 
1.64208 4.12665 -17.525 
1.64841 4.29405 -18.9799 
1.71744 4.50742 -19.4313 
-1.85807 -4.13266 -17.2201 
2.09673 5.30499 -17.9139 
1.7511 4.5254 -18.7402 
5.29139 12.2238 -13.5503 
0.0592723 0.341577 -18.5001 
3.50499 8.52458 -16.4902 
1.74341 4.53386 -19.1143 
4.23493 10.057 -15.3121 
0.98773 2.61825 -18.8859 
2.95673 7.25726 -16.8373 
4.60085 10.8494 -14.758 
-1.00209 -2.22054 -18.2968 
-2.20766 -5.32487 -18.8427 
0.673821 1.89655 -19.7684 
3.04725 7.51447 -17.1085 
0.224598 0.763953 -18.2054 
3.18161 7.95252 -17.6591 
-0.513492 -1.06101 -18.8556 
2.05198 5.21624 -18.2437 
-0.268498 -0.489079 -18.9336 
-0.532568 -1.12001 -19.0074 
1.05577 2.78793 -18.8206 
1.42256 3.59791 -17.7949 
2.80228 7.01075 -17.656 
1.11473 2.93624 -18.9643 
-1.94622 -4.37854 -17.0673 
5.66324 12.1736 -11.0376 
-3.2125 -7.51725 -16.9781 
4.54561 10.5509 -14.3513 
1.58018 4.15057 -19.405 
1.85139 4.72662 -18.2783 
0.931811 2.4684 -18.7658 
0.671768 1.87772 -19.9575 
-0.292567 -0.520968 -19.2501 
0.824269 2.20401 -18.4884 
4.97468 11.7273 -14.473 
3.28298 7.95246 -16.3103 
2.44448 6.2214 -18.4605 
0.780813 2.11089 -18.8927 
1.45279 3.76827 -18.6314 
1.9263 4.96096 -18.8198 
1.20971 3.11994 -17.9105 
-0.704132 -1.5462 -19.0119 
0.281968 0.883878 -19.555 
1.30809 3.4367 -19.0191 
4.16171 9.74901 -14.8685 
-0.438498 -0.930595 -19.7585 
2.8728 7.22676 -17.9647 
2.33102 6.03736 -19.1059 
1.61883 4.09215 -17.7277 
1.11778 2.93222 -18.3402 
-0.620415 -1.35088 -18.8723 
0.0538605 0.325809 -18.2911 
0.977832 2.64283 -19.7346 
3.74538 9.113 -16.3654 
-1.00459 -2.19478 -17.8285 
-0.11769 -0.0474232 -18.0014 
3.44805 8.51929 -17.0526 
3.9988 9.67806 -16.0654 
2.13688 5.29353 -17.2192 
-0.332877 -0.634902 -19.1849 
0.00493291 0.192832 -19.0511 
-0.175177 -0.214258 -18.4699 
4.26655 10.1811 -15.4389 
4.58491 10.8379 -14.9485 
1.3867 3.59028 -18.7518 
-3.23679 -7.68178 -17.5106 
1.49342 3.94636 -19.5647 
0.274432 0.87932 -18.7538 
4.11311 9.96159 -16.0436 
0.547511 1.56855 -19.2471 
2.83365 6.99624 -17.1655 
-1.71355 -4.00316 -18.3692 
-0.731719 -1.61506 -18.7895 
2.80015 7.00887 -17.8395 
-0.869903 -1.91141 -18.5636 
3.22104 7.86853 -16.6496 
2.71749 6.69346 -17.1678 
1.27486 3.31076 -18.484 
2.97498 7.19889 -16.4119 
0.949877 2.54084 -18.5244 
2.39261 5.96105 -17.5353 
-1.45465 -3.45036 -19.04 
0.256058 0.813565 -19.7573 
4.2332 10.0532 -15.2381 
0.231074 0.768628 -19.2091 
2.20468 5.57207 -18.0818 
5.55945 12.6215 -12.7487 
-0.256305 -0.46847 -19.8213 
-1.60917 -3.62729 -17.5834 
1.36941 3.57944 -18.7941 
-0.207015 -0.299502 -18.5235 
2.73727 6.79812 -17.526 
-2.98396 -7.06195 -17.614 
4.20231 9.93269 -15.111 
2.38684 6.14783 -18.9161 
4.67848 11.2747 -15.4832 
-0.174144 -0.247425 -18.85 
0.563691 1.59828 -20.311 
0.865428 2.36386 -19.6613 
1.83514 4.76059 -19.119 
2.45856 6.18573 -17.9986 
2.07449 5.39751 -19.3929 
0.540028 1.53243 -19.2552 
0.646654 1.77535 -19.1871 
5.55299 12.8907 -13.4542 
3.03285 7.4821 -17.0551 
3.04753 7.7296 -18.1972 
-2.0852 -4.91593 -18.404 
-0.727689 -1.53813 -18.2368 
5.2482 11.7326 -12.6363 
2.17829 5.58631 -18.6066 
1.19163 3.07226 -17.9258 
-0.063392 0.0408654 -18.9407 
-2.46317 -5.85395 -18.1625 
1.7975 4.52771 -17.761 
1.95881 4.95839 -18.0091 
7.31994 14.9981 -7.91054 
-2.57396 -5.99265 -17.4413 
2.34525 5.87675 -17.7608 
2.80317 6.86679 -16.8979 
4.40289 10.4903 -15.2718 
4.7434 11.2713 -15.0027 
2.58572 6.69389 -19.1454 
1.12299 2.96575 -19.2905 
1.38086 3.61887 -19.0227 
4.76229 11.2942 -14.9015 
2.18205 5.55635 -18.4024 
-3.52776 -8.29084 -16.9022 
3.13413 7.69552 -16.9246 
1.26522 3.29555 -18.3376 
2.67628 6.6153 -17.2045 
-0.0599436 0.0279366 -19.6393 
2.69717 6.67968 -17.3074 
0.268212 0.850355 -19.1724 
0.173267 0.601164 -19.6012 
0.802229 2.18518 -19.6611 
0.732199 1.9793 -18.2525 
1.04604 2.74121 -18.0401 
-1.49538 -3.39067 -17.919 
-1.77587 -4.27849 -19.2022 
-3.9762 -9.09681 -15.6251 
1.71666 4.39439 -18.4846 
2.10302 5.28993 -17.7667 
1.38423 3.56241 -18.1274 
2.9859 7.31865 -16.8505 
-1.65682 -3.87857 -18.4842 
1.34889 3.47566 -17.986 
3.02714 7.28976 -16.2508 
-1.62162 -3.80988 -18.5739 
2.28514 5.5982 -16.9127 
0.24991 0.809468 -19.072 
-1.13616 -2.55576 -18.4704 
1.08576 2.85639 -18.6932 
1.87226 4.80108 -18.6034 
3.265 8.10861 -17.4095 
1.38554 3.54328 -17.9515 
2.91963 7.18319 -16.9649 
4.64216 11.048 -14.9855 
3.41407 8.6772 -18.2361 
3.19159 7.71314 -16.3763 
-2.02909 -4.76659 -18.1688 
3.9506 9.47522 -15.7466 
0.121127 0.47254 -18.7868 
3.25549 7.966 -16.6845 
2.77859 7.07851 -18.4562 
3.30168 8.121 -17.0165 
3.52778 8.52635 -16.2369 
-1.28901 -3.01903 -18.9084 
0.32783 1.00071 -18.6172 
0.473154 1.3462 -17.7917 
5.48777 12.7481 -13.5612 
0.448254 1.28765 -18.3065 
-0.9288 -2.16348 -19.4274 
2.76082 6.93973 -17.8958 
-0.431967 -0.849622 -18.7006 
-2.1527 -5.20739 -18.9592 
3.28792 8.02985 -16.7273 
4.86304 11.647 -15.081 
-1.9552 -4.60606 -18.3343 
4.7016 11.3272 -15.4936 
-1.53838 -3.5936 -18.5708 
0.920424 2.49265 -19.2434 
5.79593 13.1492 -12.5276 
3.21369 7.85824 -16.7243 
1.70387 4.49404 -19.6305 
3.46478 8.67179 -17.6188 
-0.33428 -0.695356 -19.9559 
-1.56609 -3.69891 -18.7855 
5.42961 12.4645 -13.2717 
0.501913 1.42767 -18.5565 
0.276078 0.858026 -18.7297 
-3.2506 -7.8212 -17.9299 
3.20782 8.0768 -17.853 
-1.29455 -3.08966 -19.5842 
-0.493528 -1.01835 -19.0041 
-1.49455 -3.53572 -18.8735 
-1.48409 -3.45216 -18.5761 
-0.689868 -1.50893 -18.8446 
-1.12314 -2.60755 -18.8656 
5.97406 13.821 -13.0449 
1.01546 2.74247 -19.6904 
1.2397 3.29684 -19.3251 
1.96353 4.94587 -17.7749 
1.15782 3.07008 -18.8842 
1.48968 3.90176 -19.3526 
-2.39345 -5.55833 -17.6071 
-0.0288897 0.13264 -18.9005 
2.86532 7.12742 -17.3663 
3.06617 7.49035 -16.7483 
-1.76788 -4.25273 -19.0751 
6.60399 14.247 -10.1683 
0.4301 1.25885 -18.8004 
2.3876 6.07563 -18.4992 
-3.79033 -8.35694 -14.83 
3.0458 7.35771 -16.397 
0.0420888 0.275268 -19.3869 
0.0380961 0.306266 -18.7392 
2.11805 5.30171 -17.6523 
6.13249 13.9499 -12.3331 
-1.33613 -2.96293 -17.7036 
5.14011 12.0229 -14.1696 
1.83787 4.61865 -17.9031 
1.4485 3.80191 -19.3417 
1.4665 3.85128 -19.3317 
4.82636 11.3418 -14.5103 
4.31648 10.4458 -15.9359 
-3.66392 -8.21476 -15.3891 
0.249916 0.805039 -19.3966 
2.0468 5.21062 -18.2612 
-1.73543 -4.17541 -19.1787 
6.18944 13.4629 -10.882 
1.55771 4.07795 -19.321 
1.17784 3.13395 -19.5426 
0.652499 1.79692 -18.5145 
4.83182 11.4223 -14.7055 
-0.695918 -1.526 -18.9516 
-0.786531 -1.74158 -18.8065 
0.207971 0.701107 -18.9187 
4.06236 9.80291 -15.872 
3.25384 8.09432 -17.3768 
4.98034 11.3072 -13.338 
5.41714 12.4877 -13.4237 
-3.76318 -8.90654 -16.897 
2.16992 5.50483 -18.1908 
1.33439 3.49583 -19.0114 
-0.978557 -2.25166 -19.0572 
1.46673 3.8597 -19.475 
0.464717 1.33398 -19.1025 
2.70909 6.95376 -18.8067 
2.68525 6.69386 -17.6544 
2.93058 7.22736 -17.2106 
2.84837 7.21803 -18.195 
1.07144 2.81206 -18.0711 
-1.77019 -4.28039 -19.3277 
1.4821 3.87663 -18.8497 
1.46744 3.89848 -19.8868 
-2.58044 -6.06249 -17.7297 
1.13359 2.96685 -18.6139 
-0.337289 -0.651206 -19.093 
1.85863 4.71271 -17.9684 
-0.488518 -1.06133 -19.7928 
3.76034 9.22198 -16.668 
1.12287 2.97706 -18.8703 
-0.0672901 0.00775911 -19.328 
3.10219 7.47731 -16.2691 
1.27729 3.29675 -17.9423 
4.93729 11.4924 -14.1169 
3.72039 9.15837 -16.8032 
4.45808 10.6113 -15.2207 
2.57793 6.40607 -17.4259 
0.794088 2.17032 -19.4234 
-0.668066 -1.4927 -19.396 
1.3016 3.38026 -18.37 
2.10963 5.25478 -17.4445 
5.07647 11.7524 -13.8142 
1.17713 3.07247 -18.6781 
3.33548 8.14078 -16.6627 
1.8318 4.67021 -18.0461 
1.78775 4.64806 -19.0935 
-0.534225 -1.14664 -19.1484 
-2.44671 -5.82163 -18.3195 
1.03434 2.77247 -19.3627 
0.166953 0.587408 -19.3 
-0.922978 -2.14118 -19.498 
-1.45184 -3.41996 -18.9652 
0.204845 0.716092 -18.221 
0.486726 1.41731 -18.7947 
4.46532 10.6157 -15.0556 
1.38703 3.55019 -18.2948 
2.32046 5.82552 -17.8495 
-0.165799 -0.22093 -19.275 
1.49876 3.93094 -19.6471 
0.960344 2.57305 -19.2468 
-4.14355 -9.6547 -16.0193 
7.2638 14.5489 -7.48505 
4.46618 10.8169 -15.8486 
-0.354318 -0.70632 -19.4525 
1.04599 2.80059 -19.2298 
0.535794 1.49818 -17.9668 
3.85096 9.11671 -15.4556 
1.63387 4.18503 -18.3033 
6.7783 13.8999 -8.61411 
1.41634 3.67367 -18.5575 
1.73327 4.44715 -18.5177 
-0.167029 -0.233359 -19.3532 
-0.845307 -1.95798 -19.4827 
1.27617 3.29008 -18.1449 
2.92827 7.29706 -17.551 
5.16748 12.0644 -14.0196 
0.889327 2.37705 -18.6885 
0.95182 2.54175 -18.8315 
2.40455 6.02161 -17.714 
1.54735 3.94515 -17.6775 
2.4396 6.12295 -17.8532 
3.21885 7.95316 -17.2306 
-1.14417 -2.63674 -18.8672 
-2.70524 -6.247 -17.141 
0.222038 0.750175 -19.8711 
2.96387 7.41769 -17.5902 
-0.392521 -0.786589 -18.749 
1.1566 3.04895 -18.8305 
0.199028 0.689999 -19.5423 
-2.85884 -6.78454 -17.6444 
1.34755 3.49982 -18.895 
0.110585 0.468187 -19.1477 
-0.894768 -2.00964 -18.7152 
0.213746 0.725337 -18.8267 
3.66531 8.96973 -16.5718 
4.8643 11.5427 -14.7824 
-2.58859 -5.90053 -16.8306 
1.14261 3.00209 -18.3579 
3.68455 8.96092 -16.4431 
-1.9828 -4.69047 -18.4284 
-2.03859 -4.75202 -17.974 
2.07001 5.28078 -18.3145 
3.08062 7.70791 -17.742 
1.27684 3.37629 -18.9796 
2.13973 5.48954 -18.5926 
4.76136 10.8463 -13.4938 
-4.55397 -10.1843 -14.4479 
1.95029 4.97139 -18.2662 
-2.6609 -6.3211 -17.9815 
-0.663677 -1.45797 -19.1449 
-2.69059 -6.33624 -17.6544 
1.14115 2.99248 -18.7173 
1.37931 3.61148 -19.1463 
3.62388 8.63075 -15.6813 
1.99725 5.05485 -18.085 
-0.628608 -1.38962 -19.4397 
1.44132 3.79504 -19.4639 
-0.206356 -0.351362 -20.1639 
1.92017 4.81959 -17.8199 
-0.158678 -0.224894 -18.8223 
-3.20333 -7.43803 -16.8201 
-4.51105 -10.0638 -14.4238 
0.447356 1.3083 -18.997 
6.14273 13.2914 -10.7879 
-0.282555 -0.522044 -19.013 
3.56691 8.89513 -17.3807 
-0.518068 -1.02092 -18.0555 
4.11804 10.0052 -16.1016 
0.916497 2.47285 -19.269 
3.59115 8.74497 -16.5223 
-0.894481 -1.98453 -18.5564 
4.79524 11.2027 -14.2992 
-0.649538 -1.42067 -18.8999 
1.44739 3.77915 -18.7852 
1.39224 3.61679 -18.875 
2.18852 5.51179 -17.7815 
2.52518 6.14066 -16.5836 
1.61072 4.1039 -17.9306 
-3.92771 -8.89803 -15.4253 
3.09809 7.69485 -17.3974 
-2.14855 -5.17572 -18.8162 
2.5186 6.2724 -17.4795 
-0.639768 -1.35511 -18.4958 
3.17711 7.59407 -15.9639 
3.47301 8.19472 -15.3098 
5.53879 12.9523 -13.794 
3.31935 8.15449 -16.9038 
-0.822833 -1.92611 -19.8462 
0.868781 2.33219 -18.5297 
3.30325 8.14946 -17.0058 
3.90175 9.4969 -16.2923 
1.31912 3.50914 -19.8363 
5.38893 12.5632 -13.8818 
-0.73773 -1.63882 -18.886 
2.9033 7.14233 -16.9584 
0.404877 1.18071 -19.4727 
3.24482 7.91031 -16.7356 
-4.01766 -9.42872 -16.5064 
1.49224 3.88123 -18.7154 
2.47495 6.24593 -17.9256 
1.99488 5.02711 -17.8101 
0.971197 2.59569 -18.4808 
1.31371 3.45366 -19.0425 
1.51251 3.81917 -17.6631 
4.23758 10.4992 -16.8422 
5.20585 12.0675 -13.7892 
0.960426 2.60913 -20.2943 
3.86105 9.52362 -16.8577 
-0.0509389 0.0768159 -19.4583 
1.80343 4.67159 -18.8827 
-0.183887 -0.275071 -19.7328 
-1.86214 -4.40478 -18.6465 
1.65639 4.26912 -18.6377 
0.40804 1.19841 -18.7175 
3.31299 8.54342 -18.9148 
2.65854 6.69879 -17.9832 
3.81624 9.11429 -15.7082 
1.38356 3.6171 -18.9478 
-1.86024 -4.41907 -18.6651 
1.27757 3.29914 -18.3658 
1.84835 4.73073 -18.3746 
-1.79005 -4.11396 -17.8967 
1.70719 4.42144 -18.9593 
-2.79842 -6.5079 -17.1986 
4.12995 10.0484 -16.2855 
-3.61804 -8.46473 -16.6005 
0.241089 0.792746 -18.9339 
4.69529 11.0335 -14.6243 
5.81549 12.9987 -12.0623 
5.39822 12.3069 -13.0061 
0.264347 0.829966 -19.0125 
0.143529 0.560886 -18.843 
-0.418412 -0.865594 -19.1893 
-1.23593 -2.85763 -18.7969 
5.68127 12.8502 -12.5232 
-3.57648 -8.0769 -15.6537 
2.77999 6.98038 -17.931 
2.52747 6.35763 -17.9316 
-0.216159 -0.355372 -19.0515 
1.77678 4.57592 -18.5629 
3.46759 8.54166 -16.963 
2.42259 6.01732 -17.4002 
3.67566 9.24459 -17.6636 
1.37219 3.54284 -18.1942 
-0.544904 -1.12213 -18.3167 
0.583887 1.65108 -19.4115 
0.725158 1.959 -17.7372 
-1.96857 -4.41884 -17.0989 
0.557719 1.57461 -18.9899 
1.24001 3.25704 -19.122 
-1.32336 -3.0606 -18.6264 
1.00066 2.65606 -18.5877 
4.29708 10.1518 -15.02 
4.28442 10.4447 -16.1388 
-3.92664 -9.07617 -15.9766 
-1.63963 -3.82357 -18.3467 
6.31917 13.3961 -10.0573 
2.62644 6.46229 -16.9572 
-1.77479 -3.99968 -17.4224 
1.17117 3.03867 -18.1869 
6.21202 13.5833 -11.0901 
-0.465486 -0.967093 -19.0725 
-0.488284 -0.983924 -18.7121 
-1.05545 -2.36247 -18.5139 
3.314 8.11355 -16.668 
-1.30068 -3.02343 -18.6572 
2.27428 5.7834 -18.4354 
3.42995 8.51502 -17.3854 
2.31825 5.87891 -18.3178 
1.64193 4.26711 -18.8702 
1.79427 4.5492 -17.9455 
1.91834 4.99737 -19.1881 
0.407063 1.19827 -19.431 
5.26601 12.3364 -14.1397 
0.899181 2.36875 -17.9336 
1.05173 2.86603 -20.3391 
3.07717 7.9642 -19.0825 
-0.294133 -0.589573 -19.9057 
4.39357 10.361 -15.0088 
2.61502 6.49007 -17.3622 
-0.125581 -0.1168 -18.785 
-2.72731 -6.7048 -18.9988 
2.36755 5.98962 -18.1277 
2.0534 5.17961 -17.9888 
2.83031 6.8884 -16.4866 
2.70848 6.77582 -17.738 
2.29081 5.67697 -17.1834 
2.67869 6.95164 -19.3193 
3.85872 9.29885 -15.9475 
-1.07815 -2.47121 -18.8381 
3.62358 8.65281 -15.703 
-2.78503 -6.70703 -18.3149 
-0.792224 -1.82756 -19.7086 
1.57734 4.12718 -19.096 
3.06761 7.60867 -17.3573 
0.516341 1.45249 -19.3529 
1.09292 2.92116 -19.2834 
-1.26487 -2.94371 -18.9699 
1.22457 3.14377 -17.7995 
4.57562 10.5711 -14.1178 
5.05706 12.0701 -14.9178 
-0.540786 -1.13538 -18.6016 
3.88527 9.40434 -16.1427 
-1.80268 -4.18503 -18.0813 
0.13347 0.532142 -18.6107 
2.79207 6.99793 -17.8034 
2.23384 5.62916 -17.9149 
0.695151 1.92452 -19.3634 
-1.33262 -3.09931 -18.6833 
2.89963 6.95184 -16.0399 
-0.165229 -0.232647 -18.9761 
2.29819 5.78546 -17.9792 
3.61794 8.71532 -16.1017 
2.17343 5.62502 -19.0004 
-1.80014 -4.13113 -17.8757 
1.49052 3.82246 -18.2393 
-0.0759446 0.016313 -18.4 
-0.628651 -1.3236 -18.6423 
4.04305 10.0885 -17.2362 
-1.45157 -3.39166 -18.6763 
-1.81865 -4.23819 -18.2386 
-1.06326 -2.43955 -18.8046 
0.098894 0.438441 -18.8148 
5.25208 11.7676 -12.7426 
3.23085 8.05908 -17.5286 
3.54677 8.61647 -16.4183 
-0.516085 -1.09858 -19.4041 
0.56128 1.57795 -18.4657 
0.270266 0.860354 -19.2519 
-1.31418 -3.04962 -18.8646 
0.715342 1.98005 -19.2831 
-3.37013 -7.70397 -16.2237 
0.690249 1.88804 -18.5873 
0.937232 2.52629 -19.0778 
2.45681 6.22216 -18.146 
2.18051 5.57452 -18.5011 
-2.20566 -5.22122 -18.3217 
1.51164 3.85299 -17.9816 
0.43071 1.25812 -19.4999 
2.28699 5.7602 -17.8114 
-0.0437738 0.0583895 -20.0166 
4.15602 9.98111 -15.7467 
0.975708 2.60081 -18.3456 
0.80077 2.17679 -19.271 
-0.247185 -0.427239 -19.3102 
5.28169 12.5914 -14.6607 
-0.76229 -1.79641 -20.2609 
2.28553 5.77105 -17.9405 
0.88789 2.38804 -19.181 
3.26389 8.08453 -17.2406 
0.830552 2.23366 -18.7614 
3.09337 7.54336 -16.5857 
2.15784 5.51283 -18.299 
-1.0524 -2.40103 -18.7225 
2.21244 5.60816 -18.301 
2.89033 7.11475 -17.0748 
-0.0741138 -0.00836844 -19.6277 
2.19261 5.58108 -18.4415 
-1.3172 -3.05354 -18.7334 
0.0929851 0.417855 -19.3605 
-0.25202 -0.466615 -19.6404 
0.892502 2.40358 -19.1299 
0.0245147 0.242124 -19.2381 
2.42425 6.19707 -18.6251 
-2.33449 -5.42557 -17.6562 
0.848875 2.28922 -19.4766 
-1.79878 -4.08189 -17.4806 
-0.590636 -1.23778 -18.5285 
-2.91005 -6.72299 -16.8486 
-2.24966 -5.37922 -18.4934 
-2.22929 -5.42397 -18.9942 
4.95036 11.7873 -14.9146 
-1.06803 -2.33168 -17.7048 
2.94375 7.12413 -16.3637 
0.057739 0.334125 -18.7935 
1.86246 4.72586 -18.1292 
1.94532 4.94629 -18.2469 
-0.572362 -1.28875 -20.1922 
2.0917 5.28192 -18.0694 
0.912114 2.39422 -18.316 
-1.14895 -2.70454 -19.5077 
0.211434 0.695715 -19.5071 
-1.59078 -3.74704 -18.982 
-2.68379 -6.23413 -17.1806 
1.75425 4.4941 -18.4906 
2.91964 7.09178 -16.4536 
0.866509 2.3364 -19.1763 
3.85736 9.35824 -16.2019 
3.09632 7.66884 -17.246 
0.165413 0.589903 -19.6703 
-0.403897 -0.850949 -19.8678 
-0.792516 -1.75661 -18.633 
1.08545 2.84872 -18.595 
-2.19856 -5.24294 -18.5163 
1.78127 4.63887 -19.355 
-5.88623 -13.0272 -12.6128 
0.263889 0.837864 -18.8471 
1.38686 3.61403 -18.5875 
1.72818 4.42058 -18.2141 
5.83145 13.0447 -12.0359 
0.820528 2.17491 -17.7782 
0.464537 1.348 -19.5531 
0.678331 1.87884 -19.2885 
0.815745 2.20474 -18.9373 
2.19629 5.59513 -18.2766 
4.12187 9.84258 -15.4554 
-0.173453 -0.258761 -19.4658 
-1.12421 -2.63985 -19.3806 
-1.07433 -2.48553 -19.1307 
3.16429 7.89312 -17.5232 
2.98733 7.39034 -17.1273 
2.91271 7.23172 -17.3896 
1.76426 4.44872 -17.5092 
2.77605 6.92377 -17.6254 
-0.1354 -0.129998 -18.6207 
-2.70898 -6.25107 -16.9485 
0.37765 1.11665 -19.9469 
-1.36735 -3.25871 -19.5105 
3.71154 9.35626 -17.7693 
2.17121 5.33414 -17.085 
2.27823 5.62532 -17.1032 
-0.873227 -2.02264 -19.5105 
2.03701 5.15789 -18.1271 
1.72978 4.41489 -18.0616 
0.773808 2.14813 -20.2822 
-0.462677 -0.95537 -19.0052 
3.51881 8.59376 -16.6917 
2.59203 6.72519 -19.3325 
0.98911 2.65437 -19.3863 
1.92673 4.83763 -17.7304 
2.64774 6.70884 -18.2282 
3.6947 8.91526 -16.048 
3.94742 9.642 -16.4025 
6.39508 13.6855 -10.1708 
-2.89353 -6.52041 -16.268 
0.161053 0.617543 -18.3323 
0.876916 2.39341 -19.8314 
0.175082 0.603518 -19.2383 
3.21961 7.9714 -17.1947 
-0.754315 -1.67583 -19.1778 
-0.481856 -1.01951 -18.7972 
1.60884 4.14017 -18.5086 
0.225209 0.747097 -18.8385 
-0.286998 -0.523718 -19.3026 
3.0403 7.41212 -16.6732 
4.80706 11.0307 -13.7295 
0.949451 2.5536 -19.0723 
-0.170078 -0.229117 -18.9596 
-0.433659 -0.910027 -19.5047 
0.978341 2.58762 -18.2984 
1.81262 4.61844 -18.1181 
-0.36773 -0.691096 -18.4382 
2.87291 7.32161 -18.4598 
5.56359 12.9016 -13.4672 
2.07627 5.25788 -17.9146 
2.55716 6.57171 -18.9462 
1.77154 4.59538 -18.8547 
-1.48854 -3.39085 -17.9517 
2.52391 6.27796 -17.4705 
5.61529 12.9524 -13.2727 
-0.485548 -1.00185 -18.8369 
3.04667 7.7111 -18.1678 
3.28275 8.15059 -17.3221 
2.29282 5.84624 -18.4793 
0.780407 2.11268 -18.6511 
1.66125 4.32674 -19.2256 
-2.67822 -6.11621 -16.895 
3.54835 8.75883 -16.9751 
0.471453 1.35832 -18.4057 
-1.79728 -4.31179 -18.9993 
4.333 10.5398 -16.0083 
3.01072 7.2667 -16.2598 
4.98499 11.4008 -13.5112 
1.34956 3.582 -19.5165 
-0.423865 -0.809352 -18.408 
-1.19057 -2.81541 -19.3289 
2.8429 7.02942 -17.219 
3.86047 9.09811 -15.1688 
4.28097 10.5311 -16.5226 
4.73385 11.1679 -14.7312 
-0.809474 -1.77406 -18.6648 
1.7497 4.48261 -18.3856 
1.75524 4.43115 -17.7077 
-0.68991 -1.50508 -18.9277 
-1.2689 -2.93886 -18.9038 
5.34291 12.1218 -12.9385 
-2.08874 -5.00637 -18.7742 
3.52943 8.56781 -16.439 
-1.25634 -2.97811 -19.3333 
1.83203 4.58905 -17.3171 
2.48196 6.14353 -17.3837 
2.09184 5.24903 -17.7069 
3.13878 7.76456 -17.1588 
0.244876 0.791309 -20.0031 
0.690214 1.89018 -18.7314 
1.21864 3.20153 -18.8746 
-0.343959 -0.641347 -19.2044 
-1.94899 -4.71059 -19.1948 
0.799548 2.17857 -19.39 
2.36351 5.9215 -17.7585 
1.81585 4.63788 -18.4606 
4.29916 10.3402 -15.6319 
-2.38764 -5.58838 -17.8166 
5.83879 13.5191 -13.1958 
1.72363 4.41847 -18.529 
1.54655 3.9419 -18.2237 
1.17807 3.09746 -18.5627 
1.37011 3.57139 -18.6951 
4.54288 11.0931 -16.0944 
-1.27459 -2.99684 -19.0164 
0.189021 0.654948 -19.4519 
-1.62022 -3.70714 -17.8988 
3.13526 7.78631 -17.3662 
2.6211 6.7286 -18.9353 
0.0375832 0.30958 -18.7507 
2.86116 7.16582 -17.8116 
6.02712 13.2212 -11.3319 
2.63296 6.50436 -17.2358 
-0.175717 -0.162888 -17.4655 
1.28783 3.35532 -18.5632 
2.84087 7.08435 -17.7 
-3.32709 -7.64123 -16.3866 
4.22818 10.0864 -15.4346 
0.312287 0.973854 -19.0335 
-2.09722 -4.8162 -17.4971 
0.30176 0.93778 -18.1086 
-1.10188 -2.48531 -18.3496 
4.0209 9.41892 -14.9223 
2.14067 5.45071 -18.2225 
2.99768 7.40267 -17.1356 
4.21734 9.92158 -14.9331 
0.144776 0.537437 -19.536 
-3.3786 -7.91903 -16.9427 
6.10119 13.2979 -10.9944 
1.05555 2.78956 -18.3668 
4.7902 11.1733 -14.2553 
-1.54208 -3.45155 -17.5476 
3.35893 8.15466 -16.519 
3.02592 7.41297 -16.8286 
4.52464 10.6243 -14.6662 
-1.883 -4.53401 -19.0488 
