0.795852
7.10378 17.0036 -13.1852 
2.58087 6.8733 -21.0292 
6.73278 15.9361 -13.2039 
5.4409 13.0669 -15.0869 
5.08306 12.7122 -16.9151 
-1.99924 -5.3018 -21.8595 
-2.93989 -7.58533 -20.1904 
4.9287 12.3928 -17.2315 
1.25617 3.4137 -21.9881 
-0.66707 -1.70633 -21.7472 
-0.188122 -0.412382 -20.8165 
-2.78975 -7.17529 -20.164 
8.20491 17.9891 -8.81135 
9.0733 17.4448 -4.01076 
4.3317 10.8668 -17.6135 
2.70253 7.07853 -20.2631 
3.79262 10.0293 -20.1579 
1.68974 4.52319 -21.3845 
1.54223 4.2199 -22.399 
-0.186584 -0.412644 -21.2116 
-6.52901 -15.7083 -14.3083 
-5.23297 -13.0829 -17.1296 
6.69628 15.6234 -12.7568 
8.47558 18.1073 -7.65177 
6.35865 15.3887 -14.4201 
-0.542431 -1.3631 -21.5146 
6.73502 16.2278 -13.8492 
5.98885 14.3821 -14.5485 
1.8095 4.91375 -22.0637 
1.27716 3.46328 -21.9296 
7.50994 16.8667 -10.5036 
-0.0339277 -0.0333327 -22.3521 
3.46504 9.12411 -20.1416 
-5.99616 -14.4188 -14.934 
5.42152 13.7337 -17.1361 
0.51137 1.41195 -21.6332 
8.01118 17.8247 -9.5286 
7.69121 16.4432 -8.7988 
5.78863 14.218 -15.5748 
1.84296 4.92564 -21.3012 
6.72126 15.8957 -13.2079 
-3.41038 -8.56301 -18.8326 
6.05419 14.7553 -15.0134 
8.66064 18.0468 -6.67652 
0.212326 0.628636 -21.4546 
8.25783 17.6612 -8.00099 
6.49012 15.3256 -13.421 
7.91366 16.9823 -8.59782 
6.45743 15.0654 -13.0427 
5.51633 13.5311 -15.8006 
-2.24644 -5.74785 -20.2929 
7.80503 16.8143 -8.87766 
3.88655 10.0356 -19.0721 
2.80059 7.32984 -20.1213 
8.2895 17.7987 -8.07149 
-5.77919 -14.3169 -16.2347 
-1.99318 -5.24608 -21.5791 
4.42248 11.2261 -18.0224 
6.16709 15.0046 -14.8306 
7.59205 18.0257 -12.2647 
9.70933 18.5393 -2.75743 
1.05971 2.8546 -21.4623 
-6.81122 -15.4134 -11.9714 
-1.5591 -4.02493 -21.0654 
-1.5295 -3.96152 -21.2233 
2.88284 7.62288 -20.5786 
-0.476774 -1.1883 -21.4838 
-0.712936 -1.83804 -21.8424 
-0.389927 -0.987047 -22.087 
2.77174 7.35027 -20.7772 
-1.19187 -3.10418 -21.6661 
1.40977 3.80077 -21.6402 
6.59637 15.726 -13.6309 
0.631107 1.7557 -22.4784 
9.24618 19.0691 -5.46462 
0.699752 1.92069 -21.8271 
-1.14588 -2.99913 -21.9371 
-1.99778 -5.14645 -20.6998 
6.31313 14.9918 -13.7947 
3.50415 9.02557 -19.1929 
6.28606 15.0619 -14.1489 
-1.23466 -3.21717 -21.662 
0.30036 0.855476 -21.4559 
0.716348 1.97574 -22.4574 
0.475099 1.31543 -21.7118 
5.35023 13.3944 -16.7313 
-1.53274 -4.03018 -21.7936 
7.88151 16.7689 -8.40339 
-1.09182 -2.74909 -20.5542 
-1.72601 -4.48882 -21.3082 
1.56127 4.16074 -21.1774 
-3.49982 -9.02465 -19.7932 
9.00666 18.2694 -5.42005 
0.506149 1.42859 -23.162 
-1.65002 -4.34303 -21.7885 
4.68817 11.8078 -17.5066 
5.48455 13.4927 -15.9237 
7.74002 17.5882 -10.5649 
4.86336 12.2305 -17.3179 
5.94493 14.1421 -14.2776 
0.996996 2.70483 -21.7579 
6.12703 14.7756 -14.5582 
-2.43387 -6.32679 -20.8035 
-3.80502 -9.98629 -20.2776 
2.30274 6.06772 -20.5566 
2.40961 6.31972 -20.4367 
0.0797811 0.267035 -22.0251 
-6.54044 -14.7563 -12.2084 
8.62453 18.7437 -7.92799 
-2.9052 -7.43922 -19.9327 
0.867108 2.35834 -21.8056 
0.842986 2.31567 -22.2964 
8.38187 18.2513 -8.3484 
1.74237 4.70287 -21.8033 
-0.826996 -2.17534 -22.4817 
-5.12283 -12.8338 -17.3279 
-3.98981 -10.3463 -19.6443 
4.4445 11.2367 -17.8529 
4.14503 10.3216 -17.4333 
3.34246 8.60819 -19.2619 
-1.88638 -4.87838 -20.99 
-0.186277 -0.444067 -22.1957 
-3.65053 -9.52366 -20.1488 
5.69647 14.1114 -15.9835 
4.9434 12.3383 -16.9509 
5.95214 13.8361 -13.4483 
3.47012 9.15589 -20.2691 
1.4587 3.90564 -21.353 
0.354388 1.00059 -21.8131 
0.942451 2.53765 -21.2332 
-3.12214 -8.03385 -19.9548 
0.491348 1.37502 -22.4086 
2.2692 5.99089 -20.6483 
2.40812 6.24655 -19.9034 
7.32515 16.544 -10.9274 
0.251288 0.728132 -22.0957 
1.2158 3.27292 -21.5026 
3.934 9.95076 -18.1869 
-0.359706 -0.925985 -22.85 
-0.491264 -1.26671 -22.3254 
8.44313 18.2799 -8.07808 
-0.201732 -0.48697 -22.2262 
9.43844 18.4096 -3.74064 
-1.62277 -4.24262 -21.5034 
4.62292 11.637 -17.5372 
3.4396 9.20376 -20.8862 
0.112415 0.359185 -21.2954 
5.39389 13.2954 -16.0945 
-1.72625 -4.58802 -22.1393 
2.98728 7.92103 -20.6631 
-2.03718 -5.3094 -21.1161 
2.39266 6.29134 -20.4935 
10.7495 13.2395 6.00235 
8.604 18.9754 -8.39702 
7.65051 17.3965 -10.7209 
2.80581 7.39457 -20.4734 
10.227 18.4371 -0.576066 
6.73283 15.4754 -12.2294 
-2.42252 -6.2706 -20.6646 
-5.12651 -12.4011 -16.0533 
3.54587 9.23899 -19.6695 
6.29412 14.5448 -12.8959 
-1.97834 -5.23932 -21.8524 
3.54562 9.27596 -19.8424 
-1.37338 -3.58722 -21.6121 
9.15441 17.4844 -3.7437 
2.71047 7.22872 -21.0633 
2.21097 5.81053 -20.4848 
-4.11008 -10.4372 -18.7372 
2.53284 6.83233 -21.6385 
4.92574 12.1542 -16.5242 
-1.29047 -3.44236 -22.5025 
0.564535 1.56127 -21.8087 
1.08253 2.90507 -21.3214 
-0.950468 -2.54458 -22.9118 
-4.03002 -10.409 -19.4555 
4.89267 12.5023 -17.9438 
2.94292 7.73587 -20.2931 
-0.895292 -2.3214 -21.7834 
-3.57377 -9.09937 -19.2587 
1.86075 5.06435 -22.1261 
4.54582 11.5587 -17.9777 
5.22714 12.7988 -15.9622 
-3.07466 -7.96496 -20.2724 
6.93573 16.1253 -12.3685 
1.04502 2.85448 -22.1401 
5.58435 14.1421 -16.9742 
-6.69244 -15.6309 -13.1092 
1.67087 4.51719 -21.8001 
6.12578 14.6558 -14.268 
7.09476 16.8478 -12.9001 
1.24618 3.35861 -21.6415 
4.5133 11.3958 -17.7487 
3.38938 8.83142 -19.766 
5.76759 14.5711 -16.7128 
10.043 16.1488 1.16364 
1.83698 4.89583 -21.1661 
4.0692 10.4796 -18.8412 
-1.07018 -2.73024 -21.0368 
6.27592 15.3944 -15.0261 
-1.09556 -2.86024 -21.9127 
-1.70295 -4.44887 -21.4419 
1.89836 5.12042 -21.726 
9.23972 19.0708 -5.49416 
3.40294 8.88054 -19.8192 
2.17843 5.91664 -22.0124 
2.25275 5.92334 -20.4823 
-1.07923 -2.85105 -22.2694 
4.29408 11.104 -18.8854 
8.47045 17.8024 -7.20195 
4.64239 11.6252 -17.3169 
-1.10223 -2.86221 -21.6813 
7.75727 17.353 -10.0606 
0.48155 1.36274 -22.922 
3.00246 7.99803 -20.8916 
3.19885 8.35341 -19.9282 
2.56364 6.70097 -20.1716 
0.51351 1.41557 -21.7402 
-0.329284 -0.8193 -22.0262 
5.36563 13.0948 -15.7368 
5.67775 14.3121 -16.6887 
2.53862 6.61241 -20.0233 
4.16501 10.8639 -19.3365 
6.84088 16.2228 -13.156 
4.05957 10.4646 -18.8858 
2.24057 5.88136 -20.3841 
-0.931193 -2.38303 -21.2681 
-7.44834 -16.8289 -11.0457 
6.96737 16.6441 -13.2669 
1.18586 3.23309 -22.1194 
1.86933 5.06589 -21.9585 
5.79677 14.3281 -15.8221 
-0.972732 -2.46411 -20.9082 
2.0256 5.36656 -20.8622 
-4.37823 -11.117 -18.5068 
2.62025 6.89771 -20.4447 
4.23769 10.7047 -17.9483 
1.37473 3.75937 -22.3284 
-5.19439 -12.7725 -16.5618 
2.8564 7.57498 -20.7145 
-4.74348 -11.4304 -16.2705 
6.13502 14.7245 -14.3906 
-6.13333 -15.3422 -16.2163 
-4.77436 -11.634 -16.6645 
4.63832 11.8867 -18.2733 
8.60679 18.0569 -6.93415 
4.84456 12.1159 -17.0941 
7.50716 16.9643 -10.7222 
-0.320645 -0.798019 -22.1102 
7.26278 16.9842 -12.1616 
1.34031 3.59343 -21.3899 
7.60307 17.6635 -11.5034 
-4.81295 -12.3706 -18.6125 
3.29937 8.54598 -19.5257 
1.14169 3.18 -23.1913 
0.744487 2.04626 -22.1437 
3.63059 9.57235 -20.1446 
2.22139 5.9157 -21.1131 
8.18724 18.3743 -9.55052 
8.14369 17.908 -8.97217 
3.50301 9.00832 -19.1029 
-2.93778 -7.21309 -18.4134 
3.11836 7.99074 -19.1624 
3.24316 8.55901 -20.3501 
3.40855 9.05953 -20.5959 
-3.3152 -8.26715 -18.7327 
4.00157 10.2407 -18.6095 
3.41951 8.96237 -19.9669 
8.80631 18.1094 -6.09033 
0.186349 0.551446 -21.4271 
6.35954 15.1475 -13.8667 
3.43077 9.05637 -20.2909 
7.41691 16.7259 -10.7756 
1.96441 5.23786 -21.2231 
5.44496 13.3112 -15.708 
7.93354 17.3828 -9.17387 
-1.81705 -4.67135 -20.7839 
-4.16317 -10.7295 -19.269 
1.39743 3.82193 -22.2908 
5.63761 13.8179 -15.6434 
0.506513 1.39268 -21.129 
5.95527 14.6974 -15.6011 
-0.910232 -2.34669 -21.6368 
3.94245 10.1626 -18.9717 
-0.452 -1.14604 -21.7948 
-0.953192 -2.47036 -21.762 
2.09352 5.56891 -21.0891 
2.72237 7.03991 -19.7353 
5.26895 13.1618 -16.7 
2.21102 5.88912 -21.1457 
-3.48183 -8.65914 -18.4334 
8.79032 16.5984 -4.07707 
-5.78109 -13.972 -15.3273 
7.74946 16.8603 -9.24251 
3.13914 8.36121 -20.8265 
3.57121 9.25474 -19.402 
1.85027 4.92624 -21.1779 
1.39145 3.81316 -22.4637 
-0.490106 -1.24573 -22.075 
1.63938 4.35535 -21.0339 
8.49602 18.1553 -7.62033 
5.94777 14.2252 -14.4299 
4.69635 12.039 -18.2312 
1.56946 4.20549 -21.4298 
2.84344 7.48095 -20.3875 
3.75439 9.81473 -19.6938 
2.34303 6.10647 -20.1127 
-1.28432 -3.34693 -21.6608 
0.617606 1.71283 -22.3264 
2.59065 6.88652 -20.9325 
7.21063 16.1487 -10.8239 
-0.795724 -2.09311 -22.4768 
5.43236 13.6229 -16.7232 
4.55667 11.8671 -18.9897 
3.09117 7.95877 -19.3678 
2.19568 5.78483 -20.5941 
-1.12552 -2.9238 -21.5893 
0.174718 0.518583 -21.2394 
1.98406 5.37803 -21.9747 
6.76584 15.9314 -12.9963 
-1.7991 -4.57662 -20.3726 
-0.133623 -0.27347 -20.9814 
6.35094 15.3415 -14.3717 
7.15474 16.5703 -11.965 
4.00108 10.078 -17.9925 
-0.572915 -1.46918 -22.0037 
0.0771397 0.260665 -21.9277 
-0.25401 -0.601455 -21.3969 
7.49721 16.9326 -10.7129 
7.93555 17.471 -9.33453 
2.71665 7.167 -20.5975 
-5.90025 -14.4109 -15.5961 
2.9829 7.9834 -21.1072 
0.602586 1.65617 -21.6074 
7.34785 16.9279 -11.5471 
1.13903 3.1004 -21.9163 
5.26095 12.9953 -16.2796 
-3.17576 -8.16187 -19.8829 
-1.33385 -3.46455 -21.4422 
5.27828 13.2289 -16.85 
-1.57737 -4.0739 -21.1391 
5.88765 14.2138 -14.8284 
5.04557 12.5022 -16.5997 
2.49445 6.56489 -20.5227 
5.41216 13.0978 -15.3863 
1.88956 5.01713 -20.9388 
4.50047 11.339 -17.6675 
-2.74194 -7.17279 -20.8483 
0.566304 1.5784 -22.5175 
7.40725 16.6813 -10.7302 
0.520697 1.44877 -22.0309 
4.21054 10.7784 -18.5146 
9.04787 17.9739 -4.82063 
-0.437189 -1.12734 -22.596 
-2.90626 -7.34025 -19.415 
2.69696 7.13135 -20.6497 
-0.317674 -0.77194 -21.4401 
5.124 12.7833 -16.8027 
-5.45423 -13.449 -16.4094 
7.32888 16.4785 -10.7862 
4.64027 12.0218 -18.7107 
8.21097 18.2132 -9.15126 
-0.266765 -0.650868 -21.7381 
1.18141 3.26412 -22.8603 
1.76445 4.78967 -22.0273 
3.60487 9.49685 -20.1193 
4.67025 11.8568 -17.8565 
4.08724 10.7658 -19.8303 
1.1181 3.03982 -21.9307 
1.31512 3.55226 -21.8005 
9.20838 18.613 -4.98287 
5.60921 13.7422 -15.6409 
5.79077 14.5133 -16.35 
-3.87306 -9.90308 -19.214 
-1.29189 -3.30124 -20.9616 
8.51623 17.1619 -6.0496 
4.21755 10.92 -18.9727 
2.30825 6.01847 -20.1498 
-0.0482563 -0.0673952 -21.8291 
-4.56457 -11.535 -18.1652 
3.42402 8.78805 -19.0877 
3.74751 9.63516 -18.9771 
10.3735 15.9107 2.5517 
-4.67766 -11.6066 -17.3789 
4.43773 11.2467 -17.9479 
5.1694 12.7069 -16.1803 
7.69983 17.2225 -10.131 
8.21453 17.9699 -8.73881 
5.0438 13.0552 -18.3521 
2.23913 5.99723 -21.421 
2.7305 7.24856 -20.8288 
8.22714 17.941 -8.62301 
4.19971 10.8256 -18.8131 
-6.33203 -15.1256 -14.3112 
5.7679 14.0436 -15.2697 
2.47487 6.50114 -20.4047 
4.98162 12.3718 -16.7224 
-0.0503412 -0.0815461 -22.4582 
5.03048 12.5116 -16.7439 
0.588445 1.62522 -21.987 
0.401559 1.13044 -22.4002 
1.63368 4.43555 -22.0916 
1.46044 3.8742 -20.9012 
2.04674 5.36919 -20.4151 
-2.72127 -6.93227 -19.8628 
-3.37249 -8.81955 -20.4421 
-6.8994 -15.766 -12.1393 
3.32707 8.6773 -19.8287 
3.99483 10.1881 -18.4867 
2.68315 6.99948 -20.0626 
5.4943 13.4205 -15.6437 
-3.07903 -7.93883 -20.0718 
2.6121 6.80257 -19.9893 
5.48051 13.1942 -15.1393 
-3.02267 -7.81403 -20.2006 
4.23478 10.5562 -17.4464 
0.554071 1.53267 -21.9022 
-2.07789 -5.36304 -20.7957 
2.14538 5.68991 -20.9431 
3.63321 9.4687 -19.629 
6.06828 14.8573 -15.188 
2.67155 6.942 -19.9141 
5.39331 13.2343 -15.9008 
8.05582 17.7092 -9.08617 
6.46833 16.0204 -15.1916 
5.78669 13.8958 -14.7591 
-3.753 -9.56318 -19.1339 
7.01584 16.1685 -11.9702 
0.297654 0.841563 -21.6773 
5.95553 14.3728 -14.7439 
5.32306 13.5197 -17.3255 
6.07652 14.7385 -14.8293 
6.36036 15.0551 -13.6443 
-2.41342 -6.30211 -20.9725 
0.700086 1.90638 -21.466 
0.963914 2.56185 -20.6595 
9.12576 18.5625 -5.28718 
0.923518 2.47893 -21.1339 
-1.74838 -4.62024 -21.8331 
5.22029 13.1182 -16.9855 
-0.748248 -1.91008 -21.5353 
-4.07266 -10.5337 -19.479 
6.01042 14.4971 -14.6899 
8.44347 18.3962 -8.2569 
-3.6305 -9.29498 -19.4102 
8.24854 18.2783 -9.07322 
-2.86107 -7.39944 -20.3338 
1.85874 5.00349 -21.602 
9.36435 18.2399 -3.8191 
5.88287 14.2268 -14.9025 
3.39836 9.06962 -20.7841 
6.46403 15.7846 -14.66 
-0.602924 -1.58736 -22.6925 
-2.93504 -7.62745 -20.4642 
8.95869 18.1576 -5.47958 
1.03182 2.77591 -21.3284 
0.596108 1.63061 -21.587 
-5.99317 -14.7637 -15.8042 
6.03755 14.9497 -15.6283 
-2.46584 -6.52954 -21.5419 
-0.876025 -2.26422 -21.779 
-2.80727 -7.31599 -20.6474 
-2.75569 -7.12897 -20.4232 
-1.25343 -3.25533 -21.5214 
-2.09465 -5.46951 -21.1389 
9.76576 19.0409 -3.15498 
2.05823 5.57229 -21.8915 
2.48005 6.64271 -21.2874 
3.73661 9.56118 -18.7796 
2.30135 6.12423 -21.0143 
2.95495 7.8727 -20.9417 
-4.36035 -10.8963 -17.9347 
0.0206664 0.117605 -21.793 
5.35014 13.2624 -16.3203 
5.62116 13.6645 -15.3534 
-3.34978 -8.7409 -20.3499 
9.98267 17.3172 -0.2643 
0.900153 2.44217 -21.5847 
4.59124 11.7942 -18.4061 
-6.41884 -14.4794 -12.366 
5.53145 13.3503 -15.1885 
0.145796 0.442349 -22.2278 
0.152462 0.468831 -21.6441 
4.00777 10.1906 -18.3706 
9.83391 18.6524 -2.39204 
-2.40212 -6.08847 -19.9025 
8.69111 18.2795 -6.89461 
3.50224 9.00091 -19.1383 
2.87653 7.66959 -20.9975 
2.91241 7.7624 -20.9585 
8.25469 17.7873 -8.22756 
7.6754 17.4841 -10.7536 
-6.30576 -14.482 -13.0495 
0.554518 1.54021 -22.1945 
3.93626 10.1528 -18.994 
-3.29349 -8.61414 -20.4964 
9.5487 17.382 -2.01158 
3.08672 8.20988 -20.7986 
2.36385 6.35922 -21.5644 
1.31824 3.52379 -21.1937 
8.30559 17.9716 -8.27188 
-1.26758 -3.29932 -21.6126 
-1.43594 -3.73115 -21.4175 
0.47056 1.30615 -21.7766 
7.23475 16.6441 -11.6328 
6.05058 14.8139 -15.1883 
8.24507 17.1447 -7.27156 
8.97355 18.2664 -5.56736 
-6.75597 -16.0073 -13.5142 
4.1584 10.6786 -18.6738 
2.63843 7.00725 -20.8898 
-1.82285 -4.77625 -21.4629 
2.92086 7.80507 -21.08 
0.966265 2.62617 -21.839 
5.23476 13.4131 -17.7699 
5.04611 12.642 -17.0292 
5.43564 13.3963 -16.0539 
5.42166 13.6719 -16.9422 
2.0986 5.50773 -20.4119 
-3.37283 -8.84421 -20.5538 
2.92006 7.71571 -20.5191 
2.95069 7.94681 -21.4238 
-4.72593 -11.7992 -17.569 
2.23155 5.90297 -20.8178 
-0.582758 -1.49461 -21.9193 
3.55946 9.16593 -19.1371 
-0.896052 -2.36588 -22.4835 
6.84208 16.2048 -13.111 
2.23172 5.94006 -21.0473 
-0.0650086 -0.120463 -22.1776 
5.61559 13.4933 -14.9422 
2.47504 6.44893 -20.0499 
8.35228 17.7352 -7.66775 
6.79613 16.1677 -13.3173 
7.78151 17.3409 -9.90818 
4.82841 12.0792 -17.1331 
1.61523 4.37135 -21.8861 
-1.23424 -3.2468 -22.0239 
2.54288 6.67721 -20.3851 
3.97243 10.0593 -18.2258 
8.51521 17.8251 -7.02471 
2.31555 6.12596 -20.8207 
6.08726 14.6398 -14.5003 
3.52143 9.09168 -19.2443 
3.51566 9.26922 -20.1873 
-0.966552 -2.51879 -21.885 
-4.54609 -11.5261 -18.3294 
2.08019 5.59539 -21.584 
0.38865 1.09142 -22.1304 
-1.73573 -4.58983 -21.9032 
-2.72535 -7.11371 -20.795 
0.469253 1.29567 -21.1483 
1.01577 2.7527 -21.5473 
7.7729 17.2576 -9.78252 
2.68695 7.02337 -20.2109 
4.40053 11.1791 -18.074 
-0.250006 -0.609647 -22.1221 
2.98552 7.99231 -21.1802 
1.92881 5.18244 -21.5674 
-7.26883 -16.6529 -11.7321 
10.1535 15.4241 2.23388 
7.91803 17.8812 -10.138 
-0.623403 -1.61676 -22.2361 
2.09896 5.63222 -21.4531 
1.08396 2.88057 -20.7817 
6.78237 15.5849 -12.1806 
3.16213 8.23485 -19.8193 
9.79902 16.0286 0.421782 
2.7701 7.28315 -20.3803 
3.36403 8.77866 -19.8225 
-0.256185 -0.629951 -22.192 
-1.58861 -4.20158 -21.9589 
2.47769 6.47697 -20.2304 
5.48125 13.6084 -16.2817 
8.7097 18.231 -6.72059 
1.77238 4.72099 -21.1485 
1.89894 5.06608 -21.2102 
4.54362 11.4877 -17.7701 
2.96641 7.64958 -19.4295 
4.62126 11.7051 -17.7922 
5.95816 14.556 -15.2208 
-2.12644 -5.54542 -21.1218 
-4.87355 -11.9726 -16.8487 
0.508555 1.43192 -22.6289 
5.55977 13.8046 -16.1902 
-0.685817 -1.75745 -21.5911 
2.29079 6.08583 -20.9735 
0.460735 1.29569 -22.3395 
-5.24077 -12.9821 -16.7593 
2.64918 7.01259 -20.778 
0.286622 0.823351 -22.0032 
-1.64171 -4.26439 -21.2453 
0.484889 1.34531 -21.6918 
6.66286 15.8081 -13.3719 
8.37927 18.1337 -8.16038 
-4.62237 -11.3056 -16.9136 
2.24644 5.91989 -20.5775 
6.66627 15.7565 -13.2562 
-3.69249 -9.46939 -19.4292 
-3.74765 -9.50493 -18.9667 
3.98683 10.2902 -18.9838 
5.78153 14.339 -15.9663 
2.53597 6.74583 -20.9366 
4.14424 10.7377 -19.048 
7.93659 16.7514 -8.10073 
-7.64557 -16.5993 -9.6019 
3.75594 9.71006 -19.1972 
-4.91014 -12.3052 -17.5376 
-1.21292 -3.1692 -21.8057 
-4.92343 -12.2438 -17.2301 
2.25138 5.96669 -20.8978 
2.73037 7.26206 -20.9402 
6.43668 14.9974 -13.0227 
3.82326 9.83454 -18.9631 
-1.1565 -3.04058 -22.0898 
2.8711 7.67438 -21.1115 
-0.343866 -0.883359 -22.9147 
3.65106 9.35321 -18.9114 
-0.242773 -0.59179 -21.7148 
-5.73345 -13.8076 -15.269 
-7.5677 -16.4506 -9.7493 
0.938048 2.55232 -21.7516 
9.45205 17.2139 -2.19461 
-0.478915 -1.21862 -21.8628 
6.61529 16.0184 -14.1674 
-0.89043 -2.24598 -20.9221 
7.37214 17.0039 -11.5443 
1.84799 4.9742 -21.631 
6.51528 15.4798 -13.6089 
-1.62878 -4.21138 -21.109 
8.16223 17.5316 -8.26385 
-1.18108 -3.07114 -21.596 
2.8475 7.51828 -20.5216 
2.73606 7.23569 -20.6926 
4.15766 10.5873 -18.3095 
4.63452 11.404 -16.6491 
3.09542 8.0076 -19.545 
-6.77242 -15.4282 -12.2157 
5.76847 14.2001 -15.6843 
-4.04983 -10.4445 -19.3784 
4.72794 11.8613 -17.3175 
-1.14088 -2.93148 -21.2461 
5.70224 13.576 -14.5356 
6.12455 14.2316 -13.2541 
9.25615 18.8708 -5.14163 
6.09573 14.744 -14.6962 
-1.56112 -4.16104 -22.298 
1.73193 4.60509 -21.0258 
6.08706 14.7656 -14.7993 
7.02845 16.4233 -12.4157 
2.65474 7.16134 -21.6178 
9.02733 18.6015 -5.81155 
-1.35036 -3.51655 -21.5226 
5.36337 13.1657 -15.9409 
0.852622 2.33668 -22.2023 
5.93021 14.3239 -14.835 
-7.12636 -16.5777 -12.4468 
2.92694 7.70952 -20.3933 
4.70325 11.9251 -17.7455 
3.79789 9.71813 -18.745 
1.92997 5.119 -20.8774 
2.60326 6.92273 -20.944 
2.88607 7.43423 -19.4855 
7.71146 17.967 -11.451 
8.71585 18.1071 -6.51584 
1.96713 5.38391 -22.4879 
7.05108 16.6987 -12.8605 
-0.0227019 0.00112916 -22.2955 
3.53064 9.26919 -19.9835 
-0.290364 -0.726421 -22.5313 
-3.48003 -8.97877 -19.8417 
3.22824 8.45812 -20.0582 
0.854709 2.31726 -21.5216 
6.38041 16.0674 -15.9499 
5.04323 12.7335 -17.323 
6.77286 15.6759 -12.4151 
2.73002 7.23566 -20.7621 
-3.48422 -8.99803 -19.8534 
2.48919 6.53262 -20.4208 
3.574 9.28075 -19.4851 
-3.27145 -8.30792 -19.3741 
3.34722 8.81442 -20.2339 
-5.05701 -12.4161 -16.6391 
7.41396 17.1527 -11.6182 
-6.4492 -15.2614 -13.834 
0.538089 1.48856 -21.7803 
8.05847 17.5213 -8.77905 
9.27741 17.8392 -3.67199 
8.85478 17.8667 -5.5188 
0.575837 1.58437 -21.8451 
0.353275 0.999802 -21.7225 
-0.745394 -1.93426 -21.9754 
-2.29758 -5.981 -20.9509 
9.18524 18.015 -4.28334 
-6.2025 -14.377 -13.4602 
5.25512 13.2046 -16.9653 
4.79361 12.1335 -17.6292 
-0.350114 -0.876284 -21.9124 
3.45569 9.02196 -19.7725 
6.3693 15.3449 -14.2607 
4.5414 11.4018 -17.4946 
6.85813 16.6331 -13.9444 
2.66638 6.96803 -20.1351 
-0.957718 -2.44362 -21.1393 
1.20888 3.29214 -22.0408 
1.43684 3.77904 -20.4472 
-3.51913 -8.75037 -18.4256 
1.148 3.10546 -21.682 
2.45944 6.55461 -21.1206 
-2.45417 -6.36319 -20.692 
1.98409 5.26483 -20.9434 
7.47387 16.7023 -10.4029 
7.66684 17.5692 -10.9434 
-6.87981 -15.8779 -12.4792 
-3.03667 -7.80886 -19.9856 
9.51871 16.7863 -1.44558 
4.86547 12.0396 -16.6662 
-3.19547 -8.0253 -19.0215 
2.28326 5.98666 -20.4006 
9.62688 17.5938 -1.97244 
-0.829488 -2.14899 -21.8517 
-0.854643 -2.18965 -21.5217 
-1.92757 -4.97939 -20.9202 
6.05874 14.5889 -14.5522 
-2.41896 -6.28166 -20.7435 
4.37281 11.2516 -18.6302 
6.35922 15.4713 -14.6502 
4.44332 11.394 -18.4363 
3.22249 8.4874 -20.271 
3.43661 8.85701 -19.2398 
3.77693 9.95015 -19.9975 
0.86099 2.36119 -22.1626 
8.88779 18.5512 -6.37977 
1.76262 4.62635 -20.4747 
2.15783 5.90639 -22.414 
5.96551 15.194 -16.8349 
-0.521812 -1.36547 -22.6603 
7.62376 16.9551 -10.0757 
4.88937 12.2037 -16.9919 
-0.169174 -0.388382 -21.6855 
-5.17513 -13.2294 -18.0519 
4.52007 11.5358 -18.168 
3.91811 10.0453 -18.7724 
5.17536 12.6063 -15.8067 
5.10247 12.799 -17.0206 
4.28288 10.7433 -17.6269 
5.2375 13.5633 -18.2201 
6.89336 16.0156 -12.3859 
-1.99854 -5.20886 -21.1708 
6.44574 15.0295 -13.0233 
-5.18719 -13.0527 -17.4316 
-1.49051 -3.95648 -22.2054 
3.11587 8.25381 -20.5702 
5.70711 14.0508 -15.7499 
1.06561 2.89837 -22.0355 
2.19223 5.88292 -21.4436 
-2.36334 -6.17407 -21.0624 
2.36305 6.14168 -19.9998 
7.75782 16.7657 -9.02427 
8.72101 18.7372 -7.4452 
-0.962115 -2.47483 -21.3943 
6.96944 16.2418 -12.4055 
-3.31739 -8.46245 -19.4951 
0.331611 0.937966 -21.5155 
5.26443 13.1912 -16.8379 
4.25039 10.8377 -18.3174 
1.42258 3.85648 -21.9164 
-2.47942 -6.43941 -20.7249 
5.2317 12.5877 -15.3316 
-0.252766 -0.617492 -21.8526 
4.37186 11.1411 -18.2254 
6.49466 15.2767 -13.2812 
4.24736 11.0835 -19.2872 
-3.28661 -8.34007 -19.3415 
2.88654 7.52824 -20.001 
-0.0693091 -0.119216 -21.3419 
-1.12024 -2.88356 -21.3847 
7.43859 17.6192 -12.3839 
-2.70475 -7.01707 -20.5522 
-3.359 -8.59444 -19.5962 
-1.97113 -5.13601 -21.1561 
0.262771 0.755938 -21.7054 
8.542 17.2545 -6.07766 
6.02845 14.8156 -15.3604 
6.42292 15.2525 -13.6882 
-0.933408 -2.44052 -22.1241 
1.14553 3.07093 -21.2109 
0.594808 1.6457 -22.0574 
-2.44839 -6.37814 -20.9099 
1.46225 3.95826 -21.8275 
-5.93344 -14.026 -14.4182 
1.39082 3.71746 -21.231 
1.88433 5.05467 -21.4394 
4.69023 11.9481 -17.9593 
4.20993 10.8761 -18.8881 
-4.09663 -10.4386 -18.8856 
2.9091 7.5449 -19.7513 
0.908053 2.4899 -22.2126 
4.34298 11.0393 -18.1107 
-0.02273 -0.0108925 -22.7982 
7.3642 16.8246 -11.2587 
1.93313 5.11372 -20.7541 
1.62137 4.37374 -21.7462 
-0.409585 -1.03778 -22.1391 
9.03952 19.0751 -6.42224 
-1.45854 -3.9198 -22.7151 
4.35246 11.0921 -18.2139 
1.78573 4.79904 -21.5847 
6.04615 14.755 -15.0772 
1.66215 4.43906 -21.2685 
5.65311 13.6866 -15.1578 
4.15521 10.7029 -18.7726 
-1.944 -5.0545 -21.0977 
4.24254 10.9031 -18.6717 
5.34942 13.1651 -16.0661 
-0.0783503 -0.157123 -22.4473 
4.22092 10.8843 -18.8227 
-2.44878 -6.36364 -20.7918 
0.250639 0.727614 -22.1978 
-0.4311 -1.11007 -22.4338 
1.79503 4.82073 -21.5338 
0.115452 0.363675 -22.0949 
4.67761 12.0371 -18.4025 
-4.25911 -10.6684 -18.1021 
1.71594 4.6368 -21.886 
-3.25088 -8.17804 -19.0219 
-1.04887 -2.69303 -21.304 
-5.21411 -12.6688 -16.1013 
-4.20549 -10.7516 -18.9079 
-4.22828 -10.9322 -19.3243 
8.54279 18.457 -7.88092 
-1.90863 -4.84087 -20.2042 
5.35412 12.9585 -15.4321 
0.182588 0.542566 -21.6915 
3.57507 9.23161 -19.2654 
3.74109 9.66619 -19.1965 
-1.07208 -2.86312 -22.7935 
3.99607 10.2523 -18.756 
1.79315 4.7335 -20.8036 
-2.17378 -5.74785 -21.6674 
0.475252 1.32627 -22.306 
-2.9845 -7.77606 -20.5996 
-4.85136 -11.9429 -16.9121 
3.40062 8.8648 -19.7628 
5.32673 12.9292 -15.552 
1.74495 4.69172 -21.6011 
6.93438 16.2004 -12.5252 
5.74686 14.1051 -15.5862 
0.389671 1.10217 -22.4637 
-0.731659 -1.92645 -22.589 
-1.4443 -3.74191 -21.2579 
2.13964 5.66359 -20.8584 
-4.10766 -10.5139 -19.0451 
3.51712 9.31588 -20.4206 
-9.40563 -18.2251 -3.841 
0.577211 1.58668 -21.6959 
2.72009 7.1631 -20.4462 
3.33677 8.66039 -19.5764 
9.30023 17.8549 -3.58868 
1.61072 4.22366 -20.4084 
0.976577 2.67704 -22.2417 
1.3873 3.75713 -21.8634 
1.64017 4.3966 -21.4372 
4.22098 10.8544 -18.6743 
7.26156 16.5127 -11.2191 
-0.272622 -0.678221 -22.2922 
-2.12139 -5.59699 -21.5852 
-2.00746 -5.26571 -21.4284 
5.90841 14.5521 -15.5604 
5.53994 13.6143 -15.8141 
5.43271 13.4501 -16.215 
3.35264 8.57414 -18.9305 
5.21144 13.0163 -16.7603 
-0.18347 -0.421358 -21.5368 
-4.86659 -11.9111 -16.6864 
0.805602 2.22852 -22.6406 
-2.59947 -6.86698 -21.3793 
6.93812 16.8379 -13.8786 
4.04143 10.1359 -17.8283 
4.24816 10.6389 -17.5984 
-1.64151 -4.34253 -21.9597 
3.90112 10.0341 -18.9145 
3.32995 8.61746 -19.4462 
1.603 4.40724 -22.6644 
-0.821567 -2.12401 -21.7929 
6.41193 15.3281 -13.9478 
5.07273 13.1716 -18.4768 
1.99133 5.36196 -21.6575 
3.65986 9.36048 -18.8218 
5.05186 12.8216 -17.5276 
6.62674 15.5287 -12.9859 
7.12759 16.6631 -12.3106 
9.67219 17.0278 -1.11831 
-5.08919 -12.197 -15.7769 
0.389741 1.0921 -21.2586 
1.7908 4.87317 -22.1668 
0.402603 1.12639 -22.0732 
5.96258 14.5606 -15.1798 
-1.38586 -3.62691 -21.7715 
-0.862455 -2.22942 -21.5957 
3.12915 8.18591 -20.0329 
0.504551 1.39559 -21.6996 
-0.485864 -1.24064 -22.1227 
5.56477 13.5168 -15.3773 
8.0574 17.0643 -8.02722 
1.90658 5.11169 -21.4224 
-0.25625 -0.621778 -21.8376 
-0.780529 -2.04083 -22.2518 
1.92971 5.09474 -20.7139 
3.48706 9.01654 -19.3437 
-0.622845 -1.57166 -21.3232 
5.49954 13.9296 -17.0543 
9.22151 18.6315 -4.96253 
3.96487 10.1527 -18.6518 
4.95997 12.7951 -18.2972 
3.47012 9.11335 -20.019 
-2.71581 -6.92781 -19.8956 
4.73441 11.872 -17.3012 
9.25441 18.5543 -4.71846 
-0.859994 -2.21623 -21.6323 
5.78133 14.4794 -16.3407 
6.09265 14.8843 -15.0677 
4.41583 11.3695 -18.6144 
1.56511 4.17825 -21.2142 
3.27772 8.68286 -20.5385 
-4.78665 -11.6971 -16.7523 
6.51838 15.6638 -13.9958 
0.973933 2.61924 -21.2093 
-3.39734 -8.84577 -20.2366 
7.72781 17.6221 -10.6969 
5.45811 13.1531 -15.1808 
8.29711 17.3244 -7.29178 
2.702 7.24635 -21.2938 
-0.722343 -1.82581 -21.2774 
-2.2519 -5.93758 -21.457 
5.28482 13.0655 -16.2909 
6.75971 15.4327 -11.9732 
7.72939 17.8567 -11.1362 
8.145 17.7192 -8.67012 
-1.46825 -3.79916 -21.2771 
3.38758 8.81607 -19.6812 
3.34583 8.58901 -19.1152 
-1.25337 -3.25864 -21.5963 
-2.36358 -6.16314 -21.0032 
8.7461 17.6711 -5.7354 
-3.92759 -10.1283 -19.4812 
6.39228 15.1941 -13.7631 
-2.37842 -6.26879 -21.3772 
3.46043 8.80058 -18.6542 
4.64167 11.6271 -17.3496 
3.96635 10.1041 -18.4661 
5.81328 14.2241 -15.3993 
0.548134 1.53693 -22.7417 
1.39402 3.73537 -21.3594 
2.41022 6.39953 -20.9325 
-0.586632 -1.4998 -22.0192 
-3.70216 -9.65315 -20.1019 
1.62315 4.38837 -21.8524 
4.47109 11.3254 -17.9034 
3.51214 9.13647 -19.6258 
7.59635 17.2079 -10.6627 
-4.37721 -10.9924 -18.0987 
9.59034 18.9299 -3.75859 
3.34455 8.72994 -19.8515 
2.9846 7.76813 -19.9052 
2.32244 6.13887 -20.7117 
2.6914 7.10222 -20.5653 
8.09898 18.3191 -9.93317 
-2.39412 -6.26782 -21.0824 
0.436987 1.22724 -22.2613 
-2.95801 -7.52854 -19.6531 
5.83268 14.3325 -15.55 
5.07745 13.0709 -18.1184 
0.153205 0.472275 -21.6544 
5.38954 13.4775 -16.6549 
9.41357 17.5258 -2.73083 
4.90355 12.1984 -16.8609 
-0.231846 -0.515288 -20.4941 
2.52615 6.65896 -20.5708 
5.33417 13.3143 -16.6421 
-5.88504 -13.9827 -14.6408 
7.43242 16.8135 -10.8464 
0.677912 1.86371 -21.8453 
-3.80438 -9.53568 -18.4821 
0.646743 1.75195 -21.0185 
-2.01482 -5.1932 -20.7232 
6.98463 15.7539 -11.324 
4.1122 10.5779 -18.756 
5.55441 13.6444 -15.7997 
7.32146 16.3852 -10.6491 
0.348475 0.989107 -22.3472 
-6.0706 -14.5838 -14.8086 
9.44934 17.3544 -2.36201 
2.08228 5.49843 -20.6874 
8.14406 17.4789 -8.26917 
-2.77583 -7.00595 -19.4885 
6.1023 14.6163 -14.3498 
5.56272 13.5643 -15.5166 
7.78714 17.0871 -9.42304 
-3.56566 -9.28164 -20.1132 
