0.0802188
-9.94533 1.86438 8.99102 
-9.8516 -0.214579 9.17392 
-10.5852 -0.738513 10.6955 
-8.56607 -1.63122 10.7523 
-9.62085 -0.535409 9.94049 
-10.0687 -0.0115787 8.19866 
-9.30879 -1.37732 8.30229 
-10.4913 -1.40437 10.4546 
-10.0289 -0.500665 9.07601 
-9.94907 -1.70445 9.11551 
-9.06429 -3.4229 9.7142 
-9.12874 -1.68548 8.41825 
-10.0459 0.659017 10.3073 
-9.65734 -0.383227 11.6536 
-9.01557 -1.60882 10.2898 
-8.88548 -0.884606 9.37856 
-11.02 0.331477 9.56762 
-9.39632 -0.808095 9.16314 
-10.8241 0.234659 9.09235 
-10.0064 -3.31645 9.70196 
-9.39574 0.0212599 6.85211 
-9.71526 -0.481755 7.53099 
-9.85776 -1.06687 10.8033 
-10.0461 0.492989 10.5526 
-10.8172 -0.595056 10.5502 
-9.90014 -2.31171 9.3341 
-10.5678 0.618069 9.95117 
-9.2653 -0.741766 10.332 
-10.3571 0.226542 8.95773 
-9.58204 -0.28121 8.83824 
-10.1517 -0.817433 10.9884 
-10.4718 -0.799834 9.0703 
-10.6301 -0.468896 9.72184 
-10.097 -1.75464 7.84118 
-10.2278 0.918103 9.30952 
-9.24683 -1.39338 9.13631 
-10.5927 0.114674 10.6787 
-9.38041 -1.77711 11.7731 
-9.90051 -0.275809 10.0417 
-9.63231 -0.928738 9.30997 
-9.57637 0.202886 9.98293 
-8.47304 -2.62922 8.49851 
-10.1246 -0.294058 10.1718 
-9.9141 0.313104 10.7747 
-9.95536 -2.58068 9.60875 
-10.1442 -0.429768 11.091 
-9.16623 -0.243574 10.1728 
-9.54794 -0.935113 11.2952 
-8.9367 -0.875971 10.6159 
-8.89702 -0.235968 9.79715 
-8.58869 -2.18608 8.67833 
-8.67862 -0.213358 10.7995 
-9.89147 -0.845502 9.824 
-10.3353 -2.29718 10.2115 
-9.9693 0.0753708 10.7582 
-10.3896 -0.257784 7.62125 
-10.2485 -0.800069 8.58675 
-9.49999 -0.815867 9.89435 
-10.2741 -0.221279 10.193 
-11.1635 2.01084 9.57978 
-10.3953 1.21325 10.7406 
-9.08627 -1.22441 9.16522 
-9.35083 -2.93906 7.55963 
-9.00658 -1.78652 8.75193 
-9.32777 -1.68406 8.7744 
-10.3555 -0.92868 9.7161 
-9.87033 -2.39117 9.36999 
-9.44225 -1.0617 8.73292 
-9.47442 -0.647141 8.62187 
-9.76125 -0.251878 9.21228 
-9.40846 -1.08722 8.62467 
-9.87843 -1.00804 9.30023 
-9.80947 0.122447 10.0331 
-10.3643 -0.175664 8.91261 
-10.085 2.01577 9.71935 
-9.94651 -1.37001 9.30516 
-10.1565 -1.03223 8.82238 
-8.77901 -1.82634 8.61938 
-9.89324 -1.18133 10.7266 
-9.09793 -1.16193 9.78594 
-9.82565 -0.538044 10.3452 
-9.56251 -1.16126 8.68568 
-9.40841 -2.04876 9.38629 
-8.8581 0.74406 7.83643 
-9.0363 -1.07894 8.93656 
-9.6504 0.236733 9.54606 
-9.72253 -0.624248 8.43598 
-9.3188 -1.17171 11.489 
-8.36079 -3.01028 9.33237 
-10.3573 -2.01191 9.05968 
-8.88685 -1.08918 9.19262 
-9.77082 -1.03438 8.17329 
-9.85426 0.74612 10.6284 
-10.0592 1.50044 7.88263 
-10.2196 -0.825061 8.65855 
-9.64632 -0.992084 10.0856 
-9.62705 -0.77458 10.2036 
-10.9791 -0.148307 10.797 
-9.46956 -0.501477 9.83406 
-8.17173 -0.477066 10.1458 
-9.43573 -0.871139 9.03897 
-9.45892 -0.215016 10.0474 
-9.50431 -1.25868 8.42966 
-10.1817 0.726355 7.56246 
-10.0222 -2.15868 10.0034 
-8.16726 -0.669315 9.07415 
-9.24452 -0.652414 8.66833 
-8.02792 -3.23472 7.52889 
-10.1791 1.69074 9.73423 
-9.34601 -2.08264 8.57285 
-9.04047 -0.606307 8.77826 
-9.54759 0.12692 8.5103 
-10.0321 1.00757 10.1223 
-9.54721 0.101239 8.71928 
-10.7531 -0.437822 8.88113 
-10.3459 -0.898035 7.95429 
-9.87092 0.108603 7.64553 
-9.09961 -0.744169 9.81479 
-8.94788 -2.68338 10.7921 
-9.11494 -1.52736 9.9405 
-10.1503 -2.3684 9.06792 
-9.67754 -0.568481 8.68925 
-10.1075 0.0131477 7.86633 
-10.3469 -0.297803 10.1145 
-9.46616 -0.928979 10.1098 
-8.82304 -2.63606 11.5353 
-9.53479 0.689581 8.7421 
-9.27062 -1.12791 9.24621 
-9.59317 -1.31445 9.1271 
-9.35287 -2.10182 9.56727 
-9.01302 -1.26296 8.1348 
-9.93314 -0.105815 8.69491 
-10.1013 -2.08448 9.97703 
-8.55403 -2.09215 9.96056 
-9.70375 -0.674793 10.8195 
-9.78204 -0.826143 8.93397 
-9.45293 -1.23941 9.27243 
-9.26369 -2.09912 10.4103 
-10.6572 0.305522 8.63444 
-9.78563 -0.278694 8.52182 
-10.6909 0.306365 10.7533 
-9.57814 -0.430102 8.58852 
-9.23887 1.76392 9.91255 
-9.3721 -0.9439 8.45145 
-9.45553 -1.0195 10.0631 
-11.1838 0.732139 9.38521 
-8.97915 -2.13708 9.33283 
-9.02558 -0.315297 9.82443 
-10.6976 -0.220691 8.60477 
-10.6157 -0.669277 9.69839 
-8.99955 -0.970502 8.2664 
-9.27086 -1.40059 9.62278 
-10.33 2.33912 11.7426 
-10.7566 1.81272 9.83747 
-10.073 0.513474 10.1915 
-9.79297 -0.88414 9.55316 
-9.70767 2.62505 9.68523 
-8.99812 -0.948425 10.7833 
-9.78563 -1.81009 8.69905 
-8.96373 -2.78787 8.06541 
-9.39429 -0.242866 9.30482 
-8.89879 -1.96835 11.2789 
-10.759 -0.549536 8.69677 
-9.65474 -0.0697705 9.26559 
-9.09636 -0.824844 8.37903 
-8.59295 0.897337 10.7201 
-9.81206 0.196561 8.96595 
-9.36142 -1.90385 9.82027 
-9.77038 -1.42221 8.1568 
-10.4 0.645429 8.90643 
-9.06012 -1.52005 10.4376 
-9.81589 0.638204 7.9107 
-9.97241 -1.53021 9.34179 
-8.73815 -1.26205 9.14292 
-9.99489 1.14821 7.78722 
-9.89208 -0.17891 7.76785 
-9.97776 0.505593 9.34703 
-10.1179 -1.22938 9.80843 
-9.36941 -1.03531 8.66066 
-9.70039 -1.98976 8.44592 
-11.2142 -0.256737 9.51097 
-10.4694 -1.35459 10.3272 
-9.67764 -1.99592 10.7681 
-9.84995 -1.19607 8.35589 
-9.42808 -0.0309729 10.2099 
-9.91616 -0.294045 8.8974 
-10.4301 1.17081 9.27181 
-9.40092 -1.41875 7.30949 
-10.5621 -0.810923 9.45724 
-9.48119 -0.804812 10.4279 
-10.512 0.858774 9.89287 
-9.00658 -0.565035 8.83851 
-9.1788 -0.763341 9.85486 
-8.85992 -0.119895 9.07191 
-9.98518 1.79433 8.70699 
-9.73762 0.588302 11.9636 
-9.52808 -1.1698 9.40457 
-10.176 -0.969406 9.98285 
-8.89752 -2.30242 9.07624 
-10.4409 0.602973 9.79302 
-10.3761 -1.31859 8.99937 
-9.63688 -1.15275 8.59411 
-10.2392 -0.320598 9.19514 
-10.2676 1.86816 9.89501 
-9.12422 -0.154532 9.1538 
-11.1086 0.183105 9.35494 
-9.68412 -2.12314 9.94669 
-9.49643 0.114217 8.0942 
-9.89646 0.219817 9.34607 
-9.80268 0.0321607 10.8817 
-9.26365 -1.23456 10.1789 
-9.8955 -1.49462 8.92872 
-9.66479 0.395926 10.2555 
-10.9891 0.324154 8.93252 
-10.2347 0.238984 9.15166 
-9.39637 -0.710602 9.48689 
-9.42636 -1.88846 9.91356 
-8.76017 -0.811416 8.74824 
-9.94585 -1.14673 8.98439 
-9.06857 -1.18152 10.3879 
-10.8883 0.629866 9.78025 
-9.27562 -2.16414 10.0232 
-10.364 0.353138 9.39093 
-10.1969 0.1965 10.1409 
-10.2329 -0.956889 9.98531 
-9.90548 -2.62827 10.1418 
-8.84947 -1.83542 8.91344 
-8.94724 -0.944197 6.74354 
-10.5 0.847535 9.85842 
-10.1059 -0.333088 9.00735 
-10.3752 0.0689239 9.05279 
-9.40674 0.650306 9.33112 
-8.83311 -2.64057 9.22824 
-9.6971 -1.68738 9.71052 
-9.79284 -0.975422 7.94956 
-10.2383 -1.86504 10.0031 
-9.28416 -1.49854 10.1992 
-10.6709 -0.0470723 9.11997 
-9.48695 -1.71797 7.87449 
-10.5761 -0.877729 9.74476 
-7.76871 -3.19998 8.21707 
-8.74377 0.106289 9.7424 
-11.2038 0.976795 7.59382 
-9.47987 -3.32354 8.35725 
-9.37734 0.614891 9.02635 
-10.5658 -0.364769 11.2317 
-9.93115 -1.5153 10.4218 
-9.15621 0.51451 9.99991 
-10.1141 -1.07769 9.00547 
-10.009 0.882054 9.784 
-9.13796 -1.10143 9.18093 
-9.90811 1.70151 9.25791 
-10.7866 0.348803 7.83543 
-9.28059 -1.21321 9.77255 
-11.398 1.18338 8.89138 
-9.57457 -0.306381 8.73153 
-9.84481 0.698753 8.88564 
-9.54691 -0.576823 9.20249 
-10.8925 0.987347 10.2815 
-11.0356 -0.53335 11.1568 
-9.59006 -1.82434 10.1554 
-8.19727 -4.75191 9.22664 
-8.52599 -1.88689 10.0741 
-10.4614 -0.520185 9.64637 
-10.7931 0.284465 9.42172 
-10.0437 -4.44805 8.9859 
-10.1431 -1.7539 10.3056 
-10.1655 -0.606722 9.64917 
-10.2219 0.0451136 11.0605 
-8.90248 -1.7488 9.17268 
-9.30928 -0.217975 10.1158 
-10.1075 0.215741 9.21357 
-9.01845 0.238795 10.1797 
-9.10526 -0.497909 8.99682 
-9.92872 -1.75271 10.7217 
-10.0192 -0.38291 10.9032 
-9.48255 -2.44053 8.99191 
-10.1589 -0.286625 7.89637 
-11.2227 -0.602478 9.54865 
-9.56272 -0.55954 10.1177 
-9.2559 -2.62227 9.64499 
-9.76114 0.697781 9.44023 
-9.88598 -1.76322 9.06548 
-9.72416 -0.723182 9.74551 
-8.71757 -0.803682 8.49652 
-9.91807 -1.44656 8.95093 
-9.26317 -0.668887 9.15926 
-7.83373 -1.15978 9.50733 
-10.1553 -0.647172 10.1408 
-9.16289 -0.250102 8.9233 
-8.18733 -3.12507 8.63081 
-9.2004 -1.38609 12.4622 
-8.97703 -1.36538 7.44113 
-8.64227 0.0381841 10.5414 
-10.4133 0.328673 9.19935 
-9.77325 -1.07038 9.83447 
-8.72954 -0.534894 8.91419 
-10.547 0.396102 8.87217 
-10.6908 -1.61152 9.31069 
-8.90181 -1.3026 9.33141 
-10.5297 0.065345 10.9062 
-9.66096 -1.60121 10.8223 
-9.85104 0.410919 9.31693 
-9.22624 -0.762868 9.07472 
-9.68359 -0.890709 9.54434 
-9.81802 0.145459 9.23639 
-8.83226 -2.0086 9.89043 
-9.97497 -1.41824 8.87999 
-9.90125 -0.20124 8.75682 
-9.952 -0.492203 9.34603 
-8.77029 -0.542821 10.7336 
-10.3236 -0.144955 8.60093 
-9.81798 0.450954 9.47391 
-10.9802 0.571704 9.59579 
-8.77521 -1.73312 9.97095 
-9.54219 -1.84047 9.80276 
-8.93341 -1.01303 8.49154 
-8.48023 -1.86728 9.1929 
-10.2719 0.388147 8.87806 
-9.91635 -0.263245 10.353 
-8.58903 -2.76358 9.02937 
-9.3342 -3.25853 9.67727 
-10.1994 -0.102888 10.1664 
-9.86255 0.0535921 10.2826 
-8.81503 -1.84193 10.3203 
-9.96524 -1.13447 8.93076 
-9.19506 -0.838651 8.75111 
-9.4168 -2.26911 9.32838 
-9.42052 0.219209 10.2537 
-9.00196 0.828348 9.91177 
-8.76973 -0.0767037 8.8458 
-10.7239 -1.24059 7.99736 
-10.6445 0.356021 9.24275 
-9.68787 -1.75756 9.38604 
-9.8641 0.400295 10.1185 
-10.6438 -1.35258 9.56529 
-9.51115 -0.967582 10.2349 
-9.32141 -1.46898 8.28194 
-9.1187 -1.26263 8.60125 
-9.11876 0.553281 9.17717 
-9.99512 -2.35663 9.11031 
-9.82216 -1.25166 10.6143 
-8.82731 -0.649093 9.92551 
-9.1654 -1.0173 9.43595 
-8.85315 -1.46049 10.5927 
-10.0225 -2.07711 9.86967 
-9.2405 -1.03814 10.0204 
-9.30902 -0.384304 7.91619 
-9.84495 0.241273 8.50086 
-9.75293 -0.592939 10.8017 
-10.0532 -1.0771 9.17287 
-9.55879 -0.610021 9.72692 
-10.2188 -0.191627 11.3807 
-10.5394 -0.194491 8.77813 
-8.8223 -2.91717 8.76851 
-10.0201 -0.950249 9.60556 
-9.26499 -2.02685 9.20314 
-8.88211 0.0123495 9.48496 
-10.2037 -1.312 7.92678 
-9.40493 -0.588476 10.7707 
-10.5568 0.651192 9.40625 
-10.634 0.694485 10.4039 
-8.88827 -1.06889 8.72035 
-10.2329 1.26293 8.23482 
-10.5655 -0.100117 9.18008 
-9.90275 0.525676 9.00564 
-9.3658 -0.0861783 9.50176 
-10.1136 1.32436 8.70518 
-9.91779 -0.709419 9.10997 
-8.94641 -0.107715 8.56524 
-11.0867 0.0849064 11.305 
-10.0173 -1.15434 10.4844 
-10.8417 0.505754 9.85575 
-10.6768 -1.82159 8.60578 
-9.57906 -2.82253 9.25249 
-8.45337 0.164187 10.998 
-10.5154 -0.409663 9.8345 
-8.666 -1.85656 9.80234 
-9.68693 -1.44435 9.10618 
-9.85164 -1.05684 7.9521 
-8.84718 -1.4252 9.89978 
-9.46663 -1.16372 9.88988 
-10.4909 0.64832 12.1352 
-9.2519 -1.96966 8.03552 
-9.39295 -0.82188 9.88951 
-9.03344 -1.13466 10.2902 
-9.82121 0.0309538 10.5099 
-9.48142 1.09407 9.87391 
-10.9871 1.21242 9.37154 
-8.98321 0.484418 8.40432 
-9.99436 -0.422736 9.35479 
-9.69279 0.817379 10.1418 
-9.77402 -0.184241 9.52449 
-10.0277 -1.26837 7.60646 
-9.50885 -0.6343 10.2008 
-9.71491 -1.81818 9.88322 
-9.455 -1.23852 10.296 
-10.1522 -0.29434 8.75007 
-9.39465 -0.919474 10.1258 
-9.57327 -0.769045 8.92784 
-9.48448 0.123783 8.3957 
-9.63755 0.508265 8.49133 
-8.93232 -1.89816 9.58746 
-9.20538 -2.27413 9.93063 
-9.21599 -2.6137 8.76793 
-10.0009 -0.0878462 7.91942 
-8.76898 -1.85156 7.16767 
-9.08263 -0.320703 9.23112 
-9.57417 -1.4904 10.1362 
-9.2483 -1.67949 9.83745 
-9.51689 -1.20598 10.4475 
-9.33876 -1.3101 8.24946 
-9.43562 -2.21418 10.0693 
-8.61823 -1.40012 10.6062 
-9.08655 -1.01708 8.07189 
-8.29183 -1.6506 10.3347 
-9.65702 -1.05119 9.07164 
-10.1338 -2.4887 9.04746 
-9.21214 -0.855381 9.26506 
-9.57011 -0.192604 9.33761 
-9.39325 0.72871 9.35211 
-8.7687 -1.6283 9.78736 
-9.79482 -1.43659 10.5463 
-11.009 -0.903173 11.3047 
-10.8118 1.63592 9.3632 
-8.67783 -0.770834 10.2808 
-9.171 -1.3629 8.05556 
-9.67568 -0.543779 10.6054 
-8.51304 -0.890351 8.69378 
-10.046 -1.31198 10.678 
-10.4735 0.670142 9.52232 
-9.20083 0.260468 9.66074 
-9.25038 -0.571849 10.3566 
-9.12664 -0.690621 8.07856 
-9.2019 -1.62699 9.28449 
-8.43027 -2.65148 9.80011 
-10.6704 0.46271 10.974 
-8.7646 -1.86446 9.4144 
-9.38635 -0.0513134 7.997 
-10.0096 -0.12004 9.8108 
-9.79276 -2.05302 9.18387 
-10.0151 -0.0533424 7.76153 
-9.15774 -0.271894 10.0162 
-11.2336 0.00583827 11.025 
-9.32595 -1.22344 8.07533 
-10.1949 1.20609 9.95692 
-9.36406 -1.28092 8.29813 
-10.5013 -0.920095 9.52278 
-10.235 0.504757 11.0677 
-9.61318 -0.906335 10.4101 
-11.0919 0.437617 9.4707 
-10.0826 1.15184 9.37709 
-9.47158 0.752759 7.82212 
-9.19651 -0.716117 7.98973 
-9.65269 0.734731 10.602 
-9.24628 -1.69014 9.40335 
-8.67034 -1.03756 8.88183 
-11.0741 -0.546693 7.98224 
-10.7865 0.281887 10.0168 
-10.4241 -0.0916894 8.29175 
-10.0916 -1.60654 9.06702 
-8.97405 -0.497105 7.84193 
-9.61003 -1.49189 8.46764 
-9.42084 -1.37117 8.73448 
-8.69467 -0.661978 8.01358 
-9.97983 2.3544 9.67328 
-10.5516 0.118219 9.13436 
-10.6999 -0.558253 9.56864 
-9.37151 -1.56018 10.0843 
-10.4078 -1.38613 9.77864 
-9.58796 0.679264 8.65185 
-9.78972 -2.33442 8.3461 
-9.86992 -1.67848 9.24995 
-10.3256 -1.28017 10.498 
-9.2563 -0.93604 10.3248 
-9.3043 0.0177908 7.5804 
-10.3464 0.423842 11.6999 
-9.63818 -1.53271 9.35863 
-9.49855 0.620863 9.04697 
-8.33596 -3.72115 7.68929 
-8.51817 -0.985315 10.3462 
-9.31162 -0.232047 8.47872 
-9.91227 -2.06748 9.42613 
-9.10098 -1.261 9.99123 
-9.8381 2.05772 9.98386 
-9.31884 -3.35361 9.062 
-9.31323 1.32596 9.88007 
-8.11971 -0.53899 9.30454 
-9.80311 0.462869 8.84568 
-10.0251 0.310549 9.01945 
-9.86171 0.216758 10.633 
-9.60912 1.10264 9.66621 
-8.58414 -3.11563 7.66007 
-9.80869 -0.478641 8.84742 
-9.93968 -0.888841 9.86711 
-9.79713 -0.0699808 7.84095 
-9.60394 0.357795 11.4609 
-9.92334 0.488775 8.91995 
-9.94679 0.434211 8.80512 
-9.32345 -1.73475 9.50584 
-10.0869 0.37285 10.5636 
-9.73698 -1.37071 8.80575 
-9.5683 -1.51743 8.78263 
-9.28891 -1.11425 9.0017 
-10.3245 -0.570663 10.7487 
-10.2439 -0.063942 10.064 
-8.41435 0.228573 10.7183 
-9.65521 0.929103 10.4408 
-10.1797 -0.692922 7.39685 
-9.83081 -0.692209 9.80505 
-9.69778 -0.275212 9.17674 
-9.35305 -0.743922 8.30892 
-9.98273 0.629482 8.82506 
-9.37756 -0.673469 8.91797 
-10.5222 1.17371 9.22782 
-9.10107 -0.0329307 9.5275 
-8.94148 -0.145705 9.70891 
-10.5717 0.2192 9.82719 
-9.50933 -2.46819 10.0307 
-10.1451 0.0777811 7.91453 
-10.6356 -1.243 9.91742 
-10.5725 1.05112 8.84885 
-9.73235 -1.65765 8.05699 
-9.04193 -0.833742 9.24625 
-9.48909 -0.978516 8.73725 
-9.55385 -1.5182 10.0248 
-10.2485 -0.00808308 8.49145 
-10.0726 0.232568 10.0931 
-10.1605 -1.2263 9.64639 
-9.45919 -0.465003 8.5996 
-8.71883 -1.25426 10.5503 
-9.27911 -2.26127 10.0476 
-9.61025 0.204961 10.6844 
-10.3838 0.0794537 10.2367 
-9.65634 0.294952 10.3405 
-9.46309 -1.03338 10.1338 
-10.075 -0.284097 9.06507 
-9.85738 -0.520973 8.50026 
-9.52084 -1.5189 9.74734 
-8.92684 -1.54327 10.1382 
-9.80017 0.0473288 10.8954 
-8.88396 -0.545704 9.06975 
-9.37469 -0.447592 10.1798 
-10.1485 -1.99407 10.2725 
-10.3105 0.083502 9.36983 
-9.4444 -0.801258 8.55665 
-10.837 -1.44171 8.42209 
-10.1849 -0.271419 9.19337 
-9.22129 -0.311854 8.54976 
-10.0739 -0.326378 8.39036 
-9.8937 -0.892696 8.33946 
-9.26953 -2.60802 9.63025 
-10.367 -2.18426 9.74407 
-10.8026 -1.2603 11.3511 
-8.16789 -0.532203 9.0564 
-9.35574 -0.665123 9.78222 
-10.0864 -1.03974 8.99823 
-8.88819 1.58278 7.71374 
-9.67371 -0.201202 8.968 
-9.40442 -0.888023 6.96595 
-9.08761 1.48506 11.5462 
-10.0504 1.11093 9.86209 
-9.94934 -0.544291 8.67096 
-10.3085 -0.64908 9.40752 
-8.59553 -2.37724 9.70195 
-8.2056 -0.0651451 10.1634 
-9.39111 -1.05442 9.6635 
-9.67856 -0.155667 12.4401 
-9.6505 -1.07115 9.60967 
-9.46354 -0.514534 9.43168 
-9.86419 -0.701694 8.79133 
-9.36854 0.0252254 7.98434 
-8.83816 -1.44281 9.6321 
-9.7226 -0.139841 9.83652 
-10.1546 0.43466 10.7235 
-9.32672 -1.15895 9.34937 
-9.6595 -1.0639 9.39365 
-9.58255 -0.955276 10.0165 
-9.69038 -2.87243 10.4265 
-9.48615 -0.509475 9.77139 
-9.14376 0.467591 9.45647 
-9.71129 -1.26105 8.55901 
-9.53398 -2.51314 8.18315 
-11.0254 -0.423929 9.2404 
-10.737 -0.94745 10.4706 
-8.59116 -1.08514 8.5677 
-9.75678 -0.919961 9.43868 
-10.5161 -0.734864 9.16181 
-8.53138 -0.663998 7.15928 
-8.69593 0.179992 8.6316 
-9.91537 -1.13939 9.11103 
-9.21802 -1.40736 8.6114 
-9.57872 -1.53136 9.24757 
-10.3776 -0.576059 10.5592 
-10.5989 0.123209 10.8258 
-8.72992 -2.88046 8.22246 
-9.8643 -2.07771 9.94295 
-9.24787 0.281868 9.85812 
-9.41803 -1.0466 8.01851 
-9.26246 -1.80608 8.24107 
-10.2415 -1.0116 9.99361 
-9.57057 0.732701 9.31207 
-10.7307 -1.33272 9.88615 
-10.5593 -0.561941 9.8993 
-9.41484 -1.4314 11.6826 
-9.08579 -2.38141 7.06895 
-9.87115 -1.00213 9.86455 
-9.92527 -1.08703 7.9017 
-9.94527 -1.12117 8.77839 
-9.35359 -1.36091 7.79782 
-9.17339 -0.715366 9.20704 
-9.53961 0.166358 8.90067 
-8.85043 -0.933496 10.6558 
-9.27984 -0.77579 9.67388 
-10.189 -0.677259 8.69539 
-9.99036 0.56814 8.85284 
-10.9479 0.239251 8.79883 
-8.44315 -0.776123 9.54344 
-8.17564 -0.700364 8.37502 
-9.47894 -1.97321 7.78238 
-8.98627 -2.52803 7.10171 
-10.0338 -1.42721 9.40121 
-9.37146 0.259985 11.5338 
-8.99402 -0.816136 8.56025 
-10.5744 0.581036 9.94104 
-9.22499 -3.00152 9.38828 
-10.5268 -0.109159 10.5635 
-10.0528 -0.484425 9.20397 
-9.26658 0.132173 9.91711 
-9.50464 -1.95404 8.88315 
-10.0478 -0.499642 11.09 
-9.13503 -1.07632 8.55556 
-10.3159 -1.12933 9.78341 
-9.01969 0.00298024 8.85752 
-9.99827 -1.70079 10.3128 
-8.66433 -2.10272 10.7098 
-9.39916 -1.89053 10.0613 
-8.95083 -2.46661 7.4113 
-9.71569 0.0115612 9.82596 
-9.77592 -0.216859 7.72954 
-9.62389 -1.21719 10.2157 
-9.34247 -2.08059 9.02437 
-8.46758 -1.37553 10.704 
-9.09021 -2.41803 11.4183 
-10.1131 1.6363 10.058 
-9.6475 -0.273497 10.0983 
-9.74494 0.527173 7.88351 
-9.62396 -1.77164 9.66247 
-10.2545 -0.699475 10.4243 
-10.2229 -0.182952 10.4377 
-10.1298 1.06247 8.5798 
-8.97156 2.03499 9.29279 
-9.12196 -1.0653 8.50681 
-9.79772 -1.49944 10.5686 
-9.33485 0.0602928 8.47739 
-8.59544 0.0703421 9.68298 
-11.5618 -1.63088 8.07877 
-10.1192 -1.03398 9.71916 
-10.5144 -1.2535 10.3334 
-9.43631 -1.48511 10.0677 
-10.1489 -2.28371 9.96624 
-10.0325 -0.501282 9.3748 
-8.30993 -1.63612 9.86245 
-10.5694 1.72168 9.53376 
-9.51634 0.801825 10.39 
-9.95805 1.67811 7.98354 
-10.1973 0.813125 9.8143 
-10.9296 -1.35275 9.40436 
-10.3623 -0.383595 9.62019 
-10.7864 -0.59288 9.05433 
-10.1545 -1.24117 8.37468 
-9.58938 -0.493394 9.41169 
-9.33839 -1.47896 9.27533 
-10.9163 2.60137 8.78552 
-10.0871 -0.260054 9.85899 
-9.01442 -0.429799 10.4217 
-9.7995 -0.419707 9.30172 
-9.46269 -0.760319 7.96716 
-8.66271 -0.871288 9.28499 
-9.91301 -0.996606 9.82203 
-9.3393 -2.38456 8.56759 
-9.67118 0.170573 9.08159 
-9.16125 -1.95251 7.899 
-9.11104 1.44522 9.14907 
-8.91595 -1.06131 7.10633 
-9.70914 -1.39376 9.22748 
-9.48415 0.273781 10.4746 
-9.723 0.362925 11.16 
-10.3266 -0.605324 11.5333 
-8.95955 -0.675321 8.72847 
-9.91474 -1.8056 9.38315 
-9.22908 -0.601578 8.44894 
-9.72189 -1.3421 8.55222 
-10.25 -0.0594507 11.3757 
-8.55026 -2.81706 7.6326 
-9.46555 0.430981 9.34451 
-9.7637 -0.390597 9.79778 
-9.17634 -0.854308 8.65411 
-10.1835 -0.964613 9.829 
-9.84292 0.103729 9.97739 
-9.24296 -1.24641 10.1532 
-11.1164 1.00552 9.95617 
-9.47841 -1.7625 9.88832 
-8.77978 -2.06415 8.99832 
-10.3473 -0.689265 9.24548 
-8.82944 -2.92833 10.0347 
-8.86013 -3.50874 8.73925 
-9.78646 -1.16331 9.28766 
-9.28728 0.115312 8.79261 
-9.45169 -1.43855 8.48081 
-9.65204 -1.53206 9.62693 
-9.66718 -0.683273 10.8919 
-10.7752 0.330133 10.464 
-9.03526 -1.4486 7.13478 
-8.93867 -1.3676 8.18331 
-8.91598 0.531016 11.5457 
-9.55115 -1.98979 10.6484 
-9.02758 -3.21068 8.77682 
-8.88452 -1.52902 9.62672 
-8.50423 1.74218 10.1663 
-9.55241 -1.04825 8.72797 
-9.99416 -2.18825 9.23682 
-10.0846 -2.41434 9.05653 
-10.2724 -1.41468 10.775 
-8.80785 -0.999164 8.13786 
-9.48016 0.287528 9.20664 
-9.09259 1.31266 8.89438 
-9.4663 0.15961 9.30418 
-10.3233 -0.646396 9.66148 
-9.36967 -1.51306 9.9741 
-10.8765 0.0250026 9.64938 
-9.868 -0.377472 8.88323 
-9.14161 1.86005 9.43319 
-8.60226 -2.12689 9.78097 
-11.1166 1.10628 8.94582 
-11.3888 1.95826 9.35734 
-9.52872 0.625564 7.93838 
-8.60689 0.59327 9.95228 
-9.5353 -1.14231 10.2183 
-9.19546 -1.40906 8.9672 
-10.5244 0.787318 7.45071 
-9.92864 -0.491429 9.81216 
-9.14311 -0.750024 9.66816 
-9.65658 -2.59071 11.0238 
-9.59187 -0.206996 9.74364 
-9.39391 -2.15811 10.5447 
-10.6601 2.01631 8.77866 
-9.84438 -0.63789 10.6241 
-9.5795 -1.28113 8.56109 
-9.43984 -1.50153 10.9734 
-10.4414 -0.446251 7.84524 
-10.1594 -0.0126847 8.33906 
-10.5901 -0.493809 9.6439 
-9.5895 -0.0412774 9.81774 
-8.99325 0.0927504 8.39524 
-10.3904 -0.550306 9.40853 
-10.0973 -1.2133 8.60124 
-8.57279 -1.99307 9.89332 
-9.15801 -0.747339 11.133 
-9.97657 1.71617 9.69377 
-8.79615 -1.48896 8.73858 
-9.59797 0.0630949 10.1736 
-9.05855 -1.78571 8.30393 
-9.42528 -1.90497 9.33934 
-9.76053 -0.0159155 9.70604 
-9.70573 -1.02446 9.98483 
-10.161 -0.560205 9.1787 
-9.12387 -1.10298 8.2528 
-8.70916 -2.26403 11.031 
-8.86076 -0.800673 8.57539 
-9.33134 -0.435086 9.63138 
-9.07955 -0.393153 10.2799 
-10.9372 0.0499546 9.76024 
-9.49229 -2.53003 8.62967 
-9.07908 -1.14763 9.60251 
-8.86915 -1.96522 9.20072 
-10.0026 -2.30842 9.20951 
-10.5146 1.85679 9.33736 
-9.33288 -1.13386 8.26789 
-9.60631 -1.7972 8.42008 
-9.18669 -1.10165 8.39101 
-9.38145 -1.43991 9.11953 
-7.99057 0.724954 10.4971 
-10.0248 0.369518 9.74695 
-9.42963 -0.334536 10.2283 
-10.4123 -0.966995 8.92523 
-9.4228 -1.99635 9.58347 
-9.86122 -0.815836 9.02699 
-10.2749 -1.53472 8.73803 
-10.4 -0.923233 9.41013 
-9.19725 -2.59513 7.79389 
-9.28821 -1.51923 9.4218 
-10.2921 -1.08594 9.53968 
-10.2706 -0.56438 9.96596 
-10.2556 -0.394157 9.75714 
-10.1097 -1.35931 8.24916 
-8.88646 -1.48037 9.77917 
-9.93504 -0.269494 8.86252 
-10.1557 -1.57709 10.3258 
-10.3995 0.331006 8.57057 
-9.33101 0.464799 9.99832 
-10.0172 -2.46091 10.0126 
-9.7141 -0.326855 8.97748 
-10.0375 -0.923841 8.9035 
-10.6808 1.57013 10.1556 
-10.2621 1.04252 7.8931 
-10.1579 -1.29411 10.2035 
-9.53681 -0.306115 8.95321 
-9.84149 0.0543793 9.90767 
-9.31364 -1.05273 9.2661 
-9.76668 -1.71492 10.7737 
-10.8689 -1.51808 10.3609 
-9.2704 -1.33194 8.51789 
-9.23773 0.0849006 9.245 
-9.28193 -0.789276 10.1422 
-10.0991 -0.282108 8.71981 
-9.5199 0.111195 9.29041 
-9.69992 -1.38829 8.52757 
-9.96111 -0.719345 8.9376 
-9.6458 0.0363783 8.32716 
-9.75914 -0.571178 9.15303 
-9.54247 -0.688929 8.77434 
-10.1134 0.492624 9.34625 
-9.57814 -2.18999 8.29009 
-9.17653 0.463575 8.36586 
-8.60476 -2.74403 8.59585 
-9.32856 -2.01468 9.02128 
-8.43913 -2.02039 7.71967 
-9.58235 -0.599295 7.77337 
-9.40622 0.430452 7.22305 
-9.83114 1.42486 9.81759 
-8.63021 -3.01995 9.08787 
-9.12742 -1.92628 10.8186 
-9.22313 -1.37643 9.04344 
-9.18112 -0.850838 9.63577 
-9.43212 -0.670548 9.61346 
-11.0007 0.336639 8.65502 
-9.14189 -0.518391 9.54793 
-8.11838 -1.00173 9.12024 
-10.6172 -0.526427 8.59216 
-9.3249 0.047612 8.3989 
-11.0768 -1.61256 8.90068 
-8.32585 -1.77026 7.71438 
-9.35044 -0.446916 9.37964 
-9.47402 -2.18838 10.9097 
-9.60778 -0.38614 9.00631 
-9.98614 -0.28021 10.4316 
-9.90804 -0.466524 10.1413 
-9.96959 -0.0514321 8.66051 
-10.2802 0.110428 8.484 
-8.87421 -1.39814 8.58677 
-9.06423 -0.942767 9.28745 
-10.0157 -0.89422 8.06716 
-9.61629 1.08188 8.52427 
-8.88962 -0.587895 5.75391 
-9.1759 -1.15674 9.02662 
-10.0873 -1.44391 9.83938 
-9.81214 -1.46474 9.96529 
-10.2209 -0.170757 11.5499 
-8.46778 -2.41583 9.88419 
-10.1903 -0.32898 8.98977 
-10.014 -0.616637 9.15356 
-9.52109 -0.860534 9.20448 
-10.4622 -1.0504 10.1126 
-10.1255 -0.984945 10.9819 
-9.70693 -0.35659 8.57881 
-10.0243 -0.402162 8.32287 
-10.0054 -0.958625 8.56009 
-10.1374 0.0754687 9.91844 
-10.3195 -1.45618 10.6341 
-9.69979 -0.481743 10.0244 
-9.53168 -2.69488 10.4806 
-9.46717 -0.161324 9.72452 
-9.27005 -1.81554 9.1524 
-8.00074 -2.00942 7.75187 
-9.76793 0.718019 8.25391 
-10.7984 -0.446975 8.55594 
-10.9485 1.485 9.63212 
-7.90233 -1.23744 10.0181 
-8.99254 -1.94647 10.4487 
-9.77939 -0.140689 8.21389 
-9.32815 -0.656476 9.6326 
-9.86418 -1.85204 10.1385 
-10.8967 0.902726 8.8327 
-9.54114 -1.18301 8.78494 
-9.00939 0.425503 9.62027 
-10.4379 2.00097 8.63552 
-9.9332 -0.0750031 8.9956 
-8.83431 -1.24318 9.86452 
-10.1977 0.122057 9.67722 
-9.86203 -1.01571 10.7478 
-10.3798 0.041206 10.3656 
-9.99151 -0.20572 12.0271 
-8.73858 -3.40658 8.18722 
-9.67159 -2.7468 9.67796 
-10.4373 0.375308 8.91325 
-8.96325 -0.273681 8.45731 
-10.0852 -0.387197 10.1899 
-10.4496 -1.40848 8.98707 
-8.20183 -0.768318 8.26294 
-9.48846 -0.750998 9.50743 
-9.3402 -1.31337 9.11371 
-10.1453 -1.02233 8.95747 
-9.1881 -1.09086 10.4008 
-9.3015 -0.678135 11.2315 
-10.1742 -0.980598 9.47201 
-9.47037 -1.24765 8.92841 
-9.91051 -0.395073 8.55857 
-9.3595 -1.92709 9.75473 
-9.76709 -1.48118 10.0077 
-9.08567 -2.06492 9.1187 
-10.5939 0.810756 9.52879 
-10.2743 1.04301 10.5533 
-10.2422 -1.90281 10.3654 
-9.85782 1.56532 8.62105 
-10.597 -0.717505 9.82155 
-8.78404 -2.24141 8.59153 
-9.39472 -1.00781 10.0853 
-9.79168 1.37877 10.2262 
-9.433 -1.4572 8.86658 
-10.3139 0.896163 9.44388 
-9.98599 0.142296 9.89731 
-9.98036 0.0283544 9.51038 
-9.43913 -1.43061 9.44544 
-9.68037 0.616027 8.79755 
-9.59161 -3.15083 8.34248 
-10.3146 -0.0585841 10.2155 
-9.34176 -2.11875 9.58144 
-9.50977 -0.197706 7.75738 
-10.961 0.0498926 10.6836 
-9.09416 -1.91285 10.8548 
-9.17822 -0.21003 11.0239 
-10.7229 -0.0114974 9.38758 
-9.67536 -2.61862 9.35182 
-9.40401 -0.0883331 7.91414 
-9.58948 -0.908399 10.2144 
-9.12622 -1.39954 11.0872 
-10.6102 1.23276 9.88211 
-9.62768 0.473188 10.3682 
-9.95195 -2.12393 9.06215 
-9.67347 -0.932952 9.70173 
-9.1871 -1.91823 10.1428 
-9.88871 -1.54237 8.90935 
-10.3584 -1.55956 8.78926 
-9.69101 -0.236424 11.2684 
-10.1478 -0.616465 8.06345 
-9.05009 -0.0210674 9.96364 
-9.63073 -0.153255 8.00659 
-9.30504 -2.75415 10.5517 
-8.63716 -0.63077 9.76912 
-9.29759 -1.37927 10.0538 
-10.117 -0.728856 10.3367 
-10.3795 0.385435 8.64454 
-9.35862 -1.27136 9.31529 
-9.65782 -0.671923 9.32251 
-10.8747 -1.88785 9.41566 
-10.5917 -0.232956 8.16881 
-9.85281 -0.183163 8.94594 
-9.39972 -0.792516 9.88297 
-9.10117 -0.220752 9.22015 
-10.3867 -0.235455 10.6977 
-9.81315 -1.90767 8.24154 
-9.99863 2.01169 9.89245 
-9.2241 -0.326017 9.26717 
-8.44104 -0.621883 9.23696 
-9.95392 -1.65533 9.80696 
-9.82452 -0.992246 9.58365 
-10.467 1.4881 9.78229 
-9.10103 -0.475596 7.96912 
-9.96328 -0.497396 8.87902 
-8.8115 -2.22696 8.52237 
-9.88098 -0.091719 9.94119 
-9.57592 1.83746 8.31782 
-10.1005 -2.21513 9.5045 
-9.49244 0.379446 9.42445 
-9.05151 0.859458 10.9231 
-9.10643 -0.958893 10.0928 
-8.87492 -4.0728 9.89563 
-9.52753 -1.13064 9.55727 
-8.93185 0.52328 9.17303 
-9.19798 -2.37623 7.76217 
-9.53371 -0.0248415 10.4152 
-10.0285 -1.4115 9.33443 
-8.88842 -2.46939 8.37399 
-8.73686 -2.34365 9.55947 
-9.0255 -1.91078 8.68743 
-8.82223 -0.981485 10.953 
-10.4124 -1.24096 10.1574 
-9.79224 -0.857204 10.2884 
-9.36731 -0.827714 10.9366 
-9.76659 -0.196705 8.65218 
-9.76365 -1.43726 7.63062 
-10.0384 -0.408598 11.9231 
-9.8246 -2.12463 9.91453 
-9.94322 -0.487848 11.0756 
-8.99818 -3.21026 8.90006 
-8.78023 -0.142203 9.92908 
-9.51893 -1.14073 10.4335 
-9.77686 -0.599852 10.9794 
-9.75746 -0.121657 7.78804 
