0.885688
10.9517 21.1127 -0.707072 
4.72443 12.6882 -20.3367 
10.3884 20.4515 -2.2927 
8.7477 19.1084 -7.94334 
8.50141 19.6079 -10.0447 
-3.69387 -10.1413 -22.2637 
-5.24941 -13.7412 -18.8886 
8.30247 19.3897 -10.7576 
2.35747 6.57267 -23.4698 
-1.21634 -3.35858 -23.8041 
-0.317874 -0.84259 -23.1389 
-4.97809 -13.0622 -19.2377 
11.4988 18.377 4.18553 
11.358 14.2708 7.08939 
7.36261 17.6868 -13.045 
4.86987 12.8601 -19.4609 
6.79822 17.4554 -16.3395 
3.12583 8.57335 -22.3514 
2.91194 8.15024 -23.4477 
-0.317702 -0.848882 -23.5 
-10.2825 -20.983 -3.48433 
-8.75405 -20.1412 -9.66333 
10.2305 19.9561 -2.36347 
11.573 17.4894 5.23243 
10.073 20.8037 -4.11407 
-0.979123 -2.68724 -23.6619 
10.5354 21.0597 -2.40405 
9.51411 20.0537 -5.65878 
3.38981 9.39714 -22.735 
2.39295 6.66215 -23.3938 
10.9203 19.1766 1.27151 
-0.0448521 -0.106576 -24.5555 
6.21609 16.098 -17.345 
-9.56657 -20.3138 -5.86533 
9.1011 20.8063 -8.82795 
0.965294 2.69888 -23.7721 
11.4081 18.8744 3.39778 
10.7504 17.7457 2.0733 
9.40205 20.4667 -6.78373 
3.40179 9.29659 -22.0326 
10.3692 20.4266 -2.34973 
-5.91628 -14.9153 -16.6854 
9.71433 20.634 -5.53289 
11.5632 16.673 5.885 
0.413971 1.16977 -23.7119 
11.3576 17.6276 4.35835 
10.0588 20.1549 -3.34847 
11.0203 17.832 2.96765 
9.92495 19.7334 -3.39438 
9.00456 19.9284 -7.93925 
-4.01724 -10.664 -20.5133 
10.9338 17.9686 2.51896 
6.81519 17.0915 -15.3534 
5.03467 13.2367 -19.1137 
11.4216 17.7292 4.49239 
-9.48307 -20.9295 -7.14711 
-3.66027 -9.99611 -22.0436 
7.57926 18.3087 -12.9682 
9.85602 20.7384 -5.01775 
11.4763 21.0029 1.54565 
11.8518 13.3347 9.30069 
1.97186 5.45715 -23.2165 
-10.1805 -19.3184 -1.90697 
-2.82928 -7.68759 -22.3048 
-2.78427 -7.59029 -22.4822 
5.22673 13.836 -19.2583 
-0.85724 -2.34877 -23.6638 
-1.30573 -3.61462 -23.8606 
-0.71021 -1.96949 -24.2458 
5.04539 13.4356 -19.6876 
-2.1869 -6.02805 -23.285 
2.62585 7.2625 -22.9722 
10.2708 20.5738 -2.95225 
1.20495 3.41241 -24.4736 
12.0354 15.8515 8.10597 
1.31924 3.69163 -23.8397 
-2.11303 -5.8551 -23.5746 
-3.60227 -9.67258 -21.3051 
9.86685 20.1245 -4.14808 
6.16546 15.6592 -16.5895 
9.89956 20.388 -4.3504 
-2.26554 -6.24248 -23.234 
0.574626 1.61242 -23.6915 
1.36166 3.84766 -24.4 
0.898717 2.51716 -23.8607 
8.90853 20.2538 -8.94818 
-2.82488 -7.78633 -22.9694 
10.9218 17.597 2.83448 
-1.95216 -5.26428 -22.4031 
-3.14799 -8.57785 -22.2689 
2.87803 7.87633 -22.3642 
-6.19698 -15.8953 -17.0793 
11.6874 15.6647 7.10191 
0.979496 2.80895 -25.1651 
-3.04091 -8.37062 -22.7937 
7.94504 18.821 -11.7666 
8.97815 19.9512 -8.1041 
11.277 19.5578 2.24631 
8.20579 19.2424 -11.0447 
9.38672 19.6966 -5.75399 
1.86691 5.19807 -23.5405 
9.73452 20.3931 -5.10935 
-4.4008 -11.7661 -20.5392 
-6.80429 -17.4782 -16.4441 
4.18285 11.1936 -20.5607 
4.35988 11.6141 -20.2501 
0.16641 0.484107 -24.2529 
-9.82179 -19.008 -3.02276 
11.8615 17.8918 5.89624 
-5.15818 -13.442 -18.7862 
1.62684 4.53904 -23.6975 
1.5965 4.49433 -24.1586 
11.6291 18.0949 4.90269 
3.24781 8.96895 -22.6266 
-1.53769 -4.30875 -24.355 
-8.60492 -19.9636 -10.1765 
-7.04149 -17.7758 -15.4463 
7.58932 18.2556 -12.8014 
7.02254 16.9028 -13.5379 
5.89232 15.0468 -17.0914 
-3.41877 -9.24182 -21.7413 
-0.33075 -0.909475 -24.3982 
-6.51154 -16.7543 -16.8557 
9.33401 20.5844 -7.29149 
8.27651 19.2033 -10.5762 
9.23008 18.9763 -5.45493 
6.23821 16.1899 -17.4217 
2.70038 7.42433 -22.6574 
0.677395 1.90731 -24.0005 
1.75001 4.83098 -23.119 
-5.54811 -14.4018 -18.2454 
0.940332 2.66475 -24.4869 
4.12998 11.0777 -20.7025 
4.3131 11.3743 -19.8239 
10.7495 19.3084 0.471684 
0.487706 1.38527 -24.2888 
2.26147 6.25295 -23.0876 
6.77403 16.6658 -14.6519 
-0.665055 -1.87052 -24.9513 
-0.904279 -2.52372 -24.4213 
11.645 17.8868 5.14383 
-0.360268 -0.993252 -24.4234 
11.7815 14.2103 8.47369 
-2.97366 -8.14455 -22.5895 
7.84028 18.6261 -12.013 
6.26118 16.4514 -17.9297 
0.227397 0.649842 -23.5827 
8.86144 19.8377 -8.52347 
-3.20533 -8.87417 -22.9732 
5.42326 14.3465 -19.0519 
-3.70698 -10.0305 -21.5783 
4.33709 11.572 -20.3274 
10.1111 4.23373 9.52063 
11.9616 18.34 5.86979 
11.1818 19.5855 1.85175 
5.07697 13.4339 -19.3721 
11.8512 11.2656 10.6061 
10.1644 19.5235 -2.12274 
-4.36628 -11.6433 -20.4552 
-8.3768 -18.9005 -9.61257 
6.29798 16.128 -16.7898 
9.64181 19.2493 -3.99704 
-3.65312 -10.0294 -22.298 
6.31957 16.2375 -16.9061 
-2.52052 -6.93323 -23.0239 
11.3857 14.0442 7.33678 
4.9623 13.301 -20.0564 
4.01054 10.7332 -20.686 
-7.11591 -17.5804 -14.5129 
4.69247 12.7552 -20.9255 
8.17345 18.803 -10.4374 
-2.4125 -6.75264 -23.9059 
1.06817 2.99423 -23.904 
2.00794 5.5408 -23.0687 
-1.78851 -5.05332 -24.6342 
-7.08425 -17.797 -15.2 
8.36092 19.8382 -11.2381 
5.3045 13.9483 -18.8927 
-1.64247 -4.54238 -23.673 
-6.25595 -15.8467 -16.5092 
3.49071 9.68197 -22.6973 
7.78315 18.7091 -12.511 
8.56839 19.2538 -9.08591 
-5.499 -14.377 -18.6014 
10.5057 20.0362 -1.31586 
1.96999 5.51974 -23.8355 
9.3397 21.1345 -8.10581 
-10.2657 -20.1841 -2.57439 
3.11775 8.61995 -22.7353 
9.6725 20.128 -5.0304 
10.8731 20.8287 -0.707382 
2.32209 6.43306 -23.1767 
7.68916 18.4145 -12.5081 
6.03352 15.5405 -17.3134 
9.58945 21.4087 -7.25853 
10.9943 9.35777 9.23865 
3.38206 9.22054 -21.9282 
7.09908 17.6283 -14.6221 
-1.93406 -5.26742 -22.8521 
10.0692 21.1684 -4.61747 
-2.01772 -5.589 -23.6056 
-3.11664 -8.51854 -22.4163 
3.53232 9.72085 -22.2953 
12.0355 15.8783 8.08699 
6.06433 15.631 -17.3104 
4.07165 11.214 -21.9991 
4.08625 10.9284 -20.6012 
-2.00538 -5.59585 -23.9371 
7.49161 18.4887 -13.8943 
11.4407 17.0337 5.16333 
7.8369 18.52 -11.8305 
-2.02048 -5.57205 -23.3933 
11.1718 19.0805 2.31732 
0.930995 2.66244 -24.9584 
5.4736 14.535 -19.1824 
5.71757 14.8422 -17.9557 
4.61531 12.2012 -19.7029 
0.969572 2.71423 -23.8688 
-0.594808 -1.64327 -24.2106 
8.7496 19.4556 -8.48285 
9.4397 21.1492 -7.61643 
4.55716 12.0187 -19.6411 
7.33566 18.3383 -14.5975 
10.5427 20.611 -1.83365 
7.08894 17.6238 -14.6803 
4.05744 10.8343 -20.5439 
-1.68959 -4.62509 -23.1819 
-10.9261 -19.5306 0.848136 
10.7626 20.951 -1.30826 
2.23216 6.24275 -23.6673 
3.49411 9.65992 -22.5424 
9.46248 20.702 -6.83885 
-1.75053 -4.75579 -22.8257 
3.70494 10.0164 -21.3444 
-7.54305 -18.3989 -13.4752 
4.74329 12.5927 -19.7869 
7.25504 17.6019 -13.5448 
2.59487 7.26874 -23.6202 
-8.58374 -19.5386 -9.57667 
5.19339 13.7908 -19.4267 
-7.78645 -17.8913 -11.0564 
9.71062 20.2554 -5.03461 
-10.0571 -21.8301 -5.64171 
-7.9031 -18.2992 -11.152 
7.98394 19.2431 -12.3448 
11.5614 16.8898 5.70263 
8.13828 19.0087 -10.9992 
10.9678 19.3798 1.23788 
-0.579747 -1.60378 -24.2896 
10.9536 20.4014 0.0961074 
2.48466 6.84538 -22.842 
11.3048 20.279 1.61662 
-8.30646 -20.0091 -11.9467 
5.84824 15.0276 -17.3949 
2.19312 6.25192 -24.6676 
1.40858 3.95953 -24.0958 
6.50776 16.7791 -16.8488 
4.0783 11.041 -21.1797 
11.6701 19.0902 4.15782 
11.4555 18.4759 3.94419 
6.15376 15.6035 -16.5288 
-5.04257 -12.7213 -17.5897 
5.48892 14.0618 -17.6174 
5.84617 15.2837 -18.1308 
6.17029 16.1389 -17.8245 
-5.7323 -14.4469 -16.8846 
6.9504 17.2146 -14.6984 
6.11358 15.7979 -17.3602 
11.6022 16.2001 6.40182 
0.363146 1.0257 -23.6921 
9.95291 20.2883 -3.98398 
6.17212 16.0421 -17.5511 
10.8468 19.2974 0.856883 
3.61723 9.85218 -21.758 
8.87474 19.6602 -8.16663 
11.2016 18.4303 3.05991 
-3.27874 -8.83522 -21.6807 
-7.28875 -18.1717 -14.6428 
2.63672 7.38034 -23.5562 
9.17181 20.1266 -7.40574 
0.949668 2.63389 -23.3154 
9.6743 20.9137 -6.11951 
-1.66312 -4.58445 -23.5301 
6.89771 17.2361 -15.1139 
-0.8215 -2.26846 -23.9558 
-1.74773 -4.82958 -23.6054 
3.84331 10.4216 -21.4092 
4.85179 12.6753 -19.0117 
8.77058 19.9929 -9.24476 
4.06109 11.0021 -21.2281 
-5.98786 -14.9448 -16.2194 
10.9811 14.1151 6.0061 
-9.30394 -20.1246 -6.84097 
10.9478 18.2583 2.28878 
5.71301 15.1054 -18.7629 
6.30991 16.0653 -16.5327 
3.40509 9.28161 -21.9181 
2.63224 7.38894 -23.717 
-0.894134 -2.48006 -24.1951 
3.01259 8.21457 -22.127 
11.5947 17.4789 5.31938 
9.42639 19.8513 -5.77874 
8.07654 19.4111 -12.1094 
2.90739 7.99315 -22.5706 
5.13548 13.5559 -19.2148 
6.66765 16.9872 -16.1675 
4.21566 11.1759 -20.1239 
-2.35638 -6.4897 -23.1764 
1.17578 3.32112 -24.3442 
4.73362 12.6881 -20.238 
10.5513 19.0196 0.00542722 
-1.47957 -4.14643 -24.3742 
9.04218 20.4854 -8.6226 
7.96098 19.5168 -13.012 
5.46469 14.066 -17.8358 
3.99191 10.7085 -20.8047 
-2.06158 -5.67692 -23.2867 
0.340389 0.959407 -23.5228 
3.70743 10.2346 -22.349 
10.3909 20.3162 -2.12228 
-3.21823 -8.60376 -21.3608 
-0.219875 -0.577084 -23.2966 
10.0492 20.7385 -4.13866 
10.7438 20.0346 -0.343263 
6.85952 16.7752 -14.327 
-1.04859 -2.90895 -24.0895 
0.161562 0.470155 -24.1642 
-0.446162 -1.21036 -23.6563 
10.9514 19.3577 1.19911 
11.2438 18.586 3.06074 
4.92678 13.0886 -19.6862 
-9.54907 -20.671 -6.45346 
5.46164 14.5677 -19.3928 
1.13458 3.16716 -23.7004 
10.934 19.9441 0.513992 
2.13857 5.96444 -23.5375 
8.68012 19.6145 -9.09949 
-5.63413 -14.5867 -18.0526 
-2.43804 -6.68572 -22.9246 
8.8106 20.1387 -9.27942 
-2.86484 -7.7918 -22.3448 
9.41207 20.0591 -6.14177 
8.38264 19.2303 -10.0434 
4.52198 12.0492 -20.1335 
8.75877 19.2869 -8.168 
3.46445 9.39998 -21.6459 
7.65504 18.31 -12.5076 
-4.9646 -13.2144 -19.8681 
1.0827 3.06983 -24.5473 
10.8233 19.243 0.827195 
0.990196 2.78796 -24.1288 
7.29294 17.9136 -13.9643 
11.5686 15.0866 7.15766 
-0.806902 -2.26128 -24.691 
-5.10255 -13.1579 -18.4007 
4.89928 13.0362 -19.7687 
-0.564597 -1.53963 -23.6796 
8.54745 19.6353 -9.84591 
-8.98318 -20.1744 -8.51816 
10.7197 19.1752 0.496684 
8.05941 19.5937 -12.5596 
11.5989 18.7214 4.23596 
-0.476372 -1.30603 -23.9643 
2.25349 6.38354 -24.3295 
3.30439 9.16077 -22.7793 
6.4592 16.6576 -16.9111 
7.9709 19.0298 -12.0133 
7.27004 18.3896 -15.1587 
2.09852 5.85384 -23.5737 
2.45624 6.81837 -23.2349 
11.8428 15.3532 7.85209 
9.12683 20.0517 -7.5117 
9.55861 21.1575 -7.03382 
-6.77197 -17.0042 -15.5698 
-2.3333 -6.33688 -22.5549 
11.176 15.9022 5.20904 
7.37411 18.2752 -14.2038 
4.15621 11.0323 -20.2242 
-0.0699041 -0.173989 -24.0771 
-7.80675 -18.7964 -12.6392 
6.01274 15.27 -16.7453 
6.56097 16.4867 -15.7252 
10.9527 8.00256 9.88798 
-7.8668 -18.5621 -11.8379 
7.59332 18.3055 -12.8754 
8.51177 19.2598 -9.39888 
11.1057 19.0745 2.07596 
11.492 18.3126 4.21705 
8.68682 20.6616 -10.8439 
4.13347 11.2488 -21.3968 
4.97657 13.2768 -19.8267 
11.4797 18.212 4.26514 
7.31849 18.0896 -14.1746 
-9.9692 -20.5424 -4.323 
9.30808 20.1427 -6.76316 
4.47808 11.9115 -20.0801 
8.30039 19.1384 -10.3289 
-0.0770862 -0.199044 -24.652 
8.38439 19.3058 -10.1615 
1.11454 3.13116 -24.0532 
0.770695 2.18669 -24.5187 
3.06337 8.51561 -23.0458 
2.68034 7.30797 -22.261 
3.71024 9.9428 -20.9347 
-4.82301 -12.5939 -19.1723 
-6.05331 -15.7725 -17.8903 
-10.3586 -19.6565 -1.56139 
5.9317 15.3207 -17.5325 
6.92021 17.0998 -14.6473 
4.81737 12.6788 -19.3491 
8.94103 19.7381 -7.95757 
-5.48437 -14.2818 -18.4441 
4.685 12.3309 -19.4519 
8.82106 19.2615 -7.81771 
-5.39928 -14.1132 -18.6831 
7.17276 17.2205 -13.2672 
1.04942 2.94589 -23.9949 
-3.75197 -10.08 -21.2443 
3.92655 10.6097 -21.1899 
6.4464 16.4573 -16.5 
9.77066 20.8203 -5.53247 
4.78151 12.5502 -19.2622 
8.82668 19.678 -8.44084 
11.3585 18.4916 3.57841 
10.4094 21.7517 -3.83142 
9.23504 19.7355 -6.51997 
-6.55398 -16.4858 -15.8877 
10.535 19.8007 -0.92378 
0.568626 1.59858 -23.8949 
9.50317 20.153 -5.84538 
8.97312 20.6775 -9.29581 
9.70996 20.5164 -5.39434 
9.90633 20.0851 -3.92563 
-4.38045 -11.755 -20.715 
1.31042 3.64274 -23.5132 
1.76916 4.83029 -22.5866 
11.8167 15.6097 7.57253 
1.71081 4.71387 -23.0468 
-3.22811 -8.88624 -22.6755 
8.74125 20.0844 -9.55487 
-1.36012 -3.74079 -23.5609 
-7.16232 -17.979 -15.0712 
9.57672 20.2319 -5.61801 
11.6953 18.0667 5.16718 
-6.37721 -16.1814 -16.4371 
11.6316 18.6811 4.38887 
-5.12401 -13.4718 -19.1915 
3.45195 9.48482 -22.2587 
11.7056 14.2566 8.20564 
9.41872 20.1113 -6.18667 
6.17492 16.2117 -17.9839 
10.288 21.25 -3.73346 
-1.12422 -3.16411 -24.6962 
-5.27185 -13.8762 -19.1011 
11.6371 15.6913 6.91513 
1.9165 5.29355 -23.1234 
1.11966 3.12209 -23.6864 
-9.74282 -21.099 -6.12977 
9.81377 21.1479 -5.78137 
-4.52739 -12.2689 -21.051 
-1.60479 -4.43597 -23.6855 
-5.06218 -13.4059 -19.5564 
-4.94369 -13.0461 -19.5157 
-2.29328 -6.30101 -23.089 
-3.81457 -10.3191 -21.4897 
12.0532 13.7544 9.64602 
3.83936 10.5714 -22.1388 
4.56596 12.346 -20.7675 
6.51604 16.3144 -15.6299 
4.21782 11.3844 -20.934 
5.39183 14.3451 -19.3474 
-7.41979 -17.8943 -13.2268 
0.0587453 0.185225 -24.0442 
8.83503 19.9129 -8.77367 
9.08888 19.8292 -7.36424 
-6.0024 -15.6217 -17.8909 
11.4116 10.8654 9.55073 
1.68321 4.67819 -23.4706 
7.92538 19.184 -12.584 
-9.66874 -18.8967 -3.5356 
8.9116 19.4406 -7.64789 
0.289804 0.831346 -24.4306 
0.303448 0.865518 -23.8959 
6.9248 17.0636 -14.5376 
11.9057 13.0061 9.68196 
-4.25755 -11.1842 -19.896 
11.6664 16.9137 6.03481 
6.15289 15.609 -16.5627 
5.25633 14.0233 -19.592 
5.31766 14.1661 -19.4695 
11.4136 17.8485 4.35717 
11.2258 19.649 1.95331 
-9.64855 -19.2985 -4.13137 
1.05523 2.97667 -24.2602 
6.89061 17.2295 -15.1465 
-5.91872 -15.467 -18.1554 
11.3891 12.4876 8.44174 
5.61472 14.8552 -18.8884 
4.3754 11.914 -21.2477 
2.43598 6.6899 -22.6956 
11.4991 17.9452 4.57511 
-2.32343 -6.39409 -23.1533 
-2.62358 -7.18461 -22.7757 
0.891748 2.50112 -23.9216 
10.7863 19.8499 0.0333136 
9.74442 20.7828 -5.59919 
11.1347 16.8721 4.23944 
11.6837 15.7902 6.99187 
-10.4574 -20.698 -2.37534 
7.2275 17.8386 -14.23 
4.81549 12.8848 -20.0943 
-3.33955 -9.12045 -22.2411 
5.34525 14.2686 -19.5386 
1.81242 5.05508 -23.6416 
8.90565 20.7815 -9.83341 
8.45898 19.5834 -10.2379 
8.92149 19.9205 -8.34823 
9.06648 20.6447 -8.74779 
3.80392 10.1857 -20.8371 
-6.06774 -15.8436 -17.9658 
5.28805 13.9722 -19.118 
5.43579 14.5923 -19.7142 
-7.98013 -18.8746 -11.7621 
4.07255 10.9625 -20.9194 
-1.06578 -2.95291 -24.0075 
6.25586 15.8498 -16.3896 
-1.66876 -4.67702 -24.2997 
10.534 20.5701 -1.82193 
4.09346 11.0682 -21.1032 
-0.104183 -0.274024 -24.3949 
8.99912 19.4536 -7.2365 
4.44655 11.747 -19.7987 
11.4004 17.3868 4.71782 
10.5107 20.6789 -2.04915 
11.1684 18.9624 2.42136 
8.11676 18.9841 -11.0796 
3.01857 8.36364 -22.8959 
-2.28257 -6.33335 -23.5529 
4.59754 12.2085 -19.9167 
6.84382 16.8314 -14.5596 
11.4548 16.8966 5.32835 
4.22423 11.3546 -20.7527 
9.65969 20.2466 -5.25279 
6.20467 15.7702 -16.5692 
6.31059 16.3346 -17.2264 
-1.77873 -4.92841 -23.7027 
-7.80027 -18.854 -12.7951 
3.85696 10.5573 -21.8423 
0.743165 2.09976 -24.2778 
-3.20804 -8.84254 -22.7566 
-4.92765 -13.1054 -19.8699 
0.881772 2.44847 -23.3499 
1.89717 5.26437 -23.3328 
11.1268 18.8345 2.3984 
4.83536 12.7585 -19.4596 
7.54967 18.2691 -13.0728 
-0.448015 -1.23533 -24.3187 
5.47072 14.6075 -19.4455 
3.57661 9.80908 -22.1091 
-10.8245 -19.9152 0.0365473 
10.7548 8.2294 9.20233 
11.4281 19.36 3.00512 
-1.14935 -3.20493 -24.2718 
3.88218 10.5984 -21.6975 
1.99112 5.44096 -22.5857 
10.2263 19.5659 -1.9223 
5.64058 14.6244 -17.976 
10.9162 10.0301 8.61412 
5.00367 13.2264 -19.3881 
5.99698 15.4741 -17.4221 
-0.461102 -1.2746 -24.381 
-2.93973 -8.12515 -23.0299 
4.46566 11.8364 -19.9386 
9.03996 20.248 -8.25688 
11.6456 16.7581 6.09598 
3.26266 8.89995 -22.0193 
3.49823 9.53654 -21.8603 
7.74454 18.5373 -12.4124 
5.25571 13.5847 -18.19 
7.87842 18.8164 -12.153 
9.60126 20.5785 -5.99254 
-3.86894 -10.4558 -21.4184 
-8.1018 -18.7729 -10.887 
0.97811 2.78311 -24.6783 
9.15287 20.3951 -7.90694 
-1.24963 -3.44326 -23.6504 
4.19382 11.3117 -20.9246 
0.88327 2.503 -24.4379 
-8.70009 -19.8552 -9.47509 
4.8223 12.8715 -19.9854 
0.553459 1.56752 -24.195 
-2.99181 -8.15174 -22.3407 
0.917947 2.57111 -23.8376 
10.3177 20.4698 -2.61807 
11.5758 17.9086 4.88088 
-7.69467 -18.0061 -11.7948 
4.08284 10.9405 -20.6907 
10.2945 20.3614 -2.59007 
-6.48862 -16.4442 -16.2616 
-6.52077 -16.3485 -15.7991 
6.97726 17.4174 -14.9764 
9.46642 20.7897 -6.94863 
4.63697 12.4449 -20.3634 
7.25872 18.0571 -14.4958 
10.921 17.3626 3.05268 
-10.8479 -18.3838 1.71124 
6.60546 16.6675 -15.8404 
-8.2856 -19.4592 -11.0732 
-2.23167 -6.16637 -23.3854 
-8.25435 -19.2518 -10.8796 
4.11501 11.0898 -20.9448 
4.98599 13.3284 -19.9143 
9.88841 19.6707 -3.4728 
6.68957 16.7694 -15.4852 
-2.14009 -5.94737 -23.6981 
5.25836 14.0599 -19.6911 
-0.635569 -1.7887 -25.0156 
6.38305 16.0584 -15.9761 
-0.43326 -1.18727 -23.9482 
-9.21349 -19.9416 -7.01466 
-10.7706 -18.4178 1.38708 
1.75908 4.90205 -23.5875 
11.3134 12.6229 8.11842 
-0.872373 -2.41267 -24.0064 
10.4193 21.1156 -2.97808 
-1.59982 -4.3464 -22.9063 
10.9712 19.9825 0.622931 
3.433 9.43811 -22.3028 
10.1391 20.3826 -3.2872 
-2.95827 -8.03877 -22.244 
11.2911 17.7883 3.9783 
-2.16412 -5.95797 -23.2344 
5.15763 13.6489 -19.3039 
4.97135 13.2259 -19.712 
7.17405 17.5788 -14.0146 
7.71411 17.9752 -11.51 
5.49317 14.1887 -17.9516 
-10.1804 -19.4832 -2.09781 
9.39063 20.5091 -6.90315 
-7.10773 -17.8189 -15.0878 
7.98058 18.8049 -11.5288 
-2.07235 -5.66577 -22.9683 
9.05648 19.322 -6.76392 
9.45755 19.2027 -4.74334 
11.9539 15.5342 8.07511 
9.71407 20.4451 -5.27424 
-2.90892 -8.0929 -23.3623 
3.18241 8.66732 -21.9776 
9.723 20.5213 -5.33493 
10.6593 20.251 -0.928788 
4.91348 13.3186 -20.6197 
11.8287 16.0686 7.25346 
-2.47293 -6.79142 -22.9746 
8.78564 19.6274 -8.57009 
1.61151 4.5284 -24.0663 
9.47773 20.1618 -5.98598 
-10.7766 -20.3589 -0.653345 
5.28625 13.9314 -19.0084 
8.0112 19.0628 -11.8306 
6.61716 16.5283 -15.422 
3.53405 9.57249 -21.5245 
4.75764 12.7522 -20.2175 
5.11645 13.2582 -18.4343 
11.4546 20.3789 2.09975 
11.5946 16.5544 6.0863 
3.71064 10.3382 -22.8108 
10.7967 20.7136 -0.893065 
-0.0223635 -0.0417576 -24.504 
6.31217 16.2698 -17.0431 
-0.52838 -1.47224 -24.6821 
-6.16741 -15.8415 -17.1715 
5.78466 15.0435 -17.9676 
1.59691 4.43512 -23.4514 
10.4293 22.2505 -4.39376 
8.50735 19.8199 -10.3781 
10.2676 19.7756 -1.99562 
4.96888 13.2396 -19.7772 
-6.17792 -15.8719 -17.1639 
4.50236 11.9738 -20.0658 
6.32551 16.1301 -16.5796 
-5.74036 -14.6787 -17.4392 
6.01606 15.652 -17.7567 
-8.37063 -19.1831 -10.1211 
11.0486 20.1106 0.784718 
-10.0508 -20.362 -3.72294 
1.01803 2.85301 -23.8923 
11.2774 18.1824 3.56463 
11.5382 14.0546 7.81806 
11.505 15.6595 6.50865 
1.08726 3.04648 -23.9318 
0.675456 1.90018 -23.918 
-1.37091 -3.80615 -23.9584 
-4.1662 -11.1942 -20.9426 
11.5986 14.6274 7.59677 
-9.57859 -19.4506 -4.63667 
8.79391 20.1682 -9.41563 
8.14185 19.2644 -11.4504 
-0.6334 -1.74865 -24.1001 
6.15406 15.8291 -17.121 
10.0536 20.6751 -4.03775 
7.69648 18.3182 -12.2736 
10.7484 21.3895 -1.88389 
4.79499 12.6421 -19.4429 
-1.7331 -4.73159 -23.0444 
2.27244 6.34562 -23.571 
2.61536 7.07325 -21.8944 
-6.04927 -15.0806 -16.1146 
2.14431 5.9533 -23.3207 
4.51099 12.1621 -20.6852 
-4.42704 -11.8066 -20.4078 
3.63522 9.8489 -21.4869 
10.8407 19.0228 1.12396 
11.263 19.8277 1.92025 
-10.4092 -19.9485 -1.69044 
-5.39964 -14.0503 -18.491 
11.1596 11.8688 8.15518 
8.09995 18.7329 -10.7162 
-5.56337 -14.1462 -17.394 
4.13229 11.0266 -20.477 
11.4813 12.482 8.71947 
-1.52238 -4.21571 -23.7865 
-1.55557 -4.2775 -23.4718 
-3.48863 -9.4133 -21.6132 
9.62778 20.2321 -5.37463 
-4.36968 -11.6735 -20.5217 
7.58745 18.5833 -13.4792 
10.1189 21.0059 -4.18096 
7.67821 18.69 -13.1257 
5.80018 15.1482 -18.1325 
6.05437 15.4184 -16.8125 
6.74922 17.2851 -16.2875 
1.62719 4.57014 -24.0231 
11.7973 16.5453 6.77554 
3.20206 8.62564 -21.4609 
4.06357 11.2745 -22.3712 
9.93885 22.0433 -6.45048 
-0.970078 -2.72712 -24.7105 
10.9768 18.91 1.74951 
8.19428 19.0667 -10.7909 
-0.294047 -0.796936 -23.935 
-8.82547 -20.7405 -10.2771 
7.76804 18.76 -12.7075 
6.82696 17.003 -15.0694 
8.45657 18.9746 -9.20563 
8.55186 19.7533 -10.0202 
7.28374 17.53 -13.2097 
8.99009 21.164 -10.0139 
10.4464 19.9783 -1.49018 
-3.63932 -9.86153 -21.695 
9.90423 19.6948 -3.4314 
-8.73199 -20.2527 -9.97066 
-2.77037 -7.69824 -23.3847 
5.6437 14.8601 -18.6402 
9.30432 20.4043 -7.17104 
2.00269 5.59792 -23.7227 
4.05242 11.0444 -21.5064 
-4.29537 -11.5539 -20.8959 
4.24121 11.2146 -19.9933 
10.9049 18.0562 2.33177 
11.8646 17.4884 6.2434 
-1.75179 -4.80776 -23.2681 
10.5658 20.1331 -1.17978 
-5.83742 -14.9492 -17.3956 
0.63264 1.77441 -23.7365 
8.78702 20.0917 -9.32358 
7.33227 17.9171 -13.7155 
2.66339 7.40185 -23.1966 
-4.47673 -11.9427 -20.3776 
8.45852 18.7335 -8.80207 
-0.452134 -1.24204 -24.0719 
7.52408 18.28 -13.2557 
10.035 20.034 -3.29896 
7.47242 18.6149 -14.2823 
-5.7625 -14.7202 -17.3763 
5.17182 13.5382 -18.8187 
-0.107134 -0.274131 -23.6309 
-2.03934 -5.58986 -23.1129 
11.2729 20.8914 0.849434 
-4.86621 -12.8869 -19.7332 
-5.92247 -15.1824 -17.3514 
-3.58893 -9.72644 -21.7305 
0.506352 1.42852 -23.9296 
11.2191 15.9522 5.30921 
9.74351 20.8816 -5.74326 
10.0134 20.2617 -3.6819 
-1.72444 -4.79867 -23.9465 
2.12115 5.83937 -22.9048 
1.12828 3.17381 -24.1134 
-4.4355 -11.879 -20.5939 
2.7331 7.58051 -23.0647 
-9.35824 -19.6864 -5.9616 
2.57027 7.05709 -22.6389 
3.48798 9.55174 -22.0775 
8.02323 19.1829 -11.9893 
7.3481 18.1846 -14.1815 
-7.11443 -17.6361 -14.6453 
5.18575 13.5026 -18.5761 
1.71665 4.82313 -24.0281 
7.45984 18.1005 -13.2836 
-0.0264693 -0.0579854 -24.9634 
10.8873 19.6877 0.602402 
3.53124 9.54236 -21.4156 
3.02137 8.34918 -22.7666 
-0.746692 -2.07247 -24.2863 
12.026 16.6917 7.43627 
-2.74005 -7.68858 -23.8706 
7.49146 18.2096 -13.3102 
3.31439 9.11152 -22.3691 
9.71386 20.67 -5.5868 
3.06846 8.40127 -22.2941 
9.1037 19.7482 -7.16527 
7.23885 17.9053 -14.2934 
-3.53455 -9.57106 -21.7299 
7.37005 18.1409 -13.9504 
8.78461 19.689 -8.67847 
-0.129802 -0.347683 -24.6406 
7.35578 18.1727 -14.11 
-4.42626 -11.8281 -20.4985 
0.487355 1.3867 -24.3822 
-0.793922 -2.21917 -24.5456 
3.32884 9.14217 -22.3098 
0.233563 0.673116 -24.3131 
8.07286 19.4817 -12.2648 
-7.27407 -17.6591 -13.6569 
3.20312 8.86103 -22.7407 
-5.66173 -14.3807 -17.2466 
-1.9061 -5.21904 -23.11 
-8.53174 -19.2104 -9.3057 
-7.30809 -18.0672 -14.2902 
-7.41241 -18.4648 -14.4463 
11.7313 17.7757 5.53832 
-3.40237 -9.05366 -21.0451 
8.67489 19.1667 -8.39836 
0.357427 1.01405 -23.9344 
6.29808 15.9896 -16.4324 
6.57848 16.6051 -15.8878 
-2.01217 -5.66797 -24.4112 
6.95881 17.2864 -14.8121 
3.27604 8.87409 -21.695 
-4.00001 -10.9147 -21.772 
0.907461 2.5668 -24.4015 
-5.37204 -14.1591 -19.0794 
-8.0791 -18.763 -10.9883 
6.05405 15.589 -17.2769 
8.65404 19.194 -8.5461 
3.24053 8.91635 -22.4494 
10.5411 20.186 -1.34083 
9.33722 20.3681 -6.95353 
0.750027 2.13175 -24.581 
-1.36268 -3.82709 -24.5216 
-2.63121 -7.18401 -22.6251 
3.90947 10.5476 -21.1315 
-7.15809 -17.796 -14.7007 
6.3404 16.4816 -17.3828 
-11.7306 -14.2349 8.22308 
1.08784 3.04102 -23.7953 
4.92169 13.0402 -19.5564 
5.92109 15.2171 -17.3247 
11.5457 13.9852 7.89446 
2.9248 7.88507 -21.629 
1.84615 5.18624 -23.9921 
2.59516 7.20829 -23.1969 
3.03825 8.34694 -22.4721 
7.33636 18.0734 -14.0179 
10.7266 19.4931 0.185635 
-0.493714 -1.36952 -24.4684 
-3.8977 -10.6281 -21.8068 
-3.67518 -10.0065 -21.8925 
9.59187 20.7619 -6.29528 
9.04889 20.0153 -7.84294 
8.94851 20.0545 -8.41871 
5.87233 14.8951 -16.8283 
8.68527 19.8676 -9.49425 
-0.318476 -0.86119 -23.7971 
-8.06498 -18.6284 -10.8262 
1.53585 4.35097 -24.4986 
-4.75617 -12.8191 -20.6182 
10.8571 21.4766 -1.52334 
6.90188 16.7993 -14.1068 
7.21996 17.3839 -13.3083 
-3.03734 -8.38983 -22.9519 
6.81758 17.0363 -15.2111 
5.89412 15.1123 -17.2517 
3.04034 8.542 -23.5852 
-1.50557 -4.16422 -23.7398 
10.0513 20.4751 -3.79224 
8.75619 20.8531 -10.7889 
3.69825 10.15 -22.071 
6.38774 16.0386 -15.8887 
8.55726 20.0137 -10.439 
10.1751 20.0335 -2.69245 
10.7853 20.3225 -0.494874 
11.2682 11.617 8.65228 
-8.26366 -18.5525 -9.62826 
0.738364 2.05951 -23.482 
3.36162 9.33854 -22.8543 
0.76805 2.16681 -24.2205 
9.60224 20.5589 -5.95506 
-2.54949 -7.03091 -23.1494 
-1.57728 -4.34858 -23.5298 
5.6061 14.606 -18.2185 
0.953833 2.67029 -23.8357 
-0.888656 -2.46862 -24.24 
9.0029 19.6984 -7.58917 
11.0746 17.4307 3.53317 
3.52737 9.65316 -22.0248 
-0.456926 -1.2534 -24.0577 
-1.44425 -4.03047 -24.1828 
3.52054 9.50497 -21.3896 
6.15595 15.6898 -16.7382 
-1.12416 -3.07762 -23.446 
9.21542 20.9639 -8.47997 
11.8529 15.3365 7.89326 
6.89362 17.107 -14.8404 
8.5337 20.3395 -11.1508 
6.2102 16.0434 -17.246 
-4.818 -12.5916 -19.2079 
7.98808 18.8114 -11.4991 
11.8246 15.1067 7.96878 
-1.57113 -4.33171 -23.5661 
9.54042 21.1214 -7.07274 
9.78614 20.7743 -5.39307 
7.65969 18.7287 -13.3177 
2.88841 7.91108 -22.3894 
5.92762 15.5366 -18.1699 
-7.939 -18.4105 -11.1515 
10.2305 20.754 -3.35244 
1.80689 4.98399 -23.0698 
-6.07271 -15.7519 -17.6763 
11.292 19.6702 2.19088 
8.79457 19.2403 -7.91298 
11.2169 16.9515 4.45883 
4.97062 13.3834 -20.2519 
-1.30395 -3.56668 -23.3457 
-4.12831 -11.2095 -21.4408 
8.72128 19.6939 -9.01412 
10.147 19.333 -1.96634 
11.4032 20.0976 2.18554 
11.3738 18.1712 3.92225 
-2.67356 -7.29821 -22.6127 
6.0222 15.4884 -17.2559 
5.88116 14.9738 -16.9787 
-2.29594 -6.31653 -23.1556 
-4.2897 -11.5247 -20.8493 
11.4135 15.7909 6.09828 
-6.90767 -17.4125 -15.5544 
9.98097 20.2624 -3.8276 
-4.35304 -11.7782 -21.1117 
6.02461 15.1556 -16.3418 
7.83934 18.5377 -11.8544 
6.8679 16.977 -14.7258 
9.40763 20.3776 -6.62411 
1.0532 2.99888 -24.7607 
2.58234 7.10652 -22.7473 
4.40653 11.851 -20.6412 
-1.07235 -2.97381 -24.097 
-6.59606 -16.9326 -16.6656 
3.03088 8.39139 -22.8553 
7.64277 18.3877 -12.7365 
6.23273 15.9609 -16.861 
11.0881 19.4557 1.627 
-7.47525 -18.081 -13.2584 
11.9989 14.2986 9.10426 
5.96551 15.4084 -17.4986 
5.33394 13.9059 -18.5049 
4.23053 11.3498 -20.6466 
4.88088 12.9678 -19.7173 
11.6406 19.3692 3.7881 
-4.3556 -11.7169 -20.8432 
0.836605 2.3678 -24.3774 
-5.22153 -13.5175 -18.4484 
9.4678 20.5583 -6.59934 
8.70096 20.5718 -10.6125 
0.305332 0.871384 -23.9051 
8.95869 20.3023 -8.76492 
11.4306 13.1585 8.10922 
8.19439 19.0034 -10.6792 
-0.39276 -1.03825 -22.8371 
4.58402 12.2191 -20.1006 
8.86433 20.1274 -8.97796 
-9.3279 -19.7682 -6.21818 
10.8886 19.3925 0.92098 
1.27929 3.58222 -23.8703 
-6.55078 -16.2363 -15.3215 
1.20256 3.31888 -23.1411 
-3.63443 -9.7608 -21.2951 
10.3337 19.1211 -0.965732 
7.16148 17.7307 -14.4283 
9.06812 20.0384 -7.78558 
10.6751 19.0301 0.478301 
0.671153 1.90583 -24.4898 
-9.66029 -20.3856 -5.52485 
11.3659 12.8006 8.1624 
3.79532 10.2187 -21.0948 
11.2661 17.7733 3.90265 
-4.87974 -12.6323 -18.7639 
9.65076 20.1421 -5.15329 
9.02706 19.8155 -7.64755 
11.0526 18.4928 2.45209 
-6.35634 -16.3799 -17.0929 
