0.849225
9.37865 20.4612 -6.88011 
3.69269 9.92931 -21.072 
8.86662 19.4013 -7.78361 
7.28399 16.8606 -11.8352 
6.95928 16.8863 -13.8944 
-2.8679 -7.80524 -22.3971 
-4.14257 -10.8686 -19.9492 
6.77203 16.5726 -14.4252 
1.82012 5.02094 -23.0063 
-0.945122 -2.54755 -23.0235 
-0.252129 -0.634862 -22.2234 
-3.92705 -10.2996 -20.0966 
10.2946 19.5969 -1.6564 
10.6793 16.8519 2.69032 
5.9645 14.7703 -15.7696 
3.83096 10.134 -20.2541 
5.38259 14.1339 -18.737 
2.42809 6.60286 -22.1782 
2.24351 6.22722 -23.2209 
-0.2512 -0.638011 -22.598 
-8.69131 -19.5458 -9.03132 
-7.16753 -17.4043 -13.8142 
8.76084 18.9349 -7.58513 
10.4854 19.1643 -0.393643 
8.48956 19.2279 -9.4383 
-0.763057 -2.03814 -22.8341 
8.94697 19.9163 -8.191 
7.9877 18.1848 -10.3408 
2.62079 7.21769 -22.7201 
1.84861 5.09173 -22.9407 
9.58675 19.3173 -4.3065 
-0.0377562 -0.0737688 -23.685 
4.91284 12.9194 -19.2028 
-8.01397 -18.3575 -10.6545 
7.45625 18.1475 -13.3924 
0.744471 2.06049 -22.9475 
10.1366 19.771 -2.51813 
9.58915 18.2527 -2.93604 
7.81791 18.2906 -11.4876 
2.64548 7.17755 -21.9895 
8.84947 19.3626 -7.81735 
-4.72953 -12.0227 -18.1828 
8.12976 18.7261 -10.5221 
10.5803 18.6512 0.530725 
0.317167 0.898556 -22.8239 
10.2425 18.9577 -1.1236 
8.55439 18.8478 -8.48486 
9.86254 18.642 -2.29046 
8.4644 18.4577 -8.30933 
7.45922 17.5734 -12.2138 
-3.1603 -8.31627 -20.7532 
9.75425 18.6132 -2.70822 
5.44382 13.9626 -17.6772 
3.96602 10.4623 -20.017 
10.2965 19.1042 -1.07709 
-7.85002 -18.6045 -12.0315 
-2.84822 -7.70494 -22.1452 
6.12384 15.3004 -15.9516 
8.2675 18.9428 -10.1476 
9.94129 21.0867 -5.08498 
11.3173 16.9464 4.82768 
1.52742 4.17666 -22.6076 
-8.79 -18.4766 -6.9092 
-2.20879 -5.90832 -21.9837 
-2.17086 -5.82584 -22.149 
4.10478 10.924 -20.3317 
-0.668707 -1.78026 -22.8182 
-1.01329 -2.74202 -23.1003 
-0.551256 -1.48706 -23.4039 
3.95456 10.5699 -20.6374 
-1.69849 -4.59768 -22.7486 
2.03364 5.56791 -22.5952 
8.72724 19.3293 -8.37802 
0.924502 2.59048 -23.718 
11.1777 18.8147 2.61201 
1.01725 2.815 -23.0828 
-1.6377 -4.45621 -23.0249 
-2.82274 -7.49511 -21.334 
8.35424 18.6148 -9.12263 
4.90978 12.6489 -18.3323 
8.35663 18.7982 -9.42164 
-1.7597 -4.7633 -22.7236 
0.442077 1.23505 -22.8156 
1.04591 2.92057 -23.6741 
0.692605 1.92071 -23.0295 
7.3172 17.6493 -13.2355 
-2.19233 -5.95673 -22.6771 
9.7889 18.3745 -2.27012 
-1.53047 -4.03719 -21.7518 
-2.45379 -6.59623 -22.0992 
2.23821 6.06495 -22.0715 
-4.91797 -12.7737 -18.8876 
10.8405 18.1965 1.97257 
0.74756 2.12223 -24.3958 
-2.36067 -6.41294 -22.5958 
6.45633 15.9197 -15.0788 
7.42813 17.5595 -12.3655 
9.91313 19.9981 -3.76113 
6.68608 16.3969 -14.616 
7.8958 17.847 -10.2474 
1.44257 3.96935 -22.9124 
8.18073 18.6151 -10.0509 
-3.44976 -9.17861 -21.0414 
-5.38817 -14.1292 -18.8508 
3.27692 8.74261 -20.9181 
3.42112 9.09209 -20.711 
0.125468 0.373524 -23.3734 
-8.44748 -17.893 -7.65949 
10.7344 19.8092 -0.119682 
-4.0786 -10.639 -19.7623 
1.2561 3.46247 -23.0081 
1.22811 3.41714 -23.4797 
10.4665 19.606 -0.966984 
2.51547 6.89362 -22.5295 
-1.18692 -3.25926 -23.6673 
-7.02939 -17.1555 -14.1818 
-5.60907 -14.4994 -18.0308 
6.14106 15.2813 -15.7781 
5.69065 14.0476 -15.9154 
4.68568 12.0998 -18.6071 
-2.67252 -7.13605 -21.6888 
-0.258111 -0.682439 -23.5304 
-5.15717 -13.4933 -18.9753 
7.73112 18.2811 -11.974 
6.76669 16.446 -14.1828 
7.81701 17.2782 -9.64806 
4.92614 12.9839 -19.3081 
2.0964 5.70476 -22.2984 
0.520638 1.45589 -23.1465 
1.35701 3.70111 -22.4399 
-4.38969 -11.4544 -19.5224 
0.721181 2.02381 -23.6857 
3.23277 8.64245 -21.0324 
3.39807 8.93449 -20.2273 
9.39031 19.1814 -4.99888 
0.373242 1.05691 -23.4277 
1.75212 4.78996 -22.572 
5.44985 13.7034 -16.862 
-0.513166 -1.40561 -24.131 
-0.699713 -1.90534 -23.6113 
10.5095 19.5043 -0.673745 
-0.280744 -0.745911 -23.5581 
11.1289 17.4066 3.75612 
-2.31343 -6.2485 -22.3493 
6.36699 15.7156 -15.2179 
4.92028 13.1376 -19.8825 
0.172954 0.502653 -22.6802 
7.31715 17.3759 -12.6743 
-2.48178 -6.79157 -22.8674 
4.25856 11.3471 -20.2822 
-2.89521 -7.75849 -21.6835 
3.40104 9.05455 -20.7772 
10.7417 8.09381 9.26711 
10.7812 20.2203 -0.38542 
9.81009 19.8885 -4.07835 
3.98906 10.5956 -20.3271 
11.5926 15.5808 6.86429 
8.74474 18.6098 -7.17077 
-3.42657 -9.08779 -20.9277 
-6.9134 -16.3497 -13.2103 
4.99809 13.0054 -18.6848 
8.223 17.8699 -8.56366 
-2.83652 -7.71633 -22.4085 
5.00856 13.0807 -18.8335 
-1.95849 -5.30025 -22.6028 
10.7383 16.74 2.99159 
3.87997 10.4329 -20.9623 
3.14274 8.37374 -20.9364 
-5.71278 -14.4633 -17.0898 
3.65016 9.93615 -21.6725 
6.7042 16.1298 -13.8839 
-1.86113 -5.13072 -23.4803 
0.822942 2.28351 -23.1013 
1.55725 4.24496 -22.4652 
-1.37515 -3.81799 -24.0257 
-5.65273 -14.5493 -17.8101 
6.78115 16.8663 -15.0508 
4.17616 11.0457 -20.0076 
-1.27465 -3.45257 -22.985 
-4.98782 -12.7973 -18.3286 
2.6978 7.43931 -22.7374 
6.29547 15.7063 -15.7021 
7.0738 16.7633 -12.8937 
-4.33923 -11.4007 -19.8602 
9.04211 19.3043 -6.78904 
1.51817 4.20588 -23.2515 
7.6709 18.5805 -12.9326 
-8.77219 -19.0758 -7.88676 
2.41379 6.62071 -22.5764 
8.14723 18.3997 -9.85353 
9.33096 20.2043 -6.72733 
1.79765 4.92416 -22.6872 
6.22963 15.4594 -15.5772 
4.78076 12.4734 -18.9841 
7.90341 19.0025 -12.3505 
10.9581 13.0352 6.75665 
2.63277 7.12434 -21.8691 
5.68684 14.4996 -17.2001 
-1.51012 -4.02735 -22.2139 
8.44104 19.4222 -10.0368 
-1.56427 -4.25195 -23.0254 
-2.42629 -6.54433 -22.2381 
2.73872 7.49098 -22.3389 
11.1743 18.8317 2.58383 
4.80349 12.5468 -19.0115 
3.15345 8.66272 -22.3621 
3.20252 8.53223 -20.8964 
-1.54976 -4.24868 -23.3668 
6.00805 15.3115 -16.871 
10.4057 18.706 -0.20177 
6.37607 15.6557 -15.0087 
-1.56927 -4.24528 -22.805 
9.86313 19.5802 -3.45109 
0.711239 2.01557 -24.1737 
4.29123 11.4839 -20.4668 
4.52004 11.847 -19.3734 
3.63071 9.59553 -20.3163 
0.747467 2.07017 -23.0485 
-0.462631 -1.23941 -23.3552 
7.2437 17.0542 -12.4619 
7.77542 18.6993 -12.5241 
3.5887 9.45631 -20.2077 
5.85791 15.0863 -17.4566 
9.00988 19.6748 -7.50086 
5.67642 14.488 -17.2524 
3.18203 8.46269 -20.8171 
-1.31678 -3.52712 -22.4867 
-9.55067 -19.5016 -4.83763 
9.19964 20.1346 -7.26458 
1.72129 4.76224 -23.1657 
2.70412 7.43033 -22.5765 
7.85379 18.483 -11.6494 
-1.36853 -3.6354 -22.1326 
2.8927 7.77446 -21.4403 
-6.07603 -15.2887 -16.4603 
3.72425 9.89805 -20.5027 
5.85844 14.6275 -16.1948 
1.9991 5.54674 -23.2588 
-7.05803 -16.9045 -13.4642 
4.07383 10.8735 -20.4833 
-6.39999 -15.2372 -14.0595 
8.17226 18.5112 -9.92103 
-8.3498 -19.742 -11.227 
-6.47647 -15.5676 -14.3177 
6.44782 16.1786 -15.7795 
10.5503 18.7835 0.279606 
6.64152 16.2075 -14.4729 
9.61133 19.4936 -4.44149 
-0.450694 -1.20881 -23.4359 
9.46861 20.0643 -5.87184 
1.92764 5.25272 -22.4011 
9.85216 20.4475 -4.63422 
-6.70424 -16.8779 -15.765 
4.64007 12.0528 -18.8926 
1.67766 4.73558 -24.1939 
1.08421 3.01263 -23.3686 
5.14846 13.5243 -18.9706 
3.18082 8.58143 -21.5017 
10.3828 20.2534 -2.06532 
10.2366 19.5995 -1.89021 
4.9036 12.611 -18.255 
-4.03851 -10.1628 -18.3861 
4.36353 11.2542 -18.8015 
4.60766 12.1827 -19.6841 
4.85853 12.8991 -19.6749 
-4.58539 -11.6207 -18.2235 
5.5753 14.1493 -17.112 
4.83712 12.6763 -19.1151 
10.6821 18.4127 1.1682 
0.278279 0.788007 -22.8002 
8.42559 18.8022 -9.07118 
4.87188 12.8513 -19.3807 
9.49437 19.2937 -4.69345 
2.81618 7.62223 -21.8233 
7.35274 17.2952 -12.2827 
9.97664 19.235 -2.53623 
-2.56687 -6.82399 -21.5498 
-5.82892 -14.9328 -17.4406 
2.03186 5.63493 -23.21 
7.61373 17.8582 -11.8511 
0.734739 2.01845 -22.4711 
8.0533 18.8327 -11.1504 
-1.2925 -3.48734 -22.8418 
5.5159 14.1118 -17.5078 
-0.638589 -1.71736 -23.1167 
-1.3567 -3.67271 -22.9433 
2.99664 8.08487 -21.5927 
3.83306 10.0237 -19.7612 
7.20108 17.3674 -13.3708 
3.16664 8.5476 -21.5413 
-4.804 -12.0956 -17.7466 
10.3044 16.2492 1.94473 
-7.75708 -17.9706 -11.3827 
9.7321 18.8048 -3.03762 
4.48423 11.9768 -20.2374 
5.01834 12.9845 -18.4183 
2.65093 7.17141 -21.871 
2.02608 5.63435 -23.3758 
-0.693828 -1.87393 -23.375 
2.34601 6.33673 -21.887 
10.5093 19.1886 -0.32253 
7.91891 17.9787 -10.3419 
6.52717 16.3583 -15.6402 
2.25674 6.14572 -22.3011 
4.03842 10.7056 -20.2078 
5.29674 13.7751 -18.4028 
3.31492 8.75774 -20.4781 
-1.83047 -4.95418 -22.6973 
0.90313 2.52345 -23.5779 
3.70267 9.93707 -20.9743 
9.21755 18.7702 -5.21515 
-1.14203 -3.13605 -23.6731 
7.43201 17.9139 -13.0636 
6.39056 16.2994 -16.4968 
4.33663 11.2369 -19.0146 
3.12527 8.34687 -21.0497 
-1.60202 -4.32932 -22.7076 
0.261016 0.738362 -22.6232 
2.87017 7.88406 -22.4986 
8.88606 19.327 -7.57748 
-2.52779 -6.66013 -21.1825 
-0.175427 -0.431629 -22.3829 
8.4724 19.1635 -9.42564 
9.29344 19.5935 -6.01988 
5.52945 13.8356 -16.6001 
-0.813329 -2.20152 -23.2895 
0.12175 0.363294 -23.2812 
-0.349984 -0.913656 -22.7678 
9.59683 19.4606 -4.45948 
10.0013 19.3805 -2.61992 
3.86619 10.2958 -20.5391 
-7.95173 -18.5352 -11.3221 
4.27444 11.4903 -20.6814 
0.875662 2.41852 -22.9017 
9.50496 19.7785 -5.30251 
1.65102 4.55496 -22.9973 
7.14996 17.0707 -13.0705 
-4.46145 -11.6205 -19.3934 
-1.89705 -5.11374 -22.4661 
7.22647 17.4849 -13.4692 
-2.23568 -5.9862 -22.0416 
7.8782 18.0786 -10.7481 
6.87745 16.5642 -13.7243 
3.54685 9.44296 -20.7041 
7.27406 16.9707 -12.1116 
2.70179 7.27915 -21.6184 
6.20535 15.3722 -15.5333 
-3.89431 -10.3689 -20.7584 
0.830304 2.32938 -23.7717 
9.47626 19.2343 -4.68706 
0.761442 2.12306 -23.3217 
5.86222 14.826 -16.7046 
10.7921 17.6662 2.31937 
-0.62341 -1.70325 -23.8777 
-4.05168 -10.4452 -19.3035 
3.84226 10.2486 -20.6055 
-0.441627 -1.16445 -22.8016 
7.00541 16.9462 -13.7328 
-7.40861 -17.6585 -12.8386 
9.37572 19.0665 -4.90971 
6.48705 16.4367 -16.1227 
10.3553 19.9384 -1.80521 
-0.371835 -0.985627 -23.0896 
1.72847 4.84624 -23.8635 
2.55493 7.03389 -22.72 
5.11022 13.4191 -18.9863 
6.45923 16.0542 -15.39 
5.7813 15.0494 -17.9953 
1.62009 4.46878 -23.0212 
1.89978 5.21666 -22.7996 
11.0426 18.2249 2.6945 
7.57472 17.7708 -11.9053 
7.90079 18.8358 -12.0366 
-5.40954 -13.8516 -17.8564 
-1.82321 -4.85736 -22.04 
10.2751 17.6478 0.425011 
5.90673 15.0908 -17.0687 
3.26686 8.63804 -20.5441 
-0.0574666 -0.124869 -23.189 
-6.31254 -15.748 -15.865 
4.79008 12.3167 -18.3495 
5.24044 13.4223 -17.804 
11.1003 12.0195 7.90338 
-6.40538 -15.6789 -15.044 
6.13939 15.3118 -15.8658 
7.01243 16.7087 -13.1709 
9.79451 19.4918 -3.63254 
10.2958 19.5484 -1.59849 
7.03156 17.6321 -15.0751 
3.21688 8.72816 -21.7676 
3.89826 10.4332 -20.7294 
10.2957 19.4721 -1.50781 
5.86887 14.9414 -16.9681 
-8.41379 -18.9348 -9.49063 
7.75717 18.0121 -11.3132 
3.51501 9.33933 -20.6158 
6.80013 16.4348 -13.935 
-0.0623185 -0.144091 -23.7854 
6.87016 16.6074 -13.8617 
0.857991 2.38449 -23.2644 
0.590692 1.66114 -23.6951 
2.36664 6.52481 -22.8741 
2.08797 5.63179 -21.8755 
2.90709 7.74127 -21.0122 
-3.8133 -9.93274 -19.9037 
-4.77662 -12.5876 -19.6209 
-8.93619 -18.8825 -6.80297 
4.69618 12.2737 -19.1211 
5.55637 14.0613 -17.021 
3.79496 10.0002 -20.0941 
7.41428 17.4051 -12.1395 
-4.33453 -11.3397 -19.6784 
3.69146 9.71736 -20.1021 
7.34397 17.0192 -11.7974 
-4.2618 -11.1834 -19.8594 
5.81527 14.349 -15.7894 
0.808065 2.24489 -23.1924 
-2.93884 -7.81481 -21.3583 
3.06555 8.2448 -21.414 
5.11994 13.3054 -18.5256 
8.16702 18.8897 -10.6155 
3.77103 9.90513 -19.9737 
7.29917 17.2552 -12.5279 
10.1331 19.4795 -2.17453 
8.7296 20.1419 -9.69991 
7.72901 17.7089 -10.9119 
-5.23498 -13.39 -17.9652 
9.10237 19.2055 -6.35487 
0.437278 1.22154 -23.0259 
7.96379 18.2293 -10.545 
7.3352 17.943 -13.7345 
8.13959 18.6551 -10.3491 
8.40114 18.6358 -8.92086 
-3.42877 -9.15811 -21.2134 
1.01326 2.78407 -22.7418 
1.37808 3.71466 -21.8913 
10.9821 18.3474 2.35104 
1.32771 3.61295 -22.3538 
-2.50521 -6.81592 -22.5673 
7.15874 17.3855 -13.683 
-1.05841 -2.84297 -22.8004 
-5.71541 -14.7157 -17.7611 
8.03262 18.3513 -10.3944 
10.539 19.6829 -0.75363 
-5.07951 -13.0777 -18.3763 
10.3946 19.9585 -1.6694 
-4.03776 -10.6284 -20.1672 
2.67834 7.31121 -22.2548 
11.0437 17.3292 3.53413 
7.87896 18.114 -10.8115 
4.85502 12.94 -19.852 
8.66254 19.7231 -9.35945 
-0.866425 -2.38693 -23.9328 
-4.15103 -10.9575 -20.1962 
10.7847 18.1423 1.81947 
1.48574 4.0546 -22.4935 
0.864665 2.38352 -22.8844 
-8.10554 -18.9849 -11.2629 
8.17282 19.1181 -10.9855 
-3.52884 -9.53576 -21.6762 
-1.2458 -3.37051 -22.9881 
-3.97806 -10.546 -20.5058 
-3.89145 -10.264 -20.3654 
-1.78329 -4.81288 -22.5825 
-2.97899 -7.98819 -21.6557 
11.4706 17.5168 4.86097 
2.9749 8.15686 -22.3589 
3.56003 9.62904 -21.4092 
5.21219 13.2933 -17.6519 
3.29281 8.86629 -21.3364 
4.22474 11.3179 -20.5702 
-6.0036 -14.9046 -16.0299 
0.041921 0.148107 -23.1549 
7.27962 17.3915 -12.9248 
7.56133 17.6081 -11.6742 
-4.73912 -12.467 -19.5711 
11.1894 14.6655 6.26953 
1.30159 3.57503 -22.7872 
6.39196 16.0904 -15.9695 
-8.29839 -17.6599 -8.0268 
7.41912 17.2098 -11.7348 
0.220555 0.635761 -23.5622 
0.231321 0.665694 -23.0083 
5.56571 14.0456 -16.9054 
11.4169 16.8115 5.28047 
-3.36204 -8.76431 -20.2593 
10.657 18.9406 0.512816 
4.90221 12.6104 -18.2901 
4.11518 11.0417 -20.7133 
4.16507 11.1656 -20.6357 
10.2729 19.1653 -1.24294 
9.84824 19.9816 -4.03534 
-8.22669 -17.8719 -8.71499 
0.810913 2.26378 -23.469 
5.50899 14.1023 -17.5355 
-4.66662 -12.3154 -19.7743 
10.9484 15.7238 4.61757 
4.40695 11.7655 -20.2802 
3.40298 9.25644 -21.7782 
1.89236 5.13929 -22.2291 
10.35 19.3391 -1.13088 
-1.80549 -4.88188 -22.6608 
-2.04217 -5.50199 -22.386 
0.686811 1.90782 -23.0917 
9.36117 19.5411 -5.62665 
8.1436 18.8411 -10.6515 
10.1062 18.1991 -0.816958 
10.8204 18.2695 1.82406 
-8.91133 -19.5935 -7.99219 
5.80052 14.7267 -16.9197 
3.76884 10.1027 -20.8854 
-2.59982 -7.01775 -22.1708 
4.18309 11.2402 -20.7337 
1.39951 3.85737 -23.0015 
7.25082 17.9256 -14.249 
6.91682 16.8297 -14.0537 
7.37136 17.4827 -12.5619 
7.43869 18.0256 -13.2464 
2.98103 7.9369 -20.966 
-4.78389 -12.6366 -19.717 
4.15545 11.0446 -20.2345 
4.24359 11.4797 -21.0021 
-6.48978 -15.9547 -15.1084 
3.18373 8.53705 -21.2231 
-0.827047 -2.23642 -23.2073 
4.98522 12.8262 -18.2073 
-1.28773 -3.54036 -23.6439 
9.00586 19.6413 -7.47021 
3.1941 8.60819 -21.4312 
-0.0833336 -0.201216 -23.5191 
7.51121 17.3072 -11.3879 
3.4999 9.23048 -20.2947 
10.3183 18.8673 -0.724919 
8.96776 19.6745 -7.70794 
9.87457 19.5064 -3.30825 
6.62142 16.1725 -14.5343 
2.33524 6.41577 -22.6951 
-1.76772 -4.82243 -23.0625 
3.6105 9.58495 -20.5301 
5.50575 13.8514 -16.8382 
10.4382 18.6409 -0.00500587 
3.30343 8.85425 -21.1487 
8.11908 18.4511 -10.0972 
4.93904 12.7419 -18.3505 
4.98739 13.1227 -19.1719 
-1.3791 -3.7462 -23.0534 
-6.29876 -15.7712 -16.0305 
2.99571 8.164 -22.0576 
0.570554 1.59818 -23.4417 
-2.48841 -6.77792 -22.6418 
-3.86695 -10.2823 -20.7302 
0.681811 1.87644 -22.497 
1.46784 4.02702 -22.7056 
9.84686 19.3798 -3.25613 
3.80536 10.0533 -20.2253 
6.0967 15.2516 -16.0308 
-0.348973 -0.929328 -23.4552 
4.27982 11.5157 -20.7455 
2.77684 7.56918 -22.1687 
-9.39551 -19.5968 -5.67361 
10.8619 11.905 7.2526 
10.0963 20.0813 -3.07895 
-0.88938 -2.42374 -23.4966 
3.0184 8.20495 -21.921 
1.55033 4.18363 -21.9569 
8.80515 18.7038 -7.03194 
4.46203 11.6707 -19.324 
10.7846 13.3995 5.95015 
3.93362 10.4301 -20.284 
4.74888 12.4089 -19.0659 
-0.358725 -0.959003 -23.5208 
-2.27846 -6.21464 -22.7942 
3.51036 9.28999 -20.4565 
7.45825 17.7845 -12.6369 
10.6552 18.8178 0.642688 
2.53963 6.87159 -21.9007 
2.72289 7.37256 -21.8624 
6.27455 15.5775 -15.5414 
4.16577 10.82 -19.2138 
6.38528 15.8526 -15.4247 
8.01646 18.5684 -10.8785 
-3.02251 -8.09799 -21.6142 
-6.63306 -16.0151 -14.2829 
0.748811 2.11117 -23.8903 
7.56086 17.9851 -12.4063 
-0.971664 -2.6157 -22.8705 
3.2752 8.80965 -21.3099 
0.677303 1.90256 -23.6264 
-7.14422 -17.196 -13.5186 
3.77791 10.1003 -20.7746 
0.424163 1.19612 -23.3359 
-2.3325 -6.26494 -22.0974 
0.707356 1.96258 -23.0084 
8.78961 19.3275 -8.05448 
10.4346 19.4223 -0.881728 
-6.28696 -15.2162 -14.7731 
3.19738 8.53582 -20.9887 
8.77862 19.2374 -7.97697 
-5.16909 -13.3117 -18.3031 
-5.21537 -13.2883 -17.8326 
5.5803 14.2788 -17.4482 
7.84734 18.5349 -11.7848 
3.62575 9.73722 -21.034 
5.80821 14.8698 -17.251 
9.81809 18.2308 -1.97991 
-9.61345 -18.723 -3.56669 
5.26717 13.5557 -17.978 
-6.74772 -16.5655 -14.747 
-1.73145 -4.69999 -22.8692 
-6.73913 -16.4237 -14.484 
3.21519 8.63477 -21.2781 
3.90254 10.4661 -20.8302 
8.43334 18.381 -8.34203 
5.34618 13.6824 -17.6815 
-1.65657 -4.52299 -23.1629 
4.11311 11.0619 -20.821 
-0.49034 -1.34316 -24.1947 
5.09856 13.0426 -17.8885 
-0.338256 -0.896069 -23.0698 
-7.683 -17.7721 -11.4429 
-9.52765 -18.6473 -3.83656 
1.35872 3.74286 -22.9299 
10.8513 15.7082 4.30413 
-0.677649 -1.82622 -23.176 
8.81763 19.807 -8.6799 
-1.25098 -3.31916 -22.1763 
9.53921 19.8487 -5.23784 
2.66313 7.27241 -22.2904 
8.61139 19.068 -8.5512 
-2.30907 -6.18159 -21.98 
10.1523 18.9668 -1.49658 
-1.68168 -4.5458 -22.6879 
4.05156 10.7719 -20.3218 
3.89862 10.402 -20.6027 
5.77364 14.5426 -16.6185 
6.30932 15.2474 -14.4911 
4.35307 11.3246 -19.1645 
-8.7691 -18.5734 -7.14586 
7.80063 18.3008 -11.6092 
-5.67548 -14.5823 -17.7143 
6.49649 15.9454 -14.8584 
-1.61528 -4.32942 -22.3793 
7.58874 17.2927 -10.9224 
8.03211 17.6463 -9.16036 
11.1345 18.4975 2.76055 
8.1526 18.6214 -10.2135 
-2.24848 -6.1755 -23.1274 
2.47892 6.69431 -21.8153 
8.1527 18.6743 -10.3014 
9.17743 19.6137 -6.59449 
3.82491 10.4005 -21.5221 
10.9353 18.6474 1.86831 
-1.92292 -5.19315 -22.532 
7.26135 17.1857 -12.6163 
1.2406 3.44518 -23.3876 
7.93583 18.2037 -10.6684 
-9.29001 -19.7887 -6.45014 
4.15832 11.0218 -20.1155 
6.49843 16.1129 -15.2394 
5.29634 13.4934 -17.5335 
2.75771 7.41983 -21.5301 
3.72133 9.98907 -20.9712 
4.05279 10.5364 -19.358 
9.99623 20.7043 -4.32101 
10.6284 18.6203 0.743646 
2.8618 7.93635 -22.9861 
9.26486 20.0438 -6.81167 
-0.0206807 -0.0242307 -23.6314 
4.99668 13.0915 -18.9748 
-0.409586 -1.10636 -23.8385 
-4.89231 -12.7199 -18.9574 
4.56919 12.0069 -19.4494 
1.23527 3.38985 -22.7444 
8.69009 20.4331 -10.4162 
6.94014 17.0056 -14.283 
8.82277 18.8736 -7.19749 
3.89425 10.408 -20.6704 
-4.90003 -12.7457 -18.9602 
3.53433 9.38841 -20.6179 
5.02758 13.0316 -18.4855 
-4.56623 -11.7542 -18.8307 
4.74868 12.5159 -19.446 
-6.87237 -16.4997 -13.783 
9.60469 20.0179 -5.18264 
-8.52248 -18.9285 -8.90806 
0.784389 2.17613 -23.0808 
10.0877 19.1847 -2.02086 
10.8961 16.961 3.34937 
10.6508 17.9408 1.53385 
0.837948 2.32182 -23.1335 
0.519272 1.45178 -23.0607 
-1.06244 -2.88624 -23.216 
-3.26074 -8.7035 -21.3053 
10.8835 17.4155 2.88718 
-8.13314 -17.8842 -9.20807 
7.20504 17.4838 -13.601 
6.61475 16.346 -14.987 
-0.492666 -1.3208 -23.2445 
4.87729 12.7278 -18.8971 
8.48484 19.1329 -9.31114 
6.24902 15.4156 -15.3245 
9.13081 20.3606 -7.95232 
3.77484 9.96392 -20.1767 
-1.35213 -3.61186 -22.3555 
1.75339 4.84427 -23.08 
2.0441 5.4661 -21.465 
-4.8547 -12.217 -17.6924 
1.65864 4.55304 -22.7734 
3.52174 9.49044 -21.2808 
-3.47366 -9.21958 -20.9208 
2.83609 7.63593 -21.5489 
9.52239 19.1268 -4.34023 
9.86467 20.1354 -4.15624 
-8.9533 -19.1108 -7.05621 
-4.26965 -11.1507 -19.6536 
10.7913 14.9902 4.70609 
6.63354 16.022 -14.1009 
-4.4369 -11.3291 -18.6195 
3.24141 8.61659 -20.7954 
11.0456 15.8471 4.82898 
-1.18098 -3.20103 -23.0724 
-1.21034 -3.25411 -22.7534 
-2.7289 -7.27585 -21.593 
8.08676 18.4097 -10.1906 
-3.42659 -9.10772 -21.0009 
6.10002 15.4513 -16.5303 
8.51369 19.3893 -9.59783 
6.185 15.5937 -16.2524 
4.57367 12.0743 -19.642 
4.81768 12.4298 -18.4633 
5.3497 14.0024 -18.6249 
1.25287 3.47842 -23.3468 
10.8408 18.8978 1.2595 
2.50533 6.68736 -21.2836 
3.13773 8.68512 -22.7491 
8.19727 19.7393 -11.9934 
-0.748154 -2.05613 -23.9215 
9.68004 19.2286 -3.79744 
6.69479 16.2924 -14.3131 
-0.231001 -0.598548 -23.0481 
-7.17189 -17.7972 -14.6251 
6.27324 15.7173 -15.9017 
5.46711 13.9262 -17.3787 
6.98761 16.5005 -12.8724 
6.99586 17.0148 -13.9387 
5.898 14.616 -15.8579 
7.29526 18.2149 -14.5854 
8.98661 19.2014 -6.89712 
-2.84108 -7.62022 -21.7659 
8.44706 18.4137 -8.31963 
-7.13057 -17.4405 -14.1335 
-2.1429 -5.8721 -23.0868 
4.43769 11.7942 -20.0409 
7.72138 18.1505 -11.7852 
1.54498 4.2682 -23.1444 
3.15216 8.56318 -21.8295 
-3.3596 -8.98761 -21.3446 
3.33832 8.79697 -20.3572 
9.71254 18.6309 -2.89786 
10.7893 19.5704 0.356528 
-1.36367 -3.66496 -22.5935 
9.09358 19.4321 -6.73156 
-4.63963 -11.9769 -18.8754 
0.486917 1.35783 -22.8679 
7.20683 17.4364 -13.4853 
5.9042 14.8646 -16.4769 
2.05855 5.66551 -22.8457 
-3.51185 -9.32889 -20.9249 
7.01917 16.368 -12.4114 
-0.352644 -0.936543 -23.1995 
6.06783 15.2331 -16.2022 
8.54409 18.7525 -8.38322 
5.97238 15.3593 -17.2775 
-4.58543 -11.7937 -18.7834 
4.08007 10.726 -19.8151 
-0.0867233 -0.201295 -22.7268 
-1.58798 -4.26654 -22.519 
9.74256 20.7529 -5.55517 
-3.82568 -10.121 -20.5355 
-4.70445 -12.1691 -18.9092 
-2.80175 -7.5137 -21.774 
0.388614 1.09275 -23.0565 
10.314 17.7348 0.474561 
8.13065 18.8934 -10.8208 
8.493 18.8563 -8.81062 
-1.33473 -3.64079 -23.2917 
1.64644 4.47959 -22.3321 
0.868083 2.41602 -23.3294 
-3.47444 -9.26278 -21.1241 
2.114 5.80808 -22.7385 
-7.86891 -17.7821 -10.4306 
1.99668 5.42345 -22.2239 
2.70989 7.37272 -22.0848 
6.49707 16.1872 -15.4337 
5.88947 15.0191 -17.0121 
-5.70455 -14.4912 -17.234 
4.09943 10.719 -19.5674 
1.32153 3.67057 -23.3763 
6.01986 15.0803 -16.1542 
-0.0231132 -0.037714 -24.108 
9.488 19.5714 -5.09783 
2.75815 7.40253 -21.4141 
2.33999 6.41054 -22.561 
-0.57936 -1.56436 -23.4502 
11.0592 19.3198 1.66684 
-2.11079 -5.84532 -23.5811 
6.04095 15.167 -16.2229 
2.57159 7.01672 -22.295 
8.12493 18.7447 -10.5851 
2.38536 6.47301 -22.0894 
7.58695 17.5802 -11.4654 
5.8047 14.7736 -17.004 
-2.76049 -7.39304 -21.742 
5.91842 15.0156 -16.7826 
7.25287 17.217 -12.7392 
-0.102887 -0.256536 -23.7744 
5.89925 15.019 -16.9419 
-3.47029 -9.22999 -21.0164 
0.372697 1.05729 -23.5245 
-0.61401 -1.67347 -23.7252 
2.58378 7.04364 -22.2407 
0.177173 0.516754 -23.438 
6.51481 16.3916 -15.8099 
-5.87436 -14.647 -16.3308 
2.47923 6.80459 -22.6256 
-4.51607 -11.5331 -18.5502 
-1.48505 -3.98317 -22.474 
-7.04203 -16.6738 -13.0788 
-5.86219 -14.8962 -17.0742 
-5.9273 -15.2023 -17.3758 
10.6139 19.5557 -0.321196 
-2.67674 -7.02609 -20.9482 
7.1987 16.8211 -12.2557 
0.273392 0.777629 -23.0511 
5.01452 12.9343 -18.2968 
5.24541 13.4987 -18.0002 
-1.54887 -4.28924 -23.8627 
5.57601 14.1924 -17.2458 
2.55737 6.86735 -21.5673 
-3.11195 -8.43289 -22.0709 
0.696544 1.95048 -23.592 
-4.22692 -11.1828 -20.2596 
-6.60966 -15.9902 -14.368 
4.79725 12.5168 -18.9653 
7.17295 16.8159 -12.3962 
2.51357 6.86228 -22.34 
9.06089 19.4331 -6.88664 
7.76081 18.1669 -11.5831 
0.574369 1.61913 -23.7572 
-1.05096 -2.89119 -23.7994 
-2.05056 -5.50776 -22.232 
3.05415 8.20007 -21.3415 
-5.73262 -14.6155 -17.3471 
5.00249 13.2226 -19.3723 
-11.0751 -17.3188 3.54201 
0.839147 2.3203 -22.9919 
3.86614 10.2694 -20.3974 
4.69675 12.213 -18.887 
10.9129 16.9279 3.44307 
2.28832 6.10513 -21.324 
1.42123 3.94774 -23.3762 
2.00639 5.51728 -22.8169 
2.35866 6.42275 -22.261 
5.88996 14.951 -16.8169 
9.34296 19.2615 -5.31935 
-0.383433 -1.03062 -23.614 
-3.03371 -8.20868 -22.0418 
-2.8633 -7.72154 -21.9951 
7.98406 18.6593 -11.2217 
7.49585 17.6696 -12.1711 
7.38394 17.5844 -12.6849 
4.68181 12.0056 -18.3043 
7.12497 17.2116 -13.5308 
-0.250393 -0.647616 -22.9063 
-6.61074 -15.9034 -14.1654 
1.17835 3.30023 -23.8176 
-3.71376 -9.99808 -21.3906 
9.23441 20.5442 -7.71484 
5.57258 13.8838 -16.4048 
5.84662 14.4799 -15.891 
-2.35444 -6.42104 -22.7598 
5.453 13.9353 -17.5237 
4.67981 12.1364 -18.7823 
2.33844 6.52005 -23.4273 
-1.16855 -3.16275 -23.0198 
8.50702 19.0179 -9.00953 
7.08291 17.8036 -15.1154 
2.86996 7.83492 -22.2007 
5.10592 13.0371 -17.7985 
6.97037 17.1589 -14.4242 
8.69264 18.9147 -7.89025 
9.30133 19.8095 -6.29087 
10.9385 14.9724 5.21217 
-6.83417 -16.0473 -13.071 
0.569661 1.57839 -22.6155 
2.59683 7.16636 -22.8297 
0.590076 1.64955 -23.3853 
8.01975 18.5604 -10.8367 
-1.97896 -5.36954 -22.7454 
-1.22563 -3.30879 -22.8193 
4.42675 11.6322 -19.5529 
0.735227 2.03781 -23.0118 
-0.68907 -1.86525 -23.4208 
7.48533 17.4468 -11.8048 
9.97105 18.4668 -1.6471 
2.74112 7.45393 -22.0519 
-0.356657 -0.944702 -23.1851 
-1.11679 -3.05205 -23.4658 
2.75091 7.37432 -21.3805 
4.89577 12.6576 -18.4842 
-0.876722 -2.33941 -22.6343 
7.5591 18.3548 -13.1692 
11.0554 18.2272 2.73286 
5.52668 14.0423 -17.2033 
6.90637 17.3041 -15.1988 
4.91287 12.8866 -19.0896 
-3.80803 -9.92858 -19.9379 
6.5038 15.9557 -14.8348 
11.0561 18.0406 2.91029 
-1.22099 -3.29409 -22.8554 
7.88588 18.7955 -12.0519 
8.18898 18.883 -10.4764 
6.16042 15.5968 -16.4428 
2.24546 6.09106 -22.1028 
4.66641 12.3801 -19.8048 
-6.50167 -15.6623 -14.3643 
8.66242 19.3829 -8.79403 
1.40156 3.81952 -22.405 
-4.80005 -12.594 -19.409 
9.91476 20.0829 -3.8643 
7.31807 16.9818 -11.8694 
10.1821 18.3569 -0.69081 
3.87935 10.482 -21.1775 
-1.01715 -2.71377 -22.5648 
-3.21744 -8.68372 -21.8066 
7.18444 17.1555 -13.0326 
8.74999 18.4805 -6.94759 
9.97763 20.4752 -4.10161 
10.1901 19.3057 -1.74412 
-2.08376 -5.59517 -22.2368 
4.7745 12.4384 -18.9112 
4.68216 12.0529 -18.4748 
-1.78444 -4.82222 -22.6529 
-3.35688 -8.96768 -21.2912 
10.5382 17.8972 1.15638 
-5.50767 -14.1879 -17.9939 
8.45859 18.8191 -8.93035 
-3.39612 -9.1487 -21.614 
4.81644 12.2684 -17.9246 
6.37668 15.6663 -15.0381 
5.51443 13.9498 -17.0479 
7.83465 18.2486 -11.3093 
0.806195 2.27241 -23.9882 
2.00416 5.45706 -22.3421 
3.44417 9.25068 -21.1586 
-0.831964 -2.24988 -23.3012 
-5.22759 -13.6598 -18.8598 
2.34549 6.43883 -22.6586 
6.18283 15.4018 -15.7733 
4.94713 12.8622 -18.6948 
9.72794 19.693 -4.1807 
-6.04104 -15.0558 -16.1338 
11.3427 17.7834 4.17514 
4.72251 12.3478 -19.1176 
4.21333 11.0461 -19.6173 
3.31072 8.85874 -21.0413 
3.83024 10.1988 -20.536 
10.3169 20.375 -2.49516 
-3.4061 -9.11949 -21.3315 
0.641864 1.80057 -23.557 
-4.13873 -10.7287 -19.4541 
7.8768 18.4119 -11.3769 
7.05748 17.5987 -14.8317 
0.232683 0.670276 -23.018 
7.36496 17.7276 -13.1 
10.9025 16.2243 4.02646 
6.70257 16.2578 -14.1865 
-0.311674 -0.785351 -21.9146 
3.59455 9.57919 -20.7151 
7.28528 17.5345 -13.2026 
-7.82643 -17.7961 -10.686 
9.52629 19.4022 -4.69343 
0.986157 2.73122 -23.1063 
-5.26138 -13.2537 -17.3426 
0.932566 2.54413 -22.3336 
-2.8476 -7.56417 -21.3421 
8.97452 18.5724 -6.03752 
5.74201 14.6106 -17.0603 
7.51368 17.7013 -12.1333 
9.34685 18.927 -4.84826 
0.514083 1.44912 -23.6535 
-8.10486 -18.501 -10.4054 
10.8823 15.9007 4.24905 
2.96777 7.94703 -21.2323 
10.128 18.9247 -1.54601 
-3.87079 -9.99554 -19.5124 
8.12247 18.3823 -9.96326 
7.49688 17.5366 -11.9098 
9.81231 19.08 -3.03442 
-5.03334 -13.1636 -19.0678 
