0.876572
10.5731 21.1551 -2.35845 
4.44251 11.9453 -20.6002 
10.0161 20.355 -3.78159 
8.37182 18.617 -9.05565 
8.10037 18.9811 -11.1643 
-3.46633 -9.50298 -22.35 
-4.94825 -12.9768 -19.2457 
7.90279 18.729 -11.8311 
2.20895 6.14322 -23.378 
-1.14099 -3.13348 -23.6176 
-0.299459 -0.785238 -22.9135 
-4.6916 -12.3235 -19.5362 
11.2331 18.9054 2.72154 
11.2345 15.0833 6.07445 
6.9925 16.9642 -13.8639 
4.58673 12.1292 -19.7405 
6.41819 16.604 -17.0802 
2.93363 8.03191 -22.3468 
2.72731 7.61985 -23.4264 
-0.299064 -0.790623 -23.278 
-9.88844 -20.783 -5.00659 
-8.34242 -19.5219 -10.8652 
9.87076 19.8561 -3.77883 
11.3411 18.1269 3.84993 
9.67876 20.5555 -5.58352 
-0.919054 -2.50712 -23.4616 
10.1462 20.9505 -3.97694 
9.12899 19.6983 -6.96854 
3.17788 8.79901 -22.7772 
2.24252 6.22769 -23.3052 
10.609 19.4063 -0.180408 
-0.0427242 -0.0977518 -24.3409 
5.86445 15.2697 -17.9318 
-9.17408 -19.9388 -7.20736 
8.67692 20.2246 -10.1399 
0.904239 2.52101 -23.5726 
11.1221 19.3209 1.89671 
10.4846 18.0478 0.790506 
8.99901 20.0264 -8.11295 
3.1937 8.71597 -22.0667 
9.99713 20.3254 -3.83302 
-5.59609 -14.1597 -17.1649 
9.31503 20.28 -6.92738 
11.36 17.3763 4.59006 
0.387322 1.0939 -23.4936 
11.1143 18.168 2.99476 
9.68687 19.973 -4.75464 
10.7597 18.2253 1.63512 
9.56374 19.5511 -4.73966 
8.60803 19.4212 -9.1597 
-3.78227 -10.0271 -20.631 
10.6657 18.3168 1.18596 
6.4483 16.2938 -16.0683 
4.74386 12.4952 -19.4251 
11.1766 18.2855 3.10832 
-9.06647 -20.4551 -8.53132 
-3.43665 -9.37022 -22.1205 
7.19441 17.5687 -13.8611 
9.45742 20.4213 -6.44505 
11.1171 21.2658 -0.188833 
11.7765 14.4116 8.32331 
1.84905 5.10223 -23.0819 
-9.84194 -19.2587 -3.2543 
-2.65798 -7.19831 -22.2564 
-2.61486 -7.10477 -22.4301 
4.92144 13.0595 -19.6199 
-0.804797 -2.19103 -23.4582 
-1.22451 -3.37241 -23.68 
-0.665949 -1.83544 -24.0402 
4.74807 12.6686 -20.0135 
-2.05163 -5.63256 -23.1718 
2.46239 6.79468 -22.9067 
9.89058 20.4212 -4.43312 
1.12726 3.18335 -24.2934 
11.8754 16.8156 6.82992 
1.23569 3.44768 -23.6602 
-1.98129 -5.46798 -23.4571 
-3.38792 -9.07848 -21.3606 
9.4901 19.8802 -5.52032 
5.82739 14.8765 -17.1403 
9.51457 20.1255 -5.75237 
-2.12548 -5.83369 -23.1286 
0.538056 1.50706 -23.4769 
1.27416 3.58954 -24.2287 
0.84172 2.35092 -23.6591 
8.49765 19.6767 -10.1824 
-2.65003 -7.28246 -22.929 
10.6665 17.9748 1.54061 
-1.83549 -4.92531 -22.257 
-2.95648 -8.03414 -22.2654 
2.70172 7.37772 -22.3242 
-5.85186 -15.0828 -17.6507 
11.5238 16.5 5.89586 
0.915141 2.61724 -24.9795 
-2.85303 -7.83244 -22.7815 
7.55393 18.1234 -12.746 
8.58 19.4331 -9.32254 
10.9629 19.8872 0.696459 
7.80822 18.5701 -12.093 
9.01018 19.3391 -7.01199 
1.74957 4.85713 -23.3997 
9.34429 20.0732 -6.48503 
-4.1403 -11.0668 -20.7342 
-6.42376 -16.6196 -17.1878 
3.93487 10.5291 -20.713 
4.10318 10.9323 -20.4328 
0.155194 0.452995 -24.0362 
-9.48308 -18.859 -4.28538 
11.6238 18.6116 4.42536 
-4.86442 -12.6954 -19.1184 
1.52427 4.23993 -23.5383 
1.49448 4.19478 -24.0018 
11.3773 18.7012 3.44742 
3.04598 8.39891 -22.6444 
-1.44022 -4.01731 -24.1952 
-8.19484 -19.3186 -11.3415 
-6.65819 -16.9448 -16.2372 
7.20664 17.5252 -13.6914 
6.66883 16.1862 -14.2596 
5.56666 14.275 -17.5776 
-3.21326 -8.66589 -21.7727 
-0.310435 -0.84651 -24.1847 
-6.14676 -15.9115 -17.5172 
8.92475 20.1076 -8.62046 
7.88252 18.5574 -11.6309 
8.87393 18.6492 -6.6255 
5.88411 15.3546 -18.0171 
2.5338 6.95015 -22.5976 
0.634076 1.78132 -23.7918 
1.64145 4.5175 -22.9637 
-5.23378 -13.6226 -18.6646 
0.879636 2.48596 -24.2931 
3.88427 10.4169 -20.8468 
4.06314 10.715 -19.9894 
10.4284 19.4615 -0.965511 
0.45609 1.29348 -24.0775 
2.1208 5.84813 -22.9808 
6.42059 15.9126 -15.3307 
-0.622706 -1.74117 -24.7508 
-0.847351 -2.35181 -24.225 
11.401 18.5185 3.70806 
-0.338043 -0.92462 -24.2105 
11.6728 15.1947 7.41063 
-2.79136 -7.6233 -22.5649 
7.45265 17.922 -12.9633 
5.89877 15.5866 -18.5463 
0.212482 0.608531 -23.3603 
8.46363 19.2957 -9.71474 
-3.00548 -8.30206 -22.9882 
5.10669 13.5495 -19.4592 
-3.4837 -9.41078 -21.6564 
4.08109 10.8911 -20.5068 
10.3122 5.16781 9.60789 
11.7109 19.0619 4.33422 
10.8639 19.8746 0.315095 
4.78072 12.6753 -19.6991 
11.8504 12.4805 9.85337 
9.81796 19.4457 -3.48644 
-4.1089 -10.9526 -20.6413 
-7.99667 -18.3136 -10.6564 
5.94794 15.3175 -17.3856 
9.28888 19.0246 -5.25373 
-3.42812 -9.39711 -22.3775 
5.96643 15.4181 -17.5117 
-2.36505 -6.48268 -22.9452 
11.2711 14.8834 6.34192 
4.66694 12.5316 -20.3699 
3.77283 10.0922 -20.8069 
-6.74177 -16.7955 -15.297 
4.40721 11.9946 -21.193 
7.79017 18.1753 -11.4452 
-2.2597 -6.30406 -23.8249 
1.00034 2.79623 -23.7107 
1.88345 5.18179 -22.9359 
-1.67368 -4.71027 -24.4976 
-6.70157 -16.9753 -15.9972 
7.94747 19.1386 -12.3571 
4.99784 13.176 -19.2659 
-1.54043 -4.24022 -23.5142 
-5.91443 -15.0559 -17.0818 
3.27226 9.06702 -22.7558 
7.39081 17.978 -13.4608 
8.18179 18.6908 -10.1851 
-5.18394 -13.5887 -19.0161 
10.1515 20.0258 -2.78424 
1.84497 5.15516 -23.7074 
8.91142 20.5928 -9.48478 
-9.89918 -20.0646 -4.01766 
2.92368 8.07012 -22.7347 
9.28966 19.8171 -6.37189 
10.5021 20.8716 -2.31644 
2.17722 6.01563 -23.0776 
7.30411 17.6928 -13.4228 
5.69532 14.7387 -17.8454 
9.15927 20.9194 -8.70319 
11.0366 10.3528 8.76816 
3.17595 8.64621 -21.9576 
6.72261 16.8394 -15.4072 
-1.81667 -4.92452 -22.7093 
9.66202 20.877 -6.1206 
-1.89201 -5.21884 -23.479 
-2.92615 -7.97654 -22.4102 
3.31389 9.11017 -22.355 
11.8746 16.8404 6.80801 
5.72399 14.8252 -17.8513 
3.81935 10.5192 -22.1536 
3.84427 10.2781 -20.7353 
-1.87901 -5.22257 -23.8129 
7.09774 17.6997 -14.7909 
11.221 17.6581 3.84885 
7.45285 17.8283 -12.772 
-1.89544 -5.2049 -23.2645 
10.8714 19.4147 0.833897 
0.870071 2.48184 -24.7686 
5.15214 13.7246 -19.6059 
5.39335 14.053 -18.4155 
4.34664 11.4998 -19.9299 
0.908136 2.53478 -23.6703 
-0.557967 -1.53112 -24.0011 
8.36164 18.9242 -9.62503 
9.01398 20.6401 -9.01294 
4.2929 11.3286 -19.8544 
6.94207 17.5235 -15.464 
10.1694 20.5533 -3.36412 
6.7123 16.8326 -15.464 
3.81776 10.1905 -20.6715 
-1.58625 -4.32102 -23.0217 
-10.6027 -19.7199 -0.640542 
10.384 20.9388 -2.91011 
2.09088 5.83258 -23.564 
3.27653 9.04879 -22.5992 
9.05308 20.2539 -8.19884 
-1.64472 -4.44582 -22.6667 
3.48196 9.40462 -21.4198 
-7.15404 -17.6302 -14.3715 
4.46526 11.8683 -20.0442 
6.88445 16.8601 -14.3451 
2.43019 6.79268 -23.5587 
-8.18782 -18.9386 -10.7027 
4.88858 13.0121 -19.7837 
-7.42287 -17.2541 -11.9422 
9.32448 19.9427 -6.39386 
-9.62654 -21.4509 -7.20533 
-7.529 -17.6456 -12.0848 
7.57937 18.5031 -13.3635 
11.3504 17.5745 4.38511 
7.74671 18.3455 -12.0192 
10.6508 19.6069 -0.242255 
-0.543768 -1.49409 -24.0805 
10.6001 20.52 -1.48422 
2.33094 6.40545 -22.7577 
10.9661 20.5469 -0.0122792 
-7.88548 -19.2646 -13.0728 
5.52182 14.2471 -17.8767 
2.05025 5.83096 -24.5712 
1.31877 3.69603 -23.9247 
6.14189 15.9376 -17.511 
3.83218 10.3725 -21.3218 
11.3842 19.6219 2.59044 
11.185 18.9786 2.47688 
5.81724 14.8254 -17.0745 
-4.77004 -12.0413 -17.8674 
5.18432 13.3201 -18.0082 
5.51083 14.4678 -18.6308 
5.81578 15.2923 -18.4107 
-5.42241 -13.7057 -17.3186 
6.58354 16.4384 -15.4363 
5.76904 14.9829 -17.917 
11.417 16.9583 5.15111 
0.339784 0.959214 -23.4727 
9.57306 20.0551 -5.38538 
5.82101 15.2093 -18.1303 
10.5291 19.4872 -0.595116 
3.39704 9.24266 -21.8243 
8.48353 19.1441 -9.34453 
10.9251 18.8376 1.63814 
-3.08266 -8.28462 -21.689 
-6.89957 -17.3591 -15.4916 
2.46957 6.89797 -23.4992 
8.77354 19.6503 -8.66889 
0.890325 2.46249 -23.1109 
9.264 20.5131 -7.53305 
-1.56031 -4.2804 -23.3715 
6.52844 16.4421 -15.8481 
-0.770625 -2.11539 -23.7516 
-1.63927 -4.509 -23.4544 
3.61088 9.78471 -21.5104 
4.57445 11.9651 -19.2779 
8.36451 19.4037 -10.4359 
3.81576 10.3348 -21.3677 
-5.66897 -14.2029 -16.7062 
10.8518 14.798 5.05448 
-8.90997 -19.6846 -8.12481 
10.6699 18.5849 0.924533 
5.37955 14.2786 -19.2414 
5.96242 15.2667 -17.1248 
3.19764 8.70359 -21.9511 
2.46465 6.9039 -23.6613 
-0.838384 -2.31168 -23.9961 
2.82903 7.69839 -22.1028 
11.3638 18.1262 3.93464 
9.04564 19.4901 -7.05663 
7.66904 18.678 -13.1541 
2.72802 7.4845 -22.5373 
4.83692 12.795 -19.5527 
6.29967 16.1621 -16.8601 
3.96937 10.5213 -20.2751 
-2.2108 -6.06559 -23.0803 
1.10027 3.09886 -24.161 
4.45199 11.9476 -20.5017 
10.2344 19.1289 -1.37155 
-1.38578 -3.86578 -24.2104 
8.62737 19.9236 -9.8973 
7.54618 18.7346 -14.0499 
5.15915 13.3177 -18.2255 
3.75444 10.0666 -20.924 
-1.93428 -5.30411 -23.1608 
0.318557 0.897573 -23.3014 
3.47702 9.59179 -22.4401 
10.0234 20.2349 -3.59859 
-3.02815 -8.0718 -21.3552 
-0.207357 -0.537029 -23.0714 
9.65652 20.489 -5.59803 
10.3969 20.1121 -1.85129 
6.50503 16.0307 -15.0225 
-0.98317 -2.71245 -23.8967 
0.150664 0.440079 -23.9466 
-0.419318 -1.12815 -23.438 
10.6347 19.5809 -0.276097 
10.9631 18.9945 1.61621 
4.6376 12.3399 -19.9836 
-9.14354 -20.249 -7.82501 
5.13867 13.7495 -19.8179 
1.06299 2.95872 -23.5087 
10.596 20.1022 -1.01711 
2.00379 5.57382 -23.4229 
8.28444 19.0426 -10.2452 
-5.31618 -13.8041 -18.49 
-2.28839 -6.25191 -22.8349 
8.4007 19.5439 -10.489 
-2.69114 -7.29538 -22.3017 
9.02359 19.6696 -7.43605 
7.99105 18.6131 -11.1149 
4.25553 11.3461 -20.3483 
8.37699 18.7782 -9.2971 
3.25484 8.81962 -21.6848 
7.27254 17.5918 -13.4098 
-4.67241 -12.452 -20.1767 
1.01277 2.86338 -24.361 
10.5067 19.4298 -0.615529 
0.926897 2.60261 -23.9338 
6.91274 17.1423 -14.7929 
11.4222 15.9199 6.02943 
-0.755792 -2.10608 -24.4932 
-4.81682 -12.4357 -18.7108 
4.61101 12.2884 -20.0615 
-0.530332 -1.43558 -23.4644 
8.1469 19.0191 -10.9744 
-8.57753 -19.6241 -9.75727 
10.4025 19.3304 -0.922531 
7.64503 18.8318 -13.6169 
11.324 19.2586 2.71943 
-0.447223 -1.21713 -23.7495 
2.10808 5.95719 -24.2359 
3.09781 8.57661 -22.8083 
6.09598 15.8193 -17.5599 
7.57334 18.3132 -13.0129 
6.87261 17.5483 -16.0217 
1.96623 5.46992 -23.4553 
2.30252 6.37556 -23.1518 
11.695 16.2769 6.65764 
8.72978 19.5699 -8.76138 
9.13624 20.6883 -8.45054 
-6.40686 -16.199 -16.2747 
-2.19224 -5.92874 -22.449 
10.9887 16.5184 4.04992 
6.98392 17.4802 -15.0698 
3.91294 10.3836 -20.3654 
-0.0662876 -0.160642 -23.8581 
-7.41226 -18.0541 -13.5996 
5.68323 14.4994 -17.2562 
6.20692 15.6995 -16.3706 
11.0428 9.05632 9.55873 
-7.48236 -17.8666 -12.7872 
7.20902 17.57 -13.7697 
8.12319 18.6785 -10.4907 
10.8036 19.384 0.604008 
11.2284 18.844 2.76087 
8.25487 19.9615 -12.0798 
3.88199 10.5638 -21.5534 
4.6825 12.5146 -20.139 
11.2194 18.7477 2.82147 
6.93298 17.3026 -15.0197 
-9.58106 -20.2794 -5.75118 
8.91346 19.709 -8.04875 
4.21495 11.2173 -20.2846 
7.90941 18.5078 -11.3814 
-0.0728374 -0.184023 -24.4383 
7.99021 18.68 -11.2394 
1.04354 2.92316 -23.8638 
0.720852 2.03999 -24.3181 
2.87112 7.96758 -23.0412 
2.51711 6.84604 -22.1937 
3.48997 9.34263 -21.0047 
-4.54768 -11.8811 -19.4333 
-5.70783 -14.9387 -18.4414 
-10.0135 -19.6253 -2.96939 
5.59783 14.522 -18.0411 
6.55638 16.33 -15.3734 
4.53879 11.9603 -19.6144 
8.54917 19.2335 -9.152 
-5.17213 -13.5028 -18.8513 
4.41412 11.6285 -19.6895 
8.44213 18.7748 -8.95359 
-5.09011 -13.3358 -19.0738 
6.81282 16.5041 -14.0291 
0.982646 2.75057 -23.8015 
-3.52847 -9.46292 -21.325 
3.69036 9.96595 -21.3031 
6.08971 15.6427 -17.1328 
9.36658 20.4638 -6.9533 
4.50621 11.8406 -19.5176 
8.43335 19.1446 -9.61323 
11.0845 18.9546 2.12516 
9.99214 21.5173 -5.44921 
8.85242 19.3248 -7.75829 
-6.19986 -15.69 -16.5331 
10.1901 19.8257 -2.37413 
0.532345 1.49333 -23.6819 
9.11423 19.783 -7.16236 
8.54947 20.0694 -10.5766 
9.31465 20.1739 -6.77736 
9.53218 19.8583 -5.30059 
-4.11966 -11.0527 -20.9089 
1.22827 3.40391 -23.3299 
1.66126 4.52108 -22.4273 
11.659 16.5023 6.3541 
1.60499 4.40843 -22.8875 
-3.02859 -8.31793 -22.6899 
8.33108 19.4745 -10.7495 
-1.27636 -3.49179 -23.3807 
-6.77582 -17.1555 -15.891 
9.18729 19.8769 -6.95376 
11.4464 18.703 3.70428 
-6.02797 -15.3787 -17.0444 
11.3591 19.235 2.8712 
-4.8281 -12.7131 -19.5242 
3.23902 8.88918 -22.3043 
11.593 15.2073 7.14749 
9.02863 19.7178 -7.48667 
5.81804 15.3563 -18.5758 
9.88459 21.0282 -5.28183 
-1.05251 -2.94793 -24.5132 
-4.96675 -13.0992 -19.4687 
11.4712 16.5042 5.71334 
1.79751 4.95009 -22.9827 
1.04914 2.91648 -23.4937 
-9.32826 -20.6938 -7.57201 
9.39953 20.7686 -7.23951 
-4.25364 -11.5304 -21.2826 
-1.50516 -4.14055 -23.5239 
-4.76653 -12.6413 -19.8819 
-4.65664 -12.3013 -19.8119 
-2.15212 -5.88993 -22.9849 
-3.58485 -9.68398 -21.5857 
11.9689 14.8852 8.59752 
3.60164 9.91219 -22.2509 
4.29069 11.6122 -21.0038 
6.16653 15.5379 -16.2584 
3.9644 10.7014 -21.0997 
5.0743 13.5396 -19.7531 
-7.04442 -17.1541 -14.0691 
0.0542486 0.174541 -23.8249 
8.43375 19.3541 -9.96746 
8.69844 19.3609 -8.5887 
-5.66049 -14.795 -18.4273 
11.412 11.9296 8.88591 
1.57771 4.37186 -23.3135 
7.52103 18.4338 -13.5902 
-9.32922 -18.7087 -4.76488 
8.52923 18.9612 -8.81232 
0.270718 0.77655 -24.2168 
0.283622 0.809521 -23.6774 
6.56238 16.2996 -15.2615 
11.8439 14.128 8.73367 
-4.01248 -10.5304 -20.0497 
11.4577 17.6378 4.69892 
5.81616 14.8293 -17.1089 
4.94554 13.2278 -19.9683 
5.00391 13.3666 -19.8587 
11.1641 18.391 2.96191 
10.9069 19.9487 0.402734 
-9.29426 -19.062 -5.3941 
0.987585 2.77797 -24.0697 
6.52134 16.4345 -15.8794 
-5.57949 -14.6391 -18.6746 
11.3305 13.438 7.60916 
5.28675 14.0371 -19.3428 
4.10885 11.1939 -21.4515 
2.286 6.26157 -22.6039 
11.2488 18.5129 3.15629 
-2.18006 -5.97636 -23.0533 
-2.46286 -6.72089 -22.7066 
0.835073 2.33573 -23.7203 
10.4472 19.9624 -1.46355 
9.34084 20.4219 -7.01223 
10.9116 17.392 2.98711 
11.5156 16.6139 5.77297 
-10.0787 -20.5925 -3.90008 
6.84782 17.0584 -15.0454 
4.52973 12.137 -20.374 
-3.13561 -8.5443 -22.2671 
5.02886 13.4618 -19.9365 
1.69822 4.7226 -23.4971 
8.4763 20.138 -11.1129 
8.05747 18.9462 -11.3495 
8.52265 19.3877 -9.55557 
8.64686 20.0716 -10.0402 
3.57834 9.57328 -20.9222 
-5.72026 -15.004 -18.5232 
4.98004 13.1926 -19.4921 
5.11114 13.7636 -20.1397 
-7.58839 -18.1736 -12.751 
3.82896 10.3037 -21.0561 
-0.999419 -2.75391 -23.8148 
5.9141 15.0656 -16.9615 
-1.56293 -4.36149 -24.1495 
10.162 20.5136 -3.34695 
3.8469 10.3998 -21.2471 
-0.0982488 -0.254029 -24.179 
8.61903 19.0002 -8.41488 
4.18807 11.0681 -19.9914 
11.167 17.9647 3.37265 
10.1341 20.6022 -3.58076 
10.8722 19.3066 0.950548 
7.72538 18.3172 -12.0948 
2.83008 7.82739 -22.8828 
-2.13994 -5.91554 -23.4531 
4.32805 11.5018 -20.144 
6.48687 16.0754 -15.2578 
11.2405 17.5382 4.02607 
3.97205 10.6768 -20.9165 
9.2723 19.918 -6.60307 
5.86401 14.9835 -17.1312 
5.9538 15.4996 -17.8385 
-1.66789 -4.60075 -23.5553 
-7.40357 -18.1022 -13.7593 
3.6203 9.90443 -21.953 
0.695402 1.95979 -24.074 
-3.00937 -8.27564 -22.7691 
-4.63803 -12.3487 -20.1696 
0.826569 2.2891 -23.1427 
1.77853 4.92116 -23.1926 
10.8339 19.1756 0.947432 
4.55461 12.033 -19.7311 
7.16526 17.5256 -13.959 
-0.420363 -1.1504 -24.1066 
5.14668 13.7855 -19.8741 
3.35659 9.19615 -22.1736 
-10.4843 -20.0277 -1.47355 
10.8307 9.19866 8.86457 
11.1255 19.7679 1.4502 
-1.07707 -2.98786 -24.086 
3.64492 9.94584 -21.8106 
1.8695 5.09286 -22.4461 
9.8802 19.5047 -3.29994 
5.32141 13.8451 -18.4155 
10.9319 10.9581 8.0822 
4.71222 12.4781 -19.6977 
5.6599 14.6719 -17.9466 
-0.432529 -1.18697 -24.1698 
-2.75698 -7.59929 -23.0063 
4.20472 11.1493 -20.1378 
8.63336 19.7143 -9.51051 
11.4418 17.4873 4.77975 
3.06369 8.34357 -22.0311 
3.28503 8.94429 -21.9079 
7.35697 17.8164 -13.3436 
4.96004 12.8502 -18.5352 
7.48537 18.0994 -13.1235 
9.20045 20.1919 -7.36368 
-3.63629 -9.81385 -21.5232 
-7.71745 -18.12 -11.8837 
0.914583 2.59561 -24.488 
8.74463 19.881 -9.19078 
-1.17245 -3.21361 -23.4644 
3.94213 10.6329 -21.0854 
0.826251 2.33546 -24.2411 
-8.29675 -19.2539 -10.6447 
4.53723 12.1269 -20.2645 
0.51774 1.46376 -23.9844 
-2.80985 -7.63338 -22.3154 
0.859724 2.4015 -23.6366 
9.94259 20.3457 -4.09685 
11.329 18.5104 3.45378 
-7.32416 -17.3293 -12.6785 
3.84033 10.2877 -20.8256 
9.92252 20.2403 -4.05465 
-6.13385 -15.6365 -16.8981 
-6.17035 -15.5617 -16.4314 
6.60423 16.6219 -15.7325 
9.05407 20.3326 -8.31714 
4.36059 11.715 -20.6079 
6.87244 17.2573 -15.3316 
10.674 17.7611 1.78243 
-10.5627 -18.6535 0.349689 
6.24656 15.8683 -16.5033 
-7.8831 -18.7775 -12.1509 
-2.09311 -5.76094 -23.2781 
-7.8581 -18.5862 -11.9358 
3.86841 10.4232 -21.0902 
4.69045 12.5611 -20.2306 
9.52828 19.4827 -4.80648 
6.32984 15.9796 -16.1636 
-2.00606 -5.55313 -23.5847 
4.94637 13.2598 -20.0701 
-0.595062 -1.66473 -24.8149 
6.03815 15.2798 -16.5741 
-0.406768 -1.10648 -23.7323 
-8.82313 -19.4929 -8.26841 
-10.4818 -18.6559 0.0342447 
1.64837 4.58019 -23.4379 
11.2477 13.535 7.2803 
-0.818216 -2.24977 -23.8047 
10.0246 20.9573 -4.53625 
-1.50313 -4.06205 -22.7362 
10.633 20.1511 -0.918314 
3.22106 8.84451 -22.3459 
9.76157 20.204 -4.72799 
-2.77912 -7.52856 -22.2126 
11.0401 18.2886 2.6084 
-2.03052 -5.56751 -23.1182 
4.85657 12.8809 -19.6492 
4.67888 12.4692 -20.0206 
6.80168 16.8175 -14.8041 
7.34514 17.3155 -12.3928 
5.18431 13.4312 -18.3515 
-9.83594 -19.4069 -3.46069 
8.98576 20.0598 -8.23436 
-6.72505 -17.0009 -15.8892 
7.59115 18.1199 -12.5115 
-1.9458 -5.29637 -22.8399 
8.68279 18.9016 -7.93929 
9.10053 18.9234 -5.96786 
11.8029 16.4892 6.84538 
9.32139 20.1124 -6.65139 
-2.72626 -7.56466 -23.3386 
2.98882 8.12581 -21.9765 
9.32792 20.1833 -6.72049 
10.3022 20.2747 -2.44387 
4.61594 12.5341 -20.9329 
11.655 16.9286 5.98387 
-2.32079 -6.35038 -22.8896 
8.39279 19.0871 -9.73214 
1.50881 4.22724 -23.9097 
9.0877 19.7815 -7.29979 
-10.4194 -20.407 -2.19937 
4.97959 13.1568 -19.3795 
7.61375 18.3547 -12.8382 
6.26346 15.7508 -16.0756 
3.32077 8.98392 -21.5732 
4.47458 12.0088 -20.4864 
4.82757 12.5331 -18.7507 
11.1168 20.6969 0.43419 
11.3966 17.2799 4.79922 
3.47678 9.68071 -22.9095 
10.4274 20.7396 -2.47735 
-0.0217275 -0.0372172 -24.2888 
5.95767 15.4441 -17.6505 
-0.495229 -1.37056 -24.4752 
-5.82321 -15.0283 -17.7366 
5.45564 14.2442 -18.4463 
1.49693 4.14477 -23.2873 
9.99512 21.9651 -6.06325 
8.0991 19.1688 -11.5163 
9.91545 19.7074 -3.39987 
4.67585 12.4807 -20.0866 
-5.833 -15.0577 -17.732 
4.23788 11.2763 -20.2751 
5.97627 15.327 -17.1778 
-5.42267 -13.9102 -17.89 
5.67345 14.8305 -18.2955 
-7.98043 -18.5609 -11.1875 
10.7082 20.2952 -0.782672 
-9.67152 -20.1479 -5.14765 
0.953414 2.66441 -23.6964 
11.012 18.6414 2.15625 
11.4279 14.9532 6.80285 
11.3362 16.4229 5.3288 
1.01828 2.84464 -23.7398 
0.632314 1.77503 -23.7085 
-1.28524 -3.55077 -23.783 
-3.91779 -10.5188 -21.0966 
11.4695 15.5076 6.51314 
-9.21677 -19.1751 -5.90248 
8.38246 19.5646 -10.6253 
7.7415 18.57 -12.4919 
-0.594204 -1.62982 -23.8908 
5.80974 15.0208 -17.6832 
9.66325 20.4341 -5.49189 
7.31501 17.611 -13.1815 
10.354 21.324 -3.5266 
4.51694 11.9234 -19.7051 
-1.62754 -4.42163 -22.8863 
2.12894 5.92983 -23.471 
2.45808 6.63045 -21.8144 
-5.72766 -14.3362 -16.6158 
2.0101 5.56543 -23.2043 
4.24029 11.4403 -20.9078 
-4.166 -11.1079 -20.6058 
3.41573 9.24446 -21.5522 
10.5325 19.2376 -0.299681 
10.9389 20.1248 0.345032 
-10.0554 -19.9052 -3.13477 
-5.09266 -13.2814 -18.8773 
11.1163 12.7725 7.41194 
7.71679 18.0922 -11.7086 
-5.25841 -13.4039 -17.7963 
3.88843 10.373 -20.6179 
11.4257 13.468 7.877 
-1.42762 -3.93423 -23.6197 
-1.45978 -3.99385 -23.3043 
-3.2795 -8.8292 -21.6542 
9.2399 19.8948 -6.71848 
-4.11135 -10.9799 -20.7098 
7.19332 17.8101 -14.3948 
9.719 20.7504 -5.67725 
7.28324 17.9298 -14.0609 
5.46804 14.3389 -18.6197 
5.72107 14.6389 -17.3372 
6.37352 16.4429 -17.0104 
1.52357 4.26663 -23.8672 
11.6056 17.3534 5.45933 
3.01056 8.09433 -21.4557 
3.80894 10.5687 -22.5301 
9.49715 21.6014 -8.01309 
-0.908316 -2.54045 -24.5199 
10.6767 19.1859 0.315144 
7.80247 18.4129 -11.8231 
-0.276398 -0.742021 -23.7166 
-8.39517 -20.07 -11.5411 
7.37347 18.0176 -13.6594 
6.46351 16.22 -15.7788 
8.07622 18.4112 -10.2659 
8.14733 19.1242 -11.1593 
6.91657 16.8055 -14.0075 
8.55004 20.5 -11.3398 
10.0925 19.9528 -2.94312 
-3.41966 -9.24965 -21.7628 
9.54373 19.5099 -4.7698 
-8.31579 -19.6125 -11.1788 
-2.59677 -7.19471 -23.3423 
5.31648 14.0493 -19.0967 
8.90044 19.9387 -8.47931 
1.87607 5.2291 -23.5964 
3.80534 10.3693 -21.6489 
-4.03876 -10.859 -21.0752 
3.99442 10.5605 -20.1473 
10.6328 18.386 0.994464 
11.6413 18.2447 4.81548 
-1.64422 -4.49127 -23.1139 
10.2101 20.1345 -2.66762 
-5.5135 -14.1695 -17.872 
0.592412 1.65814 -23.524 
8.37802 19.4954 -10.5256 
6.95318 17.1566 -14.5488 
2.49637 6.92242 -23.1386 
-4.2126 -11.2372 -20.5857 
8.08665 18.1986 -9.8425 
-0.424384 -1.15726 -23.8576 
7.13848 17.5277 -14.1397 
9.6666 19.857 -4.68993 
7.07356 17.8039 -15.1865 
-5.4441 -13.9517 -17.8315 
4.87505 12.7888 -19.157 
-0.101304 -0.254201 -23.408 
-1.91432 -5.22392 -22.9828 
10.9116 21.0837 -0.836812 
-4.58214 -12.1452 -20.0157 
-5.59321 -14.3933 -17.8505 
-3.37227 -9.12204 -21.7903 
0.47386 1.33472 -23.7153 
11.0314 16.5803 4.13893 
9.33644 20.5088 -7.16523 
9.6363 20.0525 -5.09067 
-1.61628 -4.47756 -23.7972 
1.9901 5.46294 -22.7813 
1.05626 2.96269 -23.9253 
-4.17223 -11.1722 -20.7971 
2.56221 7.09145 -23.0142 
-8.98131 -19.3133 -7.21486 
2.41206 6.60624 -22.5624 
3.27392 8.95503 -22.1265 
7.62199 18.463 -13.0083 
6.96023 17.3938 -15.0375 
-6.73831 -16.8436 -15.4335 
4.89066 12.7615 -18.9125 
1.60727 4.50284 -23.8795 
7.07843 17.3531 -14.1459 
-0.0253988 -0.0526155 -24.7525 
10.557 19.8539 -0.895221 
3.31891 8.95742 -21.4622 
2.83347 7.81563 -22.7522 
-0.700096 -1.93129 -24.0824 
11.8358 17.5836 6.0698 
-2.56578 -7.1797 -23.8302 
7.10726 17.4572 -14.1848 
3.10983 8.53674 -22.3939 
9.3133 20.3115 -6.98451 
2.8803 7.87126 -22.2802 
8.71655 19.2944 -8.38484 
6.8572 17.1201 -15.1152 
-3.32147 -8.97589 -21.7804 
6.98441 17.3618 -14.8055 
8.38958 19.1408 -9.84567 
-0.12218 -0.32257 -24.4271 
6.96858 17.3854 -14.9659 
-4.16445 -11.1263 -20.698 
0.455679 1.2946 -24.1717 
-0.743829 -2.06742 -24.3459 
3.1237 8.56649 -22.3361 
0.21806 0.62924 -24.0976 
7.6628 18.7384 -13.3148 
-6.90224 -16.908 -14.4645 
3.00355 8.29587 -22.7531 
-5.35182 -13.632 -17.6713 
-1.78945 -4.87709 -22.9675 
-8.14566 -18.6338 -10.3968 
-6.92315 -17.2738 -15.1331 
-7.01697 -17.65 -15.3323 
11.4939 18.4519 4.10063 
-3.20282 -8.49991 -21.0636 
8.29469 18.6465 -9.50528 
0.334279 0.947896 -23.7171 
5.95283 15.1977 -17.018 
6.22089 15.8067 -16.5435 
-1.88354 -5.28561 -24.2928 
6.58974 16.5027 -15.5563 
3.07841 8.32411 -21.7043 
-3.75581 -10.2392 -21.9073 
0.849052 2.3949 -24.2053 
-5.06042 -13.368 -19.472 
-7.69437 -18.1051 -11.9811 
5.71483 14.7863 -17.814 
8.27222 18.6644 -9.65237 
3.04027 8.35232 -22.4637 
10.1828 20.1731 -2.82968 
8.93563 19.9178 -8.26372 
0.70139 1.98862 -24.3802 
-1.27602 -3.56698 -24.3512 
-2.47075 -6.72219 -22.5551 
3.67486 9.90858 -21.2405 
-6.7778 -16.9951 -15.5059 
5.97949 15.6343 -18.0082 
-11.6197 -15.1891 7.16373 
1.01905 2.84031 -23.602 
4.634 12.2976 -19.8502 
5.59046 14.4301 -17.8251 
11.4381 14.8921 6.88565 
2.74972 7.39597 -21.5859 
1.72853 4.84227 -23.8543 
2.43256 6.74118 -23.1303 
2.85098 7.81775 -22.4562 
6.95198 17.294 -14.8638 
10.3983 19.6196 -1.26606 
-0.462949 -1.27538 -24.2587 
-3.66004 -9.96886 -21.9232 
-3.45169 -9.38262 -21.9697 
9.18434 20.351 -7.68153 
8.65069 19.5127 -9.07759 
8.54583 19.5145 -9.64166 
5.55127 14.1388 -17.3022 
8.28091 19.2664 -10.6622 
-0.299426 -0.802078 -23.5778 
-7.68449 -17.9827 -11.8062 
1.43677 4.05853 -24.3406 
-4.47087 -12.0597 -20.8929 
10.4629 21.4431 -3.19415 
6.54791 16.0627 -14.8084 
6.85583 16.6601 -14.0879 
-2.84867 -7.84837 -22.9413 
6.45268 16.2463 -15.9221 
5.56624 14.3325 -17.7426 
2.84642 7.98467 -23.5843 
-1.41203 -3.88642 -23.5713 
9.66787 20.2553 -5.22724 
8.31974 20.1509 -12.0517 
3.47046 9.5172 -22.1563 
6.04367 15.2641 -16.4856 
8.14383 19.354 -11.6008 
9.81103 19.9059 -4.10613 
10.4295 20.3857 -2.03842 
11.2372 12.5786 7.92362 
-7.89214 -17.9729 -10.6282 
0.691809 1.92534 -23.2705 
3.15079 8.74212 -22.8936 
0.718802 2.0225 -24.017 
9.20213 20.1753 -7.32454 
-2.39163 -6.57251 -23.0756 
-1.47975 -4.06029 -23.3646 
5.28646 13.8202 -18.6546 
0.893384 2.49404 -23.6363 
-0.833114 -2.30096 -24.0412 
8.61435 19.218 -8.78936 
10.8299 17.88 2.23299 
3.3111 9.05119 -22.0797 
-0.428947 -1.16776 -23.8433 
-1.35328 -3.75878 -24.0146 
3.30916 8.92255 -21.434 
5.81651 14.9007 -17.2904 
-1.05544 -2.87285 -23.2509 
8.78927 20.4011 -9.82385 
11.706 16.2652 6.69919 
6.52869 16.3293 -15.5643 
8.1082 19.6307 -12.3367 
5.86026 15.2211 -17.8284 
-4.54258 -11.8782 -19.4686 
7.59866 18.1277 -12.4833 
11.6851 16.0414 6.80342 
-1.47399 -4.04404 -23.4007 
9.11875 20.6501 -8.48322 
9.38414 20.4287 -6.81219 
7.26279 17.9581 -14.2537 
2.71124 7.41008 -22.3512 
5.58616 14.7072 -18.6939 
-7.56214 -17.7538 -12.0978 
9.84275 20.5673 -4.84368 
1.69494 4.66103 -22.9188 
-5.72856 -14.9261 -18.2274 
10.9744 19.9944 0.626913 
8.41554 18.7482 -9.04322 
10.9935 17.4961 3.18626 
4.67268 12.6047 -20.5715 
-1.22434 -3.33022 -23.1598 
-3.87812 -10.5234 -21.5959 
8.32411 19.1253 -10.1725 
9.80673 19.2691 -3.30928 
11.0738 20.4233 0.558241 
11.1117 18.6688 2.49974 
-2.51057 -6.82918 -22.5478 
5.68543 14.6911 -17.7832 
5.55767 14.2091 -17.4588 
-2.15434 -5.9037 -23.0526 
-4.03391 -10.8323 -21.0266 
11.2373 16.5077 4.91746 
-6.53271 -16.5915 -16.3037 
9.60289 20.0417 -5.23117 
-4.09055 -11.0661 -21.307 
5.69945 14.4035 -16.8453 
7.45476 17.8441 -12.7975 
6.50666 16.2088 -15.4374 
9.00788 19.9497 -7.94621 
0.984732 2.79623 -24.5749 
2.42283 6.65125 -22.6737 
4.14317 11.1476 -20.8407 
-1.0055 -2.77276 -23.9054 
-6.2278 -16.089 -17.3481 
2.84184 7.85395 -22.8434 
7.25718 17.6561 -13.6433 
5.88638 15.1553 -17.4392 
10.7719 19.7216 0.119276 
-7.09515 -17.333 -14.1217 
11.8934 15.3667 8.00315 
5.62969 14.6068 -18.0161 
5.02971 13.1463 -18.8766 
3.97872 10.6747 -20.81 
4.59438 12.225 -20.0047 
11.3439 19.8621 2.19618 
-4.09531 -11.014 -21.0342 
0.782701 2.20953 -24.178 
-4.92722 -12.7762 -18.7887 
9.06358 20.1292 -7.94723 
8.27258 19.8873 -11.8429 
0.285364 0.815021 -23.6868 
8.54768 19.7355 -10.0109 
11.3492 14.0786 7.20154 
7.80479 18.3572 -11.7063 
-0.370093 -0.968409 -22.6102 
4.31372 11.5075 -20.3283 
8.45649 19.5512 -10.1946 
-8.94716 -19.3762 -7.47407 
10.5687 19.5887 -0.54735 
1.1982 3.34535 -23.6886 
-6.20523 -15.4717 -15.9483 
1.128 3.10343 -22.9477 
-3.41808 -9.16166 -21.356 
10.0066 19.1434 -2.31801 
6.78344 16.9461 -15.2281 
8.66972 19.539 -9.02518 
10.3616 19.1834 -0.919449 
0.627685 1.77829 -24.2855 
-9.26817 -20.0342 -6.88836 
11.2954 13.7212 7.29976 
3.56832 9.59965 -21.1825 
11.0149 18.2652 2.53817 
-4.60494 -11.9274 -19.0294 
9.26676 19.822 -6.49264 
8.63517 19.3292 -8.86152 
10.7695 18.8374 1.0477 
-5.99955 -15.5453 -17.713 
