4.57016e-005 0 0 -50
0.000208431 0 0 -51
0.00068677 0 0 -52
9.61615e-005 0 1 -50
0.0014907 0 0 -53
3.13699e-005 -1 -1 -51
0.000427988 0 1 -51
0.00234554 0 0 -54
8.68727e-005 -1 -1 -52
0.00136271 0 1 -52
0.00265596 0 0 -55
0.000156595 -1 -1 -53
0.00287851 0 1 -53
0.00260907 0 0 -56
0.000189433 -1 -1 -54
0.00443246 0 1 -54
4.83855e-005 -1 -2 -50
0.00229073 0 0 -57
0.000186166 -1 -1 -55
2.3557e-005 1 1 -51
0.00492371 0 1 -55
0.00021766 -1 -2 -51
3.87587e-005 0 2 -50
0.00152986 0 0 -58
0.000165099 -1 -1 -56
7.50704e-005 1 1 -52
0.000173657 0 2 -51
0.00482548 0 1 -56
0.000637023 0 0 -59
0.000118269 -1 -1 -57
0.000157357 1 1 -53
0.000531961 0 2 -52
0.000635034 -1 -2 -52
0.00419092 0 1 -57
6.46238e-005 0 0 -60
6.01012e-005 -1 -1 -58
0.000239049 1 1 -54
0.00109184 0 2 -53
0.00121388 -1 -2 -53
0.00274384 0 1 -58
0.000259085 1 1 -55
0.00163337 0 2 -54
0.00158704 -1 -2 -54
0.00109476 0 1 -59
0.00158864 -1 -2 -55
0.000252175 1 1 -56
0.00176918 0 2 -55
9.27317e-005 0 1 -60
0.00147324 -1 -2 -56
2.32969e-005 1 2 -50
0.000215203 1 1 -57
0.00172635 0 2 -56
6.69826e-005 -1 -3 -50
0.00110708 -1 -2 -57
0.000100495 1 2 -51
0.000138501 1 1 -58
0.00147066 0 2 -57
2.05486e-005 -2 -2 -52
0.0003031 -1 -3 -51
0.000598564 -1 -2 -58
0.000304095 1 2 -52
5.23156e-005 1 1 -59
0.000931613 0 2 -58
4.02546e-005 -2 -2 -53
0.000933612 -1 -3 -52
0.000158346 -1 -2 -59
0.000619881 1 2 -53
0.000345055 0 2 -59
5.28829e-005 -2 -2 -54
0.00190495 -1 -3 -53
0.000911964 1 2 -54
2.08212e-005 0 2 -60
5.27532e-005 -2 -2 -55
0.00278648 -1 -3 -54
0.000966259 1 2 -55
4.86154e-005 -2 -2 -56
0.00294666 -1 -3 -55
0.000936452 1 2 -56
3.64289e-005 -2 -2 -57
0.00284342 -1 -3 -56
0.000782822 1 2 -57
6.48738e-005 0 3 -56
0.00232801 -1 -3 -57
0.000490492 1 2 -58
5.46203e-005 0 3 -57
0.00139104 -1 -3 -58
3.92973e-005 1 3 -50
6.66646e-005 0 3 -55
6.22388e-005 0 3 -54
4.14125e-005 0 3 -53
0.000184993 1 2 -59
3.45978e-005 0 3 -58
4.93801e-005 -2 -3 -51
5.0598e-005 -1 -4 -50
0.000449531 -1 -3 -59
0.000184018 1 3 -51
0.000146474 -2 -3 -52
0.00023403 -1 -4 -51
0.000559718 1 3 -52
0.000288796 -2 -3 -53
0.000744255 -1 -4 -52
0.00111173 1 3 -53
0.000399265 -2 -3 -54
0.00156546 -1 -4 -53
0.00157227 1 3 -54
0.000406041 -2 -3 -55
0.00238129 -1 -4 -54
0.000382432 -2 -3 -56
0.00260537 -1 -4 -55
0.000293388 -2 -3 -57
0.00253686 -1 -4 -56
0.000160342 -2 -3 -58
0.00213608 -1 -4 -57
0.000760078 1 3 -58
4.81237e-005 -2 -3 -59
0.00131638 -1 -4 -58
0.000247605 1 3 -59
0.000458458 -1 -4 -59
2.70937e-005 -2 -4 -50
2.05058e-005 -1 -4 -60
2.07448e-005 2 3 -51
4.57572e-005 1 4 -50
0.000122035 -2 -4 -51
5.9434e-005 2 3 -52
0.000199371 1 4 -51
0.000374488 -2 -4 -52
0.000113824 2 3 -53
0.000561141 1 4 -52
0.000762199 -2 -4 -53
0.000156696 2 3 -54
0.00109249 1 4 -53
0.00110847 -2 -4 -54
0.000159987 2 3 -55
0.00151925 1 4 -54
0.00116075 -2 -4 -55
0.000151977 2 3 -56
0.00157287 1 4 -55
0.000905934 -1 -5 -54
0.000538851 -1 -5 -53
0.000230678 -1 -5 -52
6.28019e-005 -1 -5 -51
0.00127592 1 3 -57
0.0015706 1 3 -56
0.00163215 1 3 -55
0.00111539 -2 -4 -56
0.000121235 2 3 -57
0.00151223 1 4 -56
0.00112967 -1 -5 -55
0.000907279 -2 -4 -57
0.00113167 -1 -5 -56
7.17707e-005 2 3 -58
0.000544929 -2 -4 -58
0.00103113 -1 -5 -57
0.00122206 1 4 -57
2.07011e-005 2 3 -59
0.000182257 -2 -4 -59
0.000714526 -1 -5 -58
0.000299292 -1 -5 -59
2.87739e-005 -1 -5 -60
8.24905e-005 2 4 -51
4.14157e-005 1 5 -50
0.000229563 2 4 -52
0.00017736 1 5 -51
0.000434772 2 4 -53
0.000485673 1 5 -52
2.63555e-005 -3 -4 -54
0.00102995 -2 -5 -53
0.000582385 2 4 -54
2.63322e-005 -3 -4 -55
0.00152113 -2 -5 -54
0.000588638 2 4 -55
2.45576e-005 -3 -4 -56
0.00164262 -2 -5 -55
4.88743e-005 -1 -6 -54
0.000555128 2 4 -56
0.000431988 2 4 -57
0.0012308 1 5 -56
0.00159416 -2 -5 -56
8.92567e-005 -1 -6 -55
0.000244522 2 4 -58
0.000979322 1 5 -57
0.00132615 -2 -5 -57
7.13927e-005 2 4 -59
0.000556556 1 5 -58
0.000799593 -2 -5 -58
0.000157453 1 5 -59
0.000271988 -2 -5 -59
3.75805e-005 2 5 -50
2.66357e-005 -3 -5 -51
0.000161506 2 5 -51
7.40777e-005 -3 -5 -52
0.000437092 2 5 -52
0.000144997 -3 -5 -53
0.000205683 -3 -5 -54
0.000212864 -3 -5 -55
0.00108213 2 5 -55
0.000202934 -3 -5 -56
0.00102101 2 5 -56
0.000161532 -3 -5 -57
0.000790072 2 5 -57
9.59857e-005 -3 -5 -58
0.000442399 2 5 -58
2.80607e-005 -3 -5 -59
0.000123606 2 5 -59
6.66137e-005 1 6 -59
0.000230538 -2 -6 -59
0.000234801 1 6 -58
0.000678825 -2 -6 -58
0.000404755 1 6 -57
0.00111721 -2 -6 -57
0.000490035 1 6 -56
0.00133896 -2 -6 -56
0.000503688 1 6 -55
0.00137433 -2 -6 -55
0.00047321 1 6 -54
0.00127323 -2 -6 -54
0.00107158 2 5 -54
0.000335711 1 6 -53
0.000874781 -2 -6 -53
0.00081098 2 5 -53
0.000180047 1 6 -52
0.000447512 -2 -6 -52
6.76294e-005 1 6 -51
0.000157425 -2 -6 -51
3.53005e-005 -2 -6 -50
6.51447e-005 -1 -6 -59
0.000108719 -1 -6 -58
0.000122518 -1 -6 -57
0.000116404 -1 -6 -56
0.00128484 1 5 -55
0.00124982 1 5 -54
0.000916438 1 5 -53
0.000512071 -2 -5 -52
0.000171927 -2 -5 -51
3.75883e-005 -2 -5 -50
0.000224486 1 4 -59
0.000718624 1 4 -58
7.14527e-005 2 6 -50
7.17065e-005 -3 -6 -51
4.82394e-005 3 5 -52
0.000281192 2 6 -51
0.000194453 -3 -6 -52
8.31786e-005 3 5 -53
0.000687119 2 6 -52
0.000365028 -3 -6 -53
9.92053e-005 3 5 -54
0.00118513 2 6 -53
0.000501882 -3 -6 -54
9.71184e-005 3 5 -55
0.00148122 2 6 -54
0.000515314 -3 -6 -55
8.62346e-005 3 5 -56
0.000490091 -3 -6 -56
6.22956e-005 3 5 -57
0.000386894 -3 -6 -57
3.23081e-005 3 5 -58
0.000223733 -3 -6 -58
0.000530803 2 6 -58
6.98994e-005 -3 -6 -59
0.000118932 2 6 -59
0.00013069 -2 -7 -59
3.45561e-005 1 7 -58
0.000434529 -2 -7 -58
6.20371e-005 1 7 -57
0.000756379 -2 -7 -57
0.00102454 2 6 -57
6.9615e-005 1 7 -56
0.000943954 -2 -7 -56
0.00137534 2 6 -56
6.93442e-005 1 7 -55
0.000981234 -2 -7 -55
0.00148154 2 6 -55
5.70219e-005 1 7 -54
0.000939686 -2 -7 -54
3.53806e-005 1 7 -53
0.000672924 -2 -7 -53
0.000360507 -2 -7 -52
0.00013379 -2 -7 -51
3.08052e-005 -2 -7 -50
2.31086e-005 3 6 -50
8.91595e-005 3 6 -51
7.24703e-005 2 7 -50
0.000214727 3 6 -52
0.000270054 2 7 -51
0.000360474 3 6 -53
0.000640799 2 7 -52
0.00042422 3 6 -54
0.00108435 2 7 -53
0.000416458 3 6 -55
0.0013348 2 7 -54
0.000371501 3 6 -56
0.00133347 2 7 -55
0.000265657 3 6 -57
0.00123083 2 7 -56
0.000130596 3 6 -58
2.66075e-005 3 6 -59
8.50374e-005 2 7 -59
5.1586e-005 -2 -8 -59
7.93906e-005 -3 -7 -59
0.000213609 -2 -8 -58
0.000444701 2 7 -58
0.000309957 -3 -7 -58
0.000395568 -2 -8 -57
0.000898357 2 7 -57
0.000553453 -3 -7 -57
0.000503286 -2 -8 -56
0.000716492 -3 -7 -56
0.000523728 -2 -8 -55
0.000758633 -3 -7 -55
0.000502413 -2 -8 -54
0.000747327 -3 -7 -54
0.000360651 -2 -8 -53
0.000562866 -3 -7 -53
0.000189249 -2 -8 -52
0.000312097 -3 -7 -52
6.79826e-005 -2 -8 -51
0.000122965 -3 -7 -51
3.01749e-005 -3 -7 -50
5.51911e-005 3 7 -50
0.000198649 3 7 -51
3.99537e-005 -4 -7 -52
0.00044585 3 7 -52
0.000196687 2 8 -51
6.31086e-005 -4 -7 -53
0.000716588 3 7 -53
0.000441017 2 8 -52
7.06939e-005 -4 -7 -54
0.000823467 3 7 -54
0.000719673 2 8 -53
6.82188e-005 -4 -7 -55
0.000808993 3 7 -55
0.00086612 2 8 -54
5.89974e-005 -4 -7 -56
0.000721119 3 7 -56
0.000863683 2 8 -55
4.21837e-005 -4 -7 -57
0.000510425 3 7 -57
0.000793002 2 8 -56
0.000248904 3 7 -58
4.39067e-005 3 7 -59
4.57473e-005 2 8 -59
6.09194e-005 -3 -8 -59
7.08303e-005 -2 -9 -58
0.000283627 2 8 -58
0.000305497 -3 -8 -58
0.000139867 -2 -9 -57
0.000581062 2 8 -57
0.000636601 -3 -8 -57
0.000177499 -2 -9 -56
0.000899365 -3 -8 -56
0.000183855 -2 -9 -55
0.000997352 -3 -8 -55
0.000172632 -2 -9 -54
0.00100653 -3 -8 -54
0.000121069 -2 -9 -53
0.000842175 -3 -8 -53
6.09951e-005 -2 -9 -52
0.000515486 -3 -8 -52
0.000224294 -3 -8 -51
5.65768e-005 2 8 -50
5.84371e-005 -3 -8 -50
2.16121e-005 -4 -8 -50
9.47467e-005 3 8 -50
7.84281e-005 -4 -8 -51
3.56274e-005 4 7 -52
0.000321082 3 8 -51
0.000170597 -4 -8 -52
5.18416e-005 4 7 -53
0.000710236 3 8 -52
0.000260572 -4 -8 -53
5.30403e-005 4 7 -54
0.00114726 3 8 -53
0.000283184 -4 -8 -54
5.01038e-005 4 7 -55
0.00129307 3 8 -54
0.000273281 -4 -8 -55
4.0785e-005 4 7 -56
0.00126345 3 8 -55
0.000232188 -4 -8 -56
2.59938e-005 4 7 -57
0.00108595 3 8 -56
0.00015654 -4 -8 -57
0.000705356 3 8 -57
6.95701e-005 -4 -8 -58
0.000287369 3 8 -58
3.41458e-005 3 8 -59
3.60668e-005 -3 -9 -59
0.000121445 2 9 -58
0.000259634 -3 -9 -58
0.000251344 2 9 -57
0.000592959 -3 -9 -57
2.7162e-005 -2 -10 -56
0.000333883 2 9 -56
0.000859689 -3 -9 -56
2.78198e-005 -2 -10 -55
0.000353492 2 9 -55
0.000965292 -3 -9 -55
2.07241e-005 -2 -10 -54
0.000349881 2 9 -54
0.000977661 -3 -9 -54
0.000288026 2 9 -53
0.000835712 -3 -9 -53
0.000181061 2 9 -52
0.000524011 -3 -9 -52
8.30247e-005 2 9 -51
0.000235952 -3 -9 -51
2.42253e-005 2 9 -50
6.67429e-005 -3 -9 -50
2.4685e-005 4 8 -50
3.00614e-005 3 9 -49
4.98292e-005 -4 -9 -50
8.36333e-005 4 8 -51
0.000142673 3 9 -50
0.000170397 -4 -9 -51
0.000182989 4 8 -52
0.000430987 3 9 -51
0.00035667 -4 -9 -52
0.000278476 4 8 -53
0.00086546 3 9 -52
0.00052811 -4 -9 -53
0.000292772 4 8 -54
0.00124134 3 9 -53
0.000563642 -4 -9 -54
0.00027987 4 8 -55
0.00130844 3 9 -54
0.000545039 -4 -9 -55
0.000229503 4 8 -56
0.00126948 3 9 -55
0.000455766 -4 -9 -56
0.000142336 4 8 -57
0.00107254 3 9 -56
0.000291776 -4 -9 -57
5.47097e-005 4 8 -58
0.000118206 -4 -9 -58
2.20646e-005 3 9 -59
2.28968e-005 2 10 -58
0.000182581 -3 -10 -58
0.000263789 3 9 -58
6.4849e-005 2 10 -57
0.000457575 -3 -10 -57
0.000682943 3 9 -57
8.67687e-005 2 10 -56
0.000697469 -3 -10 -56
9.00326e-005 2 10 -55
0.000781283 -3 -10 -55
8.67054e-005 2 10 -54
0.00078115 -3 -10 -54
6.92192e-005 2 10 -53
0.000667394 -3 -10 -53
4.30837e-005 2 10 -52
0.000424875 -3 -10 -52
0.000194803 -3 -10 -51
5.68187e-005 -3 -10 -50
8.01068e-005 4 9 -50
3.10914e-005 3 10 -49
0.000239303 4 9 -51
0.000140343 3 10 -50
3.25802e-005 -5 -9 -52
0.000469037 4 9 -52
0.000408586 3 10 -51
4.1495e-005 -5 -9 -53
0.000647866 4 9 -53
0.000792875 3 10 -52
3.94747e-005 -5 -9 -54
0.000660262 4 9 -54
0.00111021 3 10 -53
3.42759e-005 -5 -9 -55
0.000624845 4 9 -55
0.00116138 3 10 -54
2.43168e-005 -5 -9 -56
0.000495519 4 9 -56
0.00112228 3 10 -55
0.000296917 4 9 -57
0.000921415 3 10 -56
0.000105351 4 9 -58
0.00055512 3 10 -57
0.000184722 3 10 -58
0.000101113 -3 -11 -58
0.000137905 -4 -10 -58
0.000269073 -3 -11 -57
0.00040147 -4 -10 -57
0.000407891 -3 -11 -56
0.000646258 -4 -10 -56
0.00044312 -3 -11 -55
0.000805853 -4 -10 -55
0.000436744 -3 -11 -54
0.000863612 -4 -10 -54
0.000361309 -3 -11 -53
0.000847585 -4 -10 -53
0.000224726 -3 -11 -52
0.000588962 -4 -10 -52
0.000100041 -3 -11 -51
0.000281484 -4 -10 -51
2.84416e-005 -3 -11 -50
8.5427e-005 -4 -10 -50
3.30819e-005 4 10 -49
2.47341e-005 -5 -10 -50
0.00014124 4 10 -50
7.90922e-005 -5 -10 -51
2.70706e-005 5 9 -52
0.000386682 4 10 -51
0.000159082 -5 -10 -52
3.26127e-005 5 9 -53
0.000722829 4 10 -52
0.000212321 -5 -10 -53
3.15609e-005 5 9 -54
0.000966098 4 10 -53
0.000209694 -5 -10 -54
2.7771e-005 5 9 -55
0.000979331 4 10 -54
0.000187342 -5 -10 -55
0.000926773 4 10 -55
0.000131325 -5 -10 -56
0.000737088 4 10 -56
0.000707873 3 11 -55
6.74399e-005 -5 -10 -57
0.000434911 4 10 -57
0.000567557 3 11 -56
0.000124314 4 10 -58
0.000324479 3 11 -57
9.52063e-005 3 11 -58
3.68383e-005 -3 -12 -58
0.000122108 -4 -11 -58
0.000107953 -3 -12 -57
0.000406141 -4 -11 -57
0.000156863 -3 -12 -56
0.000727529 -4 -11 -56
0.000167802 -3 -12 -55
0.000943846 -4 -11 -55
0.000163924 -3 -12 -54
0.000734372 3 11 -54
0.00100258 -4 -11 -54
0.000131411 -3 -12 -53
0.000706356 3 11 -53
0.000972814 -4 -11 -53
7.91039e-005 -3 -12 -52
0.000518727 3 11 -52
0.000708445 -4 -11 -52
3.22635e-005 -3 -12 -51
0.000279998 3 11 -51
0.000367699 -4 -11 -51
0.000102519 3 11 -50
0.000124942 -4 -11 -50
2.34781e-005 3 11 -49
2.53783e-005 -4 -11 -49
3.24522e-005 5 10 -50
5.62748e-005 4 11 -49
7.12203e-005 -5 -11 -50
8.32914e-005 5 10 -51
0.000229159 4 11 -50
0.000201038 -5 -11 -51
0.000146592 5 10 -52
0.000590674 4 11 -51
0.000370548 -5 -11 -52
0.000169475 5 10 -53
0.00102079 4 11 -52
0.000474376 -5 -11 -53
0.000163419 5 10 -54
0.00125436 4 11 -53
0.000470424 -5 -11 -54
0.000142726 5 10 -55
2.0746e-005 -3 -13 -53
0.00124968 4 11 -54
0.0004196 -5 -11 -55
0.000103221 5 10 -56
3.11172e-005 -3 -13 -54
0.0011481 4 11 -55
0.000294807 -5 -11 -56
5.46458e-005 5 10 -57
0.000843059 4 11 -56
3.58523e-005 -3 -13 -55
0.000150439 -5 -11 -57
0.00043261 4 11 -57
3.69318e-005 -5 -11 -58
0.000101163 4 11 -58
2.94671e-005 3 12 -58
8.83198e-005 -4 -12 -58
0.000135247 3 12 -57
0.000361778 -4 -12 -57
3.11724e-005 -3 -13 -56
0.000244107 3 12 -56
0.000669533 -4 -12 -56
0.000301317 3 12 -55
0.000871773 -4 -12 -55
0.000308892 3 12 -54
0.000923079 -4 -12 -54
0.000295367 3 12 -53
0.000891677 -4 -12 -53
0.00022078 3 12 -52
0.000653964 -4 -12 -52
0.00012206 3 12 -51
0.000346678 -4 -12 -51
4.60248e-005 3 12 -50
0.000122378 -4 -12 -50
2.716e-005 -4 -12 -49
2.7259e-005 5 11 -49
0.000110449 5 11 -50
8.97076e-005 4 12 -49
0.000265529 5 11 -51
0.000298331 4 12 -50
2.24574e-005 -6 -11 -52
0.000431776 5 11 -52
0.000636236 4 12 -51
2.29058e-005 -6 -11 -53
0.00055524 -5 -12 -52
0.000484657 5 11 -53
0.00101489 4 12 -52
2.10449e-005 -6 -11 -54
0.00071075 -5 -12 -53
0.0004697 5 11 -54
0.00121594 4 12 -53
0.000710413 -5 -12 -54
0.000405877 5 11 -55
0.00120759 4 12 -54
0.000651937 -5 -12 -55
0.000280855 5 11 -56
0.00109564 4 12 -55
0.00048672 -5 -12 -56
0.000137747 5 11 -57
0.000779522 4 12 -56
0.000234832 -5 -12 -57
2.67961e-005 5 11 -58
0.000369732 4 12 -57
4.15143e-005 -5 -12 -58
6.21056e-005 4 12 -58
5.52005e-005 -4 -13 -58
2.78861e-005 3 13 -57
0.000251409 -4 -13 -57
7.14712e-005 3 13 -56
0.000485448 -4 -13 -56
8.97849e-005 3 13 -55
0.000615602 -4 -13 -55
9.17927e-005 3 13 -54
0.000640688 -4 -13 -54
8.65442e-005 3 13 -53
0.000613854 -4 -13 -53
6.45649e-005 3 13 -52
0.000451421 -4 -13 -52
3.442e-005 3 13 -51
0.000245361 -4 -13 -51
0.000310019 -5 -12 -51
9.31356e-005 -4 -13 -50
0.000118901 -5 -12 -50
2.20334e-005 -4 -13 -49
2.80277e-005 -5 -12 -49
7.16065e-005 5 12 -49
2.91432e-005 -6 -12 -50
0.00023643 5 12 -50
6.64898e-005 -6 -12 -51
0.000495126 5 12 -51
0.00010624 -6 -12 -52
0.00074512 5 12 -52
0.000533949 4 13 -51
0.000110262 -6 -12 -53
0.000816902 5 12 -53
0.00081862 4 13 -52
0.000102579 -6 -12 -54
0.000796739 5 12 -54
8.39285e-005 -6 -12 -55
0.000691433 5 12 -55
5.83243e-005 -6 -12 -56
0.000482279 5 12 -56
2.35999e-005 -6 -12 -57
0.000211091 5 12 -57
0.000595424 4 13 -56
2.59052e-005 5 12 -58
0.000243031 4 13 -57
2.61901e-005 4 13 -58
2.10108e-005 -4 -14 -58
3.57814e-005 -5 -13 -58
0.000129313 -4 -14 -57
0.000227748 -5 -13 -57
0.000255571 -4 -14 -56
0.000506474 -5 -13 -56
0.000316238 -4 -14 -55
0.000887842 4 13 -55
0.000779357 -5 -13 -55
0.000324071 -4 -14 -54
0.000976422 4 13 -54
0.000881408 -5 -13 -54
0.00030103 -4 -14 -53
0.000970942 4 13 -53
0.000889002 -5 -13 -53
0.00021509 -4 -14 -52
0.000732006 -5 -13 -52
0.000114538 -4 -14 -51
0.000436331 -5 -13 -51
4.47145e-005 -4 -14 -50
0.00025979 4 13 -50
0.00017868 -5 -13 -50
8.51298e-005 4 13 -49
4.67158e-005 -5 -13 -49
2.74436e-005 5 13 -48
2.4021e-005 -6 -13 -49
3.73716e-005 6 12 -50
0.000129035 5 13 -49
8.684e-005 -6 -13 -50
6.92386e-005 6 12 -51
0.000370943 5 13 -50
0.000192689 -6 -13 -51
9.0936e-005 6 12 -52
0.000723314 5 13 -51
0.0002941 -6 -13 -52
8.89921e-005 6 12 -53
0.00106503 5 13 -52
3.8811e-005 -4 -15 -51
0.000318576 -6 -13 -53
8.10527e-005 6 12 -54
0.00111841 5 13 -53
0.000304094 -6 -13 -54
6.44986e-005 6 12 -55
0.0010696 5 13 -54
0.0002494 -6 -13 -55
4.4303e-005 6 12 -56
0.000869832 5 13 -55
0.000157421 -6 -13 -56
0.000535445 5 13 -56
5.77441e-005 -6 -13 -57
0.000201216 5 13 -57
2.11144e-005 -5 -14 -58
3.46918e-005 -4 -15 -57
0.000116223 4 14 -57
0.000193166 -5 -14 -57
8.76496e-005 -4 -15 -56
0.000330879 4 14 -56
0.000476117 -5 -14 -56
0.000111987 -4 -15 -55
0.000520687 4 14 -55
0.000739087 -5 -14 -55
0.000114577 -4 -15 -54
0.000573796 4 14 -54
0.000848838 -5 -14 -54
0.000104685 -4 -15 -53
0.000561535 4 14 -53
0.000858697 -5 -14 -53
7.40293e-005 -4 -15 -52
0.000473386 4 14 -52
0.00072356 -5 -14 -52
0.000315504 4 14 -51
0.000462456 -5 -14 -51
0.000157967 4 14 -50
0.000225238 -5 -14 -50
5.64532e-005 4 14 -49
7.17084e-005 -5 -14 -49
4.91497e-005 6 13 -49
5.57495e-005 5 14 -48
0.000137435 6 13 -50
0.000223082 5 14 -49
0.000255515 6 13 -51
0.000535317 5 14 -50
0.000344603 6 13 -52
0.000920414 5 14 -51
0.000499368 -6 -14 -52
0.000344016 6 13 -53
0.0011727 5 14 -52
0.000537617 -6 -14 -53
0.000315647 6 13 -54
0.00118375 5 14 -53
0.000514776 -6 -14 -54
0.000241455 6 13 -55
0.000421024 -6 -14 -55
0.000133875 6 13 -56
2.29616e-005 -4 -16 -54
0.000265137 -6 -14 -56
3.92864e-005 6 13 -57
0.000501799 5 14 -56
8.74699e-005 -6 -14 -57
0.000154646 5 14 -57
3.12995e-005 4 15 -57
0.000125642 -5 -15 -57
0.000131576 4 15 -56
0.000367626 -5 -15 -56
0.000212643 4 15 -55
0.000599926 -5 -15 -55
0.000858266 5 14 -55
0.000231536 4 15 -54
0.000712316 -5 -15 -54
0.00109537 5 14 -54
0.000226885 4 15 -53
0.000726361 -5 -15 -53
0.000193113 4 15 -52
0.000623863 -5 -15 -52
0.00013463 4 15 -51
0.000399505 -5 -15 -51
7.10273e-005 4 15 -50
0.000342563 -6 -14 -51
0.000200306 -5 -15 -50
2.71904e-005 4 15 -49
0.000174412 -6 -14 -50
7.00299e-005 -5 -15 -49
5.73762e-005 -6 -14 -49
3.62467e-005 6 14 -48
0.000145433 6 14 -49
2.8255e-005 -7 -14 -50
0.000340128 6 14 -50
4.5976e-005 -7 -14 -51
0.000562422 6 14 -51
5.57935e-005 -7 -14 -52
2.33099e-005 4 16 -50
0.000676193 6 14 -52
0.000886993 5 15 -51
5.37689e-005 -7 -14 -53
4.33376e-005 4 16 -51
0.000661979 6 14 -53
0.00108815 5 15 -52
4.82809e-005 -7 -14 -54
5.87805e-005 4 16 -52
0.000582423 6 14 -54
0.00109525 5 15 -53
3.85103e-005 -7 -14 -55
0.000429751 6 14 -55
0.00101023 5 15 -54
0.000237334 6 14 -56
0.000752994 5 15 -55
5.57214e-005 6 14 -57
0.000390283 5 15 -56
8.51546e-005 5 15 -57
6.49387e-005 -5 -16 -57
2.22103e-005 4 16 -56
8.07133e-005 -6 -15 -57
0.000216046 -5 -16 -56
5.90755e-005 4 16 -55
0.000281792 -6 -15 -56
0.000364781 -5 -16 -55
6.81511e-005 4 16 -54
0.000515949 -6 -15 -55
0.000448658 -5 -16 -54
6.77736e-005 4 16 -53
0.000658268 -6 -15 -54
0.000459311 -5 -16 -53
0.000688994 -6 -15 -53
0.000398606 -5 -16 -52
0.000656659 -6 -15 -52
0.000262406 -5 -16 -51
0.000486871 -6 -15 -51
0.000137836 -5 -16 -50
0.000536859 5 15 -50
0.000264964 -6 -15 -50
5.29936e-005 -5 -16 -49
0.000243101 5 15 -49
9.9143e-005 -6 -15 -49
7.28251e-005 5 15 -48
2.13372e-005 -6 -15 -48
8.27423e-005 6 15 -48
3.87611e-005 -7 -15 -49
3.94917e-005 7 14 -50
0.000254732 6 15 -49
9.90248e-005 -7 -15 -50
5.67988e-005 7 14 -51
0.000524594 6 15 -50
0.000205187 5 16 -49
0.000168568 -7 -15 -51
5.75615e-005 7 14 -52
0.00081743 6 15 -51
0.000206145 -7 -15 -52
5.32903e-005 7 14 -53
0.000934895 6 15 -52
0.00020024 -7 -15 -53
4.13555e-005 7 14 -54
0.00091771 6 15 -53
0.000176326 -7 -15 -54
2.59416e-005 7 14 -55
0.000836712 6 15 -54
0.000119858 -7 -15 -55
0.000584429 6 15 -55
5.27712e-005 -7 -15 -56
0.000261785 6 15 -56
4.46485e-005 6 15 -57
3.0387e-005 5 16 -57
5.57003e-005 -6 -16 -57
9.00462e-005 -5 -17 -56
0.000231716 5 16 -56
0.000249617 -6 -16 -56
0.00016863 -5 -17 -55
0.00051986 5 16 -55
0.000493164 -6 -16 -55
0.000207527 -5 -17 -54
0.000729105 5 16 -54
0.000655946 -6 -16 -54
0.000207919 -5 -17 -53
0.000789413 5 16 -53
0.000715495 -6 -16 -53
0.000178021 -5 -17 -52
0.000788951 5 16 -52
0.000719281 -6 -16 -52
0.000123995 -5 -17 -51
0.000678978 5 16 -51
0.00059944 -6 -16 -51
6.9102e-005 -5 -17 -50
0.0004401 5 16 -50
0.000367788 -6 -16 -50
2.7957e-005 -5 -17 -49
0.000155979 -6 -16 -49
6.45496e-005 5 16 -48
4.03803e-005 -6 -16 -48
2.74646e-005 7 15 -48
3.19845e-005 6 16 -47
8.42654e-005 7 15 -49
0.000144521 6 16 -48
0.000164268 7 15 -50
0.00039163 6 16 -49
0.000227593 7 15 -51
0.000757799 6 16 -50
0.000350138 -7 -16 -51
0.000227263 7 15 -52
2.6498e-005 -5 -18 -50
0.00108757 6 16 -51
0.000387889 -7 -16 -52
0.000209667 7 15 -53
4.56844e-005 -5 -18 -51
0.00114637 6 16 -52
0.000369699 -7 -16 -53
0.000169716 7 15 -54
0.00109888 6 16 -53
0.000428411 5 17 -52
0.000317021 -7 -16 -54
9.76533e-005 7 15 -55
7.01237e-005 -5 -18 -53
0.000216155 -7 -16 -55
3.79325e-005 7 15 -56
0.000556181 6 16 -55
9.78271e-005 -7 -16 -56
0.00022352 6 16 -56
2.31245e-005 6 16 -57
2.58397e-005 -6 -17 -57
9.58446e-005 5 17 -56
0.000178635 -6 -17 -56
4.76396e-005 -5 -18 -55
0.000259415 5 17 -55
0.000406663 -6 -17 -55
6.92822e-005 -5 -18 -54
0.000387384 5 17 -54
0.000589627 -6 -17 -54
0.00087718 6 16 -54
0.000428233 5 17 -53
0.000666664 -6 -17 -53
6.01776e-005 -5 -18 -52
0.000674353 -6 -17 -52
0.000377442 5 17 -51
0.000579635 -6 -17 -51
0.000251468 5 17 -50
0.000373408 -6 -17 -50
0.000120261 5 17 -49
0.000228311 -7 -16 -50
0.000183697 -6 -17 -49
3.92169e-005 5 17 -48
0.000104396 -7 -16 -49
5.6285e-005 -6 -17 -48
2.72266e-005 -7 -16 -48
8.68739e-005 7 16 -48
0.000227594 7 16 -49
2.76831e-005 -8 -16 -50
0.000409645 7 16 -50
0.000527017 6 17 -49
3.53781e-005 -8 -16 -51
0.000523426 7 16 -51
0.000866539 6 17 -50
5.42649e-005 5 18 -49
3.35082e-005 -8 -16 -52
0.000517635 7 16 -52
0.0010858 6 17 -51
2.69866e-005 -8 -16 -53
0.000468678 7 16 -53
0.00111763 6 17 -52
0.000357525 7 16 -54
0.00105733 6 17 -53
0.000209368 7 16 -55
0.000819527 6 17 -54
0.000271011 -7 -17 -55
6.98053e-005 7 16 -56
9.756e-005 -7 -17 -56
0.000146933 6 17 -56
9.71002e-005 -6 -18 -56
8.57787e-005 5 18 -55
0.00027176 -6 -18 -55
0.000466727 6 17 -55
0.000145022 5 18 -54
0.000443515 -6 -18 -54
0.000167903 5 18 -53
0.000444606 -7 -17 -54
0.000516074 -6 -18 -53
0.000168969 5 18 -52
0.000535965 -7 -17 -53
0.000510051 -6 -18 -52
0.000152255 5 18 -51
0.000537888 -7 -17 -52
0.000453594 -6 -18 -51
0.000106615 5 18 -50
0.000499678 -7 -17 -51
0.000314542 -6 -18 -50
0.000344928 -7 -17 -50
0.000158986 -6 -18 -49
0.000174988 -7 -17 -49
5.38974e-005 -6 -18 -48
0.000233069 6 17 -48
5.86423e-005 -7 -17 -48
6.69993e-005 6 17 -47
5.72152e-005 7 17 -47
2.14559e-005 -8 -17 -48
2.46738e-005 8 16 -49
0.000197395 7 17 -48
5.63173e-005 -8 -17 -49
3.61786e-005 8 16 -50
0.000433071 7 17 -49
0.000103101 -8 -17 -50
3.28528e-005 8 16 -51
0.000685044 7 17 -50
0.00012672 -8 -17 -51
2.61023e-005 8 16 -52
0.00081383 7 17 -51
3.13087e-005 5 19 -50
0.00011847 -8 -17 -52
0.000806515 7 17 -52
0.000106851 -8 -17 -53
4.5306e-005 5 19 -51
0.000742838 7 17 -53
6.89644e-005 -8 -17 -54
4.9576e-005 5 19 -52
0.000550946 7 17 -54
3.95164e-005 -8 -17 -55
4.68047e-005 5 19 -53
0.000276915 7 17 -55
2.56206e-005 5 19 -54
6.55093e-005 7 17 -56
3.50753e-005 -6 -19 -56
6.30159e-005 6 18 -56
7.65824e-005 -7 -18 -56
0.000141406 -6 -19 -55
0.000318993 6 18 -55
0.000246606 -7 -18 -55
0.000252554 -6 -19 -54
0.000648048 6 18 -54
0.000431259 -7 -18 -54
0.000308136 -6 -19 -53
0.000893793 6 18 -53
0.000562492 -7 -18 -53
0.000305485 -6 -19 -52
0.000972256 6 18 -52
0.000638486 -7 -18 -52
0.000275519 -6 -19 -51
0.000948674 6 18 -51
0.000630219 -7 -18 -51
0.000201484 -6 -19 -50
0.000755949 6 18 -50
0.000478707 -7 -18 -50
0.000105264 -6 -19 -49
0.000481727 6 18 -49
0.000258227 -7 -18 -49
3.55673e-005 -6 -19 -48
0.000225272 6 18 -48
0.00010077 -7 -18 -48
7.40973e-005 6 18 -47
2.2717e-005 -7 -18 -47
2.48282e-005 7 18 -46
5.2132e-005 8 17 -48
0.000114926 7 18 -47
0.000105908 8 17 -49
0.000332072 7 18 -48
0.000142726 8 17 -50
0.000647885 7 18 -49
0.000139772 8 17 -51
0.000957716 7 18 -50
0.000333472 6 19 -49
0.000281669 -8 -18 -51
0.000127641 8 17 -52
9.30684e-005 -6 -20 -50
0.000269457 -8 -18 -52
0.000105851 8 17 -53
0.000121053 -6 -20 -51
0.000226511 -8 -18 -53
6.98675e-005 8 17 -54
0.000847807 7 18 -53
0.000151981 -8 -18 -54
3.17536e-005 8 17 -55
0.000556231 7 18 -54
7.90964e-005 -8 -18 -55
0.000255755 7 18 -55
4.03666e-005 7 18 -56
3.88337e-005 -7 -19 -56
4.67837e-005 -6 -20 -55
0.00015425 6 19 -55
0.000189651 -7 -19 -55
0.000105974 -6 -20 -54
0.000373775 6 19 -54
0.000383181 -7 -19 -54
0.000134976 -6 -20 -53
0.000571809 6 19 -53
0.000539921 -7 -19 -53
0.000131857 -6 -20 -52
0.000646516 6 19 -52
0.000622145 -7 -19 -52
0.000998207 7 18 -52
0.000631306 6 19 -51
0.000622728 -7 -19 -51
0.00103532 7 18 -51
0.00051291 6 19 -50
0.000520964 -7 -19 -50
5.1154e-005 -6 -20 -49
0.000241374 -8 -18 -50
0.000336853 -7 -19 -49
0.000171375 6 19 -48
0.000144529 -8 -18 -49
0.000159711 -7 -19 -48
6.169e-005 6 19 -47
6.02033e-005 -8 -18 -48
4.89457e-005 -7 -19 -47
5.90078e-005 8 18 -47
0.000164702 8 18 -48
3.86796e-005 6 20 -47
0.000302094 8 18 -49
0.000512972 7 19 -48
0.000400376 8 18 -50
0.000843671 7 19 -49
9.41437e-005 6 20 -48
2.00063e-005 -6 -21 -49
0.000398656 8 18 -51
0.00106768 7 19 -50
3.37203e-005 -6 -21 -50
0.000364909 8 18 -52
0.00108654 7 19 -51
0.000273061 8 18 -53
4.11244e-005 -6 -21 -51
0.00100699 7 19 -52
0.000160823 8 18 -54
0.000816856 7 19 -53
0.000222366 -8 -19 -54
5.986e-005 8 18 -55
4.03824e-005 -6 -21 -53
8.75269e-005 -8 -19 -55
3.65003e-005 6 20 -55
0.000113003 -7 -20 -55
0.000180979 7 19 -55
0.000161199 6 20 -54
0.00028747 -7 -20 -54
0.000504621 7 19 -54
0.000273384 6 20 -53
0.000456902 -7 -20 -53
4.42412e-005 -6 -21 -52
0.000318511 6 20 -52
0.000348046 -8 -19 -53
0.000550588 -7 -20 -52
0.000304776 6 20 -51
0.00041496 -8 -19 -52
0.000564418 -7 -20 -51
0.00024487 6 20 -50
0.00043358 -8 -19 -51
0.000486852 -7 -20 -50
0.000167326 6 20 -49
0.000392768 -8 -19 -50
0.000317235 -7 -20 -49
0.000264892 -8 -19 -49
0.000154754 -7 -20 -48
0.000130386 -8 -19 -48
5.51495e-005 -7 -20 -47
0.000224338 7 19 -47
4.15104e-005 -8 -19 -47
5.98215e-005 7 19 -46
4.60425e-005 8 19 -46
0.000170037 8 19 -47
3.34586e-005 -9 -19 -48
0.000375159 8 19 -48
5.9037e-005 -9 -19 -49
0.000592131 8 19 -49
4.2501e-005 6 21 -48
6.96563e-005 -9 -19 -50
0.000695875 8 19 -50
6.21466e-005 -9 -19 -51
6.87253e-005 6 21 -49
0.000672348 8 19 -51
5.89781e-005 -9 -19 -52
9.01989e-005 6 21 -50
0.000595955 8 19 -52
4.62475e-005 -9 -19 -53
0.000111705 6 21 -51
0.000451244 8 19 -53
2.75341e-005 -9 -19 -54
0.000116129 6 21 -52
0.000250907 8 19 -54
6.54987e-005 8 19 -55
4.49127e-005 -7 -21 -55
8.71881e-005 7 20 -55
3.21014e-005 6 21 -54
7.37559e-005 -8 -20 -55
0.000167716 -7 -21 -54
0.000366821 7 20 -54
9.26382e-005 6 21 -53
0.000217463 -8 -20 -54
0.000300436 -7 -21 -53
0.000690724 7 20 -53
0.000382664 -8 -20 -53
0.00037908 -7 -21 -52
0.000926666 7 20 -52
0.000506575 -8 -20 -52
0.000395399 -7 -21 -51
0.00101871 7 20 -51
0.000537761 -8 -20 -51
0.00035931 -7 -21 -50
0.00100794 7 20 -50
0.000495244 -8 -20 -50
0.000238189 -7 -21 -49
0.000830672 7 20 -49
0.000374693 -8 -20 -49
0.000126945 -7 -21 -48
0.000534809 7 20 -48
0.000210879 -8 -20 -48
5.08407e-005 -7 -21 -47
0.00026494 7 20 -47
8.21567e-005 -8 -20 -47
9.44451e-005 7 20 -46
2.27439e-005 7 20 -45
3.53542e-005 9 19 -47
0.000119565 8 20 -46
6.75757e-005 9 19 -48
9.52943e-005 9 19 -49
0.00056525 8 20 -48
9.03028e-005 9 19 -50
7.23173e-005 -7 -22 -48
0.000196951 -9 -20 -50
7.93905e-005 9 19 -51
0.000134596 -7 -22 -49
0.000185615 -9 -20 -51
6.58104e-005 9 19 -52
0.000902027 8 20 -51
0.000159666 -9 -20 -52
4.47729e-005 9 19 -53
0.000777074 8 20 -52
0.000104756 -9 -20 -53
0.000523044 8 20 -53
5.35895e-005 -9 -20 -54
0.000243123 8 20 -54
4.77138e-005 8 20 -55
4.04582e-005 -8 -21 -55
7.55842e-005 -7 -22 -54
0.000197107 7 21 -54
0.000173545 -8 -21 -54
0.00015455 -7 -22 -53
0.000480251 7 21 -53
0.000352466 -8 -21 -53
0.000204835 -7 -22 -52
0.000701674 7 21 -52
0.00050118 -8 -21 -52
0.000217343 -7 -22 -51
0.00077989 7 21 -51
0.000561255 -8 -21 -51
0.000202949 -7 -22 -50
0.000761709 7 21 -50
0.000563665 -8 -21 -50
0.000902415 8 20 -50
0.00066924 7 21 -49
0.00047139 -8 -21 -49
0.000806733 8 20 -49
0.000459756 7 21 -48
0.000166764 -9 -20 -49
0.000303752 -8 -21 -48
3.31751e-005 -7 -22 -47
0.000236221 7 21 -47
0.000100699 -9 -20 -48
0.000139436 -8 -21 -47
0.000311529 8 20 -47
8.98079e-005 7 21 -46
4.16013e-005 -9 -20 -47
4.2384e-005 -8 -21 -46
2.42063e-005 7 21 -45
2.67941e-005 8 20 -45
5.33389e-005 9 20 -46
2.08238e-005 7 22 -45
0.000133342 9 20 -47
6.54989e-005 7 22 -46
0.000234209 9 20 -48
0.000473002 8 21 -47
0.000297944 9 20 -49
0.000796778 8 21 -48
0.000283879 9 20 -50
3.31624e-005 -7 -23 -48
0.00101599 8 21 -49
0.000263625 9 20 -51
5.85602e-005 -7 -23 -49
0.00105328 8 21 -50
0.000196775 9 20 -52
0.000952604 8 21 -51
0.000447359 7 22 -50
0.000112384 9 20 -53
8.8912e-005 -7 -23 -51
0.000174277 -9 -21 -53
4.06768e-005 9 20 -54
7.86772e-005 -7 -23 -52
7.26856e-005 -9 -21 -54
0.000181918 8 21 -54
6.21159e-005 7 22 -54
0.000110853 -8 -22 -54
5.02837e-005 -7 -23 -53
0.000235703 7 22 -53
0.000279362 -8 -22 -53
0.000466946 8 21 -53
0.000395298 7 22 -52
0.000445246 -8 -22 -52
0.00075578 8 21 -52
0.000456782 7 22 -51
0.00026449 -9 -21 -52
0.000525498 -8 -22 -51
8.35532e-005 -7 -23 -50
0.00031575 -9 -21 -51
0.000539107 -8 -22 -50
0.000407746 7 22 -49
0.00033837 -9 -21 -50
0.000466136 -8 -22 -49
0.000298544 7 22 -48
0.000309795 -9 -21 -49
0.000327777 -8 -22 -48
0.00015328 7 22 -47
0.000216575 -9 -21 -48
0.000181047 -8 -22 -47
0.000108251 -9 -21 -47
6.57455e-005 -8 -22 -46
0.000212753 8 21 -46
3.31142e-005 -9 -21 -46
6.29234e-005 8 21 -45
4.88492e-005 9 21 -45
2.38628e-005 -10 -21 -47
6.28607e-005 -8 -23 -46
0.000325128 9 21 -47
3.69205e-005 7 23 -46
3.63779e-005 -10 -21 -48
0.000497263 9 21 -48
7.88728e-005 7 23 -47
4.49982e-005 -10 -21 -49
0.000568431 9 21 -49
4.1636e-005 -10 -21 -50
0.000142243 7 23 -48
0.000543362 9 21 -50
3.69744e-005 -10 -21 -51
0.000180156 7 23 -49
2.06858e-005 -7 -24 -49
0.000478457 9 21 -51
2.39833e-005 -10 -21 -52
0.000191815 7 23 -50
2.67086e-005 -7 -24 -50
0.000356509 9 21 -52
0.000195018 9 21 -53
2.20166e-005 -7 -24 -52
5.43073e-005 9 21 -54
4.63407e-005 -8 -23 -54
9.24e-005 8 22 -54
6.57824e-005 7 23 -53
6.51991e-005 -9 -22 -54
0.00017573 -8 -23 -53
0.000352745 8 22 -53
0.000159991 7 23 -52
0.000176945 -9 -22 -53
0.000332078 -8 -23 -52
0.000663524 8 22 -52
0.000191866 7 23 -51
0.000329761 -9 -22 -52
0.000429107 -8 -23 -51
0.000899731 8 22 -51
0.000430639 -9 -22 -51
0.000441854 -8 -23 -50
0.00101867 8 22 -50
0.000467083 -9 -22 -50
0.000384754 -8 -23 -49
0.001005 8 22 -49
0.000420459 -9 -22 -49
0.000281789 -8 -23 -48
0.000864767 8 22 -48
0.000314484 -9 -22 -48
0.000160965 -8 -23 -47
0.00061825 8 22 -47
0.00018313 -9 -22 -47
0.000335165 8 22 -46
7.74715e-005 -9 -22 -46
0.000155874 9 21 -46
0.000138423 8 22 -45
3.49102e-005 8 22 -44
2.88739e-005 10 21 -46
3.54204e-005 -10 -22 -46
4.97414e-005 10 21 -47
7.89209e-005 -10 -22 -47
6.37698e-005 10 21 -48
4.88104e-005 -8 -24 -46
0.00011947 -10 -22 -48
5.84151e-005 10 21 -49
0.000117783 -8 -24 -47
3.39922e-005 7 24 -47
0.000137235 -10 -22 -49
4.87663e-005 10 21 -50
0.000197928 -8 -24 -48
0.000133859 -10 -22 -50
5.42939e-005 7 24 -48
3.44237e-005 10 21 -51
0.000251319 -8 -24 -49
0.000107742 -10 -22 -51
6.35238e-005 7 24 -49
0.000283369 -8 -24 -50
6.7952e-005 -10 -22 -52
6.53107e-005 7 24 -50
3.0793e-005 -10 -22 -53
5.97685e-005 7 24 -51
3.02491e-005 7 24 -52
2.01984e-005 8 23 -54
3.81352e-005 -9 -23 -54
8.60114e-005 -8 -24 -53
4.16034e-005 9 22 -54
0.000199226 8 23 -53
0.000151039 -9 -23 -53
0.000185391 -8 -24 -52
0.000194344 9 22 -53
0.000482206 8 23 -52
0.000308026 -9 -23 -52
0.000262006 -8 -24 -51
0.000442779 9 22 -52
0.000739391 8 23 -51
0.000423746 -9 -23 -51
0.000675135 9 22 -51
0.000881004 8 23 -50
0.000486023 -9 -23 -50
0.00082202 9 22 -50
0.000890272 8 23 -49
0.000506977 -9 -23 -49
0.000820788 9 22 -49
0.000764535 8 23 -48
0.000427753 -9 -23 -48
0.000737343 9 22 -48
0.000561953 8 23 -47
0.000271039 -9 -23 -47
0.000547607 9 22 -47
0.000322592 8 23 -46
0.000131341 -9 -23 -46
0.000308518 9 22 -46
0.000143823 8 23 -45
4.01467e-005 -9 -23 -45
0.000128868 9 22 -45
4.72921e-005 8 23 -44
3.36399e-005 9 22 -44
4.04595e-005 8 24 -44
0.000115686 10 22 -46
0.000120243 8 24 -45
0.000182242 10 22 -47
0.000176339 -10 -23 -47
0.000217351 10 22 -48
2.89415e-005 -8 -25 -46
0.000241562 -10 -23 -48
0.000213888 10 22 -49
6.3267e-005 -8 -25 -47
0.000546766 8 24 -48
0.000261721 -10 -23 -49
0.000187769 10 22 -50
9.75604e-005 -8 -25 -48
0.000617016 8 24 -49
0.000241771 -10 -23 -50
0.000129879 10 22 -51
0.000120858 -8 -25 -49
0.000585234 8 24 -50
0.000193001 -10 -23 -51
6.70205e-005 10 22 -52
0.000138194 -8 -25 -50
2.15687e-005 10 22 -53
0.000409131 9 23 -52
0.000127601 -8 -25 -51
0.000455762 8 24 -51
0.000155314 9 23 -53
2.99711e-005 -8 -25 -53
6.78184e-005 8 24 -53
9.90058e-005 -9 -24 -53
7.31736e-005 -8 -25 -52
0.000251623 8 24 -52
4.88629e-005 -10 -23 -53
0.00024706 -9 -24 -52
0.000122744 -10 -23 -52
0.000388489 -9 -24 -51
0.000669499 9 23 -51
0.000467865 -9 -24 -50
0.000858624 9 23 -50
0.000496969 -9 -24 -49
0.000970923 9 23 -49
0.000442896 -9 -24 -48
0.000966347 9 23 -48
0.000411817 8 24 -47
0.000337874 -9 -24 -47
0.000781757 9 23 -47
0.000253247 8 24 -46
0.000195827 -9 -24 -46
0.000494746 9 23 -46
9.44781e-005 -10 -23 -46
8.41681e-005 -9 -24 -45
0.000241101 9 23 -45
3.15032e-005 -10 -23 -45
5.30153e-005 10 22 -45
8.42445e-005 9 23 -44
6.09734e-005 10 23 -44
0.000160687 10 23 -45
3.06893e-005 -9 -25 -44
2.11415e-005 -11 -23 -46
2.77375e-005 8 25 -44
0.000299376 10 23 -46
8.63044e-005 -9 -25 -45
7.44718e-005 8 25 -45
2.86713e-005 -11 -23 -47
0.000425818 10 23 -47
0.000189026 -9 -25 -46
2.96376e-005 -11 -23 -48
0.000148025 8 25 -46
0.00047569 10 23 -48
2.33378e-005 -11 -23 -49
0.000222725 8 25 -47
2.77028e-005 -8 -26 -47
0.000450926 10 23 -49
0.000989639 9 24 -48
3.78829e-005 -8 -26 -48
0.000369219 10 23 -50
0.000960859 9 24 -49
0.000294443 8 25 -48
0.000249969 10 23 -51
4.35474e-005 -8 -26 -49
0.000830226 9 24 -50
0.000327685 8 25 -49
0.000128656 10 23 -52
4.92953e-005 -8 -26 -50
0.000602274 9 24 -51
0.000293732 8 25 -50
3.08542e-005 10 23 -53
4.19887e-005 -8 -26 -51
0.000302078 9 24 -52
0.00020261 8 25 -51
7.99256e-005 9 24 -53
8.23896e-005 8 25 -52
5.19251e-005 -9 -25 -53
4.81077e-005 -10 -24 -53
0.000160662 -9 -25 -52
0.00013357 -10 -24 -52
0.000299461 -9 -25 -51
0.000253791 -10 -24 -51
0.000399169 -9 -25 -50
0.000345302 -10 -24 -50
0.00044425 -9 -25 -49
0.0003936 -10 -24 -49
0.000412748 -9 -25 -48
0.000360008 -10 -24 -48
0.000316996 -9 -25 -47
0.000912082 9 24 -47
0.000285638 -10 -24 -47
0.000688735 9 24 -46
0.000174931 -10 -24 -46
0.000418639 9 24 -45
7.74158e-005 -10 -24 -45
0.000191216 9 24 -44
5.57721e-005 9 24 -43
5.29706e-005 10 24 -43
2.60596e-005 9 25 -42
2.78214e-005 11 23 -45
0.000169191 10 24 -44
9.1134e-005 9 25 -43
3.97524e-005 11 23 -46
2.98917e-005 -9 -26 -44
0.000349055 10 24 -45
0.000217083 9 25 -44
4.32076e-005 11 23 -47
0.00055664 10 24 -46
7.90235e-005 -9 -26 -45
0.000419575 9 25 -45
3.87821e-005 8 26 -45
3.57651e-005 11 23 -48
0.000693755 10 24 -47
0.000678617 9 25 -46
0.000150716 -9 -26 -46
9.01312e-005 -11 -24 -47
6.84505e-005 8 26 -46
9.79659e-005 -11 -24 -48
2.61083e-005 11 23 -49
0.000725848 10 24 -48
0.00087451 9 25 -47
9.51377e-005 8 26 -47
8.88155e-005 -11 -24 -49
0.000672168 10 24 -49
0.000932042 9 25 -48
0.000302162 -9 -26 -48
0.000119777 8 26 -48
6.50089e-005 -11 -24 -50
0.00054779 10 24 -50
0.000866722 9 25 -49
0.000306718 -9 -26 -49
3.93248e-005 -11 -24 -51
0.000128619 8 26 -49
0.000338159 10 24 -51
0.000700655 9 25 -50
0.000102258 8 26 -50
0.000135054 10 24 -52
0.000436057 9 25 -51
4.71006e-005 8 26 -51
2.51587e-005 10 24 -53
0.000165494 9 25 -52
2.01346e-005 -9 -26 -53
3.31607e-005 -10 -25 -53
8.03306e-005 -9 -26 -52
0.000117792 -10 -25 -52
0.000187109 -9 -26 -51
0.00024424 -10 -25 -51
0.000270393 -9 -26 -50
0.000348861 -10 -25 -50
0.000421663 -10 -25 -49
0.000434113 -10 -25 -48
0.000244326 -9 -26 -47
0.000388167 -10 -25 -47
0.000266841 -10 -25 -46
6.57501e-005 -11 -24 -46
0.000138557 -10 -25 -45
3.19533e-005 -11 -24 -45
4.89576e-005 -10 -25 -44
2.4305e-005 11 24 -43
3.55341e-005 10 25 -42
2.65622e-005 9 26 -42
6.16495e-005 11 24 -44
0.000135115 10 25 -43
2.85442e-005 -10 -26 -43
8.43255e-005 9 26 -43
0.000110286 11 24 -45
0.000317563 10 25 -44
0.000194028 9 26 -44
2.21287e-005 -9 -27 -44
0.000151877 11 24 -46
0.000554828 10 25 -45
0.000218294 -10 -26 -45
0.000164802 11 24 -47
5.07053e-005 -9 -27 -45
0.000764517 10 25 -46
0.000364854 9 26 -45
0.000150974 11 24 -48
9.66523e-005 -9 -27 -46
0.000862792 10 25 -47
0.000560595 9 26 -46
0.000122183 11 24 -49
0.000893074 10 25 -48
0.00014849 -9 -27 -47
0.000676678 9 26 -47
2.68776e-005 8 27 -47
7.70601e-005 11 24 -50
0.000770839 10 25 -49
0.000173465 -9 -27 -48
0.000709294 9 26 -48
3.61655e-005 8 27 -48
3.69951e-005 11 24 -51
0.000555723 10 25 -50
0.000165216 -9 -27 -49
0.000643141 9 26 -49
2.66963e-005 8 27 -49
0.000317382 10 25 -51
0.000474752 9 26 -50
0.000136759 -9 -27 -50
0.000108328 10 25 -52
0.000231094 9 26 -51
8.07482e-005 -9 -27 -51
4.81978e-005 9 26 -52
2.50324e-005 -9 -27 -52
7.87843e-005 -10 -26 -52
2.62593e-005 -11 -25 -52
0.000193387 -10 -26 -51
7.22379e-005 -11 -25 -51
0.000319724 -10 -26 -50
0.000124119 -11 -25 -50
0.000407436 -10 -26 -49
0.000173143 -11 -25 -49
0.000437198 -10 -26 -48
0.000205089 -11 -25 -48
0.000418002 -10 -26 -47
0.000196679 -11 -25 -47
0.000340822 -10 -26 -46
0.000154802 -11 -25 -46
8.91246e-005 -11 -25 -45
0.000104543 -10 -26 -44
3.43437e-005 -11 -25 -44
2.53898e-005 11 25 -42
2.21751e-005 10 26 -41
8.67932e-005 11 25 -43
0.000103503 10 26 -42
2.36519e-005 9 27 -42
0.000187775 11 25 -44
0.000265586 10 26 -43
5.11002e-005 -10 -27 -43
6.29401e-005 9 27 -43
0.00029887 11 25 -45
0.000497819 10 26 -44
0.000124386 -10 -27 -44
0.000132773 9 27 -44
0.000373893 11 25 -46
0.000766247 10 26 -45
0.000225179 -10 -27 -45
0.00023809 9 27 -45
2.60734e-005 -9 -28 -45
0.000393881 11 25 -47
0.000923811 10 26 -46
0.000338316 -10 -27 -46
0.000351441 9 27 -46
4.67405e-005 -9 -28 -46
0.000349188 11 25 -48
0.000968301 10 26 -47
0.000407604 9 27 -47
6.46242e-005 -9 -28 -47
0.000262348 11 25 -49
0.00089369 10 26 -48
0.000157517 11 25 -50
7.10211e-005 -9 -28 -48
0.000728055 10 26 -49
0.000417131 9 27 -48
7.33044e-005 11 25 -51
6.23447e-005 -9 -28 -49
0.000481149 10 26 -50
0.000352756 9 27 -49
4.61993e-005 -9 -28 -50
0.000222806 10 26 -51
0.000216976 9 27 -50
5.15119e-005 10 26 -52
6.62151e-005 9 27 -51
4.0966e-005 -10 -27 -52
3.09353e-005 -11 -26 -52
0.000125861 -10 -27 -51
9.09441e-005 -11 -26 -51
0.000244456 -10 -27 -50
0.000176917 -11 -26 -50
0.000346814 -10 -27 -49
0.000259213 -11 -26 -49
0.00040384 -10 -27 -48
0.000303059 -11 -26 -48
0.000395894 -10 -27 -47
0.000302261 -11 -26 -47
0.0002655 -11 -26 -46
0.000179273 -11 -26 -45
9.10939e-005 -11 -26 -44
2.77239e-005 -11 -26 -43
2.16409e-005 11 26 -41
5.97765e-005 10 27 -41
9.31225e-005 11 26 -42
2.63142e-005 12 25 -44
0.000229691 11 26 -43
0.000167279 10 27 -42
3.0779e-005 12 25 -45
4.94612e-005 -10 -28 -43
0.00040636 11 26 -44
0.000347219 10 27 -43
3.80823e-005 9 28 -43
2.6261e-005 12 25 -46
0.000110733 -10 -28 -44
0.000563187 11 26 -45
0.000587848 10 27 -44
7.10775e-005 9 28 -44
0.000629326 11 26 -46
0.000196555 -10 -28 -45
0.000784845 10 27 -45
0.000116975 9 28 -45
6.12661e-005 -12 -26 -47
0.00063106 11 26 -47
0.00090054 10 27 -46
0.000280195 -10 -28 -46
0.000161726 9 28 -46
5.51851e-005 -12 -26 -48
0.000544923 11 26 -48
0.000920761 10 27 -47
3.6661e-005 -12 -26 -49
0.000181811 9 28 -47
2.21191e-005 -9 -29 -47
0.000409665 11 26 -49
0.00081161 10 27 -48
0.000174306 9 28 -48
2.24145e-005 -9 -29 -48
0.000227159 11 26 -50
0.000597735 10 27 -49
0.000129686 9 28 -49
7.82981e-005 11 26 -51
0.000336537 10 27 -50
4.49535e-005 9 28 -50
0.000108258 10 27 -51
2.16826e-005 -11 -27 -52
6.15284e-005 -10 -28 -51
8.05386e-005 -11 -27 -51
0.000150735 -10 -28 -50
0.000171736 -11 -27 -50
0.000247343 -10 -28 -49
0.000268739 -11 -27 -49
0.000312784 -10 -28 -48
0.000350277 -11 -27 -48
0.000315245 -10 -28 -47
0.000377339 -11 -27 -47
0.000337231 -11 -27 -46
6.54842e-005 -12 -26 -46
0.000259537 -11 -27 -45
5.23341e-005 -12 -26 -45
0.00016178 -11 -27 -44
3.23293e-005 -12 -26 -44
7.38219e-005 -11 -27 -43
3.59627e-005 12 26 -42
8.53405e-005 11 27 -41
6.48243e-005 10 28 -41
7.52517e-005 12 26 -43
0.000222502 11 27 -42
5.11644e-005 -11 -28 -42
0.00016273 10 28 -42
0.000111555 12 26 -44
0.000412511 11 27 -43
0.000319826 10 28 -43
4.14955e-005 -10 -29 -43
0.000129681 12 26 -45
0.000603138 11 27 -44
0.000234956 -11 -28 -44
0.000119975 12 26 -46
8.53754e-005 -10 -29 -44
0.00075833 11 27 -45
0.000514106 10 28 -44
3.24095e-005 9 29 -44
9.93058e-005 12 26 -47
0.000140326 -10 -29 -45
0.000844186 11 27 -46
0.000675502 10 28 -45
4.77309e-005 9 29 -45
7.24418e-005 12 26 -48
0.000796763 11 27 -47
0.000180819 -10 -29 -46
0.000762148 10 28 -46
5.66483e-005 9 29 -46
4.11413e-005 12 26 -49
0.000639266 11 27 -48
0.000200161 -10 -29 -47
0.000759847 10 28 -47
5.87949e-005 9 29 -47
0.000411616 11 27 -49
0.000183331 -10 -29 -48
0.000615889 10 28 -48
4.13996e-005 9 29 -48
0.000210593 11 27 -50
0.000394105 10 28 -49
0.000127732 -10 -29 -49
5.91913e-005 11 27 -51
0.000162779 10 28 -50
5.44254e-005 -11 -28 -51
6.33202e-005 -10 -29 -50
0.000136727 -11 -28 -50
3.74049e-005 -12 -27 -50
0.00023836 -11 -28 -49
7.46741e-005 -12 -27 -49
0.000328198 -11 -28 -48
0.00011557 -12 -27 -48
0.000381301 -11 -28 -47
0.000146535 -12 -27 -47
0.000379245 -11 -28 -46
0.00015519 -12 -27 -46
0.000332957 -11 -28 -45
0.000134043 -12 -27 -45
9.15345e-005 -12 -27 -44
0.000130881 -11 -28 -43
4.60668e-005 -12 -27 -43
5.53418e-005 12 27 -41
6.85265e-005 11 28 -40
2.66246e-005 -11 -29 -41
0.000130629 12 27 -42
0.00018642 11 28 -41
5.62833e-005 10 29 -41
0.000223467 12 27 -43
8.87172e-005 -11 -29 -42
0.000376396 11 28 -42
0.000125447 10 29 -42
0.00029948 12 27 -44
0.000610377 11 28 -43
0.000176711 -11 -29 -43
0.000233632 10 29 -43
2.62056e-005 -10 -30 -43
0.000330956 12 27 -45
0.000820614 11 28 -44
0.000266629 -11 -29 -44
0.000365463 10 29 -44
4.7921e-005 -10 -30 -44
0.000317379 12 27 -46
0.000912086 11 28 -45
0.000459274 10 29 -45
6.98193e-005 -10 -30 -45
0.000246939 12 27 -47
0.000880817 11 28 -46
0.000364822 -11 -29 -46
0.00016894 12 27 -48
8.85092e-005 -10 -30 -46
0.000770194 11 28 -47
0.000505741 10 29 -46
9.00491e-005 12 27 -49
9.45858e-005 -10 -30 -47
0.000584776 11 28 -48
0.000466394 10 29 -47
3.14004e-005 12 27 -50
7.63659e-005 -10 -30 -48
0.000351274 11 28 -49
0.000333148 10 29 -48
4.27759e-005 -10 -30 -49
0.000138506 11 28 -50
0.000166738 10 29 -49
3.23264e-005 10 29 -50
2.66062e-005 -11 -29 -51
8.62717e-005 -11 -29 -50
5.0505e-005 -12 -28 -50
0.000178488 -11 -29 -49
0.000111045 -12 -28 -49
0.000274387 -11 -29 -48
0.000181242 -12 -28 -48
0.000351251 -11 -29 -47
0.000230441 -12 -28 -47
0.00024859 -12 -28 -46
0.000331489 -11 -29 -45
0.00023068 -12 -28 -45
0.000181351 -12 -28 -44
0.000111857 -12 -28 -43
4.65081e-005 -12 -28 -42
4.37533e-005 11 29 -39
6.31327e-005 12 28 -40
0.00014112 11 29 -40
2.09054e-005 13 27 -42
0.000166501 12 28 -41
3.87064e-005 -12 -29 -41
0.000307059 11 29 -41
2.39572e-005 13 27 -43
3.51194e-005 -11 -30 -41
0.000311592 12 28 -42
3.69942e-005 10 30 -41
2.18619e-005 13 27 -44
8.7175e-005 -11 -30 -42
0.000455436 12 28 -43
0.000519206 11 29 -42
7.46437e-005 10 30 -42
0.000164067 -11 -30 -43
0.000543407 12 28 -44
0.000712763 11 29 -43
0.00013591 10 30 -43
0.000569366 12 28 -45
0.000238225 -11 -30 -44
0.000832497 11 29 -44
0.000191947 10 30 -44
0.000517824 12 28 -46
0.000894036 11 29 -45
0.000293284 -11 -30 -45
4.34421e-005 -13 -28 -46
0.000230653 10 30 -45
3.19922e-005 -13 -28 -47
2.75442e-005 -10 -31 -45
0.000416052 12 28 -47
0.000836617 11 29 -46
0.000251191 10 30 -46
3.10449e-005 -10 -31 -46
0.000268587 12 28 -48
0.000678446 11 29 -47
0.000203301 10 30 -47
3.01443e-005 -10 -31 -47
0.000125633 12 28 -49
0.000456 11 29 -48
0.000113221 10 30 -48
3.44801e-005 12 28 -50
0.000222735 11 29 -49
5.49356e-005 11 29 -50
2.09326e-005 10 30 -49
3.78844e-005 -11 -30 -50
4.70309e-005 -12 -29 -50
0.000105077 -11 -30 -49
0.000108 -12 -29 -49
0.000190894 -11 -30 -48
0.000185406 -12 -29 -48
0.000270175 -11 -30 -47
0.000269883 -12 -29 -47
0.000311939 -11 -30 -46
0.000318397 -12 -29 -46
0.000304961 -12 -29 -45
4.8225e-005 -13 -28 -45
0.000256802 -12 -29 -44
4.38314e-005 -13 -28 -44
0.000180642 -12 -29 -43
3.38786e-005 -13 -28 -43
0.000104552 -12 -29 -42
2.01055e-005 -13 -28 -42
2.84092e-005 13 28 -40
6.73714e-005 12 29 -39
6.0772e-005 11 30 -39
5.77798e-005 13 28 -41
0.0001778 12 29 -40
2.58589e-005 -12 -30 -40
0.000147589 11 30 -40
9.03917e-005 13 28 -42
0.00032587 12 29 -41
8.65516e-005 -12 -30 -41
0.000296434 11 30 -41
3.32299e-005 -11 -31 -41
0.000106622 13 28 -43
0.000502303 12 29 -42
0.00017115 -12 -30 -42
2.1055e-005 10 31 -41
0.000478646 11 30 -42
7.356e-005 -11 -31 -42
0.00010103 13 28 -44
0.000666469 12 29 -43
0.000260856 -12 -30 -43
3.85127e-005 10 31 -42
0.000645397 11 30 -43
8.63072e-005 13 28 -45
0.000122245 -11 -31 -43
0.000752126 12 29 -44
6.17111e-005 10 31 -43
6.41826e-005 13 28 -46
0.000169722 -11 -31 -44
0.000775571 12 29 -45
0.000762189 11 30 -44
7.79902e-005 10 31 -44
3.7443e-005 13 28 -47
0.000198407 -11 -31 -45
0.000650807 12 29 -46
0.000792507 11 30 -45
8.68113e-005 10 31 -45
0.000463809 12 29 -47
0.000202204 -11 -31 -46
0.00068179 11 30 -46
8.26373e-005 10 31 -46
0.000266958 12 29 -48
0.000157031 -11 -31 -47
0.000490903 11 30 -47
4.25287e-005 10 31 -47
0.000112572 12 29 -49
9.67958e-005 -11 -31 -48
0.000271666 11 30 -48
2.02919e-005 12 29 -50
8.73696e-005 11 30 -49
3.12415e-005 -12 -30 -50
3.96864e-005 -11 -31 -49
8.53542e-005 -12 -30 -49
0.000164414 -12 -30 -48
3.88379e-005 -13 -29 -48
0.000248789 -12 -30 -47
7.04237e-005 -13 -29 -47
0.000308352 -12 -30 -46
0.000102059 -13 -29 -46
0.000327976 -12 -30 -45
0.000120178 -13 -29 -45
0.000314599 -12 -30 -44
0.000113798 -13 -29 -44
9.25767e-005 -13 -29 -43
6.09217e-005 -13 -29 -42
2.64537e-005 -13 -29 -41
6.02926e-005 12 30 -38
4.55541e-005 13 29 -39
0.000163086 12 30 -39
0.000108386 13 29 -40
5.45326e-005 11 31 -39
0.000322839 12 30 -40
6.4705e-005 -12 -31 -40
0.000183872 13 29 -41
0.000123285 11 31 -40
0.000250699 13 29 -42
0.000140639 -12 -31 -41
0.000520715 12 30 -41
0.000237661 11 31 -41
2.35947e-005 -11 -32 -41
0.000285977 13 29 -43
0.000728495 12 30 -42
0.000217202 -12 -31 -42
0.000365442 11 31 -42
4.47367e-005 -11 -32 -42
0.000284323 13 29 -44
0.000842323 12 30 -43
0.000277321 -12 -31 -43
0.000478956 11 31 -43
7.4218e-005 -11 -32 -43
0.00023664 13 29 -45
0.000843055 12 30 -44
0.000309131 -12 -31 -44
0.000543288 11 31 -44
9.69056e-005 -11 -32 -44
0.00016532 13 29 -46
0.000767832 12 30 -45
0.000525352 11 31 -45
9.3982e-005 13 29 -47
0.000105459 -11 -32 -45
0.000621372 12 30 -46
3.79291e-005 13 29 -48
9.5104e-005 -11 -32 -46
0.000417692 12 30 -47
0.000412166 11 31 -46
6.28709e-005 -11 -32 -47
0.00021604 12 30 -48
0.000247507 11 31 -47
6.54704e-005 12 30 -49
2.88631e-005 -11 -32 -48
9.43044e-005 11 31 -48
4.95909e-005 -12 -31 -49
2.47223e-005 -13 -30 -49
0.000116 -12 -31 -48
5.94763e-005 -13 -30 -48
0.000198404 -12 -31 -47
0.000110707 -13 -30 -47
0.000273176 -12 -31 -46
0.000163751 -13 -30 -46
0.000313991 -12 -31 -45
0.00019534 -13 -30 -45
0.000195602 -13 -30 -44
0.000176818 -13 -30 -43
0.000131682 -13 -30 -42
7.55502e-005 -13 -30 -41
2.672e-005 -13 -30 -40
4.45151e-005 12 31 -37
5.83207e-005 13 30 -38
0.00013807 12 31 -38
2.48851e-005 -13 -31 -39
0.000148929 13 30 -39
0.000293007 12 31 -39
2.25676e-005 14 29 -41
2.9855e-005 -12 -32 -39
0.000270135 13 30 -40
7.39144e-005 -13 -31 -40
3.88549e-005 11 32 -39
0.000479098 12 31 -40
7.03236e-005 -12 -32 -40
0.000391037 13 30 -41
0.000136881 -13 -31 -41
8.34739e-005 11 32 -40
0.000654072 12 31 -41
0.000136431 -12 -32 -41
0.000483484 13 30 -42
0.000143946 11 32 -41
0.000203394 -12 -32 -42
0.000517682 13 30 -43
0.000782736 12 31 -42
0.000210673 11 32 -42
0.000483548 13 30 -44
0.000258263 -12 -32 -43
0.000840917 12 31 -43
0.000266779 11 32 -43
3.32471e-005 -11 -33 -43
0.000392735 13 30 -45
0.000815155 12 31 -44
0.00027968 -12 -32 -44
2.62974e-005 -14 -30 -45
0.000292725 11 32 -44
3.86218e-005 -11 -33 -44
0.000275119 13 30 -46
0.000705052 12 31 -45
0.000258349 -12 -32 -45
0.000249535 11 32 -45
3.86873e-005 -11 -33 -45
0.000145428 13 30 -47
0.000511128 12 31 -46
0.00016246 11 32 -46
2.74384e-005 -11 -33 -46
5.49319e-005 13 30 -48
0.000293638 12 31 -47
6.19596e-005 11 32 -47
0.000113602 12 31 -48
2.30917e-005 -13 -31 -49
6.19876e-005 -12 -32 -48
5.79977e-005 -13 -31 -48
0.000128492 -12 -32 -47
0.000114086 -13 -31 -47
0.000201663 -12 -32 -46
0.000183482 -13 -31 -46
0.000241888 -13 -31 -45
0.000269301 -13 -31 -44
3.40198e-005 -14 -30 -44
0.000247946 -13 -31 -43
3.81231e-005 -14 -30 -43
0.000201917 -13 -31 -42
3.41882e-005 -14 -30 -42
2.57524e-005 -14 -30 -41
2.10622e-005 12 32 -36
7.21219e-005 13 31 -37
2.89434e-005 14 30 -38
6.5839e-005 12 32 -37
5.55399e-005 14 30 -39
0.00017126 13 31 -38
0.000151866 12 32 -38
8.37706e-005 14 30 -40
0.000301464 13 31 -39
6.59338e-005 -13 -32 -39
0.000288108 12 32 -39
2.68907e-005 -12 -33 -39
9.66197e-005 14 30 -41
0.000457631 13 31 -40
0.000134559 -13 -32 -40
2.41273e-005 11 33 -39
0.000454898 12 32 -40
6.43758e-005 -12 -33 -40
9.21522e-005 14 30 -42
0.000600334 13 31 -41
0.000208168 -13 -32 -41
4.46077e-005 11 33 -40
0.00061118 12 32 -41
7.85031e-005 14 30 -43
0.000110122 -12 -33 -41
0.000691127 13 31 -42
0.000263885 -13 -32 -42
6.86115e-005 11 33 -41
0.00073022 12 32 -42
5.91017e-005 14 30 -44
0.000156192 -12 -33 -42
0.000728816 13 31 -43
9.23154e-005 11 33 -42
0.000772591 12 32 -43
3.21127e-005 14 30 -45
0.000189037 -12 -33 -43
0.00062858 13 31 -44
0.000106507 11 33 -43
0.000196083 -12 -33 -44
0.000473165 13 31 -45
0.000689809 12 32 -44
0.000104919 11 33 -44
0.000289274 13 31 -46
0.000166453 -12 -33 -45
0.000529146 12 32 -45
6.64271e-005 11 33 -45
0.000141579 13 31 -47
0.000114432 -12 -33 -46
0.000328095 12 32 -46
4.63448e-005 13 31 -48
0.000140767 12 32 -47
2.43512e-005 12 32 -48
4.65923e-005 -13 -32 -48
5.90781e-005 -12 -33 -47
9.90978e-005 -13 -32 -47
0.000167638 -13 -32 -46
3.62262e-005 -14 -31 -46
0.000231312 -13 -32 -45
6.25754e-005 -14 -31 -45
0.000269177 -13 -32 -44
8.6684e-005 -14 -31 -44
0.000280019 -13 -32 -43
9.66712e-005 -14 -31 -43
8.99949e-005 -14 -31 -42
7.19128e-005 -14 -31 -41
4.41529e-005 -14 -31 -40
2.00046e-005 13 32 -35
7.66069e-005 13 32 -36
2.32731e-005 12 33 -36
0.000174331 13 32 -37
6.00275e-005 12 33 -37
0.000317155 13 32 -38
5.31248e-005 -13 -33 -38
0.000175614 14 31 -39
0.00013017 12 33 -38
0.000492198 13 32 -39
0.000119034 -13 -33 -39
0.000232733 14 31 -40
0.000241926 12 33 -39
2.02831e-005 -12 -34 -39
0.00026079 14 31 -41
0.000182737 -13 -33 -40
0.000675178 13 32 -40
0.000364968 12 33 -40
4.24842e-005 -12 -34 -40
0.0002591 14 31 -42
0.000774443 13 32 -41
0.00023627 -13 -33 -41
0.000476761 12 33 -41
7.34959e-005 -12 -34 -41
0.000223646 14 31 -43
0.00078287 13 32 -42
0.000263514 -13 -33 -42
0.000540208 12 33 -42
9.77758e-005 -12 -34 -42
0.000157523 14 31 -44
0.00073205 13 32 -43
0.000538575 12 33 -43
0.000107894 -12 -34 -43
8.91938e-005 14 31 -45
0.000610703 13 32 -44
0.000447083 12 33 -44
3.76345e-005 14 31 -46
0.000100864 -12 -34 -44
0.000437294 13 32 -45
0.000189788 -13 -33 -45
0.000290162 12 33 -45
7.41367e-005 -12 -34 -45
0.000247966 13 32 -46
4.04628e-005 -12 -34 -46
9.83714e-005 13 32 -47
0.000132455 12 33 -46
2.42575e-005 12 33 -47
2.58577e-005 -13 -33 -48
6.44729e-005 -13 -33 -47
2.54787e-005 -14 -32 -47
0.000122588 -13 -33 -46
5.69317e-005 -14 -32 -46
9.95071e-005 -14 -32 -45
0.000249301 -13 -33 -44
0.000137844 -14 -32 -44
0.000273748 -13 -33 -43
0.000163157 -14 -32 -43
0.000160508 -14 -32 -42
0.000143386 -14 -32 -41
0.000105453 -14 -32 -40
5.94464e-005 -14 -32 -39
2.08269e-005 -14 -32 -38
0.000109396 14 31 -38
5.13692e-005 14 31 -37
2.46908e-005 14 32 -35
6.36003e-005 13 33 -35
7.56429e-005 14 32 -36
0.00015953 13 33 -36
2.14062e-005 15 31 -38
2.15318e-005 -14 -33 -37
0.00016177 14 32 -37
0.000304379 13 33 -37
2.66355e-005 -13 -34 -37
2.38204e-005 15 31 -39
6.15301e-005 -14 -33 -38
0.000268555 14 32 -38
4.33831e-005 12 34 -37
0.000470291 13 33 -38
6.19154e-005 -13 -34 -38
0.000372375 14 32 -39
0.0001144 -14 -33 -39
9.00308e-005 12 34 -38
0.000622256 13 33 -39
0.000117277 -13 -34 -39
0.000151654 12 34 -39
0.000734842 13 33 -40
0.000175043 -13 -34 -40
0.000478659 14 32 -41
0.000222438 12 34 -40
0.000778481 13 33 -41
0.000224046 -13 -34 -41
0.000445078 14 32 -42
0.000278972 12 34 -41
3.46438e-005 -12 -35 -41
0.000365342 14 32 -43
0.000763182 13 33 -42
0.000242903 -13 -34 -42
0.000302696 12 34 -42
4.07357e-005 -12 -35 -42
0.000258363 14 32 -44
0.000682291 13 33 -43
0.000233363 -13 -34 -43
0.000264556 12 34 -43
4.15986e-005 -12 -35 -43
0.000145722 14 32 -45
0.000508923 13 33 -44
0.000188882 -13 -34 -44
0.000187578 12 34 -44
3.18584e-005 -12 -35 -44
6.09774e-005 14 32 -46
0.000313812 13 33 -45
8.62077e-005 12 34 -45
0.000143581 13 33 -46
3.46957e-005 13 33 -47
2.85948e-005 -13 -34 -47
2.95266e-005 -14 -33 -47
7.16526e-005 -13 -34 -46
6.04552e-005 -14 -33 -46
0.000128449 -13 -34 -45
0.000107989 -14 -33 -45
0.000164045 -14 -33 -44
0.000208716 -14 -33 -43
0.000226251 -14 -33 -42
2.83553e-005 -15 -32 -42
0.000209009 -14 -33 -41
3.34919e-005 -15 -32 -41
0.000168809 -14 -33 -40
0.000451231 14 32 -40
3.15164e-005 -15 -32 -40
2.35089e-005 -15 -32 -39
3.61008e-005 14 33 -34
3.17913e-005 13 34 -34
0.000101969 14 33 -35
8.00417e-005 13 34 -35
0.00020082 14 33 -36
2.0706e-005 -14 -34 -36
6.59258e-005 15 32 -37
0.000168089 13 34 -36
6.00728e-005 -14 -34 -37
8.79955e-005 15 32 -38
0.000318082 14 33 -37
0.00029787 13 34 -37
2.48857e-005 -13 -35 -37
9.71915e-005 15 32 -39
0.000116077 -14 -34 -38
0.000451113 14 33 -38
2.72369e-005 12 35 -37
0.000448451 13 34 -38
5.73201e-005 -13 -35 -38
9.10237e-005 15 32 -40
0.000176211 -14 -34 -39
0.000573971 14 33 -39
4.85755e-005 12 35 -38
0.000588425 13 34 -39
9.81122e-005 -13 -35 -39
7.5217e-005 15 32 -41
0.000650064 14 33 -40
0.000221511 -14 -34 -40
7.38107e-005 12 35 -39
0.000689972 13 34 -40
5.43553e-005 15 32 -42
0.000139501 -13 -35 -40
0.000671176 14 33 -41
0.000234498 -14 -34 -41
9.96033e-005 12 35 -40
0.000721033 13 34 -41
2.84523e-005 15 32 -43
0.000171403 -13 -35 -41
0.000579566 14 33 -42
0.000231103 -14 -34 -42
0.000113223 12 35 -41
0.000650547 13 34 -42
0.000180192 -13 -35 -42
0.000444506 14 33 -43
0.000109929 12 35 -42
0.000513116 13 34 -43
0.000158205 -13 -35 -43
0.000282557 14 33 -44
7.20124e-005 12 35 -43
0.000146005 14 33 -45
0.000112966 -13 -35 -44
0.000332445 13 34 -44
2.10384e-005 12 35 -44
5.6008e-005 14 33 -46
0.000160913 13 34 -45
6.41942e-005 -13 -35 -45
4.46149e-005 13 34 -46
2.55913e-005 -13 -35 -46
4.94396e-005 -14 -34 -46
9.58126e-005 -14 -34 -45
0.00015262 -14 -34 -44
3.25771e-005 -15 -33 -44
0.000202644 -14 -34 -43
5.19212e-005 -15 -33 -43
7.26907e-005 -15 -33 -42
8.3079e-005 -15 -33 -41
7.79825e-005 -15 -33 -40
6.26904e-005 -15 -33 -39
3.79711e-005 -15 -33 -38
3.8106e-005 15 32 -36
4.4914e-005 14 34 -33
0.000118795 14 34 -34
3.16263e-005 13 35 -34
0.00022065 14 34 -35
7.18687e-005 13 35 -35
0.00035335 14 34 -36
5.33347e-005 -14 -35 -36
0.000192073 15 33 -37
0.000144185 13 35 -36
0.000504589 14 34 -37
0.000108267 -14 -35 -37
0.000236737 15 33 -38
0.000249653 13 35 -37
0.000652417 14 34 -38
0.000158257 -14 -35 -38
0.000257172 15 33 -39
0.000363228 13 35 -38
3.99643e-005 -13 -36 -38
0.000246655 15 33 -40
0.000717949 14 34 -39
0.000200101 -14 -35 -39
0.000463348 13 35 -39
6.90068e-005 -13 -36 -39
0.000207401 15 33 -41
0.000711772 14 34 -40
0.000222112 -14 -35 -40
0.000514731 13 35 -40
9.10809e-005 -13 -36 -40
0.000143009 15 33 -42
0.000673013 14 34 -41
0.000231409 -14 -35 -41
2.40577e-005 12 36 -40
0.000515417 13 35 -41
0.000101113 -13 -36 -41
7.88924e-005 15 33 -43
0.000563671 14 34 -42
0.000215179 -14 -35 -42
0.000427536 13 35 -42
3.47061e-005 15 33 -44
9.7993e-005 -13 -36 -42
0.00041156 14 34 -43
0.000167465 -14 -35 -43
0.00028366 13 35 -43
7.37024e-005 -13 -36 -43
0.000243308 14 34 -44
0.000112159 -14 -35 -44
0.00013762 13 35 -44
4.25205e-005 -13 -36 -44
0.000107701 14 34 -45
6.43428e-005 -14 -35 -45
3.42572e-005 13 35 -45
2.6351e-005 14 34 -46
3.09277e-005 -14 -35 -46
2.26001e-005 -15 -34 -45
4.83436e-005 -15 -34 -44
8.09227e-005 -15 -34 -43
0.000115085 -15 -34 -42
0.000137884 -15 -34 -41
0.000136517 -15 -34 -40
0.000123213 -15 -34 -39
9.22822e-005 -15 -34 -38
5.49577e-005 -15 -34 -37
2.22969e-005 -15 -34 -36
0.000133959 15 33 -36
7.67324e-005 15 33 -35
3.19945e-005 15 33 -34
2.05341e-005 15 34 -32
4.46664e-005 14 35 -32
5.40183e-005 15 34 -33
0.000101746 14 35 -33
2.2133e-005 16 33 -35
0.000117494 15 34 -34
0.000198705 14 35 -34
2.6698e-005 16 33 -36
2.54174e-005 -15 -35 -35
0.000205542 15 34 -35
2.50682e-005 13 36 -34
0.000333445 14 35 -35
2.79727e-005 -14 -36 -35
2.77149e-005 16 33 -37
6.23089e-005 -15 -35 -36
0.000302374 15 34 -36
5.03941e-005 13 36 -35
0.000482187 14 35 -36
2.24641e-005 16 33 -38
5.91954e-005 -14 -36 -36
0.000105519 -15 -35 -37
0.000386011 15 34 -37
9.76709e-005 13 36 -36
0.000602683 14 35 -37
0.000106308 -14 -36 -37
0.000156856 13 36 -37
0.000682473 14 35 -38
0.000153066 -14 -36 -38
0.000456299 15 34 -39
0.000222126 13 36 -38
0.00071696 14 35 -39
0.000190967 -14 -36 -39
0.000411806 15 34 -40
0.000269265 13 36 -39
0.000691474 14 35 -40
3.28645e-005 -13 -37 -39
0.000205176 -14 -36 -40
0.000332007 15 34 -41
0.000286487 13 36 -40
3.8367e-005 -13 -37 -40
0.000230255 15 34 -42
0.000616085 14 35 -41
0.000200419 -14 -36 -41
0.000249349 13 36 -41
4.00109e-005 -13 -37 -41
0.000129734 15 34 -43
0.000461086 14 35 -42
0.000164985 -14 -36 -42
0.000175119 13 36 -42
3.21876e-005 -13 -37 -42
5.63678e-005 15 34 -44
0.000290247 14 35 -43
0.000114735 -14 -36 -43
8.13482e-005 13 36 -43
0.000140287 14 35 -44
4.26177e-005 14 35 -45
3.18396e-005 -14 -36 -45
2.76685e-005 -15 -35 -45
6.72014e-005 -14 -36 -44
5.5205e-005 -15 -35 -44
9.41338e-005 -15 -35 -43
0.000139085 -15 -35 -42
0.000174685 -15 -35 -41
0.000189899 -15 -35 -40
2.49459e-005 -16 -34 -40
0.00017933 -15 -35 -39
3.01898e-005 -16 -34 -39
0.000148387 -15 -35 -38
0.000439827 15 34 -38
2.89775e-005 -16 -34 -38
2.31836e-005 -16 -34 -37
2.98207e-005 15 35 -31
8.18166e-005 15 35 -32
4.8592e-005 14 36 -32
0.000160351 15 35 -33
0.000103431 14 36 -33
0.000262108 15 35 -34
2.68737e-005 -15 -36 -34
8.8045e-005 16 34 -35
0.000195319 14 36 -34
0.000368042 15 35 -35
6.46828e-005 -15 -36 -35
0.000103413 16 34 -36
0.000317663 14 36 -35
2.60764e-005 -14 -37 -35
0.000111978 -15 -36 -36
0.000108246 16 34 -37
0.000471462 15 35 -36
3.05049e-005 13 37 -35
0.000452015 14 36 -36
5.67033e-005 -14 -37 -36
9.69183e-005 16 34 -38
0.000159611 -15 -36 -37
0.000565691 15 35 -37
5.10528e-005 13 37 -36
0.000566463 14 36 -37
9.31762e-005 -14 -37 -37
7.6469e-005 16 34 -39
0.000620741 15 35 -38
0.000186304 -15 -36 -38
7.41956e-005 13 37 -37
0.00063542 14 36 -38
5.01772e-005 16 34 -40
0.000122562 -14 -37 -38
0.000606766 15 35 -39
0.000192523 -15 -36 -39
9.55454e-005 13 37 -38
0.000652129 14 36 -39
2.179e-005 16 34 -41
0.000147396 -14 -37 -39
0.000515225 15 35 -40
0.000193108 -15 -36 -40
0.000106071 13 37 -39
0.000577155 14 36 -40
0.000154667 -14 -37 -40
0.000390382 15 35 -41
0.000169931 -15 -36 -41
9.75511e-005 13 37 -40
0.00044978 14 36 -41
0.000136166 -14 -37 -41
0.000247876 15 35 -42
5.94463e-005 13 37 -41
0.000291677 14 36 -42
9.85877e-005 -14 -37 -42
0.000130139 15 35 -43
5.21626e-005 15 35 -44
0.000143596 14 36 -43
5.81063e-005 -14 -37 -43
4.25943e-005 14 36 -44
2.55564e-005 -14 -37 -44
4.51164e-005 -15 -36 -44
8.37301e-005 -15 -36 -43
0.000129797 -15 -36 -42
2.69924e-005 -16 -35 -42
4.36146e-005 -16 -35 -41
6.12957e-005 -16 -35 -40
7.30796e-005 -16 -35 -39
7.03542e-005 -16 -35 -38
6.05424e-005 -16 -35 -37
3.9713e-005 -16 -35 -36
2.07216e-005 -16 -35 -35
6.09342e-005 16 34 -34
3.45983e-005 16 34 -33
4.27787e-005 15 36 -30
0.000109234 15 36 -31
0.00019869 15 36 -32
4.49674e-005 14 37 -32
0.000305732 15 36 -33
2.42474e-005 -15 -37 -33
8.88868e-005 14 37 -33
0.000423735 15 36 -34
5.60832e-005 -15 -37 -34
0.000160496 14 37 -34
0.000541849 15 36 -35
0.000104485 -15 -37 -35
0.00025586 16 35 -36
0.000255638 14 37 -35
0.000627989 15 36 -36
0.000142291 -15 -37 -36
0.000266193 16 35 -37
0.000352864 14 37 -36
0.000661018 15 36 -37
3.88087e-005 -14 -38 -36
0.000170591 -15 -37 -37
0.000239711 16 35 -38
0.000430824 14 37 -37
0.000635016 15 36 -38
5.75695e-005 -14 -38 -37
0.000188122 16 35 -39
0.000185277 -15 -37 -38
0.000463804 14 37 -38
7.93288e-005 -14 -38 -38
0.000124925 16 35 -40
0.000598167 15 36 -39
0.000189888 -15 -37 -39
0.00044413 14 37 -39
8.64544e-005 -14 -38 -39
6.18021e-005 16 35 -41
0.000491668 15 36 -40
0.000175543 -15 -37 -40
0.000358642 14 37 -40
8.21517e-005 -14 -38 -40
2.65502e-005 16 35 -42
0.000353465 15 36 -41
0.00023219 14 37 -41
6.17169e-005 -14 -38 -41
0.000209228 15 36 -42
9.54068e-005 -15 -37 -42
0.000110498 14 37 -42
3.64214e-005 -14 -38 -42
9.35835e-005 15 36 -43
5.63356e-005 -15 -37 -43
2.35226e-005 14 37 -43
2.34445e-005 15 36 -44
2.85004e-005 -15 -37 -44
4.1206e-005 -16 -36 -42
0.000138188 -15 -37 -41
6.57805e-005 -16 -36 -41
9.44602e-005 -16 -36 -40
0.000115233 -16 -36 -39
0.000120229 -16 -36 -38
0.000112589 -16 -36 -37
8.95978e-005 -16 -36 -36
5.92053e-005 -16 -36 -35
0.000227662 16 35 -35
2.84107e-005 -16 -36 -34
0.000181157 16 35 -34
0.000124919 16 35 -33
7.17012e-005 16 35 -32
3.17923e-005 16 35 -31
2.82167e-005 16 36 -29
3.44054e-005 15 37 -29
6.26263e-005 16 36 -30
8.00121e-005 15 37 -30
0.000117424 16 36 -31
0.00015233 15 37 -31
0.000193135 16 36 -32
3.42658e-005 17 35 -33
0.000242545 15 37 -32
3.74706e-005 17 35 -34
3.57226e-005 -16 -37 -33
0.000278802 16 36 -33
3.15491e-005 14 38 -32
0.000358524 15 37 -33
2.95046e-005 -15 -38 -33
3.43162e-005 17 35 -35
7.01562e-005 -16 -37 -34
0.000359841 16 36 -34
5.75817e-005 14 38 -33
0.000485164 15 37 -34
6.26636e-005 -15 -38 -34
2.63805e-005 17 35 -36
0.000102598 14 38 -34
0.000574548 15 37 -35
9.94458e-005 -15 -38 -35
0.000441251 16 36 -36
0.000154704 14 38 -35
0.000626139 15 37 -36
0.000136009 -15 -38 -36
0.000435065 16 36 -37
0.000207078 14 38 -36
0.000647322 15 37 -37
0.000160202 -15 -38 -37
0.000381912 16 36 -38
0.000235345 14 38 -37
0.000604809 15 37 -38
2.71506e-005 -14 -39 -37
0.000168662 -15 -38 -38
0.000294195 16 36 -39
0.000240047 14 38 -38
0.000516963 15 37 -39
3.24927e-005 -14 -39 -38
0.000160386 -15 -38 -39
0.00019353 16 36 -40
0.000196204 14 38 -39
0.000379099 15 37 -40
3.2656e-005 -14 -39 -39
0.00010369 16 36 -41
0.000130666 -15 -38 -40
0.000126673 14 38 -40
2.50851e-005 -14 -39 -40
4.28445e-005 16 36 -42
0.000234071 15 37 -41
9.22636e-005 -15 -38 -41
4.9844e-005 14 38 -41
0.00011133 15 37 -42
5.61506e-005 -15 -38 -42
3.26414e-005 15 37 -43
2.80137e-005 -15 -38 -43
2.13647e-005 -16 -37 -43
4.3695e-005 -16 -37 -42
7.51889e-005 -16 -37 -41
0.00011085 -16 -37 -40
0.000140641 -16 -37 -39
0.000158508 -16 -37 -38
2.36363e-005 -17 -36 -38
0.000154585 -16 -37 -37
2.94762e-005 -17 -36 -37
0.000135851 -16 -37 -36
2.90197e-005 -17 -36 -36
0.000104906 -16 -37 -35
0.000418195 16 36 -35
2.61584e-005 -17 -36 -35
2.70693e-005 17 35 -32
4.35335e-005 16 37 -28
9.35994e-005 16 37 -29
3.61083e-005 15 38 -29
0.000160481 16 37 -30
7.52338e-005 15 38 -30
0.000248206 16 37 -31
0.000139715 15 38 -31
0.000346916 16 37 -32
4.23299e-005 -16 -38 -32
0.000121645 17 36 -33
0.000224081 15 38 -32
0.000440318 16 37 -33
7.68216e-005 -16 -38 -33
0.000129365 17 36 -34
0.000328888 15 38 -33
0.000509293 16 37 -34
2.6518e-005 -15 -39 -33
0.000113677 -16 -38 -34
0.000125027 17 36 -35
3.20457e-005 14 39 -33
0.0004417 15 38 -34
5.16407e-005 -15 -39 -34
0.000107014 17 36 -36
0.000144028 -16 -38 -35
0.000558424 16 37 -35
4.98187e-005 14 39 -34
0.000531473 15 38 -35
8.32759e-005 -15 -39 -35
7.69105e-005 17 36 -37
0.000573946 16 37 -36
0.00015686 -16 -38 -36
6.80479e-005 14 39 -35
0.000567168 15 38 -36
0.000104176 -15 -39 -36
4.76158e-005 17 36 -38
0.000527235 16 37 -37
0.000158687 -16 -38 -37
7.9967e-005 14 39 -36
0.000546141 15 38 -37
0.000118365 -15 -39 -37
0.000430743 16 37 -38
0.000156351 -16 -38 -38
8.18578e-005 14 39 -37
0.000468273 15 38 -38
0.000122866 -15 -39 -38
0.000312229 16 37 -39
0.000134369 -16 -38 -39
6.30317e-005 14 39 -38
0.000347971 15 38 -39
0.000103786 -15 -39 -39
0.000195799 16 37 -40
2.7513e-005 14 39 -39
0.000217276 15 38 -40
7.41958e-005 -15 -39 -40
0.000101786 16 37 -41
9.91817e-005 15 38 -41
4.40148e-005 -15 -39 -41
3.9208e-005 16 37 -42
2.01024e-005 15 38 -42
3.61503e-005 -16 -38 -42
6.58091e-005 -16 -38 -41
0.000101374 -16 -38 -40
3.47505e-005 -17 -37 -39
5.19888e-005 -17 -37 -38
6.3662e-005 -17 -37 -37
6.72816e-005 -17 -37 -36
6.24812e-005 -17 -37 -35
4.8272e-005 -17 -37 -34
2.92194e-005 -17 -37 -33
0.000101804 17 36 -32
7.49563e-005 17 36 -31
2.22308e-005 16 38 -26
2.72934e-005 17 37 -27
5.3929e-005 16 38 -27
5.20956e-005 17 37 -28
0.000106069 16 38 -28
0.00019169 16 38 -29
3.05457e-005 15 39 -29
0.000289288 16 38 -30
6.06915e-005 15 39 -30
0.000384609 16 38 -31
2.23537e-005 -17 -38 -31
3.4453e-005 -16 -39 -31
0.000106589 15 39 -31
0.000477858 16 38 -32
6.12843e-005 -16 -39 -32
0.000171644 15 39 -32
0.000553519 16 38 -33
9.80502e-005 -16 -39 -33
0.000250895 15 39 -33
0.000588519 16 38 -34
0.000126098 -16 -39 -34
0.000270491 17 37 -35
0.000323632 15 39 -34
0.000581698 16 38 -35
3.28292e-005 -15 -40 -34
0.000144011 -16 -39 -35
0.000226517 17 37 -36
0.000369736 15 39 -35
0.000559064 16 38 -36
4.89741e-005 -15 -40 -35
0.000152569 -16 -39 -36
0.000162295 17 37 -37
0.000380486 15 39 -36
6.20536e-005 -15 -40 -36
0.000103717 17 37 -38
0.000497138 16 38 -37
0.000151835 -16 -39 -37
0.000331341 15 39 -37
6.52284e-005 -15 -40 -37
4.89418e-005 17 37 -39
0.000392927 16 38 -38
0.000133701 -16 -39 -38
0.000248785 15 39 -38
5.9022e-005 -15 -40 -38
0.000270376 16 38 -39
0.000145126 15 39 -39
4.20881e-005 -15 -40 -39
0.000155266 16 38 -40
7.13956e-005 -16 -39 -40
6.20988e-005 15 39 -40
2.42116e-005 -15 -40 -40
6.53094e-005 16 38 -41
4.28835e-005 -16 -39 -41
2.2581e-005 -16 -39 -42
2.99046e-005 -17 -38 -40
0.000103966 -16 -39 -39
5.01743e-005 -17 -38 -39
7.65211e-005 -17 -38 -38
9.71969e-005 -17 -38 -37
0.000107461 -17 -38 -36
0.000103971 -17 -38 -35
9.17616e-005 -17 -38 -34
0.000288252 17 37 -34
6.94602e-005 -17 -38 -33
0.000275793 17 37 -33
4.19824e-005 -17 -38 -32
0.000243945 17 37 -32
0.000198909 17 37 -31
0.000144512 17 37 -30
2.61619e-005 17 38 -25
5.3119e-005 17 38 -26
2.91488e-005 16 39 -26
9.69066e-005 17 38 -27
5.90799e-005 16 39 -27
0.000150492 17 38 -28
0.000115024 16 39 -28
0.000210829 17 38 -29
0.000194378 16 39 -29
0.000280836 17 38 -30
2.7104e-005 -17 -39 -30
0.000285967 16 39 -30
5.5265e-005 -17 -39 -31
5.52811e-005 18 37 -32
0.000355293 17 38 -31
3.77218e-005 15 40 -30
0.00038105 16 39 -31
3.18823e-005 -16 -40 -31
4.62305e-005 18 37 -33
8.30635e-005 -17 -39 -32
0.000414268 17 38 -32
6.23811e-005 15 40 -31
0.000475508 16 39 -32
5.83444e-005 -16 -40 -32
3.26635e-005 18 37 -34
0.00010716 -17 -39 -33
0.000100453 15 40 -32
0.000540572 16 39 -33
8.96181e-005 -16 -40 -33
0.000447919 17 38 -34
0.000138788 15 40 -33
0.000564452 16 39 -34
0.000117239 -16 -40 -34
0.000403799 17 38 -35
0.000168589 15 40 -34
0.000544885 16 39 -35
0.000129183 -16 -40 -35
0.000329567 17 38 -36
0.000181185 15 40 -35
0.000487324 16 39 -36
2.14026e-005 -15 -41 -35
0.000131504 -16 -40 -36
0.000234965 17 38 -37
0.00016237 15 40 -36
0.00038833 16 39 -37
2.39475e-005 -15 -41 -36
0.000118091 -16 -40 -37
0.00014559 17 38 -38
0.000114573 15 40 -37
0.000272006 16 39 -38
2.15797e-005 -15 -41 -37
9.31882e-005 -16 -40 -38
7.29358e-005 17 38 -39
5.89919e-005 15 40 -38
0.000159462 16 39 -39
2.67705e-005 17 38 -40
6.4997e-005 -16 -40 -39
6.95952e-005 16 39 -40
3.86683e-005 -16 -40 -40
2.24021e-005 -17 -39 -41
3.5208e-005 -17 -39 -40
5.63081e-005 -17 -39 -39
8.15916e-005 -17 -39 -38
0.000106899 -17 -39 -37
0.000126175 -17 -39 -36
2.33973e-005 -18 -38 -36
0.000131464 -17 -39 -35
2.94056e-005 -18 -38 -35
0.000124432 -17 -39 -34
3.14699e-005 -18 -38 -34
0.000441996 17 38 -33
3.01093e-005 -18 -38 -33
2.44404e-005 -18 -38 -32
5.79895e-005 18 37 -31
3.81092e-005 17 39 -24
8.10899e-005 17 39 -25
3.00277e-005 18 38 -25
0.000143338 17 39 -26
2.65178e-005 16 40 -26
0.000201932 17 39 -27
5.54143e-005 16 40 -27
0.000270954 17 39 -28
0.000103491 16 40 -28
0.000349047 17 39 -29
2.44854e-005 -17 -40 -29
0.000171034 16 40 -29
0.000428813 17 39 -30
2.56097e-005 -18 -39 -30
5.91898e-005 -17 -40 -30
0.000251548 16 40 -30
0.000486443 17 39 -31
8.69679e-005 -17 -40 -31
0.000164452 18 38 -32
0.000333866 16 40 -31
0.000511177 17 39 -32
2.82586e-005 -16 -41 -31
0.000110328 -17 -40 -32
0.000142828 18 38 -33
2.63295e-005 15 41 -31
0.000408053 16 40 -32
5.14278e-005 -16 -41 -32
0.000123636 -17 -40 -33
0.000112414 18 38 -34
0.000521882 17 39 -33
4.07532e-005 15 41 -32
0.000450965 16 40 -33
7.07904e-005 -16 -41 -33
7.13737e-005 18 38 -35
0.000488589 17 39 -34
0.000126599 -17 -40 -34
4.84071e-005 15 41 -33
0.000462466 16 40 -34
8.44103e-005 -16 -41 -34
3.94147e-005 18 38 -36
0.000417351 17 39 -35
0.000128487 -17 -40 -35
5.11353e-005 15 41 -34
0.000407463 16 40 -35
8.98149e-005 -16 -41 -35
0.000328331 17 39 -36
0.00011888 -17 -40 -36
4.01096e-005 15 41 -35
0.000324901 16 40 -36
8.43761e-005 -16 -41 -36
0.000230245 17 39 -37
0.000222104 16 40 -37
6.76388e-005 -16 -41 -37
0.000138709 17 39 -38
0.000121911 16 40 -38
4.61538e-005 -16 -41 -38
6.49137e-005 17 39 -39
4.70595e-005 16 40 -39
2.62123e-005 -16 -41 -39
2.00908e-005 -17 -40 -41
3.09568e-005 -17 -40 -40
4.85191e-005 -17 -40 -39
7.22752e-005 -17 -40 -38
9.80505e-005 -17 -40 -37
2.74004e-005 -18 -39 -37
4.19949e-005 -18 -39 -36
5.48687e-005 -18 -39 -35
6.36311e-005 -18 -39 -34
6.24148e-005 -18 -39 -33
5.68183e-005 -18 -39 -32
2.10268e-005 18 39 -22
4.2084e-005 -18 -39 -31
0.000171635 18 38 -31
4.0166e-005 18 39 -23
0.000162642 18 38 -30
2.58036e-005 17 40 -23
6.85365e-005 18 39 -24
5.64428e-005 17 40 -24
0.000105673 18 39 -25
0.000101576 17 40 -25
0.000147152 18 39 -26
0.000166015 17 40 -26
0.000197867 18 39 -27
0.000246207 17 40 -27
3.89069e-005 16 41 -27
0.000337735 17 40 -28
2.85206e-005 19 38 -29
3.49416e-005 -18 -40 -29
6.77401e-005 16 41 -28
0.000415749 17 40 -29
2.12155e-005 19 38 -30
3.47677e-005 -17 -41 -29
0.000115023 16 41 -29
0.000464284 17 40 -30
5.7862e-005 -18 -40 -30
6.2229e-005 -17 -41 -30
0.000164924 16 41 -30
0.000497543 17 40 -31
8.92744e-005 -17 -41 -31
0.000296295 18 39 -32
0.000216163 16 41 -31
0.000511906 17 40 -32
0.000108775 -17 -41 -32
0.000253438 18 39 -33
0.000257952 16 41 -32
0.000496114 17 40 -33
2.83065e-005 -16 -42 -32
0.000118216 -17 -41 -33
0.000191481 18 39 -34
0.000272712 16 41 -33
0.000445283 17 40 -34
3.64587e-005 -16 -42 -33
0.000120484 -17 -41 -34
0.000132894 18 39 -35
0.000250665 16 41 -34
0.000368542 17 40 -35
4.26183e-005 -16 -42 -34
8.22697e-005 18 39 -36
0.000111774 -17 -41 -35
0.000194338 16 41 -35
4.11555e-005 -16 -42 -35
3.61851e-005 18 39 -37
0.000274549 17 40 -36
9.31165e-005 -17 -41 -36
0.000125508 16 41 -36
3.30508e-005 -16 -42 -36
0.000175201 17 40 -37
7.05333e-005 -17 -41 -37
6.09477e-005 16 41 -37
2.18727e-005 -16 -42 -37
8.75058e-005 17 40 -38
4.8701e-005 -17 -41 -38
3.00421e-005 17 40 -39
3.03629e-005 -17 -41 -39
2.10577e-005 -18 -40 -38
3.7402e-005 -18 -40 -37
5.66537e-005 -18 -40 -36
7.60192e-005 -18 -40 -35
8.93953e-005 -18 -40 -34
9.65694e-005 -18 -40 -33
9.16146e-005 -18 -40 -32
7.79916e-005 -18 -40 -31
0.000318535 18 39 -31
3.47987e-005 18 40 -21
0.000310052 18 39 -30
6.38584e-005 18 40 -22
2.28797e-005 19 39 -22
0.000287304 18 39 -29
0.000105305 18 40 -23
3.70624e-005 19 39 -23
0.000247361 18 39 -28
2.39065e-005 17 41 -23
0.000150587 18 40 -24
5.5424e-005 19 39 -24
4.83099e-005 17 41 -24
0.000205568 18 40 -25
9.25349e-005 17 41 -25
0.000266964 18 40 -26
0.000151411 17 41 -26
0.000326312 18 40 -27
0.000228525 17 41 -27
0.000371775 18 40 -28
4.41622e-005 -18 -41 -28
0.00031254 17 41 -28
2.4907e-005 -19 -40 -29
0.000407922 18 40 -29
6.73208e-005 -18 -41 -29
8.14782e-005 19 39 -30
3.61648e-005 16 42 -28
0.000388222 17 41 -29
3.42759e-005 -17 -42 -29
8.89227e-005 -18 -41 -30
6.05978e-005 19 39 -31
0.00042995 18 40 -30
3.24905e-005 -19 -40 -30
5.31765e-005 16 42 -29
0.00043607 17 41 -30
5.89469e-005 -17 -42 -30
3.88147e-005 19 39 -32
0.00010096 -18 -41 -31
0.000425104 18 40 -31
7.35566e-005 16 42 -30
0.000456265 17 41 -31
7.7512e-005 -17 -42 -31
0.000387902 18 40 -32
9.33837e-005 16 42 -31
0.000450484 17 41 -32
9.26078e-005 -17 -42 -32
0.000324311 18 40 -33
0.000103951 16 42 -32
0.00040216 17 41 -33
9.72354e-005 -17 -42 -33
0.000243484 18 40 -34
9.53788e-005 16 42 -33
0.000332706 17 41 -34
9.17811e-005 -17 -42 -34
0.000163372 18 40 -35
6.51284e-005 16 42 -34
0.000246397 17 41 -35
7.69878e-005 -17 -42 -35
9.29107e-005 18 40 -36
2.88104e-005 16 42 -35
0.000156058 17 41 -36
5.80209e-005 -17 -42 -36
4.25901e-005 18 40 -37
7.46341e-005 17 41 -37
3.84646e-005 -17 -42 -37
2.21889e-005 -17 -42 -38
2.50355e-005 -18 -41 -38
3.81698e-005 -18 -41 -37
5.57213e-005 -18 -41 -36
7.52359e-005 -18 -41 -35
9.19365e-005 -18 -41 -34
0.000102921 -18 -41 -33
2.67885e-005 -19 -40 -33
2.48249e-005 19 40 -19
0.000105416 -18 -41 -32
3.25409e-005 -19 -40 -32
4.01524e-005 19 40 -20
2.44111e-005 18 41 -20
5.97561e-005 19 40 -21
3.53049e-005 -19 -40 -31
5.17336e-005 18 41 -21
8.41856e-005 19 40 -22
9.70242e-005 19 39 -29
9.10875e-005 18 41 -22
0.000110983 19 40 -23
0.000147673 18 41 -23
0.000215956 18 41 -24
0.000145294 19 40 -24
3.55342e-005 17 42 -24
0.000290602 18 41 -25
6.47386e-005 17 42 -25
0.000352592 18 41 -26
2.53678e-005 -19 -41 -27
0.000114991 17 42 -26
0.000403485 18 41 -27
3.11899e-005 -18 -42 -27
0.000172313 17 42 -27
4.01837e-005 -19 -41 -28
0.00043324 18 41 -28
6.24579e-005 -18 -42 -28
0.000233855 17 42 -28
0.000441248 18 41 -29
8.25019e-005 -18 -42 -29
0.000184487 19 40 -30
5.35681e-005 -19 -41 -29
0.000282991 17 42 -29
0.000433611 18 41 -30
2.54707e-005 -17 -43 -29
9.40531e-005 -18 -42 -30
0.000143504 19 40 -31
0.000314498 17 42 -30
0.000420335 18 41 -31
3.96407e-005 -17 -43 -30
0.000100221 -18 -42 -31
9.81857e-005 19 40 -32
0.000328521 17 42 -31
5.30466e-005 -17 -43 -31
5.27486e-005 19 40 -33
0.000377042 18 41 -32
0.000101489 -18 -42 -32
0.000297436 17 42 -32
5.78418e-005 -17 -43 -32
2.47356e-005 19 40 -34
0.000306466 18 41 -33
9.39797e-005 -18 -42 -33
0.000238428 17 42 -33
5.62274e-005 -17 -43 -33
0.000224252 18 41 -34
8.18439e-005 -18 -42 -34
0.000167569 17 42 -34
4.72525e-005 -17 -43 -34
0.000143666 18 41 -35
9.38123e-005 17 42 -35
3.50992e-005 -17 -43 -35
7.50206e-005 18 41 -36
3.60053e-005 17 42 -36
2.20735e-005 -17 -43 -36
2.89263e-005 18 41 -37
2.12747e-005 -18 -42 -38
3.14304e-005 -18 -42 -37
4.57194e-005 -18 -42 -36
6.41634e-005 -18 -42 -35
2.84409e-005 -19 -41 -34
3.60424e-005 19 41 -18
4.16037e-005 -19 -41 -33
2.58802e-005 20 40 -19
5.34204e-005 -19 -41 -32
6.56966e-005 19 41 -19
6.14072e-005 -19 -41 -31
9.82512e-005 19 41 -20
3.67213e-005 20 40 -20
5.99501e-005 -19 -41 -30
0.000214277 19 40 -29
2.24662e-005 18 42 -20
0.000131858 19 41 -21
4.81751e-005 20 40 -21
4.43949e-005 18 42 -21
0.00017154 19 41 -22
5.8988e-005 20 40 -22
0.000230844 19 40 -28
8.51607e-005 18 42 -22
0.000214306 19 41 -23
6.85877e-005 20 40 -23
0.000138331 18 42 -23
0.000255259 19 41 -24
0.000205168 18 42 -24
0.000293013 19 41 -25
0.00027683 18 42 -25
2.98155e-005 -19 -42 -26
3.76635e-005 17 43 -25
0.000342844 18 42 -26
5.2665e-005 -19 -42 -27
6.18537e-005 17 43 -26
0.000389326 18 42 -27
3.39292e-005 20 40 -28
3.54481e-005 -18 -43 -27
9.54775e-005 17 43 -27
0.000413403 18 42 -28
6.75735e-005 -19 -42 -28
5.95022e-005 -18 -43 -28
0.00012265 17 43 -28
0.000420795 18 42 -29
7.80391e-005 -18 -43 -29
0.000276769 19 41 -30
0.000141253 17 43 -29
0.000402748 18 42 -30
8.65131e-005 -18 -43 -30
0.000214762 19 41 -31
0.000150118 17 43 -30
0.000358404 18 42 -31
8.92449e-005 -18 -43 -31
0.000149914 19 41 -32
0.000141212 17 43 -31
0.000294174 18 42 -32
2.27059e-005 -17 -44 -31
8.39832e-005 -18 -43 -32
9.20781e-005 19 41 -33
0.000109507 17 43 -32
0.000221683 18 42 -33
2.31686e-005 -17 -44 -32
7.26476e-005 -18 -43 -33
4.56107e-005 19 41 -34
6.68046e-005 17 43 -33
0.000144735 18 42 -34
5.84652e-005 -18 -43 -34
2.11973e-005 17 43 -34
7.38984e-005 18 42 -35
4.24763e-005 -18 -43 -35
2.53066e-005 18 42 -36
2.68362e-005 -18 -43 -36
2.44624e-005 -19 -42 -35
2.22061e-005 20 41 -16
3.74627e-005 -19 -42 -34
5.246e-005 -19 -42 -33
4.69642e-005 20 41 -17
6.6955e-005 -19 -42 -32
6.65654e-005 20 41 -18
7.73828e-005 -19 -42 -31
4.79499e-005 19 42 -18
8.1222e-005 -19 -42 -30
7.79025e-005 -19 -42 -29
8.5207e-005 20 41 -19
0.000321333 19 41 -29
8.65799e-005 19 42 -19
0.000103358 20 41 -20
0.000134432 19 42 -20
0.000351391 19 41 -28
0.000190704 19 42 -21
0.000125771 20 41 -21
0.00034734 19 41 -27
4.99217e-005 20 40 -27
3.33127e-005 18 43 -21
0.000247316 19 42 -22
0.000148 20 41 -22
6.14084e-005 18 43 -22
0.000294233 19 42 -23
0.000108574 18 43 -23
0.000334637 19 42 -24
0.000160941 18 43 -24
0.000362333 19 42 -25
2.67289e-005 -20 -42 -26
0.000220705 18 43 -25
0.000374837 19 42 -26
5.44061e-005 -19 -43 -26
3.51602e-005 -20 -42 -27
0.000276381 18 43 -26
0.000380019 19 42 -27
6.90732e-005 -19 -43 -27
0.000317896 18 43 -27
3.05361e-005 -18 -44 -27
7.68116e-005 -19 -43 -28
6.8097e-005 20 41 -29
0.000367873 19 42 -28
3.81243e-005 -20 -42 -28
2.54672e-005 17 44 -27
0.000334205 18 43 -28
4.82986e-005 -18 -44 -28
3.96198e-005 20 41 -30
7.85378e-005 -19 -43 -29
0.000335129 19 42 -29
3.08831e-005 17 44 -28
0.00032135 18 43 -29
5.892e-005 -18 -44 -29
0.000280858 19 42 -30
2.86998e-005 17 44 -29
0.000283578 18 43 -30
6.22044e-005 -18 -44 -30
0.000216411 19 42 -31
2.31221e-005 17 44 -30
0.00022752 18 43 -31
6.27876e-005 -18 -44 -31
0.000150509 19 42 -32
0.000161805 18 43 -32
5.34718e-005 -18 -44 -32
9.07057e-005 19 42 -33
9.80546e-005 18 43 -33
4.18648e-005 -18 -44 -33
4.33086e-005 19 42 -34
4.53203e-005 18 43 -34
2.91833e-005 -18 -44 -34
2.32017e-005 -19 -43 -35
3.5793e-005 -19 -43 -34
3.3548e-005 20 42 -15
4.97197e-005 -19 -43 -33
2.9821e-005 21 41 -16
6.38955e-005 -19 -43 -32
6.14746e-005 20 42 -16
7.51419e-005 -19 -43 -31
2.24446e-005 -20 -42 -31
4.32626e-005 21 41 -17
9.93688e-005 20 42 -17
8.07145e-005 -19 -43 -30
0.000130687 20 42 -18
5.21502e-005 21 41 -18
2.98461e-005 -20 -42 -30
4.346e-005 19 43 -18
0.000161224 20 42 -19
5.65887e-005 21 41 -19
3.59616e-005 -20 -42 -29
0.000100787 20 41 -28
8.0192e-005 19 43 -19
0.000190907 20 42 -20
5.82419e-005 21 41 -20
0.00012569 19 43 -20
0.000217035 20 42 -21
5.65791e-005 21 41 -21
0.000181546 19 43 -21
0.00024265 20 42 -22
0.000238638 19 43 -22
3.60235e-005 18 44 -22
0.000289737 19 43 -23
3.10945e-005 21 41 -24
5.94649e-005 18 44 -23
0.000327895 19 43 -24
3.60627e-005 -20 -43 -25
9.37612e-005 18 44 -24
0.000352989 19 43 -25
3.1963e-005 -19 -44 -25
5.06604e-005 -20 -43 -26
0.000125195 18 44 -25
0.000363101 19 43 -26
5.42433e-005 -19 -44 -26
0.000153148 18 44 -26
5.70222e-005 -20 -43 -27
0.000356635 19 43 -27
6.705e-005 -19 -44 -27
0.000168336 18 44 -27
0.000330982 19 43 -28
7.27775e-005 -19 -44 -28
0.000119383 20 42 -29
5.83394e-005 -20 -43 -28
0.000171572 18 44 -28
0.000294956 19 43 -29
7.42505e-005 -19 -44 -29
7.51932e-005 20 42 -30
0.000146931 18 44 -29
0.000239894 19 43 -30
2.70866e-005 -18 -45 -29
3.5913e-005 20 42 -31
6.96201e-005 -19 -44 -30
0.000114632 18 44 -30
2.95303e-005 -18 -45 -30
0.000175711 19 43 -31
6.04504e-005 -19 -44 -31
7.38744e-005 18 44 -31
2.59841e-005 -18 -45 -31
0.000111773 19 43 -32
3.25453e-005 18 44 -32
5.71348e-005 19 43 -33
2.68518e-005 -19 -44 -34
3.69919e-005 -19 -44 -33
4.91428e-005 -19 -44 -32
4.50265e-005 21 42 -14
7.06501e-005 21 42 -15
3.8149e-005 20 43 -15
9.20527e-005 21 42 -16
7.10453e-005 20 43 -16
2.9275e-005 -20 -43 -31
0.00010794 21 42 -17
0.00012085 20 43 -17
4.05405e-005 -20 -43 -30
5.04603e-005 -20 -43 -29
0.00017024 20 43 -18
0.000123577 21 42 -18
0.000163357 20 42 -28
3.1716e-005 19 44 -18
0.000213408 20 43 -19
0.000136153 21 42 -19
0.000208548 20 42 -27
5.65822e-005 19 44 -19
0.000248017 20 43 -20
0.000140674 21 42 -20
0.000245909 20 42 -26
9.74689e-005 19 44 -20
0.000276437 20 43 -21
0.000141224 21 42 -21
0.000142917 19 44 -21
0.000295814 20 43 -22
0.000194325 19 44 -22
0.000306637 20 43 -23
0.000241898 19 44 -23
0.000313882 20 43 -24
3.61774e-005 -20 -44 -24
0.000278008 19 44 -24
5.46285e-005 -20 -44 -25
2.88534e-005 18 45 -24
2.37207e-005 -21 -43 -26
0.000291935 19 44 -25
3.11663e-005 -19 -45 -25
6.05236e-005 -20 -44 -26
3.75148e-005 18 45 -25
0.000294295 19 44 -26
4.80888e-005 -19 -45 -26
4.20392e-005 18 45 -26
0.000270072 19 44 -27
5.43945e-005 -19 -45 -27
0.000189484 20 43 -28
6.22864e-005 -20 -44 -27
4.00072e-005 18 45 -27
0.000235421 19 44 -28
5.68949e-005 -19 -45 -28
0.000134439 20 43 -29
2.9824e-005 18 45 -28
0.000189342 19 44 -29
5.50627e-005 -19 -45 -29
8.42396e-005 20 43 -30
0.000133808 19 44 -30
4.75813e-005 -19 -45 -30
4.39827e-005 20 43 -31
7.82551e-005 19 44 -31
3.84271e-005 -19 -45 -31
3.63656e-005 19 44 -32
2.84724e-005 -19 -45 -32
2.98235e-005 22 42 -13
5.81871e-005 21 43 -13
2.41367e-005 -20 -44 -32
4.27776e-005 22 42 -14
9.65698e-005 21 43 -14
3.36398e-005 -20 -44 -31
5.66754e-005 22 42 -15
0.000129101 21 43 -15
4.41389e-005 -20 -44 -30
3.53344e-005 20 44 -15
0.000154182 21 43 -16
6.03669e-005 22 42 -16
5.31396e-005 -20 -44 -29
5.96578e-005 -20 -44 -28
6.59937e-005 20 44 -16
6.06774e-005 22 42 -17
0.000177581 21 43 -17
0.000240161 20 43 -27
0.00011187 20 44 -17
5.39365e-005 22 42 -18
0.000194816 21 43 -18
0.000280434 20 43 -26
4.27546e-005 21 42 -26
0.000158295 20 44 -18
4.47112e-005 22 42 -19
0.000203346 20 44 -19
3.21124e-005 22 42 -20
0.000210219 21 43 -19
0.000305875 20 43 -25
3.02601e-005 19 45 -19
0.000240944 20 44 -20
0.000223779 21 43 -20
5.13493e-005 19 45 -20
0.000268883 20 44 -21
8.17165e-005 19 45 -21
0.000288357 20 44 -22
0.000109447 19 45 -22
0.000296304 20 44 -23
2.20351e-005 -20 -45 -23
3.11072e-005 -21 -44 -24
0.000133927 19 45 -23
0.000293354 20 44 -24
4.64935e-005 -20 -45 -24
3.61644e-005 -21 -44 -25
0.000152789 19 45 -24
0.000280134 20 44 -25
5.42413e-005 -20 -45 -25
0.000160243 19 45 -25
3.70684e-005 -21 -44 -26
0.000254966 20 44 -26
5.76944e-005 -20 -45 -26
0.000154442 19 45 -26
2.64584e-005 -19 -46 -26
5.71792e-005 -20 -45 -27
0.000214017 20 44 -27
2.94681e-005 -21 -44 -27
0.000130496 19 45 -27
3.1751e-005 -19 -46 -27
0.000164315 20 44 -28
9.78835e-005 19 45 -28
3.07902e-005 -19 -46 -28
0.000112555 20 44 -29
6.04631e-005 19 45 -29
2.58437e-005 -19 -46 -29
6.58924e-005 20 44 -30
2.12815e-005 19 45 -30
3.08879e-005 20 44 -31
4.12608e-005 22 43 -11
2.25841e-005 -20 -45 -32
7.10196e-005 22 43 -12
2.85559e-005 -20 -45 -31
3.22497e-005 21 44 -12
9.25838e-005 22 43 -13
3.77045e-005 -20 -45 -30
5.92807e-005 21 44 -13
0.000107966 22 43 -14
4.70272e-005 -20 -45 -29
9.74413e-005 21 44 -14
5.35437e-005 -20 -45 -28
0.000120797 22 43 -15
0.000137016 21 44 -15
2.27403e-005 -21 -44 -28
4.54423e-005 21 43 -27
2.02645e-005 20 45 -15
0.000173221 21 44 -16
0.000128386 22 43 -16
4.7307e-005 20 45 -16
0.00020041 21 44 -17
0.000129959 22 43 -17
8.09656e-005 21 43 -26
7.87168e-005 20 45 -17
0.000220098 21 44 -18
0.000121663 22 43 -18
0.00011291 20 45 -18
0.000231699 21 44 -19
0.00010924 22 43 -19
0.000154667 20 45 -19
0.000240856 21 44 -20
0.000193819 20 45 -20
0.000247916 21 44 -21
0.000221945 20 45 -21
0.000234538 20 45 -22
2.99141e-005 22 43 -23
3.58607e-005 -21 -45 -23
2.53072e-005 19 46 -22
0.000237619 20 45 -23
2.41268e-005 -20 -46 -23
4.40083e-005 -21 -45 -24
3.39228e-005 19 46 -23
0.000222386 20 45 -24
4.20174e-005 -20 -46 -24
3.70184e-005 19 46 -24
4.59178e-005 -21 -45 -25
0.000200074 20 45 -25
4.59911e-005 -20 -46 -25
3.37696e-005 19 46 -25
0.000165014 20 45 -26
4.69855e-005 -20 -46 -26
6.25229e-005 21 44 -27
4.19687e-005 -21 -45 -26
2.46098e-005 19 46 -26
0.000125548 20 45 -27
4.42946e-005 -20 -46 -27
3.28973e-005 21 44 -28
8.61679e-005 20 45 -28
3.96183e-005 -20 -46 -28
4.8681e-005 20 45 -29
3.2957e-005 -20 -46 -29
3.33112e-005 23 43 -10
3.85304e-005 22 44 -10
4.78728e-005 23 43 -11
7.38839e-005 22 44 -11
2.53978e-005 -20 -46 -30
5.95326e-005 23 43 -12
0.000107403 22 44 -12
2.37529e-005 21 45 -12
6.29728e-005 23 43 -13
0.000129982 22 44 -13
5.10312e-005 21 45 -13
6.29006e-005 23 43 -14
0.000149205 22 44 -14
8.41387e-005 21 45 -14
5.31022e-005 23 43 -15
0.000162357 22 44 -15
2.7376e-005 -21 -45 -28
3.52019e-005 -21 -45 -27
0.000120172 21 45 -15
4.15976e-005 23 43 -16
0.000101456 21 44 -26
0.000158377 21 45 -16
2.81895e-005 23 43 -17
0.000171633 22 44 -16
0.00014599 21 44 -25
0.000185235 21 45 -17
0.00017932 22 44 -17
3.17261e-005 20 46 -17
0.000205644 21 45 -18
0.000180137 22 44 -18
5.51083e-005 20 46 -18
0.000219946 21 45 -19
0.000165146 22 44 -19
7.67025e-005 20 46 -19
0.00022564 21 45 -20
9.68241e-005 20 46 -20
0.000224788 21 45 -21
0.000111406 20 46 -21
0.000217645 21 45 -22
2.01552e-005 -21 -46 -22
2.06287e-005 -22 -45 -23
0.000118196 20 46 -22
0.000198216 21 45 -23
3.92174e-005 -21 -46 -23
2.06692e-005 -22 -45 -24
0.000120276 20 46 -23
4.24889e-005 -21 -46 -24
0.000101657 20 46 -24
2.02733e-005 -20 -47 -24
7.97237e-005 20 46 -25
4.3186e-005 -21 -46 -25
2.6747e-005 -20 -47 -25
5.28879e-005 20 46 -26
2.75052e-005 -20 -47 -26
5.09649e-005 21 45 -27
2.82219e-005 20 46 -27
2.34071e-005 -20 -47 -27
2.32776e-005 21 45 -28
4.49147e-005 23 44 -9
7.8222e-005 23 44 -10
3.54399e-005 22 45 -10
9.56262e-005 23 44 -11
6.92799e-005 22 45 -11
0.000105365 23 44 -12
9.97785e-005 22 45 -12
2.50764e-005 -21 -46 -28
0.000125764 22 45 -13
0.00011224 23 44 -13
3.23732e-005 -21 -46 -27
3.88464e-005 -21 -46 -26
8.81331e-005 21 45 -26
0.000146016 22 45 -14
0.000112657 23 44 -14
0.00012854 21 45 -25
0.000166396 21 45 -24
4.51676e-005 21 46 -14
0.000161375 22 45 -15
0.000100298 23 44 -15
3.09371e-005 22 44 -24
7.12301e-005 21 46 -15
0.000170577 22 45 -16
8.74358e-005 23 44 -16
9.68251e-005 21 46 -16
0.000178096 22 45 -17
7.0194e-005 23 44 -17
0.000125374 21 46 -17
0.000149245 21 46 -18
3.36531e-005 23 44 -19
0.000180719 22 45 -18
0.000159678 21 46 -19
0.000170687 22 45 -19
0.000162678 21 46 -20
0.000155086 21 46 -21
2.01059e-005 -22 -46 -22
0.000141019 21 46 -22
2.04904e-005 -21 -47 -22
2.89052e-005 -22 -46 -23
0.000118412 21 46 -23
3.44177e-005 -21 -47 -23
2.73095e-005 -22 -46 -24
9.2322e-005 21 46 -24
3.54666e-005 -21 -47 -24
6.4258e-005 21 46 -25
3.36569e-005 -21 -47 -25
2.07395e-005 -22 -46 -25
3.75066e-005 21 46 -26
4.08027e-005 24 44 -9
4.84803e-005 23 45 -9
5.42418e-005 24 44 -10
7.93184e-005 23 45 -10
2.1331e-005 -21 -47 -28
5.60257e-005 24 44 -11
9.74845e-005 23 45 -11
2.47765e-005 -21 -47 -27
3.83298e-005 22 46 -11
4.78012e-005 24 44 -12
2.9153e-005 -21 -47 -26
0.000108859 23 45 -12
6.44926e-005 22 46 -12
3.51995e-005 24 44 -13
9.02289e-005 22 46 -13
2.39115e-005 24 44 -14
0.00011914 23 45 -13
0.00011505 22 46 -14
0.00012509 23 45 -14
4.12596e-005 22 45 -24
0.000131918 22 46 -15
0.000125712 23 45 -15
0.000143496 22 46 -16
0.000114184 23 45 -16
6.85398e-005 22 45 -23
2.68703e-005 21 47 -16
0.000148642 22 46 -17
9.79671e-005 23 45 -17
4.40955e-005 21 47 -17
0.000149259 22 46 -18
5.39806e-005 21 47 -18
0.000143984 22 46 -19
5.9532e-005 21 47 -19
6.12866e-005 21 47 -20
5.23952e-005 21 47 -21
2.31561e-005 -22 -47 -22
4.00139e-005 21 47 -22
2.52165e-005 21 47 -23
2.86341e-005 -22 -47 -23
2.68982e-005 -22 -47 -24
2.20919e-005 -22 -47 -25
4.91267e-005 24 45 -9
2.21341e-005 23 46 -9
5.41522e-005 23 46 -10
6.58432e-005 24 45 -10
7.56214e-005 23 46 -11
6.95847e-005 24 45 -11
9.10712e-005 23 46 -12
6.71539e-005 24 45 -12
3.18085e-005 22 46 -24
0.000101623 23 46 -13
5.47212e-005 24 45 -13
5.4935e-005 22 46 -23
3.03706e-005 22 47 -13
0.00010932 23 46 -14
4.27024e-005 24 45 -14
4.74289e-005 22 47 -14
3.07603e-005 24 45 -15
5.99839e-005 22 47 -15
0.000112521 23 46 -15
6.83072e-005 22 47 -16
0.000105792 23 46 -16
8.15877e-005 22 46 -22
7.41668e-005 22 47 -17
9.28024e-005 23 46 -17
7.55274e-005 22 47 -18
6.88674e-005 22 47 -19
5.81013e-005 22 47 -20
4.41681e-005 22 47 -21
2.426e-005 -22 -48 -23
2.90403e-005 24 46 -9
4.95722e-005 24 46 -10
2.12916e-005 -22 -48 -24
2.03596e-005 23 47 -11
5.89643e-005 24 46 -11
2.93557e-005 22 47 -22
3.52902e-005 23 47 -12
6.07746e-005 24 46 -12
4.71988e-005 23 47 -13
5.56312e-005 24 46 -13
5.55194e-005 23 47 -14
4.75075e-005 24 46 -14
5.94629e-005 23 47 -15
6.074e-005 23 47 -16
2.63227e-005 24 47 -12
2.95535e-005 24 47 -13
2.89202e-005 24 47 -14
2.32754e-005 24 47 -15
3.34065e-005 23 47 -19
4.58319e-005 23 47 -18
5.53545e-005 23 47 -17
2.04216e-005 24 46 -16
3.53662e-005 24 46 -15
3.45848e-005 23 46 -20
5.4084e-005 23 46 -19
7.49642e-005 23 46 -18
0.000107771 22 46 -21
0.000130263 22 46 -20
3.23982e-005 23 45 -20
5.35802e-005 23 45 -19
7.6622e-005 23 45 -18
9.928e-005 22 45 -22
0.000129763 22 45 -21
0.000153852 22 45 -20
5.23489e-005 23 44 -18
5.68205e-005 22 44 -23
8.5025e-005 22 44 -22
0.00011563 22 44 -21
0.000144584 22 44 -20
0.000187426 21 44 -24
0.000219628 21 44 -23
0.000240694 21 44 -22
5.21227e-005 22 43 -22
7.02535e-005 22 43 -21
9.01817e-005 22 43 -20
0.000119151 21 43 -25
0.000157634 21 43 -24
0.000190086 21 43 -23
0.000212239 21 43 -22
0.000226965 21 43 -21
6.78302e-005 21 42 -25
9.30229e-005 21 42 -24
0.000116955 21 42 -23
0.000133547 21 42 -22
0.00026934 20 42 -25
0.000277008 20 42 -24
0.000267683 20 42 -23
4.39552e-005 21 41 -23
5.23578e-005 21 41 -22
0.000130302 20 41 -27
0.000154829 20 41 -26
0.000169642 20 41 -25
0.000170773 20 41 -24
0.000164245 20 41 -23
0.000330266 19 41 -26
5.94374e-005 20 40 -26
6.75683e-005 20 40 -25
7.28113e-005 20 40 -24
0.000225481 19 40 -27
0.00020879 19 40 -26
0.000180776 19 40 -25
0.000108168 19 39 -28
0.000104854 19 39 -27
9.28436e-005 19 39 -26
7.55521e-005 19 39 -25
3.18844e-005 19 38 -28
2.98731e-005 19 38 -27
2.50559e-005 19 38 -26
0.0001426 18 38 -29
0.000115626 18 38 -28
8.38385e-005 18 38 -27
5.18274e-005 18 38 -26
5.49619e-005 18 37 -30
4.6604e-005 18 37 -29
3.32162e-005 18 37 -28
2.09213e-005 18 37 -27
9.27961e-005 17 37 -29
4.60657e-005 17 36 -30
2.47166e-005 17 36 -29
