4.84741e-005 -11 5 1
7.46088e-005 -10 6 1
4.25735e-005 -10 6 0
7.80013e-005 -11 5 2
8.19439e-005 -10 6 2
7.1682e-005 -10 6 3
8.21564e-005 -11 5 3
7.05913e-005 -11 5 4
5.42804e-005 -10 6 4
4.16217e-005 -11 5 5
3.08528e-005 -10 6 5
2.04543e-005 -12 5 0
2.04352e-005 -11 6 -1
2.20414e-005 -13 4 2
9.15323e-005 -12 5 1
0.000137917 -11 6 0
0.000318142 -11 6 1
0.000209244 -10 7 0
2.13319e-005 -9 8 0
8.95572e-005 -10 7 -1
2.88982e-005 -13 4 3
0.000153982 -12 5 2
0.000288353 -10 7 1
0.000422793 -11 6 2
3.34242e-005 -9 8 -1
0.000305829 -10 7 2
2.78175e-005 -13 4 4
0.000165775 -12 5 3
0.000437779 -11 6 3
0.00015364 -12 5 4
0.000275202 -10 7 3
0.000386395 -11 6 4
0.000103957 -12 5 5
0.000222666 -10 7 4
0.000258444 -11 6 5
4.97155e-005 -12 5 6
0.00014558 -10 7 5
0.000129541 -11 6 6
8.12115e-005 -10 7 6
4.34083e-005 -11 6 7
3.3971e-005 -10 7 7
9.79151e-005 -13 5 1
0.000514065 -12 6 1
0.000607519 -11 7 0
0.000153105 -11 7 -1
2.4308e-005 -14 4 3
0.000169386 -13 5 2
0.000541615 -10 8 0
0.0011138 -11 7 1
0.000731133 -12 6 2
4.3524e-005 -9 9 0
0.000270633 -10 8 -1
0.000729992 -10 8 1
2.19054e-005 -14 4 4
0.00018371 -13 5 3
0.00137509 -11 7 2
0.000189425 -12 6 0
0.000171883 -13 5 4
5.99552e-005 -10 8 -2
5.14132e-005 -9 9 -1
3.35439e-005 -9 9 1
0.000781616 -10 8 2
0.0014099 -11 7 3
0.000701205 -12 6 4
0.000116827 -13 5 5
3.38964e-005 -9 9 -2
2.33311e-005 -9 9 2
0.000733224 -10 8 3
0.00126709 -11 7 4
0.000473462 -12 6 5
0.000766275 -12 6 3
0.000600168 -10 8 4
0.000894182 -11 7 5
0.000232158 -12 6 6
0.000400567 -10 8 5
7.35948e-005 -12 6 7
0.000493408 -11 7 6
0.000193799 -11 7 7
0.000104068 -10 8 7
4.56397e-005 -11 7 8
3.35274e-005 -10 8 8
0.000229084 -10 8 6
5.52467e-005 -13 5 6
6.62247e-005 -14 5 1
0.000187843 -13 6 0
0.000547646 -13 6 1
0.000890471 -12 7 0
0.000157905 -12 7 -1
0.00012349 -14 5 2
0.00162246 -11 8 0
0.000785093 -13 6 2
0.000600004 -11 8 -1
0.0010276 -10 9 0
0.00261107 -11 8 1
0.000134836 -14 5 3
0.00180959 -12 7 1
0.000822407 -13 6 3
0.000125246 -14 5 4
5.54314e-005 -11 8 -2
9.91612e-005 -9 10 0
0.0005464 -10 9 -1
0.00139513 -10 9 1
0.00307125 -11 8 2
0.00238032 -12 7 3
0.000749289 -13 6 4
8.33357e-005 -14 5 5
0.000156817 -10 9 -2
7.10109e-005 -9 10 -1
0.000116719 -9 10 1
0.00151862 -10 9 2
0.00312963 -11 8 3
0.00218626 -12 7 4
3.65709e-005 -14 5 6
3.95321e-005 -9 10 -2
0.00151227 -10 9 3
0.00284597 -11 8 4
0.00152612 -12 7 5
0.000120197 -9 10 2
0.000239294 -13 6 6
0.000106439 -9 10 3
0.00205794 -11 8 5
0.00080121 -12 7 6
7.2415e-005 -13 6 7
6.54402e-005 -9 10 4
0.00126822 -10 9 4
0.000872563 -10 9 5
0.000286909 -12 7 7
3.38422e-005 -9 10 5
0.000515463 -11 8 7
0.000497752 -10 9 6
6.35847e-005 -12 7 8
0.000229437 -10 9 7
0.000145112 -11 8 8
2.82381e-005 -11 8 9
7.16909e-005 -10 9 8
0.00118787 -11 8 6
0.000499732 -13 6 5
0.0023106 -12 7 2
0.000124588 -14 6 0
0.000390893 -14 6 1
0.000144842 -13 7 -1
4.22164e-005 -15 5 2
0.00248954 -12 8 0
0.00195039 -13 7 1
0.000559416 -14 6 2
0.000809057 -12 8 -1
0.00297871 -11 9 0
4.59675e-005 -15 5 3
0.00415642 -12 8 1
0.000582095 -14 6 3
4.05147e-005 -15 5 4
5.01744e-005 -12 8 -2
0.00138268 -11 9 -1
0.00147591 -10 10 0
0.00438815 -11 9 1
0.00494226 -12 8 2
0.00255436 -13 7 3
0.000511873 -14 6 4
2.44416e-005 -15 5 5
0.000258226 -11 9 -2
0.000145173 -9 11 0
0.000802725 -10 10 -1
0.0020391 -10 10 1
0.00502518 -11 9 2
0.00504138 -12 8 3
0.00232655 -13 7 4
0.000258332 -10 10 -2
0.000203546 -9 11 1
8.25026e-005 -9 11 -1
0.000320181 -14 6 5
0.00511081 -11 9 3
0.00467897 -12 8 4
0.00159444 -13 7 5
0.000137077 -14 6 6
2.25717e-005 -10 10 -3
0.00022935 -9 11 2
0.00230829 -10 10 3
0.0047355 -11 9 4
0.00337292 -12 8 5
0.000809073 -13 7 6
3.45782e-005 -14 6 7
0.000227997 -9 11 3
0.00203001 -10 10 4
3.54685e-005 -9 11 -2
0.00188246 -12 8 6
0.0034531 -11 9 5
0.00228258 -10 10 2
0.00248485 -13 7 2
0.000180002 -9 11 4
0.00199741 -11 9 6
0.00141864 -10 10 5
0.000760584 -12 8 7
5.47918e-005 -13 7 8
0.000115248 -9 11 5
0.000788684 -10 10 6
0.00086802 -11 9 7
0.000196216 -12 8 8
6.46658e-005 -9 11 6
0.000334738 -10 10 7
0.000248667 -11 9 8
3.80087e-005 -12 8 9
9.50355e-005 -10 10 8
5.12597e-005 -11 9 9
2.63508e-005 -9 11 7
4.83609e-005 -15 6 0
9.69782e-005 -14 7 -1
0.000142304 -15 6 1
0.00148131 -14 7 1
0.0026817 -13 8 0
0.000188649 -15 6 2
0.000853887 -13 8 -1
0.00450264 -12 9 0
0.00447328 -13 8 1
0.000190563 -15 6 3
4.72817e-005 -13 8 -2
0.00206577 -12 9 -1
0.00389542 -11 10 0
0.00662323 -12 9 1
0.00528539 -13 8 2
0.00187147 -14 7 3
0.000153338 -15 6 4
0.00035437 -12 9 -2
0.0016331 -10 11 0
0.00543241 -11 10 1
0.00757906 -12 9 2
0.00207257 -11 10 -1
0.00537969 -13 8 3
8.40168e-005 -15 6 5
2.06194e-005 -12 9 -3
0.000116341 -9 12 0
0.000595952 -11 10 -2
0.00229167 -10 11 1
0.00611992 -11 10 2
0.00771132 -12 9 3
0.00496122 -13 8 4
0.000886917 -10 11 -1
0.00101774 -14 7 5
2.97555e-005 -15 6 6
4.65339e-005 -9 12 -1
3.31323e-005 -11 10 -3
0.000203951 -9 12 1
0.00260577 -10 11 2
0.00621968 -11 10 3
0.00725237 -12 9 4
0.00352858 -13 8 5
0.000444634 -14 7 6
2.91732e-005 -10 11 -3
0.00265199 -10 11 3
0.000271134 -9 12 2
0.0052769 -12 9 5
0.00192172 -13 8 6
0.000114162 -14 7 7
0.00028904 -9 12 3
0.00578369 -11 10 4
0.000295582 -10 11 -2
0.00161847 -14 7 4
0.0041264 -11 10 5
0.00294695 -12 9 6
2.09884e-005 -14 7 8
0.000270244 -9 12 4
0.000738815 -13 8 7
0.0016794 -10 11 5
0.00228271 -11 10 6
0.000177263 -13 8 8
0.000202906 -9 12 5
0.00091256 -10 11 6
0.000929139 -11 10 7
0.000313554 -12 9 8
3.2644e-005 -13 8 9
0.000117439 -9 12 6
0.000365661 -10 11 7
0.000249272 -11 10 8
6.4756e-005 -12 9 9
4.80521e-005 -9 12 7
9.59185e-005 -10 11 8
5.20524e-005 -11 10 9
0.00118989 -12 9 7
5.0072e-005 -15 7 -1
2.34228e-005 -16 6 1
0.000298557 -15 7 0
0.000569355 -15 7 1
0.000665454 -14 8 -1
3.39252e-005 -16 6 2
0.00482316 -13 9 0
0.00349284 -14 8 1
0.00213201 -14 8 0
3.05986e-005 -16 6 3
3.471e-005 -14 8 -2
0.00224223 -13 9 -1
0.00557068 -12 10 0
0.0070304 -13 9 1
0.00398568 -14 8 2
0.000650138 -15 7 3
2.32524e-005 -16 6 4
0.000394717 -13 9 -2
0.00308663 -12 10 -1
0.00402106 -11 11 0
0.00755366 -12 10 1
0.00799452 -13 9 2
0.00402199 -14 8 3
2.41739e-005 -13 9 -3
0.000952426 -12 10 -2
0.0011877 -10 12 0
0.00549365 -11 11 1
0.0083592 -12 10 2
0.00812336 -13 9 3
0.00225454 -11 11 -1
0.00355121 -14 8 4
0.000263785 -15 7 5
5.16416e-005 -12 10 -3
3.31548e-005 -9 13 0
0.00076262 -11 11 -2
0.00182912 -10 12 1
0.00615297 -11 11 2
0.00846979 -12 10 3
0.00761434 -13 9 4
0.00236023 -14 8 5
8.85639e-005 -15 7 6
0.000578761 -10 12 -1
5.8756e-005 -11 11 -3
8.39644e-005 -9 13 1
0.000162799 -10 12 -2
0.00224906 -10 12 2
0.00783309 -12 10 4
0.00546245 -13 9 5
0.00115208 -14 8 6
2.06806e-005 -10 12 -3
0.000148193 -9 13 2
0.00234319 -10 12 3
0.0054731 -12 10 5
0.00296567 -13 9 6
0.000360778 -14 8 7
0.000195379 -9 13 3
0.00575041 -11 11 4
0.00624936 -11 11 3
0.00398133 -11 11 5
0.0029276 -12 10 6
0.00113302 -13 9 7
0.000206271 -9 13 4
0.00158198 -10 12 5
0.00210328 -11 11 6
0.000277921 -13 9 8
0.000195467 -9 13 5
0.000828952 -10 12 6
0.00079957 -11 11 7
0.000296028 -12 10 8
5.52275e-005 -13 9 9
0.000125566 -9 13 6
0.00030413 -10 12 7
0.000203104 -11 11 8
6.2029e-005 -12 10 9
7.25859e-005 -10 12 8
4.22481e-005 -11 11 9
4.8073e-005 -9 13 7
0.000318388 -15 8 -1
0.000104548 -16 7 1
0.00138153 -15 8 1
0.0038374 -14 9 0
0.000115426 -16 7 2
0.000915579 -15 8 0
6.30192e-005 -16 7 0
0.00114121 -12 10 7
2.19258e-005 -15 8 -2
0.00187052 -14 9 -1
0.00584773 -13 10 0
0.00537147 -14 9 1
0.0014922 -15 8 2
0.000107087 -16 7 3
0.000354419 -14 9 -2
0.00331759 -13 10 -1
0.00550542 -12 11 0
0.00780167 -13 10 1
0.00592849 -14 9 2
0.00147837 -15 8 3
2.13966e-005 -14 9 -3
0.00109573 -13 10 -2
0.00288675 -11 12 0
0.0072283 -12 11 1
0.00854363 -13 10 2
0.00598733 -14 9 3
0.00328352 -12 11 -1
0.00118038 -15 8 4
3.38681e-005 -16 7 5
7.04662e-005 -13 10 -3
0.00124452 -12 11 -2
0.000438999 -10 13 0
0.00414864 -11 12 1
0.00792893 -12 11 2
0.00863916 -13 10 3
0.00540905 -14 9 4
0.000683594 -15 8 5
0.00015715 -10 13 -1
0.0015653 -11 12 -1
0.000124408 -12 11 -3
0.000820995 -10 13 1
0.00486885 -11 12 2
0.00802622 -12 11 3
0.00791451 -13 10 4
0.00359427 -14 9 5
0.000268082 -15 8 6
0.000539718 -11 12 -2
5.24737e-005 -11 12 -3
0.00117639 -10 13 2
0.00500996 -11 12 3
0.00544871 -13 10 5
0.00173898 -14 9 6
6.33272e-005 -15 8 7
0.00726546 -12 11 4
0.00468053 -11 12 4
0.00489545 -12 11 5
0.0013364 -10 13 3
0.000547494 -14 9 7
4.15288e-005 -9 14 3
0.00134663 -10 13 4
0.00250358 -12 11 6
0.00105583 -13 10 7
0.000116996 -14 9 8
0.00105261 -10 13 5
0.00153477 -11 12 6
0.00091122 -12 11 7
2.10351e-005 -14 9 9
6.93625e-005 -9 14 5
0.000543224 -10 13 6
0.000518692 -11 12 7
0.000226635 -12 11 8
5.11985e-005 -13 10 9
0.000178232 -10 13 7
0.000124259 -11 12 8
4.74786e-005 -12 11 9
5.82125e-005 -9 14 6
3.80964e-005 -10 13 8
2.51335e-005 -11 12 9
8.26889e-005 -16 8 -1
0.000196263 -16 8 0
0.000264419 -16 8 1
0.000855316 -15 9 -1
0.00437594 -14 10 0
0.00208219 -15 9 1
0.000274935 -16 8 2
0.000203286 -15 9 -2
0.00567438 -13 11 0
0.00552053 -14 10 1
0.00267819 -14 10 -1
0.000259832 -16 8 3
0.00219802 -15 9 2
0.00159829 -15 9 0
0.00101078 -14 10 -2
0.00393465 -12 12 0
0.00731684 -13 11 1
0.00585592 -14 10 2
0.00219299 -15 9 3
0.000184617 -16 8 4
8.43025e-005 -14 10 -3
0.00141778 -13 11 -2
0.00119238 -11 13 0
0.00531603 -12 12 1
0.00795082 -13 11 2
0.00588971 -14 10 3
0.00179486 -15 9 4
0.00233579 -12 12 -1
9.47577e-005 -16 8 5
3.00625e-005 -10 14 0
0.000187183 -13 11 -3
0.000959531 -12 12 -2
0.000542328 -11 13 -1
0.00598889 -12 12 2
0.00803582 -13 11 3
0.00519007 -14 10 4
0.00104573 -15 9 5
0.00195874 -11 13 1
3.12269e-005 -16 8 6
0.000134902 -12 12 -3
0.000136423 -11 13 -2
0.000106728 -10 14 1
0.00610671 -12 12 3
0.00717476 -13 11 4
0.00336385 -14 10 5
0.000415128 -15 9 6
0.00255513 -11 13 2
0.00273103 -11 13 3
0.00470729 -13 11 5
0.00158715 -14 10 6
0.000101325 -15 9 7
0.000329634 -10 14 3
0.00550562 -12 12 4
0.00265318 -11 13 4
0.000221816 -10 14 2
0.00348318 -13 11 -1
0.000255561 -13 10 8
0.00354471 -12 12 5
6.08949e-005 -9 14 4
0.000483664 -14 10 7
0.000368744 -10 14 4
0.00180262 -11 13 5
0.000766148 -13 11 7
0.000103944 -14 10 8
0.000350835 -10 14 5
0.000821177 -11 13 6
0.000550066 -12 12 7
0.000179343 -13 11 8
0.000196358 -10 14 6
0.000241187 -11 13 7
0.000131143 -12 12 8
3.63031e-005 -13 11 9
5.65102e-005 -10 14 7
5.43748e-005 -11 13 8
2.66333e-005 -12 12 9
0.000196469 -16 9 -1
3.73758e-005 -17 8 1
0.0016745 -15 10 0
0.000328544 -16 9 0
3.12224e-005 -17 8 0
3.84812e-005 -17 8 2
6.57576e-005 -16 9 -2
0.00112991 -15 10 -1
0.00398215 -14 11 0
0.00197166 -15 10 1
0.000408145 -16 9 2
3.31501e-005 -17 8 3
0.000520354 -15 10 -2
0.00268314 -14 11 -1
0.00404203 -13 12 0
0.00483039 -14 11 1
0.00204089 -15 10 2
2.05907e-005 -17 8 4
8.15993e-005 -15 10 -3
0.00126825 -14 11 -2
0.00175666 -12 13 0
0.00532223 -13 12 1
0.00509207 -14 11 2
0.00203725 -15 10 3
0.00248838 -13 12 -1
0.000290817 -16 9 4
0.000222844 -14 11 -3
0.000152725 -11 14 0
0.00111253 -13 12 -2
0.00262301 -12 13 1
0.00589262 -13 12 2
0.00511395 -14 11 3
0.00164644 -15 10 4
0.000153141 -16 9 5
0.000919246 -12 13 -1
0.00021841 -13 12 -3
0.00031363 -12 13 -2
0.000349931 -11 14 1
0.00598269 -13 12 3
0.00428744 -14 11 4
0.000936872 -15 10 5
5.2073e-005 -16 9 6
0.00316787 -12 13 2
0.000576978 -11 14 2
3.09804e-005 -12 13 -3
0.00520094 -13 12 4
0.00257696 -14 11 5
0.000361701 -15 10 6
0.00306042 -12 13 4
0.000726383 -11 14 3
0.00110963 -14 11 6
8.7452e-005 -15 10 7
0.000753769 -11 14 4
0.00316929 -13 12 5
0.00329193 -12 13 3
3.7646e-005 -11 14 -1
0.00039431 -16 9 3
0.000396689 -16 9 1
0.0019457 -12 13 5
0.00030865 -14 11 7
0.000577626 -11 14 5
0.000846859 -12 13 6
0.00040291 -13 12 7
0.000251771 -11 14 6
0.000238807 -12 13 7
9.30394e-005 -13 12 8
6.34741e-005 -11 14 7
5.38705e-005 -12 13 8
3.38275e-005 -17 9 -1
0.000323876 -16 10 0
5.80616e-005 -17 9 1
0.000235313 -16 10 -1
0.00139338 -15 11 0
5.91027e-005 -17 9 2
0.000128964 -16 10 -2
0.00104741 -15 11 -1
0.00277682 -14 12 0
0.00157308 -15 11 1
0.000373258 -16 10 2
5.19254e-005 -17 9 3
3.61649e-005 -16 10 -3
0.00060456 -15 11 -2
0.00191484 -14 12 -1
0.00185584 -13 13 0
0.00335836 -14 12 1
0.00161209 -15 11 2
0.000361401 -16 10 3
3.47956e-005 -17 9 4
0.000189964 -15 11 -3
0.000300159 -12 14 0
0.00100457 -14 12 -2
0.00266746 -13 13 1
0.00353809 -14 12 2
0.00159033 -15 11 3
0.00026453 -16 10 4
0.00102274 -13 13 -1
0.000257074 -14 12 -3
0.000409854 -13 13 -2
0.000568618 -12 14 1
0.000104866 -12 14 -1
0.0035332 -14 12 3
0.00119136 -15 11 4
0.000136748 -16 10 5
6.69815e-005 -13 13 -3
0.00275951 -14 12 4
0.000627608 -15 11 5
4.56834e-005 -16 10 6
0.00321117 -13 13 3
0.000821768 -12 14 2
0.00279623 -13 13 4
0.000225238 -15 11 6
0.00149533 -14 12 5
0.00157444 -13 13 5
5.32319e-005 -15 11 7
0.000559793 -14 12 6
0.000609944 -12 14 5
0.000913725 -12 14 4
0.000923256 -12 14 3
0.00312345 -13 13 2
0.000365388 -16 10 1
4.94871e-005 -17 9 0
6.7352e-005 -14 11 8
0.000140305 -14 12 7
0.000237066 -12 14 6
0.000147571 -13 13 7
3.06893e-005 -14 12 8
3.23298e-005 -13 13 8
5.28401e-005 -12 14 7
3.89182e-005 -17 10 -1
0.000252477 -16 11 0
5.39095e-005 -17 10 1
0.000203194 -16 11 -1
0.000922141 -15 12 0
0.000277807 -16 11 1
0.00013149 -16 11 -2
0.00136673 -14 13 0
0.00101427 -15 12 1
0.000282826 -16 11 2
0.000725519 -15 12 -1
4.717e-005 -17 10 3
6.75897e-005 -16 11 -3
0.00046849 -15 12 -2
0.000354147 -13 14 0
0.00173855 -14 13 1
0.00103171 -15 12 2
0.000270094 -16 11 3
0.000870952 -14 13 -1
0.000199161 -15 12 -3
0.000406113 -14 13 -2
0.000151912 -13 14 -1
0.00185877 -14 13 2
0.000984277 -15 12 3
0.000186196 -16 11 4
0.000622274 -13 14 1
2.07224e-005 -15 12 -4
8.7186e-005 -14 13 -3
0.00184375 -14 13 3
0.000659681 -15 12 4
9.01172e-005 -16 11 5
0.000851156 -13 14 2
0.000310533 -15 12 5
2.80047e-005 -16 11 6
0.00132742 -14 13 4
0.000922391 -13 14 3
0.000845536 -13 14 4
9.7817e-005 -15 12 6
0.000618522 -14 13 5
0.000182395 -14 13 6
0.000439298 -13 14 5
3.37444e-005 -13 14 -2
3.17985e-005 -17 10 4
5.43462e-005 -17 10 2
4.87252e-005 -17 10 0
0.000118694 -13 14 6
2.29306e-005 -13 14 7
3.65057e-005 -17 11 0
3.40957e-005 -17 11 -1
0.000159056 -16 12 0
0.000473215 -15 13 0
0.000171991 -16 12 1
0.000133408 -16 12 -1
3.96441e-005 -17 11 2
9.71685e-005 -16 12 -2
0.000325772 -14 14 0
0.00051827 -15 13 1
0.000174726 -16 12 2
3.5103e-005 -17 11 3
5.99571e-005 -16 12 -3
0.000221616 -15 13 -2
0.000493952 -14 14 1
0.000524487 -15 13 2
0.00015794 -16 12 3
2.20482e-005 -17 11 4
0.000157124 -14 14 -1
4.71173e-005 -14 14 -2
8.60321e-005 -15 13 -3
0.000465617 -15 13 3
9.7623e-005 -16 12 4
0.000567124 -14 14 2
0.000565232 -14 14 3
4.21075e-005 -16 12 5
0.000269541 -15 13 4
0.000373251 -14 14 4
0.000104102 -15 13 5
2.67865e-005 -15 13 6
2.39019e-005 -14 14 6
0.000125704 -14 14 5
0.000363357 -15 13 -1
3.94706e-005 -17 11 1
2.18359e-005 -17 12 0
2.10207e-005 -17 12 -1
7.94938e-005 -16 13 0
2.31827e-005 -17 12 1
0.000145124 -15 14 0
8.40378e-005 -16 13 1
2.33346e-005 -17 12 2
6.7437e-005 -16 13 -1
5.38181e-005 -16 13 -2
0.000171731 -15 14 1
8.48333e-005 -16 13 2
2.71814e-005 -16 13 -3
4.44271e-005 -15 14 -2
9.45776e-005 -15 14 -1
6.75899e-005 -16 13 3
3.58188e-005 -16 13 4
6.10786e-005 -15 14 4
0.000138121 -15 14 3
0.000175562 -15 14 2
2.5863e-005 -16 14 0
2.43917e-005 -16 14 -1
2.77537e-005 -16 14 1
2.65631e-005 -16 14 2
4.15867e-005 -14 13 7
2.27304e-005 -15 12 7
0.000586938 -13 13 6
0.00138585 -13 12 6
0.00168025 -12 12 6
0.00229599 -13 11 6
0.00314083 -11 12 5
0.00285481 -13 10 6
2.68955e-005 -10 13 -2
7.28729e-005 -16 7 4
7.3329e-005 -14 8 8
0.00223278 -10 12 4
0.000499172 -15 7 4
0.000655274 -15 7 2
0.00240499 -10 11 4
0.00184068 -14 7 2
0.00070528 -14 7 0
0.00026921 -13 7 7
0.000940217 -13 7 0
