0.25
1.03226e-05 -5.5 1 -2
1.07726e-05 -5.5 1 -1.5
1.64299e-05 -4.5 0.5 -0.5
2.27631e-05 -4.5 0.5 -1
2.28643e-05 -4.5 0.5 -1.5
5.81191e-05 -5 1 -1
1.87202e-05 -4.5 0.5 -2
6.78444e-05 -5 1 -1.5
6.40592e-05 -5 1 -2
4.00538e-05 -5 1 -2.5
1.36156e-05 -5 1 -3
4.20257e-05 -5.5 1.5 -2.5
3.89604e-05 -5.5 1.5 -3
2.61412e-05 -5.5 1.5 -3.5
1.00297e-05 -5.5 1.5 -4
1.00495e-05 -6 2 -3
1.02753e-05 -6 2 -2.5
4.04137e-05 -5.5 1.5 -2
3.09225e-05 -5.5 1.5 -1.5
1.90446e-05 -5.5 1.5 -1
3.20019e-05 -5 1 -0.5
1.55523e-05 -4 0.5 -0.5
9.50359e-05 -4.5 1 -0.5
2.23101e-05 -4 0.5 -1
2.26767e-05 -4 0.5 -1.5
0.000151886 -4.5 1 -1
1.89549e-05 -4 0.5 -2
0.000167114 -4.5 1 -1.5
0.00016544 -5 1.5 -1
1.07338e-05 -4 0.5 -2.5
0.000153615 -4.5 1 -2
0.000234895 -5 1.5 -1.5
8.85424e-05 -4.5 1 -2.5
0.000256404 -5 1.5 -2
3.43081e-05 -4.5 1 -3
0.000246967 -5 1.5 -2.5
8.87598e-05 -5.5 2 -2.5
0.000167444 -5 1.5 -3
6.34775e-05 -5 1.5 -3.5
8.83795e-05 -5.5 2 -3
1.41027e-05 -5 1.5 -4
8.17861e-05 -5.5 2 -3.5
5.53885e-05 -5.5 2 -4
2.08181e-05 -5.5 2 -4.5
1.14267e-05 -6 2.5 -3.5
1.09307e-05 -6 2.5 -3
1.07049e-05 -6 2.5 -2.5
7.79808e-05 -5.5 2 -2
5.23192e-05 -5.5 2 -1.5
2.88577e-05 -5.5 2 -1
8.24076e-05 -5 1.5 -0.5
1.78406e-05 -5 1.5 0
3.79347e-05 -4.5 1 0
4.54934e-05 -4 1 0
1.03632e-05 -3.5 0.5 -1
0.000105001 -4 1 -0.5
0.00012701 -4.5 1.5 0
1.15774e-05 -3.5 0.5 -1.5
0.000163542 -4 1 -1
0.000319702 -4.5 1.5 -0.5
0.000541979 -4.5 1.5 -1
1.04593e-05 -3.5 0.5 -2
0.000179397 -4 1 -1.5
0.000130671 -5 2 -0.5
0.000688058 -4.5 1.5 -1.5
0.000165211 -4 1 -2
0.000286815 -5 2 -1
0.000103823 -4 1 -2.5
0.000707038 -4.5 1.5 -2
0.000454516 -5 2 -1.5
4.40915e-05 -4 1 -3
0.00061498 -4.5 1.5 -2.5
0.00056097 -5 2 -2
1.17969e-05 -4 1 -3.5
0.0003293 -4.5 1.5 -3
0.000579596 -5 2 -2.5
9.23586e-05 -4.5 1.5 -3.5
0.000549292 -5 2 -3
0.000105001 -5.5 2.5 -2.5
2.12021e-05 -4.5 1.5 -4
0.000368529 -5 2 -3.5
0.000104773 -5.5 2.5 -3
0.00014038 -5 2 -4
0.000101411 -5.5 2.5 -3.5
3.1591e-05 -5 2 -4.5
8.25608e-05 -5.5 2.5 -4
5.41519e-05 -5.5 2.5 -4.5
2.05547e-05 -5.5 2.5 -5
9.42253e-05 -5.5 2.5 -2
5.79835e-05 -5.5 2.5 -1.5
2.83539e-05 -5.5 2.5 -1
3.28505e-05 -5 2 0
2.07619e-05 -4.5 1.5 0.5
3.12271e-05 -3.5 1 0
5.16449e-05 -4 1.5 0.5
7.2078e-05 -3.5 1 -0.5
0.000188052 -4 1.5 0
0.000113957 -3.5 1 -1
0.000416756 -4 1.5 -0.5
0.000260853 -4.5 2 0
0.000127137 -3.5 1 -1.5
0.000670712 -4 1.5 -1
0.000673327 -4.5 2 -0.5
2.6578e-05 -5 2.5 0
0.000118496 -3.5 1 -2
0.000826197 -4 1.5 -1.5
0.00119371 -4.5 2 -1
7.94776e-05 -3.5 1 -2.5
0.000835117 -4 1.5 -2
0.00163112 -4.5 2 -1.5
0.000322767 -5 2.5 -1
3.76578e-05 -3.5 1 -3
0.00070776 -4 1.5 -2.5
0.00178189 -4.5 2 -2
0.000561444 -5 2.5 -1.5
1.18017e-05 -3.5 1 -3.5
0.000375317 -4 1.5 -3
0.0017582 -4.5 2 -2.5
0.000728822 -5 2.5 -2
0.000103173 -4 1.5 -3.5
0.00140254 -4.5 2 -3
0.000757446 -5 2.5 -2.5
0.000758979 -5 2.5 -3
2.28791e-05 -4 1.5 -4
0.000715516 -4.5 2 -3.5
0.00018473 -4.5 2 -4
0.000677392 -5 2.5 -3.5
3.11275e-05 -4.5 2 -4.5
0.000418645 -5 2.5 -4
0.000151214 -5 2.5 -4.5
2.78204e-05 -5 2.5 -5
1.42356e-05 -5.5 3 -5.5
3.43595e-05 -5.5 3 -5
5.5741e-05 -5.5 3 -4.5
7.69483e-05 -5.5 3 -4
9.10989e-05 -5.5 3 -3.5
9.53972e-05 -5.5 3 -3
9.63725e-05 -5.5 3 -2.5
8.83938e-05 -5.5 3 -2
5.24316e-05 -5.5 3 -1.5
2.28407e-05 -5.5 3 -1
0.000127219 -5 2.5 -0.5
5.66746e-05 -4.5 2 0.5
4.64573e-05 -3.5 1.5 0.5
2.32688e-05 -4 2 1
1.39901e-05 -3 1 -0.5
0.000157837 -3.5 1.5 0
0.000148848 -4 2 0.5
2.59812e-05 -3 1 -1
0.000340551 -3.5 1.5 -0.5
0.000501561 -4 2 0
3.56754e-05 -3 1 -1.5
0.000547081 -3.5 1.5 -1
0.00108458 -4 2 -0.5
0.000306408 -4.5 2.5 0
3.64286e-05 -3 1 -2
0.000678019 -3.5 1.5 -1.5
0.00175947 -4 2 -1
0.000929723 -4.5 2.5 -0.5
3.09173e-05 -3 1 -2.5
0.000685697 -3.5 1.5 -2
0.00226903 -4 2 -1.5
0.00181292 -4.5 2.5 -1
1.87403e-05 -3 1 -3
0.000579978 -3.5 1.5 -2.5
0.00238171 -4 2 -2
0.00263744 -4.5 2.5 -1.5
0.000312521 -3.5 1.5 -3
0.00226958 -4 2 -2.5
0.00297729 -4.5 2.5 -2
0.000548457 -5 3 -1.5
9.15042e-05 -3.5 1.5 -3.5
0.00163728 -4 2 -3
0.00298172 -4.5 2.5 -2.5
0.000706805 -5 3 -2
1.92351e-05 -3.5 1.5 -4
0.000761741 -4 2 -3.5
0.00274859 -4.5 2.5 -3
0.000720406 -5 3 -2.5
0.000175858 -4 2 -4
0.0018756 -4.5 2.5 -3.5
0.000715955 -5 3 -3
2.63391e-05 -4 2 -4.5
0.000826631 -4.5 2.5 -4
0.000676382 -5 3 -3.5
0.000180488 -4.5 2.5 -4.5
0.000508123 -5 3 -4
0.000290439 -5 3 -4.5
2.89982e-05 -4.5 2.5 -5
9.70957e-05 -5 3 -5
1.64233e-05 -5 3 -5.5
2.01405e-05 -5.5 3.5 -5.5
3.07958e-05 -5.5 3.5 -5
3.58383e-05 -5.5 3.5 -4.5
4.22925e-05 -5.5 3.5 -4
4.8625e-05 -5.5 3.5 -3.5
5.35128e-05 -5.5 3.5 -3
5.49832e-05 -5.5 3.5 -2.5
5.26056e-05 -5.5 3.5 -2
3.17909e-05 -5.5 3.5 -1.5
0.000300644 -5 3 -1
0.000107666 -5 3 -0.5
2.09614e-05 -5 3 0
5.70665e-05 -4.5 2.5 0.5
1.4661e-05 -3 1.5 0.5
2.58139e-05 -3.5 2 1
4.83921e-05 -3 1.5 0
0.000153896 -3.5 2 0.5
4.55025e-05 -4 2.5 1
0.000108765 -3 1.5 -0.5
0.000478103 -3.5 2 0
0.000245618 -4 2.5 0.5
0.000186111 -3 1.5 -1
0.000994771 -3.5 2 -0.5
0.000893378 -4 2.5 0
0.00158879 -3.5 2 -1
0.000259664 -3 1.5 -1.5
0.00200264 -4 2.5 -0.5
0.000282207 -3 1.5 -2
0.00203356 -3.5 2 -1.5
0.00333384 -4 2.5 -1
0.00100056 -4.5 3 -0.5
0.000257086 -3 1.5 -2.5
0.00212252 -3.5 2 -2
0.00441127 -4 2.5 -1.5
0.00205501 -4.5 3 -1
0.000163862 -3 1.5 -3
0.00200557 -3.5 2 -2.5
0.00470673 -4 2.5 -2
0.0030511 -4.5 3 -1.5
0.000189425 -5 3.5 -1
6.37397e-05 -3 1.5 -3.5
0.00142357 -3.5 2 -3
0.00462459 -4 2.5 -2.5
0.003357 -4.5 3 -2
0.000391559 -5 3.5 -1.5
0.00384512 -4 2.5 -3
1.47303e-05 -3 1.5 -4
0.000649668 -3.5 2 -3.5
0.00335097 -4.5 3 -2.5
0.000493985 -5 3.5 -2
0.000137175 -3.5 2 -4
0.00230598 -4 2.5 -3.5
0.00318118 -4.5 3 -3
0.000492197 -5 3.5 -2.5
2.07343e-05 -3.5 2 -4.5
0.000892233 -4 2.5 -4
0.00249264 -4.5 3 -3.5
0.000478319 -5 3.5 -3
0.000164817 -4 2.5 -4.5
0.00150454 -4.5 3 -4
0.000450969 -5 3.5 -3.5
2.55178e-05 -4 2.5 -5
0.000580858 -4.5 3 -4.5
0.000393086 -5 3.5 -4
9.73906e-05 -4.5 3 -5
0.000287571 -5 3.5 -4.5
1.32476e-05 -4.5 3 -5.5
0.000149395 -5 3.5 -5
3.55221e-05 -5 3.5 -5.5
1.2449e-05 -5.5 4 -5.5
1.18441e-05 -5.5 4 -5
1.50945e-05 -5.5 4 -4.5
1.76487e-05 -5.5 4 -4
2.12221e-05 -5.5 4 -3.5
2.4081e-05 -5.5 4 -3
2.4926e-05 -5.5 4 -2.5
2.29456e-05 -5.5 4 -2
1.0963e-05 -5.5 4 -1.5
4.68874e-05 -5 3.5 -0.5
1.55481e-05 -3 2 1
8.26332e-05 -3 2 0.5
6.90223e-05 -3.5 2.5 1
0.000227913 -3 2 0
0.000319283 -3.5 2.5 0.5
5.89429e-05 -4 3 1
1.00794e-05 -3.5 2.5 1.5
0.000295781 -4.5 3 0
5.26012e-05 -4.5 3 0.5
0.000461126 -3 2 -0.5
0.00096964 -3.5 2.5 0
0.000321186 -4 3 0.5
0.00123307 -4 3 0
1.2788e-05 -2.5 1.5 -1.5
0.000743764 -3 2 -1
0.00203462 -3.5 2.5 -0.5
2.55185e-05 -4.5 3.5 0.5
2.40616e-05 -2.5 1.5 -2
0.000994879 -3 2 -1.5
0.0032892 -3.5 2.5 -1
0.00287064 -4 3 -0.5
3.87297e-05 -2.5 1.5 -2.5
0.00108207 -3 2 -2
0.00427075 -3.5 2.5 -1.5
0.00485518 -4 3 -1
3.82298e-05 -2.5 1.5 -3
0.00103374 -3 2 -2.5
0.00451014 -3.5 2.5 -2
0.00637187 -4 3 -1.5
0.00171393 -4.5 3.5 -1
2.55365e-05 -2.5 1.5 -3.5
0.000772371 -3 2 -3
0.00440029 -3.5 2.5 -2.5
0.0066631 -4 3 -2
0.00268906 -4.5 3.5 -1.5
0.00356437 -3.5 2.5 -3
0.000388428 -3 2 -3.5
0.00656961 -4 3 -2.5
0.0028874 -4.5 3.5 -2
0.000101627 -3 2 -4
0.00207541 -3.5 2.5 -3.5
0.00579608 -4 3 -3
0.00286957 -4.5 3.5 -2.5
1.20786e-05 -3 2 -4.5
0.000751192 -3.5 2.5 -4
0.00402944 -4 3 -3.5
0.00276022 -4.5 3.5 -3
0.000243254 -5 4 -2.5
0.000119136 -3.5 2.5 -4.5
0.00204958 -4 3 -4
0.00233199 -4.5 3.5 -3.5
0.000231355 -5 4 -3
1.84134e-05 -3.5 2.5 -5
0.000610598 -4 3 -4.5
0.00159748 -4.5 3.5 -4
0.000211394 -5 4 -3.5
8.20477e-05 -4 3 -5
0.000820767 -4.5 3.5 -4.5
0.000190457 -5 4 -4
0.000232304 -4.5 3.5 -5
0.00017094 -5 4 -4.5
2.68362e-05 -4.5 3.5 -5.5
0.000130436 -5 4 -5
4.86688e-05 -5 4 -5.5
0.000243294 -5 4 -2
0.000177115 -5 4 -1.5
7.05029e-05 -5 4 -1
0.000689338 -4.5 3.5 -0.5
5.77236e-05 -3 2.5 1
1.17252e-05 -2.5 2 0
0.000243281 -3 2.5 0.5
0.00012002 -3.5 3 1
2.9156e-05 -2.5 2 -0.5
0.00065325 -3 2.5 0
0.000544925 -3.5 3 0.5
4.36704e-05 -4 3.5 1
1.82929e-05 -3.5 3 1.5
0.000153296 -4.5 3.5 0
6.07763e-05 -2.5 2 -1
0.00128311 -3 2.5 -0.5
0.00160926 -3.5 3 0
0.000246152 -4 3.5 0.5
0.00111388 -4 3.5 0
0.000109585 -2.5 2 -1.5
0.00201249 -3 2.5 -1
0.00330255 -3.5 3 -0.5
0.000152054 -2.5 2 -2
0.00261832 -3 2.5 -1.5
0.00526196 -3.5 3 -1
0.00292928 -4 3.5 -0.5
4.97101e-05 -4.5 4 0
0.000193635 -2.5 2 -2.5
0.00280087 -3 2.5 -2
0.00670081 -3.5 3 -1.5
0.00519582 -4 3.5 -1
0.00271532 -3 2.5 -2.5
0.000188623 -2.5 2 -3
0.00696814 -3.5 3 -2
0.0067885 -4 3.5 -1.5
0.000820959 -4.5 4 -1
0.000137392 -2.5 2 -3.5
0.00216725 -3 2.5 -3
0.00683809 -3.5 3 -2.5
0.00698088 -4 3.5 -2
0.00151266 -4.5 4 -1.5
5.84423e-05 -2.5 2 -4
0.00126595 -3 2.5 -3.5
0.00587439 -3.5 3 -3
0.00688381 -4 3.5 -2.5
0.00171059 -4.5 4 -2
4.36915e-05 -5 4.5 -1.5
1.0281e-05 -2.5 2 -4.5
0.000474195 -3 2.5 -4
0.00393803 -3.5 3 -3.5
0.00619381 -4 3.5 -3
0.00169628 -4.5 4 -2.5
7.5211e-05 -3 2.5 -4.5
0.00189797 -3.5 3 -4
0.00462839 -4 3.5 -3.5
0.00165045 -4.5 4 -3
0.000491652 -3.5 3 -4.5
0.00276511 -4 3.5 -4
0.00150814 -4.5 4 -3.5
6.11077e-05 -3.5 3 -5
0.00114224 -4 3.5 -4.5
0.00121213 -4.5 4 -4
0.00020372 -4 3.5 -5
0.000772048 -4.5 4 -4.5
2.02392e-05 -4 3.5 -5.5
0.000293399 -4.5 4 -5
3.76268e-05 -4.5 4 -5.5
3.33226e-05 -5 4.5 -5.5
5.30705e-05 -5 4.5 -5
6.20912e-05 -5 4.5 -4.5
7.24998e-05 -5 4.5 -4
8.73696e-05 -5 4.5 -3.5
9.88913e-05 -5 4.5 -3
0.000101979 -5 4.5 -2.5
9.52132e-05 -5 4.5 -2
0.000262344 -4.5 4 -0.5
1.52162e-05 -2.5 2.5 1
1.87645e-05 -3 3 1.5
4.70045e-05 -2.5 2.5 0.5
0.00011754 -3 3 1
0.00010608 -2.5 2.5 0
0.000491621 -3 3 0.5
0.000137387 -3.5 3.5 1
0.000206703 -2.5 2.5 -0.5
0.00131504 -3 3 0
0.000639433 -3.5 3.5 0.5
0.000351637 -2.5 2.5 -1
0.00255747 -3 3 -0.5
0.00195796 -3.5 3.5 0
0.000516254 -2.5 2.5 -1.5
0.00395003 -3 3 -1
0.00403605 -3.5 3.5 -0.5
0.000635316 -2.5 2.5 -2
0.00500473 -3 3 -1.5
0.00636499 -3.5 3.5 -1
0.0018498 -4 4 -0.5
0.000686969 -2.5 2.5 -2.5
0.00523204 -3 3 -2
0.00793787 -3.5 3.5 -1.5
0.00376632 -4 4 -1
1.49287e-05 -2 2 -3.5
0.000631506 -2.5 2.5 -3
0.00509988 -3 3 -2.5
0.00812304 -3.5 3.5 -2
0.00537783 -4 4 -1.5
0.000236133 -4.5 4.5 -1
4.76255e-05 -4.5 4.5 -0.5
1.32739e-05 -2 2 -4
0.00044762 -2.5 2.5 -3.5
0.00424514 -3 3 -3
0.00795471 -3.5 3.5 -2.5
0.00563875 -4 4 -2
0.000215253 -2.5 2.5 -4
0.00272948 -3 3 -3.5
0.0069565 -3.5 3.5 -3
0.00558526 -4 4 -2.5
0.000798498 -4.5 4.5 -2
5.14152e-05 -2.5 2.5 -4.5
0.00125137 -3 3 -4
0.0050151 -3.5 3.5 -3.5
0.00523898 -4 4 -3
0.000798525 -4.5 4.5 -2.5
0.000299584 -3 3 -4.5
0.00284464 -3.5 3.5 -4
0.00421812 -4 4 -3.5
0.000773734 -4.5 4.5 -3
3.23528e-05 -3 3 -5
0.00105948 -3.5 3.5 -4.5
0.00274827 -4 4 -4
0.000705183 -4.5 4.5 -3.5
0.000145485 -3.5 3.5 -5
0.00128793 -4 4 -4.5
0.000593852 -4.5 4.5 -4
1.31354e-05 -3.5 3.5 -5.5
0.000301795 -4 4 -5
0.000438531 -4.5 4.5 -4.5
2.67624e-05 -4 4 -5.5
0.000231479 -4.5 4.5 -5
4.13296e-05 -4.5 4.5 -5.5
1.2249e-05 -5 5 -5
1.46258e-05 -5 5 -4.5
2.17621e-05 -5 5 -4
2.56938e-05 -5 5 -3.5
2.76778e-05 -5 5 -3
2.75185e-05 -5 5 -2.5
1.63994e-05 -5 5 -2
0.000587903 -4.5 4.5 -1.5
0.000575835 -4 4 0
0.000113288 -4 4 0.5
2.05326e-05 -4 4 1
2.05935e-05 -3.5 3.5 1.5
5.51626e-05 -2.5 3 1
3.24176e-05 -3 3.5 1.5
0.000169489 -2.5 3 0.5
0.000159264 -3 3.5 1
0.000385209 -2.5 3 0
0.000665361 -3 3.5 0.5
9.26798e-05 -3.5 4 1
1.39017e-05 -3.5 4 1.5
0.000722246 -2.5 3 -0.5
0.00183536 -3 3.5 0
0.000446997 -3.5 4 0.5
0.00115736 -2.5 3 -1
0.0036093 -3 3.5 -0.5
0.00158366 -3.5 4 0
0.00156585 -2.5 3 -1.5
0.00558222 -3 3.5 -1
0.00359908 -3.5 4 -0.5
0.000151349 -4 4.5 0
2.61919e-05 -4 4.5 0.5
1.28651e-05 -2 2.5 -2.5
0.00179533 -2.5 3 -2
0.00693554 -3 3.5 -1.5
0.00606959 -3.5 4 -1
0.00786061 -3.5 4 -1.5
2.09838e-05 -2 2.5 -3
0.001778 -2.5 3 -2.5
0.00711983 -3 3.5 -2
0.0019139 -4 4.5 -1
0.0015523 -2.5 3 -3
4.37676e-05 -2 2.5 -3.5
0.00695049 -3 3.5 -2.5
0.0081019 -3.5 4 -2
0.00321995 -4 4.5 -1.5
0.00355135 -4 4.5 -2
4.30744e-05 -2 2.5 -4
0.00107421 -2.5 3 -3.5
0.00595679 -3 3.5 -3
0.00795273 -3.5 4 -2.5
2.35574e-05 -2 2.5 -4.5
0.000545803 -2.5 3 -4
0.00412987 -3 3.5 -3.5
0.00703255 -3.5 4 -3
0.00351368 -4 4.5 -2.5
0.000162285 -2.5 3 -4.5
0.00217345 -3 3.5 -4
0.00517592 -3.5 4 -3.5
0.00328105 -4 4.5 -3
1.60172e-05 -2.5 3 -5
0.000686972 -3 3.5 -4.5
0.00305688 -3.5 4 -4
0.00269041 -4 4.5 -3.5
0.00027416 -4.5 5 -3
8.08549e-05 -3 3.5 -5
0.00129129 -3.5 4 -4.5
0.00188331 -4 4.5 -4
0.00025659 -4.5 5 -3.5
0.000243446 -3.5 4 -5
0.00103132 -4 4.5 -4.5
0.00021604 -4.5 5 -4
1.81048e-05 -3.5 4 -5.5
0.00030299 -4 4.5 -5
2.37436e-05 -4 4.5 -5.5
1.67344e-05 -4.5 5 -5.5
8.51598e-05 -4.5 5 -5
0.000156071 -4.5 5 -4.5
0.000279344 -4.5 5 -2.5
0.000252384 -4.5 5 -2
0.000126045 -4.5 5 -1.5
2.72372e-05 -4.5 5 -1
2.3665e-05 -2.5 3.5 1.5
0.000112133 -2.5 3.5 1
0.00037237 -2.5 3.5 0.5
0.00013726 -3 4 1
2.85062e-05 -3 4 1.5
0.000713134 -4 4.5 -0.5
0.000856962 -2.5 3.5 0
0.00058352 -3 4 0.5
1.02284e-05 -2 3 -1
0.00158528 -2.5 3.5 -0.5
0.00172518 -3 4 0
0.000195571 -3.5 4.5 0.5
3.10491e-05 -2 3 -1.5
0.00244362 -2.5 3.5 -1
0.00362139 -3 4 -0.5
0.000852415 -3.5 4.5 0
6.50989e-05 -2 3 -2
0.00315727 -2.5 3.5 -1.5
0.00585646 -3 4 -1
0.00236194 -3.5 4.5 -0.5
0.00740938 -3 4 -1.5
8.61877e-05 -2 3 -2.5
0.00337441 -2.5 3.5 -2
0.00448138 -3.5 4.5 -1
0.000115828 -4 5 -0.5
0.00620174 -3.5 4.5 -1.5
0.000109098 -2 3 -3
0.00329566 -2.5 3.5 -2.5
0.00759835 -3 4 -2
0.000521311 -4 5 -1
0.00645564 -3.5 4.5 -2
0.000125999 -2 3 -3.5
0.00281751 -2.5 3.5 -3
0.00742599 -3 4 -2.5
0.000107669 -2 3 -4
0.00194153 -2.5 3.5 -3.5
0.00643516 -3 4 -3
0.00632343 -3.5 4.5 -2.5
0.00164369 -4 5 -2
5.57086e-05 -2 3 -4.5
0.00101782 -2.5 3.5 -4
0.00458844 -3 4 -3.5
0.00559719 -3.5 4.5 -3
0.00164101 -4 5 -2.5
1.07737e-05 -2 3 -5
0.000338434 -2.5 3.5 -4.5
0.00257581 -3 4 -4
0.00419652 -3.5 4.5 -3.5
0.00156206 -4 5 -3
4.03966e-05 -2.5 3.5 -5
0.000966672 -3 4 -4.5
0.00258523 -3.5 4.5 -4
0.00127928 -4 5 -3.5
0.000139911 -3 4 -5
0.00117442 -3.5 4.5 -4.5
0.000868659 -4 5 -4
1.08367e-05 -3 4 -5.5
0.000256817 -3.5 4.5 -5
0.00046549 -4 5 -4.5
1.70692e-05 -3.5 4.5 -5.5
1.65296e-05 -4.5 5.5 -5
0.000142032 -4 5 -5
3.57419e-05 -4.5 5.5 -4.5
5.20025e-05 -4.5 5.5 -4
5.85147e-05 -4.5 5.5 -3.5
6.21081e-05 -4.5 5.5 -3
6.24052e-05 -4.5 5.5 -2.5
3.43756e-05 -4.5 5.5 -2
0.00125678 -4 5 -1.5
2.04143e-05 -4 5 0
1.41294e-05 -2 3.5 1
2.06079e-05 -2.5 4 1.5
2.66126e-05 -2 3.5 0.5
0.000120563 -2.5 4 1
1.44375e-05 -3 4.5 1.5
3.99495e-05 -3.5 4.5 1
4.6404e-05 -2 3.5 0
0.000465664 -2.5 4 0.5
8.79546e-05 -3 4.5 1
8.70441e-05 -2 3.5 -0.5
0.00119501 -2.5 4 0
0.00038791 -3 4.5 0.5
0.000165213 -2 3.5 -1
0.00229471 -2.5 4 -0.5
0.00127654 -3 4.5 0
0.000289503 -2 3.5 -1.5
0.00353545 -2.5 4 -1
0.00286349 -3 4.5 -0.5
0.000380996 -2 3.5 -2
0.00444518 -2.5 4 -1.5
0.00490352 -3 4.5 -1
0.00645657 -3 4.5 -1.5
0.000415541 -2 3.5 -2.5
0.0045979 -2.5 4 -2
0.00229833 -3.5 5 -1
0.000395057 -2 3.5 -3
0.00445855 -2.5 4 -2.5
0.00665298 -3 4.5 -2
0.00362469 -3.5 5 -1.5
0.000327615 -2 3.5 -3.5
0.00374712 -2.5 4 -3
0.00648999 -3 4.5 -2.5
0.00387966 -3.5 5 -2
0.000225264 -2 3.5 -4
0.00257784 -2.5 4 -3.5
0.00564844 -3 4.5 -3
0.00379561 -3.5 5 -2.5
0.00412137 -3 4.5 -3.5
0.000109984 -2 3.5 -4.5
0.00138836 -2.5 4 -4
0.00329681 -3.5 5 -3
2.65547e-05 -2 3.5 -5
0.000493885 -2.5 4 -4.5
0.00241789 -3 4.5 -4
0.00237767 -3.5 5 -3.5
0.000470648 -4 5.5 -3
6.769e-05 -2.5 4 -5
0.000973978 -3 4.5 -4.5
0.00139964 -3.5 5 -4
0.000401167 -4 5.5 -3.5
0.000153791 -3 4.5 -5
0.000617125 -3.5 5 -4.5
1.095e-05 -3 4.5 -5.5
0.000134201 -3.5 5 -5
2.94998e-05 -4 5.5 -5
0.000131129 -4 5.5 -4.5
0.000268464 -4 5.5 -4
0.000479437 -4 5.5 -2.5
0.000449328 -4 5.5 -2
0.000236166 -4 5.5 -1.5
5.14478e-05 -4 5.5 -1
0.000944511 -3.5 5 -0.5
0.00023446 -3.5 5 0
4.7354e-05 -3.5 5 0.5
3.80634e-05 -2 4 1
0.000104245 -2 4 0.5
9.00941e-05 -2.5 4.5 1
0.000216848 -2 4 0
0.000386235 -2.5 4.5 0.5
0.000390914 -2 4 -0.5
0.00114082 -2.5 4.5 0
0.000166237 -3 5 0.5
0.000634469 -2 4 -1
0.00237605 -2.5 4.5 -0.5
0.000674797 -3 5 0
0.000887718 -2 4 -1.5
0.00383323 -2.5 4.5 -1
0.00177784 -3 5 -0.5
0.00102764 -2 4 -2
0.00484814 -2.5 4.5 -1.5
0.0032768 -3 5 -1
0.00101054 -2 4 -2.5
0.00496207 -2.5 4.5 -2
0.00437538 -3 5 -1.5
0.000878397 -2 4 -3
0.00479233 -2.5 4.5 -2.5
0.00448106 -3 5 -2
0.000636346 -2 4 -3.5
0.00399177 -2.5 4.5 -3
0.00429918 -3 5 -2.5
0.0015474 -3.5 5.5 -2
0.000376469 -2 4 -4
0.00272315 -2.5 4.5 -3.5
0.00356784 -3 5 -3
0.00132889 -3.5 5.5 -3
0.000161254 -2 4 -4.5
0.00145752 -2.5 4.5 -4
0.00247398 -3 5 -3.5
3.52823e-05 -2 4 -5
0.00052559 -2.5 4.5 -4.5
0.00139629 -3 5 -4
7.31578e-05 -2.5 4.5 -5
0.000568944 -3 5 -4.5
0.00050665 -3.5 5.5 -4
9.42828e-05 -3 5 -5
2.51394e-05 -3.5 5.5 -5
2.29509e-05 -4 6 -4.5
0.000189806 -3.5 5.5 -4.5
4.49028e-05 -4 6 -4
6.29333e-05 -4 6 -3.5
0.000925962 -3.5 5.5 -3.5
6.9001e-05 -4 6 -3
6.85987e-05 -4 6 -2.5
0.00152421 -3.5 5.5 -2.5
4.579e-05 -4 6 -2
1.55547e-05 -4 6 -1.5
0.00133188 -3.5 5.5 -1.5
5.29981e-05 -2 4.5 1
0.00018393 -2 4.5 0.5
0.00042862 -2 4.5 0
0.000217203 -2.5 5 0.5
0.000792908 -2 4.5 -0.5
0.000745182 -2.5 5 0
0.00121932 -2 4.5 -1
0.00175434 -2.5 5 -0.5
1.4586e-05 -1.5 4 -2
0.00156518 -2 4.5 -1.5
0.00303344 -2.5 5 -1
2.20494e-05 -1.5 4 -2.5
0.00164049 -2 4.5 -2
0.00384835 -2.5 5 -1.5
0.00153871 -3 5.5 -1
2.36887e-05 -1.5 4 -3
0.00156469 -2 4.5 -2.5
0.00388459 -2.5 5 -2
0.00215651 -3 5.5 -1.5
2.22443e-05 -1.5 4 -3.5
0.00126168 -2 4.5 -3
0.00366597 -2.5 5 -2.5
1.69761e-05 -1.5 4 -4
0.000839091 -2 4.5 -3.5
0.00291551 -2.5 5 -3
0.00206978 -3 5.5 -2.5
0.00162938 -3 5.5 -3
1.63994e-05 -1.5 4 -4.5
0.000456274 -2 4.5 -4
0.00105068 -3 5.5 -3.5
0.000181331 -2 4.5 -4.5
0.000984399 -2.5 5 -4
3.59339e-05 -2 4.5 -5
0.000344146 -2.5 5 -4.5
0.000536771 -3 5.5 -4
4.59324e-05 -2.5 5 -5
1.85947e-05 -3 5.5 -5
3.4933e-05 -3.5 6 -4.5
0.000182672 -3 5.5 -4.5
9.89917e-05 -3.5 6 -4
0.00018353 -3.5 6 -3.5
0.000267132 -3.5 6 -3
0.00190557 -2.5 5 -3.5
0.000304307 -3.5 6 -2.5
0.000303586 -3.5 6 -2
0.00220119 -3 5.5 -2
0.000218514 -3.5 6 -1.5
6.78833e-05 -3.5 6 -1
0.000710766 -3 5.5 -0.5
0.000191601 -3 5.5 0
3.92628e-05 -3 5.5 0.5
4.98773e-05 -2.5 5 1
0.000177304 -2 5 0.5
1.04568e-05 -1.5 4.5 -0.5
0.000492056 -2 5 0
1.86443e-05 -1.5 4.5 -1
0.000965082 -2 5 -0.5
0.00034928 -2.5 5.5 0
3.72172e-05 -1.5 4.5 -1.5
0.00146842 -2 5 -1
0.000898406 -2.5 5.5 -0.5
5.62677e-05 -1.5 4.5 -2
0.00175861 -2 5 -1.5
0.00162811 -2.5 5.5 -1
6.19778e-05 -1.5 4.5 -2.5
0.00176608 -2 5 -2
0.00208023 -2.5 5.5 -1.5
5.75854e-05 -1.5 4.5 -3
0.00162552 -2 5 -2.5
0.0020831 -2.5 5.5 -2
4.68326e-05 -1.5 4.5 -3.5
0.00124054 -2 5 -3
3.06017e-05 -1.5 4.5 -4
0.000774928 -2 5 -3.5
0.00145234 -2.5 5.5 -3
1.95572e-05 -3.5 6.5 -2.5
0.000528311 -3 6 -2.5
0.000890405 -2.5 5.5 -3.5
2.40735e-05 -1.5 4.5 -4.5
0.000380246 -2 5 -4
0.000129282 -2 5 -4.5
1.44117e-05 -3.5 6.5 -3.5
0.000419614 -2.5 5.5 -4
1.94759e-05 -2 5 -5
1.0842e-05 -2.5 5.5 -5
3.3053e-05 -3 6 -4.5
0.000118948 -2.5 5.5 -4.5
0.000109657 -3 6 -4
0.000233254 -3 6 -3.5
1.89365e-05 -3.5 6.5 -3
0.000390938 -3 6 -3
1.62594e-05 -3.5 6.5 -2
0.00191401 -2.5 5.5 -2.5
0.000578564 -3 6 -2
0.000568053 -3 6 -1.5
0.000368223 -3 6 -1
0.000120939 -3 6 -0.5
1.8577e-05 -3 6 0
3.61431e-05 -1.5 5 0.5
6.7923e-05 -1.5 5 0
9.79977e-05 -1.5 5 -0.5
0.000326638 -2 5.5 0
0.000125607 -1.5 5 -1
0.000718956 -2 5.5 -0.5
0.000157657 -1.5 5 -1.5
0.00111578 -2 5.5 -1
0.000172801 -1.5 5 -2
0.00123419 -2 5.5 -1.5
0.000519619 -2.5 6 -1
0.0001583 -1.5 5 -2.5
0.00121106 -2 5.5 -2
0.000623583 -2.5 6 -1.5
4.5652e-05 -3 6.5 -1.5
0.000123574 -1.5 5 -3
0.00104306 -2 5.5 -2.5
5.35406e-05 -3 6.5 -2
8.22971e-05 -1.5 5 -3.5
0.000733598 -2 5.5 -3
4.50878e-05 -1.5 5 -4
4.10535e-05 -3 6.5 -3
0.000420872 -2 5.5 -3.5
0.000186031 -2 5.5 -4
2.12133e-05 -1.5 5 -4.5
2.5329e-05 -3 6.5 -3.5
1.27378e-05 -3 6.5 -4
4.92829e-05 -2 5.5 -4.5
1.97694e-05 -2.5 6 -4.5
8.96008e-05 -2.5 6 -4
0.000211401 -2.5 6 -3.5
0.000374954 -2.5 6 -3
5.21169e-05 -3 6.5 -2.5
0.000533981 -2.5 6 -2.5
0.000613242 -2.5 6 -2
1.68267e-05 -3 6.5 -1
0.000282691 -2.5 6 -0.5
9.21823e-05 -2.5 6 0
1.31716e-05 -2.5 6 0.5
9.43714e-05 -2 5.5 0.5
5.18421e-05 -1.5 5.5 0.5
0.00011716 -1.5 5.5 0
0.000182097 -1.5 5.5 -0.5
0.000218967 -1.5 5.5 -1
0.000284333 -2 6 -0.5
0.000226144 -1.5 5.5 -1.5
0.000445622 -2 6 -1
0.000216613 -1.5 5.5 -2
0.000476597 -2 6 -1.5
0.000174621 -1.5 5.5 -2.5
0.00045384 -2 6 -2
0.000117558 -1.5 5.5 -3
5.86965e-05 -2.5 6.5 -2.5
0.000356731 -2 6 -2.5
6.56414e-05 -1.5 5.5 -3.5
4.19566e-05 -2.5 6.5 -3
3.21451e-05 -1.5 5.5 -4
2.4579e-05 -2.5 6.5 -3.5
1.10448e-05 -2.5 6.5 -4
3.99242e-05 -2 6 -4
0.000112328 -2 6 -3.5
0.000224577 -2 6 -3
6.75569e-05 -2.5 6.5 -2
6.86309e-05 -2.5 6.5 -1.5
5.46546e-05 -2.5 6.5 -1
2.39756e-05 -2.5 6.5 -0.5
0.000118692 -2 6 0
2.95759e-05 -2 6 0.5
0.000135431 -1.5 6 -0.5
0.000150651 -1.5 6 -1
0.000146659 -1.5 6 -1.5
0.000123881 -1.5 6 -2
8.64215e-05 -1.5 6 -2.5
2.05958e-05 -1.5 6 -3.5
1.5093e-05 -2 6.5 -3.5
2.82513e-05 -2 6.5 -3
4.90949e-05 -1.5 6 -3
4.55156e-05 -2 6.5 -2.5
5.87135e-05 -2 6.5 -2
6.19677e-05 -2 6.5 -1.5
5.7009e-05 -2 6.5 -1
3.56387e-05 -2 6.5 -0.5
1.11765e-05 -2 6.5 0
8.02099e-05 -1.5 6 0
2.65892e-05 -1.5 6 0.5
1.27168e-05 -1.5 6.5 -2.5
2.12584e-05 -1.5 6.5 -2
2.82504e-05 -1.5 6.5 -1.5
3.02637e-05 -1.5 6.5 -1
2.60574e-05 -1.5 6.5 -0.5
1.03517e-05 -1.5 6.5 0
1.03763e-05 -1.5 5.5 1
1.58242e-05 -2 5.5 1
1.0524e-05 -1.5 5 1
8.71499e-05 -2.5 5.5 0.5
1.44091e-05 -2.5 5.5 1
4.18576e-05 -2 5 1
0.000653669 -3.5 5.5 -1
0.00016109 -3.5 5.5 -0.5
2.48825e-05 -3.5 5.5 0
3.72616e-05 -3 5 1
1.51721e-05 -2.5 4.5 1.5
