0.116667
1.44652e-05 -8.5 -2 8
1.8253e-05 -8.5 -2 7.5
1.04421e-05 -9 -1.5 8
1.39597e-05 -9 -1.5 7.5
1.8026e-05 -8.5 -2 7
1.09187e-05 -8.5 -2 6.5
1.41061e-05 -9 -1.5 7
1.39704e-05 -8 -2 8.5
2.97263e-05 -8 -2 8
3.57043e-05 -8.5 -1.5 8.5
2.27089e-05 -9 -1 8.5
6.99715e-05 -8.5 -1.5 8
5.09375e-05 -9 -1 8
3.94151e-05 -8 -2 7
8.75231e-05 -8.5 -1.5 7.5
6.83339e-05 -9 -1 7.5
1.63891e-05 -9.5 -0.5 8
2.78934e-05 -8 -2 6.5
8.58324e-05 -8.5 -1.5 7
3.91755e-05 -8 -2 7.5
5.71442e-05 -8.5 -1.5 6.5
6.82663e-05 -9 -1 7
2.56071e-05 -9.5 -0.5 7.5
1.2313e-05 -8.5 -1.5 6
4.75569e-05 -9 -1 6.5
2.6997e-05 -9.5 -0.5 7
2.21412e-05 -9.5 -0.5 6.5
1.22009e-05 -7.5 -2 8.5
1.97442e-05 -8 -1.5 9
4.19762e-05 -8.5 -1 9
2.63941e-05 -7.5 -2 8
6.76107e-05 -8 -1.5 8.5
3.68179e-05 -7.5 -2 7.5
0.000130797 -8 -1.5 8
0.000153936 -8.5 -1 8.5
2.00906e-05 -9 -0.5 9
3.60793e-05 -7.5 -2 7
0.00016803 -8 -1.5 7.5
0.000295013 -8.5 -1 8
9.822e-05 -9 -0.5 8.5
0.000224213 -9 -0.5 8
0.000362329 -8.5 -1 7.5
2.37321e-05 -9.5 0 8.5
2.66537e-05 -7.5 -2 6.5
0.000167053 -8 -1.5 7
0.000297255 -9 -0.5 7.5
1.15888e-05 -7.5 -2 6
0.00012543 -8 -1.5 6.5
0.000354071 -8.5 -1 7
6.81036e-05 -9.5 0 8
0.000106644 -9.5 0 7.5
1.12891e-05 -10 0.5 8
4.52732e-05 -8 -1.5 6
0.000244738 -8.5 -1 6.5
0.000295332 -9 -0.5 7
7.09349e-05 -8.5 -1 6
0.000209668 -9 -0.5 6.5
0.000111983 -9.5 0 7
2.32974e-05 -10 0.5 7.5
2.7772e-05 -10 0.5 7
5.87735e-05 -9 -0.5 6
9.33798e-05 -9.5 0 6.5
3.1928e-05 -9.5 0 6
2.60732e-05 -10 0.5 6.5
1.22223e-05 -10 0.5 6
1.81385e-05 -7.5 -1.5 9
5.938e-05 -7.5 -1.5 8.5
8.81381e-05 -8 -1 9
1.43387e-05 -8 -1 9.5
1.12905e-05 -7 -2 7.5
0.000115904 -7.5 -1.5 8
0.00026319 -8 -1 8.5
0.000168929 -8.5 -0.5 9
2.40813e-05 -8.5 -0.5 9.5
8.4313e-05 -9 0 9
1.2487e-05 -7 -2 7
0.000153081 -7.5 -1.5 7.5
0.000470719 -8 -1 8
1.515e-05 -9.5 0.5 9
1.13867e-05 -7 -2 6.5
0.000153924 -7.5 -1.5 7
0.000571927 -8 -1 7.5
0.000954128 -8.5 -0.5 8
0.000780694 -9 0 8
0.000122046 -7.5 -1.5 6.5
0.00056365 -8 -1 7
0.00111424 -8.5 -0.5 7.5
9.40935e-05 -9.5 0.5 8.5
0.000385013 -9 0 8.5
1.15125e-05 -10 1 8.5
0.00108562 -8.5 -0.5 7
5.96127e-05 -7.5 -1.5 6
0.000439399 -8 -1 6.5
0.000954175 -9 0 7.5
0.000251919 -9.5 0.5 8
4.74923e-05 -10 1 8
0.000940201 -9 0 7
0.000192107 -8 -1 6
0.000797386 -8.5 -0.5 6.5
0.000355458 -9.5 0.5 7.5
0.0003623 -9.5 0.5 7
8.13962e-05 -10 1 7.5
1.69472e-05 -8 -1 5.5
0.000301946 -8.5 -0.5 6
0.000706381 -9 0 6.5
8.73867e-05 -10 1 7
1.38168e-05 -8.5 -0.5 5.5
0.00025463 -9 0 6
0.000302511 -9.5 0.5 6.5
1.19054e-05 -10.5 1.5 7.5
0.000127474 -9.5 0.5 6
8.05514e-05 -10 1 6.5
1.43857e-05 -10.5 1.5 7
4.29966e-05 -10 1 6
1.01468e-05 -10.5 1.5 6
1.43121e-05 -10.5 1.5 6.5
1.453e-05 -7 -1.5 8.5
7.85825e-05 -7.5 -1 9
1.41506e-05 -7.5 -1 9.5
0.000284334 -8 -0.5 9
3.07045e-05 -7 -1.5 8
0.000213375 -7.5 -1 8.5
5.74717e-05 -8 -0.5 9.5
0.000515953 -8.5 0 9
9.55843e-05 -8.5 0 9.5
0.000540188 -8.5 -0.5 8.5
4.65481e-05 -7 -1.5 7.5
0.000372698 -7.5 -1 8
4.38641e-05 -9 0.5 9.5
0.000339943 -9 0.5 9
1.03623e-05 -8.5 0 10
0.00134294 -8.5 0 8.5
0.000721419 -8 -0.5 8.5
5.55681e-05 -7 -1.5 7
0.000476198 -7.5 -1 7.5
0.0010917 -9 0.5 8.5
6.97108e-05 -9.5 1 9
0.00120385 -8 -0.5 8
0.00141124 -8 -0.5 7.5
5.16207e-05 -7 -1.5 6.5
0.000477122 -7.5 -1 7
0.00248596 -8.5 0 7.5
0.000396236 -7.5 -1 6.5
3.27459e-05 -7 -1.5 6
0.00138813 -8 -0.5 7
0.00189653 -9 0.5 8
0.000340105 -9.5 1 8.5
0.00219646 -8.5 0 8
5.07805e-05 -10 1.5 8.5
0.0021625 -9 0.5 7.5
0.00242846 -8.5 0 7
0.000209922 -7.5 -1 6
0.00112107 -8 -0.5 6.5
0.000697425 -9.5 1 8
0.00212127 -9 0.5 7
4.77177e-05 -7.5 -1 5.5
0.000580346 -8 -0.5 6
0.00189813 -8.5 0 6.5
0.000848214 -9.5 1 7.5
0.000135144 -10 1.5 8
1.61195e-05 -10.5 2 8
9.92037e-05 -8 -0.5 5.5
0.000902293 -8.5 0 6
0.00166001 -9 0.5 6.5
0.00084508 -9.5 1 7
0.000186201 -10 1.5 7.5
2.77274e-05 -10.5 2 7.5
0.000189017 -10 1.5 7
0.000119716 -8.5 0 5.5
0.000776025 -9 0.5 6
2.99004e-05 -10.5 2 7
9.65346e-05 -9 0.5 5.5
0.00035318 -9.5 1 6
5.50595e-05 -9.5 1 5.5
2.54379e-05 -10 1.5 5.5
1.77251e-05 -7 -1 9
2.14427e-05 -10.5 2 6
0.000101815 -10 1.5 6
2.86918e-05 -10.5 2 6.5
0.000169704 -10 1.5 6.5
0.000697621 -9.5 1 6.5
4.3804e-05 -7 -1 8.5
0.000223123 -7.5 -0.5 9
5.42695e-05 -7.5 -0.5 9.5
8.45214e-05 -7 -1 8
0.000530691 -7.5 -0.5 8.5
0.000292003 -8.5 0.5 9.5
0.00066524 -8 0 9
0.000173863 -8 0 9.5
0.00114758 -8.5 0.5 9
0.000126374 -7 -1 7.5
0.000878164 -7.5 -0.5 8
0.00151781 -8 0 8.5
0.000180103 -9 1 9.5
0.000892365 -9 1 9
0.00241608 -8 0 8
0.000156392 -7 -1 7
0.00110264 -7.5 -0.5 7.5
3.42242e-05 -9.5 1.5 9.5
0.00258031 -8.5 0.5 8.5
0.000238599 -9.5 1.5 9
0.00397095 -8.5 0.5 8
0.000150015 -7 -1 6.5
0.00110406 -7.5 -0.5 7
0.00276775 -8 0 7.5
0.00224687 -9 1 8.5
2.48536e-05 -10 2 9
0.00351359 -9 1 8
0.0043823 -8.5 0.5 7.5
0.000945947 -7.5 -0.5 6.5
0.000113081 -7 -1 6
0.00271847 -8 0 7
0.000788622 -9.5 1.5 8.5
2.23282e-05 -9 1 10
4.48032e-05 -8.5 0.5 10
2.75507e-05 -8 0 10
0.000111657 -10 2 8.5
0.00380485 -9 1 7.5
0.00428624 -8.5 0.5 7
4.55296e-05 -7 -1 5.5
0.00055067 -7.5 -0.5 6
0.00224272 -8 0 6.5
0.00137033 -9.5 1.5 8
0.000232937 -10 2 8
0.00152617 -9.5 1.5 7.5
0.00370622 -9 1 7
0.000178761 -7.5 -0.5 5.5
0.00131575 -8 0 6
0.00349528 -8.5 0.5 6.5
2.40072e-05 -10.5 2.5 8
0.00149245 -9.5 1.5 7
0.000291932 -10 2 7.5
0.000379342 -8 0 5.5
0.0019534 -8.5 0.5 6
3.71556e-05 -10.5 2.5 7.5
0.00122412 -9.5 1.5 6.5
0.000523112 -8.5 0.5 5.5
0.00165865 -9 1 6
0.000291692 -10 2 7
3.8791e-05 -10.5 2.5 7
0.00044586 -9 1 5.5
0.000714788 -9.5 1.5 6
0.000228565 -9.5 1.5 5.5
0.000175554 -10 2 6
7.51666e-05 -10 2 5.5
1.3215e-05 -7 -0.5 9.5
1.66899e-05 -10.5 2.5 5.5
4.02498e-05 -7 -0.5 9
3.0595e-05 -10.5 2.5 6
3.76262e-05 -10.5 2.5 6.5
0.00025962 -10 2 6.5
0.000138422 -7.5 0 9.5
9.35843e-05 -7 -0.5 8.5
0.000465285 -7.5 0 9
2.50376e-05 -7.5 0 10
0.00124117 -8 0.5 9
0.000375548 -8 0.5 9.5
0.000177804 -7 -0.5 8
0.000562809 -8.5 1 9.5
0.00103049 -7.5 0 8.5
0.00264522 -8 0.5 8.5
0.00183044 -8.5 1 9
0.000271829 -7 -0.5 7.5
0.000352366 -9 1.5 9.5
0.000109435 -8.5 1 10
0.00165748 -7.5 0 8
7.33179e-05 -8 0.5 10
0.00133812 -9 1.5 9
0.000339402 -7 -0.5 7
0.00206051 -7.5 0 7.5
7.03642e-05 -9.5 2 9.5
6.05361e-05 -9 1.5 10
0.00404433 -8 0.5 8
0.000359167 -9.5 2 9
1.45906e-05 -8.5 1 10.5
0.00302012 -9 1.5 8.5
1.0178e-05 -6.5 -1 6
0.000333906 -7 -0.5 6.5
0.00206475 -7.5 0 7
0.00453059 -8 0.5 7.5
0.00581349 -8.5 1 8
0.00385487 -8.5 1 8.5
0.00297026 -9 1 6.5
3.36466e-05 -10 2.5 9
0.00471739 -9 1.5 8
0.000970349 -9.5 2 8.5
0.00634296 -8.5 1 7.5
0.00444409 -8 0.5 7
1.29916e-05 -6.5 -1 5.5
0.00027188 -7 -0.5 6
0.00180584 -7.5 0 6.5
0.000121625 -10 2.5 8.5
0.00515896 -9 1.5 7.5
0.00164255 -9.5 2 8
0.00619695 -8.5 1 7
0.00373185 -8 0.5 6.5
0.000130821 -7 -0.5 5.5
0.000242361 -10 2.5 8
0.00185804 -9.5 2 7.5
0.00520951 -8.5 1 6.5
0.00502916 -9 1.5 7
2.42671e-05 -7 -0.5 5
0.000464178 -7.5 0 5.5
2.3333e-05 -10.5 3 8
0.000307047 -10 2.5 7.5
0.00183673 -9.5 2 7
0.00236107 -8 0.5 6
0.00115416 -7.5 0 6
4.22428e-05 -7.5 0 5
0.000919798 -8 0.5 5.5
3.63537e-05 -10.5 3 7.5
0.00329646 -8.5 1 6
0.00163209 -9.5 2 6.5
6.57489e-05 -8 0.5 5
0.00125788 -8.5 1 5.5
3.81003e-05 -10.5 3 7
0.00268816 -9 1.5 6
8.75406e-05 -8.5 1 5
0.00108125 -9 1.5 5.5
0.00110254 -9.5 2 6
9.23987e-05 -9 1.5 5
0.000505096 -9.5 2 5.5
7.32604e-05 -9.5 2 5
3.7399e-05 -10 2.5 5
2.28627e-05 -7 0 9.5
2.25257e-05 -10.5 3 5.5
0.000129521 -10 2.5 5.5
6.66964e-05 -7 0 9
3.20102e-05 -10.5 3 6
0.000228738 -10 2.5 6
3.71315e-05 -10.5 3 6.5
0.000293289 -10 2.5 6.5
0.000306999 -10 2.5 7
0.000248392 -7.5 0.5 9.5
0.00015854 -7 0 8.5
0.000756166 -7.5 0.5 9
5.30488e-05 -7.5 0.5 10
0.000310258 -7 0 8
0.00161816 -7.5 0.5 8.5
0.000631101 -8.5 1.5 9.5
0.00175893 -8 1 9
0.000573906 -8 1 9.5
0.000487454 -7 0 7.5
0.00037552 -9 2 9.5
0.00258722 -7.5 0.5 8
0.00365688 -8 1 8.5
0.000135136 -8.5 1.5 10
0.00194884 -8.5 1.5 9
0.000122503 -8 1 10
0.00421807 -9 1.5 6.5
0.00134696 -9 2 9
0.000610902 -7 0 7
0.00320982 -7.5 0.5 7.5
7.33658e-05 -9.5 2.5 9.5
7.16516e-05 -9 2 10
0.00559798 -8 1 8
0.00408603 -8.5 1.5 8.5
0.000355354 -9.5 2.5 9
0.00300515 -9 2 8.5
0.00642021 -8.5 1.5 8
0.00625661 -8 1 7.5
2.15492e-05 -8.5 1.5 10.5
2.28075e-05 -6.5 -0.5 6
0.000617056 -7 0 6.5
1.12969e-05 -9.5 2.5 10
3.18782e-05 -10 3 9
0.00474446 -9 2 8
0.000942115 -9.5 2.5 8.5
0.00736411 -8.5 1.5 7.5
0.00613326 -8 1 7
2.95826e-05 -6.5 -0.5 5.5
0.000508169 -7 0 6
0.000113057 -10 3 8.5
0.00725347 -8.5 1.5 7
0.00532513 -9 2 7.5
0.00159564 -9.5 2.5 8
0.00525735 -8 1 6.5
1.19271e-05 -6.5 -0.5 5
0.000280846 -7 0 5.5
0.00524935 -9 2 7
0.00640314 -8.5 1.5 6.5
0.00183647 -9.5 2.5 7.5
0.000225479 -10 3 8
7.50867e-05 -7 0 5
0.000877776 -7.5 0.5 5.5
1.96105e-05 -10.5 3.5 8
0.00181907 -9.5 2.5 7
0.000294163 -10 3 7.5
0.000145938 -7.5 0.5 5
0.00162817 -8 1 5.5
3.20043e-05 -10.5 3.5 7.5
0.00167048 -9.5 2.5 6.5
0.000262997 -8 1 5
0.00212034 -8.5 1.5 5.5
3.43015e-05 -10.5 3.5 7
0.000379725 -8.5 1.5 5
0.00171038 -9 2 5.5
0.00129724 -9.5 2.5 6
0.000283195 -10 3 6.5
0.00337613 -9 2 6
0.000295627 -10 3 7
0.00443048 -8.5 1.5 6
0.000372063 -9 2 5
0.000752523 -9.5 2.5 5.5
0.000237968 -9.5 2.5 5
1.25281e-05 -10.5 3.5 5
7.48206e-05 -10 3 5
2.41017e-05 -10.5 3.5 5.5
2.63555e-05 -7 0.5 9.5
0.000162945 -10 3 5.5
2.97237e-05 -10.5 3.5 6
0.000237561 -10 3 6
8.0696e-05 -7 0.5 9
3.35951e-05 -10.5 3.5 6.5
0.00470892 -9 2 6.5
0.000214108 -7 0.5 8.5
0.000925864 -7.5 1 9
0.000299515 -7.5 1 9.5
0.00349148 -8 1 6
0.00194993 -7.5 0.5 6
0.0028665 -7.5 0.5 6.5
0.00321791 -7.5 0.5 7
6.90432e-05 -7.5 1 10
0.00046043 -7 0.5 8
0.00203414 -7.5 1 8.5
0.000600946 -8.5 2 9.5
0.00179276 -8 1.5 9
0.000592489 -8 1.5 9.5
1.93749e-05 -8 1 10.5
1.16191e-05 -7.5 1 10.5
0.000749811 -7 0.5 7.5
0.00334452 -7.5 1 8
0.000350748 -9 2.5 9.5
0.00375608 -8 1.5 8.5
2.17937e-05 -8 1.5 10.5
0.00595793 -8 1.5 8
0.00394371 -8.5 2 8.5
0.00122367 -9 2.5 9
1.16825e-05 -6.5 0 6.5
0.00094479 -7 0.5 7
6.95108e-05 -9.5 3 9.5
0.000316475 -9.5 3 9
2.10611e-05 -8.5 2 10.5
6.8162e-05 -9 2.5 10
0.00627849 -8.5 2 8
0.00273941 -9 2.5 8.5
0.00702378 -8 1.5 7.5
3.64066e-05 -6.5 0 6
0.000943212 -7 0.5 6.5
2.59523e-05 -10 3.5 9
0.000809025 -9.5 3 8.5
0.00445155 -9 2.5 8
1.07169e-05 -9.5 3 10
0.00735199 -8.5 2 7.5
0.00695268 -8 1.5 7
0.00382509 -7.5 1 6.5
0.00421231 -7.5 1 7
0.00419648 -7.5 1 7.5
0.000129935 -8.5 2 10
0.00185983 -8.5 2 9
4.9455e-05 -6.5 0 5.5
8.82979e-05 -10 3.5 8.5
0.0014048 -9.5 3 8
0.00519946 -9 2.5 7.5
0.00727303 -8.5 2 7
0.00621982 -8 1.5 6.5
2.91272e-05 -6.5 0 5
0.000478981 -7 0.5 5.5
0.00173096 -9.5 3 7.5
0.000180094 -10 3.5 8
0.00657053 -8.5 2 6.5
0.000155257 -7 0.5 5
0.00137885 -7.5 1 5.5
1.35881e-05 -10.5 4 8
0.00172574 -9.5 3 7
0.000255114 -10 3.5 7.5
0.0048094 -8.5 2 6
0.000342134 -7.5 1 5
0.00224079 -8 1.5 5.5
2.39768e-05 -10.5 4 7.5
0.00162222 -9.5 3 6.5
0.000263618 -10 3.5 7
0.000569837 -8 1.5 5
2.78535e-05 -10.5 4 7
0.00263813 -8.5 2 5.5
0.00130018 -9.5 3 6
0.000766617 -8.5 2 5
0.00201385 -9 2.5 5.5
0.000256853 -10 3.5 6.5
1.43575e-05 -8.5 2 4.5
0.00067172 -9 2.5 5
2.50067e-05 -9 2.5 4.5
2.22618e-05 -10.5 4 5.5
3.69076e-05 -9.5 3 4.5
2.44975e-05 -10 3.5 4.5
1.24729e-05 -10.5 4 5
9.7193e-05 -10 3.5 5
0.000359421 -9.5 3 5
2.27141e-05 -7 1 9.5
0.000171153 -10 3.5 5.5
2.50762e-05 -10.5 4 6
0.000846692 -9.5 3 5.5
0.000227563 -10 3.5 6
2.74241e-05 -10.5 4 6.5
8.65102e-05 -7 1 9
0.00346845 -9 2.5 6
0.00465163 -9 2.5 6.5
0.00440192 -8 1.5 6
0.00513606 -9 2.5 7
0.00272532 -7.5 1 6
0.000794829 -7 0.5 6
0.000264952 -7 1 8.5
0.000553144 -8 2 9.5
0.000924513 -7.5 1.5 9
0.000295061 -7.5 1.5 9.5
0.000130833 -8 1.5 10
0.00168864 -8 2 9
0.000487044 -8.5 2.5 9.5
0.00061275 -7 1 8
1.17062e-05 -7.5 1.5 10.5
0.00153529 -8.5 2.5 9
0.000123524 -8 2 10
0.00101092 -7 1 7.5
0.000262381 -9 3 9.5
0.000107634 -8.5 2.5 10
0.003374 -8.5 2.5 8.5
0.000915473 -9 3 9
1.77934e-05 -6.5 0.5 6.5
0.00125718 -7 1 7
5.24644e-05 -9.5 3.5 9.5
5.34599e-05 -9 3 10
0.00460496 -7.5 1.5 7.5
0.000224422 -9.5 3.5 9
0.00563582 -8.5 2.5 8
0.00465276 -7.5 1.5 7
0.00698128 -8 2 7.5
0.00211626 -9 3 8.5
1.7952e-05 -8.5 2.5 10.5
0.00581681 -8 2 8
2.08059e-05 -8 2 10.5
0.00355142 -7.5 1.5 8
5.04097e-05 -6.5 0.5 6
1.69816e-05 -10 4 9
0.000578179 -9.5 3.5 8.5
0.00364546 -9 3 8
0.00694098 -8 2 7
0.00694236 -8.5 2.5 7.5
0.00429675 -7.5 1.5 6.5
0.00123887 -7 1 6.5
0.00360503 -8 2 8.5
0.00207692 -7.5 1.5 8.5
6.82815e-05 -7.5 1.5 10
7.33905e-05 -6.5 0.5 5.5
5.73226e-05 -10 4 8.5
0.00107111 -9.5 3.5 8
0.00457559 -9 3 7.5
0.0062985 -8 2 6.5
0.00691439 -8.5 2.5 7
0.00104508 -7 1 6
5.32428e-05 -6.5 0.5 5
0.000641922 -7 1 5.5
0.00012442 -10 4 8
0.00145156 -9.5 3.5 7.5
0.00456651 -9 3 7
1.25663e-05 -6.5 0.5 4.5
0.00024033 -7 1 5
0.00173798 -7.5 1.5 5.5
0.000197677 -10 4 7.5
0.00147759 -9.5 3.5 7
0.00461869 -8 2 6
2.42025e-05 -7 1 4.5
0.000529249 -7.5 1.5 5
1.46174e-05 -10.5 4.5 7.5
0.000222008 -10 4 7
0.00143342 -9.5 3.5 6.5
0.00255653 -8 2 5.5
2.27908e-05 -7.5 1.5 4.5
0.000814382 -8 2 5
1.98964e-05 -10.5 4.5 7
0.00265887 -8.5 2.5 5.5
0.000220197 -10 4 6.5
0.00121722 -9.5 3.5 6
4.08059e-05 -8 2 4.5
0.000967348 -8.5 2.5 5
0.00196422 -9 3 5.5
0.00021028 -10 4 6
7.5332e-05 -8.5 2.5 4.5
0.000797132 -9 3 5
2.01415e-05 -10.5 4.5 6
9.26595e-05 -9 3 4.5
0.000388645 -9.5 3.5 5
1.10339e-05 -10.5 4.5 5
3.0321e-05 -10 4 4.5
7.4371e-05 -9.5 3.5 4.5
9.86579e-05 -10 4 5
1.63869e-05 -10.5 4.5 5.5
0.000169922 -10 4 5.5
0.000816787 -9.5 3.5 5.5
2.28068e-05 -7 1.5 9.5
2.00477e-05 -10.5 4.5 6.5
9.46989e-05 -7 1.5 9
0.00327741 -9 3 6
0.000304334 -7 1.5 8.5
0.000866857 -7.5 2 9
0.000435047 -8 2.5 9.5
6.25039e-05 -7.5 2 10
0.000268864 -7.5 2 9.5
0.00469053 -8.5 2.5 6
0.00424672 -9 3 6.5
0.000732079 -7 1.5 8
0.00200075 -7.5 2 8.5
0.000325668 -8.5 3 9.5
0.00136922 -8 2.5 9
0.00631698 -8.5 2.5 6.5
1.08396e-05 -7.5 2 10.5
0.001072 -8.5 3 9
0.00348472 -7.5 2 8
0.00120593 -7 1.5 7.5
0.000153623 -9 3.5 9.5
0.00305057 -8 2.5 8.5
0.00248247 -8.5 3 8.5
0.000557572 -9 3.5 9
0.005183 -8 2.5 8
2.7948e-05 -6.5 1 6.5
2.82838e-05 -9.5 4 9.5
3.22334e-05 -9 3.5 10
0.000121271 -9.5 4 9
1.22138e-05 -8.5 3 10.5
0.00145514 -7 1.5 7
0.00650581 -8 2.5 7.5
0.00437336 -8.5 3 8
0.00463987 -7.5 2 7
0.00137488 -9 3.5 8.5
0.00457598 -7.5 2 7.5
1.68861e-05 -8 2.5 10.5
7.26968e-05 -8.5 3 10
9.84672e-05 -8 2.5 10
6.08504e-05 -6.5 1 6
0.000339701 -9.5 4 8.5
0.00650745 -8 2.5 7
0.00562687 -8.5 3 7.5
0.0025402 -9 3.5 8
8.14966e-05 -6.5 1 5.5
0.001154 -7 1.5 6
2.78966e-05 -10 4.5 8.5
0.000696609 -9.5 4 8
0.0056396 -8.5 3 7
0.00339029 -9 3.5 7.5
0.00596151 -8 2.5 6.5
6.42587e-05 -6.5 1 5
7.38072e-05 -10 4.5 8
0.000716839 -7 1.5 5.5
0.00104001 -9.5 4 7.5
0.00341865 -9 3.5 7
0.00518964 -8.5 3 6.5
0.00178385 -7.5 2 5.5
2.05886e-05 -6.5 1 4.5
0.000296404 -7 1.5 5
0.00013841 -10 4.5 7.5
0.00109441 -9.5 4 7
0.00319839 -9 3.5 6.5
4.42779e-05 -7 1.5 4.5
0.00062997 -7.5 2 5
0.000173537 -10 4.5 7
0.00106618 -9.5 4 6.5
0.00248375 -9 3.5 6
0.00248823 -8 2.5 5.5
5.60653e-05 -7.5 2 4.5
1.00241e-05 -10.5 5 7
0.000174861 -10 4.5 6.5
0.000906225 -8 2.5 5
0.000908789 -9.5 4 6
9.14094e-05 -8 2.5 4.5
1.12646e-05 -10.5 5 6.5
0.000169769 -10 4.5 6
0.000915948 -8.5 3 5
1.11828e-05 -10.5 5 6
0.000131646 -8.5 3 4.5
0.00068083 -9 3.5 5
1.02398e-05 -10.5 5 5.5
7.61189e-05 -10 4.5 5
2.33832e-05 -10 4.5 4.5
8.88596e-05 -9.5 4 4.5
0.000141958 -9 3.5 4.5
0.000314746 -9.5 4 5
0.000133514 -10 4.5 5.5
0.000617631 -9.5 4 5.5
2.25987e-05 -7 2 9.5
0.00152875 -9 3.5 5.5
9.77282e-05 -7 2 9
0.00229863 -8.5 3 5.5
0.00390761 -8.5 3 6
0.00441224 -8 2.5 6
0.00318995 -7.5 2 6
0.000325301 -7 2 8.5
0.000701608 -7.5 2.5 9
0.000282305 -8 3 9.5
0.000207541 -7.5 2.5 9.5
0.000938771 -8 3 9
0.000175182 -8.5 3.5 9.5
0.000766778 -7 2 8
0.00170525 -7.5 2.5 8.5
0.000620234 -8.5 3.5 9
0.00310799 -7.5 2.5 8
0.0022194 -8 3 8.5
2.03364e-05 -6.5 1.5 7
6.62794e-05 -9 4 9.5
3.8189e-05 -8.5 3.5 10
0.000260319 -9 4 9
0.0015467 -8.5 3.5 8.5
0.00414764 -7.5 2.5 7.5
0.00396513 -8 3 8
4.36977e-05 -6.5 1.5 6.5
1.2626e-05 -9 4 10
3.57926e-05 -9.5 4.5 9
0.00072071 -9 4 8.5
0.00287177 -8.5 3.5 8
6.83963e-05 -6.5 1.5 6
0.00141411 -7 2 6.5
0.000137912 -9.5 4.5 8.5
0.00143713 -9 4 8
7.86632e-05 -6.5 1.5 5.5
0.00113233 -7 2 6
0.000342809 -9.5 4.5 8
0.00201191 -9 4 7.5
0.00382682 -8.5 3.5 7
0.00282508 -7.5 2.5 6
6.33808e-05 -6.5 1.5 5
2.64262e-05 -10 5 8
0.000687966 -7 2 5.5
0.00345209 -8 3 6
0.00349736 -8.5 3.5 6.5
0.00204253 -9 4 7
0.000573034 -9.5 4.5 7.5
0.00468818 -8 3 6.5
0.0038596 -7.5 2.5 6.5
0.00513908 -8 3 7
0.00380749 -8.5 3.5 7.5
2.4083e-05 -6.5 1.5 4.5
6.75568e-05 -10 5 7.5
0.0018788 -9 4 6.5
0.000620967 -9.5 4.5 7
0.00028812 -7 2 5
0.00157677 -7.5 2.5 5.5
0.0042039 -7.5 2.5 7
0.00512723 -8 3 7.5
0.00261242 -8.5 3.5 6
5.2799e-05 -7 2 4.5
9.41747e-05 -10 5 7
0.000588441 -7.5 2.5 5
0.00141719 -9 4 6
0.000594994 -9.5 4.5 6.5
7.98492e-05 -7.5 2.5 4.5
0.000778605 -8 3 5
9.38486e-05 -10 5 6.5
0.000861693 -9 4 5.5
0.000122359 -8 3 4.5
8.14599e-05 -10 5 6
0.000406509 -9 4 5
5.65544e-05 -10 5 5.5
0.000148079 -8.5 3.5 4.5
0.000308066 -9.5 4.5 5.5
0.000679317 -8.5 3.5 5
0.000477703 -9.5 4.5 6
2.89251e-05 -10 5 5
5.64259e-05 -9.5 4.5 4.5
0.000119642 -9 4 4.5
0.000158289 -9.5 4.5 5
1.99406e-05 -7 2.5 9.5
0.000134403 -7.5 3 9.5
8.97212e-05 -7 2.5 9
0.00155188 -8.5 3.5 5.5
2.87987e-05 -7.5 3 10
0.000146965 -8 3.5 9.5
0.000307104 -7 2.5 8.5
0.000717786 -7 2.5 8
0.00123837 -7.5 3 8.5
3.15793e-05 -8 3.5 10
0.000275682 -8.5 4 9
7.01606e-05 -8.5 4 9.5
1.36335e-05 -8.5 4 10
3.06703e-05 -6.5 2 7
0.00115152 -7 2.5 7.5
0.00231645 -7.5 3 8
5.67556e-05 -9 4.5 9
0.00077088 -8.5 4 8.5
0.000229121 -9 4.5 8.5
5.43691e-05 -6.5 2 6.5
0.00127492 -7 2.5 7
0.00305592 -7.5 3 7.5
6.8552e-05 -6.5 2 6
0.000534385 -9 4.5 8
0.00119452 -7 2.5 6.5
0.00306742 -7.5 3 7
0.00329958 -8 3.5 7.5
0.00273619 -7.5 3 6.5
6.48545e-05 -6.5 2 5.5
5.27392e-05 -9.5 5 8
0.000812244 -9 4.5 7.5
0.000897174 -7 2.5 6
0.00207863 -8.5 4 7
4.96342e-05 -6.5 2 5
0.000519086 -7 2.5 5.5
0.00192846 -7.5 3 6
0.000834555 -9 4.5 7
0.000128185 -9.5 5 7.5
0.0020798 -8 3.5 6
0.00186722 -8.5 4 6.5
0.0029292 -8 3.5 6.5
0.003294 -8 3.5 7
0.00206805 -8.5 4 7.5
0.0015191 -8.5 4 8
0.00253016 -8 3.5 8
0.00135885 -8 3.5 8.5
0.000530768 -8 3.5 9
0.000217963 -7 2.5 5
2.17116e-05 -6.5 2 4.5
0.000168319 -9.5 5 7
0.000749644 -9 4.5 6.5
0.00135353 -8.5 4 6
0.00105308 -7.5 3 5.5
0.000482341 -7.5 3 9
4.85312e-05 -7 2.5 4.5
0.000154512 -9.5 5 6.5
0.000542923 -9 4.5 6
0.000413821 -7.5 3 5
7.85811e-05 -7.5 3 4.5
1.0639e-05 -10 5.5 6.5
0.000114058 -9.5 5 6
0.000481837 -8 3.5 5
0.000324307 -9 4.5 5.5
0.000109099 -8 3.5 4.5
0.000105667 -8.5 4 4.5
0.000159257 -9 4.5 5
3.48644e-05 -9.5 5 5
6.94206e-05 -9.5 5 5.5
1.51021e-05 -9.5 5 4.5
5.81309e-05 -9 4.5 4.5
0.00035641 -8.5 4 5
1.53653e-05 -7 3 9.5
0.000785894 -8.5 4 5.5
0.000275044 -7.5 3.5 9
6.68734e-05 -7.5 3.5 9.5
5.34655e-05 -8 4 9.5
0.000227688 -8 4 9
0.00074724 -7.5 3.5 8.5
0.000546241 -7 3 8
0.000646795 -8 4 8.5
3.36749e-05 -6.5 2.5 7
0.0012407 -8 4 8
0.000224852 -8.5 4.5 8.5
4.86419e-05 -6.5 2.5 6.5
0.000504809 -8.5 4.5 8
3.35273e-05 -9 5 8
5.00901e-05 -6.5 2.5 6
0.000730347 -8.5 4.5 7.5
0.00075763 -7 3 6.5
0.00175086 -7.5 3.5 7
4.09513e-05 -6.5 2.5 5.5
0.000524888 -7 3 6
9.69589e-05 -9 5 7.5
0.00132149 -8 4 6.5
2.57404e-05 -6.5 2.5 5
0.00028237 -7 3 5.5
0.00098463 -7.5 3.5 6
0.000733937 -8.5 4.5 7
0.00148423 -7.5 3.5 6.5
0.000880036 -8 4 6
0.000628421 -8.5 4.5 6.5
1.08992e-05 -6.5 2.5 4.5
0.00011583 -7 3 5
0.000119114 -9 5 6.5
0.000468867 -8 4 5.5
2.95993e-05 -7 3 4.5
0.000236723 -8.5 4.5 5.5
8.7173e-05 -9 5 6
0.000199136 -8 4 5
0.000109768 -8.5 4.5 5
5.32444e-05 -9 5 5.5
2.74498e-05 -9 5 5
4.02109e-05 -8.5 4.5 4.5
1.23937e-05 -9 5 4.5
5.96914e-05 -8 4 4.5
5.13669e-05 -7.5 3.5 4.5
0.000204651 -7.5 3.5 5
4.82204e-05 -7 3.5 9
0.000426016 -8.5 4.5 6
0.000512904 -7.5 3.5 5.5
0.000131588 -9 5 7
0.00156711 -8 4 7
0.00159055 -8 4 7.5
0.00084844 -7 3 7
2.04658e-05 -7.5 4 9.5
0.00177299 -7.5 3.5 7.5
0.000819596 -7 3 7.5
0.00139637 -7.5 3.5 8
3.93803e-05 -8 4.5 9
0.000160621 -7 3.5 8.5
0.000334366 -7.5 4 8.5
1.45367e-05 -6.5 3 7.5
0.000151624 -8 4.5 8.5
0.000605127 -7.5 4 8
0.000309298 -8 4.5 8
2.99342e-05 -6.5 3 7
0.000713865 -7.5 4 7.5
1.99953e-05 -8.5 5 8
0.000404631 -8 4.5 7.5
3.60305e-05 -6.5 3 6.5
3.19979e-05 -6.5 3 6
5.36685e-05 -8.5 5 7.5
0.000344633 -7 3.5 6.5
0.000390983 -8 4.5 7
2.06976e-05 -6.5 3 5.5
7.07852e-05 -8.5 5 7
0.000214682 -7 3.5 6
0.000324192 -7.5 4 6
0.00030795 -8 4.5 6.5
0.000193909 -8 4.5 6
6.26681e-05 -8.5 5 6.5
1.05603e-05 -6.5 3 5
0.000156283 -7.5 4 5.5
4.59959e-05 -8.5 5 6
9.94214e-05 -8 4.5 5.5
2.64055e-05 -8.5 5 5.5
1.2186e-05 -7 3.5 4.5
4.22869e-05 -8 4.5 5
1.17579e-05 -8.5 5 5
1.54589e-05 -8 4.5 4.5
2.12799e-05 -7 4 9
1.77757e-05 -7.5 4.5 9
1.93775e-05 -7.5 4 4.5
5.93477e-05 -7.5 4 5
3.80556e-05 -7 3.5 5
0.000103443 -7 3.5 5.5
0.000530827 -7.5 4 6.5
0.000682879 -7.5 4 7
0.000422687 -7 3.5 7
0.000428009 -7 3.5 7.5
0.000321193 -7 3.5 8
6.29787e-05 -7.5 4.5 8.5
1.4455e-05 -6.5 3.5 7.5
0.000129694 -7 4 8
2.09148e-05 -6.5 3.5 7
0.000144831 -7 4 7.5
2.04339e-05 -6.5 3.5 6.5
0.000132663 -7 4 7
0.000128746 -7.5 4.5 7.5
9.10521e-05 -7 4 6.5
0.000117353 -7.5 4.5 7
1.58841e-05 -6.5 3.5 6
2.88999e-05 -8 5 6.5
4.92137e-05 -7 4 6
2.03976e-05 -8 5 6
1.10082e-05 -8 5 5.5
2.56658e-05 -7.5 4.5 5.5
2.27445e-05 -7 4 5.5
1.68371e-05 -7 4.5 8.5
2.455e-05 -7 4.5 8
1.00794e-05 -7.5 5 7
1.50068e-05 -7 4.5 6.5
1.96564e-05 -7 4.5 7
2.27462e-05 -7 4.5 7.5
5.02217e-05 -7.5 4.5 6
8.49715e-05 -7.5 4.5 6.5
3.17922e-05 -8 5 7
2.72875e-05 -8 5 7.5
1.26448e-05 -8 5 8
0.000113731 -7.5 4.5 8
7.22295e-05 -7 4 8.5
0.000113842 -7.5 4 9
5.58804e-05 -8.5 4.5 9
0.000248244 -7 3 8.5
7.22573e-05 -7 3 9
0.0011593 -8 3.5 5.5
0.00197047 -8 3 5.5
0.0014701 -7 2 7
0.00124596 -7 2 7.5
6.29609e-05 -8 3 10
4.75515e-05 -7.5 2.5 10
0.0042993 -7.5 2 6.5
0.00141141 -7 1.5 6.5
0.00317077 -7.5 1.5 6
