2.15343e-005 -1 5 -16
2.60915e-005 0 6 -16
3.00547e-005 -1 6 -16
3.58101e-005 0 7 -16
2.42419e-005 -1 7 -16
2.30251e-005 1 7 -16
3.22759e-005 0 8 -16
3.42719e-005 1 8 -16
3.25468e-005 1 9 -16
2.71249e-005 2 9 -16
2.68634e-005 2 10 -16
3.20536e-005 -2 3 -17
4.09289e-005 -3 3 -17
4.60689e-005 -1 4 -17
7.82545e-005 -2 4 -17
4.66401e-005 -3 4 -17
4.71555e-005 0 5 -17
0.000112181 -1 5 -17
0.000101384 -2 5 -17
2.63752e-005 -3 5 -17
0.000130109 0 6 -17
0.000151484 -1 6 -17
3.0815e-005 1 6 -17
6.85775e-005 -2 6 -17
0.000174606 0 7 -17
0.00012211 -1 7 -17
0.000111376 1 7 -17
2.07252e-005 -2 7 -17
0.000159425 0 8 -17
4.40671e-005 -1 8 -17
0.000165406 1 8 -17
6.8518e-005 2 8 -17
7.11077e-005 0 9 -17
0.000158956 1 9 -17
0.000130134 2 9 -17
2.61468e-005 3 9 -17
9.02298e-005 1 10 -17
0.000130416 2 10 -17
7.58607e-005 3 10 -17
2.27205e-005 1 11 -17
7.99855e-005 2 11 -17
7.80909e-005 3 11 -17
2.50618e-005 4 11 -17
3.48173e-005 3 12 -17
2.1273e-005 4 12 -17
2.48244e-005 -2 2 -18
8.84527e-005 -3 2 -18
2.59086e-005 -1 3 -18
0.000154998 -2 3 -18
0.000197305 -3 3 -18
7.3175e-005 -4 3 -18
7.9245e-005 -4 2 -18
4.15015e-005 -4 1 -18
0.000207421 -1 4 -18
0.000351944 -2 4 -18
0.000217502 -3 4 -18
3.28804e-005 -4 4 -18
2.15594e-005 -5 1 -18
0.000197029 0 5 -18
0.000482165 -1 5 -18
0.000444927 -2 5 -18
0.000120055 -3 5 -18
0.000523588 0 6 -18
0.000636349 -1 6 -18
0.000107733 1 6 -18
0.000302048 -2 6 -18
3.21495e-005 -3 6 -18
0.00069194 0 7 -18
0.000525545 -1 7 -18
0.000397019 1 7 -18
9.1031e-005 -2 7 -18
3.22901e-005 2 7 -18
0.000642134 0 8 -18
0.000197841 -1 8 -18
0.000616457 1 8 -18
0.000199061 2 8 -18
0.000309042 0 9 -18
3.48269e-005 -1 9 -18
0.000586525 1 9 -18
0.000417333 2 9 -18
6.34563e-005 3 9 -18
6.7597e-005 0 10 -18
0.000350115 1 10 -18
0.000414484 2 10 -18
0.000204178 3 10 -18
9.05387e-005 1 11 -18
0.000247586 2 11 -18
0.000216593 3 11 -18
5.70427e-005 4 11 -18
5.65271e-005 2 12 -18
9.81924e-005 3 12 -18
5.53343e-005 4 12 -18
0.000106921 -2 2 -19
0.000387283 -3 2 -19
7.19362e-005 -3 1 -19
0.000101083 -1 3 -19
0.000626048 -2 3 -19
0.000805705 -3 3 -19
0.00031711 -4 3 -19
0.000351175 -4 2 -19
0.000195896 -4 1 -19
3.98985e-005 -4 0 -19
5.6044e-005 0 4 -19
0.000732164 -1 4 -19
0.00128813 -2 4 -19
0.000872186 -3 4 -19
0.00014023 -4 4 -19
2.93958e-005 -5 3 -19
7.30904e-005 -5 2 -19
0.000101422 -5 1 -19
2.01245e-005 -5 -1 -19
7.33395e-005 -5 0 -19
0.000562313 0 5 -19
0.00156058 -1 5 -19
0.00156348 -2 5 -19
0.000490848 -3 5 -19
3.57823e-005 -4 5 -19
0.00145819 0 6 -19
0.00195405 -1 6 -19
0.000252025 1 6 -19
0.00111048 -2 6 -19
0.00013228 -3 6 -19
0.00190513 0 7 -19
0.00168244 -1 7 -19
0.00095056 1 7 -19
0.000362085 -2 7 -19
5.47327e-005 2 7 -19
2.31335e-005 -3 7 -19
0.00177282 0 8 -19
0.00070499 -1 8 -19
0.00153743 1 8 -19
6.23925e-005 -2 8 -19
0.000401077 2 8 -19
0.000920013 0 9 -19
0.000131924 -1 9 -19
0.00142388 1 9 -19
0.000905979 2 9 -19
0.000111327 3 9 -19
0.000215168 0 10 -19
0.000839781 1 10 -19
0.000880772 2 10 -19
0.000377878 3 10 -19
2.5884e-005 0 11 -19
0.000217227 1 11 -19
0.000491703 2 11 -19
0.000393625 3 11 -19
8.99327e-005 4 11 -19
2.1675e-005 1 12 -19
0.000113609 2 12 -19
0.000174265 3 12 -19
9.20278e-005 4 12 -19
0.000388429 -2 2 -20
0.00125842 -3 2 -20
0.000307228 -3 1 -20
0.000297759 -1 3 -20
0.00174802 -2 3 -20
0.0022651 -3 3 -20
0.00100364 -4 3 -20
0.00114741 -4 2 -20
0.00072453 -4 1 -20
0.000179335 -4 0 -20
0.00013058 0 4 -20
0.00176451 -1 4 -20
0.00318268 -2 4 -20
0.00238636 -3 4 -20
0.000451679 -4 4 -20
2.6671e-005 -5 4 -20
0.000105137 -5 3 -20
0.000265465 -5 2 -20
0.000383374 -5 1 -20
8.77699e-005 -5 -1 -20
0.00029913 -5 0 -20
0.00116462 0 5 -20
0.00351147 -1 5 -20
0.00371168 -2 5 -20
0.00138457 -3 5 -20
0.00011746 -4 5 -20
3.64549e-005 -6 -2 -20
4.75006e-005 -6 1 -20
8.1739e-005 -6 -1 -20
8.20284e-005 -6 0 -20
0.00294906 0 6 -20
0.0042078 -1 6 -20
0.000454236 1 6 -20
0.00272933 -2 6 -20
0.000392939 -3 6 -20
2.16013e-005 -4 6 -20
0.00382702 0 7 -20
0.00365639 -1 7 -20
0.00171706 1 7 -20
0.000961708 -2 7 -20
7.30564e-005 2 7 -20
6.97551e-005 -3 7 -20
0.00346278 0 8 -20
0.00160893 -1 8 -20
0.00281445 1 8 -20
0.000170644 -2 8 -20
0.000640015 2 8 -20
0.00182389 0 9 -20
0.000315711 -1 9 -20
0.002504 1 9 -20
2.21932e-005 -2 9 -20
0.00148174 2 9 -20
0.000154143 3 9 -20
0.000430556 0 10 -20
3.99693e-005 -1 10 -20
0.00139839 1 10 -20
0.0013798 2 10 -20
0.000525637 3 10 -20
4.82123e-005 0 11 -20
0.000348607 1 11 -20
0.000702723 2 11 -20
0.000517995 3 11 -20
0.000102611 4 11 -20
3.57267e-005 1 12 -20
0.000158809 2 12 -20
0.000221487 3 12 -20
0.000107843 4 12 -20
2.52659e-005 4 13 -20
3.36461e-005 -2 1 -21
0.000968592 -2 2 -21
0.00277112 -3 2 -21
0.000886615 -3 1 -21
4.18536e-005 -3 0 -21
0.000640931 -1 3 -21
0.003488 -2 3 -21
0.0044995 -3 3 -21
0.00212958 -4 3 -21
0.00251053 -4 2 -21
0.0017588 -4 1 -21
3.90821e-005 -4 -1 -21
0.00058625 -4 0 -21
0.000240429 0 4 -21
0.00320355 -1 4 -21
0.00582042 -2 4 -21
0.00462336 -3 4 -21
0.000955981 -4 4 -21
5.99816e-005 -5 4 -21
0.000240846 -5 3 -21
0.000620304 -5 2 -21
3.0097e-005 -5 -2 -21
0.000927876 -5 1 -21
0.000309491 -5 -1 -21
0.000800495 -5 0 -21
0.00190979 0 5 -21
0.00600978 -1 5 -21
0.00655721 -2 5 -21
0.00266999 -3 5 -21
0.000246363 -4 5 -21
2.3336e-005 -6 -3 -21
4.56338e-005 -6 2 -21
0.000132548 -6 -2 -21
0.000121162 -6 1 -21
0.000234792 -6 -1 -21
0.000219036 -6 0 -21
0.00465829 0 6 -21
0.00692272 -1 6 -21
0.000666538 1 6 -21
0.00480298 -2 6 -21
0.000762935 -3 6 -21
4.51838e-005 -4 6 -21
3.85719e-005 -7 -3 -21
4.41967e-005 -7 -2 -21
3.31103e-005 -7 -1 -21
0.00591921 0 7 -21
0.0058551 -1 7 -21
0.00247162 1 7 -21
0.00171232 -2 7 -21
8.46607e-005 2 7 -21
0.000135821 -3 7 -21
0.00505071 0 8 -21
0.002557 -1 8 -21
0.00394361 1 8 -21
0.00030395 -2 8 -21
0.000827297 2 8 -21
0.00256387 0 9 -21
0.000502263 -1 9 -21
0.00327474 1 9 -21
3.9094e-005 -2 9 -21
0.00183649 2 9 -21
0.000168722 3 9 -21
0.000580384 0 10 -21
6.12185e-005 -1 10 -21
0.0016745 1 10 -21
0.00158591 2 10 -21
0.000552114 3 10 -21
6.44712e-005 0 11 -21
0.000395222 1 11 -21
0.000745891 2 11 -21
0.000528675 3 11 -21
0.000100719 4 11 -21
3.90344e-005 1 12 -21
0.000164737 2 12 -21
0.000224414 3 12 -21
0.000106049 4 12 -21
2.14751e-005 3 13 -21
2.56613e-005 4 13 -21
0.000102936 -2 1 -22
3.19245e-005 -1 2 -22
0.0017661 -2 2 -22
0.00458912 -3 2 -22
0.00175878 -3 1 -22
0.000148951 -3 0 -22
0.00107244 -1 3 -22
0.00537293 -2 3 -22
0.00676497 -3 3 -22
0.00326765 -4 3 -22
0.00406839 -4 2 -22
0.00310017 -4 1 -22
0.00014254 -4 -1 -22
0.00126269 -4 0 -22
0.000370022 0 4 -22
0.00460201 -1 4 -22
0.00823107 -2 4 -22
0.00668358 -3 4 -22
0.00137214 -4 4 -22
8.58629e-005 -5 4 -22
0.00036212 -5 3 -22
0.00100696 -5 2 -22
0.000104618 -5 -2 -22
0.00160376 -5 1 -22
0.000710864 -5 -1 -22
0.00148748 -5 0 -22
0.0025302 0 5 -22
0.00796239 -1 5 -22
0.00880785 -2 5 -22
0.00361853 -3 5 -22
0.00033542 -4 5 -22
7.18982e-005 -6 -3 -22
7.21456e-005 -6 2 -22
0.000306775 -6 -2 -22
0.000208408 -6 1 -22
0.000453737 -6 -1 -22
0.00039836 -6 0 -22
0.00570979 0 6 -22
0.00869787 -1 6 -22
0.00079965 1 6 -22
0.00606517 -2 6 -22
0.000972476 -3 6 -22
6.06589e-005 -4 6 -22
3.46414e-005 -7 -4 -22
8.29116e-005 -7 -3 -22
8.96864e-005 -7 -2 -22
6.39646e-005 -7 -1 -22
3.14021e-005 -7 0 -22
0.00685793 0 7 -22
0.00683129 -1 7 -22
0.00276998 1 7 -22
0.00204946 -2 7 -22
8.87835e-005 2 7 -22
0.000171875 -3 7 -22
0.00544464 0 8 -22
0.00282481 -1 8 -22
0.00418284 1 8 -22
0.000356456 -2 8 -22
0.000851885 2 8 -22
2.32932e-005 -3 8 -22
0.00265407 0 9 -22
0.000543832 -1 9 -22
0.00333813 1 9 -22
4.61092e-005 -2 9 -22
0.0018463 2 9 -22
0.000166336 3 9 -22
0.000587741 0 10 -22
6.59354e-005 -1 10 -22
0.00166587 1 10 -22
0.00156867 2 10 -22
0.000538574 3 10 -22
6.49867e-005 0 11 -22
0.000388843 1 11 -22
0.000727483 2 11 -22
0.000504804 3 11 -22
9.04845e-005 4 11 -22
3.82762e-005 1 12 -22
0.000158256 2 12 -22
0.000210482 3 12 -22
9.18626e-005 4 12 -22
2.08162e-005 4 13 -22
0.000222953 -2 1 -23
6.55425e-005 -1 2 -23
0.00245179 -2 2 -23
0.005803 -3 2 -23
0.00259127 -3 1 -23
0.000358388 -3 0 -23
0.00141671 -1 3 -23
0.00636834 -2 3 -23
0.00766546 -3 3 -23
0.00353178 -4 3 -23
0.00488877 -4 2 -23
0.00414822 -4 1 -23
0.000355242 -4 -1 -23
0.00196517 -4 0 -23
0.00045735 0 4 -23
0.00511946 -1 4 -23
0.00884751 -2 4 -23
0.00710157 -3 4 -23
0.00140114 -4 4 -23
8.65132e-005 -5 4 -23
0.000371723 -5 3 -23
0.00110148 -5 2 -23
0.00026144 -5 -2 -23
0.00200979 -5 1 -23
0.00118181 -5 -1 -23
0.00204843 -5 0 -23
0.00265153 0 5 -23
0.00822614 -1 5 -23
2.60219e-005 1 5 -23
0.00909497 -2 5 -23
0.00366401 -3 5 -23
0.000335623 -4 5 -23
0.000164712 -6 -3 -23
7.50054e-005 -6 2 -23
0.000501195 -6 -2 -23
0.000232962 -6 1 -23
0.000654611 -6 -1 -23
0.000499801 -6 0 -23
0.00574217 0 6 -23
0.00878134 -1 6 -23
0.000803799 1 6 -23
0.00607359 -2 6 -23
0.000965014 -3 6 -23
6.06571e-005 -4 6 -23
7.08979e-005 -7 -4 -23
0.00013123 -7 -3 -23
0.00013227 -7 -2 -23
8.25157e-005 -7 -1 -23
3.70312e-005 -7 0 -23
0.00680447 0 7 -23
0.00676916 -1 7 -23
0.00273979 1 7 -23
0.00202174 -2 7 -23
8.77306e-005 2 7 -23
0.000170222 -3 7 -23
0.00534397 0 8 -23
0.00277162 -1 8 -23
0.00409546 1 8 -23
0.000350005 -2 8 -23
0.000825728 2 8 -23
2.34696e-005 -3 8 -23
0.0025653 0 9 -23
0.000529567 -1 9 -23
0.0032086 1 9 -23
4.56259e-005 -2 9 -23
0.00175217 2 9 -23
0.000151685 3 9 -23
0.000556265 0 10 -23
6.41254e-005 -1 10 -23
0.00153492 1 10 -23
0.00142436 2 10 -23
0.000468361 3 10 -23
6.10988e-005 0 11 -23
0.000341871 1 11 -23
0.000617423 2 11 -23
0.00040718 3 11 -23
6.60604e-005 4 11 -23
3.57604e-005 1 12 -23
0.000124134 2 12 -23
0.000156641 3 12 -23
6.11915e-005 4 12 -23
0.000310926 -2 1 -24
8.96174e-005 -1 2 -24
0.00265451 -2 2 -24
0.00587078 -3 2 -24
0.00292277 -3 1 -24
0.000537953 -3 0 -24
0.00148061 -1 3 -24
0.00634911 -2 3 -24
0.00757005 -3 3 -24
0.00345342 -4 3 -24
0.00486439 -4 2 -24
0.00427853 -4 1 -24
0.000553452 -4 -1 -24
0.00231781 -4 0 -24
0.000462768 0 4 -24
0.00504779 -1 4 -24
0.00867831 -2 4 -24
0.00694199 -3 4 -24
0.00133936 -4 4 -24
8.0707e-005 -5 4 -24
0.000353885 -5 3 -24
2.09166e-005 -5 -3 -24
0.00107425 -5 2 -24
0.000418701 -5 -2 -24
0.00200332 -5 1 -24
0.00145214 -5 -1 -24
0.00214212 -5 0 -24
0.00257994 0 5 -24
0.00799181 -1 5 -24
2.79749e-005 1 5 -24
0.00884008 -2 5 -24
0.00350152 -3 5 -24
0.000312421 -4 5 -24
2.55272e-005 -6 -4 -24
0.000251785 -6 -3 -24
7.11413e-005 -6 2 -24
0.000610799 -6 -2 -24
0.000226954 -6 1 -24
0.000688222 -6 -1 -24
0.000496318 -6 0 -24
0.0054731 0 6 -24
0.00841685 -1 6 -24
0.000759523 1 6 -24
0.00575023 -2 6 -24
0.000890625 -3 6 -24
5.6036e-005 -4 6 -24
2.36997e-005 -7 -5 -24
0.000102365 -7 -4 -24
0.000153176 -7 -3 -24
0.000137247 -7 -2 -24
8.23068e-005 -7 -1 -24
3.68353e-005 -7 0 -24
0.00629871 0 7 -24
0.00625578 -1 7 -24
0.00250793 1 7 -24
0.0018449 -2 7 -24
7.83913e-005 2 7 -24
0.000155703 -3 7 -24
2.16988e-005 -8 -5 -24
2.51659e-005 -8 -4 -24
2.46732e-005 -8 -3 -24
0.00473152 0 8 -24
0.0024626 -1 8 -24
0.00359026 1 8 -24
0.00031372 -2 8 -24
0.000704281 2 8 -24
2.15177e-005 -3 8 -24
0.00214079 0 9 -24
0.000455361 -1 9 -24
0.00263906 1 9 -24
4.04465e-005 -2 9 -24
0.00140757 2 9 -24
0.000117263 3 9 -24
0.000439091 0 10 -24
5.49621e-005 -1 10 -24
0.00115015 1 10 -24
0.00105008 2 10 -24
0.00033023 3 10 -24
4.91173e-005 0 11 -24
0.000233589 1 11 -24
0.000403639 2 11 -24
0.000255289 3 11 -24
3.52416e-005 4 11 -24
2.25387e-005 1 12 -24
6.3991e-005 2 12 -24
7.75943e-005 3 12 -24
2.60141e-005 4 12 -24
0.000351208 -2 1 -25
0.000101721 -1 2 -25
0.00255535 -2 2 -25
0.00553803 -3 2 -25
0.00284207 -3 1 -25
0.000624362 -3 0 -25
0.00141079 -1 3 -25
0.00586066 -2 3 -25
0.00688267 -3 3 -25
0.00306405 -4 3 -25
0.00450722 -4 2 -25
2.59457e-005 -4 -2 -25
0.0040816 -4 1 -25
0.000653461 -4 -1 -25
0.00228107 -4 0 -25
0.000429398 0 4 -25
0.00450979 -1 4 -25
0.0076501 -2 4 -25
0.00610134 -3 4 -25
0.00112468 -4 4 -25
6.51934e-005 -5 4 -25
0.000295128 -5 3 -25
3.63066e-005 -5 -3 -25
0.000949965 -5 2 -25
0.000495245 -5 -2 -25
0.00186297 -5 1 -25
0.00143964 -5 -1 -25
0.00205769 -5 0 -25
0.0021894 0 5 -25
0.00680004 -1 5 -25
2.61076e-005 1 5 -25
0.00757849 -2 5 -25
0.00291874 -3 5 -25
0.000252462 -4 5 -25
3.99521e-005 -6 -4 -25
0.000287835 -6 -3 -25
6.01638e-005 -6 2 -25
0.000601838 -6 -2 -25
0.000200814 -6 1 -25
0.000662267 -6 -1 -25
0.000458805 -6 0 -25
0.00441701 0 6 -25
0.00690821 -1 6 -25
0.000598909 1 6 -25
0.00467015 -2 6 -25
0.000708973 -3 6 -25
4.46098e-005 -4 6 -25
3.24233e-005 -7 -5 -25
0.000109259 -7 -4 -25
0.000149815 -7 -3 -25
0.00013307 -7 -2 -25
7.90881e-005 -7 -1 -25
3.38545e-005 -7 0 -25
0.0048384 0 7 -25
0.00481984 -1 7 -25
0.00188545 1 7 -25
0.00142193 -2 7 -25
5.70801e-005 2 7 -25
0.000121689 -3 7 -25
2.31839e-005 -8 -5 -25
2.47229e-005 -8 -4 -25
2.05578e-005 -8 -3 -25
0.0033796 0 8 -25
0.0017857 -1 8 -25
0.00253032 1 8 -25
0.000235084 -2 8 -25
0.000485355 2 8 -25
0.00139223 0 9 -25
0.000315339 -1 9 -25
0.00168949 1 9 -25
3.16162e-005 -2 9 -25
0.000881911 2 9 -25
7.20336e-005 3 9 -25
0.000261076 0 10 -25
3.66189e-005 -1 10 -25
0.000630203 1 10 -25
0.000566423 2 10 -25
0.000167181 3 10 -25
2.56128e-005 0 11 -25
0.000105612 1 11 -25
0.000169688 2 11 -25
0.000100466 3 11 -25
0.000326695 -2 1 -26
9.56004e-005 -1 2 -26
0.00203832 -2 2 -26
0.00422506 -3 2 -26
0.00233834 -3 1 -26
2.1098e-005 -3 -1 -26
0.000585097 -3 0 -26
0.00108533 -1 3 -26
0.00431064 -2 3 -26
0.00504655 -3 3 -26
0.00225819 -4 3 -26
0.00341947 -4 2 -26
3.63124e-005 -4 -2 -26
0.00321046 -4 1 -26
0.000612838 -4 -1 -26
0.00192895 -4 0 -26
0.000311099 0 4 -26
0.00315756 -1 4 -26
0.00535841 -2 4 -26
0.00435464 -3 4 -26
0.000802866 -4 4 -26
4.59313e-005 -5 4 -26
0.000211444 -5 3 -26
4.69907e-005 -5 -3 -26
0.00070872 -5 2 -26
0.000463688 -5 -2 -26
0.00143516 -5 1 -26
0.00123598 -5 -1 -26
0.00165451 -5 0 -26
0.00142816 0 5 -26
0.00453184 -1 5 -26
0.00516502 -2 5 -26
0.00201135 -3 5 -26
0.000174874 -4 5 -26
4.71928e-005 -6 -4 -26
0.000266617 -6 -3 -26
4.37562e-005 -6 2 -26
0.000511026 -6 -2 -26
0.000151299 -6 1 -26
0.000538899 -6 -1 -26
0.00035556 -6 0 -26
0.00274032 0 6 -26
0.00440868 -1 6 -26
0.000360202 1 6 -26
0.00302847 -2 6 -26
0.000469955 -3 6 -26
3.32366e-005 -4 6 -26
3.45722e-005 -7 -5 -26
9.84836e-005 -7 -4 -26
0.000126337 -7 -3 -26
0.000107768 -7 -2 -26
5.91946e-005 -7 -1 -26
2.32322e-005 -7 0 -26
0.00281175 0 7 -26
0.00283357 -1 7 -26
0.00106122 1 7 -26
0.000868143 -2 7 -26
3.16847e-005 2 7 -26
8.14345e-005 -3 7 -26
2.07941e-005 -8 -5 -26
2.11453e-005 -8 -4 -26
0.00173723 0 8 -26
0.000952516 -1 8 -26
0.00127872 1 8 -26
0.000138654 -2 8 -26
0.000242912 2 8 -26
0.00059094 0 9 -26
0.000155513 -1 9 -26
0.000699785 1 9 -26
0.000354385 2 9 -26
2.96206e-005 3 9 -26
8.90756e-005 0 10 -26
0.000169695 1 10 -26
0.00015311 2 10 -26
4.07837e-005 3 10 -26
0.000225633 -2 1 -27
6.84297e-005 -1 2 -27
0.00112736 -2 2 -27
0.00226835 -3 2 -27
0.00134874 -3 1 -27
2.26837e-005 -3 -1 -27
0.000406409 -3 0 -27
0.000572237 -1 3 -27
0.00220523 -2 3 -27
0.00263076 -3 3 -27
0.00126149 -4 3 -27
0.00189139 -4 2 -27
4.13621e-005 -4 -2 -27
0.00179556 -4 1 -27
0.000424544 -4 -1 -27
0.00114763 -4 0 -27
0.000153578 0 4 -27
0.00149391 -1 4 -27
0.00261462 -2 4 -27
0.00223604 -3 4 -27
0.000455182 -4 4 -27
3.00615e-005 -5 4 -27
0.000129422 -5 3 -27
4.45018e-005 -5 -3 -27
0.000420568 -5 2 -27
0.000318516 -5 -2 -27
0.000830922 -5 1 -27
0.000748677 -5 -1 -27
0.000958377 -5 0 -27
0.000611794 0 5 -27
0.0020224 -1 5 -27
0.0024006 -2 5 -27
0.00101463 -3 5 -27
9.56824e-005 -4 5 -27
3.90064e-005 -6 -4 -27
0.000177477 -6 -3 -27
2.78349e-005 -6 2 -27
0.000309014 -6 -2 -27
9.24612e-005 -6 1 -27
0.000318073 -6 -1 -27
0.00021322 -6 0 -27
0.00106326 0 6 -27
0.00178872 -1 6 -27
0.000137406 1 6 -27
0.00130757 -2 6 -27
0.000226951 -3 6 -27
2.69809e-005 -7 -5 -27
6.03322e-005 -7 -4 -27
7.30779e-005 -7 -3 -27
5.98196e-005 -7 -2 -27
3.45574e-005 -7 -1 -27
0.000927265 0 7 -27
0.000963538 -1 7 -27
0.000338212 1 7 -27
0.000336565 -2 7 -27
3.34446e-005 -3 7 -27
0.000398425 0 8 -27
0.000245607 -1 8 -27
0.000286269 1 8 -27
4.67037e-005 -2 8 -27
5.87809e-005 2 8 -27
6.73293e-005 0 9 -27
3.00272e-005 -1 9 -27
7.72053e-005 1 9 -27
4.09867e-005 2 9 -27
9.16662e-005 -2 1 -28
2.99649e-005 -1 2 -28
0.000304147 -2 2 -28
0.000563083 -3 2 -28
0.000394805 -3 1 -28
2.03306e-005 -3 -1 -28
0.000159421 -3 0 -28
0.000143841 -1 3 -28
0.000476723 -2 3 -28
0.000609027 -3 3 -28
0.000377842 -4 3 -28
0.000519877 -4 2 -28
3.0964e-005 -4 -2 -28
0.00049696 -4 1 -28
0.000167628 -4 -1 -28
0.000356232 -4 0 -28
3.69119e-005 0 4 -28
0.000261655 -1 4 -28
0.000509204 -2 4 -28
0.000493333 -3 4 -28
0.000154939 -4 4 -28
5.45032e-005 -5 3 -28
2.8476e-005 -5 -3 -28
0.000156162 -5 2 -28
0.000123051 -5 -2 -28
0.000263721 -5 1 -28
0.000239143 -5 -1 -28
0.000288405 -5 0 -28
8.75181e-005 0 5 -28
0.000290167 -1 5 -28
0.000387566 -2 5 -28
0.000223045 -3 5 -28
3.22803e-005 -4 5 -28
6.34195e-005 -6 -3 -28
9.79095e-005 -6 -2 -28
3.61118e-005 -6 1 -28
0.000100405 -6 -1 -28
7.30047e-005 -6 0 -28
9.72289e-005 0 6 -28
0.000178066 -1 6 -28
2.02524e-005 1 6 -28
0.000158196 -2 6 -28
4.71756e-005 -3 6 -28
2.09111e-005 -7 -4 -28
2.12338e-005 -7 -3 -28
3.89864e-005 0 7 -28
4.10205e-005 -1 7 -28
2.58696e-005 -2 7 -28
