2.04963e-005 -10 -20 -27
2.10248e-005 -10 -20 -28
2.67432e-005 -9 -20 -28
2.72524e-005 -9 -20 -29
2.32129e-005 -9 -20 -30
2.97493e-005 -9 -19 -27
3.55289e-005 -9 -19 -28
3.6647e-005 -9 -19 -29
3.12066e-005 -9 -19 -30
3.3443e-005 -9 -18 -27
2.92252e-005 -8 -19 -29
4.26706e-005 -9 -18 -28
3.13791e-005 -8 -19 -30
2.47132e-005 -8 -19 -31
2.25011e-005 -9 -18 -31
3.63602e-005 -9 -18 -30
4.33411e-005 -9 -18 -29
2.64847e-005 -8 -18 -27
4.91869e-005 -8 -18 -28
3.42756e-005 -9 -17 -27
5.86929e-005 -8 -18 -29
4.41118e-005 -9 -17 -28
5.92499e-005 -8 -18 -30
4.39229e-005 -8 -18 -31
2.63285e-005 -8 -18 -32
2.2247e-005 -9 -17 -31
3.5003e-005 -9 -17 -30
4.40229e-005 -9 -17 -29
4.6539e-005 -8 -17 -27
2.0139e-005 -7 -18 -29
7.06086e-005 -8 -17 -28
2.35469e-005 -9 -16 -27
2.31397e-005 -7 -18 -30
8.49141e-005 -8 -17 -29
2.39735e-005 -7 -18 -31
8.56785e-005 -8 -17 -30
3.78015e-005 -8 -17 -32
6.48232e-005 -8 -17 -31
2.7342e-005 -9 -16 -29
2.90069e-005 -9 -16 -28
2.01601e-005 -7 -17 -27
3.26376e-005 -7 -17 -28
4.94206e-005 -8 -16 -27
5.27835e-005 -7 -17 -29
8.12035e-005 -8 -16 -28
6.30383e-005 -7 -17 -30
9.95735e-005 -8 -16 -29
6.32403e-005 -7 -17 -31
4.53146e-005 -7 -17 -32
7.98729e-005 -8 -16 -31
2.24941e-005 -7 -17 -33
2.20919e-005 -8 -16 -33
4.98443e-005 -8 -16 -32
9.86384e-005 -8 -16 -30
3.15178e-005 -7 -16 -27
7.20745e-005 -7 -16 -28
4.63429e-005 -8 -15 -27
0.000112676 -7 -16 -29
8.23626e-005 -8 -15 -28
0.00012977 -7 -16 -30
0.000126548 -7 -16 -31
9.68451e-005 -8 -15 -30
9.56902e-005 -7 -16 -32
2.51329e-005 -7 -16 -34
2.2038e-005 -8 -15 -33
5.5337e-005 -7 -16 -33
4.99651e-005 -8 -15 -32
7.82003e-005 -8 -15 -31
0.00010132 -8 -15 -29
5.17532e-005 -7 -15 -27
0.000111657 -7 -15 -28
2.99957e-005 -8 -14 -27
3.04076e-005 -6 -16 -30
0.000164571 -7 -15 -29
3.88929e-005 -6 -16 -31
0.000185654 -7 -15 -30
6.13818e-005 -8 -14 -29
4.03894e-005 -6 -16 -32
0.000181571 -7 -15 -31
2.60352e-005 -6 -16 -33
0.000142063 -7 -15 -32
2.18506e-005 -6 -16 -34
8.67752e-005 -7 -15 -33
3.25525e-005 -7 -15 -34
2.51056e-005 -8 -14 -32
3.98505e-005 -8 -14 -31
5.30125e-005 -8 -14 -30
5.27293e-005 -8 -14 -28
3.12282e-005 -6 -15 -28
5.79424e-005 -7 -14 -27
6.45607e-005 -6 -15 -29
0.000125297 -7 -14 -28
0.000104616 -6 -15 -30
0.00018525 -7 -14 -29
0.000123793 -6 -15 -31
0.000213112 -7 -14 -30
2.1479e-005 -8 -13 -29
0.000120932 -6 -15 -32
0.000207339 -7 -14 -31
9.56083e-005 -6 -15 -33
4.6795e-005 -6 -15 -34
0.000104379 -7 -14 -33
4.2938e-005 -7 -14 -34
0.000166651 -7 -14 -32
2.26861e-005 -8 -13 -28
2.86779e-005 -6 -14 -27
8.08395e-005 -6 -14 -28
0.00015602 -6 -14 -29
0.000124003 -7 -13 -28
0.000234094 -6 -14 -30
0.000259332 -6 -14 -31
0.000215605 -7 -13 -30
0.00024771 -6 -14 -32
0.000187096 -6 -14 -33
9.68719e-005 -6 -14 -34
3.48812e-005 -6 -14 -35
4.12123e-005 -7 -13 -34
9.52302e-005 -7 -13 -33
0.000156556 -7 -13 -32
0.000204619 -7 -13 -31
0.000185319 -7 -13 -29
5.70561e-005 -7 -13 -27
5.44887e-005 -6 -13 -27
0.000143283 -6 -13 -28
0.000256577 -6 -13 -29
4.00655e-005 -5 -14 -31
0.000360016 -6 -13 -30
0.000113452 -7 -12 -29
5.8143e-005 -5 -14 -32
0.000378906 -6 -13 -31
6.21586e-005 -5 -14 -33
4.82068e-005 -5 -14 -34
0.000269914 -6 -13 -33
7.4169e-005 -7 -12 -32
2.44438e-005 -5 -14 -35
0.000146 -6 -13 -34
4.94419e-005 -6 -13 -35
4.14533e-005 -7 -12 -33
0.000357028 -6 -13 -32
0.000110612 -7 -12 -31
0.000122847 -7 -12 -30
8.21488e-005 -7 -12 -28
4.23263e-005 -7 -12 -27
7.33094e-005 -6 -12 -27
5.85786e-005 -5 -13 -29
0.000169956 -6 -12 -28
0.000116208 -5 -13 -30
0.0002959 -6 -12 -29
3.57911e-005 -7 -11 -28
0.000183479 -5 -13 -31
0.000410373 -6 -12 -30
0.000215224 -5 -13 -32
2.91257e-005 -7 -11 -31
0.000201499 -5 -13 -33
0.000400544 -6 -12 -32
0.000146541 -5 -13 -34
6.678e-005 -5 -13 -35
2.47934e-005 -5 -13 -36
5.96453e-005 -6 -12 -35
0.000174361 -6 -12 -34
0.000306365 -6 -12 -33
0.000426407 -6 -12 -31
3.98561e-005 -7 -11 -30
4.47529e-005 -7 -11 -29
7.25835e-005 -5 -12 -28
0.000178191 -5 -12 -29
0.000169936 -6 -11 -28
0.000316547 -5 -12 -30
0.000295952 -6 -11 -29
0.00044701 -5 -12 -31
0.000472971 -5 -12 -32
0.000423128 -5 -12 -33
0.000288083 -5 -12 -34
3.97961e-005 -5 -12 -36
4.91615e-005 -6 -11 -35
0.000132632 -5 -12 -35
0.000149519 -6 -11 -34
0.000279416 -6 -11 -33
0.00039143 -6 -11 -32
0.000429385 -6 -11 -31
0.000406417 -6 -11 -30
7.41986e-005 -6 -11 -27
0.000153943 -5 -11 -28
0.000343984 -5 -11 -29
0.000563684 -5 -11 -30
3.31782e-005 -4 -12 -32
0.000716753 -5 -11 -31
5.59841e-005 -4 -12 -33
0.00071784 -5 -11 -32
0.000231774 -6 -10 -31
6.62154e-005 -4 -12 -34
0.000132772 -6 -10 -33
5.46841e-005 -4 -12 -35
2.66974e-005 -4 -12 -36
5.80302e-005 -5 -11 -36
0.000197472 -5 -11 -35
6.16068e-005 -6 -10 -34
0.000414883 -5 -11 -34
0.000614303 -5 -11 -33
0.000195946 -6 -10 -32
0.00023797 -6 -10 -30
0.000194279 -6 -10 -29
0.000114946 -6 -10 -28
4.63652e-005 -6 -10 -27
4.43508e-005 -5 -11 -27
0.00022184 -5 -10 -28
8.46161e-005 -4 -11 -30
0.000446863 -5 -10 -29
0.000180651 -4 -11 -31
0.00067635 -5 -10 -30
0.000259069 -4 -11 -32
6.65184e-005 -6 -9 -31
0.000289028 -4 -11 -33
0.000262141 -4 -11 -34
0.000178873 -4 -11 -35
7.45572e-005 -4 -11 -36
0.000233823 -5 -10 -35
2.39488e-005 -4 -11 -37
7.14519e-005 -5 -10 -36
0.000466559 -5 -10 -34
2.9643e-005 -6 -9 -33
0.000672499 -5 -10 -33
4.78929e-005 -6 -9 -32
0.000802072 -5 -10 -32
0.000817136 -5 -10 -31
8.20586e-005 -6 -9 -30
7.79318e-005 -6 -9 -29
4.86105e-005 -6 -9 -28
2.12341e-005 -6 -9 -27
7.08697e-005 -5 -10 -27
4.7582e-005 -4 -10 -28
0.000165397 -4 -10 -29
0.00023759 -5 -9 -28
0.000364733 -4 -10 -30
0.000578168 -4 -10 -31
0.000706073 -4 -10 -32
0.000709396 -4 -10 -33
0.000599697 -4 -10 -34
0.000372649 -4 -10 -35
0.000151185 -4 -10 -36
0.000199936 -5 -9 -35
2.79109e-005 -4 -10 -37
5.52534e-005 -5 -9 -36
0.000427524 -5 -9 -34
0.000649344 -5 -9 -33
0.00077141 -5 -9 -32
0.000791165 -5 -9 -31
0.000668385 -5 -9 -30
0.000455321 -5 -9 -29
7.78448e-005 -5 -9 -27
3.9832e-005 -4 -9 -27
0.000161515 -4 -9 -28
0.00041467 -4 -9 -29
0.000164147 -5 -8 -28
0.000764141 -4 -9 -30
0.00108811 -4 -9 -31
0.00120639 -4 -9 -32
0.00117355 -4 -9 -33
0.000305521 -5 -8 -33
3.52034e-005 -3 -10 -35
4.67839e-005 -3 -10 -36
8.26148e-005 -5 -8 -35
2.85218e-005 -3 -10 -37
3.36862e-005 -4 -9 -37
2.19316e-005 -5 -8 -36
0.000217635 -4 -9 -36
0.000571872 -4 -9 -35
0.000192088 -5 -8 -34
0.000941993 -4 -9 -34
0.000398348 -5 -8 -32
0.000435953 -5 -8 -31
0.000409522 -5 -8 -30
0.000294412 -5 -8 -29
6.11473e-005 -5 -8 -27
8.52264e-005 -4 -8 -27
0.000278324 -4 -8 -28
0.000618149 -4 -8 -29
2.16014e-005 -3 -9 -31
0.00105829 -4 -8 -30
0.000109901 -3 -9 -32
0.00139343 -4 -8 -31
0.000220761 -3 -9 -33
9.93843e-005 -5 -7 -32
6.63218e-005 -5 -7 -33
0.000308111 -3 -9 -34
0.000285796 -3 -9 -35
0.000180478 -3 -9 -36
5.58533e-005 -3 -9 -37
3.67812e-005 -4 -8 -37
0.000240712 -4 -8 -36
0.000638665 -4 -8 -35
3.88736e-005 -5 -7 -34
0.00106693 -4 -8 -34
0.00140194 -4 -8 -33
0.00146943 -4 -8 -32
0.000137977 -5 -7 -31
0.000145564 -5 -7 -30
0.000111838 -5 -7 -29
6.71993e-005 -5 -7 -28
2.57916e-005 -5 -7 -27
9.96439e-005 -4 -7 -27
4.23596e-005 -3 -8 -29
0.00031946 -4 -7 -28
0.000199099 -3 -8 -30
0.000687194 -4 -7 -29
0.00052582 -3 -8 -31
0.000860145 -3 -8 -32
0.0010218 -3 -8 -33
0.000983469 -3 -8 -34
0.000736626 -3 -8 -35
7.73958e-005 -3 -8 -37
2.43744e-005 -4 -7 -37
0.000175599 -4 -7 -36
0.000361735 -3 -8 -36
0.000524334 -4 -7 -35
0.000968514 -4 -7 -34
0.00130513 -4 -7 -33
0.00143634 -4 -7 -32
0.00139949 -4 -7 -31
0.00112327 -4 -7 -30
0.000103638 -3 -7 -28
0.000384158 -3 -7 -29
0.000906091 -3 -7 -30
0.00158163 -3 -7 -31
0.00199785 -3 -7 -32
0.0019904 -3 -7 -33
7.56303e-005 -4 -6 -36
2.26002e-005 -3 -7 -38
0.000123676 -3 -7 -37
0.000531347 -3 -7 -36
0.000219145 -4 -6 -35
0.00114039 -3 -7 -35
0.000422429 -4 -6 -34
0.0017294 -3 -7 -34
0.000618931 -4 -6 -33
0.00072743 -4 -6 -32
0.000749457 -4 -6 -31
0.000653801 -4 -6 -30
0.000457457 -4 -6 -29
0.000246119 -4 -6 -28
9.41343e-005 -4 -6 -27
7.8827e-005 -3 -6 -27
0.000329876 -3 -6 -28
0.000871282 -3 -6 -29
0.00164316 -3 -6 -30
0.00237503 -3 -6 -31
0.000191707 -4 -5 -32
9.28002e-005 -4 -5 -34
2.34374e-005 -2 -7 -35
7.78013e-005 -2 -7 -36
8.39286e-005 -2 -7 -37
4.56027e-005 -2 -7 -38
0.000153478 -3 -6 -37
0.00062811 -3 -6 -36
3.97826e-005 -4 -5 -35
0.00136139 -3 -6 -35
0.00207894 -3 -6 -34
0.000158083 -4 -5 -33
0.0024964 -3 -6 -33
0.00259384 -3 -6 -32
0.00020384 -4 -5 -31
0.000183514 -4 -5 -30
0.00013553 -4 -5 -29
7.69244e-005 -4 -5 -28
3.05002e-005 -4 -5 -27
0.000128783 -3 -5 -27
0.000456408 -3 -5 -28
0.00105367 -3 -5 -29
3.73303e-005 -2 -6 -31
0.000193138 -2 -6 -32
0.000422909 -2 -6 -33
0.000626618 -2 -6 -34
0.000710045 -2 -6 -35
0.000597696 -2 -6 -36
6.87706e-005 -2 -6 -38
0.000101453 -3 -5 -37
0.000313514 -2 -6 -37
0.000487915 -3 -5 -36
0.00113498 -3 -5 -35
0.00189024 -3 -5 -34
0.00248264 -3 -5 -33
0.00266424 -3 -5 -32
0.00254711 -3 -5 -31
2.3371e-005 -4 -4 -30
0.00186587 -3 -5 -30
2.39728e-005 -4 -4 -29
2.22585e-005 -3 -5 -26
2.06473e-005 -2 -5 -28
0.000126334 -2 -5 -29
0.000485271 -2 -5 -30
0.00117717 -2 -5 -31
0.00196038 -2 -5 -32
0.00249541 -2 -5 -33
0.00249433 -2 -5 -34
0.000163202 -3 -4 -36
3.74402e-005 -2 -5 -38
4.11927e-005 -3 -4 -37
0.000473497 -2 -5 -37
0.00131278 -2 -5 -36
0.000390605 -3 -4 -35
0.00214405 -2 -5 -35
0.0006841 -3 -4 -34
0.000991594 -3 -4 -33
0.00122675 -3 -4 -32
0.0012924 -3 -4 -31
0.00127806 -3 -4 -30
0.000954764 -3 -4 -29
0.000455586 -3 -4 -28
0.000134804 -3 -4 -27
2.40643e-005 -3 -4 -26
5.8693e-005 -2 -4 -27
0.000260866 -2 -4 -28
0.000869241 -2 -4 -29
0.00198713 -2 -4 -30
0.00338951 -2 -4 -31
0.00442312 -2 -4 -32
7.06739e-005 -3 -3 -35
2.8029e-005 -3 -3 -36
2.15514e-005 -2 -4 -38
0.000436472 -2 -4 -37
0.00158448 -2 -4 -36
0.00292774 -2 -4 -35
0.000115812 -3 -3 -34
0.00406964 -2 -4 -34
0.000160423 -3 -3 -33
0.00445962 -2 -4 -33
0.000200357 -3 -3 -32
0.000223065 -3 -3 -31
0.000223904 -3 -3 -30
0.000214167 -3 -3 -29
0.000167283 -3 -3 -28
5.61834e-005 -3 -3 -27
2.24895e-005 -1 -4 -36
4.96791e-005 -1 -4 -37
4.49296e-005 -1 -4 -38
0.0002236 -2 -3 -37
0.00127615 -2 -3 -36
0.00288527 -2 -3 -35
0.0042441 -2 -3 -34
0.00491699 -2 -3 -33
0.00503758 -2 -3 -32
0.00431866 -2 -3 -31
0.00284696 -2 -3 -30
0.00151978 -2 -3 -29
0.000606332 -2 -3 -28
0.000158648 -2 -3 -27
3.0834e-005 -2 -3 -26
2.71664e-005 -1 -3 -30
0.00015278 -1 -3 -31
0.000415905 -1 -3 -32
0.000694211 -1 -3 -33
0.000924597 -1 -3 -34
0.000948754 -1 -3 -35
0.000193203 -1 -3 -38
2.79964e-005 -2 -2 -37
0.000543385 -1 -3 -37
0.000292702 -2 -2 -36
0.00084092 -1 -3 -36
0.000938246 -2 -2 -35
0.00180591 -2 -2 -34
0.00258903 -2 -2 -33
0.00301864 -2 -2 -32
0.00313828 -2 -2 -31
0.00271792 -2 -2 -30
0.00152529 -2 -2 -29
0.000665839 -2 -2 -28
0.000186654 -2 -2 -27
3.67062e-005 -2 -2 -26
3.01215e-005 -1 -2 -27
0.000137489 -1 -2 -28
0.000505675 -1 -2 -29
0.00131463 -1 -2 -30
0.00383435 -1 -2 -32
0.000195944 -2 -1 -34
8.24021e-005 -2 -1 -35
0.00021667 -1 -2 -38
0.00117263 -1 -2 -37
0.00257225 -1 -2 -36
0.00384489 -1 -2 -35
0.00444074 -1 -2 -34
0.000340781 -2 -1 -33
0.00451941 -1 -2 -33
0.000482967 -2 -1 -32
0.000583959 -2 -1 -31
0.00255802 -1 -2 -31
0.00061578 -2 -1 -30
0.000593756 -2 -1 -29
0.000302638 -2 -1 -28
0.000100774 -2 -1 -27
6.65213e-005 -2 0 -30
6.1619e-005 -2 0 -31
4.88191e-005 -2 0 -32
2.98171e-005 -2 0 -33
9.11109e-005 -1 -1 -38
0.00114725 -1 -1 -37
0.00310199 -1 -1 -36
0.00518133 -1 -1 -35
0.00663189 -1 -1 -34
0.00703948 -1 -1 -33
0.00694612 -1 -1 -32
0.00551622 -1 -1 -31
0.00354858 -1 -1 -30
6.47967e-005 -2 0 -29
0.00180674 -1 -1 -29
3.71593e-005 -2 0 -28
0.000679101 -1 -1 -28
0.000177192 -1 -1 -27
3.47866e-005 -1 -1 -26
0.000317168 -1 0 -37
0.00152184 -1 0 -36
0.0031816 -1 0 -35
0.00475448 -1 0 -34
0.00565203 -1 0 -33
0.00585037 -1 0 -32
0.00545263 -1 0 -31
0.00374711 -1 0 -30
0.00208558 -1 0 -29
0.000886064 -1 0 -28
0.000258978 -1 0 -27
3.49959e-005 0 0 -27
0.00018649 -1 1 -36
0.000101415 0 0 -38
0.000463024 0 0 -37
0.00097588 0 0 -36
0.000527226 -1 1 -35
0.00148006 0 0 -35
0.000954588 -1 1 -34
0.00177523 0 0 -34
0.00136861 -1 1 -33
0.00183939 0 0 -33
0.00165433 -1 1 -32
0.00173241 0 0 -32
0.0017349 -1 1 -31
0.00127366 0 0 -31
0.00168522 -1 1 -30
0.000765276 0 0 -30
0.00110211 -1 1 -29
0.000369555 0 0 -29
0.000542601 -1 1 -28
0.000133423 0 0 -28
0.000188432 -1 1 -27
3.86141e-005 -1 1 -26
0.000197821 -1 2 -31
0.000177526 -1 2 -32
0.000137658 -1 2 -33
8.93883e-005 -1 2 -34
4.29869e-005 -1 2 -35
0.00016932 0 1 -38
0.00121089 0 1 -37
0.00288997 0 1 -36
0.00468058 0 1 -35
0.00597308 0 1 -34
0.00637904 0 1 -33
0.00633953 0 1 -32
0.00510327 0 1 -31
0.000201235 -1 2 -30
0.00330057 0 1 -30
0.000168715 -1 2 -29
0.0017349 0 1 -29
9.61647e-005 -1 2 -28
0.000698669 0 1 -28
3.31105e-005 -1 2 -27
0.000197782 0 1 -27
2.28075e-005 1 1 -28
7.37274e-005 1 1 -29
0.000157516 1 1 -30
0.000261341 1 1 -31
0.000343998 1 1 -32
0.000333204 1 1 -34
0.000168548 1 1 -36
4.87702e-005 0 2 -38
0.000831486 0 2 -37
7.21573e-005 1 1 -37
0.00247044 0 2 -36
0.00439592 0 2 -35
0.000266674 1 1 -35
0.00598879 0 2 -34
0.00671546 0 2 -33
0.000351794 1 1 -33
0.00683326 0 2 -32
0.00613 0 2 -31
0.00429553 0 2 -30
0.00245521 0 2 -29
0.00110355 0 2 -28
0.000348036 0 2 -27
4.26157e-005 1 2 -38
0.000173057 0 3 -37
0.000363178 1 2 -37
0.000886015 0 3 -36
0.000925201 1 2 -36
0.00190537 0 3 -35
0.00155439 1 2 -35
0.00292389 0 3 -34
0.0020441 1 2 -34
0.00356704 0 3 -33
0.00223745 1 2 -33
0.00372601 0 3 -32
0.00225456 1 2 -32
0.00366728 0 3 -31
0.00190095 1 2 -31
0.00286622 0 3 -30
0.0012584 1 2 -30
0.00176462 0 3 -29
0.000678697 1 2 -29
0.000858211 0 3 -28
0.000286472 1 2 -28
0.000301385 0 3 -27
8.52264e-005 1 2 -27
6.51129e-005 0 3 -26
0.000447244 0 4 -33
0.00032628 0 4 -34
0.000186147 0 4 -35
6.61394e-005 0 4 -36
3.51895e-005 1 3 -38
0.000607455 1 3 -37
0.00180052 1 3 -36
0.00317441 1 3 -35
0.00426586 1 3 -34
0.00478886 1 3 -33
0.000511389 0 4 -32
0.00488986 1 3 -32
0.000524108 0 4 -31
0.00446758 1 3 -31
0.000496388 0 4 -30
0.00318196 1 3 -30
0.000358046 0 4 -29
0.00185225 1 3 -29
0.00019476 0 4 -28
0.000858349 1 3 -28
7.59454e-005 0 4 -27
0.000288287 1 3 -27
2.65207e-005 2 3 -27
8.44857e-005 2 3 -28
0.000190557 2 3 -29
2.5389e-005 0 5 -29
0.000336454 2 3 -30
3.8202e-005 0 5 -30
3.86357e-005 0 5 -31
3.70372e-005 0 5 -32
3.05883e-005 0 5 -33
2.08498e-005 0 5 -34
0.000434715 1 4 -37
6.83253e-005 2 3 -37
0.0015875 1 4 -36
0.000185938 2 3 -36
0.00312472 1 4 -35
0.000318965 2 3 -35
0.00466081 1 4 -34
0.000435226 2 3 -34
0.00562038 1 4 -33
0.000501036 2 3 -33
0.00584226 1 4 -32
0.000516551 2 3 -32
0.00566996 1 4 -31
0.000478983 2 3 -31
0.0043675 1 4 -30
0.00271279 1 4 -29
0.0013404 1 4 -28
0.000484773 1 4 -27
0.000117474 1 4 -26
4.10297e-005 2 4 -26
0.000170404 2 4 -27
0.00221589 2 4 -31
0.00123507 2 4 -35
0.000641737 2 4 -36
0.000192546 2 4 -37
0.000213357 1 5 -37
0.00106167 1 5 -36
0.00228542 1 5 -35
0.00345251 1 5 -34
0.00181617 2 4 -34
0.00416814 1 5 -33
0.00219094 2 4 -33
0.00433752 1 5 -32
0.00228635 2 4 -32
0.0042336 1 5 -31
0.00333133 1 5 -30
0.00165991 2 4 -30
0.00212179 1 5 -29
0.000999626 2 4 -29
0.0010857 1 5 -28
0.000481974 2 4 -28
0.000415822 1 5 -27
0.0001049 1 5 -26
2.9666e-005 3 4 -30
4.4541e-005 3 4 -31
4.75862e-005 3 4 -32
4.53973e-005 3 4 -33
3.82697e-005 3 4 -34
2.66677e-005 3 4 -35
5.46731e-005 1 6 -37
0.000231145 2 5 -37
0.000317328 1 6 -36
0.00106962 2 5 -36
0.000708455 1 6 -35
0.00222699 2 5 -35
0.00107231 1 6 -34
0.00327897 2 5 -34
0.00127625 1 6 -33
0.00389004 2 5 -33
0.00131633 1 6 -32
0.00406809 2 5 -32
0.00127101 1 6 -31
0.00400938 2 5 -31
0.00101532 1 6 -30
0.00317057 2 5 -30
0.00067157 1 6 -29
0.00201492 2 5 -29
0.000362356 1 6 -28
0.00104167 2 5 -28
0.000149003 1 6 -27
0.000408772 2 5 -27
3.91104e-005 1 6 -26
0.000105972 2 5 -26
6.2583e-005 3 5 -27
0.000149946 3 5 -28
5.01042e-005 1 7 -28
0.00027703 3 5 -29
0.000426274 3 5 -30
0.000519466 3 5 -31
0.000515917 3 5 -32
0.000483815 3 5 -33
0.000415609 3 5 -34
0.000294874 3 5 -35
0.000155451 3 5 -36
3.94166e-005 3 5 -37
0.00018143 2 6 -37
0.00098532 2 6 -36
5.95515e-005 1 7 -35
0.00218366 2 6 -35
0.000105437 1 7 -34
0.00350085 2 6 -34
0.000134865 1 7 -33
0.00456879 2 6 -33
0.00014244 1 7 -32
0.0049517 2 6 -32
0.000140699 1 7 -31
0.00497973 2 6 -31
0.000121631 1 7 -30
0.00428508 2 6 -30
8.75423e-005 1 7 -29
0.00293543 2 6 -29
0.00163443 2 6 -28
2.07145e-005 1 7 -27
0.000704754 2 6 -27
0.000205869 2 6 -26
3.93028e-005 2 6 -25
9.55653e-005 3 6 -26
0.000316385 3 6 -27
0.00193196 3 6 -31
7.86777e-005 2 7 -37
7.93796e-005 3 6 -37
0.000628729 2 7 -36
0.000390156 3 6 -36
0.0016072 2 7 -35
0.000821495 3 6 -35
0.00273225 2 7 -34
0.00129146 3 6 -34
0.00362365 2 7 -33
0.00168257 3 6 -33
0.00397261 2 7 -32
0.00188699 3 6 -32
0.00400781 2 7 -31
0.00353068 2 7 -30
0.00174694 3 6 -30
0.00246952 2 7 -29
0.00123535 3 6 -29
0.00139661 2 7 -28
0.000710283 3 6 -28
0.000613417 2 7 -27
0.000186479 2 7 -26
3.73872e-005 2 7 -25
2.6804e-005 4 6 -28
4.42324e-005 4 6 -29
0.00131999 3 7 -28
5.63826e-005 4 6 -30
5.58323e-005 4 6 -31
5.11689e-005 4 6 -32
4.15234e-005 4 6 -33
3.13058e-005 4 6 -34
5.56098e-005 3 7 -37
0.000250796 2 8 -36
0.000497239 3 7 -36
0.000726289 2 8 -35
0.00132469 3 7 -35
0.00127347 2 8 -34
0.00232297 3 7 -34
0.00168363 2 8 -33
0.00317347 3 7 -33
0.00181216 2 8 -32
0.00356611 3 7 -32
0.00180741 2 8 -31
0.00363426 3 7 -31
0.00154123 2 8 -30
0.00327595 3 7 -30
0.0010524 2 8 -29
0.00229303 3 7 -29
0.000584354 2 8 -28
0.000255437 2 8 -27
0.000600549 3 7 -27
7.98893e-005 2 8 -26
0.000192402 3 7 -26
4.00321e-005 3 7 -25
4.43749e-005 4 7 -26
0.000118186 4 7 -27
0.000241562 4 7 -28
0.000117097 2 9 -28
0.00021017 2 9 -29
0.000594858 4 7 -31
0.000313935 2 9 -30
0.000553232 4 7 -32
0.000405035 2 9 -32
0.000386427 2 9 -33
0.000299112 2 9 -34
0.000165595 2 9 -35
4.23597e-005 2 9 -36
2.66871e-005 3 8 -37
0.000423652 3 8 -36
5.90843e-005 4 7 -36
0.00126852 3 8 -35
0.000156793 4 7 -35
0.00231262 3 8 -34
0.00029425 4 7 -34
0.00328063 3 8 -33
0.000441081 4 7 -33
0.00385636 3 8 -32
0.000389939 2 9 -31
0.00398248 3 8 -31
0.00383393 3 8 -30
0.000583912 4 7 -30
0.0029363 3 8 -29
0.000418621 4 7 -29
0.00181456 3 8 -28
5.2639e-005 2 9 -27
0.000907156 3 8 -27
0.000344127 3 8 -26
8.21898e-005 3 8 -25
0.000186274 4 8 -26
0.00135497 4 8 -29
0.00169 4 8 -30
0.00169191 4 8 -31
0.00157256 4 8 -32
0.00125772 4 8 -33
0.000839372 4 8 -34
0.000439282 4 8 -35
0.000141152 4 8 -36
0.000241718 3 9 -36
0.000942442 3 9 -35
0.00186519 3 9 -34
0.0027167 3 9 -33
0.00320336 3 9 -32
0.003305 3 9 -31
0.00318496 3 9 -30
0.00250682 3 9 -29
0.00159727 3 9 -28
0.000866904 4 8 -28
0.000815103 3 9 -27
0.000458084 4 8 -27
0.000306307 3 9 -26
7.1305e-005 3 9 -25
2.67941e-005 5 8 -27
4.50372e-005 5 8 -28
6.40358e-005 5 8 -29
0.00151789 4 9 -28
7.02631e-005 5 8 -30
6.6812e-005 5 8 -31
5.53103e-005 5 8 -32
3.85326e-005 5 8 -33
2.0094e-005 5 8 -34
9.74604e-005 3 10 -36
0.000137299 4 9 -36
0.000453599 3 10 -35
0.000631839 4 9 -35
0.000942473 3 10 -34
0.00136591 4 9 -34
0.00140433 3 10 -33
0.00213483 4 9 -33
0.0016503 3 10 -32
0.00268614 4 9 -32
0.00168972 3 10 -31
0.00287451 4 9 -31
0.00160862 3 10 -30
0.00286712 4 9 -30
0.00126694 3 10 -29
0.00233093 4 9 -29
0.00081997 3 10 -28
0.000421378 3 10 -27
0.000826853 4 9 -27
0.00015294 3 10 -26
0.000369779 4 9 -26
3.34206e-005 3 10 -25
0.000114434 4 9 -25
3.53198e-005 5 9 -25
0.000106432 5 9 -26
0.000224182 5 9 -27
0.000372847 5 9 -28
0.000229867 3 11 -28
0.000538814 5 9 -30
0.000501693 5 9 -31
0.000458157 3 11 -30
0.000403258 5 9 -32
0.000488198 3 11 -32
0.000417555 3 11 -33
0.000280657 3 11 -34
9.17508e-005 4 10 -36
0.000129655 3 11 -35
0.00056123 4 10 -35
6.38546e-005 5 9 -35
0.00130579 4 10 -34
0.000147776 5 9 -34
0.00209319 4 10 -33
0.000268414 5 9 -33
0.00267921 4 10 -32
0.000495972 3 11 -31
0.00290849 4 10 -31
0.0029345 4 10 -30
0.000356879 3 11 -29
0.00264717 4 10 -29
0.000516653 5 9 -29
0.00192939 4 10 -28
0.000116879 3 11 -27
0.00114295 4 10 -27
4.07275e-005 3 11 -26
0.000539352 4 10 -26
0.000182486 4 10 -25
3.67112e-005 4 10 -24
0.000328594 5 10 -26
0.0010273 5 10 -28
0.00130108 5 10 -29
0.00132452 5 10 -30
0.00124898 5 10 -31
0.00104661 5 10 -32
0.000747409 5 10 -33
0.000434622 5 10 -34
0.000179479 5 10 -35
2.31722e-005 5 10 -36
3.52849e-005 4 11 -36
0.000369169 4 11 -35
0.000993806 4 11 -34
2.13032e-005 3 12 -33
0.00170237 4 11 -33
2.49602e-005 3 12 -32
0.00226209 4 11 -32
2.05239e-005 3 12 -31
0.00249799 4 11 -31
0.00252292 4 11 -30
0.00228908 4 11 -29
0.00169429 4 11 -28
0.000995245 4 11 -27
0.000654159 5 10 -27
0.000442876 4 11 -26
0.00014727 4 11 -25
0.000120417 5 10 -25
3.10496e-005 4 11 -24
6.44956e-005 5 11 -24
3.23926e-005 6 10 -26
0.000256115 5 11 -25
5.19446e-005 6 10 -27
6.71595e-005 6 10 -28
0.00111765 5 11 -27
0.000223409 4 12 -26
6.95737e-005 6 10 -29
0.00165622 5 11 -28
6.2919e-005 6 10 -30
5.0897e-005 6 10 -31
0.00211708 5 11 -30
3.45256e-005 6 10 -32
0.00115271 5 11 -33
0.00061334 5 11 -34
0.000193083 5 11 -35
0.000163493 4 12 -35
0.000516474 4 12 -34
0.000915311 4 12 -33
0.00122425 4 12 -32
0.00167004 5 11 -32
0.00136076 4 12 -31
0.00201432 5 11 -31
0.00136863 4 12 -30
0.00123129 4 12 -29
0.00206775 5 11 -29
0.000906665 4 12 -28
0.000524544 4 12 -27
0.000633123 5 11 -26
6.82093e-005 4 12 -25
2.70988e-005 6 11 -24
9.45867e-005 6 11 -25
6.87227e-005 4 13 -26
0.000334945 6 11 -27
0.000700694 5 12 -26
0.000162275 4 13 -27
0.000442997 6 11 -28
0.000282815 4 13 -28
0.00039468 6 11 -30
0.000310648 6 11 -31
0.00021304 6 11 -32
0.00198471 5 12 -31
0.000441772 4 13 -30
0.000419683 4 13 -32
0.000123822 6 11 -33
0.000315024 4 13 -33
5.96814e-005 6 11 -34
0.000167234 4 13 -34
3.83698e-005 4 13 -35
0.000141515 5 12 -35
0.00052321 5 12 -34
0.00106588 5 12 -33
0.00161039 5 12 -32
0.000450755 4 13 -31
0.00210476 5 12 -30
0.000389455 4 13 -29
0.00208042 5 12 -29
0.000445195 6 11 -29
0.001747 5 12 -28
0.00121855 5 12 -27
0.000204779 6 11 -26
0.000317218 5 12 -25
9.65477e-005 5 12 -24
7.78913e-005 6 12 -24
0.000232067 6 12 -25
7.49899e-005 5 13 -24
0.000475305 6 12 -26
0.000758609 6 12 -27
0.00100162 6 12 -29
3.16689e-005 4 14 -29
4.51552e-005 4 14 -30
0.000781895 6 12 -31
0.000574979 6 12 -32
0.00035837 6 12 -33
0.000166375 6 12 -34
2.90811e-005 6 12 -35
6.31841e-005 5 13 -35
0.000342522 5 13 -34
3.63643e-005 4 14 -33
0.000785992 5 13 -33
5.22355e-005 4 14 -32
0.00127982 5 13 -32
5.40358e-005 4 14 -31
0.00165963 5 13 -31
0.00180221 5 13 -30
0.0009331 6 12 -30
0.00179252 5 13 -29
0.00152547 5 13 -28
0.000970913 6 12 -28
0.00105851 5 13 -27
0.00057298 5 13 -26
0.000247552 5 13 -25
3.35259e-005 7 12 -25
3.47316e-005 5 14 -24
0.000156319 6 13 -24
5.584e-005 7 12 -26
0.000122084 5 14 -25
0.000305855 5 14 -26
7.18638e-005 7 12 -27
6.77321e-005 7 12 -28
5.53301e-005 7 12 -29
0.00098483 5 14 -29
4.24702e-005 7 12 -30
2.73236e-005 7 12 -31
0.000834191 6 13 -32
0.000463602 6 13 -33
0.000168939 6 13 -34
2.0427e-005 6 13 -35
0.000149498 5 14 -34
0.000414953 5 14 -33
0.000727413 5 14 -32
0.000943768 5 14 -31
0.0011855 6 13 -31
0.00100097 5 14 -30
0.00142073 6 13 -30
0.00148866 6 13 -29
0.000836057 5 14 -28
0.00140444 6 13 -28
0.000575989 5 14 -27
0.00110299 6 13 -27
0.000754143 6 13 -26
0.000404921 6 13 -25
0.000158352 7 13 -25
0.000179222 6 14 -24
3.58789e-005 5 15 -25
0.000752591 6 14 -26
9.92465e-005 5 15 -26
0.000187224 5 15 -27
0.000272166 5 15 -28
0.00030193 7 13 -29
0.000334974 5 15 -29
0.000157034 7 13 -31
9.28889e-005 7 13 -32
0.00111297 6 14 -31
0.000359593 5 15 -30
0.00027173 5 15 -32
4.64287e-005 7 13 -33
2.83453e-005 5 15 -34
0.000122161 6 14 -34
0.000140373 5 15 -33
0.000384602 6 14 -33
0.00073706 6 14 -32
0.000350891 5 15 -31
0.00137376 6 14 -30
0.000230946 7 13 -30
0.00144762 6 14 -29
0.00138641 6 14 -28
0.000354197 7 13 -28
0.00110508 6 14 -27
0.000347473 7 13 -27
4.56367e-005 7 14 -23
0.000153891 7 14 -24
3.60871e-005 6 15 -23
0.0003304 7 14 -25
0.000548394 7 14 -26
0.000327922 6 15 -25
0.000703517 7 14 -27
0.000733205 7 14 -28
2.07016e-005 5 16 -28
0.000675542 7 14 -29
3.77171e-005 5 16 -29
5.13178e-005 5 16 -30
0.000413528 7 14 -31
0.000261133 7 14 -32
0.000111501 7 14 -33
3.77286e-005 5 16 -32
4.95851e-005 6 15 -34
0.0002397 6 15 -33
0.00052776 6 15 -32
5.48387e-005 5 16 -31
0.000852465 6 15 -31
0.00110514 6 15 -30
0.000563788 7 14 -30
0.00118387 6 15 -29
0.00115055 6 15 -28
0.000935385 6 15 -27
0.000628309 6 15 -26
3.59739e-005 8 14 -24
8.8307e-005 7 15 -23
6.21435e-005 6 16 -24
5.63712e-005 8 14 -25
7.5187e-005 8 14 -26
0.000162902 6 16 -25
0.000460343 7 15 -25
0.000326044 6 16 -26
7.17553e-005 8 14 -27
5.01337e-005 8 14 -28
0.000492098 6 16 -27
0.000871882 7 15 -27
0.000605688 6 16 -28
3.56995e-005 8 14 -29
2.11787e-005 8 14 -30
0.000290656 7 15 -32
9.71314e-005 6 16 -33
0.000108476 7 15 -33
0.000270241 6 16 -32
0.000477964 6 16 -31
0.000540569 7 15 -31
0.00062123 6 16 -30
0.000776701 7 15 -30
0.000637018 6 16 -29
0.000925065 7 15 -29
0.000965196 7 15 -28
5.47043e-005 8 15 -23
0.000120907 8 15 -24
9.27758e-005 7 16 -23
0.000191029 8 15 -25
4.77401e-005 6 17 -25
0.000632435 7 16 -26
0.000246039 8 15 -26
0.000101126 6 17 -26
0.000154602 6 17 -27
0.000895593 7 16 -28
0.000219205 8 15 -28
0.000198919 6 17 -28
0.000225193 6 17 -29
6.57092e-005 8 15 -31
0.000172693 6 17 -31
2.85781e-005 8 15 -32
7.17225e-005 7 16 -33
8.20248e-005 6 17 -32
0.000234718 7 16 -32
0.000456625 7 16 -31
0.000228506 6 17 -30
0.000686365 7 16 -30
0.000110938 8 15 -30
0.000855515 7 16 -29
0.000166631 8 15 -29
0.000817011 7 16 -27
0.000255675 8 15 -27
2.26238e-005 8 16 -22
0.000438732 7 16 -25
6.86211e-005 7 17 -23
9.95353e-005 8 16 -23
0.000171964 7 17 -24
0.000325094 7 17 -25
0.000350446 8 16 -25
0.000476428 8 16 -27
0.000490532 7 17 -26
0.0004479 8 16 -28
0.000380652 8 16 -29
2.39055e-005 6 18 -29
0.000274025 8 16 -30
2.76907e-005 6 18 -30
0.000155539 8 16 -31
5.72745e-005 8 16 -32
2.01071e-005 7 17 -33
0.000132161 7 17 -32
0.000302478 7 17 -31
0.00048507 7 17 -30
0.000625597 7 17 -29
0.000663202 7 17 -28
0.000619068 7 17 -27
3.96338e-005 8 17 -22
0.000135228 8 17 -23
3.38691e-005 9 16 -23
2.96245e-005 7 18 -23
5.20241e-005 9 16 -24
7.47238e-005 7 18 -24
5.94529e-005 9 16 -25
0.000258301 8 17 -24
0.000154789 7 18 -25
5.82808e-005 9 16 -26
0.00024384 7 18 -26
4.15217e-005 9 16 -27
0.000453212 8 17 -26
0.0003081 7 18 -27
2.70164e-005 9 16 -28
0.000332708 7 18 -28
0.000499212 8 17 -28
0.000326753 7 18 -29
0.000246897 7 18 -30
3.96718e-005 7 18 -32
5.24246e-005 8 17 -32
0.000136543 7 18 -31
0.000155068 8 17 -31
0.000288071 8 17 -30
3.24377e-005 9 17 -22
3.6478e-005 8 18 -22
0.000420591 8 17 -29
8.35494e-005 9 17 -23
0.000127461 8 18 -23
0.000127903 9 17 -24
0.000154054 9 17 -25
0.000236054 8 18 -24
0.000330232 8 18 -25
4.10493e-005 7 19 -25
0.000411809 8 18 -26
0.000153852 9 17 -26
7.15515e-005 7 19 -26
9.50429e-005 7 19 -27
9.60284e-005 9 17 -28
0.000455951 8 18 -27
0.000107721 7 19 -28
6.58298e-005 9 17 -29
0.000107216 7 19 -29
0.000113738 8 18 -31
2.49134e-005 8 18 -32
2.2407e-005 7 19 -31
7.18e-005 7 19 -30
0.00023077 8 18 -30
3.81601e-005 9 17 -30
0.000347743 8 18 -29
5.65486e-005 9 18 -22
0.000434368 8 18 -28
8.04426e-005 8 19 -23
0.000125031 9 18 -23
0.000149179 8 19 -24
0.000197094 9 18 -24
0.000253087 9 18 -26
0.000234621 9 18 -27
0.000317056 8 19 -27
0.000293309 8 19 -28
0.000194796 9 18 -28
7.13206e-005 9 18 -30
4.39386e-005 8 19 -31
0.000130709 8 19 -30
0.000223058 8 19 -29
5.65245e-005 9 19 -22
2.41e-005 10 18 -22
0.000136079 9 18 -29
0.000289331 8 19 -26
0.000227858 8 19 -25
0.000127226 9 19 -23
3.83431e-005 10 18 -23
2.24845e-005 8 20 -23
5.93271e-005 8 20 -24
3.73668e-005 10 18 -25
0.000193503 9 19 -24
0.000100135 8 20 -25
2.47143e-005 10 18 -26
0.000130602 8 20 -26
0.0001357 8 20 -28
0.000192652 9 19 -28
9.2167e-005 8 20 -29
3.74604e-005 8 20 -30
6.16746e-005 9 19 -30
4.36572e-005 10 19 -22
4.66042e-005 9 20 -22
0.000129971 9 19 -29
0.000145236 8 20 -27
7.93805e-005 10 19 -23
9.6486e-005 10 19 -24
0.00010348 9 20 -23
9.266e-005 10 19 -25
0.000155046 9 20 -24
6.904e-005 10 19 -26
2.25596e-005 8 21 -26
4.75489e-005 10 19 -27
2.70325e-005 8 21 -27
2.13418e-005 8 21 -28
2.58279e-005 9 20 -30
8.50114e-005 9 20 -29
4.41687e-005 10 20 -22
0.000144488 9 20 -28
3.05179e-005 10 19 -28
0.000189748 9 20 -27
0.0001998 9 20 -26
5.3788e-005 9 21 -23
8.66851e-005 10 20 -23
8.36635e-005 9 21 -24
0.000102647 9 21 -25
0.000113222 9 21 -26
4.69304e-005 10 20 -28
2.08503e-005 9 21 -29
6.47755e-005 9 21 -28
0.000101319 9 21 -27
3.07618e-005 10 21 -22
7.42178e-005 10 21 -23
2.45558e-005 9 22 -25
2.70267e-005 9 22 -26
2.80843e-005 11 21 -23
3.39231e-005 10 22 -23
3.08316e-005 11 21 -24
2.43058e-005 11 21 -25
4.60013e-005 10 22 -24
2.17908e-005 10 22 -27
2.08893e-005 11 22 -24
4.18916e-005 10 22 -26
4.94752e-005 10 22 -25
3.17831e-005 10 21 -28
6.41072e-005 10 21 -27
8.84124e-005 10 21 -26
9.50509e-005 10 21 -25
8.97951e-005 10 21 -24
7.78847e-005 10 20 -27
0.000102229 10 20 -26
0.000113882 10 20 -25
0.000108745 10 20 -24
0.00018026 9 20 -25
0.000233334 9 19 -27
0.00024609 9 19 -26
0.000225381 9 19 -25
4.2102e-005 10 18 -24
0.000239262 9 18 -25
0.000126614 9 17 -27
0.000513476 8 17 -27
0.000361486 8 17 -25
0.000443505 8 16 -26
0.000213553 8 16 -24
0.000242196 7 16 -24
0.000666507 7 15 -26
0.000244217 7 15 -24
0.000136338 6 15 -24
0.000262476 7 13 -26
0.000419376 6 14 -25
7.20389e-005 7 13 -24
4.53704e-005 6 14 -23
3.54271e-005 6 13 -23
2.57882e-005 5 10 -24
4.61597e-005 4 8 -25
6.20949e-005 1 3 -26
7.26463e-005 0 2 -26
4.09378e-005 0 1 -26
5.26188e-005 -1 0 -26
