2.07533e-005 -10 -19.5 -4
2.99553e-005 -9.5 -19 -4.5
3.05683e-005 -10 -19 -4.5
3.14705e-005 -9.5 -19.5 -4.5
3.48881e-005 -10 -19.5 -4.5
2.74122e-005 -10 -20 -4.5
2.99095e-005 -9.5 -18.5 -5
4.94668e-005 -9.5 -19 -5
3.48615e-005 -10 -19 -5
3.05101e-005 -9.5 -20 -5
2.90874e-005 -10 -20 -5
4.59202e-005 -9.5 -19.5 -5
3.7087e-005 -10 -19.5 -5
3.62315e-005 -9 -18.5 -5.5
4.53254e-005 -9.5 -18.5 -5.5
2.16177e-005 -10 -18.5 -5.5
4.39781e-005 -9 -19 -5.5
5.67998e-005 -9.5 -19 -5.5
3.32747e-005 -10 -19 -5.5
3.41774e-005 -9.5 -20 -5.5
2.94645e-005 -10 -20 -5.5
3.68725e-005 -9 -19.5 -5.5
5.10625e-005 -9.5 -19.5 -5.5
3.48562e-005 -10 -19.5 -5.5
2.97481e-005 -9 -18 -6
2.41795e-005 -9.5 -18 -6
2.52809e-005 -10 -19 -6
6.23855e-005 -9 -18.5 -6
5.14904e-005 -9.5 -18.5 -6
2.64437e-005 -10 -20 -6
2.07934e-005 -9 -20 -6
3.55637e-005 -9.5 -20 -6
5.15942e-005 -9 -19.5 -6
5.25642e-005 -9.5 -19.5 -6
2.9673e-005 -10 -19.5 -6
6.38515e-005 -9 -19 -6
5.97841e-005 -9.5 -19 -6
3.12663e-005 -8.5 -18 -6.5
4.95926e-005 -9 -18 -6.5
2.94473e-005 -9.5 -18 -6.5
4.68508e-005 -8.5 -18.5 -6.5
2.31124e-005 -10 -19.5 -6.5
4.25719e-005 -8.5 -19 -6.5
7.44665e-005 -9 -19 -6.5
6.10877e-005 -9.5 -19 -6.5
2.7889e-005 -9 -20 -6.5
3.59185e-005 -9.5 -20 -6.5
2.23932e-005 -10 -20 -6.5
5.72564e-005 -9 -19.5 -6.5
5.33014e-005 -9.5 -19.5 -6.5
7.62803e-005 -9 -18.5 -6.5
5.27985e-005 -9.5 -18.5 -6.5
2.85372e-005 -9.5 -18 -7
2.48082e-005 -9 -17.5 -7
4.68062e-005 -9.5 -18.5 -7
6.54612e-005 -8.5 -18 -7
6.33001e-005 -9 -18 -7
3.14205e-005 -9 -20 -7
3.33406e-005 -9.5 -20 -7
3.48345e-005 -8.5 -19.5 -7
6.1517e-005 -9 -19.5 -7
4.96161e-005 -9.5 -19.5 -7
6.40989e-005 -8.5 -19 -7
7.98429e-005 -9 -19 -7
5.50238e-005 -9.5 -19 -7
7.34694e-005 -8.5 -18.5 -7
8.37082e-005 -9 -18.5 -7
5.03129e-005 -8.5 -17.5 -7.5
3.69498e-005 -9 -17.5 -7.5
4.03003e-005 -8 -18 -7.5
3.7909e-005 -9.5 -18.5 -7.5
9.10973e-005 -8.5 -18 -7.5
7.14617e-005 -9 -18 -7.5
3.21749e-005 -9 -20 -7.5
2.99005e-005 -9.5 -20 -7.5
4.72271e-005 -8.5 -19.5 -7.5
6.23718e-005 -9 -19.5 -7.5
4.30386e-005 -9.5 -19.5 -7.5
8.00002e-005 -8.5 -19 -7.5
8.15331e-005 -9 -19 -7.5
4.71023e-005 -9.5 -19 -7.5
3.89559e-005 -8 -18.5 -7.5
9.38137e-005 -8.5 -18.5 -7.5
8.76743e-005 -9 -18.5 -7.5
2.46118e-005 -8.5 -17 -8
6.17144e-005 -8 -17.5 -8
7.24554e-005 -8.5 -17.5 -8
4.04291e-005 -9 -17.5 -8
2.78121e-005 -9.5 -18.5 -8
6.52961e-005 -8 -18.5 -8
2.94337e-005 -9 -20 -8
2.64161e-005 -9.5 -20 -8
5.31505e-005 -8.5 -19.5 -8
5.85359e-005 -9 -19.5 -8
3.47255e-005 -9.5 -19.5 -8
4.0183e-005 -8 -19 -8
8.97832e-005 -8.5 -19 -8
8.22877e-005 -9 -19 -8
3.61374e-005 -9.5 -19 -8
0.000106209 -8.5 -18.5 -8
8.8702e-005 -9 -18.5 -8
7.21842e-005 -8 -18 -8
0.000106553 -8.5 -18 -8
7.23644e-005 -9 -18 -8
3.6858e-005 -9 -17.5 -8.5
5.08669e-005 -8 -17 -8.5
4.16409e-005 -8.5 -17 -8.5
2.66918e-005 -7.5 -18 -8.5
2.60695e-005 -9 -20 -8.5
2.31116e-005 -9.5 -20 -8.5
5.5067e-005 -8.5 -19.5 -8.5
5.28617e-005 -9 -19.5 -8.5
2.65965e-005 -9.5 -19.5 -8.5
5.69558e-005 -8 -19 -8.5
9.29182e-005 -8.5 -19 -8.5
7.47873e-005 -9 -19 -8.5
2.46041e-005 -9.5 -19 -8.5
8.9086e-005 -8 -18.5 -8.5
0.000112615 -8.5 -18.5 -8.5
8.00731e-005 -9 -18.5 -8.5
0.000102178 -8 -18 -8.5
0.000114474 -8.5 -18 -8.5
6.41981e-005 -9 -18 -8.5
2.71908e-005 -7.5 -17.5 -8.5
9.65695e-005 -8 -17.5 -8.5
8.76283e-005 -8.5 -17.5 -8.5
2.69089e-005 -8 -16.5 -9
2.90298e-005 -9 -17.5 -9
9.57986e-005 -8.5 -17.5 -9
5.37211e-005 -9 -18 -9
5.1939e-005 -7.5 -18 -9
3.32244e-005 -7.5 -18.5 -9
2.15212e-005 -9 -20 -9
5.09998e-005 -8.5 -19.5 -9
4.58017e-005 -9 -19.5 -9
6.71771e-005 -8 -19 -9
9.16451e-005 -8.5 -19 -9
6.42189e-005 -9 -19 -9
0.000111098 -8 -18.5 -9
0.000114009 -8.5 -18.5 -9
6.91017e-005 -9 -18.5 -9
0.000125262 -8 -18 -9
0.000119311 -8.5 -18 -9
5.6249e-005 -7.5 -17.5 -9
0.000120903 -8 -17.5 -9
5.10483e-005 -7.5 -17 -9
7.62814e-005 -8 -17 -9
5.01181e-005 -8.5 -17 -9
9.29136e-005 -7.5 -17 -9.5
4.09998e-005 -9 -18 -9.5
2.44262e-005 -8 -19.5 -9.5
4.45741e-005 -8.5 -19.5 -9.5
3.70915e-005 -9 -19.5 -9.5
7.25042e-005 -8 -19 -9.5
8.34606e-005 -8.5 -19 -9.5
5.03544e-005 -9 -19 -9.5
5.03975e-005 -7.5 -18.5 -9.5
0.000120043 -8 -18.5 -9.5
0.000112723 -8.5 -18.5 -9.5
5.36883e-005 -9 -18.5 -9.5
8.59271e-005 -7.5 -18 -9.5
0.000141195 -8 -18 -9.5
0.000120991 -8.5 -18 -9.5
9.62889e-005 -7.5 -17.5 -9.5
0.000141463 -8 -17.5 -9.5
9.76672e-005 -8.5 -17.5 -9.5
9.82473e-005 -8 -17 -9.5
5.31729e-005 -8.5 -17 -9.5
4.44588e-005 -7.5 -16.5 -9.5
4.28015e-005 -8 -16.5 -9.5
5.10801e-005 -8.5 -17 -10
3.80907e-005 -7 -16.5 -10
2.78923e-005 -9 -18 -10
3.98441e-005 -7 -17.5 -10
2.01633e-005 -7 -18 -10
2.26808e-005 -7.5 -19 -10
2.22776e-005 -8 -19.5 -10
3.68021e-005 -8.5 -19.5 -10
2.7613e-005 -9 -19.5 -10
7.40367e-005 -8 -19 -10
7.22018e-005 -8.5 -19 -10
3.63119e-005 -9 -19 -10
6.88726e-005 -7.5 -18.5 -10
0.000122468 -8 -18.5 -10
0.000102051 -8.5 -18.5 -10
3.66168e-005 -9 -18.5 -10
0.000113396 -7.5 -18 -10
0.000148408 -8 -18 -10
0.000109345 -8.5 -18 -10
0.000134673 -7.5 -17.5 -10
0.000152814 -8 -17.5 -10
8.9389e-005 -8.5 -17.5 -10
4.27372e-005 -7 -17 -10
0.000131657 -7.5 -17 -10
0.000120869 -8 -17 -10
7.79026e-005 -7.5 -16.5 -10
6.35615e-005 -8 -16.5 -10
2.4637e-005 -7.5 -16 -10
2.57393e-005 -8 -16 -10.5
4.62177e-005 -8.5 -17 -10.5
2.33512e-005 -9 -18.5 -10.5
3.80329e-005 -7 -18 -10.5
2.87506e-005 -8.5 -19.5 -10.5
2.05203e-005 -9 -19.5 -10.5
2.37303e-005 -7.5 -19 -10.5
6.39951e-005 -8 -19 -10.5
5.89747e-005 -8.5 -19 -10.5
2.50109e-005 -9 -19 -10.5
7.73075e-005 -7.5 -18.5 -10.5
0.000115961 -8 -18.5 -10.5
8.59391e-005 -8.5 -18.5 -10.5
0.000137205 -7.5 -18 -10.5
0.000149126 -8 -18 -10.5
9.35079e-005 -8.5 -18 -10.5
7.22974e-005 -7 -17.5 -10.5
0.000161464 -7.5 -17.5 -10.5
0.000157091 -8 -17.5 -10.5
7.67596e-005 -8.5 -17.5 -10.5
8.17033e-005 -7 -17 -10.5
0.000162123 -7.5 -17 -10.5
0.000134923 -8 -17 -10.5
8.04022e-005 -7 -16.5 -10.5
0.00011175 -7.5 -16.5 -10.5
7.63482e-005 -8 -16.5 -10.5
3.97021e-005 -7 -16 -10.5
4.63186e-005 -7.5 -16 -10.5
3.18516e-005 -8 -16 -11
3.70152e-005 -8.5 -17 -11
2.92753e-005 -6.5 -16.5 -11
2.40098e-005 -6.5 -17 -11
5.19111e-005 -7 -18 -11
2.11344e-005 -8.5 -19.5 -11
2.17288e-005 -7.5 -19 -11
5.29383e-005 -8 -19 -11
4.47068e-005 -8.5 -19 -11
7.99769e-005 -7.5 -18.5 -11
0.000103222 -8 -18.5 -11
6.65333e-005 -8.5 -18.5 -11
0.000144653 -7.5 -18 -11
0.000140196 -8 -18 -11
7.23986e-005 -8.5 -18 -11
0.000100783 -7 -17.5 -11
0.000177854 -7.5 -17.5 -11
0.00015494 -8 -17.5 -11
5.87348e-005 -8.5 -17.5 -11
0.000128409 -7 -17 -11
0.000183667 -7.5 -17 -11
0.000139374 -8 -17 -11
0.000132926 -7 -16.5 -11
0.00014414 -7.5 -16.5 -11
8.24332e-005 -8 -16.5 -11
2.6882e-005 -6.5 -16 -11
8.36785e-005 -7 -16 -11
7.84082e-005 -7.5 -16 -11
2.90984e-005 -7 -15.5 -11
2.42521e-005 -7.5 -15.5 -11
4.32343e-005 -6.5 -15.5 -11.5
5.98397e-005 -7 -15.5 -11.5
4.02836e-005 -7.5 -15.5 -11.5
6.58937e-005 -6.5 -16 -11.5
0.000131545 -7 -16 -11.5
0.000106874 -7.5 -16 -11.5
2.40651e-005 -8.5 -17 -11.5
4.02664e-005 -8.5 -17.5 -11.5
4.56444e-005 -6.5 -17 -11.5
3.94914e-005 -8 -19 -11.5
3.08125e-005 -8.5 -19 -11.5
7.38389e-005 -7.5 -18.5 -11.5
8.47384e-005 -8 -18.5 -11.5
4.72898e-005 -8.5 -18.5 -11.5
6.85438e-005 -7 -18 -11.5
0.000143756 -7.5 -18 -11.5
0.000125214 -8 -18 -11.5
5.07717e-005 -8.5 -18 -11.5
0.000126582 -7 -17.5 -11.5
0.000184176 -7.5 -17.5 -11.5
0.000139741 -8 -17.5 -11.5
0.000170592 -7 -17 -11.5
0.000193134 -7.5 -17 -11.5
0.000128136 -8 -17 -11.5
6.29482e-005 -6.5 -16.5 -11.5
0.00017771 -7 -16.5 -11.5
0.000171044 -7.5 -16.5 -11.5
8.23822e-005 -8 -16.5 -11.5
3.30688e-005 -8 -16 -11.5
3.35801e-005 -6.5 -15 -12
3.42589e-005 -7 -15 -12
9.89669e-005 -6.5 -15.5 -12
0.000100773 -7 -15.5 -12
5.63267e-005 -7.5 -15.5 -12
0.000112169 -6.5 -16 -12
0.000180327 -7 -16 -12
0.000126252 -7.5 -16 -12
2.41815e-005 -8.5 -17.5 -12
7.7481e-005 -6.5 -17 -12
3.5115e-005 -6.5 -17.5 -12
3.23147e-005 -8.5 -18 -12
2.67255e-005 -8 -19 -12
2.3049e-005 -8.5 -19 -12
6.01885e-005 -7.5 -18.5 -12
6.34741e-005 -8 -18.5 -12
3.09979e-005 -8.5 -18.5 -12
7.42156e-005 -7 -18 -12
0.000127994 -7.5 -18 -12
0.000101373 -8 -18 -12
0.000149006 -7 -17.5 -12
0.000180364 -7.5 -17.5 -12
0.000116236 -8 -17.5 -12
0.000200402 -7 -17 -12
0.000195435 -7.5 -17 -12
0.000108377 -8 -17 -12
0.000103754 -6.5 -16.5 -12
0.000211754 -7 -16.5 -12
0.000186987 -7.5 -16.5 -12
6.90423e-005 -8 -16.5 -12
2.849e-005 -8 -16 -12
8.49138e-005 -6.5 -15 -12.5
6.84849e-005 -7 -15 -12.5
2.52159e-005 -6.5 -14.5 -12.5
4.21872e-005 -6 -15.5 -12.5
0.000162778 -6.5 -15.5 -12.5
0.000149519 -7 -15.5 -12.5
6.46815e-005 -7.5 -15.5 -12.5
4.04301e-005 -6 -15 -12.5
3.89717e-005 -6 -16 -12.5
0.000171145 -6.5 -16 -12.5
0.000221977 -7 -16 -12.5
5.20721e-005 -8 -16.5 -12.5
2.60146e-005 -6 -16.5 -12.5
0.00015503 -6.5 -16.5 -12.5
0.00023311 -7 -16.5 -12.5
0.000190832 -7.5 -16.5 -12.5
0.000133134 -7.5 -16 -12.5
4.38363e-005 -6.5 -17.5 -12.5
4.23956e-005 -7.5 -18.5 -12.5
4.43444e-005 -8 -18.5 -12.5
7.02604e-005 -7 -18 -12.5
0.000104018 -7.5 -18 -12.5
7.49181e-005 -8 -18 -12.5
0.000155962 -7 -17.5 -12.5
0.000158692 -7.5 -17.5 -12.5
8.84505e-005 -8 -17.5 -12.5
0.000105827 -6.5 -17 -12.5
0.000212737 -7 -17 -12.5
0.000189085 -7.5 -17 -12.5
7.98312e-005 -8 -17 -12.5
3.21681e-005 -7 -14.5 -13
2.08781e-005 -7.5 -15 -13
0.000147004 -6.5 -15 -13
9.84976e-005 -7 -15 -13
6.30521e-005 -6.5 -14.5 -13
9.35648e-005 -6 -15.5 -13
0.000224624 -6.5 -15.5 -13
0.000187174 -7 -15.5 -13
6.42861e-005 -7.5 -15.5 -13
9.53137e-005 -6 -15 -13
5.55432e-005 -6 -14.5 -13
8.08088e-005 -6 -16 -13
0.000229343 -6.5 -16 -13
0.000241246 -7 -16 -13
0.000124162 -7.5 -16 -13
4.41543e-005 -6 -16.5 -13
0.000200369 -6.5 -16.5 -13
0.000240941 -7 -16.5 -13
0.000168535 -7.5 -16.5 -13
3.21819e-005 -8 -16.5 -13
5.19591e-005 -8 -17 -13
4.95585e-005 -6.5 -17.5 -13
2.57443e-005 -7.5 -18.5 -13
2.89241e-005 -8 -18.5 -13
5.36482e-005 -7 -18 -13
7.69957e-005 -7.5 -18 -13
5.00515e-005 -8 -18 -13
0.000137529 -7 -17.5 -13
0.000130238 -7.5 -17.5 -13
6.03305e-005 -8 -17.5 -13
0.00012449 -6.5 -17 -13
0.0002114 -7 -17 -13
0.00016474 -7.5 -17 -13
4.41855e-005 -7 -14.5 -13.5
0.000210713 -6.5 -15 -13.5
0.000121238 -7 -15 -13.5
0.000117391 -6.5 -14.5 -13.5
4.00849e-005 -6.5 -14 -13.5
5.46247e-005 -7.5 -15.5 -13.5
0.000160071 -6 -15.5 -13.5
0.000274052 -6.5 -15.5 -13.5
0.000205864 -7 -15.5 -13.5
0.000170825 -6 -15 -13.5
0.000125794 -6 -14.5 -13.5
4.90482e-005 -6 -14 -13.5
2.40645e-005 -5.5 -15.5 -13.5
0.000122206 -6 -16 -13.5
0.000266593 -6.5 -16 -13.5
0.000249165 -7 -16 -13.5
0.000103002 -7.5 -16 -13.5
3.12125e-005 -5.5 -15 -13.5
3.1665e-005 -5.5 -14.5 -13.5
2.15833e-005 -5.5 -14 -13.5
6.25392e-005 -6 -16.5 -13.5
0.000219732 -6.5 -16.5 -13.5
0.00023381 -7 -16.5 -13.5
0.000136824 -7.5 -16.5 -13.5
2.18678e-005 -6 -17 -13.5
3.53633e-005 -7 -18 -13.5
5.08482e-005 -7.5 -18 -13.5
2.83781e-005 -8 -18 -13.5
4.47952e-005 -6.5 -17.5 -13.5
0.000108972 -7 -17.5 -13.5
9.59318e-005 -7.5 -17.5 -13.5
3.57527e-005 -8 -17.5 -13.5
0.000130634 -6.5 -17 -13.5
0.000184955 -7 -17 -13.5
0.000129578 -7.5 -17 -13.5
3.09955e-005 -8 -17 -13.5
3.93671e-005 5 13 -13.5
2.11907e-005 6.5 13 -13.5
6.41054e-005 6 13 -13.5
7.7431e-005 5.5 13 -13.5
2.365e-005 6 13 -13
2.03167e-005 5.5 13 -13
5.10302e-005 -7 -14.5 -14
0.00025973 -6.5 -15 -14
0.000129987 -7 -15 -14
0.000174343 -6.5 -14.5 -14
7.88727e-005 -6.5 -14 -14
2.16083e-005 -6.5 -13.5 -14
4.31363e-005 -7.5 -15.5 -14
0.000226406 -6 -15.5 -14
0.000295699 -6.5 -15.5 -14
0.000211475 -7 -15.5 -14
0.000251129 -6 -15 -14
0.000209407 -6 -14.5 -14
0.000116884 -6 -14 -14
3.87623e-005 -6 -13.5 -14
4.5196e-005 -5.5 -15.5 -14
0.000157324 -6 -16 -14
0.000280306 -6.5 -16 -14
0.000229221 -7 -16 -14
7.3843e-005 -7.5 -16 -14
7.45652e-005 -5.5 -15 -14
8.2429e-005 -5.5 -14.5 -14
7.77901e-005 -5.5 -14 -14
3.17728e-005 -5.5 -13.5 -14
7.89014e-005 -6 -16.5 -14
0.000220743 -6.5 -16.5 -14
0.000205908 -7 -16.5 -14
9.69867e-005 -7.5 -16.5 -14
2.30052e-005 -6 -17 -14
0.000115158 -6.5 -17 -14
0.000149035 -7 -17 -14
9.09296e-005 -7.5 -17 -14
2.97128e-005 -7.5 -18 -14
3.1161e-005 -6.5 -17.5 -14
7.65392e-005 -7 -17.5 -14
6.39919e-005 -7.5 -17.5 -14
0.000117688 5 13 -14
0.00011686 5 13.5 -14
2.92396e-005 6.5 13 -14
0.000125 6.5 13.5 -14
4.7922e-005 5 13.5 -13.5
0.000357467 6 13.5 -14
0.00040812 5.5 13.5 -14
9.84275e-005 6.5 13.5 -13.5
0.000222963 6 13.5 -13.5
0.000232767 5.5 13.5 -13.5
0.000136038 6 13 -14
0.000192613 5.5 13 -14
6.23463e-005 6.5 13.5 -13
0.000114027 6 13.5 -13
0.000104107 5.5 13.5 -13
3.08657e-005 5.5 13.5 -12.5
3.2371e-005 6.5 13.5 -12.5
4.48419e-005 6 13.5 -12.5
3.22575e-005 6 12.5 -14
0.000289355 -6.5 -15 -14.5
0.000120917 -7 -15 -14.5
0.000214813 -6.5 -14.5 -14.5
5.3342e-005 -7 -14.5 -14.5
0.000111717 -6.5 -14 -14.5
3.81595e-005 -6.5 -13.5 -14.5
2.6105e-005 -7.5 -15.5 -14.5
0.000275242 -6 -15.5 -14.5
0.00029636 -6.5 -15.5 -14.5
0.000184871 -7 -15.5 -14.5
0.000304906 -6 -15 -14.5
0.000295645 -6 -14.5 -14.5
0.000195988 -6 -14 -14.5
9.78027e-005 -6 -13.5 -14.5
2.78175e-005 -6 -13 -14.5
5.54721e-005 5.5 12.5 -14
4.71017e-005 5 12.5 -14
4.7229e-005 -7.5 -16 -14.5
2.90369e-005 -5.5 -16 -14.5
0.000179244 -6 -16 -14.5
6.9572e-005 -5.5 -15.5 -14.5
0.000269203 -6.5 -16 -14.5
0.000188593 -7 -16 -14.5
0.000129786 -5.5 -15 -14.5
0.00016239 -5.5 -14.5 -14.5
0.000168752 -5.5 -14 -14.5
0.000103544 -5.5 -13.5 -14.5
3.38065e-005 -5.5 -13 -14.5
8.25744e-005 -6 -16.5 -14.5
0.000188096 -6.5 -16.5 -14.5
0.000163313 -7 -16.5 -14.5
6.18281e-005 -7.5 -16.5 -14.5
2.61533e-005 -5 -14 -14.5
2.52397e-005 -5 -13.5 -14.5
2.14977e-005 -5 -14.5 -14.5
8.59103e-005 -6.5 -17 -14.5
0.000106625 -7 -17 -14.5
5.71775e-005 -7.5 -17 -14.5
4.5426e-005 -7 -17.5 -14.5
3.87277e-005 -7.5 -17.5 -14.5
3.09031e-005 4.5 12.5 -14.5
2.99367e-005 4.5 13 -14.5
0.00025746 5 13 -14.5
2.36516e-005 4.5 13.5 -14.5
3.2598e-005 6.5 13 -14.5
0.000246105 5 13.5 -14.5
0.000186488 5 14 -14.5
2.56229e-005 7 14 -14.5
0.00035676 6.5 14 -14.5
9.70601e-005 5 14 -14
0.000717489 6 14 -14.5
0.00069435 5.5 14 -14.5
0.000485033 5.5 14 -14
3.7353e-005 7 14 -14
4.19384e-005 5 14 -13.5
0.000335712 6.5 14 -14
0.000600205 6 14 -14
0.000136318 6.5 13.5 -14.5
0.000486884 6 13.5 -14.5
0.000604176 5.5 13.5 -14.5
0.000305354 5.5 14 -13.5
4.4874e-005 7 14 -13.5
0.000285099 6.5 14 -13.5
0.000447483 6 14 -13.5
0.000171157 5.5 14 -13
4.73302e-005 7 14 -13
0.000216355 6.5 14 -13
0.000291198 6 14 -13
7.84798e-005 5.5 14 -12.5
0.000222452 6 13 -14.5
0.000360465 5.5 13 -14.5
4.28665e-005 7 14 -12.5
2.1816e-005 5.5 14 -12
0.0001398 6.5 14 -12.5
0.000162578 6 14 -12.5
3.29173e-005 7 14 -12
7.55814e-005 6.5 14 -12
7.66392e-005 6 14 -12
2.05995e-005 7 14 -11.5
3.42024e-005 6.5 14 -11.5
2.62656e-005 6 14 -11.5
0.000294699 -6.5 -15 -15
9.63113e-005 -7 -15 -15
4.32817e-005 -7 -14.5 -15
0.000229159 -6.5 -14.5 -15
0.000129942 -6.5 -14 -15
0.000290813 -6 -15.5 -15
0.000279948 -6.5 -15.5 -15
0.000141916 -7 -15.5 -15
0.000337036 -6 -15 -15
0.000346237 -6 -14.5 -15
0.000268652 -6 -14 -15
0.000170088 -6 -13.5 -15
4.84511e-005 -6.5 -13.5 -15
6.82317e-005 -6 -13 -15
6.25114e-005 6 12.5 -14.5
0.000150815 5.5 12.5 -14.5
0.000157683 5 12.5 -14.5
3.49585e-005 -5.5 -16 -15
0.000179966 -6 -16 -15
9.93045e-005 -5.5 -15.5 -15
0.000228099 -6.5 -16 -15
0.000139987 -7 -16 -15
0.000180772 -5.5 -15 -15
0.000250206 -5.5 -14.5 -15
0.000272196 -5.5 -14 -15
0.000204169 -5.5 -13.5 -15
0.000106554 -5.5 -13 -15
3.11586e-005 -5.5 -12.5 -15
2.48776e-005 -7.5 -16 -15
3.47583e-005 5.5 12 -14.5
4.01828e-005 5 12 -14.5
6.86891e-005 -6 -16.5 -15
0.000141862 -6.5 -16.5 -15
0.000114224 -7 -16.5 -15
4.47614e-005 -5 -14.5 -15
7.03913e-005 -5 -14 -15
7.75983e-005 -5 -13.5 -15
7.06269e-005 -5 -13 -15
2.60844e-005 -5 -12.5 -15
3.39394e-005 -7.5 -16.5 -15
5.3324e-005 -6.5 -17 -15
6.69258e-005 -7 -17 -15
3.16321e-005 -7.5 -17 -15
2.1203e-005 -7 -17.5 -15
2.18204e-005 -7.5 -17.5 -15
9.33662e-005 4.5 12 -15
9.51546e-005 4.5 12.5 -15
8.12585e-005 4.5 13 -15
0.000465522 5 13 -15
9.76017e-005 6 12.5 -15
5.10643e-005 4.5 13.5 -15
0.000425681 5 13.5 -15
2.96585e-005 6.5 13 -15
2.67714e-005 4.5 14 -15
0.00031513 5 14 -15
0.000132467 6.5 13.5 -15
0.000169058 5 14.5 -15
0.000744339 5.5 14.5 -15
7.18636e-005 7 14.5 -15
0.000110923 5 14.5 -14.5
0.000534771 6.5 14.5 -15
0.000838394 6 14.5 -15
0.00061107 5.5 14.5 -14.5
0.000115233 7 14.5 -14.5
6.05579e-005 5 14.5 -14
0.000595351 6.5 14.5 -14.5
0.000854019 6 14.5 -14.5
0.000331553 6.5 14 -15
0.000795894 6 14 -15
0.000830269 5.5 14 -15
0.00043838 5.5 14.5 -14
3.01271e-005 5 14.5 -13.5
0.000151824 7 14.5 -14
0.000589495 6.5 14.5 -14
0.000793885 6 14.5 -14
0.000280986 5.5 14.5 -13.5
0.000173918 7 14.5 -13.5
0.000158587 5.5 14.5 -13
0.000548648 6.5 14.5 -13.5
0.000668107 6 14.5 -13.5
0.000575187 6 13.5 -15
0.000802856 5.5 13.5 -15
7.60871e-005 5.5 14.5 -12.5
0.000177049 7 14.5 -13
0.000453769 6.5 14.5 -13
0.000514686 6 14.5 -13
2.96428e-005 5.5 14.5 -12
0.000164005 7 14.5 -12.5
0.000336758 6.5 14.5 -12.5
0.000358001 6 14.5 -12.5
0.000296774 6 13 -15
0.000543962 5.5 13 -15
0.000135509 7 14.5 -12
0.000227991 6.5 14.5 -12
0.000215732 6 14.5 -12
9.92367e-005 6 14.5 -11.5
2.20085e-005 7.5 14.5 -11.5
9.95529e-005 7 14.5 -11.5
0.000143621 6.5 14.5 -11.5
3.49263e-005 6 14.5 -11
2.01556e-005 7.5 14.5 -11
6.34327e-005 7 14.5 -11
0.000256741 -6.5 -15 -15.5
6.37552e-005 -7 -15 -15.5
0.000221636 -6.5 -14.5 -15.5
2.98963e-005 -7 -14.5 -15.5
5.10075e-005 -6.5 -13.5 -15.5
0.000134602 -6.5 -14 -15.5
0.000267959 -6 -15.5 -15.5
0.000234403 -6.5 -15.5 -15.5
9.24337e-005 -7 -15.5 -15.5
0.00034578 -6 -15 -15.5
0.000364008 -6 -14.5 -15.5
0.000326186 -6 -14 -15.5
0.000228922 -6 -13.5 -15.5
0.000112082 -6 -13 -15.5
3.3618e-005 7 14.5 -10.5
3.39846e-005 6.5 14.5 -10.5
7.80819e-005 6.5 14.5 -11
0.000296216 5.5 12.5 -15
0.000335639 5 12.5 -15
2.11141e-005 6 12 -15
3.20504e-005 -5.5 -16 -15.5
0.000145753 -6 -16 -15.5
0.000110657 -5.5 -15.5 -15.5
0.000170251 -6.5 -16 -15.5
9.02239e-005 -7 -16 -15.5
0.000221186 -5.5 -15 -15.5
0.000319792 -5.5 -14.5 -15.5
0.000348693 -5.5 -14 -15.5
0.00032 -5.5 -13.5 -15.5
0.000204994 -5.5 -13 -15.5
9.94676e-005 -5.5 -12.5 -15.5
3.62154e-005 -6 -12.5 -15.5
9.89728e-005 5.5 12 -15
0.000147283 5 12 -15
2.75247e-005 -5.5 -12 -15.5
2.15342e-005 5.5 11.5 -15
3.57931e-005 5 11.5 -15
3.09342e-005 4.5 11.5 -15
4.39276e-005 -6 -16.5 -15.5
9.20249e-005 -6.5 -16.5 -15.5
6.94538e-005 -7 -16.5 -15.5
3.21477e-005 -5 -15 -15.5
7.34642e-005 -5 -14.5 -15.5
0.000134097 -5 -14 -15.5
0.00016758 -5 -13.5 -15.5
0.000174532 -5 -13 -15.5
0.000106899 -5 -12.5 -15.5
3.4775e-005 -5 -12 -15.5
2.64365e-005 -6.5 -17 -15.5
3.57512e-005 -7 -17 -15.5
2.49203e-005 -4.5 -13 -15.5
2.54107e-005 -4.5 -12.5 -15.5
2.69576e-005 4 11.5 -15.5
2.53545e-005 4 12 -15.5
0.000236591 4.5 12 -15.5
5.07655e-005 5.5 11.5 -15.5
0.000227121 4.5 12.5 -15.5
0.000169456 4.5 13 -15.5
0.000116303 6 12.5 -15.5
9.60353e-005 4.5 13.5 -15.5
2.1072e-005 6.5 13 -15.5
0.000628007 5 13.5 -15.5
4.43656e-005 4.5 14 -15.5
0.000442114 5 14 -15.5
0.000109227 6.5 13.5 -15.5
0.000222337 5 14.5 -15.5
0.000789997 5.5 14.5 -15.5
7.59899e-005 5 15 -15.5
0.000491658 5.5 15 -15.5
3.52709e-005 7 14.5 -15.5
6.56472e-005 5 15 -15
7.80712e-005 7 15 -15.5
0.000420651 6.5 15 -15.5
0.000662894 6 15 -15.5
0.000482058 5.5 15 -15
4.88239e-005 5 15 -14.5
0.000147681 7 15 -15
0.00057227 6.5 15 -15
0.000775573 6 15 -15
0.000422823 5.5 15 -14.5
0.000417922 6.5 14.5 -15.5
0.000777659 6 14.5 -15.5
3.10478e-005 5 15 -14
0.000229468 7 15 -14.5
0.000319625 5.5 15 -14
0.000699964 6.5 15 -14.5
0.000819352 6 15 -14.5
0.000265843 6.5 14 -15.5
0.000804916 6 14 -15.5
0.000896047 5.5 14 -15.5
0.000317624 7 15 -14
0.00020686 5.5 15 -13.5
0.00075228 6.5 15 -14
0.000780698 6 15 -14
3.08438e-005 7.5 15 -13.5
0.000374964 7 15 -13.5
0.000119144 5.5 15 -13
0.000730919 6.5 15 -13.5
0.000673555 6 15 -13.5
0.000605092 6 13.5 -15.5
0.000913562 5.5 13.5 -15.5
0.00051643 6 15 -13
5.36709e-005 7.5 15 -13
6.23005e-005 5.5 15 -12.5
0.000400084 7 15 -13
0.000681871 6.5 15 -13
0.000363381 6 15 -12.5
7.06539e-005 7.5 15 -12.5
2.7108e-005 5.5 15 -12
0.000381988 7 15 -12.5
0.000570848 6.5 15 -12.5
0.000232757 6 15 -12
0.000331824 6 13 -15.5
0.000703888 5.5 13 -15.5
0.000710937 5 13 -15.5
8.73268e-005 7.5 15 -12
0.000338517 7 15 -12
0.000436982 6.5 15 -12
0.00012903 6 15 -11.5
9.89826e-005 7.5 15 -11.5
5.41927e-005 6 15 -11
0.000274672 7 15 -11.5
0.000310644 6.5 15 -11.5
9.44303e-005 7.5 15 -11
0.000202115 7 15 -11
0.000206504 6.5 15 -11
7.88906e-005 7.5 15 -10.5
0.00013773 7 15 -10.5
2.47247e-005 6.5 15 -9.5
5.84167e-005 7.5 15 -10
2.36977e-005 7.5 15 -9
3.42927e-005 -7 -15 -16
0.000192279 -6.5 -15 -16
0.000184612 -6.5 -14.5 -16
0.00021068 -6 -15.5 -16
0.000169404 -6.5 -15.5 -16
5.05637e-005 -7 -15.5 -16
0.000305662 -6 -15 -16
0.000346269 -6 -14.5 -16
0.000352615 -6 -14 -16
4.40389e-005 -6.5 -13.5 -16
0.000113155 -6.5 -14 -16
0.000255599 -6 -13.5 -16
0.00014204 -6 -13 -16
5.08573e-005 -6 -12.5 -16
2.39686e-005 7 15 -9
3.85975e-005 7.5 15 -9.5
5.01455e-005 7 15 -9.5
8.94326e-005 7 15 -10
6.18507e-005 6.5 15 -10
0.000125251 6.5 15 -10.5
0.000458517 5.5 12.5 -15.5
0.000570276 5 12.5 -15.5
9.85436e-005 -6 -16 -16
0.000110524 -6.5 -16 -16
5.00068e-005 -7 -16 -16
0.000102909 -5.5 -15.5 -16
0.000232112 -5.5 -15 -16
0.000353493 -5.5 -14.5 -16
0.000400044 -5.5 -14 -16
0.000405122 -5.5 -13.5 -16
0.0003026 -5.5 -13 -16
2.55885e-005 6 12 -15.5
0.000192355 -5.5 -12.5 -16
0.000194666 5.5 12 -15.5
0.000332784 5 12 -15.5
2.08419e-005 -5.5 -11.5 -16
7.85436e-005 -5.5 -12 -16
0.000133577 5 11.5 -15.5
0.000143039 4.5 11.5 -15.5
4.89955e-005 -6.5 -16.5 -16
3.78259e-005 -7 -16.5 -16
3.98863e-005 -5 -15 -16
0.000108293 -5 -14.5 -16
0.000197891 -5 -14 -16
0.000277478 -5 -13.5 -16
0.000305688 -5 -13 -16
0.000233508 -5 -12.5 -16
3.00045e-005 5 11 -15.5
3.60072e-005 4.5 11 -15.5
0.000126719 -5 -12 -16
4.06985e-005 -5 -11.5 -16
4.43615e-005 -4.5 -13.5 -16
7.27428e-005 -4.5 -13 -16
8.46089e-005 -4.5 -12.5 -16
3.90028e-005 -4.5 -11.5 -16
8.44248e-005 -4.5 -12 -16
9.76634e-005 4 11 -16
2.28292e-005 5 10.5 -16
9.33747e-005 4 11.5 -16
7.38698e-005 4 12 -16
0.00046236 4.5 12 -16
4.56552e-005 4 12.5 -16
2.56296e-005 6 12 -16
0.000420615 4.5 12.5 -16
0.000300768 4.5 13 -16
0.000121394 6 12.5 -16
0.000162166 4.5 13.5 -16
0.000787045 5 13.5 -16
6.41924e-005 4.5 14 -16
0.000529988 5 14 -16
7.42959e-005 6.5 13.5 -16
0.000253496 5 14.5 -16
7.21985e-005 5 15 -16
0.000384829 5.5 15 -16
0.000273204 6.5 14.5 -16
0.000117158 5.5 15.5 -16
4.32798e-005 7 15.5 -16
0.000203797 6.5 15.5 -16
0.00026771 6 15.5 -16
0.000190106 5.5 15.5 -15.5
3.1974e-005 7 15 -16
0.000107008 7 15.5 -15.5
0.000219473 5.5 15.5 -15
0.000354731 6.5 15.5 -15.5
0.000429013 6 15.5 -15.5
0.000268658 6.5 15 -16
0.000488449 6 15 -16
0.000203659 7 15.5 -15
0.000202223 5.5 15.5 -14.5
0.00050689 6.5 15.5 -15
0.000566591 6 15.5 -15
0.000643326 6 14.5 -16
0.000706039 5.5 14.5 -16
0.000667403 6 15.5 -14.5
2.02972e-005 7.5 15.5 -14.5
0.000162174 5.5 15.5 -14
0.000323556 7 15.5 -14.5
0.000641556 6.5 15.5 -14.5
0.000176891 6.5 14 -16
0.000650586 6 15.5 -14
5.56567e-005 7.5 15.5 -14
0.000115477 5.5 15.5 -13.5
0.000449017 7 15.5 -14
0.000727598 6.5 15.5 -14
0.000695409 6 14 -16
0.000901215 5.5 14 -16
0.000579072 6 15.5 -13.5
0.000107361 7.5 15.5 -13.5
6.89726e-005 5.5 15.5 -13
0.000548939 7 15.5 -13.5
0.000761945 6.5 15.5 -13.5
0.000456846 6 15.5 -13
3.87094e-005 5.5 15.5 -12.5
0.000166948 7.5 15.5 -13
0.000609485 7 15.5 -13
0.000739452 6.5 15.5 -13
0.000570968 6 13.5 -16
0.000951064 5.5 13.5 -16
0.000325793 6 15.5 -12.5
0.000216342 7.5 15.5 -12.5
0.000209225 6 15.5 -12
0.000601647 7 15.5 -12.5
0.000682785 6.5 15.5 -12.5
0.000335316 6 13 -16
0.000113963 6 15.5 -11.5
0.000249297 7.5 15.5 -12
0.000555407 7 15.5 -12
0.000587842 6.5 15.5 -12
0.000828391 5.5 13 -16
0.000879948 5 13 -16
2.71451e-005 8 15.5 -11.5
5.11247e-005 6 15.5 -11
0.000265665 7.5 15.5 -11.5
0.000475578 7 15.5 -11.5
0.000465722 6.5 15.5 -11.5
0.000315443 6.5 15.5 -11
4.09341e-005 8 15.5 -11
2.08003e-005 6 15.5 -10.5
0.000256228 7.5 15.5 -11
0.000399846 7 15.5 -11
0.000196981 6.5 15.5 -10.5
5.15147e-005 8 15.5 -10.5
0.000110824 6.5 15.5 -10
0.000230476 7.5 15.5 -10.5
0.000313963 7 15.5 -10.5
5.73576e-005 8 15.5 -10
5.15636e-005 6.5 15.5 -9.5
0.000192865 7.5 15.5 -10
5.86495e-005 8 15.5 -9.5
5.44873e-005 8 15.5 -9
0.000105587 7.5 15.5 -9
0.000125146 -6.5 -15 -16.5
7.93985e-005 -6.5 -14 -16.5
0.000124172 -6.5 -14.5 -16.5
0.00013953 -6 -15.5 -16.5
0.00010397 -6.5 -15.5 -16.5
2.21734e-005 -7 -15.5 -16.5
0.000234219 -6 -15 -16.5
0.000302526 -6 -14.5 -16.5
0.000322513 -6 -14 -16.5
3.385e-005 -6.5 -13.5 -16.5
0.000262111 -6 -13.5 -16.5
2.80757e-005 8 15.5 -7.5
3.01938e-005 7.5 15.5 -7.5
3.61915e-005 8 15.5 -8
4.75125e-005 7.5 15.5 -8
2.33923e-005 7 15.5 -8
4.54136e-005 8 15.5 -8.5
5.53099e-005 -6 -12.5 -16.5
0.000151622 -6 -13 -16.5
7.1868e-005 7.5 15.5 -8.5
5.02217e-005 7 15.5 -8.5
9.69191e-005 7 15.5 -9
5.11622e-005 -6 -16 -16.5
6.03918e-005 -6.5 -16 -16.5
2.51485e-005 -7 -16 -16.5
6.98819e-005 -5.5 -15.5 -16.5
0.000196024 -5.5 -15 -16.5
0.000338476 -5.5 -14.5 -16.5
0.00042092 -5.5 -14 -16.5
0.000439477 -5.5 -13.5 -16.5
0.000383392 -5.5 -13 -16.5
0.000147331 7.5 15.5 -9.5
0.000155429 7 15.5 -9.5
0.000229232 7 15.5 -10
0.00058682 5.5 12.5 -16
0.000830359 5 12.5 -16
0.000271478 -5.5 -12.5 -16.5
0.000289981 5.5 12 -16
0.000555765 5 12 -16
0.000132724 -5.5 -12 -16.5
9.0766e-005 5.5 11.5 -16
0.000301649 5 11.5 -16
0.000350266 4.5 11.5 -16
4.02033e-005 -5.5 -11.5 -16.5
2.05887e-005 -7 -16.5 -16.5
3.97446e-005 -5 -15 -16.5
0.000124899 -5 -14.5 -16.5
0.000253064 -5 -14 -16.5
0.000368863 -5 -13.5 -16.5
0.000408747 -5 -13 -16.5
0.000381923 -5 -12.5 -16.5
0.000256266 -5 -12 -16.5
9.88991e-005 5 11 -16
0.000153988 4.5 11 -16
4.25006e-005 4.5 10.5 -16
4.1342e-005 4 10.5 -16
0.000134295 -5 -11.5 -16.5
4.16128e-005 -5 -11 -16.5
3.17459e-005 -4.5 -14 -16.5
7.59297e-005 -4.5 -13.5 -16.5
0.000142614 -4.5 -13 -16.5
0.000204418 -4.5 -12 -16.5
6.00365e-005 -4.5 -11 -16.5
0.00015115 -4.5 -11.5 -16.5
0.000189096 -4.5 -12.5 -16.5
3.0552e-005 -4 -12 -16.5
3.61434e-005 -4 -11.5 -16.5
3.23456e-005 -4 -11 -16.5
2.01145e-005 -4 -12.5 -16.5
2.76485e-005 3.5 10 -16.5
3.03342e-005 3.5 10.5 -16.5
2.64482e-005 3.5 11 -16.5
0.000256324 4 11 -16.5
0.000234041 4 11.5 -16.5
2.40136e-005 5.5 11 -16.5
0.000162405 4 12 -16.5
0.000114903 5.5 11.5 -16.5
8.68834e-005 4 12.5 -16.5
0.000646982 4.5 12.5 -16.5
3.79629e-005 4 13 -16.5
0.000443517 4.5 13 -16.5
0.000104084 6 12.5 -16.5
0.00021641 4.5 13.5 -16.5
0.000868272 5 13.5 -16.5
7.42633e-005 4.5 14 -16.5
0.000559463 5 14 -16.5
4.16031e-005 6.5 13.5 -16.5
0.000240781 5 14.5 -16.5
3.95652e-005 5 15 -16.5
0.000255413 5.5 15 -16.5
0.000149114 6.5 14.5 -16.5
4.22674e-005 5.5 15.5 -16.5
6.97195e-005 6 16 -16
2.61898e-005 7 16 -16
8.81927e-005 6.5 16 -16
8.43684e-005 6.5 15.5 -16.5
0.000123055 6 15.5 -16.5
0.000161956 6 16 -15.5
4.49888e-005 5.5 16 -15
9.08813e-005 7 16 -15.5
0.000204781 6.5 16 -15.5
0.000140902 6.5 15 -16.5
0.0003047 6 15 -16.5
0.000266961 6 16 -15
5.7986e-005 5.5 16 -14.5
0.000187609 7 16 -15
0.000345082 6.5 16 -15
0.000356862 6 16 -14.5
5.38943e-005 5.5 16 -14
5.32036e-005 7.5 16 -14.5
0.000308009 7 16 -14.5
0.000486253 6.5 16 -14.5
0.000462218 6 14.5 -16.5
0.000555859 5.5 14.5 -16.5
0.000389473 6 16 -14
9.84029e-005 6.5 14 -16.5
4.47642e-005 5.5 16 -13.5
0.000115315 7.5 16 -14
0.000436441 7 16 -14
0.00060355 6.5 16 -14
0.000364407 6 16 -13.5
0.00052034 6 14 -16.5
0.000787196 5.5 14 -16.5
3.08172e-005 5.5 16 -13
0.000187876 7.5 16 -13.5
0.000299698 6 16 -13
0.000549667 7 16 -13.5
0.000684319 6.5 16 -13.5
0.000274607 7.5 16 -13
0.000215557 6 16 -12.5
0.000622914 7 16 -13
0.000684016 6.5 16 -13
0.000482219 6 13.5 -16.5
0.000873196 5.5 13.5 -16.5
3.78626e-005 8 16 -12.5
0.000360638 7.5 16 -12.5
0.000139 6 16 -12
0.000648363 7 16 -12.5
0.000649952 6.5 16 -12.5
0.000557002 6.5 16 -12
6.9458e-005 8 16 -12
8.16899e-005 6 16 -11.5
0.000424997 7.5 16 -12
0.000667713 7 16 -12
0.000286778 6 13 -16.5
0.000436692 6.5 16 -11.5
0.000884451 5.5 13 -16.5
0.000974017 5 13 -16.5
0.000109515 8 16 -11.5
4.04786e-005 6 16 -11
0.00046327 7.5 16 -11.5
0.000641325 7 16 -11.5
0.000302877 6.5 16 -11
0.000141711 8 16 -11
0.00018892 6.5 16 -10.5
0.000457771 7.5 16 -11
0.000577467 7 16 -11
0.000103098 6.5 16 -10
0.000170288 8 16 -10.5
0.0004316 7.5 16 -10.5
0.000490319 7 16 -10.5
4.91045e-005 6.5 16 -9.5
0.000190184 8 16 -10
0.000376982 7.5 16 -10
0.000393896 7 16 -10
2.56817e-005 8.5 16 -9.5
2.21067e-005 6.5 16 -9
0.000190148 8 16 -9.5
0.000315352 7.5 16 -9.5
3.81569e-005 8.5 16 -9
0.000106642 7 16 -8.5
4.75979e-005 8.5 16 -8.5
5.29505e-005 7 16 -8
0.000163385 8 16 -8.5
5.45661e-005 8.5 16 -8
2.32511e-005 7 16 -7.5
6.87955e-005 7.5 16 -7
5.89305e-005 8.5 16 -7.5
3.70176e-005 7.5 16 -6.5
2.18825e-005 8 16 -5
6.92156e-005 -6.5 -15 -17
2.4803e-005 8.5 16 -4.5
4.3641e-005 -6.5 -14 -17
6.88703e-005 -6.5 -14.5 -17
2.00233e-005 9 16 -5
3.34871e-005 8.5 16 -5
7.57354e-005 -6 -15.5 -17
5.2361e-005 -6.5 -15.5 -17
0.000151583 -6 -15 -17
0.000220184 -6 -14.5 -17
4.27028e-005 8.5 16 -5.5
3.98904e-005 8 16 -5.5
0.00024467 -6 -14 -17
4.90384e-005 8.5 16 -6
5.55922e-005 8 16 -6
5.41731e-005 8.5 16 -6.5
7.24533e-005 8 16 -6.5
0.000223806 -6 -13.5 -17
5.76003e-005 8.5 16 -7
9.38695e-005 8 16 -7
2.64044e-005 -6.5 -16 -17
3.57461e-005 -5.5 -15.5 -17
0.00013621 -5.5 -15 -17
0.000269413 -5.5 -14.5 -17
0.000374967 -5.5 -14 -17
0.000415242 -5.5 -13.5 -17
0.000421029 -5.5 -13 -17
4.86225e-005 -6 -12.5 -17
0.000132461 -6 -13 -17
0.000114036 8 16 -7.5
0.000107058 7.5 16 -7.5
0.000138411 8 16 -8
0.000148411 7.5 16 -8
0.000199408 7.5 16 -8.5
0.00018167 8 16 -9
0.000257094 7.5 16 -9
0.000183495 7 16 -9
0.000284655 7 16 -9.5
0.000633368 5.5 12.5 -16.5
0.000989634 5 12.5 -16.5
0.000302554 -5.5 -12.5 -17
0.000340645 5.5 12 -16.5
0.000751396 5 12 -16.5
0.000747411 4.5 12 -16.5
5.72249e-005 -5.5 -11.5 -17
0.000166449 -5.5 -12 -17
2.79504e-005 -5 -15 -17
0.00012418 -5 -14.5 -17
0.000271038 -5 -14 -17
0.000415334 -5 -13.5 -17
0.0004724 -5 -13 -17
0.000482537 -5 -12.5 -17
0.000375169 -5 -12 -17
0.000492721 5 11.5 -16.5
0.000623945 4.5 11.5 -16.5
0.000208886 5 11 -16.5
0.000373224 4.5 11 -16.5
5.61304e-005 5 10.5 -16.5
0.000250416 -5 -11.5 -17
0.000166028 4.5 10.5 -16.5
0.000183059 4 10.5 -16.5
0.000110344 -5 -11 -17
3.89636e-005 -4.5 -14 -17
0.000109311 -4.5 -13.5 -17
0.00021406 -4.5 -13 -17
3.20217e-005 -5 -10.5 -17
4.12007e-005 4.5 10 -16.5
5.49982e-005 4 10 -16.5
0.000314761 -4.5 -12.5 -17
0.000188042 -4.5 -11 -17
8.38814e-005 -4.5 -10.5 -17
2.19158e-005 -4.5 -10 -17
0.000315943 -4.5 -11.5 -17
0.000360837 -4.5 -12 -17
4.49023e-005 -4 -12.5 -17
0.000109585 -4 -11.5 -17
0.000120858 -4 -11 -17
8.56563e-005 -4 -10.5 -17
2.41152e-005 -4 -10 -17
8.07125e-005 -4 -12 -17
0.00013663 3.5 10 -17
0.000115399 3.5 10.5 -17
8.01409e-005 3.5 11 -17
0.000499398 4 11 -17
4.42072e-005 3.5 11.5 -17
2.471e-005 5.5 11 -17
0.000445827 4 11.5 -17
0.000295761 4 12 -17
0.000121684 5.5 11.5 -17
0.00014229 4 12.5 -17
0.000813603 4.5 12.5 -17
5.2864e-005 4 13 -17
0.000530455 4.5 13 -17
7.5808e-005 6 12.5 -17
0.00024736 4.5 13.5 -17
7.55991e-005 4.5 14 -17
0.00045215 5 14 -17
0.000328447 6 13.5 -17
0.000158273 5 14.5 -17
4.20681e-005 6.5 14 -17
0.000123026 5.5 15 -17
3.02333e-005 6 15.5 -17
4.03049e-005 7 16.5 -15.5
5.83221e-005 6.5 16.5 -15.5
4.86971e-005 6 16.5 -15
5.28435e-005 6.5 15 -17
0.000145512 6 15 -17
0.000113147 7 16.5 -15
0.000146103 6.5 16.5 -15
0.000100631 6 16.5 -14.5
5.79754e-005 7.5 16.5 -14.5
0.000143546 6 16.5 -14
0.000218376 7 16.5 -14.5
0.000259514 6.5 16.5 -14.5
6.37341e-005 6.5 14.5 -17
0.000275333 6 14.5 -17
0.000357389 5.5 14.5 -17
0.000127259 7.5 16.5 -14
0.000147383 6 16.5 -13.5
0.000339695 7 16.5 -14
0.000374715 6.5 16.5 -14
0.000469223 6.5 16.5 -13.5
0.000333307 6 14 -17
0.000592694 5.5 14 -17
0.000129585 6 16.5 -13
0.000221192 7.5 16.5 -13.5
0.00045743 7 16.5 -13.5
0.000513209 6.5 16.5 -13
4.25963e-005 8 16.5 -13
0.000100998 6 16.5 -12.5
0.000325971 7.5 16.5 -13
0.000556833 7 16.5 -13
0.00074086 5.5 13.5 -17
0.000796183 5 13.5 -17
0.00048525 6.5 16.5 -12.5
6.75319e-005 6 16.5 -12
8.89479e-005 8 16.5 -12.5
0.000427463 7.5 16.5 -12.5
0.000618902 7 16.5 -12.5
0.000420474 6.5 16.5 -12
4.29836e-005 6 16.5 -11.5
0.000147968 8 16.5 -12
0.00051535 7.5 16.5 -12
0.000648108 7 16.5 -12
0.000333947 6.5 16.5 -11.5
0.000196539 6 13 -17
2.49577e-005 6 16.5 -11
0.000239282 6.5 16.5 -11
0.000215234 8 16.5 -11.5
0.00056694 7.5 16.5 -11.5
0.000630498 7 16.5 -11.5
0.000785612 5.5 13 -17
0.000998517 5 13 -17
0.000280591 8 16.5 -11
0.000147361 6.5 16.5 -10.5
0.000576687 7.5 16.5 -11
0.00057961 7 16.5 -11
4.09989e-005 8.5 16.5 -10.5
0.000329524 8 16.5 -10.5
8.13085e-005 6.5 16.5 -10
0.000571134 7.5 16.5 -10.5
0.000490853 7 16.5 -10.5
0.000384877 7 16.5 -10
6.84318e-005 8.5 16.5 -10
3.98549e-005 6.5 16.5 -9.5
0.000277236 7 16.5 -9.5
0.000359966 8 16.5 -10
0.000544189 7.5 16.5 -10
9.97586e-005 8.5 16.5 -9.5
0.000181392 7 16.5 -9
0.000370016 8 16.5 -9.5
0.000488303 7.5 16.5 -9.5
0.000129335 8.5 16.5 -9
0.000104632 7 16.5 -8.5
0.000357973 8 16.5 -9
5.17965e-005 7 16.5 -8
0.000154397 8.5 16.5 -8.5
2.13322e-005 9 16.5 -8
2.43995e-005 7 16.5 -7.5
0.000171353 8.5 16.5 -8
0.000289111 8 16.5 -8
3.69043e-005 9 16.5 -7.5
0.000179771 8.5 16.5 -7.5
5.17571e-005 9 16.5 -7
6.30853e-005 7.5 16.5 -6.5
0.000176645 8.5 16.5 -7
0.000139013 8 16.5 -6
3.09067e-005 7.5 16.5 -6
6.53667e-005 9 16.5 -6.5
6.12958e-005 8 16.5 -5
8.79848e-005 9 16.5 -5.5
3.47427e-005 8 16.5 -4.5
2.21508e-005 9.5 16.5 -5
7.67965e-005 8.5 16.5 -4
4.90146e-005 8.5 16.5 -3.5
2.8752e-005 8.5 16.5 -3
5.92264e-005 9 16.5 -2.5
4.18993e-005 9 16.5 -2
4.39734e-005 9.5 16.5 -1
2.11943e-005 9.5 16.5 -0.5
3.06999e-005 10 16.5 -0.5
3.6501e-005 10 16.5 -1
3.65063e-005 10 16.5 -1.5
5.37472e-005 9.5 16.5 -1.5
2.7194e-005 10 16.5 -2
5.65518e-005 9.5 16.5 -2
5.68694e-005 9.5 16.5 -2.5
3.17494e-005 -6.5 -15 -17.5
5.80892e-005 9.5 16.5 -3
7.11776e-005 9 16.5 -3
5.49425e-005 9.5 16.5 -3.5
8.22113e-005 9 16.5 -3.5
3.08175e-005 -6 -15.5 -17.5
7.98225e-005 -6 -15 -17.5
0.000131836 -6 -14.5 -17.5
3.06761e-005 -6.5 -14.5 -17.5
4.48068e-005 9.5 16.5 -4
8.80488e-005 9 16.5 -4
3.38374e-005 9.5 16.5 -4.5
9.25119e-005 9 16.5 -4.5
0.0001016 8.5 16.5 -4.5
0.00015557 -6 -14 -17.5
9.4482e-005 9 16.5 -5
0.000119852 8.5 16.5 -5
0.00013574 8.5 16.5 -5.5
9.76016e-005 8 16.5 -5.5
9.14281e-005 -6 -13 -17.5
0.000150474 -6 -13.5 -17.5
7.73653e-005 9 16.5 -6
0.000148255 8.5 16.5 -6
7.08859e-005 -5.5 -15 -17.5
0.000176349 -5.5 -14.5 -17.5
0.00028456 -5.5 -14 -17.5
0.000357378 -5.5 -13.5 -17.5
3.67204e-005 -6 -12.5 -17.5
0.000164565 8.5 16.5 -6.5
0.000177661 8 16.5 -6.5
0.000379646 -5.5 -13 -17.5
0.000217494 8 16.5 -7
0.00011653 7.5 16.5 -7
0.00025538 8 16.5 -7.5
0.000185001 7.5 16.5 -7.5
0.000268539 7.5 16.5 -8
0.000326662 8 16.5 -8.5
0.000349032 7.5 16.5 -8.5
0.000419075 7.5 16.5 -9
0.000615215 5.5 12.5 -17
0.00104997 5 12.5 -17
0.00030216 -5.5 -12.5 -17.5
0.000350211 5.5 12 -17
0.000895727 5 12 -17
0.000950474 4.5 12 -17
6.44635e-005 -5.5 -11.5 -17.5
0.000174912 -5.5 -12 -17.5
8.31813e-005 -5 -14.5 -17.5
0.000224129 -5 -14 -17.5
0.000390611 -5 -13.5 -17.5
0.000492943 -5 -13 -17.5
0.000520935 -5 -12.5 -17.5
0.00045773 -5 -12 -17.5
0.000644027 5 11.5 -17
0.000931364 4.5 11.5 -17
0.000323349 5 11 -17
0.000648795 4.5 11 -17
0.00034094 -5 -11.5 -17.5
0.000101665 5 10.5 -17
0.000181224 -5 -11 -17.5
3.89344e-005 -4.5 -14 -17.5
0.000122999 -4.5 -13.5 -17.5
0.00026413 -4.5 -13 -17.5
6.14278e-005 -5 -10.5 -17.5
0.000378906 4.5 10.5 -17
0.000467232 4 10.5 -17
2.19628e-005 5 10 -17
0.000139389 4.5 10 -17
0.000225323 4 10 -17
3.55598e-005 4.5 9.5 -17
9.01547e-005 4 9.5 -17
9.30044e-005 3.5 9.5 -17
0.000487469 -4.5 -12 -17.5
0.000486681 -4.5 -11.5 -17.5
0.000355987 -4.5 -11 -17.5
0.000215826 -4.5 -10.5 -17.5
9.014e-005 -4.5 -10 -17.5
2.50812e-005 -4.5 -9.5 -17.5
0.00041139 -4.5 -12.5 -17.5
2.24569e-005 3.5 9 -17
7.35975e-005 -4 -12.5 -17.5
0.000154098 -4 -12 -17.5
0.000230946 -4 -11.5 -17.5
0.000263416 -4 -11 -17.5
0.000257723 -4 -10.5 -17.5
0.000132668 -4 -10 -17.5
5.44187e-005 -4 -9.5 -17.5
2.70565e-005 -4 -13 -17.5
2.10776e-005 -3.5 -11.5 -17.5
3.93162e-005 -3.5 -11 -17.5
5.70118e-005 -3.5 -10.5 -17.5
6.24093e-005 -3.5 -10 -17.5
4.25688e-005 -3.5 -9.5 -17.5
4.31219e-005 3 8.5 -17.5
2.30835e-005 4 8.5 -17.5
0.00010109 4 9 -17.5
3.25082e-005 3 10 -17.5
0.000325477 3.5 10 -17.5
0.000274876 3.5 10.5 -17.5
2.86157e-005 5 10 -17.5
0.000168245 3.5 11 -17.5
7.92053e-005 3.5 11.5 -17.5
0.000685587 4 11.5 -17.5
2.07123e-005 3.5 12 -17.5
0.000429023 4 12 -17.5
0.000109229 5.5 11.5 -17.5
0.000192926 4 12.5 -17.5
0.000905354 4.5 12.5 -17.5
6.06028e-005 4 13 -17.5
0.000567187 4.5 13 -17.5
4.46984e-005 6 12.5 -17.5
0.000244009 4.5 13.5 -17.5
0.000113272 6 13 -17.5
4.5531e-005 4.5 14 -17.5
0.00030219 5 14 -17.5
6.74987e-005 5 14.5 -17.5
2.37017e-005 7 17 -15
4.22323e-005 6 15 -17.5
2.6062e-005 5.5 15 -17.5
5.88964e-005 6.5 17 -14.5
3.87548e-005 7.5 17 -14.5
8.58651e-005 7 17 -14.5
0.000121233 6 14.5 -17.5
0.000172777 5.5 14.5 -17.5
0.000126616 6.5 17 -14
9.81199e-005 7.5 17 -14
0.000179267 7 17 -14
0.000193248 6.5 17 -13.5
2.44521e-005 8 17 -13.5
0.000182499 7.5 17 -13.5
0.000283007 7 17 -13.5
0.000176766 6 14 -17.5
0.000369776 5.5 14 -17.5
0.000244736 6.5 17 -13
6.42356e-005 8 17 -13
0.000283684 7.5 17 -13
0.000386982 7 17 -13
0.000243031 6.5 17 -12.5
0.000180897 6 13.5 -17.5
0.000125143 8 17 -12.5
0.000221777 6.5 17 -12
0.000387372 7.5 17 -12.5
0.000473966 7 17 -12.5
0.000531191 5.5 13.5 -17.5
0.000623024 5 13.5 -17.5
0.000203834 8 17 -12
0.000180395 6.5 17 -11.5
0.000475977 7.5 17 -12
0.000528853 7 17 -12
3.03974e-005 8.5 17 -11.5
0.000290521 8 17 -11.5
0.000130245 6.5 17 -11
0.000531274 7.5 17 -11.5
0.000537374 7 17 -11.5
0.000591486 5.5 13 -17.5
0.000863403 5 13 -17.5
0.000506907 7 17 -11
5.87476e-005 8.5 17 -11
8.5203e-005 6.5 17 -10.5
0.000372015 8 17 -11
0.000564354 7.5 17 -11
0.000425378 7 17 -10.5
4.84573e-005 6.5 17 -10
0.000104966 8.5 17 -10.5
0.000327498 7 17 -10
0.000438182 8 17 -10.5
0.000573529 7.5 17 -10.5
2.62441e-005 6.5 17 -9.5
0.000158199 8.5 17 -10
0.000233524 7 17 -9.5
0.00047781 8 17 -10
0.000553985 7.5 17 -10
0.000151015 7 17 -9
0.000214113 8.5 17 -9.5
0.000485616 8 17 -9.5
0.000506927 7.5 17 -9.5
0.000520368 5.5 12.5 -17.5
0.000955292 5 12.5 -17.5
2.7308e-005 9 17 -9
8.68759e-005 7 17 -8.5
0.000261103 8.5 17 -9
0.000477185 8 17 -9
5.15245e-005 9 17 -8.5
4.38035e-005 7 17 -8
0.00026108 7.5 17 -8
0.000295652 8.5 17 -8.5
8.25461e-005 9 17 -8
0.000177535 7.5 17 -7.5
0.000317152 8.5 17 -8
0.000115881 9 17 -7.5
0.000110521 7.5 17 -7
0.000149778 9 17 -7
5.82975e-005 7.5 17 -6.5
0.000313485 8.5 17 -7
0.000176969 9 17 -6.5
2.88943e-005 7.5 17 -6
0.000124202 8 17 -5.5
3.73048e-005 9.5 17 -6
3.43198e-005 8 17 -4.5
8.28284e-005 9.5 17 -5
0.00019969 9 17 -5
0.000127359 8.5 17 -4
7.8583e-005 8.5 17 -3.5
4.39031e-005 8.5 17 -3
3.52876e-005 10 17 -3.5
0.000115391 9 17 -2.5
7.57374e-005 9 17 -2
4.33861e-005 9 17 -1.5
8.58109e-005 9.5 17 -1
4.77624e-005 9.5 17 -0.5
3.09124e-005 10.5 17 0
4.35861e-005 10 17 0
4.46811e-005 10.5 17 -0.5
8.10455e-005 10 17 -0.5
4.38505e-005 10.5 17 -1
9.36302e-005 10 17 -1
2.76176e-005 10.5 17 -1.5
9.7136e-005 10 17 -1.5
0.00011414 9.5 17 -1.5
9.17262e-005 10 17 -2
0.000128964 9.5 17 -2
3.10099e-005 -6 -15 -18
6.01497e-005 -6 -14.5 -18
7.42731e-005 10 17 -2.5
0.000136059 9.5 17 -2.5
5.58784e-005 10 17 -3
0.00013752 9.5 17 -3
0.00014586 9 17 -3
0.000137293 9.5 17 -3.5
0.000164928 9 17 -3.5
8.19039e-005 -6 -14 -18
0.000122908 9.5 17 -4
0.0001817 9 17 -4
0.000105317 9.5 17 -4.5
0.000191242 9 17 -4.5
0.000175734 8.5 17 -4.5
5.0151e-005 -6 -13 -18
8.24228e-005 -6 -13.5 -18
0.00021275 8.5 17 -5
6.76613e-005 8 17 -5
5.88098e-005 9.5 17 -5.5
0.000202948 9 17 -5.5
0.000244577 8.5 17 -5.5
2.37389e-005 -5.5 -15 -18
9.02169e-005 -5.5 -14.5 -18
0.000175192 -5.5 -14 -18
0.000250189 -5.5 -13.5 -18
2.01916e-005 -6 -12.5 -18
0.000193754 9 17 -6
0.000279497 -5.5 -13 -18
0.000273787 8.5 17 -6
0.000190691 8 17 -6
0.000295143 8.5 17 -6.5
0.000264669 8 17 -6.5
0.000331143 8 17 -7
0.000324638 8.5 17 -7.5
0.000383765 8 17 -7.5
0.000429211 8 17 -8
0.000257503 -5.5 -12.5 -18
0.000461267 8 17 -8.5
0.000348121 7.5 17 -8.5
0.000436091 7.5 17 -9
0.00030594 5.5 12 -17.5
4.00011e-005 -5 -14.5 -18
0.000148804 -5 -14 -18
0.000298706 -5 -13.5 -18
0.000421496 -5 -13 -18
0.000480516 -5 -12.5 -18
0.000492839 -5 -12 -18
5.79695e-005 -5.5 -11.5 -18
0.000152671 -5.5 -12 -18
0.000963487 5 12 -17.5
0.00105729 4.5 12 -17.5
0.000372057 -5 -11.5 -18
0.00069518 5 11.5 -17.5
0.00108455 4.5 11.5 -17.5
0.000382967 5 11 -17.5
0.000873514 4.5 11 -17.5
0.000812827 4 11 -17.5
0.000217021 -5 -11 -18
8.08748e-005 -5 -10.5 -18
2.60325e-005 -4.5 -14 -18
0.000122411 -4.5 -13.5 -18
0.000282342 -4.5 -13 -18
0.000132021 5 10.5 -17.5
0.000606166 4.5 10.5 -17.5
0.0007954 4 10.5 -17.5
0.000282323 4.5 10 -17.5
0.000512469 4 10 -17.5
0.000456459 -4.5 -12.5 -18
8.80621e-005 4.5 9.5 -17.5
0.000549514 -4.5 -12 -18
0.000573821 -4.5 -11.5 -18
0.000491762 -4.5 -11 -18
0.000353083 -4.5 -10.5 -18
0.000183169 -4.5 -10 -18
6.42419e-005 -4.5 -9.5 -18
0.000277369 4 9.5 -17.5
0.000318017 3.5 9.5 -17.5
4.81635e-005 3 9.5 -17.5
0.000146141 3.5 9 -17.5
5.61625e-005 3 9 -17.5
3.03414e-005 -4 -13 -18
5.47125e-005 3.5 8.5 -17.5
0.000226815 -4 -12 -18
0.000363894 -4 -11.5 -18
0.000446017 -4 -11 -18
8.11251e-005 -4 -9 -18
0.000452636 -4 -10.5 -18
0.000319935 -4 -10 -18
0.000185165 -4 -9.5 -18
2.01396e-005 -4 -8.5 -18
9.69467e-005 -4 -12.5 -18
4.03746e-005 -3.5 -11.5 -18
9.01997e-005 -3.5 -11 -18
0.000160101 -3.5 -10.5 -18
0.000196366 -3.5 -10 -18
0.000199695 -3.5 -9.5 -18
0.00010844 -3.5 -9 -18
4.69233e-005 -3.5 -8.5 -18
2.73438e-005 -3 -9.5 -18
3.16636e-005 -3 -9 -18
3.04118e-005 -3 -8.5 -18
2.7384e-005 2.5 7.5 -18
2.55253e-005 2.5 8 -18
8.22341e-005 3.5 8 -18
7.93275e-005 4 8.5 -18
3.26042e-005 4.5 9 -18
0.000253604 4 9 -18
0.000406709 3.5 9 -18
3.78379e-005 3 10.5 -18
2.75687e-005 5 10 -18
0.00048666 3.5 10.5 -18
0.0002748 3.5 11 -18
0.000118966 3.5 11.5 -18
0.000820104 4 11.5 -18
3.75025e-005 3.5 12 -18
0.000493358 4 12 -18
0.00020962 4 12.5 -18
0.00082535 4.5 12.5 -18
0.0002102 5.5 12 -18
5.36677e-005 4 13 -18
0.00045693 4.5 13 -18
0.000159177 4.5 13.5 -18
4.88144e-005 6 13 -18
0.000142997 5 14 -18
3.12375e-005 6 14.5 -18
4.84375e-005 5.5 14.5 -18
3.27834e-005 7.5 17.5 -14
3.44096e-005 7 17.5 -14
4.26839e-005 6.5 17.5 -13
8.35772e-005 7.5 17.5 -13.5
9.30802e-005 7 17.5 -13.5
6.76841e-005 6 14 -18
0.000173048 5.5 14 -18
5.58351e-005 8 17.5 -13
5.96234e-005 6.5 17.5 -12.5
0.000158301 7.5 17.5 -13
0.000167437 7 17.5 -13
0.000239746 7 17.5 -12.5
7.63573e-005 6 13.5 -18
6.54672e-005 6.5 17.5 -12
0.000115152 8 17.5 -12.5
0.000247114 7.5 17.5 -12.5
0.000309858 5.5 13.5 -18
0.00039239 5 13.5 -18
0.000287436 7 17.5 -12
5.93984e-005 6.5 17.5 -11.5
0.000190004 8 17.5 -12
0.000339179 7.5 17.5 -12
0.000311728 7 17.5 -11.5
5.21418e-005 8.5 17.5 -11.5
4.73988e-005 6.5 17.5 -11
0.000272509 8 17.5 -11.5
0.000415114 7.5 17.5 -11.5
0.000299966 7 17.5 -11
0.000369155 5.5 13 -18
0.000637334 5 13 -18
3.38419e-005 6.5 17.5 -10.5
0.000100361 8.5 17.5 -11
0.000260885 7 17.5 -10.5
0.000353044 8 17.5 -11
0.000469134 7.5 17.5 -11
0.00015986 8.5 17.5 -10.5
0.000200495 7 17.5 -10
0.000422271 8 17.5 -10.5
0.000501696 7.5 17.5 -10.5
0.000229814 8.5 17.5 -10
0.000139857 7 17.5 -9.5
0.000461908 8 17.5 -10
0.000491767 7.5 17.5 -10
0.000362515 5.5 12.5 -18
0.00079082 5 12.5 -18
0.000456918 7.5 17.5 -9.5
3.93931e-005 9 17.5 -9.5
9.04057e-005 7 17.5 -9
0.000297672 8.5 17.5 -9.5
0.000476403 8 17.5 -9.5
0.000387103 7.5 17.5 -9
7.76057e-005 9 17.5 -9
5.18234e-005 7 17.5 -8.5
0.000303876 7.5 17.5 -8.5
0.000352539 8.5 17.5 -9
0.000481198 8 17.5 -9
2.82983e-005 7 17.5 -8
0.000121116 9 17.5 -8.5
0.000221439 7.5 17.5 -8
0.000390392 8.5 17.5 -8.5
0.000468872 8 17.5 -8.5
0.000145997 7.5 17.5 -7.5
0.000169736 9 17.5 -8
0.000407066 8.5 17.5 -8
8.07327e-005 7.5 17.5 -7
4.18075e-005 9.5 17.5 -7
4.27317e-005 7.5 17.5 -6.5
0.000252486 9 17.5 -7
0.000392154 8.5 17.5 -7
7.14202e-005 9.5 17.5 -6.5
0.000173795 8 17.5 -6
0.000280383 9 17.5 -6.5
0.000106808 9.5 17.5 -6
0.000111678 8 17.5 -5.5
0.000142646 9.5 17.5 -5.5
3.02385e-005 8 17.5 -4.5
0.000175833 8.5 17.5 -4.5
0.000171284 9.5 17.5 -5
3.89474e-005 10 17.5 -4.5
7.0323e-005 8.5 17.5 -3.5
6.40878e-005 10 17.5 -4
0.000204301 9.5 17.5 -4
3.80297e-005 8.5 17.5 -3
9.11798e-005 10 17.5 -3.5
0.000116439 9 17.5 -2.5
6.97492e-005 9 17.5 -2
2.73571e-005 10.5 17.5 -2.5
3.61359e-005 9 17.5 -1.5
4.29093e-005 10.5 17.5 -2
8.64578e-005 9.5 17.5 -1
4.21156e-005 9.5 17.5 -0.5
3.96245e-005 10.5 17.5 0
4.31695e-005 10 17.5 0
6.31818e-005 10.5 17.5 -0.5
8.96907e-005 10 17.5 -0.5
6.76837e-005 10.5 17.5 -1
0.000115307 10 17.5 -1
6.03175e-005 10.5 17.5 -1.5
0.000126787 10 17.5 -1.5
0.000127857 9.5 17.5 -1.5
0.000133545 10 17.5 -2
0.000156297 9.5 17.5 -2
3.46304e-005 -6 -14 -18.5
0.000132482 10 17.5 -2.5
0.000179483 9.5 17.5 -2.5
0.00011346 10 17.5 -3
0.000194031 9.5 17.5 -3
0.00016612 9 17.5 -3
0.000201223 9.5 17.5 -3.5
0.000209053 9 17.5 -3.5
3.66637e-005 -6 -13.5 -18.5
3.27373e-005 -5.5 -14.5 -18.5
8.56387e-005 -5.5 -14 -18.5
0.000142985 -5.5 -13.5 -18.5
2.03286e-005 -6 -13 -18.5
0.000241423 9 17.5 -4
0.000119347 8.5 17.5 -4
0.000191264 9.5 17.5 -4.5
0.000267479 9 17.5 -4.5
0.000284656 9 17.5 -5
0.000240439 8.5 17.5 -5
5.97521e-005 8 17.5 -5
0.000169291 -5.5 -12.5 -18.5
0.000170581 -5.5 -13 -18.5
0.00029388 9 17.5 -5.5
0.000299488 8.5 17.5 -5.5
0.000299425 9 17.5 -6
0.000340814 8.5 17.5 -6
0.000372943 8.5 17.5 -6.5
0.000248441 8 17.5 -6.5
0.000322464 8 17.5 -7
0.000215794 9 17.5 -7.5
0.000102557 -5.5 -12 -18.5
0.000400764 8.5 17.5 -7.5
0.000387462 8 17.5 -7.5
0.000435847 8 17.5 -8
7.12377e-005 -5 -14 -18.5
0.000184918 -5 -13.5 -18.5
0.000304256 -5 -13 -18.5
0.000389759 -5 -12.5 -18.5
4.27972e-005 -5.5 -11.5 -18.5
0.00042355 -5 -12 -18.5
0.000840483 5 12 -18
0.001049 4.5 12 -18
7.96525e-005 5.5 11.5 -18
0.000350388 -5 -11.5 -18.5
0.000658688 5 11.5 -18
0.00112069 4.5 11.5 -18
0.00038106 5 11 -18
0.000214026 -5 -11 -18.5
0.000986946 4.5 11 -18
0.00104011 4 11 -18
7.95925e-005 -5 -10.5 -18.5
7.68229e-005 -4.5 -13.5 -18.5
0.000222777 -4.5 -13 -18.5
0.000133146 5 10.5 -18
0.000742396 4.5 10.5 -18
0.00106816 4 10.5 -18
0.000408154 4.5 10 -18
0.000841785 4 10 -18
0.000413081 -4.5 -12.5 -18.5
0.000621239 3.5 10 -18
8.5517e-005 3 10 -18
0.000141481 4.5 9.5 -18
0.000543912 -4.5 -12 -18.5
0.00059098 -4.5 -11.5 -18.5
0.000554904 -4.5 -11 -18.5
0.000434995 -4.5 -10.5 -18.5
0.000104001 -4.5 -9.5 -18.5
0.000262715 -4.5 -10 -18.5
2.62569e-005 -4.5 -9 -18.5
0.000533959 4 9.5 -18
0.000649604 3.5 9.5 -18
0.000159512 3 9.5 -18
0.000219906 3 9 -18
0.000215293 3.5 8.5 -18
0.0002241 3 8.5 -18
0.000108952 3 8 -18
2.76714e-005 -4 -13 -18.5
0.00010523 -4 -12.5 -18.5
0.00025624 -4 -12 -18.5
0.000434513 -4 -11.5 -18.5
0.000574534 -4 -11 -18.5
0.000202485 -4 -9 -18.5
0.000606635 -4 -10.5 -18.5
0.000533199 -4 -10 -18.5
0.000357754 -4 -9.5 -18.5
7.57832e-005 -4 -8.5 -18.5
4.16711e-005 3 7.5 -18
2.02217e-005 -3.5 -12 -18.5
9.33571e-005 -3.5 -8 -18.5
6.18935e-005 -3.5 -11.5 -18.5
0.000149643 -3.5 -11 -18.5
0.000271823 -3.5 -10.5 -18.5
0.000377102 -3.5 -10 -18.5
0.000413206 -3.5 -9.5 -18.5
0.000311729 -3.5 -9 -18.5
0.000192218 -3.5 -8.5 -18.5
2.64527e-005 -3.5 -7.5 -18.5
4.51467e-005 -3 -10 -18.5
8.63134e-005 -3 -9.5 -18.5
0.00013695 -3 -9 -18.5
0.000151392 -3 -8.5 -18.5
0.000121487 -3 -8 -18.5
5.2479e-005 -3 -7.5 -18.5
2.13415e-005 -3 -7 -18.5
2.28379e-005 -2.5 -7 -18.5
2.30832e-005 -2.5 -8 -18.5
2.7881e-005 -2.5 -7.5 -18.5
2.4175e-005 2 6.5 -18.5
0.000130423 2.5 8 -18.5
8.04458e-005 3.5 7.5 -18.5
3.64361e-005 4 8 -18.5
3.93087e-005 2.5 9 -18.5
0.000160997 4 8.5 -18.5
4.05601e-005 4.5 9 -18.5
0.00043345 4 9 -18.5
0.000786626 3.5 9 -18.5
0.000161302 3 10 -18.5
6.32444e-005 3 10.5 -18.5
2.18882e-005 5 10 -18.5
0.000685116 3.5 10.5 -18.5
0.000373152 3.5 11 -18.5
0.00014924 3.5 11.5 -18.5
0.000872756 4 11.5 -18.5
4.0639e-005 3.5 12 -18.5
0.000505974 4 12 -18.5
4.73984e-005 5.5 11.5 -18.5
0.000198095 4 12.5 -18.5
0.00012042 5.5 12 -18.5
2.70064e-005 4 13 -18.5
0.000285988 4.5 13 -18.5
6.14233e-005 4.5 13.5 -18.5
4.61775e-005 5.5 14 -18.5
2.96321e-005 5 14 -18.5
3.77052e-005 7.5 18 -13
4.16602e-005 7 18 -12.5
5.97438e-005 8 18 -12.5
8.85802e-005 7.5 18 -12.5
6.84772e-005 7 18 -12
0.000127617 5.5 13.5 -18.5
0.000175334 5 13.5 -18.5
9.31318e-005 7 18 -11.5
0.00011945 8 18 -12
0.000154095 7.5 18 -12
0.000103006 7 18 -11
5.03276e-005 8.5 18 -11.5
0.000186806 8 18 -11.5
0.0002209 7.5 18 -11.5
0.000187479 5.5 13 -18.5
0.000376996 5 13 -18.5
9.43521e-005 7 18 -10.5
9.81225e-005 8.5 18 -11
0.000254436 8 18 -11
0.000275136 7.5 18 -11
7.70063e-005 7 18 -10
0.000157341 8.5 18 -10.5
0.00031665 8 18 -10.5
0.000320663 7.5 18 -10.5
0.000311711 7.5 18 -10
3.49766e-005 9 18 -10
5.44801e-005 7 18 -9.5
0.000222544 8.5 18 -10
0.000370782 8 18 -10
0.00019359 5.5 12.5 -18.5
0.000287163 7.5 18 -9.5
0.000539904 5 12.5 -18.5
0.000612303 4.5 12.5 -18.5
7.17086e-005 9 18 -9.5
3.70127e-005 7 18 -9
0.000245073 7.5 18 -9
0.000285742 8.5 18 -9.5
0.000404879 8 18 -9.5
0.000116652 9 18 -9
0.000188112 7.5 18 -8.5
0.000340293 8.5 18 -9
0.000422164 8 18 -9
0.00013182 7.5 18 -8
0.000170502 9 18 -8.5
0.000374999 8.5 18 -8.5
0.000413072 8 18 -8.5
2.66761e-005 9.5 18 -8
8.44969e-005 7.5 18 -7.5
0.000226748 9 18 -8
0.000389089 8.5 18 -8
0.000335515 8 18 -7.5
0.000386566 8 18 -8
4.98907e-005 9.5 18 -7.5
4.76484e-005 7.5 18 -7
0.000265566 8 18 -7
0.000271829 9 18 -7.5
8.37448e-005 9.5 18 -7
0.000190434 8 18 -6.5
0.000126565 8 18 -6
0.000123851 9.5 18 -6.5
0.000320329 9 18 -6.5
7.13664e-005 8 18 -5.5
3.36464e-005 10 18 -5.5
3.83485e-005 8 18 -5
0.000200368 9.5 18 -5.5
0.000301773 9 18 -5.5
5.94463e-005 10 18 -5
9.32629e-005 8.5 18 -4
0.000233735 9 18 -4
8.55194e-005 10 18 -4.5
5.00428e-005 8.5 18 -3.5
0.000131686 10 18 -3.5
0.000139367 9 18 -3
3.19016e-005 10.5 18 -3
9.07172e-005 9 18 -2.5
0.000147194 10 18 -3
4.85057e-005 10.5 18 -2.5
9.98623e-005 9.5 18 -1.5
6.43033e-005 10.5 18 -2
5.39704e-005 9.5 18 -1
4.69949e-005 10.5 18 -0.5
5.4861e-005 10 18 -0.5
6.74631e-005 10.5 18 -1
9.72657e-005 10 18 -1
7.16907e-005 10.5 18 -1.5
0.000122799 10 18 -1.5
0.000137123 10 18 -2
0.000141717 9.5 18 -2
4.91917e-005 9 18 -2
2.77527e-005 -5.5 -14 -19
6.02004e-005 -5.5 -13.5 -19
0.00014617 10 18 -2.5
0.000171318 9.5 18 -2.5
0.00019596 9.5 18 -3
0.000214039 9.5 18 -3.5
0.000193141 9 18 -3.5
8.28779e-005 -5.5 -13 -19
0.000110942 10 18 -4
0.000228357 9.5 18 -4
0.000235171 9.5 18 -4.5
0.000265812 9 18 -4.5
0.000147442 8.5 18 -4.5
0.00022651 9.5 18 -5
0.000288715 9 18 -5
0.00021226 8.5 18 -5
0.000274993 8.5 18 -5.5
5.53855e-005 -5.5 -12 -19
8.67563e-005 -5.5 -12.5 -19
0.000165481 9.5 18 -6
0.000313817 9 18 -6
0.000322699 8.5 18 -6
0.000358692 8.5 18 -6.5
8.29718e-005 -5 -13.5 -19
0.000172342 -5 -13 -19
0.000252906 -5 -12.5 -19
2.42186e-005 -5.5 -11.5 -19
0.000303485 9 18 -7
0.000382405 8.5 18 -7
0.000389844 8.5 18 -7.5
0.000289877 -5 -12 -19
0.000607918 5 12 -18.5
0.000868575 4.5 12 -18.5
0.0002814 -5 -11.5 -19
0.000541631 5 11.5 -18.5
0.000989357 4.5 11.5 -18.5
0.000170486 -5 -11 -19
0.000316669 5 11 -18.5
7.197e-005 -5 -10.5 -19
2.93631e-005 -4.5 -13.5 -19
0.000132596 -4.5 -13 -19
0.00101015 4.5 11 -18.5
0.00111459 4 11 -18.5
0.000119223 5 10.5 -18.5
0.000289606 -4.5 -12.5 -19
0.000776193 4.5 10.5 -18.5
0.00118191 4 10.5 -18.5
0.000459604 4.5 10 -18.5
0.0010542 4 10 -18.5
0.000432016 -4.5 -12 -19
0.000522876 -4.5 -11.5 -19
0.000549371 -4.5 -11 -19
0.000454742 -4.5 -10.5 -19
0.000287981 -4.5 -10 -19
0.000121749 -4.5 -9.5 -19
3.14425e-005 -4.5 -9 -19
0.000931157 3.5 10 -18.5
0.00016819 4.5 9.5 -18.5
0.000776255 4 9.5 -18.5
0.000996363 3.5 9.5 -18.5
0.000327114 3 9.5 -18.5
0.000489137 3 9 -18.5
0.000497979 3.5 8.5 -18.5
0.000540559 3 8.5 -18.5
7.99697e-005 2.5 8.5 -18.5
9.29035e-005 -4 -12.5 -19
0.000253214 -4 -12 -19
3.71404e-005 -4 -8 -19
0.000458667 -4 -11.5 -19
0.000142251 -4 -8.5 -19
0.000615138 -4 -11 -19
0.000662594 -4 -10.5 -19
0.000653493 -4 -10 -19
0.000503397 -4 -9.5 -19
0.000320801 -4 -9 -19
2.959e-005 -3.5 -7 -19
2.0363e-005 -3.5 -12 -19
7.75156e-005 -3.5 -11.5 -19
0.000393779 -3.5 -8.5 -19
0.000203657 -3.5 -11 -19
0.000389978 -3.5 -10.5 -19
0.000554941 -3.5 -10 -19
0.000618194 -3.5 -9.5 -19
0.000572685 -3.5 -9 -19
0.000253337 -3.5 -8 -19
0.000102006 -3.5 -7.5 -19
0.000260417 3.5 8 -18.5
0.000382883 3 8 -18.5
0.000212889 3 7.5 -18.5
0.0001527 2.5 7.5 -18.5
9.19938e-005 3 7 -18.5
0.000122222 2.5 7 -18.5
2.29827e-005 3 6.5 -18.5
4.85493e-005 2.5 6.5 -18.5
2.03528e-005 2.5 6 -18.5
0.000128261 -3 -7 -19
3.41901e-005 -3 -10.5 -19
9.68103e-005 -3 -10 -19
0.000210247 -3 -9.5 -19
0.000328951 -3 -9 -19
0.000385794 -3 -8.5 -19
0.000360964 -3 -8 -19
0.00022703 -3 -7.5 -19
5.21998e-005 -3 -6.5 -19
2.40988e-005 2 6 -18.5
4.77065e-005 -2.5 -6 -19
0.000148657 -2.5 -7 -19
2.45185e-005 -2.5 -9 -19
5.68002e-005 -2.5 -8.5 -19
0.000104427 -2.5 -8 -19
0.000145146 -2.5 -7.5 -19
8.98489e-005 -2.5 -6.5 -19
3.40383e-005 -2 -6 -19
2.5779e-005 -2 -6.5 -19
3.35633e-005 -2 -5.5 -19
2.41791e-005 1.5 5.5 -19
0.000143627 2 6.5 -19
2.88796e-005 3 6 -19
0.000425883 2.5 7.5 -19
4.46292e-005 2 7.5 -19
4.56827e-005 3.5 7 -19
0.000337865 2.5 8 -19
0.000825362 3 8 -19
5.51087e-005 4 8 -19
0.00018217 2.5 8.5 -19
0.000226106 4 8.5 -19
7.70315e-005 2.5 9 -19
3.54597e-005 4.5 9 -19
0.000546646 4 9 -19
0.00114334 3.5 9 -19
0.000162239 4.5 9.5 -19
7.77991e-005 3 10.5 -19
0.000779216 3.5 10.5 -19
0.000411109 3.5 11 -19
0.000153148 3.5 11.5 -19
0.000761181 4 11.5 -19
0.000390421 4 12 -19
0.000120875 4 12.5 -19
5.0503e-005 5.5 12 -19
0.000117924 4.5 13 -19
2.54367e-005 5.5 13.5 -19
3.78007e-005 5 13.5 -19
2.4601e-005 8 18.5 -12
4.26589e-005 7.5 18.5 -11.5
6.40736e-005 8 18.5 -11.5
7.36825e-005 7.5 18.5 -11
6.4799e-005 5.5 13 -19
0.000152794 5 13 -19
5.81765e-005 8.5 18.5 -11
0.000111733 8 18.5 -11
0.00010224 7.5 18.5 -10.5
0.000107386 8.5 18.5 -10.5
0.000159793 8 18.5 -10.5
0.000113967 7.5 18.5 -10
3.4901e-005 9 18.5 -10
0.000107997 7.5 18.5 -9.5
0.000159566 8.5 18.5 -10
0.00020538 8 18.5 -10
7.59611e-005 5.5 12.5 -19
0.000288832 5 12.5 -19
0.000349994 4.5 12.5 -19
9.26276e-005 7.5 18.5 -9
6.87596e-005 9 18.5 -9.5
0.000208859 8.5 18.5 -9.5
0.000239474 8 18.5 -9.5
7.12869e-005 7.5 18.5 -8.5
0.000111894 9 18.5 -9
0.000252549 8.5 18.5 -9
0.000265259 8 18.5 -9
0.000258285 8 18.5 -8.5
4.81568e-005 7.5 18.5 -8
0.000232137 8 18.5 -8
0.000161439 9 18.5 -8.5
0.000287133 8.5 18.5 -8.5
2.91253e-005 7.5 18.5 -7.5
4.15664e-005 9.5 18.5 -8
0.000190805 8 18.5 -7.5
0.00020959 9 18.5 -8
0.000309365 8.5 18.5 -8
0.000143873 8 18.5 -7
7.39002e-005 9.5 18.5 -7.5
0.000249257 9 18.5 -7.5
0.00010094 8 18.5 -6.5
0.000110809 9.5 18.5 -7
6.0165e-005 8 18.5 -6
0.000149257 9.5 18.5 -6.5
0.000282677 9 18.5 -6.5
3.3347e-005 8 18.5 -5.5
2.90387e-005 10 18.5 -6
0.000178764 9.5 18.5 -6
0.000189154 8.5 18.5 -5.5
5.08553e-005 10 18.5 -5.5
0.000131263 8.5 18.5 -5
0.00019984 9.5 18.5 -5.5
8.38851e-005 8.5 18.5 -4.5
7.78001e-005 10 18.5 -5
4.58435e-005 8.5 18.5 -4
0.00010527 10 18.5 -4.5
0.000213241 9.5 18.5 -4.5
0.000124963 10 18.5 -4
0.000126831 9 18.5 -3.5
2.85318e-005 10.5 18.5 -3.5
8.02704e-005 9 18.5 -3
0.000135474 10 18.5 -3.5
4.20368e-005 9 18.5 -2.5
4.07363e-005 10.5 18.5 -3
5.50078e-005 10.5 18.5 -2.5
0.000122842 10 18.5 -2.5
3.81889e-005 9.5 18.5 -1.5
2.9669e-005 10.5 18.5 -1
3.28022e-005 10 18.5 -1
5.29962e-005 10.5 18.5 -1.5
7.77053e-005 10 18.5 -1.5
5.82731e-005 10.5 18.5 -2
0.000105896 10 18.5 -2
8.35677e-005 9.5 18.5 -2
0.000127541 9.5 18.5 -2.5
2.93746e-005 -5.5 -13 -19.5
0.000133646 10 18.5 -3
0.000160362 9.5 18.5 -3
0.000187291 9.5 18.5 -3.5
2.41658e-005 -5.5 -12 -19.5
3.30061e-005 -5.5 -12.5 -19.5
0.000204271 9.5 18.5 -4
0.00018027 9 18.5 -4
0.000221859 9 18.5 -4.5
2.08979e-005 -5 -13.5 -19.5
6.6671e-005 -5 -13 -19.5
0.000124728 -5 -12.5 -19.5
0.000215883 9.5 18.5 -5
0.000251914 9 18.5 -5
0.000272631 9 18.5 -5.5
0.000281132 9 18.5 -6
0.000243918 8.5 18.5 -6
0.000283766 8.5 18.5 -6.5
0.00027409 9 18.5 -7
0.00030573 8.5 18.5 -7
0.000314217 8.5 18.5 -7.5
0.000165357 -5 -12 -19.5
0.000360159 5 12 -19
0.000594776 4.5 12 -19
0.000109258 -5 -11 -19.5
0.000170782 -5 -11.5 -19.5
0.000363883 5 11.5 -19
0.000765021 4.5 11.5 -19
4.89916e-005 -4.5 -13 -19.5
0.000153038 -4.5 -12.5 -19.5
5.04344e-005 -5 -10.5 -19.5
0.000216175 5 11 -19
0.00083917 4.5 11 -19
0.00102487 4 11 -19
8.64634e-005 5 10.5 -19
0.000692754 4.5 10.5 -19
0.00112622 4 10.5 -19
0.000276171 -4.5 -12 -19.5
0.000429077 4.5 10 -19
0.00111145 4 10 -19
0.000374587 -4.5 -11.5 -19.5
0.000425677 -4.5 -11 -19.5
0.000393549 -4.5 -10.5 -19.5
0.00025253 -4.5 -10 -19.5
0.000113533 -4.5 -9.5 -19.5
2.59475e-005 -4.5 -9 -19.5
0.00109239 3.5 10 -19
0.000222737 3 10 -19
0.00088159 4 9.5 -19
0.00117985 3.5 9.5 -19
0.000492235 3 9.5 -19
0.000766589 3 9 -19
0.00080062 3.5 8.5 -19
5.20606e-005 -4 -12.5 -19.5
0.000183558 -4 -12 -19.5
0.000377044 -4 -11.5 -19.5
0.000538598 -4 -11 -19.5
0.000627365 -4 -10.5 -19.5
0.00064456 -4 -10 -19.5
0.000576917 -4 -9.5 -19.5
0.000367948 -4 -9 -19.5
0.000180212 -4 -8.5 -19.5
5.02816e-005 -4 -8 -19.5
0.000902045 3 8.5 -19
0.000500346 3.5 8 -19
0.000192801 3.5 7.5 -19
0.000532537 3 7.5 -19
0.000303846 3 7 -19
5.73467e-005 -3.5 -7 -19.5
7.57015e-005 -3.5 -11.5 -19.5
0.000216681 -3.5 -11 -19.5
0.000431251 -3.5 -10.5 -19.5
0.000646006 -3.5 -10 -19.5
0.000732686 -3.5 -9.5 -19.5
0.000746979 -3.5 -9 -19.5
0.000595959 -3.5 -8.5 -19.5
0.000422667 -3.5 -8 -19.5
0.000201966 -3.5 -7.5 -19.5
0.000429785 2.5 7 -19
9.19358e-005 2 7 -19
0.000110878 3 6.5 -19
0.000248031 2.5 6.5 -19
0.000131633 2.5 6 -19
5.46252e-005 -3 -6 -19.5
0.000327812 -3 -7 -19.5
0.00063964 -3 -8.5 -19.5
4.03694e-005 -3 -10.5 -19.5
0.000125883 -3 -10 -19.5
0.000298421 -3 -9.5 -19.5
0.000503792 -3 -9 -19.5
0.000654294 -3 -8 -19.5
0.000501049 -3 -7.5 -19.5
0.000169481 -3 -6.5 -19.5
0.000152094 2 6 -19
3.65565e-005 -2.5 -5 -19.5
0.000204982 -2.5 -6 -19.5
0.000361439 -2.5 -7.5 -19.5
4.49472e-005 -2.5 -9 -19.5
0.000118158 -2.5 -8.5 -19.5
0.000241843 -2.5 -8 -19.5
0.000408721 -2.5 -7 -19.5
0.000324565 -2.5 -6.5 -19.5
0.000116954 -2.5 -5.5 -19.5
2.26002e-005 -2 -4 -19.5
4.76446e-005 2.5 5.5 -19
8.81277e-005 2 5.5 -19
4.31677e-005 2 5 -19
6.40568e-005 -2 -4.5 -19.5
0.000195884 -2 -6 -19.5
2.8602e-005 -2 -7.5 -19.5
7.52856e-005 -2 -7 -19.5
0.000151127 -2 -6.5 -19.5
0.000193932 -2 -5.5 -19.5
0.000118489 -2 -5 -19.5
3.18849e-005 1.5 5 -19
2.72297e-005 1.5 4.5 -19
8.28904e-005 -1.5 -4.5 -19.5
3.95251e-005 -1.5 -5.5 -19.5
7.18599e-005 -1.5 -5 -19.5
5.47621e-005 -1.5 -4 -19.5
2.43667e-005 -1.5 -3.5 -19.5
3.87022e-005 -1 -2.5 -19.5
3.58352e-005 -1 -3 -19.5
2.3607e-005 -1 -3.5 -19.5
3.0428e-005 -0.5 -1 -19.5
5.51596e-005 -0.5 -1.5 -19.5
8.13925e-005 0 0.5 -19.5
3.562e-005 0.5 2 -19.5
2.01105e-005 0.5 1.5 -19.5
3.3443e-005 1 2.5 -19.5
3.02778e-005 0.5 2.5 -19.5
2.26492e-005 1.5 3 -19.5
3.07774e-005 2 4 -19.5
0.000105376 1.5 4 -19.5
0.000117285 1.5 5.5 -19.5
5.34951e-005 2.5 5 -19.5
0.000400623 2 6.5 -19.5
7.40267e-005 3 6 -19.5
0.000844492 2.5 7.5 -19.5
0.000101673 2 7.5 -19.5
7.75288e-005 3.5 7 -19.5
3.18314e-005 2 8 -19.5
0.000642742 2.5 8 -19.5
5.89493e-005 4 8 -19.5
0.000332792 2.5 8.5 -19.5
0.000650134 3.5 8 -19.5
0.000229911 4 8.5 -19.5
2.45717e-005 4.5 9 -19.5
0.000260047 3 10 -19.5
8.76987e-005 3 10.5 -19.5
0.000730775 3.5 10.5 -19.5
0.000363057 3.5 11 -19.5
5.07135e-005 5 10.5 -19.5
0.000117198 3.5 11.5 -19.5
0.0002119 4 12 -19.5
2.83949e-005 4 12.5 -19.5
2.47057e-005 5 13 -19.5
2.37533e-005 8.5 19 -10.5
2.05957e-005 8 19 -10.5
5.25203e-005 8.5 19 -10
4.26489e-005 8 19 -10
9.66274e-005 5 12.5 -19.5
0.000124816 4.5 12.5 -19.5
6.17356e-005 8 19 -9.5
3.63755e-005 9 19 -9.5
8.47037e-005 8.5 19 -9.5
7.81047e-005 8 19 -9
8.27836e-005 8 19 -8.5
6.4719e-005 9 19 -9
0.000115874 8.5 19 -9
7.56241e-005 8 19 -8
0.00010105 9 19 -8.5
0.000142676 8.5 19 -8.5
3.65047e-005 9.5 19 -8
6.03698e-005 8 19 -7.5
0.000134227 9 19 -8
0.000160064 8.5 19 -8
6.4194e-005 9.5 19 -7.5
4.12998e-005 8 19 -7
0.000157824 9 19 -7.5
0.000166651 8.5 19 -7.5
0.000157803 8.5 19 -7
0.000133145 8.5 19 -6.5
9.32299e-005 9.5 19 -7
0.000173849 9 19 -7
0.000106609 8.5 19 -6
0.00012104 9.5 19 -6.5
3.28791e-005 10 19 -6
7.88642e-005 8.5 19 -5.5
5.07838e-005 10 19 -5.5
5.06958e-005 8.5 19 -5
0.000153764 9.5 19 -5.5
6.98859e-005 10 19 -5
0.000112902 9 19 -4.5
7.73912e-005 9 19 -4
8.62031e-005 10 19 -4.5
4.81321e-005 9 19 -3.5
2.5615e-005 10.5 19 -3.5
9.04852e-005 10 19 -3.5
4.43976e-005 9.5 19 -2.5
2.79995e-005 10.5 19 -2.5
3.09886e-005 10 19 -2
5.79511e-005 10 19 -2.5
3.04107e-005 10.5 19 -3
3.85176e-005 -5 -12.5 -20
7.73511e-005 10 19 -3
7.64309e-005 9.5 19 -3
0.000104123 9.5 19 -3.5
9.40813e-005 10 19 -4
0.000126345 9.5 19 -4
0.000141698 9.5 19 -4.5
6.71123e-005 -5 -12 -20
0.000149815 9.5 19 -5
0.000150619 9 19 -5
0.000171383 9 19 -5.5
0.000142619 9.5 19 -6
0.000181998 9 19 -6
0.000185009 9 19 -6.5
0.000161814 5 12 -19.5
0.000309799 4.5 12 -19.5
5.46322e-005 -5 -11 -20
7.50443e-005 -5 -11.5 -20
0.000178078 5 11.5 -19.5
0.000478693 4.5 11.5 -19.5
0.000514929 4 11.5 -19.5
4.69809e-005 -4.5 -12.5 -20
2.65206e-005 -5 -10.5 -20
0.000117877 5 11 -19.5
0.000560695 4.5 11 -19.5
0.000795882 4 11 -19.5
0.000546886 4.5 10.5 -19.5
0.000967979 4 10.5 -19.5
0.000126146 -4.5 -12 -20
0.000212764 -4.5 -11.5 -20
0.0002701 -4.5 -11 -20
0.000276299 -4.5 -10.5 -20
0.000183061 -4.5 -10 -20
8.53692e-005 -4.5 -9.5 -20
0.000331524 4.5 10 -19.5
0.00100697 4 10 -19.5
0.00108849 3.5 10 -19.5
0.000136689 4.5 9.5 -19.5
0.000856519 4 9.5 -19.5
0.0012218 3.5 9.5 -19.5
0.000595818 3 9.5 -19.5
0.000537909 4 9 -19.5
0.00123989 3.5 9 -19.5
8.39188e-005 -4 -12 -20
0.000226794 -4 -11.5 -20
0.000175058 -4 -8.5 -20
0.000385358 -4 -11 -20
0.000505666 -4 -10.5 -20
0.000542448 -4 -10 -20
0.000537266 -4 -9.5 -20
0.000353862 -4 -9 -20
4.73165e-005 -4 -8 -20
0.000960614 3 9 -19.5
0.000126402 2.5 9 -19.5
0.000968333 3.5 8.5 -19.5
0.00116892 3 8.5 -19.5
0.00117658 3 8 -19.5
7.51505e-005 -3.5 -7 -20
4.95172e-005 -3.5 -11.5 -20
0.000680528 -3.5 -8.5 -20
0.000172069 -3.5 -11 -20
0.00037427 -3.5 -10.5 -20
0.000599242 -3.5 -10 -20
0.000733076 -3.5 -9.5 -20
0.000776547 -3.5 -9 -20
0.000498057 -3.5 -8 -20
0.00027188 -3.5 -7.5 -20
0.000300831 3.5 7.5 -19.5
0.000877267 3 7.5 -19.5
0.00060089 3 7 -19.5
0.000869763 2.5 7 -19.5
0.000233075 2 7 -19.5
0.000112892 -3 -6 -20
0.0005483 -3 -7 -20
4.0427e-005 -3 -10.5 -20
0.000133646 -3 -10 -20
0.000331638 -3 -9.5 -20
0.000585551 -3 -9 -20
0.000794791 -3 -8.5 -20
0.00084947 -3 -8 -20
0.000786294 -3 -7.5 -20
0.000317796 -3 -6.5 -20
2.28903e-005 -3 -5.5 -20
0.000264624 3 6.5 -19.5
0.000627597 2.5 6.5 -19.5
0.000393794 2.5 6 -19.5
0.000465583 2 6 -19.5
5.3355e-005 1.5 6 -19.5
2.37521e-005 -2.5 -4.5 -20
0.000112388 -2.5 -5 -20
0.000483821 -2.5 -6 -20
0.000626299 -2.5 -7.5 -20
6.21381e-005 -2.5 -9 -20
0.000183364 -2.5 -8.5 -20
0.000407126 -2.5 -8 -20
0.000730879 -2.5 -7 -20
0.000701452 -2.5 -6.5 -20
0.000304228 -2.5 -5.5 -20
0.000194008 2.5 5.5 -19.5
0.000368811 2 5.5 -19.5
0.000214911 2 5 -19.5
0.000174167 1.5 5 -19.5
0.000107568 2 4.5 -19.5
2.21471e-005 -2 -3.5 -20
9.62224e-005 -2 -4 -20
0.000223575 -2 -4.5 -20
0.000526357 -2 -6 -20
6.44186e-005 -2 -7.5 -20
0.000184068 -2 -7 -20
0.000387255 -2 -6.5 -20
0.000542934 -2 -5.5 -20
0.000382948 -2 -5 -20
3.02568e-005 -1.5 -2.5 -20
0.000180233 1.5 4.5 -19.5
2.58604e-005 1 4.5 -19.5
5.5969e-005 1 4 -19.5
8.21593e-005 -1.5 -3 -20
0.000137104 -1.5 -3.5 -20
0.000309594 -1.5 -4.5 -20
5.15406e-005 -1.5 -6 -20
0.000137933 -1.5 -5.5 -20
0.000259686 -1.5 -5 -20
0.00025753 -1.5 -4 -20
5.73163e-005 1.5 3.5 -19.5
7.13784e-005 1 3.5 -19.5
4.60133e-005 -1 -1.5 -20
0.000174169 -1 -3 -20
0.000146715 -1 -3.5 -20
2.44879e-005 -1 -4.5 -20
7.43989e-005 -1 -4 -20
0.000190498 -1 -2.5 -20
0.000159776 -0.5 -1 -20
0.000279965 -0.5 -1.5 -20
0.000128373 0 1 -20
7.3908e-005 -0.5 -2.5 -20
0.000411972 0 0.5 -20
0.000188439 0.5 2 -20
0.00014815 0.5 1.5 -20
0.00016163 1 2.5 -20
0.000155479 0.5 2.5 -20
8.35464e-005 0.5 1 -20
2.21947e-005 1.5 2.5 -20
0.000102673 1.5 3 -20
2.37815e-005 2 3.5 -20
0.000113684 2 4 -20
0.000398609 1.5 4 -20
0.000351647 1.5 5.5 -20
0.00013623 2.5 5 -20
2.26214e-005 3 5.5 -20
3.99567e-005 1.5 6.5 -20
0.000725361 2 6.5 -20
0.000119335 3 6 -20
0.00116594 2.5 7.5 -20
0.000170656 2 7.5 -20
8.525e-005 3.5 7 -20
5.04975e-005 2 8 -20
0.000828719 2.5 8 -20
4.61207e-005 4 8 -20
0.000420645 2.5 8.5 -20
0.000645835 3.5 8 -20
0.000207041 4 8.5 -20
3.42408e-005 2.5 9.5 -20
0.000285919 3 10 -20
8.89534e-005 3 10.5 -20
0.000583263 3.5 10.5 -20
0.000254967 3.5 11 -20
4.93618e-005 3.5 11.5 -20
5.21495e-005 4 12 -20
2.32994e-005 8.5 19.5 -8
3.40911e-005 9 19.5 -8
2.7296e-005 8.5 19.5 -7.5
2.51605e-005 8.5 19.5 -7
4.59184e-005 9 19.5 -7.5
3.98071e-005 5 12 -20
8.70928e-005 4.5 12 -20
3.39557e-005 9.5 19.5 -7
5.39457e-005 9 19.5 -7
4.6814e-005 9.5 19.5 -6.5
2.35636e-005 10 19.5 -5.5
5.69067e-005 9.5 19.5 -5.5
2.61695e-005 10 19.5 -4.5
2.29953e-005 10 19.5 -4
2.88876e-005 9.5 19.5 -4
4.27622e-005 9.5 19.5 -4.5
2.67044e-005 10 19.5 -5
5.28795e-005 9.5 19.5 -5
3.34151e-005 9 19.5 -5
4.87067e-005 9 19.5 -5.5
5.54709e-005 9.5 19.5 -6
5.67076e-005 9 19.5 -6
5.86647e-005 9 19.5 -6.5
2.15158e-005 -5 -11.5 -20.5
5.5586e-005 5 11.5 -20
0.000204146 4.5 11.5 -20
0.00023087 4 11.5 -20
4.3593e-005 5 11 -20
0.000298154 4.5 11 -20
0.000472715 4 11 -20
3.10788e-005 -4.5 -12 -20.5
0.000315803 4.5 10.5 -20
0.000666738 4 10.5 -20
7.67439e-005 -4.5 -11.5 -20.5
0.000124087 -4.5 -11 -20.5
0.000141402 -4.5 -10.5 -20.5
0.000108364 -4.5 -10 -20.5
5.38762e-005 -4.5 -9.5 -20.5
0.00020845 4.5 10 -20
0.000748417 4 10 -20
0.0009036 3.5 10 -20
9.55737e-005 4.5 9.5 -20
0.000716728 4 9.5 -20
0.00107055 3.5 9.5 -20
0.00064026 3 9.5 -20
0.000458128 4 9 -20
0.00111214 3.5 9 -20
4.11237e-005 -4 -8 -20.5
8.38418e-005 -4 -11.5 -20.5
0.000195086 -4 -11 -20.5
0.000310043 -4 -10.5 -20.5
0.000383452 -4 -10 -20.5
0.00039643 -4 -9.5 -20.5
0.000285963 -4 -9 -20.5
0.000146725 -4 -8.5 -20.5
0.00103524 3 9 -20
0.000154575 2.5 9 -20
0.00100851 3.5 8.5 -20
0.00125182 3 8.5 -20
0.00130304 3 8 -20
7.48195e-005 -3.5 -7 -20.5
0.000669581 -3.5 -8.5 -20.5
0.000100173 -3.5 -11 -20.5
0.00026237 -3.5 -10.5 -20.5
0.000460561 -3.5 -10 -20.5
0.000606522 -3.5 -9.5 -20.5
0.0006642 -3.5 -9 -20.5
0.000478345 -3.5 -8 -20.5
0.000270508 -3.5 -7.5 -20.5
0.000317446 3.5 7.5 -20
0.00108886 3 7.5 -20
0.000807977 3 7 -20
0.00125626 2.5 7 -20
0.000416313 2 7 -20
0.000142916 -3 -6 -20.5
0.000665464 -3 -7 -20.5
0.000807342 -3 -8.5 -20.5
3.53605e-005 -3 -10.5 -20.5
0.000133638 -3 -10 -20.5
0.000335826 -3 -9.5 -20.5
0.000600538 -3 -9 -20.5
0.000874352 -3 -8 -20.5
0.000857979 -3 -7.5 -20.5
0.000393754 -3 -6.5 -20.5
2.9851e-005 -3 -5.5 -20.5
0.00041519 3 6.5 -20
0.00108417 2.5 6.5 -20
0.000723307 2.5 6 -20
0.000880831 2 6 -20
0.000146474 1.5 6 -20
0.000205932 -2.5 -5 -20.5
0.000767178 -2.5 -6 -20.5
0.000848911 -2.5 -7.5 -20.5
7.78583e-005 -2.5 -9 -20.5
0.000237884 -2.5 -8.5 -20.5
0.000535178 -2.5 -8 -20.5
0.000990081 -2.5 -7 -20.5
0.00100981 -2.5 -6.5 -20.5
0.000501466 -2.5 -5.5 -20.5
4.18392e-005 -2.5 -4.5 -20.5
0.000412634 2.5 5.5 -20
0.000851471 2 5.5 -20
0.000544845 2 5 -20
0.000537287 1.5 5 -20
2.31632e-005 1 5 -20
5.11919e-005 -2 -3.5 -20.5
0.000212453 -2 -4 -20.5
0.00074592 -2 -5 -20.5
0.000901054 -2 -6 -20.5
2.05608e-005 -2 -8 -20.5
0.000109072 -2 -7.5 -20.5
0.000310815 -2 -7 -20.5
0.000637114 -2 -6.5 -20.5
0.000958395 -2 -5.5 -20.5
0.000449166 -2 -4.5 -20.5
2.49805e-005 2.5 4.5 -20
0.000332508 2 4.5 -20
9.42943e-005 -1.5 -2.5 -20.5
0.000248932 -1.5 -3 -20.5
0.000564453 1.5 4.5 -20
9.68301e-005 1 4.5 -20
0.000220541 1 4 -20
0.000390018 -1.5 -3.5 -20.5
0.000543605 -1.5 -5 -20.5
0.000112563 -1.5 -6 -20.5
0.000298083 -1.5 -5.5 -20.5
0.000658583 -1.5 -4.5 -20.5
0.000632006 -1.5 -4 -20.5
0.000232471 1.5 3.5 -20
0.000155469 -1 -1.5 -20.5
0.000292851 1 3.5 -20
0.000435485 -1 -2 -20.5
0.000559032 -1 -3 -20.5
0.000445889 -1 -3.5 -20.5
7.64779e-005 -1 -4.5 -20.5
0.000232115 -1 -4 -20.5
5.41353e-005 -0.5 -0.5 -20.5
0.000551422 -0.5 -1 -20.5
0.000993776 -0.5 -1.5 -20.5
0.000846879 -0.5 -2 -20.5
0.000502038 0 1 -20.5
0.00154141 0 0.5 -20.5
0.000610965 0.5 2 -20.5
0.000584401 0.5 1.5 -20.5
8.40073e-005 0.5 0.5 -20.5
0.000323886 0.5 1 -20.5
0.000489117 1 2.5 -20.5
0.000249285 1 2 -20.5
0.000263169 1.5 3 -20.5
0.000781012 1 3 -20.5
0.00017354 0.5 3 -20.5
5.97452e-005 1.5 2.5 -20.5
4.84726e-005 2 3.5 -20.5
0.000246021 2 4 -20.5
0.000903203 1.5 4 -20.5
0.000639037 1.5 5.5 -20.5
0.000210224 2.5 5 -20.5
2.3826e-005 3 5.5 -20.5
0.000980916 2 6.5 -20.5
7.02477e-005 1.5 6.5 -20.5
0.000122697 3 6 -20.5
0.000544925 2 7 -20.5
7.45124e-005 3.5 7 -20.5
0.000213461 2 7.5 -20.5
0.000810651 3 7 -20.5
6.04823e-005 2 8 -20.5
0.000294588 3.5 7.5 -20.5
0.000850907 2.5 8 -20.5
3.3064e-005 4 8 -20.5
0.000591046 3.5 8 -20.5
0.000431604 2.5 8.5 -20.5
2.69665e-005 2.5 9.5 -20.5
0.000534845 3 9.5 -20.5
0.000221457 3 10 -20.5
4.26473e-005 3 10.5 -20.5
9.12916e-005 3.5 11 -20.5
4.0983e-005 4.5 11.5 -20.5
4.17694e-005 4 11.5 -20.5
9.30708e-005 4.5 11 -20.5
0.000166621 4 11 -20.5
0.000120816 4.5 10.5 -20.5
0.00032794 4 10.5 -20.5
0.000313536 3.5 10.5 -20.5
3.15716e-005 -4.5 -11 -21
4.52556e-005 -4.5 -10.5 -21
4.18946e-005 -4.5 -10 -21
2.30227e-005 -4.5 -9.5 -21
0.000103616 4.5 10 -20.5
0.000448108 4 10 -20.5
0.000597448 3.5 10 -20.5
4.78169e-005 4.5 9.5 -20.5
0.000469119 4 9.5 -20.5
0.000814339 3.5 9.5 -20.5
9.20418e-005 -4 -8.5 -21
5.62317e-005 -4 -11 -21
0.000126261 -4 -10.5 -21
0.000195482 -4 -10 -21
0.00022205 -4 -9.5 -21
0.000191126 -4 -9 -21
2.71727e-005 -4 -8 -21
0.000325802 4 9 -20.5
0.000890569 3.5 9 -20.5
0.00092842 3 9 -20.5
0.000157776 2.5 9 -20.5
0.000147949 4 8.5 -20.5
0.000895997 3.5 8.5 -20.5
0.00116929 3 8.5 -20.5
0.00124846 3 8 -20.5
6.80237e-005 -3.5 -7 -21
0.000537711 -3.5 -8.5 -21
2.55704e-005 -3.5 -11 -21
0.000116925 -3.5 -10.5 -21
0.000260453 -3.5 -10 -21
0.000403433 -3.5 -9.5 -21
0.00050033 -3.5 -9 -21
0.000411925 -3.5 -8 -21
0.000235117 -3.5 -7.5 -21
0.00109946 3 7.5 -20.5
0.00122874 2.5 7.5 -20.5
0.00134256 2.5 7 -20.5
0.000130545 -3 -6 -21
0.000648535 -3 -7 -21
9.30111e-005 -3 -10 -21
0.000262696 -3 -9.5 -21
0.000509609 -3 -9 -21
0.000715789 -3 -8.5 -21
0.000815506 -3 -8 -21
0.000823272 -3 -7.5 -21
0.000378911 -3 -6.5 -21
2.63651e-005 -3 -5.5 -21
0.000440904 3 6.5 -20.5
0.00133597 2.5 6.5 -20.5
0.000944282 2.5 6 -20.5
0.000239942 -2.5 -5 -21
0.000835681 -2.5 -6 -21
0.000864874 -2.5 -7.5 -21
7.84904e-005 -2.5 -9 -21
0.000246319 -2.5 -8.5 -21
0.000540822 -2.5 -8 -21
0.00102174 -2.5 -7 -21
0.001055 -2.5 -6.5 -21
0.000549053 -2.5 -5.5 -21
4.71531e-005 -2.5 -4.5 -21
0.00126876 2 6 -20.5
0.000260856 1.5 6 -20.5
0.000569966 2.5 5.5 -20.5
0.00129956 2 5.5 -20.5
0.000945131 2 5 -20.5
8.20146e-005 -2 -3.5 -21
0.000319071 -2 -4 -21
0.000957038 -2 -5 -21
0.000746644 -2 -6.5 -21
2.65789e-005 -2 -8 -21
0.000134826 -2 -7.5 -21
0.000378932 -2 -7 -21
0.00106424 -2 -6 -21
0.00114725 -2 -5.5 -21
2.45431e-005 -1.5 -2 -21
0.000628525 -2 -4.5 -21
0.00019164 -1.5 -2.5 -21
0.000999387 1.5 5 -20.5
5.20778e-005 1 5 -20.5
4.00473e-005 2.5 4.5 -20.5
0.000620632 2 4.5 -20.5
0.000484946 -1.5 -3 -21
0.000732756 -1.5 -3.5 -21
0.000805895 -1.5 -5 -21
3.40531e-005 -1.5 -6.5 -21
0.000166516 -1.5 -6 -21
0.00044024 -1.5 -5.5 -21
0.00101157 -1.5 -4.5 -21
0.00103202 -1.5 -4 -21
0.0010931 1.5 4.5 -20.5
0.000213494 1 4.5 -20.5
0.000511245 1 4 -20.5
0.000545579 1.5 3.5 -20.5
3.95695e-005 -1 -1 -21
0.000319462 -1 -1.5 -21
0.000737866 1 3.5 -20.5
0.000925382 -1 -2 -21
0.00115394 -1 -3 -21
0.000872069 -1 -3.5 -21
0.000150079 -1 -4.5 -21
0.000454927 -1 -4 -21
0.000106714 -0.5 -0.5 -21
0.00111105 -0.5 -1 -21
0.00214385 -0.5 -1.5 -21
0.00188553 -0.5 -2 -21
4.43547e-005 -0.5 -3 -21
2.01226e-005 0 1.5 -21
0.00113398 0 1 -21
0.0035802 0 0.5 -21
0.00125206 0.5 2 -21
0.00126868 0.5 1.5 -21
0.000202404 0.5 0.5 -21
0.000731888 0.5 1 -21
0.000949652 1 2.5 -21
0.000497739 1 2 -21
0.000103208 1.5 2.5 -21
0.000441969 1.5 3 -21
6.64566e-005 2 3.5 -21
0.000347088 2 4 -21
0.00140411 1.5 4 -21
0.000798341 1.5 5.5 -21
0.00021217 2.5 5 -21
2.06546e-005 3 5.5 -21
0.00105292 2 6.5 -21
8.98641e-005 1.5 6.5 -21
0.000112328 3 6 -21
0.000595752 2 7 -21
0.000233971 2 7.5 -21
5.95608e-005 3.5 7 -21
0.000733625 3 7 -21
0.000230086 3.5 7.5 -21
6.39714e-005 2 8 -21
0.000777776 2.5 8 -21
0.000451024 3.5 8 -21
0.000381949 2.5 8.5 -21
8.27283e-005 4 8.5 -21
0.000612824 3.5 8.5 -21
9.44778e-005 3 10 -21
8.55563e-005 4 10.5 -21
7.94076e-005 3.5 10.5 -21
2.02011e-005 4.5 10 -21
0.000163798 4 10 -21
0.000247089 3.5 10 -21
0.000200749 4 9.5 -21
0.000441853 3.5 9.5 -21
0.000319666 3 9.5 -21
4.27313e-005 -4 -8.5 -21.5
2.79239e-005 -4 -10.5 -21.5
5.7824e-005 -4 -10 -21.5
7.95203e-005 -4 -9.5 -21.5
8.10702e-005 -4 -9 -21.5
0.000181439 4 9 -21
0.000575152 3.5 9 -21
0.000646115 3 9 -21
0.000130057 2.5 9 -21
0.000902833 3 8.5 -21
0.00101104 3 8 -21
0.000309464 -3.5 -8.5 -21.5
2.14048e-005 -3.5 -10.5 -21.5
8.65696e-005 -3.5 -10 -21.5
0.000179493 -3.5 -9.5 -21.5
0.000265827 -3.5 -9 -21.5
0.00028463 -3.5 -8 -21.5
0.000154342 -3.5 -7.5 -21.5
5.37709e-005 -3.5 -7 -21.5
0.0010091 3 7.5 -21
0.00116101 2.5 7.5 -21
0.00128899 2.5 7 -21
0.000111359 -3 -6 -21.5
0.000653553 -3 -7.5 -21.5
2.98726e-005 -3 -10 -21.5
0.000129247 -3 -9.5 -21.5
0.000296311 -3 -9 -21.5
0.000485578 -3 -8.5 -21.5
0.000615151 -3 -8 -21.5
0.000549333 -3 -7 -21.5
0.000320961 -3 -6.5 -21.5
2.13291e-005 -3 -5.5 -21.5
0.000409194 3 6.5 -21
0.00129313 2.5 6.5 -21
0.00094844 2.5 6 -21
0.000226726 -2.5 -5 -21.5
0.000794817 -2.5 -6 -21.5
0.000450961 -2.5 -8 -21.5
4.94206e-005 -2.5 -9 -21.5
0.000200801 -2.5 -8.5 -21.5
0.000755091 -2.5 -7.5 -21.5
0.000928187 -2.5 -7 -21.5
0.000974777 -2.5 -6.5 -21.5
0.00051365 -2.5 -5.5 -21.5
4.28546e-005 -2.5 -4.5 -21.5
0.0013615 2 6 -21
0.000324129 1.5 6 -21
0.000572295 2.5 5.5 -21
0.00142115 2 5.5 -21
0.00113346 2 5 -21
0.000336497 -2 -4 -21.5
0.000645528 -2 -4.5 -21.5
0.000941178 -2 -5 -21.5
0.000736762 -2 -6.5 -21.5
0.000137556 -2 -7.5 -21.5
0.000382028 -2 -7 -21.5
0.00104055 -2 -6 -21.5
0.0011205 -2 -5.5 -21.5
8.95866e-005 -2 -3.5 -21.5
0.00128577 1.5 5 -21
7.67987e-005 1 5 -21
4.09103e-005 2.5 4.5 -21
0.000777973 2 4.5 -21
0.000267449 -1.5 -2.5 -21.5
0.000662336 -1.5 -3 -21.5
0.000966631 -1.5 -3.5 -21.5
0.000884014 -1.5 -5 -21.5
4.39854e-005 -1.5 -6.5 -21.5
0.000191341 -1.5 -6 -21.5
0.000498185 -1.5 -5.5 -21.5
0.00113507 -1.5 -4.5 -21.5
0.00119903 -1.5 -4 -21.5
3.18751e-005 -1.5 -2 -21.5
0.00145075 1.5 4.5 -21
0.000331248 1 4.5 -21
0.000833911 1 4 -21
4.95029e-005 -1 -1 -21.5
0.000872514 1.5 3.5 -21
0.000425017 -1 -1.5 -21.5
0.00131853 -1 -2 -21.5
0.00121269 -1 -3.5 -21.5
2.47693e-005 -1 -5 -21.5
0.000205492 -1 -4.5 -21.5
0.000622843 -1 -4 -21.5
0.00169657 -1 -3 -21.5
0.000126583 -0.5 -0.5 -21.5
0.00139555 -0.5 -1 -21.5
0.00311225 -0.5 -1.5 -21.5
0.00285907 -0.5 -2 -21.5
3.69761e-005 0 1.5 -21.5
0.000120192 -0.5 -3 -21.5
0.00175175 0 1 -21.5
0.005733 0 0.5 -21.5
0.00175384 0.5 2 -21.5
0.0018126 0.5 1.5 -21.5
0.000321289 0.5 0.5 -21.5
0.00110824 0.5 1 -21.5
0.00124056 1 2.5 -21.5
0.000657132 1 2 -21.5
0.000496227 1.5 3 -21.5
0.00170986 1 3 -21.5
0.000534115 0.5 3 -21.5
0.00011571 1.5 2.5 -21.5
6.50582e-005 2 3.5 -21.5
0.000346816 2 4 -21.5
0.00148067 1.5 4 -21.5
0.000799543 1.5 5.5 -21.5
0.000196564 2.5 5 -21.5
0.000581613 2 7 -21.5
0.000321339 3 6.5 -21.5
4.26967e-005 3.5 7 -21.5
5.30651e-005 2 8 -21.5
0.000566944 2.5 8 -21.5
0.000131258 3.5 7.5 -21.5
0.000265694 3.5 8 -21.5
3.06292e-005 4 8.5 -21.5
0.000275607 3.5 8.5 -21.5
4.7846e-005 4 9 -21.5
0.000228315 3.5 9 -21.5
3.15137e-005 3.5 10 -21.5
4.33835e-005 4 9.5 -21.5
0.000127582 3.5 9.5 -21.5
9.78216e-005 3 9.5 -21.5
0.000283819 3 9 -21.5
6.47525e-005 2.5 9 -21.5
0.000494093 3 8.5 -21.5
0.00025791 2.5 8.5 -21.5
2.95399e-005 -3.5 -7 -22
7.19065e-005 -3.5 -9 -22
3.54923e-005 -3.5 -9.5 -22
0.000108519 -3.5 -8.5 -22
0.000116612 -3.5 -8 -22
7.03711e-005 -3.5 -7.5 -22
0.000644928 3 8 -21.5
0.000702248 3 7.5 -21.5
0.000886933 2.5 7.5 -21.5
0.000224901 2 7.5 -21.5
7.78221e-005 -3 -6 -22
0.000351119 -3 -7 -22
0.000307006 -3 -8 -22
3.18114e-005 -3 -9.5 -22
9.17351e-005 -3 -9 -22
0.000200399 -3 -8.5 -22
0.000358117 -3 -7.5 -22
0.000209002 -3 -6.5 -22
0.000557672 3 7 -21.5
0.00104462 2.5 7 -21.5
0.00107625 2.5 6.5 -21.5
0.00102982 2 6.5 -21.5
9.19889e-005 1.5 6.5 -21.5
9.50426e-005 3 6 -21.5
0.000885704 2.5 6 -21.5
0.000180912 -2.5 -5 -22
0.00064518 -2.5 -6 -22
0.000270649 -2.5 -8 -22
0.000104056 -2.5 -8.5 -22
0.000477246 -2.5 -7.5 -22
0.000622967 -2.5 -7 -22
0.000664768 -2.5 -6.5 -22
0.000394175 -2.5 -5.5 -22
3.40133e-005 -2.5 -4.5 -22
0.00130558 2 6 -21.5
0.000326249 1.5 6 -21.5
0.000316764 -2 -4 -22
0.000831071 -2 -5 -22
0.000633645 -2 -6.5 -22
0.000116816 -2 -7.5 -22
0.000334738 -2 -7 -22
0.000866229 -2 -6 -22
0.000940106 -2 -5.5 -22
0.000602799 -2 -4.5 -22
3.11155e-005 -1.5 -2 -22
0.000270625 -1.5 -2.5 -22
0.00067037 -1.5 -3 -22
8.43952e-005 -2 -3.5 -22
0.000520677 2.5 5.5 -21.5
0.00137127 2 5.5 -21.5
0.00111333 2 5 -21.5
0.000971471 -1.5 -3.5 -22
0.000491118 -1.5 -5.5 -22
4.22325e-005 -1.5 -6.5 -22
0.000188648 -1.5 -6 -22
0.000862152 -1.5 -5 -22
0.00110024 -1.5 -4.5 -22
0.00117053 -1.5 -4 -22
0.00129145 1.5 5 -21.5
8.77687e-005 1 5 -21.5
3.73251e-005 2.5 4.5 -21.5
0.000764776 2 4.5 -21.5
0.00147672 1.5 4.5 -21.5
0.000378053 1 4.5 -21.5
0.000967195 1 4 -21.5
4.8297e-005 -1 -1 -22
0.000960039 1.5 3.5 -21.5
0.000421386 -1 -1.5 -22
0.00134079 -1 -2 -22
0.00125529 -1 -3.5 -22
3.04109e-005 -1 -5 -22
0.00021176 -1 -4.5 -22
0.000638529 -1 -4 -22
0.00180909 -1 -3 -22
0.00137037 -0.5 -1 -22
0.00320828 -0.5 -1.5 -22
0.000122673 -0.5 -0.5 -22
0.00302968 -0.5 -2 -22
4.06292e-005 0 1.5 -22
0.001889 0 1 -22
0.000192437 -0.5 -3 -22
0.00636839 0 0.5 -22
0.0017926 0.5 2 -22
0.00185867 0.5 1.5 -22
0.000347132 0.5 0.5 -22
0.00116499 0.5 1 -22
0.00123743 1 2.5 -22
0.000654725 1 2 -22
0.00011077 1.5 2.5 -22
0.00047815 1.5 3 -22
5.79918e-005 2 3.5 -22
0.000313955 2 4 -22
0.00140313 1.5 4 -22
2.89003e-005 2.5 4.5 -22
0.000671984 2 4.5 -22
0.000721373 1.5 5.5 -22
0.000159085 2.5 5 -22
0.000774823 2 6.5 -22
8.27496e-005 1.5 6.5 -22
6.66453e-005 3 6 -22
0.000415189 2 7 -22
0.000152542 2 7.5 -22
0.000323642 3 7 -22
4.96705e-005 3.5 7.5 -22
8.52802e-005 2.5 8.5 -22
7.88188e-005 3.5 8 -22
6.42192e-005 3.5 8.5 -22
2.17198e-005 3.5 9 -22
3.495e-005 3 9 -22
0.00014178 3 8.5 -22
0.000256252 3 8 -22
0.000259025 2.5 8 -22
2.16892e-005 -3.5 -8 -22.5
0.000324102 3 7.5 -22
0.000480743 2.5 7.5 -22
0.000650281 2.5 7 -22
8.84239e-005 -3 -6.5 -22.5
0.000106881 -3 -7.5 -22.5
2.56746e-005 -3 -8.5 -22.5
6.55734e-005 -3 -8 -22.5
0.000120865 -3 -7 -22.5
3.66513e-005 -3 -6 -22.5
0.00018818 3 6.5 -22
0.000704601 2.5 6.5 -22
0.0006805 2.5 6 -22
2.11071e-005 -2.5 -4.5 -22.5
0.000229948 -2.5 -5.5 -22.5
0.000332475 -2.5 -6.5 -22.5
7.84647e-005 -2.5 -8 -22.5
0.000170292 -2.5 -7.5 -22.5
0.000273384 -2.5 -7 -22.5
0.000348022 -2.5 -6 -22.5
0.000106241 -2.5 -5 -22.5
0.00103039 2 6 -22
0.000298827 1.5 6 -22
0.000252231 -2 -4 -22.5
0.000456891 -2 -4.5 -22.5
0.00060326 -2 -5.5 -22.5
0.00036045 -2 -6.5 -22.5
5.16868e-005 -2 -7.5 -22.5
0.000182305 -2 -7 -22.5
0.000530849 -2 -6 -22.5
0.000605003 -2 -5 -22.5
7.11566e-005 -2 -3.5 -22.5
0.00039609 2.5 5.5 -22
0.00112041 2 5.5 -22
0.000991525 2 5 -22
0.00118329 1.5 5 -22
8.86623e-005 1 5 -22
2.76094e-005 -1.5 -2 -22.5
0.000617755 -1.5 -3 -22.5
0.000902842 -1.5 -3.5 -22.5
0.000386262 -1.5 -5.5 -22.5
2.80101e-005 -1.5 -6.5 -22.5
0.000151459 -1.5 -6 -22.5
0.000675749 -1.5 -5 -22.5
0.000899412 -1.5 -4.5 -22.5
0.000984612 -1.5 -4 -22.5
0.00025137 -1.5 -2.5 -22.5
0.00138706 1.5 4.5 -22
0.000378029 1 4.5 -22
0.000952982 1 4 -22
4.17716e-005 -1 -1 -22.5
0.00037167 -1 -1.5 -22.5
0.000927656 1.5 3.5 -22
0.00124576 -1 -2 -22.5
0.00199062 -1 -2.5 -22.5
0.0011808 -1 -3.5 -22.5
2.3913e-005 -1 -5 -22.5
0.000195999 -1 -4.5 -22.5
0.000594517 -1 -4 -22.5
0.000103106 -0.5 -0.5 -22.5
0.00119409 -0.5 -1 -22.5
0.0030115 -0.5 -1.5 -22.5
0.00288475 -0.5 -2 -22.5
0.00152221 -0.5 -2.5 -22.5
3.91521e-005 0 1.5 -22.5
0.00182293 0 1 -22.5
0.00618785 0 0.5 -22.5
0.00168257 0.5 2 -22.5
0.00175023 0.5 1.5 -22.5
0.000334277 0.5 0.5 -22.5
0.00111321 0.5 1 -22.5
0.00112122 1 2.5 -22.5
0.000592907 1 2 -22.5
9.13762e-005 1.5 2.5 -22.5
0.000397636 1.5 3 -22.5
4.27514e-005 2 3.5 -22.5
0.000228512 2 4 -22.5
0.00108367 1.5 4 -22.5
0.000471628 2 4.5 -22.5
0.000480924 1.5 5.5 -22.5
9.19831e-005 2.5 5 -22.5
0.000168036 2 7 -22.5
7.13711e-005 3 6.5 -22.5
3.04198e-005 2.5 8 -22.5
2.61585e-005 3 8 -22.5
6.66391e-005 3 7.5 -22.5
0.000119203 2.5 7.5 -22.5
3.6867e-005 2 7.5 -22.5
8.73099e-005 3 7 -22.5
0.000234998 2.5 7 -22.5
0.000315776 2.5 6.5 -22.5
0.000369539 2 6.5 -22.5
4.03798e-005 1.5 6.5 -22.5
8.6842e-005 -2.5 -5.5 -23
7.1905e-005 -2.5 -6.5 -23
3.53331e-005 -2.5 -7 -23
9.0113e-005 -2.5 -6 -23
4.23864e-005 -2.5 -5 -23
2.96421e-005 3 6 -22.5
0.000338522 2.5 6 -22.5
0.000574276 2 6 -22.5
0.000193384 1.5 6 -22.5
0.000226888 2.5 5.5 -22.5
0.000675948 2 5.5 -22.5
0.000683387 2 5 -22.5
0.000151222 -2 -4 -23
0.000259453 -2 -4.5 -23
0.000283904 -2 -5 -23
3.44132e-005 -2 -7 -23
9.741e-005 -2 -6.5 -23
0.000177679 -2 -6 -23
0.000253897 -2 -5.5 -23
0.000180074 -1.5 -2.5 -23
0.000441107 -1.5 -3 -23
4.75196e-005 -2 -3.5 -23
0.000643443 -1.5 -3.5 -23
0.000351828 -1.5 -5 -23
6.5419e-005 -1.5 -6 -23
0.000183013 -1.5 -5.5 -23
0.00052473 -1.5 -4.5 -23
0.000624784 -1.5 -4 -23
0.000838816 1.5 5 -22.5
8.00152e-005 1 5 -22.5
2.70481e-005 -1 -1 -23
0.00104441 1.5 4.5 -22.5
0.000340409 1 4.5 -22.5
0.000828427 1 4 -22.5
0.000249905 -1 -1.5 -23
0.000912395 -1 -2 -23
0.000769962 1.5 3.5 -22.5
0.00149579 -1 -2.5 -23
0.000867809 -1 -3.5 -23
0.000132406 -1 -4.5 -23
0.000418074 -1 -4 -23
0.000792107 -0.5 -1 -23
0.00223487 -0.5 -1.5 -23
0.00221102 -0.5 -2 -23
6.5932e-005 -0.5 -0.5 -23
0.00130241 -0.5 -2.5 -23
3.13727e-005 0 1.5 -23
0.00146761 0 1 -23
0.0051215 0 0.5 -23
0.00124841 0.5 2 -23
0.00131416 0.5 1.5 -23
0.000271286 0.5 0.5 -23
0.000875982 0.5 1 -23
0.000786739 1 2.5 -23
0.000418531 1 2 -23
5.8844e-005 1.5 2.5 -23
0.000249563 1.5 3 -23
2.35357e-005 2 3.5 -23
0.000115382 2 4 -23
0.000580912 1.5 4 -23
0.000232312 2 4.5 -23
7.06995e-005 2.5 5.5 -23
0.000239061 2 5.5 -23
4.44641e-005 2.5 6.5 -23
6.26879e-005 2 6.5 -23
6.87008e-005 2.5 6 -23
0.000151824 2 6 -23
6.22431e-005 1.5 6 -23
0.000196357 1.5 5.5 -23
5.65038e-005 -2 -4 -23.5
6.9445e-005 -2 -4.5 -23.5
5.41093e-005 -2 -5 -23.5
2.73033e-005 -2 -5.5 -23.5
3.16636e-005 2.5 5 -23
0.000277727 2 5 -23
0.00038385 1.5 5 -23
4.3803e-005 1 5 -23
0.000211695 -1.5 -3 -23.5
0.000245981 -1.5 -4 -23.5
8.20903e-005 -1.5 -5 -23.5
2.60416e-005 -1.5 -5.5 -23.5
0.000162001 -1.5 -4.5 -23.5
0.000280296 -1.5 -3.5 -23.5
8.49034e-005 -1.5 -2.5 -23.5
0.000113283 -1 -1.5 -23.5
0.000538143 1.5 4.5 -23
0.0002188 1 4.5 -23
0.000529639 1 4 -23
0.000445984 -1 -2 -23.5
0.000484036 1.5 3.5 -23
0.000740836 -1 -2.5 -23.5
0.00018501 -1 -4 -23.5
4.47674e-005 -1 -4.5 -23.5
0.000416295 -1 -3.5 -23.5
0.000330039 -0.5 -1 -23.5
0.0010958 -0.5 -1.5 -23.5
0.00114029 -0.5 -2 -23.5
0.000762971 -0.5 -2.5 -23.5
2.06747e-005 0 1.5 -23.5
0.000818021 0 1 -23.5
0.000171431 -0.5 -3 -23.5
0.000669003 -1 -3 -23.5
0.00299248 0 0.5 -23.5
0.00061667 0.5 2 -23.5
0.000666783 0.5 1.5 -23.5
0.000362019 1 2.5 -23.5
0.000460952 0.5 2.5 -23.5
0.000155547 0.5 0.5 -23.5
0.00048363 0.5 1 -23.5
2.63513e-005 1.5 2.5 -23.5
9.67841e-005 1.5 3 -23.5
0.000179507 1 4 -23.5
3.98576e-005 2 4.5 -23.5
3.4552e-005 -1.5 -3 -24
2.08339e-005 -1.5 -4 -24
3.4074e-005 -1.5 -3.5 -24
2.91897e-005 2 5 -23.5
5.52387e-005 1.5 5 -23.5
8.03387e-005 -1 -2 -24
0.000113984 1.5 4.5 -23.5
6.819e-005 1 4.5 -23.5
2.41199e-005 2 4 -23.5
0.000160086 1.5 4 -23.5
0.000170772 1.5 3.5 -23.5
0.000140751 -1 -2.5 -24
2.53599e-005 -1 -4 -24
7.23039e-005 -1 -3.5 -24
0.000128201 -1 -3 -24
3.92858e-005 -0.5 -1 -24
0.000184819 -0.5 -1.5 -24
0.000235181 -0.5 -2 -24
0.000199864 -0.5 -2.5 -24
0.000209749 0 1 -24
7.26124e-005 -0.5 -3 -24
0.00087801 0 0.5 -24
0.000107262 0.5 2 -24
0.000130245 0.5 1.5 -24
4.81498e-005 1 2.5 -24
2.97526e-005 1 2 -24
6.64849e-005 0.5 2.5 -24
3.58167e-005 1 3 -24
2.81033e-005 0.5 3 -24
4.13957e-005 0.5 0.5 -24
0.000126208 0.5 1 -24
0.00056289 0 0 -24
0.000307864 1 3.5 -23.5
2.59941e-005 0.5 3.5 -23.5
0.00039192 1 3 -23.5
0.000195603 0.5 3 -23.5
5.70339e-005 1 1.5 -23.5
0.000193899 1 2 -23.5
0.00178663 0 0 -23.5
0.000838866 1 3.5 -23
6.03411e-005 0.5 3.5 -23
0.000988746 1 3 -23
0.000414677 0.5 3 -23
0.000115254 1 1.5 -23
0.000992014 0.5 2.5 -23
0.00297265 0 0 -23
0.000227718 -0.5 -3 -23
0.00132504 -1 -3 -23
0.00131222 1 3.5 -22.5
7.17109e-005 0.5 3.5 -22.5
0.00149374 1 3 -22.5
0.00054637 0.5 3 -22.5
0.000155821 1 1.5 -22.5
0.00137291 0.5 2.5 -22.5
0.0035337 0 0 -22.5
0.000233293 -0.5 -3 -22.5
0.00173179 -1 -3 -22.5
0.00150674 1 3.5 -22
7.06872e-005 0.5 3.5 -22
0.00169105 1 3 -22
0.000570524 0.5 3 -22
0.000169195 1 1.5 -22
0.00147256 0.5 2.5 -22
0.00362338 0 0 -22
0.00154668 -0.5 -2.5 -22
0.00209647 -1 -2.5 -22
0.00152646 1 3.5 -21.5
5.40375e-005 0.5 3.5 -21.5
0.000168643 1 1.5 -21.5
0.00144687 0.5 2.5 -21.5
0.00318961 0 0 -21.5
0.00128082 -0.5 -2.5 -21.5
0.0019882 -1 -2.5 -21.5
0.0012691 1 3.5 -21
2.83163e-005 0.5 3.5 -21
0.00139032 1 3 -21
0.000362395 0.5 3 -21
0.000123362 1 1.5 -21
0.0010489 0.5 2.5 -21
0.00194131 0 0 -21
0.000749965 -0.5 -2.5 -21
0.0013463 -1 -2.5 -21
5.94826e-005 1 1.5 -20.5
0.000516021 0.5 2.5 -20.5
0.000809243 0 0 -20.5
0.000298433 -0.5 -2.5 -20.5
0.000636711 -1 -2.5 -20.5
0.000289835 1 3 -20
4.94294e-005 0.5 3 -20
7.53164e-005 1 2 -20
0.000209877 0 0 -20
0.000233445 -0.5 -2 -20
0.00012661 -1 -2 -20
6.0642e-005 1 3 -19.5
4.14133e-005 0 0 -19.5
4.60436e-005 -0.5 -2 -19.5
2.60339e-005 -1 -2 -19.5
