2.05949e-005 0 2 -6
3.7816e-005 -0.5 2 -6
2.22745e-005 -1 2 -6
4.81893e-005 0 2.5 -6
4.48801e-005 -0.5 2.5 -6
4.78733e-005 0.5 3 -6
5.91864e-005 0 3 -6
2.32432e-005 -0.5 3 -6
3.52759e-005 1 3.5 -6
6.21428e-005 0.5 3.5 -6
3.96016e-005 0 3.5 -6
2.01792e-005 1.5 4 -6
5.2259e-005 1 4 -6
4.69715e-005 0.5 4 -6
3.37084e-005 1.5 4.5 -6
3.96879e-005 1 4.5 -6
2.00089e-005 1.5 5 -6
2.50044e-005 -1.5 0.5 -6.5
5.60546e-005 -1 1 -6.5
4.83486e-005 -1.5 1 -6.5
9.41673e-005 -0.5 1.5 -6.5
0.00012606 -1 1.5 -6.5
4.04175e-005 -1.5 1.5 -6.5
0.000112546 0 2 -6.5
0.000210272 -0.5 2 -6.5
0.000135271 -1 2 -6.5
8.86813e-005 0.5 2.5 -6.5
0.000257074 0 2.5 -6.5
0.000248884 -0.5 2.5 -6.5
6.24585e-005 -1 2.5 -6.5
4.08331e-005 1 3 -6.5
0.000246147 0.5 3 -6.5
0.000315801 0 3 -6.5
0.000138548 -0.5 3 -6.5
0.000173166 1 3.5 -6.5
0.000320553 0.5 3.5 -6.5
0.000219293 0 3.5 -6.5
2.83189e-005 -0.5 3.5 -6.5
8.42415e-005 1.5 4 -6.5
0.000260658 1 4 -6.5
0.000251942 0.5 4 -6.5
5.4838e-005 0 4 -6.5
2.1978e-005 2 4.5 -6.5
0.000155548 1.5 4.5 -6.5
0.000206262 1 4.5 -6.5
8.31197e-005 0.5 4.5 -6.5
4.4284e-005 2 5 -6.5
9.72394e-005 1.5 5 -6.5
6.3787e-005 1 5 -6.5
2.80527e-005 -1.5 0 -7
5.74877e-005 -2 0 -7
5.1704e-005 -1 0.5 -7
0.000151521 -1.5 0.5 -7
8.17095e-005 -2 0.5 -7
6.60973e-005 -0.5 1 -7
0.000289361 -1 1 -7
0.000273883 -1.5 1 -7
5.28372e-005 -2 1 -7
5.3081e-005 0 1.5 -7
0.000439235 -0.5 1.5 -7
0.000602973 -1 1.5 -7
0.000237097 -1.5 1.5 -7
2.31523e-005 0.5 2 -7
0.000475804 0 2 -7
0.000927371 -0.5 2 -7
0.000640487 -1 2 -7
9.23172e-005 -1.5 2 -7
0.000310298 0.5 2.5 -7
0.00106086 0 2.5 -7
0.00108671 -0.5 2.5 -7
0.000305796 -1 2.5 -7
0.000113045 1 3 -7
0.000881966 0.5 3 -7
0.00127793 0 3 -7
0.000648613 -0.5 3 -7
5.64973e-005 -1 3 -7
0.00051573 1 3.5 -7
0.00115782 0.5 3.5 -7
0.000939786 0 3.5 -7
0.000145973 -0.5 3.5 -7
0.000192335 1.5 4 -7
0.00080972 1 4 -7
0.000910587 0.5 4 -7
0.000274185 0 4 -7
4.41901e-005 2 4.5 -7
0.000388385 1.5 4.5 -7
0.000607871 1 4.5 -7
0.000334029 0.5 4.5 -7
3.27717e-005 0 4.5 -7
9.77591e-005 2 5 -7
0.000240519 1.5 5 -7
0.000205694 1 5 -7
3.05128e-005 0.5 5 -7
3.73177e-005 2 5.5 -7
4.4641e-005 1.5 5.5 -7
3.06454e-005 -2.5 -1 -7.5
7.61595e-005 -2 -0.5 -7.5
7.29447e-005 -2.5 -0.5 -7.5
0.000154589 -1.5 0 -7.5
0.000289975 -2 0 -7.5
7.55872e-005 -2.5 0 -7.5
0.000252947 -1 0.5 -7.5
0.000697116 -1.5 0.5 -7.5
0.000395586 -2 0.5 -7.5
4.03045e-005 -2.5 0.5 -7.5
0.000281843 -0.5 1 -7.5
0.00119249 -1 1 -7.5
0.00117413 -1.5 1 -7.5
0.000263978 -2 1 -7.5
0.000183571 0 1.5 -7.5
0.00154857 -0.5 1.5 -7.5
0.00220925 -1 1.5 -7.5
0.00101591 -1.5 1.5 -7.5
8.84883e-005 -2 1.5 -7.5
5.39464e-005 0.5 2 -7.5
0.00135893 0 2 -7.5
0.00288239 -0.5 2 -7.5
0.00229985 -1 2 -7.5
0.000401855 -1.5 2 -7.5
0.000704712 0.5 2.5 -7.5
0.00289653 0 2.5 -7.5
0.00325881 -0.5 2.5 -7.5
0.00116464 -1 2.5 -7.5
7.80329e-005 -1.5 2.5 -7.5
0.000210164 1 3 -7.5
0.00206504 0.5 3 -7.5
0.00338186 0 3 -7.5
0.00209738 -0.5 3 -7.5
0.000242814 -1 3 -7.5
0.00103083 1 3.5 -7.5
0.00269815 0.5 3.5 -7.5
0.00251916 0 3.5 -7.5
0.000537272 -0.5 3.5 -7.5
2.89718e-005 -1 3.5 -7.5
0.000315344 1.5 4 -7.5
0.00163089 1 4 -7.5
0.00203811 0.5 4 -7.5
0.00081105 0 4 -7.5
6.64725e-005 -0.5 4 -7.5
5.71407e-005 2 4.5 -7.5
0.00064468 1.5 4.5 -7.5
0.001137 1 4.5 -7.5
0.000753103 0.5 4.5 -7.5
0.000131383 2 5 -7.5
0.000388463 1.5 5 -7.5
0.0003793 1 5 -7.5
6.36403e-005 2 5.5 -7.5
3.78679e-005 -3 -1.5 -8
8.8022e-005 1.5 5.5 -7.5
2.11353e-005 -2.5 -1.5 -8
0.000157218 -2.5 -1 -8
4.67e-005 -3 -1 -8
7.82273e-005 0.5 5 -7.5
2.0201e-005 -2 -1 -8
0.000356222 -2 -0.5 -8
0.00031124 -2.5 -0.5 -8
3.27279e-005 -3 -0.5 -8
0.000102609 0 4.5 -7.5
2.84175e-005 -1.5 -0.5 -8
0.000648061 -1.5 0 -8
0.00105005 -2 0 -8
0.000299582 -2.5 0 -8
2.84065e-005 -1 0 -8
0.000915841 -1 0.5 -8
0.00216823 -1.5 0.5 -8
0.00127346 -2 0.5 -8
0.000154802 -2.5 0.5 -8
0.0008228 -0.5 1 -8
0.00320434 -1 1 -8
0.00320706 -1.5 1 -8
0.000827322 -2 1 -8
4.6698e-005 -2.5 1 -8
0.000278437 -2 1.5 -8
0.000425249 0 1.5 -8
0.00358722 -0.5 1.5 -8
0.00521557 -1 1.5 -8
0.00269001 -1.5 1.5 -8
9.39268e-005 0.5 2 -8
0.00273021 0 2 -8
0.00609198 -0.5 2 -8
0.00528644 -1 2 -8
0.00107858 -1.5 2 -8
5.43147e-005 -2 2 -8
0.00121025 0.5 2.5 -8
0.00556352 0 2.5 -8
0.00664758 -0.5 2.5 -8
0.00272786 -1 2.5 -8
0.000218316 -1.5 2.5 -8
0.000303571 1 3 -8
0.00355043 0.5 3 -8
0.006267 0 3 -8
0.00432393 -0.5 3 -8
0.0005973 -1 3 -8
2.61288e-005 -1.5 3 -8
0.00153476 1 3.5 -8
0.00451311 0.5 3.5 -8
0.00449722 0 3.5 -8
0.00115536 -0.5 3.5 -8
7.74927e-005 -1 3.5 -8
0.000390982 1.5 4 -8
0.00235139 1 4 -8
0.00317807 0.5 4 -8
0.00146271 0 4 -8
5.58036e-005 2 4.5 -8
0.000762724 1.5 4.5 -8
0.00149167 1 4.5 -8
0.00013094 2 5 -8
0.000446974 1.5 5 -8
7.04876e-005 2 5.5 -8
0.000109721 1.5 5.5 -8
2.63677e-005 1 5.5 -8
4.8759e-005 -3 -2 -8.5
0.00012965 -3 -1.5 -8.5
0.000472586 1 5 -8
0.000118513 0.5 5 -8
9.72087e-005 -2.5 -1.5 -8.5
0.000487472 -2.5 -1 -8.5
0.000144042 -3 -1 -8.5
0.00110983 0.5 4.5 -8
0.000183868 0 4.5 -8
0.00011751 -2 -1 -8.5
0.00104364 -2 -0.5 -8.5
0.000767732 -2.5 -0.5 -8.5
9.80042e-005 -3 -0.5 -8.5
0.000148297 -1.5 -0.5 -8.5
0.0017139 -1.5 0 -8.5
0.00235497 -2 0 -8.5
0.000679922 -2.5 0 -8.5
4.22063e-005 -3 0 -8.5
0.000126377 -1 0 -8.5
0.00211373 -1 0.5 -8.5
0.00444664 -1.5 0.5 -8.5
0.00260964 -2 0.5 -8.5
0.00032978 -2.5 0.5 -8.5
0.00167066 -0.5 1 -8.5
5.96453e-005 -0.5 0.5 -8.5
0.00599089 -1 1 -8.5
0.00595906 -1.5 1 -8.5
0.00160277 -2 1 -8.5
9.68801e-005 -2.5 1 -8.5
0.000147871 -0.5 4 -8
0.000745141 0 1.5 -8.5
0.00609495 -0.5 1.5 -8.5
0.00878878 -1 1.5 -8.5
0.00476891 -1.5 1.5 -8.5
0.000508196 -2 1.5 -8.5
0.000138218 0.5 2 -8.5
0.00417578 0 2 -8.5
0.00949292 -0.5 2 -8.5
0.00858544 -1 2 -8.5
0.00182488 -1.5 2 -8.5
9.72653e-005 -2 2 -8.5
0.00162634 0.5 2.5 -8.5
0.00796835 0 2.5 -8.5
0.00989068 -0.5 2.5 -8.5
0.00422883 -1 2.5 -8.5
0.000358136 -1.5 2.5 -8.5
0.000345072 1 3 -8.5
0.00455009 0.5 3 -8.5
0.008437 0 3 -8.5
0.00607428 -0.5 3 -8.5
0.000900856 -1 3 -8.5
4.61878e-005 -1.5 3 -8.5
0.000119091 -1 3.5 -8.5
0.00167736 1 3.5 -8.5
0.00540624 0.5 3.5 -8.5
0.00558177 0 3.5 -8.5
0.001568 -0.5 3.5 -8.5
0.000389309 1.5 4 -8.5
0.00247839 1 4 -8.5
0.00350774 0.5 4 -8.5
5.04068e-005 2 4.5 -8.5
0.000752116 1.5 4.5 -8.5
0.000118325 2 5 -8.5
6.54172e-005 2 5.5 -8.5
0.00010775 1.5 5.5 -8.5
2.74337e-005 1 5.5 -8.5
2.46209e-005 -3.5 -2.5 -9
2.96372e-005 -3.5 -2 -9
0.000439455 1.5 5 -8.5
0.000472516 1 5 -8.5
0.000126626 -3 -2 -9
0.000248492 -3 -1.5 -9
2.45332e-005 -3.5 -1.5 -9
0.000123845 0.5 5 -8.5
0.00151168 1 4.5 -8.5
0.00116028 0.5 4.5 -8.5
0.000282837 -2.5 -1.5 -9
0.000942216 -2.5 -1 -9
0.00025419 -3 -1 -9
0.000210253 0 4.5 -8.5
0.000387742 -2 -1 -9
0.0020111 -2 -0.5 -9
0.00127631 -2.5 -0.5 -9
0.000151536 -3 -0.5 -9
0.000464404 -1.5 -0.5 -9
0.00302729 -1.5 0 -9
0.00366812 -2 0 -9
0.000989359 -2.5 0 -9
0.000351933 -1 0 -9
0.00342285 -1 0.5 -9
0.00660733 -1.5 0.5 -9
0.00370535 -2 0.5 -9
0.000417449 -2.5 0.5 -9
5.74765e-005 -3 0 -9
0.00172849 0 4 -8.5
0.00019719 -0.5 4 -8.5
0.000147057 -0.5 0.5 -9
0.002511 -0.5 1 -9
0.00823609 -1 1 -9
0.00797805 -1.5 1 -9
0.00196696 -2 1 -9
0.000108228 -2.5 1 -9
0.0010112 0 1.5 -9
0.0077187 -0.5 1.5 -9
0.010824 -1 1.5 -9
0.00568118 -1.5 1.5 -9
0.000555469 -2 1.5 -9
0.000166076 0.5 2 -9
0.00477679 0 2 -9
0.0108012 -0.5 2 -9
0.00977657 -1 2 -9
0.00196735 -1.5 2 -9
0.000104203 -2 2 -9
0.00168577 0.5 2.5 -9
0.00846068 0 2.5 -9
0.0106495 -0.5 2.5 -9
0.00445338 -1 2.5 -9
0.000374165 -1.5 2.5 -9
0.00034105 1 3 -9
0.00458972 0.5 3 -9
0.00862 0 3 -9
0.00620466 -0.5 3 -9
0.000922208 -1 3 -9
4.91343e-005 -1.5 3 -9
0.00164 1 3.5 -9
0.00535942 0.5 3.5 -9
0.000360005 1.5 4 -9
0.00239317 1 4 -9
3.8026e-005 2 4.5 -9
0.000667717 1.5 4.5 -9
8.59242e-005 2 5 -9
4.38377e-005 2 5.5 -9
8.25201e-005 1.5 5.5 -9
0.000378001 1.5 5 -9
3.53528e-005 -3.5 -2.5 -9.5
3.74853e-005 -3.5 -2 -9.5
0.000425929 1 5 -9
0.000117766 0.5 5 -9
0.00141642 1 4.5 -9
4.37307e-005 -3 -2.5 -9.5
0.000207659 -3 -2 -9.5
0.000317431 -3 -1.5 -9.5
3.42301e-005 -2.5 -2 -9.5
0.000498806 -2.5 -1.5 -9.5
0.0012649 -2.5 -1 -9.5
0.000280673 -3 -1 -9.5
2.71577e-005 -3.5 -1.5 -9.5
0.00111047 0.5 4.5 -9
0.000205276 0 4.5 -9
0.00342841 0.5 4 -9
0.00169735 0 4 -9
2.57578e-005 -2 -1.5 -9.5
0.000728699 -2 -1 -9.5
0.00271726 -2 -0.5 -9.5
0.00144423 -2.5 -0.5 -9.5
5.61867e-005 -3 0 -9.5
0.000153112 -3 -0.5 -9.5
0.00082824 -1.5 -0.5 -9.5
0.00386324 -1.5 0 -9.5
0.00409833 -2 0 -9.5
0.00100057 -2.5 0 -9.5
0.00019624 -0.5 4 -9
0.00411289 -1 0.5 -9.5
0.000593207 -1 0 -9.5
0.00715225 -1.5 0.5 -9.5
0.00379564 -2 0.5 -9.5
0.000407539 -2.5 0.5 -9.5
0.000227691 -0.5 0.5 -9.5
0.0028341 -0.5 1 -9.5
0.00853583 -1 1 -9.5
0.00809899 -1.5 1 -9.5
0.0019247 -2 1 -9.5
0.000104252 -2.5 1 -9.5
2.03402e-005 0 1 -9.5
0.00105439 0 1.5 -9.5
0.00776771 -0.5 1.5 -9.5
0.0107945 -1 1.5 -9.5
0.00557952 -1.5 1.5 -9.5
0.00053351 -2 1.5 -9.5
0.00555795 0 3.5 -9
0.00156995 -0.5 3.5 -9
0.000122109 -1 3.5 -9
0.000166224 0.5 2 -9.5
0.00470802 0 2 -9.5
0.0106311 -0.5 2 -9.5
0.00958711 -1 2 -9.5
0.00189296 -1.5 2 -9.5
9.96589e-005 -2 2 -9.5
0.00162256 0.5 2.5 -9.5
0.00822708 0 2.5 -9.5
0.0103807 -0.5 2.5 -9.5
0.00428504 -1 2.5 -9.5
0.00035388 -1.5 2.5 -9.5
4.62173e-005 -1.5 3 -9.5
0.000309564 1 3 -9.5
0.0043326 0.5 3 -9.5
0.00822804 0 3 -9.5
0.0059 -0.5 3 -9.5
0.000867432 -1 3 -9.5
0.000113918 -1 3.5 -9.5
0.00143111 1 3.5 -9.5
0.000277683 1.5 4 -9.5
0.000175271 0 4.5 -9.5
0.00197431 1 4 -9.5
2.16833e-005 2 4.5 -9.5
0.000468835 1.5 4.5 -9.5
4.50823e-005 2 5 -9.5
0.000243415 1.5 5 -9.5
3.91965e-005 1.5 5.5 -9.5
0.00028791 1 5 -9.5
8.96049e-005 0.5 5 -9.5
2.09685e-005 -3.5 -3 -10
3.532e-005 -3.5 -2.5 -10
3.63721e-005 -3.5 -2 -10
6.59891e-005 -3 -2.5 -10
0.000233485 -3 -2 -10
0.000312573 -3 -1.5 -10
2.56478e-005 -3.5 -1.5 -10
0.00107155 1 4.5 -9.5
0.000873982 0.5 4.5 -9.5
0.00293393 0.5 4 -9.5
7.22139e-005 -2.5 -2 -10
0.000612493 -2.5 -1.5 -10
0.00126884 -2.5 -1 -10
0.000269086 -3 -1 -10
0.00148549 0 4 -9.5
0.000177484 -0.5 4 -9.5
5.75719e-005 -2 -1.5 -10
0.000930066 -2 -1 -10
0.00275764 -2 -0.5 -10
0.00139876 -2.5 -0.5 -10
2.69891e-005 -1.5 -1 -10
0.00104488 -1.5 -0.5 -10
0.00386269 -1.5 0 -10
0.00397076 -2 0 -10
0.00093371 -2.5 0 -10
4.75491e-005 -3 0 -10
0.000142492 -3 -0.5 -10
0.00486654 0.5 3.5 -9.5
0.00509938 0 3.5 -9.5
0.00404949 -1 0.5 -10
0.000719581 -1 0 -10
0.00689506 -1.5 0.5 -10
0.00359201 -2 0.5 -10
0.000354236 -2.5 0.5 -10
0.00274578 -0.5 1 -10
0.000266323 -0.5 0.5 -10
0.00813283 -1 1 -10
0.00763873 -1.5 1 -10
0.00170606 -2 1 -10
8.34605e-005 -2.5 1 -10
0.00144604 -0.5 3.5 -9.5
2.45424e-005 0 1 -10
0.000998011 0 1.5 -10
0.00722963 -0.5 1.5 -10
0.0099598 -1 1.5 -10
0.00499832 -1.5 1.5 -10
0.000442821 -2 1.5 -10
0.000148729 0.5 2 -10
0.00417268 0 2 -10
0.00947282 -0.5 2 -10
0.00848168 -1 2 -10
0.00158504 -1.5 2 -10
7.82404e-005 -2 2 -10
0.000284391 -1.5 2.5 -10
0.00132799 0.5 2.5 -10
0.00696445 0 2.5 -10
0.00888826 -0.5 2.5 -10
0.0035655 -1 2.5 -10
3.80679e-005 -1.5 3 -10
0.000685718 -1 3 -10
0.000228885 1 3 -10
0.00337996 0.5 3 -10
0.00657303 0 3 -10
0.00471196 -0.5 3 -10
8.93779e-005 -1 3.5 -10
0.00108804 -0.5 3.5 -10
0.000992526 1 3.5 -10
0.003533 0.5 3.5 -10
0.000163434 1.5 4 -10
4.63963e-005 0.5 5 -10
0.000232492 1.5 4.5 -10
0.000583495 1 4.5 -10
9.59784e-005 1.5 5 -10
2.16813e-005 -3.5 -3 -10.5
3.00777e-005 -3.5 -2.5 -10.5
2.99756e-005 -3.5 -2 -10.5
0.000122473 1 5 -10
0.000489177 0.5 4.5 -10
0.000113806 0 4.5 -10
2.12322e-005 -3.5 -1.5 -10.5
7.13797e-005 -3 -2.5 -10.5
0.000209199 -3 -2 -10.5
0.000214972 -3 -1 -10.5
0.000264046 -3 -1.5 -10.5
0.00123655 1 4 -10
0.00191542 0.5 4 -10
0.00100362 0 4 -10
0.00012832 -0.5 4 -10
9.50755e-005 -2.5 -2 -10.5
0.000580398 -2.5 -1.5 -10.5
0.00110611 -2.5 -1 -10.5
0.000105076 -3 -0.5 -10.5
7.70987e-005 -2 -1.5 -10.5
0.000894055 -2 -1 -10.5
3.20371e-005 -3 0 -10.5
0.00244387 -2 -0.5 -10.5
0.00336315 -1.5 0 -10.5
3.62008e-005 -1.5 -1 -10.5
0.0010037 -1.5 -0.5 -10.5
0.00327615 -2 0 -10.5
0.000715198 -2.5 0 -10.5
0.00115604 -2.5 -0.5 -10.5
0.000690055 -1 0 -10.5
0.00340446 -1 0.5 -10.5
0.0055477 -1.5 0.5 -10.5
0.00279927 -2 0.5 -10.5
0.000251168 -0.5 0.5 -10.5
0.00221206 -0.5 1 -10.5
0.00631184 -1 1 -10.5
0.00587842 -1.5 1 -10.5
0.00125641 -2 1 -10.5
5.43514e-005 -2.5 1 -10.5
0.000254863 -2.5 0.5 -10.5
0.00376505 0 3.5 -10
2.50318e-005 0 1 -10.5
0.000750741 0 1.5 -10.5
0.00531225 -0.5 1.5 -10.5
0.00735768 -1 1.5 -10.5
0.00366852 -1.5 1.5 -10.5
0.000305314 -2 1.5 -10.5
9.76007e-005 0.5 2 -10.5
0.00284206 0 2 -10.5
0.00664027 -0.5 2 -10.5
0.00598185 -1 2 -10.5
0.00109111 -1.5 2 -10.5
5.09139e-005 -2 2 -10.5
0.000815545 0.5 2.5 -10.5
0.00450359 0 2.5 -10.5
0.000124208 1 3 -10.5
0.00195999 0.5 3 -10.5
0.000486543 1 3.5 -10.5
4.6819e-005 0 4.5 -10.5
5.85374e-005 1.5 4 -10.5
0.000479944 1 4 -10.5
4.85988e-005 1.5 4.5 -10.5
2.06877e-005 -3.5 -2.5 -11
0.000151771 -3 -1.5 -11
5.14463e-005 -3 -2.5 -11
0.000127829 -3 -2 -11
0.000160284 1 4.5 -10.5
0.000137203 0.5 4.5 -10.5
0.000796186 0.5 4 -10.5
0.000448024 0 4 -10.5
7.00131e-005 -0.5 4 -10.5
0.000119768 -3 -1 -11
0.000391949 -2.5 -1.5 -11
8.05433e-005 -2.5 -2 -11
5.94193e-005 -3 -0.5 -11
0.00149972 -2 -0.5 -11
7.79883e-005 -2 -1.5 -11
0.000630907 -2 -1 -11
0.000680365 -2.5 -0.5 -11
0.000669226 -2.5 -1 -11
0.00181312 0.5 3.5 -10.5
0.00198314 0 3.5 -10.5
0.000714713 -1.5 -0.5 -11
4.61066e-005 -1.5 -1 -11
0.00202947 -1.5 0 -11
0.001918 -2 0 -11
0.00197847 -1 0.5 -11
0.00049028 -1 0 -11
0.00312554 -1.5 0.5 -11
0.00160696 -2 0.5 -11
0.000146328 -2.5 0.5 -11
0.000415201 -2.5 0 -11
0.000611937 -0.5 3.5 -10.5
5.22686e-005 -1 3.5 -10.5
0.000173176 -0.5 0.5 -11
0.00120492 -0.5 1 -11
0.00339537 -1 1 -11
0.00323838 -1.5 1 -11
0.000716913 -2 1 -11
0.00037315 0 1.5 -11
0.00265242 -0.5 1.5 -11
0.00380691 -1 1.5 -11
0.00198385 -1.5 1.5 -11
4.36364e-005 0.5 2 -11
0.00125977 0 2 -11
0.000313601 0.5 2.5 -11
3.73923e-005 1 3 -11
4.17407e-005 1 4 -11
8.49138e-005 0.5 4 -11
5.95662e-005 0 4 -11
3.53555e-005 -3 -2 -11.5
2.18975e-005 -3 -2.5 -11.5
3.3195e-005 -3 -1 -11.5
4.13488e-005 -3 -1.5 -11.5
0.000204264 -2.5 -1 -11.5
3.56872e-005 -2.5 -2 -11.5
0.000134942 -2.5 -1.5 -11.5
9.68425e-005 1 3.5 -11
0.000407556 0.5 3.5 -11
0.00047353 0 3.5 -11
0.000183985 -0.5 3.5 -11
0.000206454 -2.5 -0.5 -11.5
0.000469649 -2 -0.5 -11.5
5.11113e-005 -2 -1.5 -11.5
0.000136165 -2.5 0 -11.5
0.000569408 -2 0 -11.5
0.00023726 -2 -1 -11.5
0.000622417 -1.5 0 -11.5
3.5324e-005 -1.5 -1 -11.5
5.25596e-005 -2.5 0.5 -11.5
0.000564827 -1 0.5 -11.5
0.000849431 -1.5 0.5 -11.5
0.000491787 -2 0.5 -11.5
0.00018775 -1 0 -11.5
0.000302068 -0.5 1 -11.5
0.000819709 -1 1 -11.5
6.56126e-005 -0.5 0.5 -11.5
7.67395e-005 0 1.5 -11.5
2.97645e-005 0.5 2.5 -11.5
2.16502e-005 -1.5 -0.5 -12
2.36709e-005 0.5 3 -11.5
6.23967e-005 0 3 -11.5
5.96834e-005 -0.5 3 -11.5
0.000186853 0 2.5 -11.5
0.000290345 -0.5 2.5 -11.5
0.000165461 -1 2.5 -11.5
2.04094e-005 -1.5 2.5 -11.5
0.000181836 0 2 -11.5
0.000527384 -0.5 2 -11.5
0.000551111 -1 2 -11.5
0.000149372 -1.5 2 -11.5
0.000521864 -0.5 1.5 -11.5
0.00083377 -1 1.5 -11.5
0.00052619 -1.5 1.5 -11.5
5.72543e-005 -2 1.5 -11.5
0.000854645 -1.5 1 -11.5
0.000239386 -2 1 -11.5
0.000275009 -1.5 -0.5 -11.5
0.00063763 0.5 3 -11
0.00134788 0 3 -11
0.00105282 -0.5 3 -11
0.000179151 -1 3 -11
0.00183621 0 2.5 -11
0.00250802 -0.5 2.5 -11
0.00108541 -1 2.5 -11
9.32536e-005 -1.5 2.5 -11
0.00314734 -0.5 2 -11
0.00293373 -1 2 -11
0.000568967 -1.5 2 -11
2.82127e-005 -2 2 -11
0.00016929 -2 1.5 -11
3.15241e-005 -2.5 1 -11
0.00392618 0 3 -10.5
0.00287572 -0.5 3 -10.5
0.000427492 -1 3 -10.5
2.20869e-005 -1.5 3 -10.5
0.00587047 -0.5 2.5 -10.5
0.0023682 -1 2.5 -10.5
0.00018671 -1.5 2.5 -10.5
