2.89404e-005 -6 1.5 0.5
6.90533e-005 -5.5 1.5 0.5
4.79025e-005 -4.5 1.5 0.5
7.34382e-005 -5 1.5 0.5
4.54322e-005 -6 1.5 1
6.36552e-005 -4.5 1.5 1
9.83603e-005 -5 1.5 1
4.10608e-005 -6 1.5 1.5
6.34907e-005 -4.5 1.5 1.5
9.87201e-005 -5 1.5 1.5
9.48511e-005 -5.5 1.5 1.5
2.58892e-005 -6 1.5 2
4.50314e-005 -4.5 1.5 2
7.28956e-005 -5 1.5 2
3.31195e-005 -5 1.5 2.5
2.98187e-005 -5.5 1.5 2.5
6.87576e-005 -5.5 1.5 2
9.47552e-005 -5.5 1.5 1
2.26626e-005 -5.5 2 -0.5
9.68254e-005 -6 2 0
2.2897e-005 -4 2 -0.5
3.7857e-005 -4.5 2 -0.5
0.000205396 -5.5 2 0
0.00022531 -5 2 0
3.37322e-005 -6.5 2 0.5
0.000207133 -6 2 0.5
6.60076e-005 -4 2 0
0.000179124 -4.5 2 0
0.000451794 -5.5 2 0.5
0.000114515 -4 2 0.5
0.000362234 -4.5 2 0.5
0.000481127 -5 2 0.5
3.22124e-005 -5 2 -0.5
0.000240381 -6 2 1
0.000537953 -5.5 2 1
0.000124183 -4 2 1
0.000422356 -4.5 2 1
0.000574534 -5 2 1
3.18262e-005 -6.5 2 1.5
0.000227569 -6 2 1.5
0.000525077 -5.5 2 1.5
0.000105624 -4 2 1.5
0.000411923 -4.5 2 1.5
0.000564438 -5 2 1.5
3.73185e-005 -6.5 2 1
0.000148831 -6 2 2
6.99477e-005 -4 2 2
0.000299106 -4.5 2 2
0.00041538 -5 2 2
0.000376682 -5.5 2 2
6.14372e-005 -6 2 2.5
3.25327e-005 -4 2 2.5
0.000153515 -4.5 2 2.5
0.000212124 -5 2 2.5
0.000183077 -5.5 2 2.5
4.66192e-005 -4.5 2 3
6.244e-005 -5 2 3
4.80526e-005 -5.5 2 3
2.0925e-005 -5.5 2.5 -1
2.5077e-005 -4 2.5 -1
3.99256e-005 -6.5 2.5 -0.5
0.000308302 -5 2.5 -0.5
2.6461e-005 -3.5 2.5 -0.5
0.0001564 -4 2.5 -0.5
0.000275976 -4.5 2.5 -0.5
0.000266015 -5.5 2.5 -0.5
0.000141761 -6 2.5 -0.5
0.000128772 -6.5 2.5 0
0.000588589 -6 2.5 0
3.23611e-005 -3.5 2.5 0
0.000391652 -4 2.5 0
0.000968136 -4.5 2.5 0
0.00123494 -5 2.5 0
0.0011646 -5.5 2.5 0
0.000184763 -6.5 2.5 0.5
0.00199595 -5.5 2.5 0.5
0.00210105 -5 2.5 0.5
0.00055215 -4 2.5 0.5
0.00159433 -4.5 2.5 0.5
0.000189581 -6.5 2.5 1
0.00101913 -6 2.5 1
0.00220575 -5.5 2.5 1
0.000584563 -4 2.5 1
0.00177616 -4.5 2.5 1
0.00235096 -5 2.5 1
0.000153268 -6.5 2.5 1.5
0.000927019 -6 2.5 1.5
0.000950067 -6 2.5 0.5
0.0005147 -4 2.5 1.5
0.00172814 -4.5 2.5 1.5
0.00228708 -5 2.5 1.5
8.39996e-005 -6.5 2.5 2
0.000585761 -6 2.5 2
0.000369781 -4 2.5 2
0.00128643 -4.5 2.5 2
0.00169414 -5 2.5 2
0.00150029 -5.5 2.5 2
2.74242e-005 -6.5 2.5 2.5
0.00211557 -5.5 2.5 1.5
0.000201332 -4 2.5 2.5
0.000707348 -4.5 2.5 2.5
0.00090812 -5 2.5 2.5
0.000746533 -5.5 2.5 2.5
7.87619e-005 -4 2.5 3
0.000262976 -4.5 2.5 3
0.000319285 -5 2.5 3
0.000226928 -5.5 2.5 3
5.63395e-005 -6 2.5 3
5.31994e-005 -4.5 2.5 3.5
6.10186e-005 -5 2.5 3.5
3.8606e-005 -5.5 2.5 3.5
3.48063e-005 -6.5 3 -1
8.3237e-005 -6 3 -1
0.000136072 -5.5 3 -1
0.00014833 -5 3 -1
4.24073e-005 -3.5 3 -1
3.85499e-005 -7 3 -0.5
0.000115719 -4 3 -1
0.000138855 -4.5 3 -1
0.000229252 -6.5 3 -0.5
0.000846037 -6 3 -0.5
8.72944e-005 -3.5 3 -0.5
6.44552e-005 -7 3 0
0.000577226 -4 3 -0.5
0.00122717 -4.5 3 -0.5
0.00154041 -5 3 -0.5
0.00150504 -5.5 3 -0.5
0.000457276 -6.5 3 0
0.00196396 -6 3 0
0.00367897 -5.5 3 0
9.95635e-005 -3.5 3 0
0.00117805 -4 3 0
0.00291578 -4.5 3 0
7.30668e-005 -7 3 0.5
0.000556479 -6.5 3 0.5
0.00263051 -6 3 0.5
0.00524614 -5.5 3 0.5
7.51415e-005 -3.5 3 0.5
0.00157332 -4 3 0.5
0.00422993 -4.5 3 0.5
0.00547716 -5 3 0.5
7.01331e-005 -7 3 1
0.000563389 -6.5 3 1
0.00273163 -6 3 1
0.0055785 -5.5 3 1
5.67349e-005 -3.5 3 1
0.00165465 -4 3 1
0.0045609 -4.5 3 1
0.00588879 -5 3 1
0.00376964 -5 3 0
0.000244318 -6 2.5 2.5
0.000469991 -6.5 3 1.5
0.00251928 -6 3 1.5
3.34272e-005 -3.5 3 1.5
0.00150937 -4 3 1.5
0.0044614 -4.5 3 1.5
0.00575597 -5 3 1.5
0.00538958 -5.5 3 1.5
2.28873e-005 -7 3 2
0.000279928 -6.5 3 2
0.00170411 -6 3 2
0.00111749 -4 3 2
0.00344201 -4.5 3 2
0.00442976 -5 3 2
0.00400925 -5.5 3 2
4.86602e-005 -7 3 1.5
0.000645383 -4 3 2.5
0.00202029 -4.5 3 2.5
0.00255434 -5 3 2.5
0.00219448 -5.5 3 2.5
0.000815006 -6 3 2.5
0.000279543 -4 3 3
0.000858144 -4.5 3 3
0.00104571 -5 3 3
0.000806668 -5.5 3 3
0.000231304 -6 3 3
2.22363e-005 -6.5 3 3
7.41057e-005 -4 3 3.5
0.000224247 -4.5 3 3.5
0.000259496 -5 3 3.5
0.000172507 -5.5 3 3.5
3.65213e-005 -6 3 3.5
3.86598e-005 -4.5 3 4
4.31581e-005 -5 3 4
2.42326e-005 -5.5 3 4
2.9865e-005 -4.5 3.5 -1.5
3.59793e-005 -5 3.5 -1.5
3.59145e-005 -5.5 3.5 -1.5
3.03995e-005 -6 3.5 -1.5
2.19906e-005 -6.5 3.5 -1.5
2.8835e-005 -7 3.5 -1
0.000195037 -6.5 3.5 -1
0.000626734 -6 3.5 -1
0.000694582 -4.5 3.5 -1
9.49339e-005 -3.5 3.5 -1
0.000376043 -4 3.5 -1
0.000934815 -5 3.5 -1
0.000961846 -5.5 3.5 -1
8.14162e-005 -7 3.5 -0.5
0.000181237 -3.5 3.5 -0.5
0.00129633 -4 3.5 -0.5
0.00287304 -4.5 3.5 -0.5
0.00367846 -5 3.5 -0.5
0.00363288 -5.5 3.5 -0.5
0.00203273 -6 3.5 -0.5
0.000508354 -6.5 3.5 -0.5
0.000109821 -6.5 3 2.5
0.000112198 -7 3.5 0
0.000791859 -6.5 3.5 0
0.00689889 -5 3.5 0
0.000231327 -3.5 3.5 0
0.00236744 -4 3.5 0
0.00549618 -4.5 3.5 0
0.0066574 -5.5 3.5 0
0.00348754 -6 3.5 0
0.0001255 -7 3.5 0.5
0.000912819 -6.5 3.5 0.5
0.00428096 -6 3.5 0.5
0.00862376 -5.5 3.5 0.5
0.000243256 -3.5 3.5 0.5
0.00306031 -4 3.5 0.5
0.00733455 -4.5 3.5 0.5
0.00911331 -5 3.5 0.5
0.000125211 -7 3.5 1
0.000926316 -6.5 3.5 1
0.00906663 -5.5 3.5 1
0.00441567 -6 3.5 1
0.00022092 -3.5 3.5 1
0.00321098 -4 3.5 1
0.00779777 -4.5 3.5 1
0.00966261 -5 3.5 1
9.91255e-005 -7 3.5 1.5
0.00420027 -6 3.5 1.5
0.000821052 -6.5 3.5 1.5
0.000172342 -3.5 3.5 1.5
0.00306792 -4 3.5 1.5
0.00769307 -4.5 3.5 1.5
0.00954573 -5 3.5 1.5
0.00890548 -5.5 3.5 1.5
5.12751e-005 -7 3.5 2
0.000509626 -6.5 3.5 2
0.00292262 -6 3.5 2
9.06159e-005 -3.5 3.5 2
0.00230891 -4 3.5 2
0.0060663 -4.5 3.5 2
0.0075291 -5 3.5 2
0.0068074 -5.5 3.5 2
0.000210669 -6.5 3.5 2.5
4.33328e-005 -3.5 3.5 2.5
0.00135547 -4 3.5 2.5
0.00359467 -4.5 3.5 2.5
0.00439597 -5 3.5 2.5
0.00375066 -5.5 3.5 2.5
0.00142389 -6 3.5 2.5
0.000593049 -4 3.5 3
0.00154124 -4.5 3.5 3
0.00181512 -5 3.5 3
0.00139066 -5.5 3.5 3
0.000431481 -6 3.5 3
4.88464e-005 -6.5 3.5 3
0.000171113 -4 3.5 3.5
0.000416108 -4.5 3.5 3.5
0.000466889 -5 3.5 3.5
0.000321021 -5.5 3.5 3.5
8.29463e-005 -6 3.5 3.5
3.26317e-005 -4 3.5 4
7.98491e-005 -4.5 3.5 4
8.82662e-005 -5 3.5 4
5.58893e-005 -5.5 3.5 4
0.000239009 -6 4 -1.5
0.000105901 -6.5 4 -1.5
2.50591e-005 -3.5 4 -1.5
5.40594e-005 -4 4 -1.5
0.000101322 -4.5 4 -1.5
0.000192045 -5 4 -1.5
0.000237856 -5.5 4 -1.5
4.51204e-005 -7 4 -1
0.000322263 -6.5 4 -1
0.00122664 -6 4 -1
0.000130496 -3.5 4 -1
0.000659868 -4 4 -1
0.00143411 -4.5 4 -1
0.00195888 -5 4 -1
0.00200367 -5.5 4 -1
0.000568299 -6.5 4 -0.5
8.67678e-005 -7 4 -0.5
0.000289989 -3.5 4 -0.5
0.00191229 -4 4 -0.5
0.00406313 -4.5 4 -0.5
0.00502764 -5 4 -0.5
0.00484072 -5.5 4 -0.5
0.000107716 -7 4 0
0.000759771 -6.5 4 0
0.00361557 -6 4 0
0.000456233 -3.5 4 0
0.00329689 -4 4 0
0.00686347 -4.5 4 0
0.00818104 -5 4 0
0.00757357 -5.5 4 0
0.00011483 -7 4 0.5
0.000555368 -3.5 4 0.5
0.0042331 -4 4 0.5
0.00871552 -4.5 4 0.5
0.0101547 -5 4 0.5
0.00907736 -5.5 4 0.5
0.00411395 -6 4 0.5
0.000836104 -6.5 4 0.5
0.00251593 -6 4 -0.5
0.00084862 -6.5 4 1
0.000572568 -3.5 4 1
0.00446121 -4 4 1
0.00916863 -4.5 4 1
0.010606 -5 4 1
0.00936765 -5.5 4 1
0.00419767 -6 4 1
9.25509e-005 -7 4 1.5
0.000493022 -3.5 4 1.5
0.00434839 -4 4 1.5
0.00903797 -4.5 4 1.5
0.0104153 -5 4 1.5
0.00909023 -5.5 4 1.5
0.00397333 -6 4 1.5
0.000759794 -6.5 4 1.5
0.000327017 -3.5 4 2
0.00329795 -4 4 2
0.00695993 -4.5 4 2
0.00792032 -5 4 2
0.00665577 -5.5 4 2
0.00271488 -6 4 2
0.000465648 -6.5 4 2
4.71005e-005 -7 4 2
0.000115087 -7 4 1
0.000170968 -3.5 4 2.5
0.00188328 -4 4 2.5
0.00393633 -4.5 4 2.5
0.00441497 -5 4 2.5
0.00354274 -5.5 4 2.5
0.00129734 -6 4 2.5
0.000189032 -6.5 4 2.5
6.73096e-005 -3.5 4 3
0.00077683 -4 4 3
0.00158259 -4.5 4 3
0.0017461 -5 4 3
0.0012848 -5.5 4 3
0.000384475 -6 4 3
4.39374e-005 -6.5 4 3
0.000206667 -4 4 3.5
0.000408379 -4.5 4 3.5
0.000442465 -5 4 3.5
0.000296516 -5.5 4 3.5
7.61586e-005 -6 4 3.5
3.95431e-005 -4 4 4
7.94876e-005 -4.5 4 4
8.49645e-005 -5 4 4
5.32483e-005 -5.5 4 4
2.17633e-005 -6.5 4.5 -2
2.06469e-005 -3.5 4.5 -1.5
7.03662e-005 -4 4.5 -1.5
0.000189563 -4.5 4.5 -1.5
0.000368944 -5 4.5 -1.5
0.000449019 -5.5 4.5 -1.5
0.000404523 -6 4.5 -1.5
0.000147598 -6.5 4.5 -1.5
0.00012757 -3.5 4.5 -1
0.0007454 -4 4.5 -1
0.00167379 -4.5 4.5 -1
0.00224199 -5 4.5 -1
0.00225175 -5.5 4.5 -1
0.00128484 -6 4.5 -1
0.000305426 -6.5 4.5 -1
4.01601e-005 -7 4.5 -1
0.000335555 -3.5 4.5 -0.5
0.00203586 -4 4.5 -0.5
0.00415439 -4.5 4.5 -0.5
0.00498797 -5 4.5 -0.5
0.00465364 -5.5 4.5 -0.5
0.0022306 -6 4.5 -0.5
0.000462658 -6.5 4.5 -0.5
6.83055e-005 -7 4.5 -0.5
0.000590999 -3.5 4.5 0
0.00345793 -4 4.5 0
0.00669144 -4.5 4.5 0
0.00769492 -5 4.5 0
0.00680288 -5.5 4.5 0
0.00297549 -6 4.5 0
0.000579713 -6.5 4.5 0
7.97891e-005 -7 4.5 0
0.000781634 -3.5 4.5 0.5
0.00447177 -4 4.5 0.5
0.00836209 -4.5 4.5 0.5
0.00942552 -5 4.5 0.5
0.00800391 -5.5 4.5 0.5
0.00332722 -6 4.5 0.5
0.000630031 -6.5 4.5 0.5
8.51949e-005 -7 4.5 0.5
0.000831814 -3.5 4.5 1
0.00474481 -4 4.5 1
0.00877984 -4.5 4.5 1
0.00984458 -5 4.5 1
0.00825331 -5.5 4.5 1
0.00339312 -6 4.5 1
0.000639546 -6.5 4.5 1
8.53986e-005 -7 4.5 1
0.000788255 -3.5 4.5 1.5
0.0046622 -4 4.5 1.5
0.00860928 -4.5 4.5 1.5
0.00961408 -5 4.5 1.5
0.00791348 -5.5 4.5 1.5
0.0031217 -6 4.5 1.5
0.000553529 -6.5 4.5 1.5
6.70427e-005 -7 4.5 1.5
0.0005677 -3.5 4.5 2
0.0035301 -4 4.5 2
0.00642732 -4.5 4.5 2
0.00706809 -5 4.5 2
0.00547813 -5.5 4.5 2
0.00197901 -6 4.5 2
0.000320015 -6.5 4.5 2
3.20743e-005 -7 4.5 2
0.000309307 -3.5 4.5 2.5
0.00195533 -4 4.5 2.5
0.00346818 -4.5 4.5 2.5
0.0037375 -5 4.5 2.5
0.00269122 -5.5 4.5 2.5
0.000868024 -6 4.5 2.5
0.000120698 -6.5 4.5 2.5
0.000119719 -3.5 4.5 3
0.000760488 -4 4.5 3
0.00129931 -4.5 4.5 3
0.00135805 -5 4.5 3
0.00088423 -5.5 4.5 3
0.000236368 -6 4.5 3
2.69998e-005 -6.5 4.5 3
2.84194e-005 -3.5 4.5 3.5
0.000190657 -4 4.5 3.5
0.000320435 -4.5 4.5 3.5
0.000328726 -5 4.5 3.5
0.00020172 -5.5 4.5 3.5
4.84264e-005 -6 4.5 3.5
3.62144e-005 -4 4.5 4
6.30382e-005 -4.5 4.5 4
6.40292e-005 -5 4.5 4
3.72821e-005 -5.5 4.5 4
2.52594e-005 -6 5 -2
2.83177e-005 -6.5 5 -2
3.26596e-005 -4 5 -1.5
0.000125544 -4.5 5 -1.5
0.000279749 -5 5 -1.5
0.000365088 -5.5 5 -1.5
0.000327601 -6 5 -1.5
0.000114231 -6.5 5 -1.5
4.78104e-005 -3.5 5 -1
0.00038053 -4 5 -1
0.00100561 -4.5 5 -1
0.00142924 -5 5 -1
0.00145822 -5.5 5 -1
0.00084886 -6 5 -1
0.000194232 -6.5 5 -1
2.11339e-005 -7 5 -1
0.000187559 -3.5 5 -0.5
0.00120871 -4 5 -0.5
0.00256788 -4.5 5 -0.5
0.0031331 -5 5 -0.5
0.0029427 -5.5 5 -0.5
0.00140697 -6 5 -0.5
0.000275341 -6.5 5 -0.5
0.000416195 -3.5 5 0
0.00228785 -4 5 0
0.00437344 -4.5 5 0
0.00502219 -5 5 0
0.00440451 -5.5 5 0
0.0018601 -6 5 0
0.000339081 -6.5 5 0
3.89868e-005 -7 5 0
4.80977e-005 -7 5 0.5
0.000664149 -3.5 5 0.5
0.00325848 -4 5 0.5
0.00581676 -4.5 5 0.5
0.006469 -5 5 0.5
0.00530835 -5.5 5 0.5
0.00207226 -6 5 0.5
0.000370912 -6.5 5 0.5
0.000796517 -3.5 5 1
0.0036934 -4 5 1
0.00633046 -4.5 5 1
0.00692821 -5 5 1
0.00551226 -5.5 5 1
0.00211346 -6 5 1
0.000376064 -6.5 5 1
4.80186e-005 -7 5 1
0.000810769 -3.5 5 1.5
0.00372957 -4 5 1.5
0.00629789 -4.5 5 1.5
0.00682431 -5 5 1.5
0.0052209 -5.5 5 1.5
0.00184294 -6 5 1.5
0.000299066 -6.5 5 1.5
3.44619e-005 -7 5 1.5
0.000664422 -3.5 5 2
0.00294472 -4 5 2
0.00464672 -4.5 5 2
0.00486274 -5 5 2
0.00336982 -5.5 5 2
0.00104578 -6 5 2
0.000155395 -6.5 5 2
5.11635e-005 -6.5 5 2.5
0.000383151 -3.5 5 2.5
0.00156843 -4 5 2.5
0.00232392 -4.5 5 2.5
0.00236307 -5 5 2.5
0.00148186 -5.5 5 2.5
0.000395774 -6 5 2.5
0.000145295 -3.5 5 3
0.000555496 -4 5 3
0.000772425 -4.5 5 3
0.00076093 -5 5 3
0.000423101 -5.5 5 3
9.77009e-005 -6 5 3
3.19547e-005 -3.5 5 3.5
0.00013034 -4 5 3.5
0.000182206 -4.5 5 3.5
0.000178155 -5 5 3.5
9.62111e-005 -5.5 5 3.5
2.04401e-005 -6 5 3.5
2.44298e-005 -4 5 4
3.56293e-005 -4.5 5 4
3.44428e-005 -5 5 4
3.86199e-005 -5 5.5 -1.5
6.71783e-005 -5.5 5.5 -1.5
8.21869e-005 -6 5.5 -1.5
4.23664e-005 -6.5 5.5 -1.5
4.41813e-005 -4 5.5 -1
0.00019539 -4.5 5.5 -1
0.000370898 -5 5.5 -1
0.000415381 -5.5 5.5 -1
0.000299298 -6 5.5 -1
7.89916e-005 -6.5 5.5 -1
2.39049e-005 -3.5 5.5 -0.5
0.000280144 -4 5.5 -0.5
0.000740568 -4.5 5.5 -0.5
0.00102112 -5 5.5 -0.5
0.00102586 -5.5 5.5 -0.5
0.00057028 -6 5.5 -0.5
0.000118126 -6.5 5.5 -0.5
9.90436e-005 -3.5 5.5 0
0.000717948 -4 5.5 0
0.00155274 -4.5 5.5 0
0.00190313 -5 5.5 0
0.00178231 -5.5 5.5 0
0.000820095 -6 5.5 0
0.000148829 -6.5 5.5 0
0.000224974 -3.5 5.5 0.5
0.001257 -4 5.5 0.5
0.00240461 -4.5 5.5 0.5
0.00275626 -5 5.5 0.5
0.00237895 -5.5 5.5 0.5
0.000944708 -6 5.5 0.5
0.000161166 -6.5 5.5 0.5
0.000354658 -3.5 5.5 1
0.00165418 -4 5.5 1
0.00288008 -4.5 5.5 1
0.00318037 -5 5.5 1
0.00254772 -5.5 5.5 1
0.000966363 -6 5.5 1
0.000160585 -6.5 5.5 1
0.000781666 -6 5.5 1.5
0.000413258 -3.5 5.5 1.5
0.00175126 -4 5.5 1.5
0.00295697 -4.5 5.5 1.5
0.00321583 -5 5.5 1.5
0.00242809 -5.5 5.5 1.5
0.000111635 -6.5 5.5 1.5
0.000414252 -3.5 5.5 2
0.00156597 -4 5.5 2
0.00230126 -4.5 5.5 2
0.00234979 -5 5.5 2
0.00147183 -5.5 5.5 2
0.000376053 -6 5.5 2
4.85982e-005 -6.5 5.5 2
0.000275484 -3.5 5.5 2.5
0.000846907 -4 5.5 2.5
0.00109543 -4.5 5.5 2.5
0.00105084 -5 5.5 2.5
0.000544809 -5.5 5.5 2.5
0.000111032 -6 5.5 2.5
9.77411e-005 -3.5 5.5 3
0.000271614 -4 5.5 3
0.000321657 -4.5 5.5 3
0.00028843 -5 5.5 3
0.000132081 -5.5 5.5 3
2.38365e-005 -6 5.5 3
5.88099e-005 -4 5.5 3.5
7.21309e-005 -4.5 5.5 3.5
6.48282e-005 -5 5.5 3.5
2.76571e-005 -5.5 5.5 3.5
2.3962e-005 -5.5 6 -1
2.74655e-005 -6 6 -1
2.87451e-005 -4.5 6 -0.5
7.68603e-005 -5 6 -0.5
9.66816e-005 -5.5 6 -0.5
8.23972e-005 -6 6 -0.5
3.04174e-005 -4 6 0
0.000125164 -4.5 6 0
0.000215313 -5 6 0
0.000233238 -5.5 6 0
0.000151932 -6 6 0
0.00010525 -4 6 0.5
0.000283529 -4.5 6 0.5
0.000391015 -5 6 0.5
0.000392347 -5.5 6 0.5
0.000202339 -6 6 0.5
3.68438e-005 -6.5 6 0.5
2.59758e-005 -3.5 6 1
0.000201002 -4 6 1
0.000434518 -4.5 6 1
0.000529009 -5 6 1
0.000482496 -5.5 6 1
0.000212063 -6 6 1
3.53377e-005 -6.5 6 1
4.8503e-005 -3.5 6 1.5
0.000266505 -4 6 1.5
0.000491878 -4.5 6 1.5
0.000569248 -5 6 1.5
0.000481271 -5.5 6 1.5
0.000157251 -6 6 1.5
6.38695e-005 -3.5 6 2
0.000278854 -4 6 2
0.000456566 -4.5 6 2
0.000476438 -5 6 2
0.000274515 -5.5 6 2
5.08977e-005 -6 6 2
6.15447e-005 -3.5 6 2.5
0.000184454 -4 6 2.5
0.000222681 -4.5 6 2.5
0.000188283 -5 6 2.5
6.682e-005 -5.5 6 2.5
2.60921e-005 -3.5 6 3
5.1774e-005 -4 6 3
5.38003e-005 -4.5 6 3
3.72195e-005 -5 6 3
2.91474e-005 -6.5 6 0
3.00116e-005 -7 5 -0.5
