2.65213e-005 -5 -10.5 -20
5.04358e-005 -5 -10.5 -19.5
7.19714e-005 -5 -10.5 -19
7.95943e-005 -5 -10.5 -18.5
8.08771e-005 -5 -10.5 -18
6.14297e-005 -5 -10.5 -17.5
3.20227e-005 -5 -10.5 -17
4.18956e-005 -4.5 -10 -21
0.000108367 -4.5 -10 -20.5
0.000183065 -4.5 -10 -20
0.000252537 -4.5 -10 -19.5
0.000287989 -4.5 -10 -19
0.000262723 -4.5 -10 -18.5
0.000183175 -4.5 -10 -18
9.01428e-005 -4.5 -10 -17.5
2.19165e-005 -4.5 -10 -17
2.08426e-005 -5.5 -11.5 -16
5.72266e-005 -5.5 -11.5 -17
6.44653e-005 -5.5 -11.5 -17.5
5.79711e-005 -5.5 -11.5 -18
4.27984e-005 -5.5 -11.5 -18.5
2.42192e-005 -5.5 -11.5 -19
0.000109261 -5 -11 -19.5
5.46336e-005 -5 -11 -20
4.52567e-005 -4.5 -10.5 -21
0.000141406 -4.5 -10.5 -20.5
0.000276306 -4.5 -10.5 -20
0.00039356 -4.5 -10.5 -19.5
0.00017049 -5 -11 -19
0.000454753 -4.5 -10.5 -19
0.000214031 -5 -11 -18.5
0.000435007 -4.5 -10.5 -18.5
0.000217027 -5 -11 -18
0.000353093 -4.5 -10.5 -18
0.000181229 -5 -11 -17.5
0.000215833 -4.5 -10.5 -17.5
0.000110347 -5 -11 -17
4.02045e-005 -5.5 -11.5 -16.5
8.38841e-005 -4.5 -10.5 -17
4.16142e-005 -5 -11 -16.5
2.4116e-005 -4 -10 -17
0.000132672 -4 -10 -17.5
0.000319945 -4 -10 -18
0.000533214 -4 -10 -18.5
0.000653511 -4 -10 -19
0.000644577 -4 -10 -19.5
0.000542462 -4 -10 -20
0.000383462 -4 -10 -20.5
5.78253e-005 -4 -10 -21.5
2.30233e-005 -4.5 -9.5 -21
0.000195487 -4 -10 -21
5.38776e-005 -4.5 -9.5 -20.5
8.53715e-005 -4.5 -9.5 -20
0.000113536 -4.5 -9.5 -19.5
0.000121753 -4.5 -9.5 -19
0.000104004 -4.5 -9.5 -18.5
6.42438e-005 -4.5 -9.5 -18
2.5082e-005 -4.5 -9.5 -17.5
2.75256e-005 -5.5 -12 -15.5
3.62166e-005 -6 -12.5 -15.5
5.08589e-005 -6 -12.5 -16
5.53115e-005 -6 -12.5 -16.5
4.86239e-005 -6 -12.5 -17
3.67215e-005 -6 -12.5 -17.5
2.01922e-005 -6 -12.5 -18
0.00010256 -5.5 -12 -18.5
5.5387e-005 -5.5 -12 -19
2.41664e-005 -5.5 -12 -19.5
2.79245e-005 -4 -10.5 -21.5
3.15724e-005 -4.5 -11 -21
2.15163e-005 -5 -11.5 -20.5
0.000126264 -4 -10.5 -21
0.000124091 -4.5 -11 -20.5
7.50462e-005 -5 -11.5 -20
0.000310051 -4 -10.5 -20.5
0.000270107 -4.5 -11 -20
0.000170786 -5 -11.5 -19.5
0.00050568 -4 -10.5 -20
0.000425688 -4.5 -11 -19.5
0.000281408 -5 -11.5 -19
0.00062738 -4 -10.5 -19.5
0.000549385 -4.5 -11 -19
0.000350399 -5 -11.5 -18.5
0.000152676 -5.5 -12 -18
0.000662612 -4 -10.5 -19
0.000554918 -4.5 -11 -18.5
0.000372068 -5 -11.5 -18
0.000174917 -5.5 -12 -17.5
0.000606652 -4 -10.5 -18.5
0.000491776 -4.5 -11 -18
0.00034095 -5 -11.5 -17.5
0.000166454 -5.5 -12 -17
0.00045265 -4 -10.5 -18
0.000355998 -4.5 -11 -17.5
0.000250424 -5 -11.5 -17
0.000132728 -5.5 -12 -16.5
0.00025773 -4 -10.5 -17.5
0.000188048 -4.5 -11 -17
0.000134299 -5 -11.5 -16.5
7.85461e-005 -5.5 -12 -16
8.5659e-005 -4 -10.5 -17
6.00385e-005 -4.5 -11 -16.5
4.06998e-005 -5 -11.5 -16
6.24113e-005 -3.5 -10 -17.5
0.000196372 -3.5 -10 -18
5.44204e-005 -4 -9.5 -17.5
0.000377113 -3.5 -10 -18.5
0.000554957 -3.5 -10 -19
0.000646024 -3.5 -10 -19.5
0.000599258 -3.5 -10 -20
0.000460573 -3.5 -10 -20.5
0.00026046 -3.5 -10 -21
8.65716e-005 -3.5 -10 -21.5
7.95221e-005 -4 -9.5 -21.5
0.000222056 -4 -9.5 -21
0.00039644 -4 -9.5 -20.5
0.000537281 -4 -9.5 -20
2.59482e-005 -4.5 -9 -19.5
0.000576934 -4 -9.5 -19.5
3.14434e-005 -4.5 -9 -19
0.000503412 -4 -9.5 -19
2.62577e-005 -4.5 -9 -18.5
0.000357764 -4 -9.5 -18.5
0.00018517 -4 -9.5 -18
2.1609e-005 -6.5 -13.5 -14
2.78185e-005 -6 -13 -14.5
3.11597e-005 -5.5 -12.5 -15
3.81607e-005 -6.5 -13.5 -14.5
6.82339e-005 -6 -13 -15
9.94708e-005 -5.5 -12.5 -15.5
4.84526e-005 -6.5 -13.5 -15
0.000112085 -6 -13 -15.5
5.70136e-005 -3.5 -10.5 -17.5
0.000192361 -5.5 -12.5 -16
5.10089e-005 -6.5 -13.5 -15.5
0.000142044 -6 -13 -16
0.000160106 -3.5 -10.5 -18
4.40402e-005 -6.5 -13.5 -16
0.000271831 -3.5 -10.5 -18.5
3.3851e-005 -6.5 -13.5 -16.5
0.000389988 -3.5 -10.5 -19
9.14307e-005 -6 -13 -17.5
0.000431262 -3.5 -10.5 -19.5
0.000169296 -5.5 -12.5 -18.5
5.01523e-005 -6 -13 -18
0.00037428 -3.5 -10.5 -20
0.000262377 -3.5 -10.5 -20.5
2.03291e-005 -6 -13 -18.5
0.000116928 -3.5 -10.5 -21
0.000195091 -4 -11 -20.5
2.14053e-005 -3.5 -10.5 -21.5
5.62331e-005 -4 -11 -21
7.67457e-005 -4.5 -11.5 -20.5
6.7114e-005 -5 -12 -20
3.30069e-005 -5.5 -12.5 -19.5
0.000212769 -4.5 -11.5 -20
0.000165362 -5 -12 -19.5
8.67588e-005 -5.5 -12.5 -19
0.000385368 -4 -11 -20
0.000374597 -4.5 -11.5 -19.5
0.000289886 -5 -12 -19
0.000538611 -4 -11 -19.5
0.000522891 -4.5 -11.5 -19
0.000423564 -5 -12 -18.5
0.000257511 -5.5 -12.5 -18
0.000615154 -4 -11 -19
0.000590999 -4.5 -11.5 -18.5
0.000492854 -5 -12 -18
0.000302169 -5.5 -12.5 -17.5
0.000132464 -6 -13 -17
0.00057455 -4 -11 -18.5
0.000573839 -4.5 -11.5 -18
0.000457744 -5 -12 -17.5
0.000302563 -5.5 -12.5 -17
0.000151627 -6 -13 -16.5
0.000446031 -4 -11 -18
0.000486695 -4.5 -11.5 -17.5
0.00037518 -5 -12 -17
0.000271486 -5.5 -12.5 -16.5
0.000263424 -4 -11 -17.5
0.000315953 -4.5 -11.5 -17
0.000256274 -5 -12 -16.5
0.000120862 -4 -11 -17
0.000151155 -4.5 -11.5 -16.5
0.000126723 -5 -12 -16
3.23467e-005 -4 -11 -16.5
3.90041e-005 -4.5 -11.5 -16
3.47762e-005 -5 -12 -15.5
4.25702e-005 -3.5 -9.5 -17.5
4.51481e-005 -3 -10 -18.5
0.000199701 -3.5 -9.5 -18
9.6813e-005 -3 -10 -19
0.000413219 -3.5 -9.5 -18.5
0.000125887 -3 -10 -19.5
0.000618211 -3.5 -9.5 -19
0.00013365 -3 -10 -20
0.000732707 -3.5 -9.5 -19.5
0.000133641 -3 -10 -20.5
0.000733096 -3.5 -9.5 -20
9.30135e-005 -3 -10 -21
0.000606538 -3.5 -9.5 -20.5
2.98733e-005 -3 -10 -21.5
0.000403443 -3.5 -9.5 -21
0.000179497 -3.5 -9.5 -21.5
3.5493e-005 -3.5 -9.5 -22
8.10721e-005 -4 -9 -21.5
0.000191131 -4 -9 -21
0.000285971 -4 -9 -20.5
0.000353872 -4 -9 -20
0.000367958 -4 -9 -19.5
0.00032081 -4 -9 -19
0.000202491 -4 -9 -18.5
8.11276e-005 -4 -9 -18
3.21692e-005 -7 -14.5 -13
4.00862e-005 -6.5 -14 -13.5
3.87636e-005 -6 -13.5 -14
3.38076e-005 -5.5 -13 -14.5
2.08789e-005 -7.5 -15 -13
4.41869e-005 -7 -14.5 -13.5
7.88752e-005 -6.5 -14 -14
9.78059e-005 -6 -13.5 -14.5
0.000106557 -5.5 -13 -15
5.10317e-005 -7 -14.5 -14
0.000111721 -6.5 -14 -14.5
0.000170093 -6 -13.5 -15
0.000205 -5.5 -13 -15.5
3.93174e-005 -3.5 -11 -17.5
5.33436e-005 -7 -14.5 -14.5
0.000129946 -6.5 -14 -15
0.000228929 -6 -13.5 -15.5
4.3283e-005 -7 -14.5 -15
9.02024e-005 -3.5 -11 -18
0.000134606 -6.5 -14 -15.5
0.000255606 -6 -13.5 -16
3.41908e-005 -3 -10.5 -19
2.98972e-005 -7 -14.5 -15.5
0.000149648 -3.5 -11 -18.5
0.000262119 -6 -13.5 -16.5
0.000113158 -6.5 -14 -16
4.03701e-005 -3 -10.5 -19.5
7.94008e-005 -6.5 -14 -16.5
0.000203663 -3.5 -11 -19
4.0428e-005 -3 -10.5 -20
4.36423e-005 -6.5 -14 -17
0.000216686 -3.5 -11 -19.5
0.000458682 -4 -11.5 -19
0.000279505 -5.5 -13 -18
3.53614e-005 -3 -10.5 -20.5
0.000172073 -3.5 -11 -20
0.000377054 -4 -11.5 -19.5
0.000100175 -3.5 -11 -20.5
0.0002268 -4 -11.5 -20
2.5571e-005 -3.5 -11 -21
8.38439e-005 -4 -11.5 -20.5
3.10795e-005 -4.5 -12 -20.5
3.85184e-005 -5 -12.5 -20
2.93754e-005 -5.5 -13 -19.5
0.000126149 -4.5 -12 -20
0.000124731 -5 -12.5 -19.5
8.28804e-005 -5.5 -13 -19
3.66647e-005 -6 -13.5 -18.5
0.000276179 -4.5 -12 -19.5
0.000252915 -5 -12.5 -19
0.000170586 -5.5 -13 -18.5
8.24251e-005 -6 -13.5 -18
0.000432031 -4.5 -12 -19
0.000389773 -5 -12.5 -18.5
0.000150478 -6 -13.5 -17.5
0.000543931 -4.5 -12 -18.5
0.000480531 -5 -12.5 -18
0.000379657 -5.5 -13 -17.5
0.000223812 -6 -13.5 -17
0.000434527 -4 -11.5 -18.5
0.00054953 -4.5 -12 -18
0.00052095 -5 -12.5 -17.5
0.000421041 -5.5 -13 -17
0.000363905 -4 -11.5 -18
0.000487484 -4.5 -12 -17.5
0.000482551 -5 -12.5 -17
0.000383403 -5.5 -13 -16.5
0.000230953 -4 -11.5 -17.5
0.000360848 -4.5 -12 -17
0.000381935 -5 -12.5 -16.5
0.000302609 -5.5 -13 -16
0.000109588 -4 -11.5 -17
0.000204424 -4.5 -12 -16.5
0.000233515 -5 -12.5 -16
3.61445e-005 -4 -11.5 -16.5
8.44276e-005 -4.5 -12 -16
0.000106903 -5 -12.5 -15.5
2.60853e-005 -5 -12.5 -15
2.73446e-005 -3 -9.5 -18
8.6316e-005 -3 -9.5 -18.5
0.000108443 -3.5 -9 -18
0.000210253 -3 -9.5 -19
0.000298429 -3 -9.5 -19.5
0.000572702 -3.5 -9 -19
0.000331647 -3 -9.5 -20
0.000747 -3.5 -9 -19.5
0.000335835 -3 -9.5 -20.5
0.000262703 -3 -9.5 -21
0.00012925 -3 -9.5 -21.5
3.18121e-005 -3 -9.5 -22
7.19081e-005 -3.5 -9 -22
4.27323e-005 -4 -8.5 -21.5
0.000265834 -3.5 -9 -21.5
9.20441e-005 -4 -8.5 -21
0.000500343 -3.5 -9 -21
0.000146729 -4 -8.5 -20.5
0.000664218 -3.5 -9 -20.5
0.000175063 -4 -8.5 -20
0.000776568 -3.5 -9 -20
0.000180217 -4 -8.5 -19.5
0.000142255 -4 -8.5 -19
7.57855e-005 -4 -8.5 -18.5
0.000311738 -3.5 -9 -18.5
2.57402e-005 -8 -16 -10.5
2.42529e-005 -7.5 -15.5 -11
3.18527e-005 -8 -16 -11
4.0285e-005 -7.5 -15.5 -11.5
3.426e-005 -7 -15 -12
2.52167e-005 -6.5 -14.5 -12.5
3.30699e-005 -8 -16 -11.5
5.63286e-005 -7.5 -15.5 -12
6.84872e-005 -7 -15 -12.5
6.30542e-005 -6.5 -14.5 -13
4.90499e-005 -6 -14 -13.5
3.17738e-005 -5.5 -13.5 -14
2.84911e-005 -8 -16 -12
6.46837e-005 -7.5 -15.5 -12.5
9.8501e-005 -7 -15 -13
0.000117395 -6.5 -14.5 -13.5
0.000116888 -6 -14 -14
6.42885e-005 -7.5 -15.5 -13
0.000121242 -7 -15 -13.5
0.000174349 -6.5 -14.5 -14
0.000195994 -6 -14 -14.5
5.46268e-005 -7.5 -15.5 -13.5
0.000129991 -7 -15 -14
0.00021482 -6.5 -14.5 -14.5
3.05529e-005 -4 -12 -16.5
0.00026866 -6 -14 -15
4.31381e-005 -7.5 -15.5 -14
2.10782e-005 -3.5 -11.5 -17.5
0.000120921 -7 -15 -14.5
0.000229166 -6.5 -14.5 -15
8.07149e-005 -4 -12 -17
0.000326196 -6 -14 -15.5
2.6106e-005 -7.5 -15.5 -14.5
4.03758e-005 -3.5 -11.5 -18
9.63144e-005 -7 -15 -15
0.000221642 -6.5 -14.5 -15.5
0.000154103 -4 -12 -17.5
6.18958e-005 -3.5 -11.5 -18.5
6.37571e-005 -7 -15 -15.5
0.000184617 -6.5 -14.5 -16
0.000226823 -4 -12 -18
0.000322522 -6 -14 -16.5
7.75186e-005 -3.5 -11.5 -19
3.42937e-005 -7 -15 -16
0.00025625 -4 -12 -18.5
0.000244677 -6 -14 -17
0.000124176 -6.5 -14.5 -16.5
7.57031e-005 -3.5 -11.5 -19.5
0.000253226 -4 -12 -19
0.000155575 -6 -14 -17.5
4.95184e-005 -3.5 -11.5 -20
0.000183563 -4 -12 -19.5
8.39207e-005 -4 -12 -20
4.69818e-005 -4.5 -12.5 -20
6.66729e-005 -5 -13 -19.5
6.02021e-005 -5.5 -13.5 -19
3.46313e-005 -6 -14 -18.5
0.000153043 -4.5 -12.5 -19.5
0.000172348 -5 -13 -19
0.000142988 -5.5 -13.5 -18.5
8.1906e-005 -6 -14 -18
3.0677e-005 -6.5 -14.5 -17.5
0.000289617 -4.5 -12.5 -19
0.000304266 -5 -13 -18.5
0.000250195 -5.5 -13.5 -18
6.88724e-005 -6.5 -14.5 -17
0.000413096 -4.5 -12.5 -18.5
0.000421509 -5 -13 -18
0.000357388 -5.5 -13.5 -17.5
0.000456473 -4.5 -12.5 -18
0.000492958 -5 -13 -17.5
0.000415254 -5.5 -13.5 -17
0.000411403 -4.5 -12.5 -17.5
0.000472414 -5 -13 -17
0.00043949 -5.5 -13.5 -16.5
0.000352625 -6 -14 -16
0.00031477 -4.5 -12.5 -17
0.000408759 -5 -13 -16.5
0.000405134 -5.5 -13.5 -16
0.000189102 -4.5 -12.5 -16.5
0.000305698 -5 -13 -16
0.00032001 -5.5 -13.5 -15.5
8.46117e-005 -4.5 -12.5 -16
0.000174538 -5 -13 -15.5
0.000204175 -5.5 -13.5 -15
2.54115e-005 -4.5 -12.5 -15.5
7.06293e-005 -5 -13 -15
0.000103548 -5.5 -13.5 -14.5
2.01402e-005 -4 -8.5 -18
3.16646e-005 -3 -9 -18
0.000136955 -3 -9 -18.5
0.00032896 -3 -9 -19
0.000503806 -3 -9 -19.5
0.000585567 -3 -9 -20
0.000595975 -3.5 -8.5 -19.5
0.000509622 -3 -9 -21
0.000669599 -3.5 -8.5 -20.5
0.000296319 -3 -9 -21.5
2.16187e-005 -10 -18.5 -5.5
2.41792e-005 -9.5 -18 -6
9.17372e-005 -3 -9 -22
0.000108521 -3.5 -8.5 -22
0.000309472 -3.5 -8.5 -21.5
2.48078e-005 -9 -17.5 -7
2.94475e-005 -9.5 -18 -6.5
2.85437e-005 -9.5 -18 -7
2.71734e-005 -4 -8 -21
0.000537725 -3.5 -8.5 -21
2.46127e-005 -8.5 -17 -8
3.69495e-005 -9 -17.5 -7.5
4.04291e-005 -9 -17.5 -8
4.16423e-005 -8.5 -17 -8.5
4.11248e-005 -4 -8 -20.5
2.69099e-005 -8 -16.5 -9
4.73177e-005 -4 -8 -20
0.000600554 -3 -9 -20.5
0.000680546 -3.5 -8.5 -20
5.0283e-005 -4 -8 -19.5
3.68592e-005 -9 -17.5 -8.5
5.01198e-005 -8.5 -17 -9
4.28031e-005 -8 -16.5 -9.5
2.46379e-005 -7.5 -16 -10
3.71415e-005 -4 -8 -19
2.90313e-005 -9 -17.5 -9
5.31747e-005 -8.5 -17 -9.5
6.35637e-005 -8 -16.5 -10
4.63202e-005 -7.5 -16 -10.5
2.90994e-005 -7 -15.5 -11
0.00039379 -3.5 -8.5 -19
5.10818e-005 -8.5 -17 -10
7.63508e-005 -8 -16.5 -10.5
7.84108e-005 -7.5 -16 -11
5.98417e-005 -7 -15.5 -11.5
3.35812e-005 -6.5 -15 -12
4.62192e-005 -8.5 -17 -10.5
8.2436e-005 -8 -16.5 -11
0.000106877 -7.5 -16 -11.5
0.000100777 -7 -15.5 -12
8.49166e-005 -6.5 -15 -12.5
5.55451e-005 -6 -14.5 -13
3.70164e-005 -8.5 -17 -11
8.23851e-005 -8 -16.5 -11.5
0.000126257 -7.5 -16 -12
0.000149524 -7 -15.5 -12.5
0.000147009 -6.5 -15 -13
0.000125798 -6 -14.5 -13.5
2.40659e-005 -8.5 -17 -11.5
6.90448e-005 -8 -16.5 -12
0.000133139 -7.5 -16 -12.5
0.000187181 -7 -15.5 -13
0.000210721 -6.5 -15 -13.5
0.000209414 -6 -14.5 -14
5.20741e-005 -8 -16.5 -12.5
0.000124167 -7.5 -16 -13
0.000205871 -7 -15.5 -13.5
0.000259739 -6.5 -15 -14
2.49211e-005 -4.5 -13 -15.5
0.000295655 -6 -14.5 -14.5
3.21834e-005 -8 -16.5 -13
2.01151e-005 -4 -12.5 -16.5
0.000103006 -7.5 -16 -13.5
0.000211482 -7 -15.5 -14
0.000289365 -6.5 -15 -14.5
0.000346248 -6 -14.5 -15
7.27451e-005 -4.5 -13 -16
7.38462e-005 -7.5 -16 -14
4.49036e-005 -4 -12.5 -17
0.000184878 -7 -15.5 -14.5
0.000294708 -6.5 -15 -15
0.00036402 -6 -14.5 -15.5
4.72309e-005 -7.5 -16 -14.5
7.35996e-005 -4 -12.5 -17.5
0.00014192 -7 -15.5 -15
0.000256748 -6.5 -15 -15.5
0.000346279 -6 -14.5 -16
2.02229e-005 -3.5 -12 -18.5
2.48785e-005 -7.5 -16 -15
9.69502e-005 -4 -12.5 -18
9.24365e-005 -7 -15.5 -15.5
0.000192284 -6.5 -15 -16
2.03649e-005 -3.5 -12 -19
0.000105235 -4 -12.5 -18.5
5.05652e-005 -7 -15.5 -16
0.00012515 -6.5 -15 -16.5
9.2909e-005 -4 -12.5 -19
2.2174e-005 -7 -15.5 -16.5
6.92177e-005 -6.5 -15 -17
5.20628e-005 -4 -12.5 -19.5
3.17504e-005 -6.5 -15 -17.5
2.08985e-005 -5 -13.5 -19.5
2.77534e-005 -5.5 -14 -19
4.89932e-005 -4.5 -13 -19.5
8.29742e-005 -5 -13.5 -19
8.56405e-005 -5.5 -14 -18.5
6.01511e-005 -6 -14.5 -18
0.000132601 -4.5 -13 -19
0.000184922 -5 -13.5 -18.5
0.000175196 -5.5 -14 -18
0.000131839 -6 -14.5 -17.5
0.000222784 -4.5 -13 -18.5
0.000298713 -5 -13.5 -18
0.000284568 -5.5 -14 -17.5
0.000220191 -6 -14.5 -17
0.00028235 -4.5 -13 -18
0.000390621 -5 -13.5 -17.5
0.000374978 -5.5 -14 -17
0.000302535 -6 -14.5 -16.5
0.000264137 -4.5 -13 -17.5
0.000415346 -5 -13.5 -17
0.000420932 -5.5 -14 -16.5
0.000214067 -4.5 -13 -17
0.000368874 -5 -13.5 -16.5
0.000400056 -5.5 -14 -16
0.000142618 -4.5 -13 -16.5
0.000277486 -5 -13.5 -16
0.000348704 -5.5 -14 -15.5
0.000167585 -5 -13.5 -15.5
0.000272205 -5.5 -14 -15
7.76008e-005 -5 -13.5 -15
0.000168757 -5.5 -14 -14.5
2.52405e-005 -5 -13.5 -14.5
7.77927e-005 -5.5 -14 -14
2.15841e-005 -5.5 -14 -13.5
0.000192224 -3.5 -8.5 -18.5
4.69248e-005 -3.5 -8.5 -18
2.45192e-005 -2.5 -9 -19
0.000151397 -3 -8.5 -18.5
4.49485e-005 -2.5 -9 -19.5
0.000385805 -3 -8.5 -19
6.21398e-005 -2.5 -9 -20
0.000639658 -3 -8.5 -19.5
7.78605e-005 -2.5 -9 -20.5
0.000794813 -3 -8.5 -20
7.84926e-005 -2.5 -9 -21
4.94219e-005 -2.5 -9 -21.5
3.05712e-005 -10 -19 -4.5
2.99113e-005 -9.5 -18.5 -5
3.4865e-005 -10 -19 -5
4.53278e-005 -9.5 -18.5 -5.5
2.97473e-005 -9 -18 -6
0.000200404 -3 -8.5 -22
3.32791e-005 -10 -19 -5.5
2.56751e-005 -3 -8.5 -22.5
5.14902e-005 -9.5 -18.5 -6
4.95937e-005 -9 -18 -6.5
2.16896e-005 -3.5 -8 -22.5
2.52787e-005 -10 -19 -6
5.27966e-005 -9.5 -18.5 -6.5
6.33036e-005 -9 -18 -7
0.000116614 -3.5 -8 -22
0.000284637 -3.5 -8 -21.5
5.03143e-005 -8.5 -17.5 -7.5
4.68147e-005 -9.5 -18.5 -7
7.14661e-005 -9 -18 -7.5
7.24582e-005 -8.5 -17.5 -8
0.00048559 -3 -8.5 -21.5
0.000411935 -3.5 -8 -21
5.08688e-005 -8 -17 -8.5
0.000715808 -3 -8.5 -21
0.000478357 -3.5 -8 -20.5
3.79453e-005 -9.5 -18.5 -7.5
7.23689e-005 -9 -18 -8
8.76322e-005 -8.5 -17.5 -8.5
7.62843e-005 -8 -17 -9
4.44605e-005 -7.5 -16.5 -9.5
0.000807364 -3 -8.5 -20.5
0.000498071 -3.5 -8 -20
2.78571e-005 -9.5 -18.5 -8
6.42009e-005 -9 -18 -8.5
9.58027e-005 -8.5 -17.5 -9
9.82508e-005 -8 -17 -9.5
7.79053e-005 -7.5 -16.5 -10
3.97035e-005 -7 -16 -10.5
0.000422679 -3.5 -8 -19.5
5.37222e-005 -9 -18 -9
9.7671e-005 -8.5 -17.5 -9.5
0.000120873 -8 -17 -10
0.000111754 -7.5 -16.5 -10.5
8.36813e-005 -7 -16 -11
4.32358e-005 -6.5 -15.5 -11.5
4.10007e-005 -9 -18 -9.5
8.93917e-005 -8.5 -17.5 -10
0.000134927 -8 -17 -10.5
0.000144145 -7.5 -16.5 -11
0.000131549 -7 -16 -11.5
9.89702e-005 -6.5 -15.5 -12
2.78932e-005 -9 -18 -10
7.67618e-005 -8.5 -17.5 -10.5
0.000139379 -8 -17 -11
0.00017105 -7.5 -16.5 -11.5
0.000180333 -7 -16 -12
0.000162784 -6.5 -15.5 -12.5
5.87361e-005 -8.5 -17.5 -11
0.00012814 -8 -17 -11.5
0.000186993 -7.5 -16.5 -12
0.000221985 -7 -16 -12.5
0.000224632 -6.5 -15.5 -13
4.02673e-005 -8.5 -17.5 -11.5
0.000108381 -8 -17 -12
0.000190839 -7.5 -16.5 -12.5
0.000241255 -7 -16 -13
0.000274061 -6.5 -15.5 -13.5
2.61542e-005 -5 -14 -14.5
0.000251138 -6 -15 -14
2.41819e-005 -8.5 -17.5 -12
7.9835e-005 -8 -17 -12.5
0.000168541 -7.5 -16.5 -13
0.000249174 -7 -16 -13.5
0.000295709 -6.5 -15.5 -14
0.000304916 -6 -15 -14.5
5.19615e-005 -8 -17 -13
0.00013683 -7.5 -16.5 -13.5
0.00022923 -7 -16 -14
4.43629e-005 -4.5 -13.5 -16
0.000296371 -6.5 -15.5 -14.5
3.0997e-005 -8 -17 -13.5
9.6991e-005 -7.5 -16.5 -14
0.0001886 -7 -16 -14.5
7.5932e-005 -4.5 -13.5 -16.5
0.000279957 -6.5 -15.5 -15
0.00034579 -6 -15 -15.5
2.70573e-005 -4 -13 -17.5
6.18307e-005 -7.5 -16.5 -14.5
0.000139991 -7 -16 -15
0.00023441 -6.5 -15.5 -15.5
0.000109314 -4.5 -13.5 -17
3.03423e-005 -4 -13 -18
3.39406e-005 -7.5 -16.5 -15
9.02266e-005 -7 -16 -15.5
0.000169409 -6.5 -15.5 -16
0.000123002 -4.5 -13.5 -17.5
2.76721e-005 -4 -13 -18.5
5.00082e-005 -7 -16 -16
0.000103973 -6.5 -15.5 -16.5
2.51492e-005 -7 -16 -16.5
5.23627e-005 -6.5 -15.5 -17
7.98247e-005 -6 -15 -17.5
3.27375e-005 -5.5 -14.5 -18.5
3.10106e-005 -6 -15 -18
2.93634e-005 -4.5 -13.5 -19
7.12381e-005 -5 -14 -18.5
9.02185e-005 -5.5 -14.5 -18
7.68242e-005 -4.5 -13.5 -18.5
0.000148807 -5 -14 -18
0.000176354 -5.5 -14.5 -17.5
0.000151587 -6 -15 -17
0.000122414 -4.5 -13.5 -18
0.000224134 -5 -14 -17.5
0.000269421 -5.5 -14.5 -17
0.000234226 -6 -15 -16.5
0.000271046 -5 -14 -17
0.000338486 -5.5 -14.5 -16.5
0.000305671 -6 -15 -16
0.000253072 -5 -14 -16.5
0.000353504 -5.5 -14.5 -16
0.000197897 -5 -14 -16
0.000319802 -5.5 -14.5 -15.5
0.000337046 -6 -15 -15
0.000134101 -5 -14 -15.5
0.000250214 -5.5 -14.5 -15
7.03936e-005 -5 -14 -15
0.000162395 -5.5 -14.5 -14.5
8.24318e-005 -5.5 -14.5 -14
0.000170831 -6 -15 -13.5
3.16661e-005 -5.5 -14.5 -13.5
9.53169e-005 -6 -15 -13
4.04315e-005 -6 -15 -12.5
0.000253344 -3.5 -8 -19
9.336e-005 -3.5 -8 -18.5
3.04128e-005 -3 -8.5 -18
5.68019e-005 -2.5 -8.5 -19
0.000121491 -3 -8 -18.5
0.000118161 -2.5 -8.5 -19.5
0.000360975 -3 -8 -19
2.64535e-005 -3.5 -7.5 -18.5
0.00018337 -2.5 -8.5 -20
0.000654313 -3 -8 -19.5
0.000102009 -3.5 -7.5 -19
0.000237891 -2.5 -8.5 -20.5
0.000849493 -3 -8 -20
0.000246326 -2.5 -8.5 -21
0.000874375 -3 -8 -20.5
0.000200806 -2.5 -8.5 -21.5
0.000815527 -3 -8 -21
2.07536e-005 -10 -19.5 -4
2.99568e-005 -9.5 -19 -4.5
0.000104059 -2.5 -8.5 -22
0.000615166 -3 -8 -21.5
3.48904e-005 -10 -19.5 -4.5
4.94723e-005 -9.5 -19 -5
3.62337e-005 -9 -18.5 -5.5
0.000307013 -3 -8 -22
3.70905e-005 -10 -19.5 -5
5.68074e-005 -9.5 -19 -5.5
6.23892e-005 -9 -18.5 -6
3.48609e-005 -10 -19.5 -5.5
5.9792e-005 -9.5 -19 -6
3.1268e-005 -8.5 -18 -6.5
6.55747e-005 -3 -8 -22.5
7.62851e-005 -9 -18.5 -6.5
6.54634e-005 -8.5 -18 -7
2.96706e-005 -10 -19.5 -6
6.10929e-005 -9.5 -19 -6.5
8.37127e-005 -9 -18.5 -7
9.11e-005 -8.5 -18 -7.5
7.03728e-005 -3.5 -7.5 -22
6.17168e-005 -8 -17.5 -8
2.30975e-005 -10 -19.5 -6.5
5.49947e-005 -9.5 -19 -7
8.76773e-005 -9 -18.5 -7.5
0.000106557 -8.5 -18 -8
9.65731e-005 -8 -17.5 -8.5
0.000154346 -3.5 -7.5 -21.5
5.10503e-005 -7.5 -17 -9
4.70442e-005 -9.5 -19 -7.5
8.87042e-005 -9 -18.5 -8
0.000114478 -8.5 -18 -8.5
0.000120908 -8 -17.5 -9
9.2917e-005 -7.5 -17 -9.5
3.80921e-005 -7 -16.5 -10
3.61214e-005 -9.5 -19 -8
8.0074e-005 -9 -18.5 -8.5
0.000119315 -8.5 -18 -9
0.000141468 -8 -17.5 -9.5
0.000131662 -7.5 -17 -10
0.000235123 -3.5 -7.5 -21
8.0405e-005 -7 -16.5 -10.5
2.46698e-005 -9.5 -19 -8.5
6.91035e-005 -9 -18.5 -9
0.000120996 -8.5 -18 -9.5
0.000152819 -8 -17.5 -10
0.000162129 -7.5 -17 -10.5
0.000132931 -7 -16.5 -11
2.68829e-005 -6.5 -16 -11
5.36883e-005 -9 -18.5 -9.5
0.000109348 -8.5 -18 -10
0.000157097 -8 -17.5 -10.5
0.000183673 -7.5 -17 -11
0.000177715 -7 -16.5 -11.5
0.000112173 -6.5 -16 -12
3.66162e-005 -9 -18.5 -10
9.35101e-005 -8.5 -18 -10.5
0.000154944 -8 -17.5 -11
0.00019314 -7.5 -17 -11.5
0.000211761 -7 -16.5 -12
0.00017115 -6.5 -16 -12.5
2.33501e-005 -9 -18.5 -10.5
7.23999e-005 -8.5 -18 -11
0.000139745 -8 -17.5 -11.5
0.000195441 -7.5 -17 -12
0.000233118 -7 -16.5 -12.5
0.000229351 -6.5 -16 -13
3.12135e-005 -5.5 -15 -13.5
5.07723e-005 -8.5 -18 -11.5
0.000116238 -8 -17.5 -12
0.000189092 -7.5 -17 -12.5
2.14984e-005 -5 -14.5 -14.5
0.00024095 -7 -16.5 -13
0.000266603 -6.5 -16 -13.5
3.23149e-005 -8.5 -18 -12
8.84526e-005 -8 -17.5 -12.5
0.000164747 -7.5 -17 -13
0.000233819 -7 -16.5 -13.5
4.47628e-005 -5 -14.5 -15
0.000280316 -6.5 -16 -14
6.03327e-005 -8 -17.5 -13
0.000129584 -7.5 -17 -13.5
0.000205917 -7 -16.5 -14
0.000269213 -6.5 -16 -14.5
7.34664e-005 -5 -14.5 -15.5
3.57542e-005 -8 -17.5 -13.5
3.17469e-005 -4.5 -14 -16.5
9.09336e-005 -7.5 -17 -14
0.00016332 -7 -16.5 -14.5
0.000228107 -6.5 -16 -15
5.71799e-005 -7.5 -17 -14.5
3.89647e-005 -4.5 -14 -17
0.000114228 -7 -16.5 -15
0.000170256 -6.5 -16 -15.5
3.16332e-005 -7.5 -17 -15
3.89353e-005 -4.5 -14 -17.5
6.94558e-005 -7 -16.5 -15.5
0.000110527 -6.5 -16 -16
2.60321e-005 -4.5 -14 -18
3.7827e-005 -7 -16.5 -16
6.03936e-005 -6.5 -16 -16.5
2.05893e-005 -7 -16.5 -16.5
2.37393e-005 -5.5 -15 -18
3.08185e-005 -6 -15.5 -17.5
2.64053e-005 -6.5 -16 -17
4.0001e-005 -5 -14.5 -18
7.08877e-005 -5.5 -15 -17.5
7.57379e-005 -6 -15.5 -17
8.3183e-005 -5 -14.5 -17.5
0.000136214 -5.5 -15 -17
0.000139534 -6 -15.5 -16.5
0.000124184 -5 -14.5 -17
0.00019603 -5.5 -15 -16.5
0.000210686 -6 -15.5 -16
0.000124903 -5 -14.5 -16.5
0.000232119 -5.5 -15 -16
0.000267967 -6 -15.5 -15.5
0.000108296 -5 -14.5 -16
0.000221193 -5.5 -15 -15.5
0.000290823 -6 -15.5 -15
0.000180778 -5.5 -15 -15
0.000275251 -6 -15.5 -14.5
0.00012979 -5.5 -15 -14.5
0.000226413 -6 -15.5 -14
7.45677e-005 -5.5 -15 -14
0.000160076 -6 -15.5 -13.5
9.35679e-005 -6 -15.5 -13
4.21886e-005 -6 -15.5 -12.5
6.58959e-005 -6.5 -16 -11.5
0.000270515 -3.5 -7.5 -20.5
0.000271887 -3.5 -7.5 -20
0.000201972 -3.5 -7.5 -19.5
2.30839e-005 -2.5 -8 -18.5
0.00010443 -2.5 -8 -19
0.000241849 -2.5 -8 -19.5
0.000227036 -3 -7.5 -19
0.000407137 -2.5 -8 -20
0.000501063 -3 -7.5 -19.5
0.000535192 -2.5 -8 -20.5
0.000786315 -3 -7.5 -20
0.000540836 -2.5 -8 -21
0.000858001 -3 -7.5 -20.5
0.000450972 -2.5 -8 -21.5
0.000823293 -3 -7.5 -21
0.000270656 -2.5 -8 -22
0.00065357 -3 -7.5 -21.5
3.14736e-005 -9.5 -19.5 -4.5
7.84664e-005 -2.5 -8 -22.5
0.000358126 -3 -7.5 -22
2.74137e-005 -10 -20 -4.5
4.59264e-005 -9.5 -19.5 -5
4.39827e-005 -9 -19 -5.5
0.000106883 -3 -7.5 -22.5
2.90896e-005 -10 -20 -5
5.10682e-005 -9.5 -19.5 -5.5
6.38608e-005 -9 -19 -6
2.94661e-005 -10 -20 -5.5
5.25677e-005 -9.5 -19.5 -6
4.68524e-005 -8.5 -18.5 -6.5
7.44745e-005 -9 -19 -6.5
7.34718e-005 -8.5 -18.5 -7
2.644e-005 -10 -20 -6
5.32996e-005 -9.5 -19.5 -6.5
7.9844e-005 -9 -19 -7
4.03018e-005 -8 -18 -7.5
9.38166e-005 -8.5 -18.5 -7.5
2.95405e-005 -3.5 -7 -22
7.21869e-005 -8 -18 -8
2.23806e-005 -10 -20 -6.5
4.95805e-005 -9.5 -19.5 -7
8.1531e-005 -9 -19 -7.5
0.000106212 -8.5 -18.5 -8
0.000102181 -8 -18 -8.5
2.71919e-005 -7.5 -17.5 -8.5
4.29813e-005 -9.5 -19.5 -7.5
8.22864e-005 -9 -19 -8
0.000112617 -8.5 -18.5 -8.5
0.000125266 -8 -18 -9
5.62512e-005 -7.5 -17.5 -9
9.62925e-005 -7.5 -17.5 -9.5
5.37722e-005 -3.5 -7 -21.5
3.47027e-005 -9.5 -19.5 -8
7.47878e-005 -9 -19 -8.5
0.000114012 -8.5 -18.5 -9
0.0001412 -8 -18 -9.5
0.000134678 -7.5 -17.5 -10
4.27388e-005 -7 -17 -10
8.17062e-005 -7 -17 -10.5
2.66373e-005 -9.5 -19.5 -8.5
6.42232e-005 -9 -19 -9
0.000112727 -8.5 -18.5 -9.5
0.000148413 -8 -18 -10
0.000161469 -7.5 -17.5 -10.5
0.000128413 -7 -17 -11
2.92763e-005 -6.5 -16.5 -11
5.03619e-005 -9 -19 -9.5
0.000102054 -8.5 -18.5 -10
0.00014913 -8 -18 -10.5
0.000177859 -7.5 -17.5 -11
0.000170598 -7 -17 -11.5
3.63169e-005 -9 -19 -10
8.59407e-005 -8.5 -18.5 -10.5
0.000140199 -8 -18 -11
0.000184181 -7.5 -17.5 -11.5
0.000200409 -7 -17 -12
2.50148e-005 -9 -19 -10.5
6.65342e-005 -8.5 -18.5 -11
0.000125216 -8 -18 -11.5
0.000180369 -7.5 -17.5 -12
2.40653e-005 -5.5 -15.5 -13.5
0.000212744 -7 -17 -12.5
4.729e-005 -8.5 -18.5 -11.5
0.000101375 -8 -18 -12
0.000158696 -7.5 -17.5 -12.5
0.000211408 -7 -17 -13
4.51974e-005 -5.5 -15.5 -14
0.000219739 -6.5 -16.5 -13.5
3.09979e-005 -8.5 -18.5 -12
7.49194e-005 -8 -18 -12.5
0.000130243 -7.5 -17.5 -13
0.000184962 -7 -17 -13.5
0.000220752 -6.5 -16.5 -14
5.00528e-005 -8 -18 -13
9.59357e-005 -7.5 -17.5 -13.5
3.21486e-005 -5 -15 -15.5
0.000149041 -7 -17 -14
0.000188103 -6.5 -16.5 -14.5
2.8379e-005 -8 -18 -13.5
6.39948e-005 -7.5 -17.5 -14
3.98875e-005 -5 -15 -16
0.00010663 -7 -17 -14.5
0.000141867 -6.5 -16.5 -15
3.87294e-005 -7.5 -17.5 -14.5
6.69282e-005 -7 -17 -15
3.97458e-005 -5 -15 -16.5
9.20277e-005 -6.5 -16.5 -15.5
2.18212e-005 -7.5 -17.5 -15
3.57523e-005 -7 -17 -15.5
4.89969e-005 -6.5 -16.5 -16
3.57472e-005 -5.5 -15.5 -17
5.11638e-005 -6 -16 -16.5
2.79511e-005 -5 -15 -17
6.98839e-005 -5.5 -15.5 -16.5
9.85464e-005 -6 -16 -16
0.000102912 -5.5 -15.5 -16
0.000145757 -6 -16 -15.5
0.00011066 -5.5 -15.5 -15.5
0.000179972 -6 -16 -15
9.93074e-005 -5.5 -15.5 -15
0.00017925 -6 -16 -14.5
6.95741e-005 -5.5 -15.5 -14.5
0.000157329 -6 -16 -14
0.00012221 -6 -16 -13.5
0.000200376 -6.5 -16.5 -13
8.08114e-005 -6 -16 -13
0.000155035 -6.5 -16.5 -12.5
3.89729e-005 -6 -16 -12.5
0.000103757 -6.5 -16.5 -12
6.29503e-005 -6.5 -16.5 -11.5
6.80254e-005 -3.5 -7 -21
7.48214e-005 -3.5 -7 -20.5
7.51525e-005 -3.5 -7 -20
5.73483e-005 -3.5 -7 -19.5
2.95909e-005 -3.5 -7 -19
5.24807e-005 -3 -7.5 -18.5
0.000145151 -2.5 -7.5 -19
0.000361449 -2.5 -7.5 -19.5
2.05614e-005 -2 -8 -20.5
0.000626316 -2.5 -7.5 -20
0.000327821 -3 -7 -19.5
2.65796e-005 -2 -8 -21
0.000848934 -2.5 -7.5 -20.5
0.000548315 -3 -7 -20
0.000864897 -2.5 -7.5 -21
0.000665482 -3 -7 -20.5
0.00075511 -2.5 -7.5 -21.5
0.000477257 -2.5 -7.5 -22
0.000549347 -3 -7 -21.5
0.000120868 -3 -7 -22.5
3.05141e-005 -9.5 -20 -5
3.4179e-005 -9.5 -20 -5.5
3.68778e-005 -9 -19.5 -5.5
5.16024e-005 -9 -19.5 -6
3.55593e-005 -9.5 -20 -6
5.72602e-005 -9 -19.5 -6.5
4.25724e-005 -8.5 -19 -6.5
0.000170295 -2.5 -7.5 -22.5
6.40994e-005 -8.5 -19 -7
3.59078e-005 -9.5 -20 -6.5
6.15085e-005 -9 -19.5 -7
7.99999e-005 -8.5 -19 -7.5
3.89573e-005 -8 -18.5 -7.5
6.5299e-005 -8 -18.5 -8
3.33111e-005 -9.5 -20 -7
6.23589e-005 -9 -19.5 -7.5
8.97812e-005 -8.5 -19 -8
2.66929e-005 -7.5 -18 -8.5
0.000351128 -3 -7 -22
8.90906e-005 -8 -18.5 -8.5
2.989e-005 -9.5 -20 -7.5
5.85289e-005 -9 -19.5 -8
9.2916e-005 -8.5 -19 -8.5
0.000111104 -8 -18.5 -9
5.19411e-005 -7.5 -18 -9
8.59304e-005 -7.5 -18 -9.5
2.64827e-005 -9.5 -20 -8
5.28774e-005 -9 -19.5 -8.5
9.16549e-005 -8.5 -19 -9
0.000120048 -8 -18.5 -9.5
0.0001134 -7.5 -18 -10
3.98455e-005 -7 -17.5 -10
2.27016e-005 -9.5 -20 -8.5
4.58293e-005 -9 -19.5 -9
8.34646e-005 -8.5 -19 -9.5
0.000122473 -8 -18.5 -10
0.000137209 -7.5 -18 -10.5
2.40106e-005 -6.5 -17 -11
3.71236e-005 -9 -19.5 -9.5
7.21998e-005 -8.5 -19 -10
0.000115964 -8 -18.5 -10.5
0.000144658 -7.5 -18 -11
0.000126586 -7 -17.5 -11.5
4.5646e-005 -6.5 -17 -11.5
2.76366e-005 -9 -19.5 -10
5.89747e-005 -8.5 -19 -10.5
0.000103223 -8 -18.5 -11
0.000143759 -7.5 -18 -11.5
2.60155e-005 -6 -16.5 -12.5
0.00014901 -7 -17.5 -12
2.05341e-005 -9 -19.5 -10.5
4.47067e-005 -8.5 -19 -11
8.47391e-005 -8 -18.5 -11.5
0.000127996 -7.5 -18 -12
0.000155966 -7 -17.5 -12.5
4.41557e-005 -6 -16.5 -13
3.0812e-005 -8.5 -19 -11.5
6.34742e-005 -8 -18.5 -12
0.00010402 -7.5 -18 -12.5
0.000137534 -7 -17.5 -13
2.30486e-005 -8.5 -19 -12
4.43445e-005 -8 -18.5 -12.5
7.69977e-005 -7.5 -18 -13
2.90378e-005 -5.5 -16 -14.5
0.000108976 -7 -17.5 -13.5
2.89242e-005 -8 -18.5 -13
5.08497e-005 -7.5 -18 -13.5
7.65424e-005 -7 -17.5 -14
3.49595e-005 -5.5 -16 -15
2.97139e-005 -7.5 -18 -14
4.5428e-005 -7 -17.5 -14.5
2.12039e-005 -7 -17.5 -15
2.64373e-005 -6.5 -17 -15.5
4.39289e-005 -6 -16.5 -15.5
5.3326e-005 -6.5 -17 -15
3.20513e-005 -5.5 -16 -15.5
6.86915e-005 -6 -16.5 -15
8.59137e-005 -6.5 -17 -14.5
8.25773e-005 -6 -16.5 -14.5
0.000115163 -6.5 -17 -14
7.89041e-005 -6 -16.5 -14
0.000130638 -6.5 -17 -13.5
6.25412e-005 -6 -16.5 -13.5
0.000124494 -6.5 -17 -13
0.000105831 -6.5 -17 -12.5
7.74836e-005 -6.5 -17 -12
0.000100786 -7 -17.5 -11
7.22999e-005 -7 -17.5 -10.5
0.000648551 -3 -7 -21
0.000128265 -3 -7 -19
2.13422e-005 -3 -7 -18.5
2.78819e-005 -2.5 -7.5 -18.5
2.86028e-005 -2 -7.5 -19.5
0.000148662 -2.5 -7 -19
6.44205e-005 -2 -7.5 -20
0.000408733 -2.5 -7 -19.5
0.000109075 -2 -7.5 -20.5
0.0007309 -2.5 -7 -20
0.000169486 -3 -6.5 -19.5
0.00013483 -2 -7.5 -21
0.000990108 -2.5 -7 -20.5
0.000317805 -3 -6.5 -20
0.00013756 -2 -7.5 -21.5
0.00102177 -2.5 -7 -21
0.000393764 -3 -6.5 -20.5
0.000116819 -2 -7.5 -22
0.000928211 -2.5 -7 -21.5
5.1688e-005 -2 -7.5 -22.5
0.000622982 -2.5 -7 -22
3.53338e-005 -2.5 -7 -23
2.07954e-005 -9 -20 -6
2.78907e-005 -9 -20 -6.5
3.48391e-005 -8.5 -19.5 -7
3.14193e-005 -9 -20 -7
4.72367e-005 -8.5 -19.5 -7.5
3.21705e-005 -9 -20 -7.5
5.31621e-005 -8.5 -19.5 -8
4.01877e-005 -8 -19 -8
8.84259e-005 -3 -6.5 -22.5
5.69586e-005 -8 -19 -8.5
2.94392e-005 -9 -20 -8
5.50765e-005 -8.5 -19.5 -8.5
6.71719e-005 -8 -19 -9
3.32257e-005 -7.5 -18.5 -9
2.6093e-005 -9 -20 -8.5
5.102e-005 -8.5 -19.5 -9
2.01641e-005 -7 -18 -10
7.24983e-005 -8 -19 -9.5
5.03992e-005 -7.5 -18.5 -9.5
6.88746e-005 -7.5 -18.5 -10
2.15661e-005 -9 -20 -9
4.45907e-005 -8.5 -19.5 -9.5
7.40348e-005 -8 -19 -10
7.73094e-005 -7.5 -18.5 -10.5
3.80343e-005 -7 -18 -10.5
3.68099e-005 -8.5 -19.5 -10
6.39968e-005 -8 -19 -10.5
7.99787e-005 -7.5 -18.5 -11
2.87545e-005 -8.5 -19.5 -10.5
5.29384e-005 -8 -19 -11
7.38396e-005 -7.5 -18.5 -11.5
3.51161e-005 -6.5 -17.5 -12
2.1136e-005 -8.5 -19.5 -11
3.94909e-005 -8 -19 -11.5
6.01886e-005 -7.5 -18.5 -12
2.67248e-005 -8 -19 -12
4.23954e-005 -7.5 -18.5 -12.5
2.18685e-005 -6 -17 -13.5
5.36493e-005 -7 -18 -13
2.5744e-005 -7.5 -18.5 -13
3.53642e-005 -7 -18 -13.5
3.11622e-005 -6.5 -17.5 -14
2.3006e-005 -6 -17 -14
4.47967e-005 -6.5 -17.5 -13.5
4.956e-005 -6.5 -17.5 -13
7.02617e-005 -7 -18 -12.5
4.38377e-005 -6.5 -17.5 -12.5
7.42176e-005 -7 -18 -12
6.85457e-005 -7 -18 -11.5
5.19126e-005 -7 -18 -11
0.000273391 -2.5 -7 -22.5
0.000209007 -3 -6.5 -22
0.000320969 -3 -6.5 -21.5
0.000378921 -3 -6.5 -21
5.22014e-005 -3 -6.5 -19
2.28386e-005 -2.5 -7 -18.5
7.52879e-005 -2 -7 -19.5
8.98517e-005 -2.5 -6.5 -19
0.000184073 -2 -7 -20
0.000310824 -2 -7 -20.5
0.000701472 -2.5 -6.5 -20
0.000378941 -2 -7 -21
0.000382037 -2 -7 -21.5
0.00105503 -2.5 -6.5 -21
0.000334746 -2 -7 -22
0.000974801 -2.5 -6.5 -21.5
0.000182309 -2 -7 -22.5
0.000664784 -2.5 -6.5 -22
3.44139e-005 -2 -7 -23
0.000332483 -2.5 -6.5 -22.5
7.19064e-005 -2.5 -6.5 -23
2.44153e-005 -8 -19.5 -9.5
2.22694e-005 -8 -19.5 -10
2.17288e-005 -7.5 -19 -11
2.37309e-005 -7.5 -19 -10.5
2.2682e-005 -7.5 -19 -10
3.66522e-005 -3 -6 -22.5
7.7824e-005 -3 -6 -22
0.000111362 -3 -6 -21.5
0.000130548 -3 -6 -21
0.00014292 -3 -6 -20.5
0.00100984 -2.5 -6.5 -20.5
0.000112895 -3 -6 -20
5.46267e-005 -3 -6 -19.5
0.000324575 -2.5 -6.5 -19.5
2.57798e-005 -2 -6.5 -19
0.000151132 -2 -6.5 -19.5
0.000387266 -2 -6.5 -20
0.000204988 -2.5 -6 -19.5
0.000637131 -2 -6.5 -20.5
0.000483834 -2.5 -6 -20
0.000746663 -2 -6.5 -21
0.000767198 -2.5 -6 -20.5
0.000736781 -2 -6.5 -21.5
0.000835702 -2.5 -6 -21
0.000633661 -2 -6.5 -22
0.000794837 -2.5 -6 -21.5
0.000360458 -2 -6.5 -22.5
9.7412e-005 -2 -6.5 -23
0.00034803 -2.5 -6 -22.5
9.01149e-005 -2.5 -6 -23
0.000645196 -2.5 -6 -22
2.13296e-005 -3 -5.5 -21.5
2.63658e-005 -3 -5.5 -21
2.98518e-005 -3 -5.5 -20.5
2.28909e-005 -3 -5.5 -20
4.7708e-005 -2.5 -6 -19
0.00019589 -2 -6 -19.5
0.000526372 -2 -6 -20
0.000116958 -2.5 -5.5 -19.5
3.4054e-005 -1.5 -6.5 -21
0.000901078 -2 -6 -20.5
0.000304236 -2.5 -5.5 -20
4.39865e-005 -1.5 -6.5 -21.5
0.00106427 -2 -6 -21
0.000501479 -2.5 -5.5 -20.5
4.22336e-005 -1.5 -6.5 -22
0.00104058 -2 -6 -21.5
0.000549067 -2.5 -5.5 -21
2.80108e-005 -1.5 -6.5 -22.5
0.000866251 -2 -6 -22
0.000513663 -2.5 -5.5 -21.5
0.000530861 -2 -6 -22.5
8.68439e-005 -2.5 -5.5 -23
0.000177683 -2 -6 -23
0.000229953 -2.5 -5.5 -22.5
0.000394184 -2.5 -5.5 -22
5.15421e-005 -1.5 -6 -20
0.000193938 -2 -5.5 -19.5
0.000112566 -1.5 -6 -20.5
0.00054295 -2 -5.5 -20
0.00016652 -1.5 -6 -21
0.00095842 -2 -5.5 -20.5
0.000191346 -1.5 -6 -21.5
0.000188653 -1.5 -6 -22
0.00112053 -2 -5.5 -21.5
0.000151462 -1.5 -6 -22.5
0.000940129 -2 -5.5 -22
6.54205e-005 -1.5 -6 -23
0.000603275 -2 -5.5 -22.5
2.73037e-005 -2 -5.5 -23.5
4.23873e-005 -2.5 -5 -23
0.000253902 -2 -5.5 -23
0.000106243 -2.5 -5 -22.5
0.000180917 -2.5 -5 -22
0.000226731 -2.5 -5 -21.5
0.000239948 -2.5 -5 -21
0.00114728 -2 -5.5 -21
0.000205938 -2.5 -5 -20.5
0.000112391 -2.5 -5 -20
3.65576e-005 -2.5 -5 -19.5
3.35644e-005 -2 -5.5 -19
3.40394e-005 -2 -6 -19
3.95263e-005 -1.5 -5.5 -19.5
0.000137937 -1.5 -5.5 -20
0.000298091 -1.5 -5.5 -20.5
0.000440252 -1.5 -5.5 -21
0.00074594 -2 -5 -20.5
0.000498198 -1.5 -5.5 -21.5
0.000957062 -2 -5 -21
0.00049113 -1.5 -5.5 -22
0.000386272 -1.5 -5.5 -22.5
0.000831092 -2 -5 -22
0.000183017 -1.5 -5.5 -23
0.000605018 -2 -5 -22.5
2.60421e-005 -1.5 -5.5 -23.5
5.41103e-005 -2 -5 -23.5
0.00028391 -2 -5 -23
2.11076e-005 -2.5 -4.5 -22.5
3.40141e-005 -2.5 -4.5 -22
4.28556e-005 -2.5 -4.5 -21.5
0.000941201 -2 -5 -21.5
4.71543e-005 -2.5 -4.5 -21
4.18403e-005 -2.5 -4.5 -20.5
2.37528e-005 -2.5 -4.5 -20
0.000382959 -2 -5 -20
0.000118493 -2 -5 -19.5
7.18621e-005 -1.5 -5 -19.5
0.000259693 -1.5 -5 -20
0.000543619 -1.5 -5 -20.5
0.000805916 -1.5 -5 -21
0.000449178 -2 -4.5 -20.5
0.000884037 -1.5 -5 -21.5
0.000628541 -2 -4.5 -21
0.000862173 -1.5 -5 -22
0.000645544 -2 -4.5 -21.5
0.000675766 -1.5 -5 -22.5
0.000602814 -2 -4.5 -22
0.000351836 -1.5 -5 -23
8.20919e-005 -1.5 -5 -23.5
6.94465e-005 -2 -4.5 -23.5
0.000259459 -2 -4.5 -23
0.000456902 -2 -4.5 -22.5
0.000223581 -2 -4.5 -20
6.40588e-005 -2 -4.5 -19.5
8.2893e-005 -1.5 -4.5 -19.5
0.000309603 -1.5 -4.5 -20
0.000658601 -1.5 -4.5 -20.5
2.477e-005 -1 -5 -21.5
0.0010116 -1.5 -4.5 -21
3.04117e-005 -1 -5 -22
0.0011351 -1.5 -4.5 -21.5
2.39136e-005 -1 -5 -22.5
0.000899434 -1.5 -4.5 -22.5
0.000162004 -1.5 -4.5 -23.5
5.6505e-005 -2 -4 -23.5
0.000151226 -2 -4 -23
0.000524742 -1.5 -4.5 -23
0.000252237 -2 -4 -22.5
0.000316772 -2 -4 -22
0.00110027 -1.5 -4.5 -22
0.000336505 -2 -4 -21.5
0.00031908 -2 -4 -21
0.000212458 -2 -4 -20.5
9.62251e-005 -2 -4 -20
2.26009e-005 -2 -4 -19.5
2.44887e-005 -1 -4.5 -20
7.648e-005 -1 -4.5 -20.5
0.000150083 -1 -4.5 -21
0.000205497 -1 -4.5 -21.5
0.000211766 -1 -4.5 -22
0.000196004 -1 -4.5 -22.5
0.000132409 -1 -4.5 -23
4.47684e-005 -1 -4.5 -23.5
0.000245987 -1.5 -4 -23.5
2.08342e-005 -1.5 -4 -24
4.75207e-005 -2 -3.5 -23
0.000624799 -1.5 -4 -23
7.11582e-005 -2 -3.5 -22.5
0.000984636 -1.5 -4 -22.5
8.43972e-005 -2 -3.5 -22
0.00117056 -1.5 -4 -22
8.95888e-005 -2 -3.5 -21.5
0.00119906 -1.5 -4 -21.5
8.20167e-005 -2 -3.5 -21
0.00103205 -1.5 -4 -21
5.11933e-005 -2 -3.5 -20.5
0.000632023 -1.5 -4 -20.5
2.21477e-005 -2 -3.5 -20
0.000257538 -1.5 -4 -20
5.47637e-005 -1.5 -4 -19.5
7.44011e-005 -1 -4 -20
0.000232122 -1 -4 -20.5
0.000454939 -1 -4 -21
0.000622858 -1 -4 -21.5
0.000638545 -1 -4 -22
0.000594532 -1 -4 -22.5
0.000418084 -1 -4 -23
0.000185014 -1 -4 -23.5
2.53604e-005 -1 -4 -24
0.000280302 -1.5 -3.5 -23.5
3.40745e-005 -1.5 -3.5 -24
0.000643458 -1.5 -3.5 -23
0.000902864 -1.5 -3.5 -22.5
0.000971495 -1.5 -3.5 -22
0.000966655 -1.5 -3.5 -21.5
0.000732776 -1.5 -3.5 -21
0.000390029 -1.5 -3.5 -20.5
0.000137108 -1.5 -3.5 -20
2.43675e-005 -1.5 -3.5 -19.5
2.36078e-005 -1 -3.5 -19.5
0.000445901 -1 -3.5 -20.5
0.000872092 -1 -3.5 -21
0.00121272 -1 -3.5 -21.5
0.00125532 -1 -3.5 -22
0.00118083 -1 -3.5 -22.5
0.000416304 -1 -3.5 -23.5
3.45526e-005 -1.5 -3 -24
7.23052e-005 -1 -3.5 -24
0.000211699 -1.5 -3 -23.5
0.000441117 -1.5 -3 -23
0.000867829 -1 -3.5 -23
0.00061777 -1.5 -3 -22.5
0.000670387 -1.5 -3 -22
0.000662353 -1.5 -3 -21.5
0.000484959 -1.5 -3 -21
0.000248939 -1.5 -3 -20.5
8.21617e-005 -1.5 -3 -20
0.000146719 -1 -3.5 -20
3.58363e-005 -1 -3 -19.5
0.000559048 -1 -3 -20.5
0.00169661 -1 -3 -21.5
0.000270631 -1.5 -2.5 -22
0.000128203 -1 -3 -24
8.49051e-005 -1.5 -2.5 -23.5
0.000669017 -1 -3 -23.5
0.000180078 -1.5 -2.5 -23
0.00132507 -1 -3 -23
0.000251376 -1.5 -2.5 -22.5
0.00173183 -1 -3 -22.5
0.00180913 -1 -3 -22
0.000267455 -1.5 -2.5 -21.5
0.000191645 -1.5 -2.5 -21
0.00115397 -1 -3 -21
9.42969e-005 -1.5 -2.5 -20.5
3.02576e-005 -1.5 -2.5 -20
0.000174174 -1 -3 -20
4.43561e-005 -0.5 -3 -21
0.000120196 -0.5 -3 -21.5
2.45437e-005 -1.5 -2 -21
0.000192442 -0.5 -3 -22
3.11162e-005 -1.5 -2 -22
0.000233299 -0.5 -3 -22.5
0.000227724 -0.5 -3 -23
0.000171436 -0.5 -3 -23.5
7.26141e-005 -0.5 -3 -24
0.000140753 -1 -2.5 -24
0.000740852 -1 -2.5 -23.5
0.00149583 -1 -2.5 -23
2.761e-005 -1.5 -2 -22.5
0.00199067 -1 -2.5 -22.5
0.00209652 -1 -2.5 -22
3.18759e-005 -1.5 -2 -21.5
0.00198825 -1 -2.5 -21.5
0.00134634 -1 -2.5 -21
0.000636729 -1 -2.5 -20.5
0.000190503 -1 -2.5 -20
3.87034e-005 -1 -2.5 -19.5
7.39103e-005 -0.5 -2.5 -20
0.000298442 -0.5 -2.5 -20.5
0.000749985 -0.5 -2.5 -21
0.00128085 -0.5 -2.5 -21.5
0.00154672 -0.5 -2.5 -22
0.00130244 -0.5 -2.5 -23
0.000199867 -0.5 -2.5 -24
8.03399e-005 -1 -2 -24
0.000445993 -1 -2 -23.5
0.000762988 -0.5 -2.5 -23.5
0.000912415 -1 -2 -23
0.00124579 -1 -2 -22.5
0.00152225 -0.5 -2.5 -22.5
0.00134082 -1 -2 -22
0.00131856 -1 -2 -21.5
0.000925406 -1 -2 -21
0.000435497 -1 -2 -20.5
0.000126614 -1 -2 -20
2.60347e-005 -1 -2 -19.5
4.60449e-005 -0.5 -2 -19.5
0.000233452 -0.5 -2 -20
0.000235185 -0.5 -2 -24
0.000113285 -1 -1.5 -23.5
0.00114032 -0.5 -2 -23.5
0.000249911 -1 -1.5 -23
0.00221107 -0.5 -2 -23
0.000371679 -1 -1.5 -22.5
0.00288482 -0.5 -2 -22.5
0.000421395 -1 -1.5 -22
0.00302975 -0.5 -2 -22
0.000425027 -1 -1.5 -21.5
0.00285914 -0.5 -2 -21.5
0.00031947 -1 -1.5 -21
0.00188558 -0.5 -2 -21
0.000155473 -1 -1.5 -20.5
0.000846902 -0.5 -2 -20.5
4.60147e-005 -1 -1.5 -20
0.000184821 -0.5 -1.5 -24
0.00109582 -0.5 -1.5 -23.5
2.70487e-005 -1 -1 -23
0.00223492 -0.5 -1.5 -23
4.17725e-005 -1 -1 -22.5
0.00301157 -0.5 -1.5 -22.5
4.82981e-005 -1 -1 -22
0.00320836 -0.5 -1.5 -22
4.9504e-005 -1 -1 -21.5
0.00311232 -0.5 -1.5 -21.5
3.95704e-005 -1 -1 -21
0.0021439 -0.5 -1.5 -21
0.000993802 -0.5 -1.5 -20.5
0.000279973 -0.5 -1.5 -20
5.51612e-005 -0.5 -1.5 -19.5
3.92861e-005 -0.5 -1 -24
0.000330044 -0.5 -1 -23.5
0.000792123 -0.5 -1 -23
0.00119411 -0.5 -1 -22.5
0.0013704 -0.5 -1 -22
0.00139558 -0.5 -1 -21.5
0.00111108 -0.5 -1 -21
0.000551436 -0.5 -1 -20.5
0.00015978 -0.5 -1 -20
3.04288e-005 -0.5 -1 -19.5
6.59332e-005 -0.5 -0.5 -23
0.000103108 -0.5 -0.5 -22.5
0.000122676 -0.5 -0.5 -22
0.000126586 -0.5 -0.5 -21.5
0.000106716 -0.5 -0.5 -21
5.41366e-005 -0.5 -0.5 -20.5
0.000562901 0 0 -24
0.00178667 0 0 -23.5
0.00297272 0 0 -23
0.00353379 0 0 -22.5
0.00362347 0 0 -22
0.00318969 0 0 -21.5
0.00194136 0 0 -21
0.000809266 0 0 -20.5
0.000209883 0 0 -20
4.14145e-005 0 0 -19.5
0.000878026 0 0.5 -24
0.00299255 0 0.5 -23.5
0.00512162 0 0.5 -23
0.00618799 0 0.5 -22.5
0.00636854 0 0.5 -22
0.00573314 0 0.5 -21.5
0.00358029 0 0.5 -21
0.00154145 0 0.5 -20.5
0.000411984 0 0.5 -20
8.13949e-005 0 0.5 -19.5
8.40096e-005 0.5 0.5 -20.5
0.000202409 0.5 0.5 -21
0.000321297 0.5 0.5 -21.5
0.00034714 0.5 0.5 -22
0.000334285 0.5 0.5 -22.5
0.000271292 0.5 0.5 -23
0.00015555 0.5 0.5 -23.5
4.13966e-005 0.5 0.5 -24
0.000209751 0 1 -24
0.000818036 0 1 -23.5
0.00146764 0 1 -23
0.00182297 0 1 -22.5
0.00188904 0 1 -22
0.00175178 0 1 -21.5
0.00113401 0 1 -21
0.00050205 0 1 -20.5
0.000128376 0 1 -20
2.06783e-005 0 1.5 -23.5
0.000126209 0.5 1 -24
0.000483637 0.5 1 -23.5
3.13753e-005 0 1.5 -23
0.000875999 0.5 1 -23
3.91535e-005 0 1.5 -22.5
0.00111324 0.5 1 -22.5
4.06301e-005 0 1.5 -22
0.00116502 0.5 1 -22
3.69765e-005 0 1.5 -21.5
0.00110826 0.5 1 -21.5
2.01228e-005 0 1.5 -21
0.000731906 0.5 1 -21
0.000323895 0.5 1 -20.5
8.35486e-005 0.5 1 -20
0.000130249 0.5 1.5 -24
0.0006668 0.5 1.5 -23.5
0.0013142 0.5 1.5 -23
0.00175027 0.5 1.5 -22.5
0.00185871 0.5 1.5 -22
0.00181264 0.5 1.5 -21.5
0.00126871 0.5 1.5 -21
0.000584416 0.5 1.5 -20.5
0.000148155 0.5 1.5 -20
2.0111e-005 0.5 1.5 -19.5
5.94841e-005 1 1.5 -20.5
0.000123365 1 1.5 -21
0.000168646 1 1.5 -21.5
0.000169199 1 1.5 -22
0.000155824 1 1.5 -22.5
0.000115257 1 1.5 -23
5.70353e-005 1 1.5 -23.5
0.000107267 0.5 2 -24
0.000616689 0.5 2 -23.5
0.00124845 0.5 2 -23
0.00168261 0.5 2 -22.5
0.00179264 0.5 2 -22
0.00175388 0.5 2 -21.5
0.00125208 0.5 2 -21
0.00061098 0.5 2 -20.5
0.000188444 0.5 2 -20
3.56209e-005 0.5 2 -19.5
2.97536e-005 1 2 -24
6.64893e-005 0.5 2.5 -24
0.000460972 0.5 2.5 -23.5
0.000193903 1 2 -23.5
0.00099205 0.5 2.5 -23
0.000418539 1 2 -23
0.00137294 0.5 2.5 -22.5
0.000592919 1 2 -22.5
0.00147259 0.5 2.5 -22
0.000654739 1 2 -22
0.0014469 0.5 2.5 -21.5
0.000657147 1 2 -21.5
0.00104892 0.5 2.5 -21
0.00049775 1 2 -21
0.000516033 0.5 2.5 -20.5
0.000249292 1 2 -20.5
0.000155483 0.5 2.5 -20
7.53184e-005 1 2 -20
3.02785e-005 0.5 2.5 -19.5
0.000161635 1 2.5 -20
2.8105e-005 0.5 3 -24
4.81528e-005 1 2.5 -24
0.000195614 0.5 3 -23.5
0.000362035 1 2.5 -23.5
0.000414696 0.5 3 -23
0.000786766 1 2.5 -23
0.000546387 0.5 3 -22.5
0.00112125 1 2.5 -22.5
0.000570539 0.5 3 -22
0.00123746 1 2.5 -22
0.000534125 0.5 3 -21.5
0.00124059 1 2.5 -21.5
0.000362401 0.5 3 -21
0.000949673 1 2.5 -21
0.000173543 0.5 3 -20.5
0.000489129 1 2.5 -20.5
4.94305e-005 0.5 3 -20
3.34439e-005 1 2.5 -19.5
2.21953e-005 1.5 2.5 -20
5.97468e-005 1.5 2.5 -20.5
0.00010321 1.5 2.5 -21
0.000115713 1.5 2.5 -21.5
0.000110772 1.5 2.5 -22
9.13785e-005 1.5 2.5 -22.5
5.8846e-005 1.5 2.5 -23
2.63525e-005 1.5 2.5 -23.5
3.58193e-005 1 3 -24
2.59953e-005 0.5 3.5 -23.5
0.00039194 1 3 -23.5
6.03439e-005 0.5 3.5 -23
0.000988787 1 3 -23
7.17134e-005 0.5 3.5 -22.5
0.00149379 1 3 -22.5
7.0689e-005 0.5 3.5 -22
0.00169109 1 3 -22
5.40382e-005 0.5 3.5 -21.5
0.0017099 1 3 -21.5
2.83164e-005 0.5 3.5 -21
0.00139035 1 3 -21
0.00078103 1 3 -20.5
0.000289842 1 3 -20
6.06436e-005 1 3 -19.5
2.26498e-005 1.5 3 -19.5
0.000102676 1.5 3 -20
0.000263176 1.5 3 -20.5
0.000441979 1.5 3 -21
0.000496238 1.5 3 -21.5
0.000478161 1.5 3 -22
0.000397649 1.5 3 -22.5
0.000249574 1.5 3 -23
9.67897e-005 1.5 3 -23.5
0.000307878 1 3.5 -23.5
0.0008389 1 3.5 -23
0.00131226 1 3.5 -22.5
0.00150678 1 3.5 -22
0.0015265 1 3.5 -21.5
0.00126912 1 3.5 -21
0.000737883 1 3.5 -20.5
0.000292858 1 3.5 -20
7.13801e-005 1 3.5 -19.5
0.000179512 1 4 -23.5
0.000170781 1.5 3.5 -23.5
0.000529655 1 4 -23
0.00048406 1.5 3.5 -23
0.00082845 1 4 -22.5
0.000769989 1.5 3.5 -22.5
0.000953004 1 4 -22
0.000927679 1.5 3.5 -22
0.000967216 1 4 -21.5
0.000960061 1.5 3.5 -21.5
0.000833927 1 4 -21
0.000872532 1.5 3.5 -21
0.000511255 1 4 -20.5
0.000545591 1.5 3.5 -20.5
0.000220547 1 4 -20
0.000232477 1.5 3.5 -20
5.59703e-005 1 4 -19.5
5.73177e-005 1.5 3.5 -19.5
2.37821e-005 2 3.5 -20
0.000105379 1.5 4 -19.5
4.84738e-005 2 3.5 -20.5
0.000398619 1.5 4 -20
6.64581e-005 2 3.5 -21
0.000903223 1.5 4 -20.5
6.50596e-005 2 3.5 -21.5
0.00140414 1.5 4 -21
5.79933e-005 2 3.5 -22
0.0014807 1.5 4 -21.5
4.27531e-005 2 3.5 -22.5
0.00140317 1.5 4 -22
2.35371e-005 2 3.5 -23
0.0010837 1.5 4 -22.5
0.000580929 1.5 4 -23
6.81893e-005 1 4.5 -23.5
0.000160091 1.5 4 -23.5
0.000218804 1 4.5 -23
0.000340416 1 4.5 -22.5
0.000378037 1 4.5 -22
0.000378061 1 4.5 -21.5
0.000331254 1 4.5 -21
0.000213498 1 4.5 -20.5
9.68322e-005 1 4.5 -20
2.5861e-005 1 4.5 -19.5
3.07782e-005 2 4 -19.5
0.000113686 2 4 -20
0.000246027 2 4 -20.5
0.000347096 2 4 -21
0.000346824 2 4 -21.5
0.000313963 2 4 -22
0.00022852 2 4 -22.5
0.000115386 2 4 -23
2.41209e-005 2 4 -23.5
0.000113985 1.5 4.5 -23.5
4.3802e-005 1 5 -23
0.000538156 1.5 4.5 -23
8.00155e-005 1 5 -22.5
0.00104443 1.5 4.5 -22.5
8.86636e-005 1 5 -22
0.00138709 1.5 4.5 -22
8.77703e-005 1 5 -21.5
0.00147675 1.5 4.5 -21.5
7.68003e-005 1 5 -21
0.00145078 1.5 4.5 -21
5.20788e-005 1 5 -20.5
0.00109312 1.5 4.5 -20.5
2.31636e-005 1 5 -20
0.000564466 1.5 4.5 -20
0.000180238 1.5 4.5 -19.5
2.72304e-005 1.5 4.5 -19
0.000672 2 4.5 -22
0.000471641 2 4.5 -22.5
0.000232319 2 4.5 -23
3.9858e-005 2 4.5 -23.5
5.52372e-005 1.5 5 -23.5
0.000383854 1.5 5 -23
0.000838832 1.5 5 -22.5
0.00118331 1.5 5 -22
0.00129148 1.5 5 -21.5
0.000764793 2 4.5 -21.5
0.00128579 1.5 5 -21
0.000777989 2 4.5 -21
0.000999408 1.5 5 -20.5
0.000620645 2 4.5 -20.5
0.000537299 1.5 5 -20
0.000332516 2 4.5 -20
0.000174171 1.5 5 -19.5
0.000107571 2 4.5 -19.5
3.18856e-005 1.5 5 -19
2.49811e-005 2.5 4.5 -20
4.00482e-005 2.5 4.5 -20.5
4.09112e-005 2.5 4.5 -21
3.7326e-005 2.5 4.5 -21.5
2.8901e-005 2.5 4.5 -22
2.91892e-005 2 5 -23.5
0.000196356 1.5 5.5 -23
0.00027773 2 5 -23
0.00048093 1.5 5.5 -22.5
0.000683401 2 5 -22.5
0.000721386 1.5 5.5 -22
0.000991548 2 5 -22
0.000799559 1.5 5.5 -21.5
0.00111336 2 5 -21.5
0.000798357 1.5 5.5 -21
0.00113349 2 5 -21
0.00063905 1.5 5.5 -20.5
0.000945151 2 5 -20.5
0.000351654 1.5 5.5 -20
0.000544857 2 5 -20
0.000117288 1.5 5.5 -19.5
0.000214916 2 5 -19.5
2.41797e-005 1.5 5.5 -19
4.31688e-005 2 5 -19
5.34964e-005 2.5 5 -19.5
0.000136233 2.5 5 -20
0.000210228 2.5 5 -20.5
0.000212175 2.5 5 -21
0.000196568 2.5 5 -21.5
0.000159089 2.5 5 -22
9.19852e-005 2.5 5 -22.5
3.1664e-005 2.5 5 -23
0.000239062 2 5.5 -23
6.22418e-005 1.5 6 -23
0.000193385 1.5 6 -22.5
0.000675959 2 5.5 -22.5
0.000298832 1.5 6 -22
0.00112043 2 5.5 -22
0.000326255 1.5 6 -21.5
0.00137129 2 5.5 -21.5
0.000324135 1.5 6 -21
0.00142118 2 5.5 -21
0.000260861 1.5 6 -20.5
0.00129959 2 5.5 -20.5
0.000146477 1.5 6 -20
0.00085149 2 5.5 -20
5.33561e-005 1.5 6 -19.5
0.000368819 2 5.5 -19.5
8.81299e-005 2 5.5 -19
0.000520688 2.5 5.5 -21.5
0.000396098 2.5 5.5 -22
0.000226892 2.5 5.5 -22.5
7.06996e-005 2.5 5.5 -23
0.000151823 2 6 -23
4.03798e-005 1.5 6.5 -22.5
0.000574283 2 6 -22.5
8.27507e-005 1.5 6.5 -22
0.00103041 2 6 -22
9.19905e-005 1.5 6.5 -21.5
0.00130561 2 6 -21.5
8.98657e-005 1.5 6.5 -21
0.00136152 2 6 -21
7.02489e-005 1.5 6.5 -20.5
0.000572307 2.5 5.5 -21
0.00126878 2 6 -20.5
3.99574e-005 1.5 6.5 -20
0.000569978 2.5 5.5 -20.5
0.000880849 2 6 -20
0.000412643 2.5 5.5 -20
0.000465593 2 6 -19.5
0.000194013 2.5 5.5 -19.5
0.000152097 2 6 -19
4.76459e-005 2.5 5.5 -19
2.40993e-005 2 6 -18.5
2.26219e-005 3 5.5 -20
2.38265e-005 3 5.5 -20.5
2.0655e-005 3 5.5 -21
6.26864e-005 2 6.5 -23
6.87003e-005 2.5 6 -23
0.000369541 2 6.5 -22.5
0.000338526 2.5 6 -22.5
0.000774835 2 6.5 -22
0.000680512 2.5 6 -22
0.00102984 2 6.5 -21.5
0.000885722 2.5 6 -21.5
0.00105294 2 6.5 -21
0.000948459 2.5 6 -21
0.000980935 2 6.5 -20.5
0.000944302 2.5 6 -20.5
0.000725375 2 6.5 -20
0.000723322 2.5 6 -20
0.000400632 2 6.5 -19.5
0.000393803 2.5 6 -19.5
0.00014363 2 6.5 -19
0.000131636 2.5 6 -19
2.41756e-005 2 6.5 -18.5
2.03533e-005 2.5 6 -18.5
2.88803e-005 3 6 -19
7.40284e-005 3 6 -19.5
0.000119338 3 6 -20
0.0001227 3 6 -20.5
0.00011233 3 6 -21
9.50448e-005 3 6 -21.5
6.66465e-005 3 6 -22
2.96424e-005 3 6 -22.5
4.44631e-005 2.5 6.5 -23
0.000168037 2 7 -22.5
0.000315778 2.5 6.5 -22.5
0.000415194 2 7 -22
0.000704612 2.5 6.5 -22
0.000581623 2 7 -21.5
0.00107627 2.5 6.5 -21.5
0.000595763 2 7 -21
0.00129316 2.5 6.5 -21
0.000544935 2 7 -20.5
0.001336 2.5 6.5 -20.5
0.000416321 2 7 -20
0.0010842 2.5 6.5 -20
0.000233079 2 7 -19.5
0.00062761 2.5 6.5 -19.5
9.19377e-005 2 7 -19
0.000248037 2.5 6.5 -19
4.85504e-005 2.5 6.5 -18.5
0.000440913 3 6.5 -20.5
0.000409202 3 6.5 -21
0.000321345 3 6.5 -21.5
0.000188183 3 6.5 -22
7.13717e-005 3 6.5 -22.5
3.68669e-005 2 7.5 -22.5
0.000234999 2.5 7 -22.5
0.000152544 2 7.5 -22
0.00065029 2.5 7 -22
0.000224905 2 7.5 -21.5
0.00104464 2.5 7 -21.5
0.000233975 2 7.5 -21
0.00128901 2.5 7 -21
0.000213465 2 7.5 -20.5
0.00134258 2.5 7 -20.5
0.000170659 2 7.5 -20
0.00125629 2.5 7 -20
0.000101675 2 7.5 -19.5
0.000415198 3 6.5 -20
0.000869781 2.5 7 -19.5
4.463e-005 2 7.5 -19
0.00026463 3 6.5 -19.5
0.000429794 2.5 7 -19
0.00011088 3 6.5 -19
0.000122225 2.5 7 -18.5
2.29832e-005 3 6.5 -18.5
3.1832e-005 2 8 -19.5
5.04984e-005 2 8 -20
0.000810667 3 7 -20.5
6.04833e-005 2 8 -20.5
0.00073364 3 7 -21
6.39723e-005 2 8 -21
5.30658e-005 2 8 -21.5
0.000323646 3 7 -22
0.000119203 2.5 7.5 -22.5
8.73099e-005 3 7 -22.5
0.000480748 2.5 7.5 -22
0.000886947 2.5 7.5 -21.5
0.000557682 3 7 -21.5
0.00116103 2.5 7.5 -21
0.00122876 2.5 7.5 -20.5
0.00116597 2.5 7.5 -20
0.000807993 3 7 -20
0.000844509 2.5 7.5 -19.5
0.000600902 3 7 -19.5
0.000425891 2.5 7.5 -19
0.000303853 3 7 -19
0.000152703 2.5 7.5 -18.5
9.19959e-005 3 7 -18.5
2.73846e-005 2.5 7.5 -18
2.55258e-005 2.5 8 -18
4.56838e-005 3.5 7 -19
0.000337871 2.5 8 -19
7.75304e-005 3.5 7 -19.5
0.000642754 2.5 8 -19.5
8.52517e-005 3.5 7 -20
7.45139e-005 3.5 7 -20.5
0.000828734 2.5 8 -20
0.000850923 2.5 8 -20.5
5.9562e-005 3.5 7 -21
4.26975e-005 3.5 7 -21.5
3.04193e-005 2.5 8 -22.5
6.66388e-005 3 7.5 -22.5
0.000259027 2.5 8 -22
0.000324106 3 7.5 -22
0.000566953 2.5 8 -21.5
0.00070226 3 7.5 -21.5
0.000777789 2.5 8 -21
0.00100912 3 7.5 -21
0.00109948 3 7.5 -20.5
0.00108888 3 7.5 -20
0.000877285 3 7.5 -19.5
0.000532548 3 7.5 -19
0.000130426 2.5 8 -18.5
0.000212893 3 7.5 -18.5
4.1672e-005 3 7.5 -18
8.04475e-005 3.5 7.5 -18.5
0.000294594 3.5 7.5 -20.5
0.000230091 3.5 7.5 -21
0.00013126 3.5 7.5 -21.5
4.9671e-005 3.5 7.5 -22
8.52805e-005 2.5 8.5 -22
2.61581e-005 3 8 -22.5
0.000256254 3 8 -22
0.000257913 2.5 8.5 -21.5
0.000644937 3 8 -21.5
0.000381955 2.5 8.5 -21
0.00101106 3 8 -21
0.000431611 2.5 8.5 -20.5
0.00124849 3 8 -20.5
0.000420652 2.5 8.5 -20
0.00130307 3 8 -20
0.000332798 2.5 8.5 -19.5
0.000317452 3.5 7.5 -20
0.00117661 3 8 -19.5
0.000182174 2.5 8.5 -19
0.000300837 3.5 7.5 -19.5
0.000825378 3 8 -19
7.99712e-005 2.5 8.5 -18.5
0.000192805 3.5 7.5 -19
0.000382891 3 8 -18.5
0.000108955 3 8 -18
8.2236e-005 3.5 8 -18
3.93094e-005 2.5 9 -18.5
7.70327e-005 2.5 9 -19
0.000650146 3.5 8 -19.5
0.000126404 2.5 9 -19.5
0.000645847 3.5 8 -20
0.000591058 3.5 8 -20.5
0.000154577 2.5 9 -20
0.000451032 3.5 8 -21
0.000265698 3.5 8 -21.5
7.88192e-005 3.5 8 -22
0.000141781 3 8.5 -22
6.47532e-005 2.5 9 -21.5
0.000494099 3 8.5 -21.5
0.000130059 2.5 9 -21
0.000902848 3 8.5 -21
0.000157779 2.5 9 -20.5
0.00116931 3 8.5 -20.5
0.00125185 3 8.5 -20
0.00116894 3 8.5 -19.5
0.000902062 3 8.5 -19
0.000500356 3.5 8 -19
0.000540569 3 8.5 -18.5
0.000260422 3.5 8 -18.5
0.000224104 3 8.5 -18
4.31228e-005 3 8.5 -17.5
3.64369e-005 4 8 -18.5
0.00021991 3 9 -18
5.51098e-005 4 8 -19
5.89504e-005 4 8 -19.5
4.61217e-005 4 8 -20
3.30646e-005 4 8 -20.5
3.42413e-005 2.5 9.5 -20
0.000612834 3.5 8.5 -21
2.69668e-005 2.5 9.5 -20.5
6.42194e-005 3.5 8.5 -22
3.49499e-005 3 9 -22
0.000283822 3 9 -21.5
0.00027561 3.5 8.5 -21.5
0.000646125 3 9 -21
0.000928436 3 9 -20.5
0.000896013 3.5 8.5 -20.5
0.00103525 3 9 -20
0.00100853 3.5 8.5 -20
0.000960631 3 9 -19.5
0.000968351 3.5 8.5 -19.5
0.000766603 3 9 -19
0.000800635 3.5 8.5 -19
0.000489146 3 9 -18.5
0.000497988 3.5 8.5 -18.5
0.000215298 3.5 8.5 -18
5.61635e-005 3 9 -17.5
5.47137e-005 3.5 8.5 -17.5
2.3084e-005 4 8.5 -17.5
7.93292e-005 4 8.5 -18
0.000161 4 8.5 -18.5
0.000226111 4 8.5 -19
0.00078664 3.5 9 -18.5
0.000229916 4 8.5 -19.5
0.00114336 3.5 9 -19
0.000207045 4 8.5 -20
0.00111216 3.5 9 -20
8.27297e-005 4 8.5 -21
3.06295e-005 4 8.5 -21.5
0.000228318 3.5 9 -21.5
2.17197e-005 3.5 9 -22
9.78224e-005 3 9.5 -21.5
0.00031967 3 9.5 -21
0.000575161 3.5 9 -21
0.000534854 3 9.5 -20.5
0.000890585 3.5 9 -20.5
0.000640271 3 9.5 -20
0.000147952 4 8.5 -20.5
0.000595828 3 9.5 -19.5
0.00123992 3.5 9 -19.5
0.000492244 3 9.5 -19
0.00032712 3 9.5 -18.5
0.000159514 3 9.5 -18
0.000406717 3.5 9 -18
4.81643e-005 3 9.5 -17.5
0.000146144 3.5 9 -17.5
2.24573e-005 3.5 9 -17
0.000101092 4 9 -17.5
8.55183e-005 3 10 -18
0.000433458 4 9 -18.5
0.000161305 3 10 -18.5
0.000546656 4 9 -19
0.000537919 4 9 -19.5
9.44789e-005 3 10 -21
4.78465e-005 4 9 -21.5
0.000127583 3.5 9.5 -21.5
0.000441859 3.5 9.5 -21
0.00022146 3 10 -20.5
0.000181442 4 9 -21
0.000814353 3.5 9.5 -20.5
0.000285924 3 10 -20
0.000325808 4 9 -20.5
0.00107057 3.5 9.5 -20
0.000260051 3 10 -19.5
0.000458136 4 9 -20
0.00122183 3.5 9.5 -19.5
0.00022274 3 10 -19
0.00117987 3.5 9.5 -19
0.000996381 3.5 9.5 -18.5
0.000649615 3.5 9.5 -18
3.25088e-005 3 10 -17.5
0.000253609 4 9 -18
0.000318023 3.5 9.5 -17.5
9.30062e-005 3.5 9.5 -17
3.26049e-005 4.5 9 -18
4.05609e-005 4.5 9 -18.5
3.78384e-005 3 10.5 -18
3.54603e-005 4.5 9 -19
2.45721e-005 4.5 9 -19.5
6.32454e-005 3 10.5 -18.5
7.78003e-005 3 10.5 -19
8.77e-005 3 10.5 -19.5
8.89546e-005 3 10.5 -20
4.26478e-005 3 10.5 -20.5
3.15138e-005 3.5 10 -21.5
4.33839e-005 4 9.5 -21.5
0.000247092 3.5 10 -21
0.000200751 4 9.5 -21
0.000597458 3.5 10 -20.5
0.000469127 4 9.5 -20.5
0.000903615 3.5 10 -20
0.000716741 4 9.5 -20
0.00108851 3.5 10 -19.5
0.000856535 4 9.5 -19.5
0.00109241 3.5 10 -19
0.000881606 4 9.5 -19
0.000931173 3.5 10 -18.5
0.000776269 4 9.5 -18.5
0.00062125 3.5 10 -18
0.000533968 4 9.5 -18
0.000325483 3.5 10 -17.5
0.000277374 4 9.5 -17.5
0.000136632 3.5 10 -17
9.01564e-005 4 9.5 -17
2.76489e-005 3.5 10 -16.5
3.03347e-005 3.5 10.5 -16.5
0.000115401 3.5 10.5 -17
0.000136691 4.5 9.5 -19.5
9.55754e-005 4.5 9.5 -20
4.78177e-005 4.5 9.5 -20.5
7.94085e-005 3.5 10.5 -21
0.0001638 4 10 -21
0.00031354 3.5 10.5 -20.5
0.000448115 4 10 -20.5
0.000583272 3.5 10.5 -20
0.000748429 4 10 -20
0.000730787 3.5 10.5 -19.5
0.00100698 4 10 -19.5
0.000779229 3.5 10.5 -19
0.00111147 4 10 -19
0.000685128 3.5 10.5 -18.5
0.000162242 4.5 9.5 -19
0.00105422 4 10 -18.5
0.000486668 3.5 10.5 -18
0.000168193 4.5 9.5 -18.5
0.000841801 4 10 -18
0.00027488 3.5 10.5 -17.5
0.000141484 4.5 9.5 -18
0.000512478 4 10 -17.5
8.80639e-005 4.5 9.5 -17.5
0.000225327 4 10 -17
3.55605e-005 4.5 9.5 -17
5.49993e-005 4 10 -16.5
2.64486e-005 3.5 11 -16.5
8.01422e-005 3.5 11 -17
0.000168247 3.5 11 -17.5
0.000274804 3.5 11 -18
0.000373158 3.5 11 -18.5
8.55574e-005 4 10.5 -21
9.12927e-005 3.5 11 -20.5
2.02014e-005 4.5 10 -21
0.000327945 4 10.5 -20.5
0.000254971 3.5 11 -20
0.000103618 4.5 10 -20.5
0.000666749 4 10.5 -20
0.000363063 3.5 11 -19.5
0.000208454 4.5 10 -20
0.000967995 4 10.5 -19.5
0.000411116 3.5 11 -19
0.00033153 4.5 10 -19.5
0.00112624 4 10.5 -19
0.000429084 4.5 10 -19
0.00118193 4 10.5 -18.5
0.000459612 4.5 10 -18.5
0.00106818 4 10.5 -18
0.000408161 4.5 10 -18
0.000795414 4 10.5 -17.5
0.000282329 4.5 10 -17.5
0.00046724 4 10.5 -17
0.000139392 4.5 10 -17
0.000183062 4 10.5 -16.5
4.12015e-005 4.5 10 -16.5
4.13427e-005 4 10.5 -16
9.7665e-005 4 11 -16
2.86163e-005 5 10 -17.5
4.42079e-005 3.5 11.5 -17
2.75692e-005 5 10 -18
7.92065e-005 3.5 11.5 -17.5
2.18886e-005 5 10 -18.5
0.000118968 3.5 11.5 -18
0.000149242 3.5 11.5 -18.5
0.00015315 3.5 11.5 -19
0.000117199 3.5 11.5 -19.5
4.93624e-005 3.5 11.5 -20
0.000166623 4 11 -20.5
0.000120818 4.5 10.5 -20.5
0.000472722 4 11 -20
0.000315808 4.5 10.5 -20
0.000795894 4 11 -19.5
0.000546895 4.5 10.5 -19.5
0.00102489 4 11 -19
0.000692766 4.5 10.5 -19
0.00111461 4 11 -18.5
0.000776207 4.5 10.5 -18.5
0.00104013 4 11 -18
0.000742409 4.5 10.5 -18
0.00081284 4 11 -17.5
0.000606177 4.5 10.5 -17.5
0.000499406 4 11 -17
0.000378913 4.5 10.5 -17
0.000256328 4 11 -16.5
2.19632e-005 5 10 -17
0.000166031 4.5 10.5 -16.5
4.25014e-005 4.5 10.5 -16
2.6958e-005 4 11.5 -15.5
2.28296e-005 5 10.5 -16
9.33761e-005 4 11.5 -16
0.000234045 4 11.5 -16.5
0.000445834 4 11.5 -17
2.07126e-005 3.5 12 -17.5
3.7503e-005 3.5 12 -18
8.64649e-005 5 10.5 -19
4.06395e-005 3.5 12 -18.5
5.07143e-005 5 10.5 -19.5
4.177e-005 4 11.5 -20.5
9.30721e-005 4.5 11 -20.5
0.000230874 4 11.5 -20
0.000298159 4.5 11 -20
0.000514936 4 11.5 -19.5
0.000560704 4.5 11 -19.5
0.000761193 4 11.5 -19
0.000839183 4.5 11 -19
0.000872769 4 11.5 -18.5
0.00101016 4.5 11 -18.5
0.000820117 4 11.5 -18
0.000119225 5 10.5 -18.5
0.000986962 4.5 11 -18
0.000685598 4 11.5 -17.5
0.000133149 5 10.5 -18
0.00087353 4.5 11 -17.5
0.000132023 5 10.5 -17.5
0.000648806 4.5 11 -17
0.000101667 5 10.5 -17
0.00037323 4.5 11 -16.5
5.61315e-005 5 10.5 -16.5
0.000153991 4.5 11 -16
3.60078e-005 4.5 11 -15.5
3.09347e-005 4.5 11.5 -15
0.000143041 4.5 11.5 -15.5
2.53548e-005 4 12 -15.5
7.38709e-005 4 12 -16
0.000162408 4 12 -16.5
0.000295766 4 12 -17
0.00042903 4 12 -17.5
0.000493366 4 12 -18
4.09836e-005 4.5 11.5 -20.5
5.21501e-005 4 12 -20
0.000204149 4.5 11.5 -20
0.000211903 4 12 -19.5
4.35937e-005 5 11 -20
0.0004787 4.5 11.5 -19.5
0.000390426 4 12 -19
0.000117879 5 11 -19.5
0.000765033 4.5 11.5 -19
0.000505981 4 12 -18.5
0.000216179 5 11 -19
0.000989373 4.5 11.5 -18.5
0.000316674 5 11 -18.5
0.00112071 4.5 11.5 -18
0.000381067 5 11 -18
0.00108457 4.5 11.5 -17.5
0.000382974 5 11 -17.5
0.00093138 4.5 11.5 -17
0.000323355 5 11 -17
0.000623956 4.5 11.5 -16.5
0.00020889 5 11 -16.5
0.000350272 4.5 11.5 -16
9.89009e-005 5 11 -16
3.00051e-005 5 11 -15.5
9.33676e-005 4.5 12 -15
0.000236594 4.5 12 -15.5
0.000462367 4.5 12 -16
2.4014e-005 5.5 11 -16.5
4.56559e-005 4 12.5 -16
2.47105e-005 5.5 11 -17
8.68846e-005 4 12.5 -16.5
0.000142292 4 12.5 -17
0.000192929 4 12.5 -17.5
0.000209623 4 12.5 -18
0.000198097 4 12.5 -18.5
0.000120877 4 12.5 -19
2.83952e-005 4 12.5 -19.5
8.7094e-005 4.5 12 -20
5.55868e-005 5 11.5 -20
0.000309803 4.5 12 -19.5
0.000178081 5 11.5 -19.5
0.000594785 4.5 12 -19
0.000363889 5 11.5 -19
0.000868589 4.5 12 -18.5
0.00054164 5 11.5 -18.5
0.00104902 4.5 12 -18
0.000658699 5 11.5 -18
0.00105731 4.5 12 -17.5
0.000695191 5 11.5 -17.5
0.000950489 4.5 12 -17
0.000644038 5 11.5 -17
0.000747422 4.5 12 -16.5
0.00049273 5 11.5 -16.5
0.000301654 5 11.5 -16
0.000133579 5 11.5 -15.5
3.57937e-005 5 11.5 -15
4.01834e-005 5 12 -14.5
3.09035e-005 4.5 12.5 -14.5
9.51559e-005 4.5 12.5 -15
5.07664e-005 5.5 11.5 -15.5
0.000227124 4.5 12.5 -15.5
0.00042062 4.5 12.5 -16
0.000114906 5.5 11.5 -16.5
0.000121686 5.5 11.5 -17
0.000646992 4.5 12.5 -16.5
3.79634e-005 4 13 -16.5
0.000109231 5.5 11.5 -17.5
0.000813615 4.5 12.5 -17
5.28647e-005 4 13 -17
6.06036e-005 4 13 -17.5
4.73992e-005 5.5 11.5 -18.5
5.36683e-005 4 13 -18
2.70067e-005 4 13 -18.5
3.98076e-005 5 12 -20
0.000124818 4.5 12.5 -19.5
0.000161817 5 12 -19.5
0.000349999 4.5 12.5 -19
0.000360165 5 12 -19
0.000612312 4.5 12.5 -18.5
0.000607927 5 12 -18.5
0.000825363 4.5 12.5 -18
0.000840496 5 12 -18
0.000905368 4.5 12.5 -17.5
7.96539e-005 5.5 11.5 -18
0.000963502 5 12 -17.5
0.000895741 5 12 -17
0.000751408 5 12 -16.5
0.000555774 5 12 -16
9.07676e-005 5.5 11.5 -16
0.000332789 5 12 -15.5
0.000147286 5 12 -15
2.15346e-005 5.5 11.5 -15
4.71023e-005 5 12.5 -14
0.000157685 5 12.5 -14.5
2.99371e-005 4.5 13 -14.5
0.000335644 5 12.5 -15
8.12596e-005 4.5 13 -15
0.000570285 5 12.5 -15.5
0.000169458 4.5 13 -15.5
0.000300772 4.5 13 -16
0.000443523 4.5 13 -16.5
0.000530463 4.5 13 -17
0.000567195 4.5 13 -17.5
0.000210204 5.5 12 -18
0.000120421 5.5 12 -18.5
0.000456936 4.5 13 -18
5.05038e-005 5.5 12 -19
9.66287e-005 5 12.5 -19.5
0.000117925 4.5 13 -19
0.000288836 5 12.5 -19
0.000285992 4.5 13 -18.5
0.000539912 5 12.5 -18.5
0.000790832 5 12.5 -18
0.000955307 5 12.5 -17.5
0.000305945 5.5 12 -17.5
0.00104998 5 12.5 -17
0.000350216 5.5 12 -17
0.000989649 5 12.5 -16.5
0.000340651 5.5 12 -16.5
0.000830372 5 12.5 -16
0.000289986 5.5 12 -16
0.000194669 5.5 12 -15.5
9.89744e-005 5.5 12 -15
3.47588e-005 5.5 12 -14.5
3.93675e-005 5 13 -13.5
0.000117689 5 13 -14
0.000257464 5 13 -14.5
2.36519e-005 4.5 13.5 -14.5
0.000465528 5 13 -15
5.1065e-005 4.5 13.5 -15
2.56301e-005 6 12 -16
0.000710947 5 13 -15.5
9.60366e-005 4.5 13.5 -15.5
0.000879961 5 13 -16
0.000162168 4.5 13.5 -16
0.000216413 4.5 13.5 -16.5
0.000247364 4.5 13.5 -17
0.000244013 4.5 13.5 -17.5
0.000159179 4.5 13.5 -18
6.14239e-005 4.5 13.5 -18.5
2.4706e-005 5 13 -19.5
0.000152796 5 13 -19
7.59623e-005 5.5 12.5 -19
0.000377002 5 13 -18.5
0.000193593 5.5 12.5 -18.5
0.000637343 5 13 -18
0.00036252 5.5 12.5 -18
0.000863416 5 13 -17.5
0.000520376 5.5 12.5 -17.5
0.000998532 5 13 -17
0.000615225 5.5 12.5 -17
0.000974032 5 13 -16.5
0.000633378 5.5 12.5 -16.5
0.00058683 5.5 12.5 -16
0.000458524 5.5 12.5 -15.5
2.5589e-005 6 12 -15.5
0.000296221 5.5 12.5 -15
2.11145e-005 6 12 -15
0.000150818 5.5 12.5 -14.5
5.54729e-005 5.5 12.5 -14
2.03169e-005 5.5 13 -13
7.7432e-005 5.5 13 -13.5
4.79226e-005 5 13.5 -13.5
0.000192616 5.5 13 -14
0.000116861 5 13.5 -14
0.000246108 5 13.5 -14.5
9.76034e-005 6 12.5 -15
0.000425686 5 13.5 -15
0.000116305 6 12.5 -15.5
2.67717e-005 4.5 14 -15
0.000628015 5 13.5 -15.5
0.000121396 6 12.5 -16
4.43661e-005 4.5 14 -15.5
0.000104086 6 12.5 -16.5
0.000787056 5 13.5 -16
6.41932e-005 4.5 14 -16
7.58093e-005 6 12.5 -17
0.000868284 5 13.5 -16.5
7.42642e-005 4.5 14 -16.5
4.46991e-005 6 12.5 -17.5
0.000796194 5 13.5 -17
7.55999e-005 4.5 14 -17
4.55314e-005 4.5 14 -17.5
3.78011e-005 5 13.5 -19
6.47999e-005 5.5 13 -19
0.000175336 5 13.5 -18.5
0.000187482 5.5 13 -18.5
0.000392395 5 13.5 -18
0.00036916 5.5 13 -18
0.000623032 5 13.5 -17.5
0.000591494 5.5 13 -17.5
0.000785624 5.5 13 -17
0.000884464 5.5 13 -16.5
0.000828404 5.5 13 -16
0.000703899 5.5 13 -15.5
0.000543971 5.5 13 -15
0.00036047 5.5 13 -14.5
6.25124e-005 6 12.5 -14.5
3.2258e-005 6 12.5 -14
3.0866e-005 5.5 13.5 -12.5
0.000104108 5.5 13.5 -13
0.00023277 5.5 13.5 -13.5
4.19388e-005 5 14 -13.5
0.000408125 5.5 13.5 -14
9.70613e-005 5 14 -14
0.000604185 5.5 13.5 -14.5
0.000186491 5 14 -14.5
0.000802867 5.5 13.5 -15
0.000315134 5 14 -15
0.00044212 5 14 -15.5
0.000529995 5 14 -16
0.000559471 5 14 -16.5
0.000452155 5 14 -17
0.000113273 6 13 -17.5
4.88151e-005 6 13 -18
0.000302194 5 14 -17.5
0.000142999 5 14 -18
2.5437e-005 5.5 13.5 -19
2.96324e-005 5 14 -18.5
0.000127618 5.5 13.5 -18.5
0.000309862 5.5 13.5 -18
0.000531198 5.5 13.5 -17.5
0.00074087 5.5 13.5 -17
0.000196542 6 13 -17
0.000873209 5.5 13.5 -16.5
0.000286782 6 13 -16.5
0.000951077 5.5 13.5 -16
0.000335322 6 13 -16
0.000913575 5.5 13.5 -15.5
0.000331829 6 13 -15.5
0.000296779 6 13 -15
0.000222456 6 13 -14.5
0.00013604 6 13 -14
6.41063e-005 6 13 -13.5
2.36503e-005 6 13 -13
2.18162e-005 5.5 14 -12
7.84806e-005 5.5 14 -12.5
0.000171159 5.5 14 -13
2.1191e-005 6.5 13 -13.5
0.000305358 5.5 14 -13.5
2.92401e-005 6.5 13 -14
3.01274e-005 5 14.5 -13.5
0.000485039 5.5 14 -14
3.25985e-005 6.5 13 -14.5
6.05586e-005 5 14.5 -14
0.000694359 5.5 14 -14.5
2.96589e-005 6.5 13 -15
0.000110924 5 14.5 -14.5
2.10724e-005 6.5 13 -15.5
0.000830281 5.5 14 -15
0.00016906 5 14.5 -15
0.000896059 5.5 14 -15.5
0.00022234 5 14.5 -15.5
0.000901227 5.5 14 -16
0.000253499 5 14.5 -16
0.000240784 5 14.5 -16.5
0.000328451 6 13.5 -17
0.000158274 5 14.5 -17
6.74993e-005 5 14.5 -17.5
4.61781e-005 5.5 14 -18.5
0.000173051 5.5 14 -18
7.63584e-005 6 13.5 -18
0.000369781 5.5 14 -17.5
0.0001809 6 13.5 -17.5
0.000592702 5.5 14 -17
0.000787207 5.5 14 -16.5
0.000482226 6 13.5 -16.5
0.000570977 6 13.5 -16
0.000605101 6 13.5 -15.5
0.000575195 6 13.5 -15
0.000486891 6 13.5 -14.5
0.000357472 6 13.5 -14
0.000222966 6 13.5 -13.5
0.000114029 6 13.5 -13
4.48424e-005 6 13.5 -12.5
2.62659e-005 6 14 -11.5
7.66401e-005 6 14 -12
2.96431e-005 5.5 14.5 -12
0.00016258 6 14 -12.5
7.60879e-005 5.5 14.5 -12.5
0.000291201 6 14 -13
0.000158589 5.5 14.5 -13
0.000447489 6 14 -13.5
0.000280989 5.5 14.5 -13.5
0.000600214 6 14 -14
0.000438385 5.5 14.5 -14
3.10481e-005 5 15 -14
0.000611078 5.5 14.5 -14.5
0.000132469 6.5 13.5 -15
4.88244e-005 5 15 -14.5
0.000744348 5.5 14.5 -15
0.000109229 6.5 13.5 -15.5
6.56479e-005 5 15 -15
7.42971e-005 6.5 13.5 -16
0.000790007 5.5 14.5 -15.5
7.59906e-005 5 15 -15.5
0.000706048 5.5 14.5 -16
4.16037e-005 6.5 13.5 -16.5
7.21993e-005 5 15 -16
0.000555866 5.5 14.5 -16.5
3.95655e-005 5 15 -16.5
0.000357393 5.5 14.5 -17
4.8438e-005 5.5 14.5 -18
6.7685e-005 6 14 -18
0.000172779 5.5 14.5 -17.5
0.000176768 6 14 -17.5
0.000333312 6 14 -17
0.000520347 6 14 -16.5
0.000695418 6 14 -16
0.000804927 6 14 -15.5
0.000795905 6 14 -15
0.000717499 6 14 -14.5
0.00013632 6.5 13.5 -14.5
0.000125001 6.5 13.5 -14
9.84289e-005 6.5 13.5 -13.5
6.23472e-005 6.5 13.5 -13
3.23714e-005 6.5 13.5 -12.5
3.49266e-005 6 14.5 -11
9.92377e-005 6 14.5 -11.5
0.000215734 6 14.5 -12
2.71083e-005 5.5 15 -12
0.000358005 6 14.5 -12.5
6.23011e-005 5.5 15 -12.5
0.000514692 6 14.5 -13
0.000119145 5.5 15 -13
0.000668115 6 14.5 -13.5
0.000206863 5.5 15 -13.5
0.000319629 5.5 15 -14
0.000854029 6 14.5 -14.5
0.000356765 6.5 14 -14.5
0.000422828 5.5 15 -14.5
0.000838405 6 14.5 -15
0.000482063 5.5 15 -15
0.000491664 5.5 15 -15.5
0.000384834 5.5 15 -16
0.000255416 5.5 15 -16.5
4.20687e-005 6.5 14 -17
0.000123028 5.5 15 -17
2.60623e-005 5.5 15 -17.5
3.12379e-005 6 14.5 -18
0.000121234 6 14.5 -17.5
0.000275337 6 14.5 -17
0.000462224 6 14.5 -16.5
9.84043e-005 6.5 14 -16.5
0.000643335 6 14.5 -16
0.000176893 6.5 14 -16
0.00077767 6 14.5 -15.5
0.000265847 6.5 14 -15.5
0.000331558 6.5 14 -15
0.000793895 6 14.5 -14
0.000335716 6.5 14 -14
0.000285103 6.5 14 -13.5
0.000216358 6.5 14 -13
0.000139802 6.5 14 -12.5
7.55823e-005 6.5 14 -12
3.3985e-005 6.5 14.5 -10.5
7.80827e-005 6.5 14.5 -11
5.41931e-005 6 15 -11
0.000143622 6.5 14.5 -11.5
0.000129031 6 15 -11.5
0.000232759 6 15 -12
4.28671e-005 7 14 -12.5
0.000363385 6 15 -12.5
4.73309e-005 7 14 -13
3.87098e-005 5.5 15.5 -12.5
0.000516435 6 15 -13
4.48747e-005 7 14 -13.5
6.89733e-005 5.5 15.5 -13
3.73536e-005 7 14 -14
0.000673563 6 15 -13.5
0.000115478 5.5 15.5 -13.5
0.000780708 6 15 -14
2.56233e-005 7 14 -14.5
0.000162176 5.5 15.5 -14
0.000819362 6 15 -14.5
0.000202225 5.5 15.5 -14.5
0.000775582 6 15 -15
0.000219475 5.5 15.5 -15
0.000190108 5.5 15.5 -15.5
0.000273207 6.5 14.5 -16
0.000117159 5.5 15.5 -16
0.000149116 6.5 14.5 -16.5
4.22678e-005 5.5 15.5 -16.5
4.22328e-005 6 15 -17.5
0.000145514 6 15 -17
6.37349e-005 6.5 14.5 -17
0.000304704 6 15 -16.5
0.000488455 6 15 -16
0.000662902 6 15 -15.5
0.000417928 6.5 14.5 -15.5
0.000534779 6.5 14.5 -15
0.000595359 6.5 14.5 -14.5
0.000589502 6.5 14.5 -14
0.000548655 6.5 14.5 -13.5
0.000453774 6.5 14.5 -13
0.000336762 6.5 14.5 -12.5
0.000227994 6.5 14.5 -12
2.4725e-005 6.5 15 -9.5
6.18513e-005 6.5 15 -10
0.000125252 6.5 15 -10.5
2.08005e-005 6 15.5 -10.5
0.000206506 6.5 15 -11
5.11251e-005 6 15.5 -11
0.000310647 6.5 15 -11.5
0.000113964 6 15.5 -11.5
0.000436987 6.5 15 -12
0.00013551 7 14.5 -12
0.000209227 6 15.5 -12
0.000570855 6.5 15 -12.5
0.000325797 6 15.5 -12.5
0.000681879 6.5 15 -13
0.000456851 6 15.5 -13
3.08175e-005 5.5 16 -13
0.000579078 6 15.5 -13.5
4.47647e-005 5.5 16 -13.5
0.000650593 6 15.5 -14
0.000115235 7 14.5 -14.5
5.38948e-005 5.5 16 -14
0.000667411 6 15.5 -14.5
7.18646e-005 7 14.5 -15
5.79865e-005 5.5 16 -14.5
0.000566597 6 15.5 -15
3.52714e-005 7 14.5 -15.5
4.49892e-005 5.5 16 -15
0.000429018 6 15.5 -15.5
0.000267713 6 15.5 -16
0.000123057 6 15.5 -16.5
3.02336e-005 6 15.5 -17
5.28442e-005 6.5 15 -17
0.000140904 6.5 15 -16.5
0.000268662 6.5 15 -16
0.000420657 6.5 15 -15.5
0.000572277 6.5 15 -15
0.000699973 6.5 15 -14.5
0.000752289 6.5 15 -14
0.000151826 7 14.5 -14
0.000730928 6.5 15 -13.5
0.000173921 7 14.5 -13.5
0.000177051 7 14.5 -13
2.39688e-005 7 15 -9
5.1564e-005 6.5 15.5 -9.5
5.0146e-005 7 15 -9.5
0.000164007 7 14.5 -12.5
0.000110825 6.5 15.5 -10
8.94335e-005 7 15 -10
0.000196982 6.5 15.5 -10.5
2.01558e-005 7.5 14.5 -11
0.000315446 6.5 15.5 -11
2.20088e-005 7.5 14.5 -11.5
4.0479e-005 6 16 -11
0.000465727 6.5 15.5 -11.5
8.16906e-005 6 16 -11.5
0.000587848 6.5 15.5 -12
0.000139001 6 16 -12
0.000682792 6.5 15.5 -12.5
0.000215559 6 16 -12.5
0.000299701 6 16 -13
0.000374968 7 15 -13.5
0.000364411 6 16 -13.5
0.000727606 6.5 15.5 -14
0.000317628 7 15 -14
0.000389477 6 16 -14
0.000641563 6.5 15.5 -14.5
0.000356866 6 16 -14.5
0.000266964 6 16 -15
0.000161957 6 16 -15.5
6.97202e-005 6 16 -16
8.43694e-005 6.5 15.5 -16.5
0.000203799 6.5 15.5 -16
3.19744e-005 7 15 -16
0.000354735 6.5 15.5 -15.5
7.80723e-005 7 15 -15.5
0.000506896 6.5 15.5 -15
0.000147683 7 15 -15
0.000229471 7 15 -14.5
0.000761954 6.5 15.5 -13.5
0.00073946 6.5 15.5 -13
0.000400089 7 15 -13
0.000381992 7 15 -12.5
2.33925e-005 7 15.5 -8
0.000338521 7 15 -12
5.02221e-005 7 15.5 -8.5
9.692e-005 7 15.5 -9
2.36979e-005 7.5 15 -9
0.000274675 7 15 -11.5
2.21069e-005 6.5 16 -9
0.000155431 7 15.5 -9.5
3.85979e-005 7.5 15 -9.5
4.91049e-005 6.5 16 -9.5
0.000229234 7 15.5 -10
0.000103098 6.5 16 -10
0.000313966 7 15.5 -10.5
0.000188922 6.5 16 -10.5
0.00039985 7 15.5 -11
0.000302879 6.5 16 -11
2.49579e-005 6 16.5 -11
0.000436696 6.5 16 -11.5
8.73279e-005 7.5 15 -12
4.2984e-005 6 16.5 -11.5
0.000557007 6.5 16 -12
7.06549e-005 7.5 15 -12.5
6.75325e-005 6 16.5 -12
0.000649959 6.5 16 -12.5
5.36716e-005 7.5 15 -13
0.000100999 6 16.5 -12.5
0.000684023 6.5 16 -13
3.08442e-005 7.5 15 -13.5
0.000129586 6 16.5 -13
0.000684327 6.5 16 -13.5
0.000147384 6 16.5 -13.5
0.000603557 6.5 16 -14
0.000143548 6 16.5 -14
0.000100632 6 16.5 -14.5
0.000203661 7 15.5 -15
4.86975e-005 6 16.5 -15
0.000107009 7 15.5 -15.5
4.32803e-005 7 15.5 -16
8.81937e-005 6.5 16 -16
0.000204783 6.5 16 -15.5
0.000345086 6.5 16 -15
0.000486258 6.5 16 -14.5
0.00032356 7 15.5 -14.5
0.000449022 7 15.5 -14
0.000548946 7 15.5 -13.5
0.000609492 7 15.5 -13
0.000601653 7 15.5 -12.5
3.01941e-005 7.5 15.5 -7.5
2.32513e-005 7 16 -7.5
0.000555413 7 15.5 -12
4.75129e-005 7.5 15.5 -8
0.000475583 7 15.5 -11.5
5.29509e-005 7 16 -8
0.000106643 7 16 -8.5
7.18687e-005 7.5 15.5 -8.5
0.000105588 7.5 15.5 -9
0.000183496 7 16 -9
0.000284658 7 16 -9.5
0.000147333 7.5 15.5 -9.5
3.98552e-005 6.5 16.5 -9.5
0.000393899 7 16 -10
8.13091e-005 6.5 16.5 -10
0.000490323 7 16 -10.5
0.000147362 6.5 16.5 -10.5
0.000577472 7 16 -11
0.000239284 6.5 16.5 -11
0.000641331 7 16 -11.5
0.000265668 7.5 15.5 -11.5
0.000333949 6.5 16.5 -11.5
0.00066772 7 16 -12
0.000420478 6.5 16.5 -12
0.000648369 7 16 -12.5
0.000485254 6.5 16.5 -12.5
0.000513214 6.5 16.5 -13
0.000107363 7.5 15.5 -13.5
0.000469228 6.5 16.5 -13.5
5.56574e-005 7.5 15.5 -14
2.02974e-005 7.5 15.5 -14.5
0.000374719 6.5 16.5 -14
0.000259516 6.5 16.5 -14.5
0.000146104 6.5 16.5 -15
5.83226e-005 6.5 16.5 -15.5
2.61901e-005 7 16 -16
9.08824e-005 7 16 -15.5
0.000187611 7 16 -15
0.000308013 7 16 -14.5
0.000436446 7 16 -14
0.000549673 7 16 -13.5
0.000622921 7 16 -13
3.70179e-005 7.5 16 -6.5
0.00016695 7.5 15.5 -13
6.8796e-005 7.5 16 -7
0.000216345 7.5 15.5 -12.5
2.8076e-005 8 15.5 -7.5
0.000107059 7.5 16 -7.5
2.43996e-005 7 16.5 -7.5
3.61919e-005 8 15.5 -8
0.000148412 7.5 16 -8
0.0002493 7.5 15.5 -12
5.17969e-005 7 16.5 -8
0.00019941 7.5 16 -8.5
4.5414e-005 8 15.5 -8.5
0.000104633 7 16.5 -8.5
0.000181394 7 16.5 -9
5.86502e-005 8 15.5 -9.5
0.000257097 7.5 16 -9
0.000277238 7 16.5 -9.5
5.73582e-005 8 15.5 -10
2.62443e-005 6.5 17 -9.5
0.000384881 7 16.5 -10
5.15153e-005 8 15.5 -10.5
4.84576e-005 6.5 17 -10
0.000490857 7 16.5 -10.5
4.09346e-005 8 15.5 -11
8.52037e-005 6.5 17 -10.5
0.000579615 7 16.5 -11
2.71454e-005 8 15.5 -11.5
0.000130246 6.5 17 -11
0.000630504 7 16.5 -11.5
0.000180396 6.5 17 -11.5
0.000221778 6.5 17 -12
0.000360642 7.5 16 -12.5
0.000243033 6.5 17 -12.5
0.000556839 7 16.5 -13
0.00027461 7.5 16 -13
0.000244738 6.5 17 -13
0.000457435 7 16.5 -13.5
0.00019325 6.5 17 -13.5
0.000126617 6.5 17 -14
5.88969e-005 6.5 17 -14.5
4.03053e-005 7 16.5 -15.5
0.000113148 7 16.5 -15
0.000218379 7 16.5 -14.5
5.32043e-005 7.5 16 -14.5
0.000339698 7 16.5 -14
0.000115317 7.5 16 -14
2.18826e-005 8 16 -5
3.98907e-005 8 16 -5.5
0.000187879 7.5 16 -13.5
0.000618908 7 16.5 -12.5
0.000648114 7 16.5 -12
5.55926e-005 8 16 -6
3.09068e-005 7.5 16.5 -6
7.24538e-005 8 16 -6.5
6.30856e-005 7.5 16.5 -6.5
0.00011653 7.5 16.5 -7
9.38703e-005 8 16 -7
0.000425002 7.5 16 -12
0.000463274 7.5 16 -11.5
0.000185002 7.5 16.5 -7.5
0.000114037 8 16 -7.5
0.000457776 7.5 16 -11
0.000268541 7.5 16.5 -8
0.000138412 8 16 -8
4.38038e-005 7 17 -8
0.000349035 7.5 16.5 -8.5
0.000163386 8 16 -8.5
0.000431604 7.5 16 -10.5
8.68765e-005 7 17 -8.5
0.000419078 7.5 16.5 -9
0.000181672 8 16 -9
0.000151016 7 17 -9
0.000488307 7.5 16.5 -9.5
0.000233526 7 17 -9.5
0.000544193 7.5 16.5 -10
0.000327501 7 17 -10
0.000571139 7.5 16.5 -10.5
0.000425382 7 17 -10.5
3.38422e-005 6.5 17.5 -10.5
0.000506911 7 17 -11
0.000109516 8 16 -11.5
4.73992e-005 6.5 17.5 -11
0.000537379 7 17 -11.5
6.94588e-005 8 16 -12
5.93989e-005 6.5 17.5 -11.5
0.000528858 7 17 -12
3.78631e-005 8 16 -12.5
6.54677e-005 6.5 17.5 -12
0.000473971 7 17 -12.5
5.96238e-005 6.5 17.5 -12.5
0.000386986 7 17 -13
4.26842e-005 6.5 17.5 -13
0.00012726 7.5 16.5 -14
5.7976e-005 7.5 16.5 -14.5
2.37019e-005 7 17 -15
8.58659e-005 7 17 -14.5
0.000179269 7 17 -14
0.00028301 7 17 -13.5
2.48031e-005 8.5 16 -4.5
3.47428e-005 8 16.5 -4.5
0.000221194 7.5 16.5 -13.5
6.12962e-005 8 16.5 -5
3.34873e-005 8.5 16 -5
0.000325974 7.5 16.5 -13
4.27031e-005 8.5 16 -5.5
0.000427468 7.5 16.5 -12.5
9.76022e-005 8 16.5 -5.5
0.000515355 7.5 16.5 -12
0.000139014 8 16.5 -6
4.90388e-005 8.5 16 -6
2.88945e-005 7.5 17 -6
5.41736e-005 8.5 16 -6.5
0.000177663 8 16.5 -6.5
0.000566945 7.5 16.5 -11.5
0.000576693 7.5 16.5 -11
5.82978e-005 7.5 17 -6.5
0.000217495 8 16.5 -7
5.76008e-005 8.5 16 -7
0.000110522 7.5 17 -7
0.000177536 7.5 17 -7.5
5.45667e-005 8.5 16 -8
0.000255382 8 16.5 -7.5
0.000261082 7.5 17 -8
4.75984e-005 8.5 16 -8.5
0.000289114 8 16.5 -8
5.89311e-005 8.5 16 -7.5
2.82984e-005 7 17.5 -8
0.000348124 7.5 17 -8.5
3.81573e-005 8.5 16 -9
0.000326664 8 16.5 -8.5
5.18237e-005 7 17.5 -8.5
0.000436095 7.5 17 -9
2.56819e-005 8.5 16 -9.5
9.04064e-005 7 17.5 -9
0.00050693 7.5 17 -9.5
0.000139858 7 17.5 -9.5
0.000200497 7 17.5 -10
0.000329527 8 16.5 -10.5
0.000573533 7.5 17 -10.5
0.000553989 7.5 17 -10
0.000260887 7 17.5 -10.5
0.000564359 7.5 17 -11
0.000280594 8 16.5 -11
0.000299968 7 17.5 -11
0.000531279 7.5 17 -11.5
0.00031173 7 17.5 -11.5
0.000475981 7.5 17 -12
0.000287439 7 17.5 -12
0.000239748 7 17.5 -12.5
4.25968e-005 8 16.5 -13
0.000167438 7 17.5 -13
9.3081e-005 7 17.5 -13.5
3.44099e-005 7 17.5 -14
3.87552e-005 7.5 17 -14.5
2.87521e-005 8.5 16.5 -3
9.81209e-005 7.5 17 -14
4.90147e-005 8.5 16.5 -3.5
0.000182501 7.5 17 -13.5
7.67968e-005 8.5 16.5 -4
0.000283687 7.5 17 -13
0.000101601 8.5 16.5 -4.5
0.000387376 7.5 17 -12.5
3.43199e-005 8 17 -4.5
2.00234e-005 9 16 -5
6.76616e-005 8 17 -5
0.000119852 8.5 16.5 -5
8.89489e-005 8 16.5 -12.5
0.000135741 8.5 16.5 -5.5
0.000147969 8 16.5 -12
0.000124202 8 17 -5.5
0.000148256 8.5 16.5 -6
0.000190692 8 17 -6
0.000215236 8 16.5 -11.5
0.00026467 8 17 -6.5
0.000164566 8.5 16.5 -6.5
4.2732e-005 7.5 17.5 -6.5
0.000331145 8 17 -7
8.07332e-005 7.5 17.5 -7
0.000179773 8.5 16.5 -7.5
0.000383768 8 17 -7.5
0.000176647 8.5 16.5 -7
0.000145998 7.5 17.5 -7.5
0.000429214 8 17 -8
0.000171354 8.5 16.5 -8
0.00022144 7.5 17.5 -8
0.000303878 7.5 17.5 -8.5
0.000129336 8.5 16.5 -9
0.000461271 8 17 -8.5
0.000387106 7.5 17.5 -9
9.97596e-005 8.5 16.5 -9.5
3.70129e-005 7 18 -9
0.000456921 7.5 17.5 -9.5
6.84325e-005 8.5 16.5 -10
5.44805e-005 7 18 -9.5
0.000491771 7.5 17.5 -10
4.09994e-005 8.5 16.5 -10.5
7.70068e-005 7 18 -10
0.0005017 7.5 17.5 -10.5
9.43527e-005 7 18 -10.5
0.000103006 7 18 -11
9.31324e-005 7 18 -11.5
0.000203836 8 17 -12
6.84776e-005 7 18 -12
0.000247116 7.5 17.5 -12.5
0.000125144 8 17 -12.5
4.16605e-005 7 18 -12.5
0.000158303 7.5 17.5 -13
3.27837e-005 7.5 17.5 -14
4.18993e-005 9 16.5 -2
8.35781e-005 7.5 17.5 -13.5
5.92265e-005 9 16.5 -2.5
2.44524e-005 8 17 -13.5
4.39032e-005 8.5 17 -3
7.11779e-005 9 16.5 -3
8.22117e-005 9 16.5 -3.5
7.85831e-005 8.5 17 -3.5
6.42363e-005 8 17 -13
0.000339182 7.5 17.5 -12
8.80492e-005 9 16.5 -4
0.000127359 8.5 17 -4
0.000415117 7.5 17.5 -11.5
0.000290524 8 17 -11.5
9.25124e-005 9 16.5 -4.5
0.000175734 8.5 17 -4.5
0.000469138 7.5 17.5 -11
3.02386e-005 8 17.5 -4.5
0.000212751 8.5 17 -5
9.44826e-005 9 16.5 -5
5.97523e-005 8 17.5 -5
0.000244578 8.5 17 -5.5
8.79854e-005 9 16.5 -5.5
0.000372018 8 17 -11
0.000111678 8 17.5 -5.5
0.000273789 8.5 17 -6
7.73659e-005 9 16.5 -6
0.000173796 8 17.5 -6
6.53672e-005 9 16.5 -6.5
0.000295145 8.5 17 -6.5
0.000438186 8 17 -10.5
0.000248442 8 17.5 -6.5
0.000313487 8.5 17 -7
5.17576e-005 9 16.5 -7
0.000322467 8 17.5 -7
3.69046e-005 9 16.5 -7.5
0.000477814 8 17 -10
4.76486e-005 7.5 18 -7
0.000387465 8 17.5 -7.5
2.13324e-005 9 16.5 -8
0.00032464 8.5 17 -7.5
8.44974e-005 7.5 18 -7.5
0.00043585 8 17.5 -8
0.00013182 7.5 18 -8
0.000468876 8 17.5 -8.5
0.000295655 8.5 17 -8.5
0.000188113 7.5 18 -8.5
0.000481201 8 17.5 -9
0.000245075 7.5 18 -9
0.000476407 8 17.5 -9.5
0.000287164 7.5 18 -9.5
0.000461912 8 17.5 -10
0.000311713 7.5 18 -10
0.000320665 7.5 18 -10.5
5.87482e-005 8.5 17 -11
0.000275138 7.5 18 -11
0.000220902 7.5 18 -11.5
0.000154096 7.5 18 -12
5.58357e-005 8 17.5 -13
2.11943e-005 9.5 16.5 -0.5
4.39734e-005 9.5 16.5 -1
4.33861e-005 9 17 -1.5
5.37473e-005 9.5 16.5 -1.5
3.77055e-005 7.5 18 -13
5.65519e-005 9.5 16.5 -2
7.57374e-005 9 17 -2
8.8581e-005 7.5 18 -12.5
5.68696e-005 9.5 16.5 -2.5
0.000115391 9 17 -2.5
5.80894e-005 9.5 16.5 -3
0.000145861 9 17 -3
0.000115153 8 17.5 -12.5
3.80298e-005 8.5 17.5 -3
5.49428e-005 9.5 16.5 -3.5
0.000164929 9 17 -3.5
0.000190006 8 17.5 -12
7.03231e-005 8.5 17.5 -3.5
4.48071e-005 9.5 16.5 -4
0.000181701 9 17 -4
0.000272511 8 17.5 -11.5
0.000119347 8.5 17.5 -4
3.38376e-005 9.5 16.5 -4.5
3.03977e-005 8.5 17 -11.5
0.000175834 8.5 17.5 -4.5
2.2151e-005 9.5 16.5 -5
0.000191243 9 17 -4.5
0.000199691 9 17 -5
0.000353047 8 17.5 -11
0.00024044 8.5 17.5 -5
3.83486e-005 8 18 -5
0.00020295 9 17 -5.5
0.00029949 8.5 17.5 -5.5
0.000422274 8 17.5 -10.5
7.13667e-005 8 18 -5.5
0.000193756 9 17 -6
0.000126565 8 18 -6
0.00017697 9 17 -6.5
0.000340816 8.5 17.5 -6
0.000190435 8 18 -6.5
0.00014978 9 17 -7
0.000372945 8.5 17.5 -6.5
0.000265568 8 18 -7
0.000115882 9 17 -7.5
0.000392156 8.5 17.5 -7
0.000104967 8.5 17 -10.5
0.000335517 8 18 -7.5
8.25468e-005 9 17 -8
0.000400767 8.5 17.5 -7.5
2.91254e-005 7.5 18.5 -7.5
0.000386569 8 18 -8
5.15249e-005 9 17 -8.5
4.8157e-005 7.5 18.5 -8
0.000413074 8 18 -8.5
2.73082e-005 9 17 -9
7.12873e-005 7.5 18.5 -8.5
0.000422167 8 18 -9
9.26281e-005 7.5 18.5 -9
0.000107998 7.5 18.5 -9.5
0.000229816 8.5 17.5 -10
0.000113968 7.5 18.5 -10
0.000159861 8.5 17.5 -10.5
0.000102241 7.5 18.5 -10.5
0.000100362 8.5 17.5 -11
7.3683e-005 7.5 18.5 -11
5.21423e-005 8.5 17.5 -11.5
4.26592e-005 7.5 18.5 -11.5
4.77623e-005 9.5 17 -0.5
3.06999e-005 10 16.5 -0.5
3.65011e-005 10 16.5 -1
8.58109e-005 9.5 17 -1
3.65063e-005 10 16.5 -1.5
0.00011414 9.5 17 -1.5
3.61359e-005 9 17.5 -1.5
2.71941e-005 10 16.5 -2
5.97443e-005 8 18 -12.5
0.000128964 9.5 17 -2
6.97492e-005 9 17.5 -2
0.000136059 9.5 17 -2.5
0.000119451 8 18 -12
0.000116439 9 17.5 -2.5
0.00013752 9.5 17 -3
0.000166121 9 17.5 -3
0.000186808 8 18 -11.5
0.000254438 8 18 -11
0.000209054 9 17.5 -3.5
0.000137294 9.5 17 -3.5
0.000316653 8 18 -10.5
5.00429e-005 8.5 18 -3.5
0.000241424 9 17.5 -4
0.000122909 9.5 17 -4
0.000370784 8 18 -10
9.32631e-005 8.5 18 -4
0.00026748 9 17.5 -4.5
0.000105318 9.5 17 -4.5
0.000147443 8.5 18 -4.5
0.000284657 9 17.5 -5
8.28289e-005 9.5 17 -5
0.000404882 8 18 -9.5
0.000212261 8.5 18 -5
5.88102e-005 9.5 17 -5.5
0.000274994 8.5 18 -5.5
3.73051e-005 9.5 17 -6
0.000293881 9 17.5 -5.5
3.33471e-005 8 18.5 -5.5
0.000322701 8.5 18 -6
0.000299427 9 17.5 -6
6.01652e-005 8 18.5 -6
0.000358694 8.5 18 -6.5
0.000280385 9 17.5 -6.5
0.000297674 8.5 17.5 -9.5
0.00010094 8 18.5 -6.5
0.000382407 8.5 18 -7
0.000252488 9 17.5 -7
0.000143874 8 18.5 -7
0.000389847 8.5 18 -7.5
0.000190806 8 18.5 -7.5
0.000232138 8 18.5 -8
0.000121116 9 17.5 -8.5
0.000258287 8 18.5 -8.5
7.76063e-005 9 17.5 -9
0.00026526 8 18.5 -9
3.93935e-005 9 17.5 -9.5
0.000239476 8 18.5 -9.5
0.000205381 8 18.5 -10
0.000159794 8 18.5 -10.5
0.000111734 8 18.5 -11
6.40741e-005 8 18.5 -11.5
2.46012e-005 8 18.5 -12
4.3586e-005 10 17 0
8.10454e-005 10 17 -0.5
4.21156e-005 9.5 17.5 -0.5
8.64578e-005 9.5 17.5 -1
9.36302e-005 10 17 -1
9.7136e-005 10 17 -1.5
0.000127857 9.5 17.5 -1.5
9.17263e-005 10 17 -2
0.000156297 9.5 17.5 -2
4.91917e-005 9 18 -2
7.42733e-005 10 17 -2.5
0.000179484 9.5 17.5 -2.5
5.03281e-005 8.5 18 -11.5
9.07173e-005 9 18 -2.5
5.58786e-005 10 17 -3
0.000139367 9 18 -3
3.52877e-005 10 17 -3.5
0.000194031 9.5 17.5 -3
9.81234e-005 8.5 18 -11
0.000193142 9 18 -3.5
0.000201223 9.5 17.5 -3.5
0.000204302 9.5 17.5 -4
0.000233736 9 18 -4
0.000157342 8.5 18 -10.5
0.000222546 8.5 18 -10
4.58436e-005 8.5 18.5 -4
0.000265813 9 18 -4.5
0.000191264 9.5 17.5 -4.5
8.38853e-005 8.5 18.5 -4.5
0.000131263 8.5 18.5 -5
0.000142647 9.5 17.5 -5.5
0.000288716 9 18 -5
0.000301774 9 18 -5.5
0.000171285 9.5 17.5 -5
0.000189155 8.5 18.5 -5.5
0.000106808 9.5 17.5 -6
0.000285744 8.5 18 -9.5
0.000243919 8.5 18.5 -6
7.14207e-005 9.5 17.5 -6.5
0.000313819 9 18 -6
0.000283767 8.5 18.5 -6.5
4.18078e-005 9.5 17.5 -7
0.000320331 9 18 -6.5
0.000340295 8.5 18 -9
0.000375001 8.5 18 -8.5
0.000305732 8.5 18.5 -7
0.000303486 9 18 -7
4.13e-005 8 19 -7
0.000314219 8.5 18.5 -7.5
6.03701e-005 8 19 -7.5
0.000309367 8.5 18.5 -8
0.000226749 9 18 -8
7.56245e-005 8 19 -8
0.000287135 8.5 18.5 -8.5
8.2784e-005 8 19 -8.5
7.81051e-005 8 19 -9
7.17091e-005 9 18 -9.5
6.17359e-005 8 19 -9.5
3.49769e-005 9 18 -10
4.26491e-005 8 19 -10
2.05959e-005 8 19 -10.5
4.31695e-005 10 17.5 0
3.09124e-005 10.5 17 0
8.96907e-005 10 17.5 -0.5
4.46811e-005 10.5 17 -0.5
0.000115307 10 17.5 -1
4.38505e-005 10.5 17 -1
5.39703e-005 9.5 18 -1
2.76176e-005 10.5 17 -1.5
9.98622e-005 9.5 18 -1.5
0.000126787 10 17.5 -1.5
0.000141717 9.5 18 -2
0.000133545 10 17.5 -2
5.81769e-005 8.5 18.5 -11
0.000171318 9.5 18 -2.5
0.000132482 10 17.5 -2.5
0.000107387 8.5 18.5 -10.5
0.000159567 8.5 18.5 -10
4.20368e-005 9 18.5 -2.5
0.00019596 9.5 18 -3
0.00011346 10 17.5 -3
8.02705e-005 9 18.5 -3
9.11801e-005 10 17.5 -3.5
0.000214039 9.5 18 -3.5
0.00020886 8.5 18.5 -9.5
0.000126831 9 18.5 -3.5
6.40881e-005 10 17.5 -4
0.000228358 9.5 18 -4
0.000252551 8.5 18.5 -9
0.00018027 9 18.5 -4
0.000235171 9.5 18 -4.5
3.89476e-005 10 17.5 -4.5
0.00022186 9 18.5 -4.5
0.000251915 9 18.5 -5
0.000226511 9.5 18 -5
5.06959e-005 8.5 19 -5
0.000272633 9 18.5 -5.5
0.000200369 9.5 18 -5.5
0.000116652 9 18 -9
7.88644e-005 8.5 19 -5.5
0.000281134 9 18.5 -6
0.000165482 9.5 18 -6
0.000106609 8.5 19 -6
0.000133146 8.5 19 -6.5
8.37453e-005 9.5 18 -7
0.000282679 9 18.5 -6.5
0.000157803 8.5 19 -7
4.9891e-005 9.5 18 -7.5
0.000274092 9 18.5 -7
0.000166651 8.5 19 -7.5
2.66763e-005 9.5 18 -8
0.000160065 8.5 19 -8
0.000142677 8.5 19 -8.5
0.000115874 8.5 19 -9
0.000111895 9 18.5 -9
8.47043e-005 8.5 19 -9.5
5.25207e-005 8.5 19 -10
3.96244e-005 10.5 17.5 0
5.48609e-005 10 18 -0.5
6.31818e-005 10.5 17.5 -0.5
9.72657e-005 10 18 -1
6.76836e-005 10.5 17.5 -1
2.37535e-005 8.5 19 -10.5
0.000122799 10 18 -1.5
6.03175e-005 10.5 17.5 -1.5
3.81889e-005 9.5 18.5 -1.5
4.29094e-005 10.5 17.5 -2
0.000137123 10 18 -2
8.35676e-005 9.5 18.5 -2
2.73571e-005 10.5 17.5 -2.5
0.000127541 9.5 18.5 -2.5
0.000146171 10 18 -2.5
0.000131686 10 18 -3.5
0.000160362 9.5 18.5 -3
0.000187291 9.5 18.5 -3.5
0.000147194 10 18 -3
3.49013e-005 9 18.5 -10
6.87601e-005 9 18.5 -9.5
4.81322e-005 9 19 -3.5
0.000204271 9.5 18.5 -4
0.000110942 10 18 -4
7.73913e-005 9 19 -4
0.000112902 9 19 -4.5
5.94467e-005 10 18 -5
0.000213242 9.5 18.5 -4.5
8.55198e-005 10 18 -4.5
0.000150619 9 19 -5
3.36466e-005 10 18 -5.5
0.000215884 9.5 18.5 -5
0.000171384 9 19 -5.5
0.000181999 9 19 -6
0.000178765 9.5 18.5 -6
0.000199841 9.5 18.5 -5.5
0.00018501 9 19 -6.5
0.000149258 9.5 18.5 -6.5
0.00017385 9 19 -7
2.51606e-005 8.5 19.5 -7
0.000157825 9 19 -7.5
2.72961e-005 8.5 19.5 -7.5
2.32994e-005 8.5 19.5 -8
4.69948e-005 10.5 18 -0.5
3.28022e-005 10 18.5 -1
6.74631e-005 10.5 18 -1
7.77052e-005 10 18.5 -1.5
7.16907e-005 10.5 18 -1.5
6.43033e-005 10.5 18 -2
4.85058e-005 10.5 18 -2.5
0.000105896 10 18.5 -2
0.000122842 10 18.5 -2.5
3.63758e-005 9 19 -9.5
6.47194e-005 9 19 -9
4.43976e-005 9.5 19 -2.5
3.19017e-005 10.5 18 -3
7.6431e-005 9.5 19 -3
0.000133646 10 18.5 -3
0.000104123 9.5 19 -3.5
0.000124963 10 18.5 -4
0.000126346 9.5 19 -4
0.000135474 10 18.5 -3.5
0.000101051 9 19 -8.5
0.000134228 9 19 -8
0.000141698 9.5 19 -4.5
0.000105271 10 18.5 -4.5
0.000149815 9.5 19 -5
3.34151e-005 9 19.5 -5
0.000153764 9.5 19 -5.5
5.08555e-005 10 18.5 -5.5
4.87068e-005 9 19.5 -5.5
5.67078e-005 9 19.5 -6
0.00014262 9.5 19 -6
5.86649e-005 9 19.5 -6.5
6.41943e-005 9.5 19 -7.5
4.59186e-005 9 19.5 -7.5
5.39459e-005 9 19.5 -7
3.40913e-005 9 19.5 -8
3.65049e-005 9.5 19 -8
2.9669e-005 10.5 18.5 -1
5.29962e-005 10.5 18.5 -1.5
3.09886e-005 10 19 -2
5.82731e-005 10.5 18.5 -2
5.79511e-005 10 19 -2.5
4.07364e-005 10.5 18.5 -3
5.50079e-005 10.5 18.5 -2.5
2.85319e-005 10.5 18.5 -3.5
7.73511e-005 10 19 -3
9.04854e-005 10 19 -3.5
2.88876e-005 9.5 19.5 -4
9.40815e-005 10 19 -4
4.27622e-005 9.5 19.5 -4.5
6.98862e-005 10 19 -5
5.0784e-005 10 19 -5.5
5.28796e-005 9.5 19.5 -5
5.69068e-005 9.5 19.5 -5.5
8.62034e-005 10 19 -4.5
5.54711e-005 9.5 19.5 -6
3.28793e-005 10 19 -6
2.79995e-005 10.5 19 -2.5
3.04107e-005 10.5 19 -3
2.29954e-005 10 19.5 -4
2.61695e-005 10 19.5 -4.5
2.67045e-005 10 19.5 -5
2.35637e-005 10 19.5 -5.5
2.5615e-005 10.5 19 -3.5
3.39558e-005 9.5 19.5 -7
4.68141e-005 9.5 19.5 -6.5
9.32304e-005 9.5 19 -7
0.000121041 9.5 19 -6.5
2.90388e-005 10 18.5 -6
7.78004e-005 10 18.5 -5
4.15666e-005 9.5 18.5 -8
7.39007e-005 9.5 18.5 -7.5
0.00011081 9.5 18.5 -7
0.000161441 9 18.5 -8.5
0.000209592 9 18.5 -8
0.000249258 9 18.5 -7.5
0.000123851 9.5 18 -6.5
0.000170503 9 18 -8.5
0.00027183 9 18 -7.5
0.000389092 8.5 18 -8
0.000169738 9 17.5 -8
0.000215796 9 17.5 -7.5
0.000352542 8.5 17.5 -9
0.000390395 8.5 17.5 -8.5
0.000407068 8.5 17.5 -8
0.000158201 8.5 17 -10
0.000214115 8.5 17 -9.5
0.000261105 8.5 17 -9
0.000317155 8.5 17 -8
0.000485619 8 17 -9.5
0.000477188 8 17 -9
0.000154398 8.5 16.5 -8.5
0.000359969 8 16.5 -10
0.000370019 8 16.5 -9.5
0.000357976 8 16.5 -9
0.000141713 8 16 -11
0.00017029 8 16 -10.5
0.000190186 8 16 -10
0.000190149 8 16 -9.5
0.000376986 7.5 16 -10
0.000315355 7.5 16 -9.5
5.44878e-005 8 15.5 -9
0.000256231 7.5 15.5 -11
0.000230478 7.5 15.5 -10.5
0.000192867 7.5 15.5 -10
9.89837e-005 7.5 15 -11.5
9.44314e-005 7.5 15 -11
7.88915e-005 7.5 15 -10.5
5.84173e-005 7.5 15 -10
0.000202117 7 15 -11
0.000137732 7 15 -10.5
9.95541e-005 7 14.5 -11.5
6.34334e-005 7 14.5 -11
3.36184e-005 7 14.5 -10.5
3.29178e-005 7 14 -12
2.05997e-005 7 14 -11.5
3.42028e-005 6.5 14 -11.5
