2.02207e-005 8 7 29.5
4.27595e-005 8.5 7 30.5
4.56713e-005 8.5 7 29.5
6.63291e-005 8.5 7 30
3.77241e-005 8 7.5 29.5
4.89564e-005 8 7.5 29
4.86602e-005 8 7.5 28.5
2.93875e-005 8 7.5 28
3.52507e-005 7.5 8 27
3.29154e-005 7.5 8 26.5
2.15313e-005 7.5 8 26
2.40772e-005 7 8.5 26
6.53566e-005 7 8.5 25.5
8.25862e-005 7 8.5 25
2.25711e-005 6.5 8.5 23.5
4.64225e-005 7 8.5 24.5
3.03895e-005 7 8.5 24
4.7762e-005 9 7 31
7.33076e-005 9 7 30.5
2.86042e-005 9 7 30
7.87494e-005 8.5 7.5 30.5
0.000168404 8.5 7.5 30
0.000227293 8.5 7.5 29.5
5.03365e-005 8 8 29
0.000183071 8.5 7.5 29
0.000115375 8 8 28.5
0.000204193 8 8 28
0.000109982 8 8 27.5
2.41892e-005 8 8 27
9.6817e-005 7.5 8.5 27
0.000176848 7.5 8.5 26.5
0.000189282 7.5 8.5 26
3.22871e-005 6.5 9 22.5
3.43539e-005 6.5 9 23
4.8104e-005 7 9 25.5
0.00013825 7.5 8.5 25.5
7.87853e-005 7.5 8.5 25
2.76613e-005 6.5 9 23.5
4.08394e-005 7.5 8.5 24.5
0.00010399 7 9 25
0.000175676 7 9 24.5
0.000186813 7 9 24
2.90152e-005 6.5 9.5 23
2.31314e-005 9.5 7 31
2.59723e-005 9 7.5 31.5
0.000134374 9 7.5 31
0.000270771 9 7.5 30.5
4.68636e-005 8.5 8 30.5
0.000314308 9 7.5 30
0.000115614 9 7.5 29.5
0.000203085 8.5 8 30
0.000416347 8.5 8 29.5
0.0006771 8.5 8 29
9.36766e-005 8 8.5 28.5
0.00047109 8.5 8 28.5
9.00566e-005 8.5 8 28
0.000390065 8 8.5 28
0.000581224 8 8.5 27.5
8.46293e-005 7.5 9 27
0.000464785 8 8.5 27
2.37322e-005 9.5 7 31.5
0.000243611 8 8.5 26.5
0.000130069 8 8.5 26
0.000256999 7.5 9 26.5
2.96205e-005 6.5 9.5 21
5.21973e-005 6.5 9.5 21.5
4.84737e-005 6.5 9.5 22
3.68232e-005 6.5 9.5 22.5
6.19533e-005 8 8.5 25.5
0.000461829 7.5 9 26
2.50447e-005 7 9.5 25.5
2.1859e-005 8 8.5 25
6.73814e-005 7 9.5 25
0.000378125 7.5 9 25
0.000516431 7.5 9 25.5
2.81105e-005 7 9 22.5
5.01217e-005 7 9 23
0.00012885 7 9.5 24.5
0.000253849 7.5 9 24.5
9.7838e-005 7 9 23.5
0.000192544 7 9.5 24
0.000151027 7.5 9 24
2.94487e-005 7.5 9 23
2.71551e-005 6.5 10 22.5
4.05368e-005 6.5 10 22
2.57743e-005 7 9.5 21
2.35488e-005 9.5 7.5 32
2.77407e-005 9 8 31.5
9.19448e-005 9.5 7.5 31.5
0.000184371 9.5 7.5 31
0.000114632 9.5 7.5 30.5
0.00018606 9 8 31
0.000505776 9 8 30.5
6.17635e-005 8.5 8.5 30
0.00088899 9 8 30
0.000404153 8.5 8.5 29.5
0.000845485 9 8 29.5
0.000293787 9 8 29
0.0010698 8.5 8.5 29
3.13834e-005 8 9 28.5
0.00148463 8.5 8.5 28.5
0.000367476 8 9 28
0.0010685 8.5 8.5 28
0.000348685 8.5 8.5 27.5
0.000917556 8 9 27.5
8.15718e-005 8.5 8.5 27
2.86121e-005 8.5 8.5 26.5
0.00126623 8 9 27
2.23554e-005 6.5 10 20.5
3.90605e-005 6.5 10 21
4.64529e-005 6.5 10 21.5
0.000124948 7.5 9.5 26.5
0.00120465 8 9 26.5
0.00073031 8 9 26
0.000318902 7.5 9.5 26
4.70967e-005 7 9.5 21.5
7.60581e-005 7 9.5 22
0.000132282 7 9.5 22.5
0.00059048 7.5 9.5 25.5
0.00040555 8 9 25.5
0.000751802 7.5 9.5 25
2.80126e-005 7 10 25
0.0001067 8 9 24.5
0.000222823 8 9 25
0.000229839 7 9.5 23
0.000227775 7 9.5 23.5
6.46732e-005 7 10 24.5
3.88248e-005 8 9 24
0.00075277 7.5 9.5 24.5
6.47749e-005 7.5 9 23.5
0.000190078 7.5 9.5 23
9.21804e-005 7.5 9.5 22.5
2.3968e-005 6.5 10.5 21.5
2.48074e-005 6.5 10.5 21
3.09061e-005 10 7.5 32
3.45644e-005 10 7.5 31.5
2.94607e-005 9.5 8 32
0.000184983 9.5 8 31.5
0.000509529 9.5 8 31
0.000113855 9 8.5 31
0.000628444 9.5 8 30.5
0.000554433 9 8.5 30.5
0.00030909 9.5 8 30
0.00137856 9 8.5 30
7.90485e-005 8.5 9 29.5
0.00211138 9 8.5 29.5
0.00174806 9 8.5 29
0.00083326 8.5 9 29
0.000691123 9 8.5 28.5
0.00202773 8.5 9 28.5
2.33028e-005 9 8.5 28
9.12216e-005 8 9.5 28
0.00261429 8.5 9 28
0.000506121 8 9.5 27.5
0.00242245 8.5 9 27.5
0.00112576 8.5 9 27
0.00118781 8 9.5 27
0.000583049 8.5 9 26.5
3.18477e-005 7 10 20.5
0.00180258 8 9.5 26.5
8.21913e-005 7 10 21
0.000154339 7 10 21.5
4.03387e-005 7.5 10 26.5
0.000222739 8.5 9 26
0.00192671 8 9.5 26
0.000231296 7 10 22
0.000140456 7.5 10 26
6.66651e-005 8.5 9 25.5
4.15237e-005 7.5 9.5 22
2.0894e-005 8.5 9 25
0.00143392 8 9.5 25.5
0.000951412 8 9.5 25
0.000321162 7.5 10 25.5
0.000555231 7.5 10 25
0.000225531 7 10 22.5
0.000217063 7 10 23
0.000167492 7 10 23.5
0.000302339 7.5 9.5 23.5
0.000118341 7 10 24
0.000807531 7.5 10 24.5
0.000559528 8 9.5 24.5
0.000442789 7.5 9.5 24
2.15123e-005 7 10.5 24.5
0.000245903 8 9.5 24
0.000890852 7.5 10 24
4.66963e-005 7 10.5 24
0.00012413 8 9.5 23.5
8.02552e-005 7 10.5 23.5
5.29458e-005 8 9.5 23
0.000685646 7.5 10 23.5
0.000126746 7 10.5 23
0.000436 7.5 10 23
0.000190338 7 10.5 22
0.000189194 7.5 10 22
0.000154901 7 10.5 21.5
2.0879e-005 9.5 8.5 32
0.000191599 10 8 31.5
0.000226843 9.5 8.5 31.5
0.000115909 10 8 31
0.000807707 9.5 8.5 31
0.000191704 9 9 30.5
0.00147559 9.5 8.5 30.5
0.00147777 9.5 8.5 30
0.00126816 9 9 30
0.000712564 9.5 8.5 29.5
3.73062e-005 9.5 8.5 29
0.00289306 9 9 29.5
0.000261561 8.5 9.5 29
0.00375052 9 9 29
0.00139822 8.5 9.5 28.5
0.00349854 9 9 28.5
9.24398e-005 10 8 32
0.00154122 9 9 28
0.00301397 8.5 9.5 28
0.00038537 9 9 27.5
0.000142826 8 10 27.5
8.00515e-005 9 9 27
0.0038421 8.5 9.5 27.5
7.31578e-005 7 10.5 20.5
0.00382849 8.5 9.5 27
0.000131512 7 10.5 21
0.000559329 8 10 27
4.82255e-005 7.5 10 21
0.00236627 8.5 9.5 26.5
0.0012805 8 10 26.5
0.000106234 7.5 10 21.5
0.000167944 7 10.5 22.5
0.00212001 8 10 26
0.00139209 8.5 9.5 26
3.91606e-005 7.5 10.5 26
0.000713383 8.5 9.5 25.5
0.00011818 7.5 10.5 25.5
0.000308463 8.5 9.5 25
0.00244173 8 10 25.5
0.000293941 7.5 10 22.5
0.000263509 7.5 10.5 25
9.57218e-005 8.5 9.5 24.5
0.00198831 8 10 25
0.000469258 7.5 10.5 24.5
2.65083e-005 8.5 9.5 24
0.00052812 8 10 23.5
0.000666655 7.5 10.5 23.5
2.71556e-005 7 11 23.5
0.000705531 7.5 10.5 23
0.000257125 8 10 23
4.98391e-005 7 11 23
7.60462e-005 7 11 22.5
9.37052e-005 7 11 22
2.06981e-005 8 10 21.5
0.000105901 7 11 21.5
5.65697e-005 7.5 10.5 20.5
0.000145392 10 8.5 32
0.000460451 10 8.5 31.5
0.000114757 9.5 9 31.5
0.000564874 10 8.5 31
0.000334443 10 8.5 30.5
0.000831191 9.5 9 31
3.69898e-005 10 8.5 30
0.00213721 9.5 9 30.5
0.000350875 9 9.5 30
0.00301529 9.5 9 30
0.00296805 9.5 9 29.5
0.00212285 9 9.5 29.5
0.00149763 9.5 9 29
0.00443929 9 9.5 29
0.000244669 9.5 9 28.5
0.000435603 8.5 10 28.5
0.00550794 9 9.5 28.5
2.10301e-005 7 11 20
0.00168109 8.5 10 28
0.00554641 9 9.5 28
6.30988e-005 7 11 20.5
0.00358206 8.5 10 27.5
0.00317545 9 9.5 27.5
0.00155901 9 9.5 27
0.000104304 7 11 21
0.00477105 8.5 10 27
0.000118822 7.5 10.5 21
0.000155592 8 10.5 27
0.000566386 9 9.5 26.5
0.000216083 7.5 10.5 21.5
0.000481563 8 10.5 26.5
0.000160303 9 9.5 26
0.00484977 8.5 10 26.5
4.12157e-005 9 9.5 25.5
0.003447 8.5 10 26
0.00104839 8 10.5 26
0.000382742 7.5 10.5 22
5.07552e-005 8 10 22
0.00224894 8.5 10 25.5
0.00167839 8 10.5 25.5
0.000546581 7.5 10.5 22.5
0.000124596 8 10 22.5
0.000628417 7.5 10.5 24
0.000841631 8 10 24
2.87385e-005 7.5 11 25.5
0.00201265 8 10.5 25
0.00134037 8.5 10 25
0.00128326 8 10 24.5
8.18169e-005 7.5 11 25
0.00213889 8 10.5 24.5
0.000168436 7.5 11 24.5
0.000284214 7.5 11 24
0.00010348 8.5 10 23.5
0.000422834 7.5 11 23.5
3.10094e-005 8.5 10 23
0.000501788 7.5 11 23
2.21778e-005 7 11.5 22.5
0.000227736 8 10.5 22
3.31099e-005 7 11.5 22
0.000104902 8 10.5 21.5
4.46915e-005 7 11.5 21.5
4.9581e-005 7 11.5 21
3.52045e-005 7 11.5 20.5
3.41295e-005 10.5 8.5 32.5
8.77086e-005 10.5 8.5 32
7.5684e-005 10.5 8.5 31.5
0.0001519 10 9 32
0.000661984 10 9 31.5
0.000258962 9.5 9.5 31
0.00122993 10 9 31
0.00131399 10 9 30.5
0.00171784 9.5 9.5 30.5
0.000801347 10 9 30
0.000144955 10 9 29.5
0.003903 9.5 9.5 30
0.000739562 9 10 29.5
0.00509613 9.5 9.5 29.5
0.0029128 9 10 29
0.00524099 9.5 9.5 29
0.00304886 9.5 9.5 28.5
0.00568185 9 10 28.5
2.16801e-005 7.5 11 20
2.75142e-005 8.5 10.5 28.5
0.00107561 9.5 9.5 28
0.00701782 9 10 28
8.49992e-005 7.5 11 20.5
0.00043286 8.5 10.5 28
0.000202006 9.5 9.5 27.5
0.0070027 9 10 27.5
0.00139784 8.5 10.5 27.5
2.08519e-005 9.5 9.5 27
0.000177313 7.5 11 21
4.11138e-005 8 10.5 21
0.00297248 8.5 10.5 27
0.00477415 9 10 27
0.000280846 7.5 11 21.5
0.000395758 7.5 11 22
0.00046961 7.5 11 22.5
0.00439885 8.5 10.5 26.5
0.00305259 9 10 26.5
0.000120535 8 11 26.5
0.00145629 9 10 26
0.000345843 8 11 26
0.000578187 9 10 25.5
0.00487223 8.5 10.5 26
0.000420205 8 10.5 22.5
0.000744546 8 11 25.5
0.000170789 9 10 25
0.00391303 8.5 10.5 25.5
0.00123636 8 11 25
4.07106e-005 9 10 24.5
0.00151084 8 11 24.5
4.21945e-005 7.5 11.5 24.5
0.00104425 8.5 10.5 24
0.00153291 8 11 24
0.0018017 8.5 10.5 24.5
9.07893e-005 7.5 11.5 24
0.0013633 8 11 23.5
0.000499646 8.5 10.5 23.5
0.00015448 7.5 11.5 23.5
0.000215097 7.5 11.5 23
8.44222e-005 8.5 10.5 22.5
0.000274955 7.5 11.5 22.5
2.86735e-005 8.5 10.5 22
0.000291594 7.5 11.5 22
0.0002386 7.5 11.5 21.5
0.000158884 7.5 11.5 21
5.40697e-005 10.5 9 32.5
5.41114e-005 10 9.5 32
0.000301942 10.5 9 31.5
0.000599511 10 9.5 31.5
0.000224737 10.5 9 31
5.00481e-005 10.5 9 30.5
0.00166156 10 9.5 31
0.000219537 10.5 9 32
0.000562469 9.5 10 30.5
0.00249841 10 9.5 30.5
0.00267757 10 9.5 30
0.00276093 9.5 10 30
0.00167992 10 9.5 29.5
3.74913e-005 9 10.5 29.5
0.000529648 10 9.5 29
0.00563104 9.5 10 29.5
0.000880836 9 10.5 29
3.80146e-005 10 9.5 28.5
0.00713901 9.5 10 29
0.00294299 9 10.5 28.5
0.0073855 9.5 10 28.5
7.60353e-005 7.5 11.5 20.5
0.00576686 9 10.5 28
0.00521024 9.5 10 28
4.10918e-005 8 11 20.5
5.28073e-005 8.5 11 28
0.00763008 9 10.5 27.5
0.00269669 9.5 10 27.5
0.000367863 8.5 11 27.5
0.000975056 9.5 10 27
0.00785687 9 10.5 27
0.000110544 8 11 21
0.00108886 8.5 11 27
0.000251425 9.5 10 26.5
0.000232404 8 11 21.5
4.95098e-005 9.5 10 26
0.00598719 9 10.5 26.5
0.00228627 8.5 11 26.5
0.000388488 8 11 22
0.00400718 9 10.5 26
0.00346176 8.5 11 26
0.00068537 8 11 22.5
0.00101562 8 11 23
7.94467e-005 8 11.5 26
0.00390747 8.5 11 25.5
0.00235743 9 10.5 25.5
0.000208249 8 11.5 25.5
0.00368483 8.5 11 25
0.000422166 8 11.5 25
0.000696972 8 11.5 24.5
0.000151316 9 10.5 24
0.00267368 8.5 11 24.5
0.000972249 8 11.5 24
3.83247e-005 9 10.5 23.5
0.00179209 8.5 11 24
0.00103261 8 11.5 23.5
3.62462e-005 7.5 12 23.5
0.000939989 8 11.5 23
0.000671586 8.5 11 23
6.42101e-005 7.5 12 23
9.54232e-005 7.5 12 22.5
0.000159949 8.5 11 22
0.000116416 7.5 12 22
0.000118639 7.5 12 21.5
8.24202e-005 7.5 12 21
2.22741e-005 11 9 32
0.000299896 10.5 9.5 32
0.000627065 10.5 9.5 31.5
0.000190247 10 10 31.5
0.000741545 10.5 9.5 31
0.00127906 10 10 31
0.000534505 10.5 9.5 30.5
3.73891e-005 10.5 9.5 32.5
0.000161779 10.5 9.5 30
0.00296122 10 10 30.5
0.000889328 9.5 10.5 30
0.00410751 10 10 30
0.00331447 9.5 10.5 29.5
0.00452104 10 10 29.5
4.16308e-005 7.5 12 20.5
0.00644708 9.5 10.5 29
0.00327777 10 10 29
8.14752e-005 9 11 29
0.00158287 10 10 28.5
0.00825234 9.5 10.5 28.5
5.65375e-005 8 11.5 20.5
0.000762504 9 11 28.5
0.000334718 10 10 28
0.0085435 9.5 10.5 28
0.00232572 9 11 28
3.17378e-005 10 10 27.5
0.00014536 8 11.5 21
0.00466257 9 11 27.5
0.00677566 9.5 10.5 27.5
0.000266344 8 11.5 21.5
6.00932e-005 8.5 11 21.5
5.16334e-005 8.5 11.5 27.5
0.00644922 9 11 27
0.00440632 9.5 10.5 27
0.000441232 8 11.5 22
0.000658925 8 11.5 22.5
0.000255723 8.5 11.5 27
0.00211672 9.5 10.5 26.5
0.000708588 8.5 11.5 26.5
0.000737613 9.5 10.5 26
0.00684947 9 11 26.5
0.000354191 8.5 11 22.5
0.00145617 8.5 11.5 26
0.000226801 9.5 10.5 25.5
0.00562358 9 11 26
0.00227682 8.5 11.5 25.5
3.99333e-005 9.5 10.5 25
3.08633e-005 8 12 25.5
0.00281532 9 11 25
9.13823e-005 8 12 25
0.00154248 9 11 24.5
0.00257884 8.5 11.5 25
0.00259599 8.5 11.5 24.5
0.00402875 9 11 25.5
0.000203481 8 12 24.5
0.00198318 8.5 11.5 24
0.000748837 9 11 24
0.000349847 8 12 24
0.00050138 8 12 23.5
9.90797e-005 9 11 23
0.000559097 8 12 23
3.21729e-005 9 11 22.5
0.0004804 8 12 22.5
2.6152e-005 7.5 12.5 22
0.00013877 8.5 11.5 21.5
3.0174e-005 7.5 12.5 21.5
5.02764e-005 8.5 11.5 21
2.97472e-005 11 9.5 32.5
7.50855e-005 11 9.5 32
8.11019e-005 11 9.5 31.5
0.000227535 10.5 10 32
3.50471e-005 11 9.5 31
0.000778021 10.5 10 31.5
0.000394678 10 10.5 31
0.00128887 10.5 10 31
0.00150943 10.5 10 30.5
0.0011312 10.5 10 30
0.00198763 10 10.5 30.5
4.69801e-005 9.5 11 30
0.000566937 10.5 10 29.5
0.00422391 10 10.5 30
0.000931513 9.5 11 29.5
7.41929e-005 10.5 10 29
0.00561511 10 10.5 29.5
0.00310374 9.5 11 29
0.00596378 10 10.5 29
4.0236e-005 8 12 20.5
0.000121568 8 12 21
0.00600929 9.5 11 28.5
0.0052982 10 10.5 28.5
0.00023029 8 12 21.5
7.90901e-005 9 11.5 28.5
0.00790321 9.5 11 28
0.00306711 10 10.5 28
0.000530497 9 11.5 28
0.00113771 10 10.5 27.5
0.00829706 9.5 11 27.5
0.000368991 8 12 22
0.00155024 9 11.5 27.5
0.000268272 10 10.5 27
0.00319077 9 11.5 27
3.69888e-005 10 10.5 26.5
0.00682493 9.5 11 27
0.000313463 8.5 11.5 22
2.35344e-005 8.5 12 27
0.00461183 9 11.5 26.5
0.00501712 9.5 11 26.5
0.000582291 8.5 11.5 22.5
0.000944449 8.5 11.5 23
0.000134557 8.5 12 26.5
0.00519083 9 11.5 26
0.00293865 9.5 11 26
0.000358818 8.5 12 26
0.00453113 9 11.5 25.5
0.000757104 8.5 12 25.5
0.000501077 9.5 11 25
0.00140498 9.5 11 25.5
0.00126035 8.5 12 25
0.000159666 9.5 11 24.5
0.00351522 9 11.5 25
0.00160676 8.5 12 24.5
3.18075e-005 9.5 11 24
3.20581e-005 8 12.5 24.5
7.8202e-005 8 12.5 24
0.000823905 9 11.5 23.5
0.00128345 8.5 12 23.5
0.00167372 8.5 12 24
0.000134748 8 12.5 23.5
0.000890881 8.5 12 23
0.000414728 9 11.5 23
0.000180188 8 12.5 23
0.00020159 8 12.5 22.5
0.000188298 8 12.5 22
0.00013409 8 12.5 21.5
6.16867e-005 8 12.5 21
4.2043e-005 11 10 32.5
0.000149389 11 10 32
4.84594e-005 10.5 10.5 32
0.000216624 11 10 31.5
0.00021161 11 10 31
0.000525277 10.5 10.5 31.5
0.000102759 11 10 30.5
0.00142039 10.5 10.5 31
0.00050368 10 11 30.5
0.00216308 10.5 10.5 30.5
0.00216142 10 11 30
0.00249249 10.5 10.5 30
0.00451947 10 11 29.5
0.00223871 10.5 10.5 29.5
6.86154e-005 9.5 11.5 29.5
0.00119778 10.5 10.5 29
0.00621189 10 11 29
0.000742745 9.5 11.5 29
0.00663223 10 11 28.5
0.000310918 10.5 10.5 28.5
0.00232379 9.5 11.5 28.5
3.56081e-005 10.5 10.5 28
7.05906e-005 8.5 12 21
0.0045683 9.5 11.5 28
0.00614329 10 11 28
0.000176984 8.5 12 21.5
5.96694e-005 9 12 28
0.0063458 9.5 11.5 27.5
0.00414409 10 11 27.5
0.000328978 8.5 12 22
5.20873e-005 9 11.5 22
0.000557132 8.5 12 22.5
0.000332448 9 12 27.5
0.0068333 9.5 11.5 27
0.00210995 10 11 27
0.000954939 9 12 27
0.000682058 10 11 26.5
0.00198831 9 12 26.5
0.000208438 10 11 26
0.00296598 9 12 26
2.80492e-005 10 11 25.5
0.00455867 9.5 11.5 26
0.00619435 9.5 11.5 26.5
5.42337e-005 8.5 12.5 26
0.00310914 9.5 11.5 25.5
0.000155594 8.5 12.5 25.5
0.00169567 9.5 11.5 25
0.00341387 9 12 25.5
0.00297765 9 12 25
0.000174157 9 11.5 22.5
0.000345203 8.5 12.5 25
0.00230195 9 12 24.5
0.000782725 9.5 11.5 24.5
0.000579437 8.5 12.5 24.5
0.000730389 8.5 12.5 24
8.22027e-005 9.5 11.5 23.5
0.0007444 8.5 12.5 23.5
2.17741e-005 9.5 11.5 23
0.000627589 8.5 12.5 23
0.000423607 8.5 12.5 22.5
0.000318556 9 12 22.5
4.18075e-005 8 13 22.5
4.65526e-005 8 13 22
4.19856e-005 9 12 21.5
3.11813e-005 8 13 21.5
2.27776e-005 11 10.5 32.5
0.000172181 11 10.5 32
0.000355771 11 10.5 31.5
0.00010007 10.5 11 31.5
0.000476834 11 10.5 31
0.000737913 10.5 11 31
0.000471554 11 10.5 30.5
0.000252632 11 10.5 30
0.00188526 10.5 11 30.5
4.86458e-005 11 10.5 29.5
0.000519211 10 11.5 30
0.00292554 10.5 11 30
0.00192162 10 11.5 29.5
0.00325458 10.5 11 29.5
5.08592e-005 8.5 12.5 21
0.00400129 10 11.5 29
0.00326259 10.5 11 29
0.000131948 8.5 12.5 21.5
6.62086e-005 9.5 12 29
0.00563685 10 11.5 28.5
0.00208128 10.5 11 28.5
0.000527386 9.5 12 28.5
0.00622571 10 11.5 28
0.000828458 10.5 11 28
0.000266216 8.5 12.5 22
0.00157184 9.5 12 28
0.00581498 10 11.5 27.5
0.000202489 10.5 11 27.5
0.00309902 9.5 12 27.5
2.16485e-005 9 12.5 27.5
0.00437638 9.5 12 27
0.00438561 10 11.5 27
0.000122335 9 12 22
0.000157174 9 12.5 27
0.0047635 9.5 12 26.5
0.0027056 10 11.5 26.5
0.000446363 9 12.5 26.5
0.00431348 9.5 12 26
0.000941008 9 12.5 26
0.000428004 10 11.5 25.5
0.00121745 10 11.5 26
0.00146128 9 12.5 25.5
0.000108481 10 11.5 25
0.00328928 9.5 12 25.5
0.00173542 9 12.5 25
4.02266e-005 8.5 13 25
0.00177543 9 12.5 24.5
9.48642e-005 8.5 13 24.5
0.000756007 9.5 12 24
0.00135129 9 12.5 24
0.00143124 9.5 12 24.5
0.000164043 8.5 13 24
0.00095777 9 12.5 23.5
0.000354242 9.5 12 23.5
0.000228646 8.5 13 23.5
0.000244362 8.5 13 23
3.18658e-005 9.5 12 22.5
0.000205752 8.5 13 22.5
0.00013005 8.5 13 22
2.3209e-005 11.5 10.5 32
3.94239e-005 11.5 10.5 31.5
9.37101e-005 11 11 32
2.87136e-005 11.5 10.5 31
0.000370062 11 11 31.5
0.000133809 10.5 11.5 31
0.000669461 11 11 31
0.000793031 10.5 11.5 30.5
0.000855709 11 11 30.5
0.00197386 10.5 11.5 30
0.000890696 11 11 30
0.000541927 11 11 29.5
0.00313803 10.5 11.5 29.5
5.40696e-005 8.5 13 21.5
0.000401466 10 12 29.5
0.000180158 11 11 29
0.00139327 10 12 29
2.353e-005 11 11 28.5
0.00365143 10.5 11.5 29
0.00294482 10 12 28.5
0.00372686 10.5 11.5 28.5
5.46008e-005 9 12.5 21.5
3.62738e-005 9.5 12.5 28.5
0.00424062 10 12 28
0.00268371 10.5 11.5 28
0.000156446 9 12.5 22
0.000263398 9.5 12.5 28
0.00469477 10 12 27.5
0.00145523 10.5 11.5 27.5
0.000789471 9.5 12.5 27.5
0.00465856 10 12 27
0.000446256 10.5 11.5 27
0.00165336 9.5 12.5 27
0.000101588 10.5 11.5 26.5
0.000318337 9 12.5 22.5
0.00245085 9.5 12.5 26.5
4.87938e-005 9 13 26.5
0.00243894 10 12 26
0.000143752 9 13 26
0.00129344 10 12 25.5
0.00282014 9.5 12.5 26
0.00266737 9.5 12.5 25.5
0.00367091 10 12 26.5
0.000572432 9 12.5 23
0.000330281 9 13 25.5
0.00205189 9.5 12.5 25
0.000560519 10 12 25
0.000581399 9 13 25
0.000728192 9 13 24.5
4.32025e-005 10 12 24
0.00150717 9.5 12.5 24.5
0.000755253 9 13 24
0.000989982 9.5 12.5 24
0.000234598 9.5 12.5 23
2.80891e-005 8.5 13.5 23
0.000220447 9 13 22.5
7.97538e-005 9.5 12.5 22.5
3.16449e-005 8.5 13.5 22.5
3.57623e-005 11.5 11 32
8.41528e-005 11.5 11 31.5
0.000102822 11.5 11 31
0.000143634 11 11.5 31.5
6.84183e-005 11.5 11 30.5
0.000508142 11 11.5 31
2.03644e-005 11.5 11 30
0.000133624 10.5 12 30.5
0.000954119 11 11.5 30.5
0.000667488 10.5 12 30
0.00120802 11 11.5 30
0.00163619 10.5 12 29.5
0.00125746 11 11.5 29.5
3.31834e-005 9 13 21.5
0.00261411 10.5 12 29
0.000912231 11 11.5 29
0.000242579 10 12.5 29
0.00323171 10.5 12 28.5
0.000406098 11 11.5 28.5
0.000108368 9 13 22
0.000815641 10 12.5 28.5
0.00339773 10.5 12 28
8.50075e-005 11 11.5 28
0.00177546 10 12.5 28
2.07025e-005 9.5 12.5 22
0.00269599 10 12.5 27.5
0.00264592 10.5 12 27.5
9.52946e-005 9.5 13 27.5
0.00303393 10 12.5 27
0.00167434 10.5 12 27
0.000373417 9 13 23
0.000552195 9 13 23.5
0.000307371 9.5 13 27
0.00306599 10 12.5 26.5
0.000700268 9.5 13 26.5
0.000218563 10.5 12 26
0.000675397 10.5 12 26.5
0.00111693 9.5 13 26
3.78241e-005 10.5 12 25.5
0.00241908 10 12.5 26
0.00134821 9.5 13 25.5
0.00102489 10 12.5 25
6.84169e-005 9 13.5 25
0.0004883 10 12.5 24.5
0.00134494 9.5 13 25
0.00106374 9.5 13 24.5
0.000123451 9 13.5 24.5
0.000726988 9.5 13 24
0.000205401 10 12.5 24
0.000166143 9 13.5 24
0.000167039 9 13.5 23.5
0.000137819 9 13.5 23
3.08844e-005 9 13.5 22
2.83867e-005 9.5 13 22
2.10002e-005 11.5 11.5 32
0.000100521 11.5 11.5 31.5
0.000144637 11 12 31
0.000171838 11.5 11.5 31
0.000201165 11.5 11.5 30.5
0.000498254 11 12 30.5
0.000148728 11.5 11.5 30
0.000969158 11 12 30
9.94945e-005 10.5 12.5 30
6.01307e-005 11.5 11.5 29.5
0.000450668 10.5 12.5 29.5
0.00132509 11 12 29.5
8.09192e-005 9 13.5 22.5
0.00111241 10.5 12.5 29
0.00141696 11 12 29
0.00181179 10.5 12.5 28.5
0.00111392 11 12 28.5
0.000105494 10 13 28.5
0.00230428 10.5 12.5 28
0.000636175 11 12 28
0.000367848 10 13 28
0.00244716 10.5 12.5 27.5
0.000218201 11 12 27.5
0.000843775 10 13 27.5
3.29479e-005 11 12 27
0.00135638 10 13 27
0.00211367 10.5 12.5 27
0.00158413 10 13 26.5
0.00138083 10.5 12.5 26.5
0.000101437 9.5 13 22.5
0.000226759 9.5 13 23
0.000447435 9.5 13 23.5
7.60989e-005 9.5 13.5 26.5
0.00162497 10 13 26
0.000695115 10.5 12.5 26
0.000183327 9.5 13.5 26
0.00130351 10 13 25.5
0.000334238 9.5 13.5 25.5
6.86398e-005 10.5 12.5 25
0.000437882 9.5 13.5 25
0.000996821 10 13 25
0.000459527 9.5 13.5 24.5
0.000122834 10 13 23.5
3.38536e-005 10 13 23
4.28347e-005 11.5 12 31.5
0.0001508 11.5 12 31
0.000110082 11 12.5 30.5
0.000257982 11.5 12 30.5
0.00036674 11 12.5 30
0.000294353 11.5 12 30
0.000736696 11 12.5 29.5
0.000243056 11.5 12 29.5
4.21816e-005 10.5 13 29.5
0.00106504 11 12.5 29
0.000119949 11.5 12 29
0.000212241 10.5 13 29
0.00123416 11 12.5 28.5
2.28234e-005 11.5 12 28.5
0.000548647 10.5 13 28.5
5.56524e-005 9.5 13.5 22.5
0.000967095 10.5 13 28
0.00109325 11 12.5 28
0.000126944 9.5 13.5 23
0.00124743 10.5 13 27.5
0.000681675 11 12.5 27.5
9.98989e-005 10 13.5 27.5
0.00132465 10.5 13 27
0.000299173 11 12.5 27
0.000228168 9.5 13.5 23.5
0.000336581 9.5 13.5 24
0.000264978 10 13.5 27
0.000481881 10 13.5 26.5
0.000522671 10.5 13 25.5
0.000638964 10 13.5 26
0.000671329 10 13.5 25.5
0.000894142 10.5 13 26
0.00129979 10.5 13 26.5
6.66448e-005 11 12.5 26.5
0.000574821 10 13.5 25
0.000225385 10.5 13 25
3.04604e-005 9.5 14 25
4.60806e-005 9.5 14 24.5
4.81384e-005 9.5 14 24
3.86454e-005 9.5 14 23.5
4.05426e-005 11.5 12.5 31
0.000145067 11.5 12.5 30.5
5.63734e-005 11 13 30
0.000267949 11.5 12.5 30
0.000194377 11 13 29.5
0.000321571 11.5 12.5 29.5
0.000418832 11 13 29
0.000314189 11.5 12.5 29
0.000644277 11 13 28.5
0.000166613 11.5 12.5 28.5
6.97014e-005 10.5 13.5 28.5
0.000769416 11 13 28
5.9321e-005 11.5 12.5 28
0.000199345 10.5 13.5 28
0.000782988 11 13 27.5
0.000394488 10.5 13.5 27.5
0.000544895 10.5 13.5 27
0.000531748 11 13 27
3.86734e-005 10 13.5 23
0.000109744 10 13.5 23.5
0.000232665 10 13.5 24
0.000395752 10 13.5 24.5
0.000603827 10.5 13.5 26.5
0.000279638 11 13 26.5
3.93075e-005 10 14 26.5
8.45231e-005 10 14 26
0.000585472 10.5 13.5 26
0.000127487 10 14 25.5
0.000120878 10.5 13.5 24.5
0.00014662 10 14 25
0.000114221 10 14 24.5
7.28295e-005 10 14 24
3.918e-005 10.5 13.5 24
2.1564e-005 12 12.5 30.5
8.23678e-005 11.5 13 30
2.3692e-005 12 12.5 30
0.000174516 11.5 13 29.5
6.68452e-005 11 13.5 29
0.000246302 11.5 13 29
0.000159302 11 13.5 28.5
0.000261681 11.5 13 28.5
0.000279962 11 13.5 28
0.000166287 11.5 13 28
0.000369748 11 13.5 27.5
8.02968e-005 11.5 13 27.5
3.61513e-005 10 14 23.5
3.19531e-005 10.5 14 27.5
0.000397459 11 13.5 27
8.76204e-005 10.5 14 27
0.00014744 10.5 14 26.5
0.000181081 11 13.5 26
0.00017156 10.5 14 26
0.000305202 11 13.5 26.5
0.000172074 10.5 14 25.5
6.67043e-005 11 13.5 25.5
0.000118567 10.5 14 25
2.32311e-005 12 13 30
2.66461e-005 11.5 13.5 29.5
3.0905e-005 12 13 29.5
6.8159e-005 11.5 13.5 29
0.000114971 11.5 13.5 28.5
3.42987e-005 11 14 28
0.000140438 11.5 13.5 28
7.84678e-005 11 14 27.5
0.0001339 11.5 13.5 27.5
0.000112742 11 14 27
6.33811e-005 11.5 13.5 27
0.000125872 11 14 26.5
0.000106251 11 14 26
2.29167e-005 11 14 25
2.88557e-005 11.5 14 28
4.79606e-005 11.5 14 27.5
5.12652e-005 11.5 14 27
3.0917e-005 11.5 14 26.5
5.9361e-005 11 14 25.5
2.73481e-005 10.5 14 24
6.47644e-005 10.5 14 24.5
0.000270125 10.5 13.5 25
0.000440562 10.5 13.5 25.5
8.34646e-005 11 13 26
7.39249e-005 10.5 13 24.5
0.0003206 10 13 24
0.000624105 10 13 24.5
0.000264399 10.5 12.5 25.5
5.58567e-005 10 12.5 23.5
0.00177464 10 12.5 25.5
0.000545485 9.5 12.5 23.5
0.000176535 10 12 24.5
0.000122941 9.5 12 23
0.00241618 9.5 12 25
0.000650967 9 12 23
0.00112477 9 12 23.5
0.0016435 9 12 24
0.000271638 9.5 11.5 24
0.00149248 9 11.5 24
0.00237788 9 11.5 24.5
0.00148741 8.5 11.5 23.5
0.000278598 9 11 23.5
0.0011245 8.5 11 23.5
0.000451197 9 10.5 24.5
0.00110926 9 10.5 25
0.00021287 8.5 10.5 23
0.00274252 8.5 10.5 25
0.000645235 8 10.5 23
0.00101175 8 10.5 23.5
0.00155141 8 10.5 24
0.000276996 8.5 10 24
0.000595465 8.5 10 24.5
