2.33897e-005 1 0.5 22
2.88662e-005 1 0.5 22.5
3.51541e-005 1 0.5 23
3.75287e-005 1 0.5 23.5
3.05488e-005 1 0.5 24
3.75536e-005 1.5 0.5 22.5
6.21795e-005 1.5 0.5 23
8.41672e-005 1.5 0.5 23.5
9.18416e-005 1.5 0.5 24
8.76215e-005 1.5 0.5 24.5
5.0861e-005 1.5 0.5 25
7.16584e-005 2 0.5 25
8.55362e-005 2 0.5 24.5
7.76079e-005 2 0.5 24
5.16778e-005 2 0.5 23.5
2.73075e-005 2 0.5 23
2.049e-005 1.5 1 21
7.24214e-005 1.5 1 21.5
0.00015141 1.5 1 22
0.000226891 1.5 1 22.5
0.000272627 1.5 1 23
0.000281899 1.5 1 23.5
0.000218323 1.5 1 24
0.000125586 1.5 1 24.5
4.24629e-005 1.5 1 25
2.08867e-005 2.5 0.5 24.5
4.87605e-005 1.5 1.5 24
0.000101461 1.5 1.5 23.5
0.000191604 2 1 22.5
7.41859e-005 2 1 22
4.97298e-005 1.5 1.5 21
0.000110794 1.5 1.5 21.5
0.000158076 1.5 1.5 22
0.000177238 1.5 1.5 22.5
0.000166643 1.5 1.5 23
0.000344874 2 1 23
0.000462088 2 1 23.5
0.000502639 2 1 24
0.00048292 2 1 24.5
0.000298462 2 1 25
0.000135853 2 1 25.5
3.53526e-005 2 1 26
0.000257607 2.5 1 25.5
0.000397411 2.5 1 25
0.000385521 2.5 1 24.5
0.000214974 2 1.5 25
0.000311175 2.5 1 24
0.000190362 2.5 1 23.5
8.41955e-005 2.5 1 23
2.51732e-005 2.5 1 22.5
2.61518e-005 1.5 2 22
7.10034e-005 2 1.5 21
2.34336e-005 1.5 2 21.5
0.000253181 2 1.5 21.5
0.000533577 2 1.5 22
0.000806635 2 1.5 22.5
0.000960282 2 1.5 23
0.000996843 2 1.5 23.5
0.000797564 2 1.5 24
0.00049008 2 1.5 24.5
5.63246e-005 2 1.5 25.5
0.000119905 2.5 1 26
2.54441e-005 2.5 1 26.5
3.05987e-005 3 1 26.5
0.00013789 3 1 26
0.000157887 3 1 25.5
0.000139485 3 1 25
9.18538e-005 3 1 24.5
4.79316e-005 3 1 24
7.7587e-005 2 2 24.5
0.000247476 2 2 24
0.000850951 2.5 1.5 23
0.000421775 2.5 1.5 22.5
0.000143288 2.5 1.5 22
6.6001e-005 2 2 20.5
0.000224661 2 2 21
0.000434541 2 2 21.5
0.000625285 2 2 22
0.000709888 2 2 22.5
0.000709547 2 2 23
0.000483863 2 2 23.5
0.00124358 2.5 1.5 23.5
0.00139446 2.5 1.5 24
0.00139105 2.5 1.5 24.5
0.000915597 2.5 1.5 25
0.000531549 2.5 1.5 25.5
0.000193464 2.5 1.5 26
4.55756e-005 2.5 1.5 26.5
2.41692e-005 3.5 1 26
2.20242e-005 3.5 1 25.5
0.000829362 3 1.5 25.5
5.53227e-005 2.5 2 26
0.00101629 3 1.5 25
0.00088831 3 1.5 24.5
0.000611769 3 1.5 24
0.000318334 3 1.5 23.5
0.000121426 3 1.5 23
2.06497e-005 2 2.5 23.5
2.47482e-005 3 1.5 22.5
7.25596e-005 2 2.5 23
0.000144399 2 2.5 22.5
0.000106072 2.5 2 21
5.22696e-005 2 2.5 20.5
0.000127006 2 2.5 21
0.000185641 2 2.5 21.5
0.000508048 2.5 2 21.5
0.000201153 2 2.5 22
0.00118671 2.5 2 22
0.00194406 2.5 2 22.5
0.00235302 2.5 2 23
0.00246316 2.5 2 23.5
0.00213066 2.5 2 24
0.00138243 2.5 2 24.5
0.000723999 2.5 2 25
0.000220032 2.5 2 25.5
0.000456324 3 1.5 26
0.000181408 3 1.5 26.5
3.52882e-005 3 1.5 27
5.79102e-005 3.5 1.5 27
0.000214545 3.5 1.5 26.5
0.000393701 3.5 1.5 26
0.000178603 3 2 26.5
0.000369659 3.5 1.5 25.5
0.000264794 3.5 1.5 25
0.000150043 3.5 1.5 24.5
7.75932e-005 2.5 2.5 25
6.46963e-005 3.5 1.5 24
0.000340367 2.5 2.5 24.5
0.00214614 3 2 23.5
0.00125392 3 2 23
0.000523973 3 2 22.5
0.00013585 3 2 22
0.000134279 2.5 2.5 20.5
0.000542051 2.5 2.5 21
0.00111605 2.5 2.5 21.5
0.00165538 2.5 2.5 22
0.00196972 2.5 2.5 22.5
0.00204731 2.5 2.5 23
0.00156858 2.5 2.5 23.5
0.00092219 2.5 2.5 24
0.00272206 3 2 24
0.00285694 3 2 24.5
0.00217957 3 2 25
0.00129818 3 2 25.5
0.000590839 3 2 26
3.77837e-005 3 2 27
5.78147e-005 4 1.5 27
7.883e-005 4 1.5 26.5
6.717e-005 4 1.5 26
4.49275e-005 4 1.5 25.5
0.00105303 3.5 2 26
3.56436e-005 3 2.5 26.5
2.30358e-005 4 1.5 25
0.00170884 3.5 2 25.5
0.00164203 3.5 2 25
0.000757101 3 2.5 25.5
0.00127438 3.5 2 24.5
0.000726798 3.5 2 24
0.000312084 3.5 2 23.5
3.26169e-005 2.5 3 24
9.33947e-005 3.5 2 23
0.000163935 2.5 3 23.5
0.00159369 3 2.5 22
0.000512926 3 2.5 21.5
3.38775e-005 3 2.5 21
2.30131e-005 2.5 3 20
0.000182878 2.5 3 20.5
0.000436738 2.5 3 21
0.000677016 2.5 3 21.5
0.000765547 2.5 3 22
0.000721777 2.5 3 22.5
0.00312664 3 2.5 22.5
0.000413128 2.5 3 23
0.0044128 3 2.5 23
0.00474751 3 2.5 23.5
0.00455242 3 2.5 24
0.00316415 3 2.5 24.5
0.00187777 3 2.5 25
0.000199066 3 2.5 26
0.000536753 3.5 2 26.5
0.000160422 3.5 2 27
2.97576e-005 3.5 2 27.5
0.000214967 4 2 27
2.08414e-005 3.5 2.5 27.5
0.000602581 4 2 26.5
0.000622244 4 2 26
0.000511185 4 2 25.5
0.000314732 4 2 25
6.32193e-005 3 3 25.5
0.000148823 4 2 24.5
0.000318012 3 3 25
4.97956e-005 4 2 24
0.00251803 3.5 2.5 23.5
0.00117101 3.5 2.5 23
0.000372619 3.5 2.5 22.5
2.85713e-005 3.5 2.5 22
2.31688e-005 2.5 3.5 22.5
7.01064e-005 2.5 3.5 22
8.28287e-005 3 3 20.5
2.30981e-005 2.5 3.5 20
7.78329e-005 2.5 3.5 20.5
0.000117724 2.5 3.5 21
0.000753215 3 3 21
0.000121721 2.5 3.5 21.5
0.00198222 3 3 21.5
0.00328056 3 3 22
0.00411333 3 3 22.5
0.00429326 3 3 23
0.00393593 3 3 23.5
0.00248476 3 3 24
0.00380838 3.5 2.5 24
0.00115996 3 3 24.5
0.00432607 3.5 2.5 24.5
0.00411807 3.5 2.5 25
0.00254153 3.5 2.5 25.5
0.00146057 3.5 2.5 26
0.000519063 3.5 2.5 26.5
0.00013479 3.5 2.5 27
5.28079e-005 4 2 27.5
4.93764e-005 4.5 2 27.5
0.000126192 4.5 2 27
0.000116243 4.5 2 26.5
2.17165e-005 3.5 3 27
8.39361e-005 4.5 2 26
4.70925e-005 4.5 2 25.5
0.00204587 4 2.5 26
2.00375e-005 4.5 2 25
0.00243905 4 2.5 25.5
0.00205187 4 2.5 25
0.00126547 4 2.5 24.5
0.000586785 4 2.5 24
3.49072e-005 3 3.5 24.5
0.000193089 4 2.5 23.5
0.000210885 3 3.5 24
2.00519e-005 4 2.5 23
0.0032633 3.5 3 22.5
0.00119268 3.5 3 22
0.000174347 3.5 3 21.5
0.000304944 3 3.5 20.5
0.000926522 3 3.5 21
0.00164367 3 3.5 21.5
0.00207772 3 3.5 22
0.0021312 3 3.5 22.5
0.00151603 3 3.5 23
0.00574775 3.5 3 23
0.000786628 3 3.5 23.5
0.00729386 3.5 3 23.5
0.00747968 3.5 3 24
0.00575118 3.5 3 24.5
0.00378061 3.5 3 25
0.00187443 3.5 3 25.5
0.000651744 3.5 3 26
0.000150969 3.5 3 26.5
0.00109604 4 2.5 26.5
0.000438408 4 2.5 27
9.08317e-005 4 2.5 27.5
2.02712e-005 4.5 2.5 28
0.000500995 4.5 2.5 27
0.000779189 4.5 2.5 26.5
0.000670035 4.5 2.5 26
3.62154e-005 3.5 3.5 26
0.000435408 4.5 2.5 25.5
0.000221605 4.5 2.5 25
0.000255322 3.5 3.5 25.5
8.31912e-005 4.5 2.5 24.5
0.00383388 4 3 24
0.00187831 4 3 23.5
0.000641856 4 3 23
8.72938e-005 4 3 22.5
5.37414e-005 3 4 23
0.000238874 3 4 22.5
0.00198666 3.5 3.5 21.5
0.000405809 3.5 3.5 21
3.79632e-005 3 4 20
0.000220657 3 4 20.5
0.000441648 3 4 21
0.000518168 3 4 21.5
0.00046998 3 4 22
0.00451656 3.5 3.5 22
0.00657766 3.5 3.5 22.5
0.0073768 3.5 3.5 23
0.00717311 3.5 3.5 23.5
0.00534485 3.5 3.5 24
0.00293849 3.5 3.5 24.5
0.00537195 4 3 24.5
0.00110965 3.5 3.5 25
0.00576083 4 3 25
0.00414002 4 3 25.5
0.00247822 4 3 26
0.00116887 4 3 26.5
0.00034789 4 3 27
6.78544e-005 4 3 27.5
0.000129488 4.5 2.5 27.5
0.000111614 5 2.5 27.5
0.000111884 5 2.5 27
0.000211222 4.5 3 27.5
9.52666e-005 5 2.5 26.5
6.03694e-005 5 2.5 26
2.82769e-005 5 2.5 25.5
0.0026521 4.5 3 26
0.00242483 4.5 3 25.5
0.00157247 4.5 3 25
0.000759987 4.5 3 24.5
0.000267601 4.5 3 24
0.000207645 3.5 4 24.5
4.5801e-005 4.5 3 23.5
0.00505995 4 3.5 23
0.00200153 4 3.5 22.5
0.000389773 4 3.5 22
4.96971e-005 3 4.5 20.5
0.000180001 3.5 4 20.5
5.38395e-005 3 4.5 21
0.00114824 3.5 4 21
0.00261676 3.5 4 21.5
0.00391814 3.5 4 22
0.00442604 3.5 4 22.5
0.00407226 3.5 4 23
0.00247342 3.5 4 23.5
0.00816823 4 3.5 23.5
0.00092447 3.5 4 24
0.00950496 4 3.5 24
0.00909981 4 3.5 24.5
0.00594763 4 3.5 25
0.00360824 4 3.5 25.5
0.00139934 4 3.5 26
0.000380314 4 3.5 26.5
0.00167611 4.5 3 26.5
7.40731e-005 4 3.5 27
0.000789722 4.5 3 27
3.28944e-005 4.5 3 28
2.19074e-005 4.5 3.5 28
4.73896e-005 5 3 28
0.000653841 5 3 26.5
0.000647069 4.5 3.5 27
0.000491782 5 3 26
0.000270976 5 3 25.5
0.000143016 4 4 26
0.000106377 5 3 25
2.40317e-005 5 3 24.5
0.00457911 4.5 3.5 24.5
0.00234671 4.5 3.5 24
0.000837591 4.5 3.5 23.5
0.000140309 4.5 3.5 23
8.97513e-005 3.5 4.5 23.5
0.00345645 4 4 22
0.000853074 4 4 21.5
5.07936e-005 4 4 21
0.000260946 3.5 4.5 20.5
0.00085904 3.5 4.5 21
0.00138281 3.5 4.5 21.5
0.00148575 3.5 4.5 22
0.00109268 3.5 4.5 22.5
0.00731477 4 4 22.5
0.000524347 3.5 4.5 23
0.00980974 4 4 23
0.010519 4 4 23.5
0.00885308 4 4 24
0.00587123 4 4 24.5
0.00267835 4 4 25
0.005893 4.5 3.5 25
0.00079426 4 4 25.5
0.0059832 4.5 3.5 25.5
0.00356688 4.5 3.5 26
0.00186586 4.5 3.5 26.5
0.000668177 5 3 27
0.000159964 4.5 3.5 27.5
0.000260619 5 3 27.5
0.000102401 5.5 3 27.5
6.41092e-005 5 3.5 28
9.05379e-005 5.5 3 27
2.708e-005 4.5 4 27.5
6.13156e-005 5.5 3 26.5
3.1167e-005 5.5 3 26
0.00231044 5 3.5 26.5
0.000175306 4.5 4 27
0.00226257 5 3.5 26
0.00167283 5 3.5 25.5
0.000875853 5 3.5 25
0.000323384 5 3.5 24.5
0.000150313 4 4.5 25
5.97477e-005 5 3.5 24
0.0060396 4.5 4 23.5
0.00241887 4.5 4 23
0.000478553 4.5 4 22.5
9.19498e-005 3.5 5 22
3.16516e-005 4 4.5 20.5
2.24033e-005 3.5 5 20
0.000139915 3.5 5 20.5
0.000244089 3.5 5 21
0.000563732 4 4.5 21
0.000245946 3.5 5 21.5
0.00237833 4 4.5 21.5
0.00480043 4 4.5 22
0.00661452 4 4.5 22.5
0.00717352 4 4.5 23
0.00560332 4 4.5 23.5
0.00296092 4 4.5 24
0.00943245 4.5 4 24
0.000817106 4 4.5 24.5
0.0106282 4.5 4 24.5
0.0086305 4.5 4 25
0.00520006 4.5 4 25.5
0.00263781 4.5 4 26
0.000774514 4.5 4 26.5
0.00105857 5 3.5 27
0.000399721 5 3.5 27.5
4.75742e-005 5.5 3 28
0.000416975 5.5 3.5 27.5
4.56404e-005 5 4 28
0.000595399 5.5 3.5 27
0.000469294 5.5 3.5 26.5
0.00027754 5.5 3.5 26
5.98793e-005 4.5 4.5 26.5
0.000118477 5.5 3.5 25.5
0.000442572 4.5 4.5 26
3.13829e-005 5.5 3.5 25
0.00434746 5 4 25
0.0023212 5 4 24.5
0.000855714 5 4 24
0.000153399 5 4 23.5
0.000106486 4 5 24
0.00429009 4.5 4.5 22.5
0.00109151 4.5 4.5 22
0.000104137 4.5 4.5 21.5
8.3076e-005 4 5 20.5
0.000738221 4 5 21
0.00193891 4 5 21.5
0.00280738 4 5 22
0.00287168 4 5 22.5
0.00190002 4 5 23
0.00893422 4.5 4.5 23
0.00076223 4 5 23.5
0.0113993 4.5 4.5 23.5
0.0119235 4.5 4.5 24
0.00900995 4.5 4.5 24.5
0.00500919 4.5 4.5 25
0.00176207 4.5 4.5 25.5
0.00532436 5 4 25.5
0.00470302 5 4 26
0.00239701 5 4 26.5
0.00109349 5 4 27
0.000258825 5 4 27.5
7.56568e-005 5.5 3.5 28
6.47778e-005 6 3.5 27.5
0.000103597 5.5 4 28
5.23228e-005 6 3.5 27
2.93526e-005 6 3.5 26.5
0.00173246 5.5 4 26.5
0.00038291 5 4.5 27
0.00135285 5.5 4 26
0.000753339 5.5 4 25.5
0.000295197 5.5 4 25
5.83632e-005 4.5 5 25.5
5.95827e-005 5.5 4 24.5
0.00565866 5 4.5 24
0.00218458 5 4.5 23.5
0.000372377 5 4.5 23
0.000266848 4 5.5 22.5
0.00088735 4.5 5 21.5
0.000101869 4.5 5 21
8.29232e-005 4 5.5 20.5
0.000419271 4 5.5 21
0.000670694 4 5.5 21.5
0.000647506 4 5.5 22
0.00323601 4.5 5 22
0.00639728 4.5 5 22.5
0.00834859 4.5 5 23
0.00876476 4.5 5 23.5
0.00602812 4.5 5 24
0.00260724 4.5 5 24.5
0.00865946 5 4.5 24.5
0.000560845 4.5 5 25
0.00947694 5 4.5 25
0.00683851 5 4.5 25.5
0.00371464 5 4.5 26
0.0014507 5 4.5 26.5
0.00148295 5.5 4 27
6.95664e-005 5 4.5 27.5
0.00047103 5.5 4 27.5
0.000338877 6 4 27.5
0.000305894 6 4 27
0.000201583 6 4 26.5
9.17675e-005 6 4 26
0.00019032 5 5 26.5
2.59531e-005 6 4 25.5
0.00352696 5.5 4.5 25.5
0.0019312 5.5 4.5 25
0.000693669 5.5 4.5 24.5
0.000102864 5.5 4.5 24
5.36395e-005 4.5 5.5 24.5
0.00386227 5 5 23
0.000911809 5 5 22.5
0.000147098 5 5 22
0.000221227 4.5 5.5 21
3.95504e-005 4 6 20.5
8.8984e-005 4 6 21
4.49973e-005 4 6 21.5
0.00115122 4.5 5.5 21.5
0.00280839 4.5 5.5 22
0.00403244 4.5 5.5 22.5
0.00405655 4.5 5.5 23
0.00245337 4.5 5.5 23.5
0.0083567 5 5 23.5
0.000726793 4.5 5.5 24
0.0105188 5 5 24
0.0107771 5 5 24.5
0.00736135 5 5 25
0.00335287 5 5 25.5
0.000913734 5 5 26
0.0041089 5.5 4.5 26
0.00271546 5.5 4.5 26.5
0.00131718 5.5 4.5 27
0.000413819 5.5 4.5 27.5
6.89203e-005 5.5 4.5 28
0.000108644 6 4 28
2.46428e-005 6.5 4 27.5
0.0010146 6 4.5 27
0.000132781 5.5 5 27.5
0.000867629 6 4.5 26.5
0.000498153 6 4.5 26
0.000196117 6 4.5 25.5
3.93403e-005 6 4.5 25
0.00413313 5.5 5 24.5
0.00146954 5.5 5 24
0.000167444 5.5 5 23.5
3.41767e-005 4.5 6 23.5
0.00316769 5 5.5 22.5
0.000156635 5 5.5 21.5
0.000176218 4.5 6 21
0.000712043 4.5 6 21.5
0.00119705 4.5 6 22
0.00101396 5 5.5 22
0.00116178 4.5 6 22.5
0.000497333 4.5 6 23
0.00624588 5 5.5 23
0.00794268 5 5.5 23.5
0.00816065 5 5.5 24
0.00506174 5 5.5 24.5
0.00163622 5 5.5 25
0.00622266 5.5 5 25
0.000261988 5 5.5 25.5
0.00658465 5.5 5 25.5
0.004063 5.5 5 26
0.00192943 5.5 5 26.5
0.000579 5.5 5 27
0.000560221 6 4.5 27.5
0.000117033 6 4.5 28
0.000123824 6.5 4.5 27.5
9.64698e-005 6.5 4.5 27
5.08158e-005 6.5 4.5 26.5
3.61129e-005 5.5 5.5 27
0.00203021 6 5 26
0.0011723 6 5 25.5
0.000415529 6 5 25
5.0106e-005 6 5 24.5
0.00591219 5.5 5.5 24
0.00251632 5.5 5.5 23.5
0.000563487 5.5 5.5 23
9.64751e-005 5.5 5.5 22.5
0.00117644 5 6 22
2.3936e-005 4.5 6.5 22.5
0.000309411 5 6 21.5
3.33085e-005 5 6 21
7.35407e-005 4.5 6.5 21
0.000198498 4.5 6.5 21.5
0.000148658 4.5 6.5 22
0.00283909 5 6 22.5
0.00419648 5 6 23
0.00427883 5 6 23.5
0.00233219 5 6 24
0.000513334 5 6 24.5
0.00734551 5.5 5.5 24.5
0.00727907 5.5 5.5 25
0.00442571 5.5 5.5 25.5
0.00153572 5.5 5.5 26
0.000317722 5.5 5.5 26.5
0.00225694 6 5 26.5
0.00121057 6 5 27
0.000439085 6 5 27.5
8.30464e-005 6 5 28
0.000382054 6.5 5 27.5
2.12124e-005 6 5.5 28
0.000360812 6.5 5 27
0.000230719 6.5 5 26.5
9.44917e-005 6.5 5 26
6.89183e-005 5.5 6 26
0.00214935 6 5.5 25
0.000659676 6 5.5 24.5
3.24874e-005 6 5.5 24
4.21546e-005 5 6.5 24
0.000652101 5 6.5 23.5
0.000781332 5.5 6 22.5
0.00139513 5 6.5 23
0.000154114 5.5 6 22
2.52598e-005 5 6.5 21
0.000224303 5 6.5 21.5
0.000755427 5 6.5 22
0.00132111 5 6.5 22.5
0.00217437 5.5 6 23
0.00423606 5.5 6 23.5
0.00564732 5.5 6 24
0.0057056 5.5 6 24.5
0.00321936 5.5 6 25
0.000706371 5.5 6 25.5
0.00338473 6 5.5 25.5
0.00351225 6 5.5 26
0.00188425 6 5.5 26.5
0.0006539 6 5.5 27
0.000155459 6 5.5 27.5
2.37632e-005 7 5 27.5
0.000841401 6.5 5.5 26.5
0.000515447 6.5 5.5 26
0.000169155 6.5 5.5 25.5
0.00277507 6 6 24.5
0.000306923 5.5 6.5 25
0.00106703 6 6 24
0.000261545 6 6 23.5
0.00305612 5.5 6.5 24
4.54251e-005 6 6 23
8.17078e-005 5 7 23
0.00196423 5.5 6.5 23
4.38476e-005 5.5 6.5 21.5
0.000231289 5 7 22
8.11618e-005 5 7 21.5
0.000290591 5.5 6.5 22
0.000243191 5 7 22.5
0.000893139 5.5 6.5 22.5
0.00296674 5.5 6.5 23.5
0.00169444 5.5 6.5 24.5
0.00356648 6 6 25
0.0034162 6 6 25.5
0.00172582 6 6 26
0.000374193 6 6 26.5
4.76806e-005 6 6 27
0.00088666 6.5 5.5 27
0.000310396 6.5 5.5 27.5
5.44852e-005 6.5 5.5 28
7.3384e-005 7 5.5 27.5
6.12833e-005 7 5.5 27
2.88095e-005 7 5.5 26.5
0.000708165 6.5 6 25.5
0.000165762 6.5 6 25
0.00134062 6 6.5 25.5
3.759e-005 5.5 7 24.5
0.000543414 5.5 7 24
0.00200089 6 6.5 24
0.000449933 6 6.5 23
0.00108257 5.5 7 23.5
7.78689e-005 6 6.5 22.5
3.20195e-005 5.5 7 21.5
0.000200821 5.5 7 22
0.000554939 5.5 7 22.5
0.000935415 5.5 7 23
0.00109498 6 6.5 23.5
0.0026425 6 6.5 24.5
0.00262949 6 6.5 25
0.000167699 6 6.5 26
0.00111295 6.5 6 26
0.00112395 6.5 6 26.5
0.000450457 6.5 6 27
8.96896e-005 6.5 6 27.5
0.000124057 7 6 26.5
3.95659e-005 7 6 26
0.000736 6.5 6.5 25
8.65319e-005 6 7 25.5
0.000290935 6.5 6.5 24.5
7.02454e-005 6.5 6.5 24
0.00134243 6 7 24.5
8.71801e-005 5.5 7.5 23.5
0.000953722 6 7 23.5
0.000159395 5.5 7.5 22.5
0.000179857 6 7 22.5
6.02435e-005 5.5 7.5 22
3.05613e-005 6 7 22
0.000174933 5.5 7.5 23
0.000479494 6 7 23
0.00135963 6 7 24
0.000788007 6 7 25
0.0010005 6.5 6.5 25.5
0.000952389 6.5 6.5 26
0.000310401 6.5 6.5 26.5
2.2976e-005 6.5 6.5 27
0.000178419 7 6 27
9.17976e-005 7 6.5 26
0.000237032 6 7.5 24.5
0.00058713 6.5 7 24.5
0.000426334 6 7.5 23.5
0.000147182 6.5 7 23.5
0.000115984 6 7.5 22.5
0.00027777 6 7.5 23
2.82978e-005 6.5 7 23
0.000455599 6 7.5 24
0.000372581 6.5 7 24
0.000671407 6.5 7 25
0.000620325 6.5 7 25.5
0.000250669 6.5 7 26
0.000156988 7 6.5 26.5
8.66361e-005 7 7 25.5
4.55012e-005 7 7 25
0.000143245 6.5 7.5 25.5
2.28518e-005 6 8 24
2.1174e-005 6 8 22.5
5.94661e-005 6 8 23
7.22817e-005 6.5 7.5 23
6.04681e-005 6 8 23.5
0.000166171 6.5 7.5 23.5
0.000313369 6.5 7.5 24
0.000374171 6.5 7.5 24.5
0.000270974 6.5 7.5 25
9.8402e-005 7 7 26
7.42184e-005 7 7 26.5
8.91611e-005 7 7.5 25
2.55228e-005 6.5 8 25
9.49596e-005 6.5 8 24.5
3.49845e-005 6.5 8 23
7.82083e-005 6.5 8 23.5
0.000110744 6.5 8 24
2.87264e-005 7 8 24
5.09001e-005 7 8 24.5
3.80994e-005 7 8 25
2.90775e-005 7 7.5 24
7.8552e-005 7 7.5 24.5
7.58557e-005 7 7.5 25.5
3.28103e-005 7 7.5 26
0.000136349 7 6.5 27
0.000129402 7 6 27.5
3.78122e-005 7 5.5 28
0.000101751 6.5 5 28
8.96372e-005 6.5 4.5 28
2.20413e-005 6.5 4 28
4.62159e-005 6 3.5 28
