2.39352e-005 4.5 1.5 30.5
3.54715e-005 4.5 1.5 29.5
2.21598e-005 4.5 1.5 29
2.32561e-005 4 2 28.5
2.20445e-005 4 2 28
3.83776e-005 4.5 1.5 30
4.97416e-005 5 1.5 31
7.9565e-005 5 1.5 30.5
7.64731e-005 5 1.5 30
5.03024e-005 5 1.5 29.5
4.85122e-005 4.5 2 30
0.000111991 4.5 2 29
2.17442e-005 5 1.5 29
8.62565e-005 4.5 2 28.5
4.38363e-005 4.5 2 28
3.17415e-005 5.5 1.5 32
2.87615e-005 4 2.5 27.5
2.91238e-005 4 2.5 28
9.4816e-005 4.5 2 29.5
7.72283e-005 5.5 1.5 31.5
0.000112023 5.5 1.5 31
0.00010856 5.5 1.5 30.5
5.29229e-005 5 2 31
6.92721e-005 5.5 1.5 30
2.09481e-005 5.5 1.5 29.5
0.000261807 5 2 30
6.09116e-005 4.5 2.5 29.5
0.000267044 5 2 29.5
0.000210544 5 2 29
0.000107239 5 2 28.5
0.000141074 4.5 2.5 29
0.000162191 4.5 2.5 28
2.80881e-005 4.5 2.5 27
8.65525e-005 4.5 2.5 27.5
4.13047e-005 5 2 28
3.58324e-005 6 1.5 32.5
7.42034e-005 6 1.5 32
0.000117204 6 1.5 31.5
3.43184e-005 5.5 2 32
0.000107608 6 1.5 31
0.000129564 5.5 2 31.5
0.000191717 4.5 2.5 28.5
6.01398e-005 6 1.5 30.5
0.000291552 5.5 2 31
0.000156915 5 2 30.5
9.19755e-005 5 2.5 30.5
0.000433572 5.5 2 30.5
0.000424421 5.5 2 30
0.000333117 5.5 2 29.5
0.00030011 5 2.5 30
0.000160293 5.5 2 29
3.90704e-005 5.5 2 28.5
0.000538728 5 2.5 29
0.000431278 5 2.5 28.5
4.14934e-005 4.5 3 29
0.000252108 5 2.5 28
0.00011873 4.5 3 28.5
8.10638e-005 5 2.5 27.5
0.000172301 4.5 3 27.5
3.25994e-005 4.5 3 26.5
0.000101712 4.5 3 27
2.32704e-005 6.5 1.5 33
6.10127e-005 6.5 1.5 32.5
5.94335e-005 6 2 32.5
8.2547e-005 6.5 1.5 32
0.000188889 4.5 3 28
6.62078e-005 6.5 1.5 31.5
0.000187925 6 2 32
0.000525151 5 2.5 29.5
3.093e-005 6.5 1.5 31
0.00037588 6 2 31.5
0.000518772 6 2 31
8.01474e-005 5.5 2.5 31.5
0.000504087 6 2 30.5
0.000365795 6 2 30
0.000706035 5.5 2.5 30.5
0.000324473 5.5 2.5 31
0.00015803 6 2 29.5
0.000113724 5 3 30
0.00100597 5.5 2.5 30
2.77242e-005 6 2 29
0.000788177 5.5 2.5 29
0.000386324 5 3 29.5
0.000456112 5.5 2.5 28.5
0.000157799 5.5 2.5 28
5.60566e-005 4.5 3.5 28
0.000605084 5 3 28
0.000125026 5 3 27
0.000108625 4.5 3.5 27.5
2.26853e-005 4.5 3.5 26
6.68801e-005 4.5 3.5 26.5
2.70369e-005 7 1.5 33
0.000105724 4.5 3.5 27
3.33391e-005 7 1.5 32.5
6.1518e-005 6.5 2 33
0.000349906 5 3 27.5
2.25198e-005 7 1.5 32
4.12591e-005 6 2.5 32.5
0.000187149 6.5 2 32.5
0.000330293 6.5 2 32
0.000213617 6 2.5 32
0.000472684 6.5 2 31.5
0.000440708 6.5 2 31
0.000573976 6 2.5 31.5
0.000740929 5 3 28.5
0.000684862 5 3 29
0.000978838 5.5 2.5 29.5
0.000270572 6.5 2 30.5
0.000140859 5.5 3 31
0.00103175 6 2.5 31
9.86563e-005 6.5 2 30
0.00131465 6 2.5 30.5
0.001283 6 2.5 30
0.000557991 5.5 3 30.5
0.0010264 6 2.5 29.5
0.000510988 6 2.5 29
0.000136546 6 2.5 28.5
0.00159457 5.5 3 29
7.00467e-005 5 3.5 29.5
0.00125385 5.5 3 28.5
0.000307735 5 3.5 29
0.00023852 5.5 3 27.5
0.000692342 5 3.5 28
0.000311459 5 3.5 27
0.000101745 5 3.5 26.5
3.24676e-005 4.5 4 26.5
2.85827e-005 4.5 4 27
4.38162e-005 7 2 33.5
0.000127438 7 2 33
8.13316e-005 6.5 2.5 33
0.00055799 5 3.5 27.5
0.000247097 7 2 32.5
0.000328593 7 2 32
0.000279232 6.5 2.5 32.5
0.00072252 5.5 3 28
0.000582275 5 3.5 28.5
0.00167454 5.5 3 29.5
0.000270543 7 2 31.5
0.000110612 6 3 32
0.000673954 6.5 2.5 32
0.000129052 7 2 31
0.00108115 6.5 2.5 31.5
0.00121384 5.5 3 30
2.48806e-005 7 2 30.5
0.00138548 6.5 2.5 31
0.000480991 6 3 31.5
0.00131262 6.5 2.5 30.5
0.0012383 6 3 31
0.000880162 6.5 2.5 30
0.000166729 5.5 3.5 30.5
0.00200572 6 3 30.5
0.00035922 6.5 2.5 29.5
6.44864e-005 6.5 2.5 29
0.00236599 6 3 29.5
0.000748398 5.5 3.5 30
0.00247507 6 3 30
0.00181177 6 3 29
0.00142369 5.5 3.5 29.5
0.000907695 6 3 28.5
0.0002654 6 3 28
0.000136706 5 4 28.5
0.00187199 5.5 3.5 28.5
0.000735083 5.5 3.5 27.5
0.000297244 5 4 28
0.000223152 5.5 3.5 27
4.8717e-005 5 4 26
0.000166493 5 4 26.5
0.000316733 5 4 27
6.12363e-005 7.5 2 33.5
0.000139106 7.5 2 33
7.8836e-005 7 2.5 33.5
0.000395982 5 4 27.5
0.000148473 7.5 2 32.5
4.87734e-005 6.5 3 33
0.00026351 7 2.5 33
9.28721e-005 7.5 2 32
0.000572873 7 2.5 32.5
0.00137883 5.5 3.5 28
3.54767e-005 7.5 2 31.5
0.000912393 7 2.5 32
0.000270791 6.5 3 32.5
0.00112936 7 2.5 31.5
0.000822929 6.5 3 32
0.00200114 5.5 3.5 29
0.000926919 7 2.5 31
0.000184989 6 3.5 31.5
0.00160968 6.5 3 31.5
0.000497729 7 2.5 30.5
0.00239065 6.5 3 31
0.000149724 7 2.5 30
0.00284194 6.5 3 30.5
0.000814875 6 3.5 31
0.0026079 6.5 3 30
0.00172447 6.5 3 29.5
0.000120559 5.5 4 30
0.00321661 6 3.5 30
0.000721522 6.5 3 29
0.000598511 5.5 4 29.5
0.00349803 6 3.5 29.5
0.000156941 6.5 3 28.5
0.00227966 6 3.5 28.5
0.00115205 5.5 4 29
0.00109214 6 3.5 28
0.00028081 6 3.5 27.5
2.56e-005 5 4.5 28
0.00151837 5.5 4 28
0.000131526 5.5 4 26.5
0.000121202 5 4.5 27
4.56421e-005 5 4.5 26
9.64167e-005 5 4.5 26.5
3.91434e-005 8 2 33.5
5.14395e-005 7.5 2.5 34
0.000509494 5.5 4 27
7.51942e-005 5 4.5 27.5
4.01458e-005 8 2 33
8.79053e-005 7 3 33.5
0.000169038 7.5 2.5 33.5
0.000369298 7.5 2.5 33
0.000329899 7 3 33
0.000630844 7.5 2.5 32.5
0.00105158 5.5 4 27.5
0.00164167 5.5 4 28.5
0.000631325 7.5 2.5 32
0.000125295 6.5 3.5 32.5
0.000857167 7 3 32.5
0.000443211 7.5 2.5 31.5
0.00157971 7 3 32
0.00318497 6 3.5 29
0.000175952 7.5 2.5 31
0.00223322 7 3 31.5
0.000582574 6.5 3.5 32
3.78294e-005 7.5 2.5 30.5
0.0025511 7 3 31
0.0016425 6.5 3.5 31.5
0.00201122 7 3 30.5
0.00309208 6.5 3.5 31
0.000193769 6 4 31
0.00199 6 3.5 30.5
0.00106575 7 3 30
0.000981535 6 4 30.5
0.00403356 6.5 3.5 30.5
0.000350196 7 3 29.5
0.00449707 6.5 3.5 30
3.42061e-005 7 3 29
0.00396824 6.5 3.5 29.5
0.00229982 6 4 30
4.00786e-005 5.5 4.5 29.5
0.00244474 6.5 3.5 29
0.000968017 6.5 3.5 28.5
0.000194041 6.5 3.5 28
0.0031143 6 4 28.5
0.000259107 5.5 4.5 29
0.00203013 6 4 28
0.000884518 6 4 27.5
0.000175504 6 4 27
3.62343e-005 5.5 4.5 26
0.000221998 5.5 4.5 26.5
7.23433e-005 8 2.5 34
7.09217e-005 7.5 3 34
0.00052367 5.5 4.5 27
0.000192461 8 2.5 33.5
0.000804458 5.5 4.5 27.5
5.06387e-005 7 3.5 33.5
0.000289071 8 2.5 33
0.00027937 7.5 3 33.5
0.000873511 5.5 4.5 28
0.000255484 8 2.5 32.5
0.000656069 7.5 3 33
0.000263199 7 3.5 33
0.000550444 5.5 4.5 28.5
0.000136677 8 2.5 32
0.00120086 7.5 3 32.5
0.000916556 7 3.5 32.5
4.20705e-005 8 2.5 31.5
0.00171287 7.5 3 32
0.00369274 6 4 29
0.00366347 6 4 29.5
0.00158678 7.5 3 31.5
0.000200425 6.5 4 32
0.00198868 7 3.5 32
0.00103968 7.5 3 31
0.00314801 7 3.5 31.5
0.000422274 7.5 3 30.5
0.00432209 7 3.5 31
0.00097122 6.5 4 31.5
8.75811e-005 7.5 3 30
0.00430052 7 3.5 30.5
0.000177835 6 4.5 30.5
0.00328554 7 3.5 30
0.00439896 6.5 4 30.5
0.0023705 6.5 4 31
0.00167861 7 3.5 29.5
0.000782799 6 4.5 30
0.00552023 6.5 4 30
0.000526477 7 3.5 29
5.52334e-005 7 3.5 28.5
0.00442063 6.5 4 29
0.00184575 6 4.5 29.5
0.00262755 6.5 4 28.5
4.76088e-005 5.5 5 28.5
0.000942703 6.5 4 28
0.00278652 6 4.5 28.5
0.000130442 6.5 4 27.5
0.000496996 6 4.5 27
0.000252321 5.5 5 27.5
5.34297e-005 6 4.5 26.5
4.60953e-005 5.5 5 26
3.53539e-005 8 3 34.5
0.00013888 5.5 5 26.5
5.71941e-005 8.5 2.5 34
0.000230009 5.5 5 27
9.82042e-005 8.5 2.5 33.5
7.57658e-005 7.5 3.5 34
0.000153992 8 3 34
0.00132129 6 4.5 27.5
6.59823e-005 8.5 2.5 33
0.000398677 8 3 33.5
0.0003213 7.5 3.5 33.5
0.000135612 5.5 5 28
2.52162e-005 8.5 2.5 32.5
0.000718483 8 3 33
0.00221361 6 4.5 28
0.000128055 7 4 33
0.000923449 8 3 32.5
0.000850458 7.5 3.5 33
0.00071391 8 3 32
0.000598373 7 4 32.5
0.00173737 7.5 3.5 32.5
0.000358152 8 3 31.5
0.00269777 7.5 3.5 32
0.000108961 8 3 31
0.003401 7.5 3.5 31.5
0.0016857 7 4 32
0.00284574 6 4.5 29
0.00537859 6.5 4 29.5
0.00298541 7.5 3.5 31
0.000213147 6.5 4.5 31.5
0.00351493 7 4 31.5
0.0018298 7.5 3.5 30.5
0.00110256 6.5 4.5 31
0.00499586 7 4 31
0.00070841 7.5 3.5 30
0.00617585 7 4 30.5
0.000161618 7.5 3.5 29.5
0.00586892 7 4 30
5.68739e-005 6 5 30
0.00418338 7 4 29.5
0.00195797 7 4 29
0.000364735 6 5 29.5
0.00555719 6.5 4.5 29.5
0.00054806 7 4 28.5
0.00077535 6 5 29
0.00516874 6.5 4.5 29
0.00187646 6.5 4.5 28
0.000571076 6.5 4.5 27.5
3.04069e-005 6.5 4.5 27
0.00015012 6 5 26.5
5.81169e-005 8.5 3 34.5
5.11234e-005 8 3.5 34.5
0.000533739 6 5 27
0.000177985 8.5 3 34
4.11288e-005 7.5 4 34
0.00034847 8.5 3 33.5
0.000223525 8 3.5 34
0.00103195 6 5 27.5
0.00034208 8.5 3 33
0.000232958 7.5 4 33.5
0.000616017 8 3.5 33.5
0.00137954 6 5 28
0.000221179 8.5 3 32.5
0.00119177 8 3.5 33
0.000851216 7.5 4 33
8.70841e-005 8.5 3 32
0.00190085 8 3.5 32.5
0.00139798 6 5 28.5
0.000181084 7 4.5 32.5
0.00192403 8 3.5 32
0.00197288 7.5 4 32.5
0.00370768 6.5 4.5 28.5
0.00143824 8 3.5 31.5
0.000924887 7 4.5 32
0.00324735 7.5 4 32
0.000678006 8 3.5 31
0.00463949 7.5 4 31.5
0.00245938 7 4.5 31.5
0.000208171 8 3.5 30.5
0.00543023 7.5 4 31
0.000174742 6.5 5 31
0.00433589 7.5 4 30.5
0.00484032 7 4.5 31
0.00249686 7.5 4 30
0.000771811 6.5 5 30.5
0.000903785 7.5 4 29.5
0.000169526 7.5 4 29
0.00616596 7 4.5 29.5
0.0021829 6.5 5 30
6.87506e-005 6 5.5 29
0.0016587 7 4.5 28.5
0.00395955 6.5 5 29
0.000339827 7 4.5 28
0.00100089 6.5 5 27.5
0.000372661 6 5.5 28
0.000187716 6.5 5 27
0.000100264 6 5.5 26.5
4.91391e-005 9 3 34.5
9.80466e-005 9 3 34
4.90941e-005 8 4 34.5
0.000100293 8.5 3.5 34.5
0.000239376 6 5.5 27
8.67519e-005 9 3 33.5
0.000323964 8.5 3.5 34
0.000241887 8 4 34
0.000351928 6 5.5 27.5
5.01677e-005 9 3 33
0.000672078 8.5 3.5 33.5
0.000735683 8 4 33.5
9.55669e-005 7.5 4.5 33.5
0.000921031 8.5 3.5 33
0.00226933 6.5 5 28
0.000191522 6 5.5 28.5
0.000811647 8.5 3.5 32.5
0.000504436 7.5 4.5 33
0.00151564 8 4 33
0.000470841 8.5 3.5 32
0.00256623 8 4 32.5
0.00149631 7.5 4.5 32.5
0.00342914 6.5 5 28.5
0.00018597 8.5 3.5 31.5
0.00352715 8 4 32
3.26022e-005 8.5 3.5 31
0.000197185 7 5 32
0.0032684 8 4 31.5
0.00327149 7.5 4.5 32
0.00400072 7 4.5 29
0.00362982 6.5 5 29.5
0.00216747 8 4 31
0.000926826 7 5 31.5
0.000936289 8 4 30.5
0.000271828 8 4 30
0.00664998 7.5 4.5 30.5
6.11605e-005 6.5 5.5 30.5
0.00520542 7.5 4.5 30
0.00263638 7.5 4.5 29.5
0.000361985 6.5 5.5 30
0.00637925 7 5 30
0.000799744 7.5 4.5 29
0.000889542 6.5 5.5 29.5
7.86139e-005 7.5 4.5 28.5
0.00277916 7 5 28.5
0.00090423 7 5 28
0.00183442 6.5 5.5 28.5
8.92907e-005 7 5 27.5
2.33543e-005 9 3.5 35
2.1894e-005 8.5 4 35
0.000120944 9 3.5 34.5
0.00027159 6.5 5.5 27
0.000136844 8.5 4 34.5
2.60882e-005 8 4.5 34.5
0.000273548 9 3.5 34
0.000326283 9 3.5 33.5
0.000163871 8 4.5 34
0.000452045 8.5 4 34
0.00081916 6.5 5.5 27.5
0.000224245 9 3.5 33
0.000976068 8.5 4 33.5
0.000613451 8 4.5 33.5
0.000114398 9 3.5 32.5
0.00161229 8.5 4 33
0.00162005 8 4.5 33
3.42709e-005 9 3.5 32
0.000137945 7.5 5 33
0.00186512 8.5 4 32.5
0.00145332 6.5 5.5 28
0.00173445 6.5 5.5 29
0.001427 8.5 4 32
0.000724924 7.5 5 32.5
0.00281704 8 4.5 32.5
0.00073841 8.5 4 31.5
0.00407843 8 4.5 32
0.000257165 8.5 4 31
0.00515515 8 4.5 31.5
0.00208484 7.5 5 32
4.58747e-005 8.5 4 30.5
0.000131608 7 5.5 31.5
0.00442496 8 4.5 31
0.00406305 7.5 5 31.5
0.00262729 8 4.5 30.5
0.000613964 7 5.5 31
0.000986325 8 4.5 30
0.00189103 7 5.5 30.5
0.000237237 8 4.5 29.5
0.00455737 7.5 5 29.5
7.19953e-005 6.5 6 29.5
0.00196789 7.5 5 29
0.00453892 7 5.5 29.5
0.000466188 7.5 5 28.5
0.000220982 6.5 6 29
0.00413333 7 5.5 29
0.00137163 7 5.5 28
0.00042435 6.5 6 28.5
0.000299144 7 5.5 27.5
2.18315e-005 9.5 3.5 35
0.000124743 6.5 6 27
4.49932e-005 9 4 35
2.16719e-005 8.5 4.5 35
6.98857e-005 9.5 3.5 34.5
6.98906e-005 9.5 3.5 34
0.000198316 9 4 34.5
0.000143362 8.5 4.5 34.5
4.91413e-005 9.5 3.5 33.5
0.000491948 9 4 34
0.000282693 6.5 6 27.5
0.000503525 8.5 4.5 34
6.01266e-005 8 5 34
0.000730257 9 4 33.5
0.000354498 8 5 33.5
0.000682701 9 4 33
0.00110189 8.5 4.5 33.5
0.000404917 6.5 6 28
0.000426147 9 4 32.5
0.00200387 8.5 4.5 33
0.00113064 8 5 33
0.000179275 9 4 32
0.00291651 8.5 4.5 32.5
0.00253067 8 5 32.5
5.31949e-005 9 4 31.5
0.000140811 7.5 5.5 32.5
0.00283703 8.5 4.5 32
0.00294315 7 5.5 28.5
0.0019776 8.5 4.5 31.5
0.000657674 7.5 5.5 32
0.00408879 8 5 32
0.000873787 8.5 4.5 31
0.00564123 8 5 31.5
0.00197631 7.5 5.5 31.5
0.0035526 7 5.5 30
0.000257413 8.5 4.5 30.5
0.00614029 8 5 31
0.00404446 7.5 5.5 31
3.51939e-005 7 6 31
0.00483869 8 5 30.5
0.000285947 7 6 30.5
0.00249163 8 5 30
0.00553822 7.5 5.5 30.5
0.00078589 8 5 29.5
0.000828705 7 6 30
0.000109552 8 5 29
0.00306204 7.5 5.5 29
0.00164114 7 6 29.5
0.00103444 7.5 5.5 28.5
0.000125966 7.5 5.5 28
2.11204e-005 7 6 27
5.2517e-005 9.5 4 35
5.89446e-005 9 4.5 35
0.000161812 9.5 4 34.5
9.23383e-005 8.5 5 34.5
0.000226567 9.5 4 34
0.000256838 9 4.5 34.5
0.000333217 7 6 27.5
0.000165177 9.5 4 33.5
0.000640863 9 4.5 34
0.000385508 8.5 5 34
9.39401e-005 9.5 4 33
0.00115675 9 4.5 33.5
0.000950682 7 6 28
0.00111933 8.5 5 33.5
3.15251e-005 9.5 4 32.5
8.30923e-005 8 5.5 33.5
0.00141839 9 4.5 33
0.000456616 8 5.5 33
0.00110443 9 4.5 32.5
0.00207257 8.5 5 33
0.000594698 9 4.5 32
0.00318758 8.5 5 32.5
0.00145232 8 5.5 32.5
0.00161691 7 6 28.5
0.000213767 9 4.5 31.5
0.00406107 8.5 5 32
0.0030222 8 5.5 32
4.07026e-005 9 4.5 31
9.14057e-005 7.5 6 32
0.0036285 8.5 5 31.5
0.0020198 7 6 29
0.0021443 8.5 5 31
0.000451354 7.5 6 31.5
0.000799294 8.5 5 30.5
0.00135852 7.5 6 31
0.000185565 8.5 5 30
0.00422645 8 5.5 30
0.00296574 7.5 6 30.5
5.98022e-005 7 6.5 30
0.00181343 8 5.5 29.5
0.000449385 8 5.5 29
0.000210461 7 6.5 29.5
0.0015541 7.5 6 28.5
0.000417622 7 6.5 29
0.000350342 7.5 6 28
2.38779e-005 10 4 35
8.8378e-005 9.5 4.5 35
5.92369e-005 9 5 35
3.62325e-005 10 4 34.5
2.72234e-005 10 4 34
0.000276091 9.5 4.5 34.5
0.000276976 9 5 34.5
0.000122603 7 6.5 27.5
3.01847e-005 8.5 5.5 34.5
0.000465497 9.5 4.5 34
0.000206123 8.5 5.5 34
0.000446811 9.5 4.5 33.5
0.000680491 9 5 34
0.000279996 9.5 4.5 33
0.000721531 8.5 5.5 33.5
0.00133465 9 5 33.5
0.000128884 9.5 4.5 32.5
0.00203905 9 5 33
0.00167072 8.5 5.5 33
3.80131e-005 9.5 4.5 32
8.44764e-005 8 6 33
0.00202967 9 5 32.5
0.0003037 7 6.5 28
0.000427406 8 6 32.5
0.00144263 9 5 32
0.00282439 8.5 5.5 32.5
0.000632584 9 5 31.5
0.00135397 8 6 32
0.00421886 8.5 5.5 32
0.000413773 7 6.5 28.5
0.000186009 9 5 31
0.00475241 8.5 5.5 31.5
0.00299757 8 6 31.5
2.54851e-005 7.5 6.5 31.5
0.00379837 8.5 5.5 31
0.000215631 7.5 6.5 31
0.001905 8.5 5.5 30.5
0.00426616 8 6 31
0.000582293 8.5 5.5 30
0.000647552 7.5 6.5 30.5
9.39333e-005 8.5 5.5 29.5
0.00134879 7.5 6.5 30
0.00282229 8 6 29.5
0.000997135 8 6 29
0.00188655 7.5 6.5 29.5
0.000148687 8 6 28.5
7.00046e-005 10 4.5 35
0.000105281 9.5 5 35
3.61455e-005 9 5.5 35
0.000116259 10 4.5 34.5
0.000196291 9 5.5 34.5
9.30915e-005 10 4.5 34
0.000342236 9.5 5 34.5
5.42812e-005 10 4.5 33.5
0.000690944 9.5 5 34
0.000644711 9 5.5 34
2.65639e-005 7.5 6.5 27.5
4.11804e-005 8.5 6 34
0.000860772 9.5 5 33.5
0.000389822 7.5 6.5 28
0.000256683 8.5 6 33.5
0.00067517 9.5 5 33
0.00134998 9 5.5 33.5
0.000363449 9.5 5 32.5
0.00089116 8.5 6 33
0.00215742 9 5.5 33
0.000138624 9.5 5 32
0.00273366 9 5.5 32.5
0.00200774 8.5 6 32.5
6.34889e-005 8 6.5 32.5
0.00252908 9 5.5 32
0.000318885 8 6.5 32
0.00149208 9 5.5 31.5
0.00315439 8.5 6 32
0.000530392 9 5.5 31
0.000937551 8 6.5 31.5
0.00473481 8.5 6 31.5
0.000113513 9 5.5 30.5
0.00477623 8.5 6 31
0.00328315 8.5 6 30.5
0.00216259 8 6.5 31
4.88166e-005 7.5 7 30.5
0.00132631 8.5 6 30
0.0031247 8 6.5 30.5
0.000345445 8.5 6 29.5
0.000186699 7.5 7 30
0.00154242 8 6.5 29
0.000360027 7.5 7 29.5
0.000366632 8 6.5 28.5
0.000109746 10 5 35
0.000109472 9.5 5.5 35
0.000230275 10 5 34.5
0.000356718 9.5 5.5 34.5
8.73266e-005 9 6 34.5
0.000226217 10 5 34
0.0003837 9 6 34
0.000143126 10 5 33.5
0.000761044 9.5 5.5 34
6.6921e-005 10 5 33
0.00118611 9.5 5.5 33.5
0.000978022 9 6 33.5
4.56704e-005 8.5 6.5 33.5
0.00121382 9.5 5.5 33
0.000252959 8.5 6.5 33
0.000857414 9.5 5.5 32.5
0.00176173 9 6 33
0.000377096 9.5 5.5 32
0.000866577 8.5 6.5 32.5
0.00277305 9 6 32.5
0.000106113 9.5 5.5 31.5
0.00328306 9 6 32
0.00196515 8.5 6.5 32
2.47152e-005 8 7 32
0.00259738 9 6 31.5
0.000155755 8 7 31.5
0.00121537 9 6 31
0.00290762 8.5 6.5 31.5
0.000154353 7.5 7 28
0.000351973 9 6 30.5
0.000459254 8 7 31
0.00393685 8.5 6.5 31
4.93498e-005 9 6 30
0.00381904 8.5 6.5 30.5
0.00221997 8.5 6.5 30
0.000789705 8.5 6.5 29.5
0.00160874 8 7 30
0.00101096 8 7 30.5
0.000126122 8.5 6.5 29
4.19441e-005 7.5 7.5 29
6.3378e-005 7.5 7.5 28.5
0.000506079 8 7 28.5
2.1099e-005 10 5.5 35.5
3.50081e-005 10.5 5 35
0.000129101 10 5.5 35
7.22118e-005 9.5 6 35
3.47773e-005 10.5 5 34.5
2.36353e-005 10.5 5 34
0.000330349 10 5.5 34.5
0.000289224 9.5 6 34.5
6.86929e-005 8 7 28
0.00117832 8 7 29
0.000741167 9.5 6 34
0.000122534 9 6.5 34
0.000328952 10 5.5 33.5
0.000491403 9 6.5 33.5
0.000174397 10 5.5 33
0.00126654 9.5 6 33.5
6.58693e-005 10 5.5 32.5
0.00160466 9.5 6 33
0.00120792 9 6.5 33
3.81358e-005 8.5 7 33
0.00149722 9.5 6 32.5
0.00193332 9 6.5 32.5
0.000203928 8.5 7 32.5
0.000848694 9.5 6 32
0.000420324 10 5.5 34
0.000296589 9.5 6 31.5
0.000606826 8.5 7 32
5.67104e-005 9.5 6 31
0.00141593 8.5 7 31.5
0.0031954 9 6.5 31.5
0.00214794 9 6.5 31
4.54924e-005 8 7.5 31
0.00083367 9 6.5 30.5
0.00207231 8.5 7 31
0.000184055 9 6.5 30
0.00252961 8.5 7 30.5
0.000139794 8 7.5 30.5
0.000335519 8 7.5 30
0.00122242 8.5 7 29.5
0.00241683 8.5 7 30
0.000309229 8.5 7 29
0.000553651 8 7.5 29.5
2.57505e-005 8.5 7 28.5
0.000441537 8 7.5 29
0.000396142 8 7.5 28.5
8.52746e-005 8 7.5 28
7.25179e-005 10.5 5.5 35
0.000132252 10 6 35
2.74893e-005 9.5 6.5 35
0.000359726 10 6 34.5
0.000161776 9.5 6.5 34.5
6.39577e-005 10.5 5.5 34
2.95671e-005 10.5 5.5 33.5
0.000475842 9.5 6.5 34
0.000570474 10 6 34
2.38839e-005 9 7 34
0.000598344 10 6 33.5
0.000982241 9.5 6.5 33.5
0.000136852 9 7 33.5
0.000390401 10 6 33
0.000496506 9 7 33
0.000172145 10 6 32.5
0.00163839 9.5 6.5 33
8.87271e-005 10.5 5.5 34.5
4.79483e-005 10 6 32
0.00117762 9 7 32.5
0.00190497 9.5 6.5 32.5
0.00171461 9 7 32
0.000110997 8.5 7.5 32
0.000684012 9.5 6.5 31.5
0.000182172 9.5 6.5 31
0.000332322 8.5 7.5 31.5
0.00240915 9 7 31.5
2.46466e-005 9.5 6.5 30.5
0.000714884 8.5 7.5 31
0.00250784 9 7 31
0.00146547 9 7 30.5
0.000456043 9 7 30
0.00114826 8.5 7.5 30.5
2.11098e-005 8 8 30
6.55539e-005 9 7 29.5
0.00127691 8.5 7.5 30
5.941e-005 8 8 29.5
0.00124027 8.5 7.5 29.5
7.81678e-005 8 8 29
0.000491294 8.5 7.5 29
6.51844e-005 8.5 7.5 28.5
7.75947e-005 8 8 28.5
4.99214e-005 8 8 28
8.83305e-005 10 6.5 35
0.00010072 10.5 6 35
2.43409e-005 10.5 6 35.5
0.000297061 10 6.5 34.5
5.18326e-005 9.5 7 34.5
0.000131028 10.5 6 34
0.000619728 10 6.5 34
0.000158724 10.5 6 34.5
0.000229382 9.5 7 34
2.50801e-005 10.5 6 33
0.000790981 10 6.5 33.5
7.53253e-005 10.5 6 33.5
2.27376e-005 9 7.5 33.5
0.000681269 10 6.5 33
0.000111066 9 7.5 33
0.000376827 10 6.5 32.5
0.000132659 10 6.5 32
0.000367668 9 7.5 32.5
0.00163712 9.5 7 32.5
2.54139e-005 10 6.5 31.5
0.000860586 9 7.5 32
0.00178084 9.5 7 32
3.83365e-005 8.5 8 31.5
0.000447382 9.5 7 31
0.00129276 9 7.5 31.5
8.37795e-005 9.5 7 30.5
0.000111669 8.5 8 31
0.00163212 9 7.5 31
0.00164833 9 7.5 30.5
0.000259094 8.5 8 30.5
0.000794785 9 7.5 30
0.000160729 9 7.5 29.5
0.000432102 8.5 8 30
0.00050548 8.5 8 29.5
0.000480642 8.5 8 29
9.44168e-005 8.5 8 28.5
0.00120834 9.5 7 31.5
0.000109824 10.5 6.5 35
4.21097e-005 10 7 35
0.000215379 10.5 6.5 34.5
0.000236088 10.5 6.5 34
0.000448279 10 7 34
0.000188504 10 7 34.5
6.02919e-005 9.5 7.5 34
0.000242194 9.5 7.5 33.5
6.45308e-005 10.5 6.5 33
0.000828986 10 7 33.5
0.000861232 10 7 33
0.000632524 9.5 7.5 33
0.000655781 10 7 32.5
0.00100857 9.5 7.5 32.5
6.55116e-005 9 8 32.5
0.000300318 10 7 32
0.000220446 9 8 32
7.37832e-005 10 7 31.5
0.00132145 9.5 7.5 32
0.000480781 9 8 31.5
0.0014163 9.5 7.5 31.5
0.000801305 9.5 7.5 31
0.000201883 9.5 7.5 30.5
0.000755978 9 8 31
2.29343e-005 8.5 8.5 30.5
2.8079e-005 9.5 7.5 30
0.000894206 9 8 30.5
5.73074e-005 8.5 8.5 30
0.000879072 9 8 30
9.49125e-005 8.5 8.5 29.5
0.000266144 9 8 29.5
3.58434e-005 9 8 29
0.000118397 8.5 8.5 29
6.93513e-005 8.5 8.5 28.5
7.35131e-005 10.5 7 35
3.20743e-005 11 6.5 35
8.32889e-005 10 7.5 34.5
2.13589e-005 11 6.5 34
0.000230056 10.5 7 34.5
3.2465e-005 11 6.5 34.5
0.000260596 10 7.5 34
0.000262682 10.5 7 33.5
5.07266e-005 9.5 8 33.5
0.000138298 10.5 7 33
0.000530164 10 7.5 33.5
4.53954e-005 10.5 7 32.5
0.000199534 9.5 8 33
0.000885879 10 7.5 33
0.000503029 9.5 8 32.5
0.000513185 10 7.5 32
2.65868e-005 9 8.5 32
0.00016662 10 7.5 31.5
0.000748555 9.5 8 32
3.06336e-005 10 7.5 31
8.77664e-005 9 8.5 31.5
0.000917488 9.5 8 31.5
0.000935074 9.5 8 31
0.000182502 9 8.5 31
0.000359093 9.5 8 30.5
0.00030872 9 8.5 30.5
6.42707e-005 9.5 8 30
0.000389329 9 8.5 30
0.000285839 9 8.5 29.5
4.58153e-005 9 8.5 29
0.000799574 10 7.5 32.5
3.88422e-005 11 7 35
5.05339e-005 11 7 34.5
3.39328e-005 10.5 7.5 35
2.20399e-005 10 8 34.5
4.02182e-005 11 7 34
2.05555e-005 11 7 33.5
9.81172e-005 10 8 34
0.000265381 10 8 33.5
0.000222962 10.5 7.5 33
3.36857e-005 9.5 8.5 33
9.51598e-005 10.5 7.5 32.5
0.000501192 10 8 33
2.40347e-005 10.5 7.5 32
0.000121963 9.5 8.5 32.5
0.000782445 10 8 32.5
0.00028153 9.5 8.5 32
0.000296132 10 8 31.5
0.000426218 9.5 8.5 31.5
7.10074e-005 10 8 31
2.0903e-005 9 9 31
0.000524978 9.5 8.5 31
4.41419e-005 9 9 30.5
0.000413802 9.5 8.5 30.5
0.000102031 9.5 8.5 30
7.17784e-005 9 9 30
8.64193e-005 9 9 29.5
3.47992e-005 9 9 29
0.000624115 10 8 32
0.00033545 10.5 7.5 33.5
6.41335e-005 11 7.5 34.5
6.40168e-005 10.5 8 34.5
2.25951e-005 10 8.5 34
3.56168e-005 11 7.5 33.5
0.00018772 10.5 8 34
8.23535e-005 10 8.5 33.5
0.000289728 10.5 8 33
0.000205022 10 8.5 33
0.000160922 10.5 8 32.5
5.29211e-005 10.5 8 32
0.000371537 10 8.5 32.5
0.00052165 10 8.5 32
5.05372e-005 9.5 9 32
0.00036544 10 8.5 31.5
0.000102468 9.5 9 31.5
0.000115474 10 8.5 31
0.00016169 9.5 9 31
0.000201911 9.5 9 30.5
0.000117218 9.5 9 30
0.000341677 10.5 8 33.5
6.15846e-005 11 7.5 34
7.40083e-005 11 8 34
7.14678e-005 10.5 8.5 34
5.16785e-005 11 8 33.5
2.34108e-005 11 8 33
0.000180292 10.5 8.5 33.5
4.86883e-005 10 9 33
0.000198707 10.5 8.5 32.5
0.000115576 10 9 32.5
8.15981e-005 10.5 8.5 32
0.000199407 10 9 32
0.000258183 10 9 31.5
2.34141e-005 9.5 9.5 31
0.000137886 10 9 31
2.2414e-005 10 9 30.5
3.43088e-005 9.5 9.5 30.5
3.71735e-005 9.5 9.5 30
0.000291058 10.5 8.5 33
5.42279e-005 10.5 9 33.5
2.95997e-005 11 8.5 33
0.00012882 10.5 9 33
0.000186697 10.5 9 32.5
3.65758e-005 10 9.5 32
2.05556e-005 10.5 9 31.5
5.86176e-005 10 9.5 31.5
6.97321e-005 10 9.5 31
9.76425e-005 10.5 9 32
2.23748e-005 10 9.5 30.5
5.96922e-005 11 8.5 33.5
7.21018e-005 11 8.5 34
2.68493e-005 11 9 34
2.95328e-005 11 9 33
2.89732e-005 10.5 9.5 33
7.03686e-005 10.5 9.5 32
2.06176e-005 10.5 9.5 31.5
5.47859e-005 10.5 9.5 32.5
5.09261e-005 11 9 33.5
2.73559e-005 11 8.5 34.5
6.51841e-005 11 8 34.5
3.87397e-005 11 7.5 35
0.0003193 10.5 7.5 34
0.000143301 10.5 7.5 34.5
0.000306326 10.5 7 34
0.000151916 10.5 6.5 33.5
0.00111694 9.5 7 33
0.000621852 9.5 7 33.5
0.00148142 9.5 6.5 32
0.00289754 9 6.5 32
0.00148641 8 7 29.5
0.000407862 7.5 7 28.5
0.000501803 7.5 7 29
0.00296169 8 6.5 29.5
0.00337516 8 6.5 30
0.00104828 7.5 6.5 28.5
0.00158598 7.5 6.5 29
0.00503706 8 6 30
0.0056013 8 6 30.5
0.00314739 7.5 6 29
0.00398071 7.5 6 29.5
0.00411422 7.5 6 30
0.00611932 8 5.5 30.5
0.00636036 8 5.5 31
0.00457233 8 5.5 31.5
0.00566107 7.5 5.5 29.5
0.00660282 7.5 5.5 30
0.0068238 7.5 5 30
0.00748563 7.5 5 30.5
0.00592504 7.5 5 31
0.00520074 7 5 29
0.00640819 7 5 29.5
0.00484426 7 5 30.5
0.00263186 7 5 31
0.00654775 7.5 4.5 31
0.00500571 7.5 4.5 31.5
0.00698137 7 4.5 30
0.00652094 7 4.5 30.5
0.00459492 6.5 4.5 30
0.00290976 6.5 4.5 30.5
